#c 0 0 0 0 0 1 1 1 1 1 2 2 2 2 2 3 3 3 3 3 4 4 4 4 5 5 5 5 5 6 6 6 6 6 7 7 7 7 7 8 8 8 8 9 9 9 9 9 10 10 10 10 10 11 11 11 11 11 12 12 12 12
1 1 1 0
1 1 2 1
1 1 3 2
1 1 3 0
1 1 3 1
1 1 4 2
1 1 4 0
1 1 4 3
1 1 5 2
1 1 5 0
1 1 5 4
1 1 5 3
1 1 5 1
1 1 6 2
1 1 6 0
1 1 6 4
1 1 8 7
1 1 8 7
1 1 9 7
1 1 9 8
1 1 10 7
1 1 10 9
1 1 10 8
1 1 10 7
1 1 11 7
1 1 11 9
1 1 12 7
1 1 12 11
1 1 12 9
1 1 12 8
1 1 13 7
1 1 15 14
1 1 16 15
1 1 16 14
1 1 17 15
1 1 17 16
1 1 17 14
1 1 18 15
1 1 18 16
1 1 18 17
1 1 18 14
1 1 19 15
1 1 19 16
1 1 19 17
1 1 20 15
1 1 20 16
1 1 20 19
1 1 20 17
1 1 22 21
1 1 23 22
1 1 24 23
1 1 24 21
1 1 25 23
1 1 25 24
1 1 25 21
1 1 26 23
1 1 27 26
1 1 29 28
1 1 30 29
1 1 30 28
1 1 13 2
1 1 13 1
1 1 13 5
1 1 13 3
1 1 7 3
1 1 7 4
1 1 7 6
1 1 10 6
1 1 8 6
1 1 12 6
1 1 9 6
1 1 11 6
1 1 11 0
1 1 27 15
1 1 26 15
1 1 23 15
1 1 23 14
1 1 23 18
1 1 22 18
1 1 22 17
1 1 21 17
1 1 21 20
1 1 21 19
1 1 21 16
1 1 27 2
1 1 26 2
1 1 15 2
1 1 14 2
1 1 23 2
1 1 23 1
1 1 23 5
1 1 18 5
1 1 22 5
1 1 22 13
1 1 22 3
1 1 22 4
1 1 17 4
1 1 17 7
1 1 20 7
1 1 19 7
1 1 19 10
1 1 16 10
1 1 16 8
1 1 16 12
1 1 16 9
1 1 16 6
1 1 16 11
1 1 21 11
1 1 25 11
1 1 24 11
1 1 29 27
1 1 29 26
1 1 29 15
1 1 29 14
1 1 29 2
1 1 29 1
1 1 29 23
1 1 29 18
1 1 29 5
1 1 28 5
1 1 28 13
1 1 28 3
1 1 28 22
1 1 28 4
1 1 28 17
1 1 28 20
1 1 28 7
1 1 28 19
1 1 28 10
1 1 28 8
1 1 28 12
1 1 28 9
1 1 28 6
1 1 28 16
1 1 28 21
1 1 28 25
1 1 30 25
1 1 30 24
1 1 30 11
1 1 32 31
1 1 32 31
1 1 33 31
1 1 33 32
1 1 34 31
1 1 34 33
1 1 35 31
1 1 35 34
1 1 35 33
1 1 35 32
1 1 36 31
1 1 36 34
1 1 36 33
1 1 36 35
1 1 37 31
1 1 37 34
1 1 39 38
1 1 40 39
1 1 40 38
1 1 40 39
1 1 41 39
1 1 41 38
1 1 41 40
1 1 42 39
1 1 43 42
1 1 43 38
1 1 43 41
1 1 44 42
1 1 44 38
1 1 46 45
1 1 46 45
1 1 47 45
1 1 47 46
1 1 47 45
1 1 48 45
1 1 48 46
1 1 48 47
1 1 48 45
1 1 49 45
1 1 49 46
1 1 50 45
1 1 50 49
1 1 50 46
1 1 50 47
1 1 50 48
1 1 51 45
1 1 51 49
1 1 51 46
1 1 53 52
1 1 54 53
1 1 54 52
1 1 54 53
1 1 55 53
1 1 56 55
1 1 56 52
1 1 56 54
1 1 57 55
1 1 57 52
1 1 57 56
1 1 57 54
1 1 57 53
1 1 57 55
1 1 58 55
1 1 58 52
1 1 58 56
1 1 60 59
1 1 60 59
1 1 61 59
1 1 61 60
1 1 61 59
1 1 42 31
1 1 42 32
1 1 42 35
1 1 39 35
1 1 40 35
1 1 40 36
1 1 41 36
1 1 43 36
1 1 43 33
1 1 43 34
1 1 43 37
1 1 55 45
1 1 55 48
1 1 57 48
1 1 53 48
1 1 53 50
1 1 53 47
1 1 54 47
1 1 56 47
1 1 56 46
1 1 58 46
1 1 58 51
1 1 58 49
1 1 52 49
1 1 45 31
1 1 45 32
1 1 55 32
1 1 55 42
1 1 55 39
1 1 57 39
1 1 57 35
1 1 48 35
1 1 48 40
1 1 50 40
1 1 50 41
1 1 50 36
1 1 53 36
1 1 53 33
1 1 54 33
1 1 54 34
1 1 54 37
1 1 54 43
1 1 47 43
1 1 56 43
1 1 46 43
1 1 51 43
1 1 51 38
1 1 51 44
1 1 58 44
1 1 49 44
1 1 52 44
1 1 59 31
1 1 59 45
1 1 59 32
1 1 59 42
1 1 59 55
1 1 61 55
1 1 61 39
1 1 61 57
1 1 60 57
1 1 60 35
1 1 60 48
1 1 60 40
1 1 60 41
1 1 60 50
1 1 60 36
1 1 60 53
1 1 60 33
1 1 60 34
1 1 60 37
1 1 60 54
1 1 60 47
1 1 60 56
1 1 60 46
1 1 60 43
1 1 60 38
1 1 60 51
1 1 60 58
1 1 60 49
1 1 60 52
1 1 31 27
1 1 45 27
1 1 45 26
1 1 45 15
1 1 45 14
1 1 32 14
1 1 32 2
1 1 32 1
1 1 42 1
1 1 59 1
1 1 59 23
1 1 55 23
1 1 39 23
1 1 61 23
1 1 61 18
1 1 57 18
1 1 35 18
1 1 35 29
1 1 48 29
1 1 40 29
1 1 40 5
1 1 40 13
1 1 41 13
1 1 41 3
1 1 50 3
1 1 36 3
1 1 36 22
1 1 36 4
1 1 36 17
1 1 36 20
1 1 53 20
1 1 53 7
1 1 53 19
1 1 53 10
1 1 33 10
1 1 33 8
1 1 33 12
1 1 34 12
1 1 37 12
1 1 54 12
1 1 47 12
1 1 56 12
1 1 46 12
1 1 46 9
1 1 46 6
1 1 46 16
1 1 46 21
1 1 43 21
1 1 38 21
1 1 38 28
1 1 51 28
1 1 51 25
1 1 51 24
1 1 58 24
1 1 58 30
1 1 49 30
1 1 60 30
1 1 52 30
1 1 52 11
1 1 52 0
4 4 1 2 3 4 20 21 22 23
# i, ga, gb, res: 0 0 4 -1
#c 0 0 0 0 0 1 1 1 1 1 2 2 2 2 2 3 3 3 3 3 4 4 4 4 5 5 5 5 5 6 6 6 6 6 7 7 7 7 7 8 8 8 8 9 9 9 9 9 10 10 10 10 10 11 11 11 11 11 12 12 12 12
4 5 0 2 3 4 24 25 26 27 28
# i, ga, gb, res: 1 0 5 -1
#c 0 0 0 0 0 1 1 1 1 1 2 2 2 2 2 3 3 3 3 3 4 4 4 4 5 5 5 5 5 6 6 6 6 6 7 7 7 7 7 8 8 8 8 9 9 9 9 9 10 10 10 10 10 11 11 11 11 11 12 12 12 12
4 5 0 1 3 4 48 49 50 51 52
# i, ga, gb, res: 2 0 10 -1
#c 0 0 0 0 0 1 1 1 1 1 2 2 2 2 2 3 3 3 3 3 4 4 4 4 5 5 5 5 5 6 6 6 6 6 7 7 7 7 7 8 8 8 8 9 9 9 9 9 10 10 10 10 10 11 11 11 11 11 12 12 12 12
4 5 0 1 2 4 48 49 50 51 52
# i, ga, gb, res: 3 0 10 -1
#c 0 0 0 0 0 1 1 1 1 1 2 2 2 2 2 3 3 3 3 3 4 4 4 4 5 5 5 5 5 6 6 6 6 6 7 7 7 7 7 8 8 8 8 9 9 9 9 9 10 10 10 10 10 11 11 11 11 11 12 12 12 12
4 5 0 1 2 3 10 11 12 13 14
# i, ga, gb, res: 4 0 2 -1
#c 0 0 0 0 0 1 1 1 1 1 2 2 2 2 2 3 3 3 3 3 4 4 4 4 5 5 5 5 5 6 6 6 6 6 7 7 7 7 7 8 8 8 8 9 9 9 9 9 10 10 10 10 10 11 11 11 11 11 12 12 12 12
4 5 6 7 8 9 53 54 55 56 57
# i, ga, gb, res: 5 1 11 1
#c 0 0 0 0 0 11 1 1 1 1 2 2 2 2 2 3 3 3 3 3 4 4 4 4 5 5 5 5 5 6 6 6 6 6 7 7 7 7 7 8 8 8 8 9 9 9 9 9 10 10 10 10 10 11 11 11 11 11 12 12 12 12
3 5 7 8 9 24 25 26 27 28
# i, ga, gb, res: 6 1 5 -1
#c 0 0 0 0 0 11 1 1 1 1 2 2 2 2 2 3 3 3 3 3 4 4 4 4 5 5 5 5 5 6 6 6 6 6 7 7 7 7 7 8 8 8 8 9 9 9 9 9 10 10 10 10 10 11 11 11 11 11 12 12 12 12
3 4 6 8 9 20 21 22 23
# i, ga, gb, res: 7 1 4 1
#c 0 0 0 0 0 11 1 4 1 1 2 2 2 2 2 3 3 3 3 3 4 4 4 4 5 5 5 5 5 6 6 6 6 6 7 7 7 7 7 8 8 8 8 9 9 9 9 9 10 10 10 10 10 11 11 11 11 11 12 12 12 12
2 5 6 9 43 44 45 46 47
# i, ga, gb, res: 8 1 9 -1
#c 0 0 0 0 0 11 1 4 1 1 2 2 2 2 2 3 3 3 3 3 4 4 4 4 5 5 5 5 5 6 6 6 6 6 7 7 7 7 7 8 8 8 8 9 9 9 9 9 10 10 10 10 10 11 11 11 11 11 12 12 12 12
2 4 6 8 39 40 41 42
# i, ga, gb, res: 9 1 8 1
#c 0 0 0 0 0 11 1 4 1 8 2 2 2 2 2 3 3 3 3 3 4 4 4 4 5 5 5 5 5 6 6 6 6 6 7 7 7 7 7 8 8 8 8 9 9 9 9 9 10 10 10 10 10 11 11 11 11 11 12 12 12 12
4 5 11 12 13 14 43 44 45 46 47
# i, ga, gb, res: 10 2 9 -1
#c 0 0 0 0 0 11 1 4 1 8 2 2 2 2 2 3 3 3 3 3 4 4 4 4 5 5 5 5 5 6 6 6 6 6 7 7 7 7 7 8 8 8 8 9 9 9 9 9 10 10 10 10 10 11 11 11 11 11 12 12 12 12
4 5 10 12 13 14 29 30 31 32 33
# i, ga, gb, res: 11 2 6 -1
#c 0 0 0 0 0 11 1 4 1 8 2 2 2 2 2 3 3 3 3 3 4 4 4 4 5 5 5 5 5 6 6 6 6 6 7 7 7 7 7 8 8 8 8 9 9 9 9 9 10 10 10 10 10 11 11 11 11 11 12 12 12 12
4 2 10 11 13 14 6 8
# i, ga, gb, res: 12 2 1 1
#c 0 0 0 0 0 11 1 4 1 8 2 2 1 2 2 3 3 3 3 3 4 4 4 4 5 5 5 5 5 6 6 6 6 6 7 7 7 7 7 8 8 8 8 9 9 9 9 9 10 10 10 10 10 11 11 11 11 11 12 12 12 12
3 5 10 11 14 24 25 26 27 28
# i, ga, gb, res: 13 2 5 -1
#c 0 0 0 0 0 11 1 4 1 8 2 2 1 2 2 3 3 3 3 3 4 4 4 4 5 5 5 5 5 6 6 6 6 6 7 7 7 7 7 8 8 8 8 9 9 9 9 9 10 10 10 10 10 11 11 11 11 11 12 12 12 12
3 5 10 11 13 29 30 31 32 33
# i, ga, gb, res: 14 2 6 1
#c 0 0 0 0 0 11 1 4 1 8 2 2 1 2 6 3 3 3 3 3 4 4 4 4 5 5 5 5 5 6 6 6 6 6 7 7 7 7 7 8 8 8 8 9 9 9 9 9 10 10 10 10 10 11 11 11 11 11 12 12 12 12
4 5 16 17 18 19 9 39 40 41 42
# i, ga, gb, res: 15 3 8 1
#c 0 0 0 0 0 11 1 4 1 8 2 2 1 2 6 8 3 3 3 3 4 4 4 4 5 5 5 5 5 6 6 6 6 6 7 7 7 7 7 8 8 8 8 9 9 9 9 9 10 10 10 10 10 11 11 11 11 11 12 12 12 12
3 3 17 18 19 10 11 13
# i, ga, gb, res: 16 3 2 -1
#c 0 0 0 0 0 11 1 4 1 8 2 2 1 2 6 8 3 3 3 3 4 4 4 4 5 5 5 5 5 6 6 6 6 6 7 7 7 7 7 8 8 8 8 9 9 9 9 9 10 10 10 10 10 11 11 11 11 11 12 12 12 12
3 6 16 18 19 9 15 39 40 41 42
# i, ga, gb, res: 17 3 8 -1
#c 0 0 0 0 0 11 1 4 1 8 2 2 1 2 6 8 3 3 3 3 4 4 4 4 5 5 5 5 5 6 6 6 6 6 7 7 7 7 7 8 8 8 8 9 9 9 9 9 10 10 10 10 10 11 11 11 11 11 12 12 12 12
3 5 16 17 19 43 44 45 46 47
# i, ga, gb, res: 18 3 9 -1
#c 0 0 0 0 0 11 1 4 1 8 2 2 1 2 6 8 3 3 3 3 4 4 4 4 5 5 5 5 5 6 6 6 6 6 7 7 7 7 7 8 8 8 8 9 9 9 9 9 10 10 10 10 10 11 11 11 11 11 12 12 12 12
3 3 16 17 18 6 8 12
# i, ga, gb, res: 19 3 1 -1
#c 0 0 0 0 0 11 1 4 1 8 2 2 1 2 6 8 3 3 3 3 4 4 4 4 5 5 5 5 5 6 6 6 6 6 7 7 7 7 7 8 8 8 8 9 9 9 9 9 10 10 10 10 10 11 11 11 11 11 12 12 12 12
4 5 7 21 22 23 48 49 50 51 52
# i, ga, gb, res: 20 4 10 -1
#c 0 0 0 0 0 11 1 4 1 8 2 2 1 2 6 8 3 3 3 3 4 4 4 4 5 5 5 5 5 6 6 6 6 6 7 7 7 7 7 8 8 8 8 9 9 9 9 9 10 10 10 10 10 11 11 11 11 11 12 12 12 12
4 6 7 20 22 23 14 29 30 31 32 33
# i, ga, gb, res: 21 4 6 -1
#c 0 0 0 0 0 11 1 4 1 8 2 2 1 2 6 8 3 3 3 3 4 4 4 4 5 5 5 5 5 6 6 6 6 6 7 7 7 7 7 8 8 8 8 9 9 9 9 9 10 10 10 10 10 11 11 11 11 11 12 12 12 12
4 6 7 20 21 23 9 15 39 40 41 42
# i, ga, gb, res: 22 4 8 1
#c 0 0 0 0 0 11 1 4 1 8 2 2 1 2 6 8 3 3 3 3 4 4 8 4 5 5 5 5 5 6 6 6 6 6 7 7 7 7 7 8 8 8 8 9 9 9 9 9 10 10 10 10 10 11 11 11 11 11 12 12 12 12
3 3 7 20 21 6 8 12
# i, ga, gb, res: 23 4 1 -1
#c 0 0 0 0 0 11 1 4 1 8 2 2 1 2 6 8 3 3 3 3 4 4 8 4 5 5 5 5 5 6 6 6 6 6 7 7 7 7 7 8 8 8 8 9 9 9 9 9 10 10 10 10 10 11 11 11 11 11 12 12 12 12
4 5 25 26 27 28 34 35 36 37 38
# i, ga, gb, res: 24 5 7 -1
#c 0 0 0 0 0 11 1 4 1 8 2 2 1 2 6 8 3 3 3 3 4 4 8 4 5 5 5 5 5 6 6 6 6 6 7 7 7 7 7 8 8 8 8 9 9 9 9 9 10 10 10 10 10 11 11 11 11 11 12 12 12 12
4 4 24 26 27 28 58 59 60 61
# i, ga, gb, res: 25 5 12 -1
#c 0 0 0 0 0 11 1 4 1 8 2 2 1 2 6 8 3 3 3 3 4 4 8 4 5 5 5 5 5 6 6 6 6 6 7 7 7 7 7 8 8 8 8 9 9 9 9 9 10 10 10 10 10 11 11 11 11 11 12 12 12 12
4 6 24 25 27 28 5 53 54 55 56 57
# i, ga, gb, res: 26 5 11 1
#c 0 0 0 0 0 11 1 4 1 8 2 2 1 2 6 8 3 3 3 3 4 4 8 4 5 5 11 5 5 6 6 6 6 6 7 7 7 7 7 8 8 8 8 9 9 9 9 9 10 10 10 10 10 11 11 11 11 11 12 12 12 12
3 3 24 25 28 10 11 13
# i, ga, gb, res: 27 5 2 1
#c 0 0 0 0 0 11 1 4 1 8 2 2 1 2 6 8 3 3 3 3 4 4 8 4 5 5 11 2 5 6 6 6 6 6 7 7 7 7 7 8 8 8 8 9 9 9 9 9 10 10 10 10 10 11 11 11 11 11 12 12 12 12
2 7 24 25 5 26 53 54 55 56 57
# i, ga, gb, res: 28 5 11 -1
#c 0 0 0 0 0 11 1 4 1 8 2 2 1 2 6 8 3 3 3 3 4 4 8 4 5 5 11 2 5 6 6 6 6 6 7 7 7 7 7 8 8 8 8 9 9 9 9 9 10 10 10 10 10 11 11 11 11 11 12 12 12 12
5 3 14 30 31 32 33 24 25 28
# i, ga, gb, res: 29 6 5 -1
#c 0 0 0 0 0 11 1 4 1 8 2 2 1 2 6 8 3 3 3 3 4 4 8 4 5 5 11 2 5 6 6 6 6 6 7 7 7 7 7 8 8 8 8 9 9 9 9 9 10 10 10 10 10 11 11 11 11 11 12 12 12 12
5 5 14 29 31 32 33 0 1 2 3 4
# i, ga, gb, res: 30 6 0 -1
#c 0 0 0 0 0 11 1 4 1 8 2 2 1 2 6 8 3 3 3 3 4 4 8 4 5 5 11 2 5 6 6 6 6 6 7 7 7 7 7 8 8 8 8 9 9 9 9 9 10 10 10 10 10 11 11 11 11 11 12 12 12 12
5 3 14 29 30 32 33 24 25 28
# i, ga, gb, res: 31 6 5 -1
#c 0 0 0 0 0 11 1 4 1 8 2 2 1 2 6 8 3 3 3 3 4 4 8 4 5 5 11 2 5 6 6 6 6 6 7 7 7 7 7 8 8 8 8 9 9 9 9 9 10 10 10 10 10 11 11 11 11 11 12 12 12 12
5 4 14 29 30 31 33 58 59 60 61
# i, ga, gb, res: 32 6 12 -1
#c 0 0 0 0 0 11 1 4 1 8 2 2 1 2 6 8 3 3 3 3 4 4 8 4 5 5 11 2 5 6 6 6 6 6 7 7 7 7 7 8 8 8 8 9 9 9 9 9 10 10 10 10 10 11 11 11 11 11 12 12 12 12
5 4 14 29 30 31 32 7 20 21 23
# i, ga, gb, res: 33 6 4 1
#c 0 0 0 0 0 11 1 4 1 8 2 2 1 2 6 8 3 3 3 3 4 4 8 4 5 5 11 2 5 6 6 6 6 4 7 7 7 7 7 8 8 8 8 9 9 9 9 9 10 10 10 10 10 11 11 11 11 11 12 12 12 12
4 3 35 36 37 38 6 8 12
# i, ga, gb, res: 34 7 1 1
#c 0 0 0 0 0 11 1 4 1 8 2 2 1 2 6 8 3 3 3 3 4 4 8 4 5 5 11 2 5 6 6 6 6 4 1 7 7 7 7 8 8 8 8 9 9 9 9 9 10 10 10 10 10 11 11 11 11 11 12 12 12 12
3 3 36 37 38 24 25 28
# i, ga, gb, res: 35 7 5 -1
#c 0 0 0 0 0 11 1 4 1 8 2 2 1 2 6 8 3 3 3 3 4 4 8 4 5 5 11 2 5 6 6 6 6 4 1 7 7 7 7 8 8 8 8 9 9 9 9 9 10 10 10 10 10 11 11 11 11 11 12 12 12 12
3 7 35 37 38 9 15 22 39 40 41 42
# i, ga, gb, res: 36 7 8 -1
#c 0 0 0 0 0 11 1 4 1 8 2 2 1 2 6 8 3 3 3 3 4 4 8 4 5 5 11 2 5 6 6 6 6 4 1 7 7 7 7 8 8 8 8 9 9 9 9 9 10 10 10 10 10 11 11 11 11 11 12 12 12 12
3 7 35 36 38 9 15 22 39 40 41 42
# i, ga, gb, res: 37 7 8 -1
#c 0 0 0 0 0 11 1 4 1 8 2 2 1 2 6 8 3 3 3 3 4 4 8 4 5 5 11 2 5 6 6 6 6 4 1 7 7 7 7 8 8 8 8 9 9 9 9 9 10 10 10 10 10 11 11 11 11 11 12 12 12 12
3 4 35 36 37 10 11 13 27
# i, ga, gb, res: 38 7 2 -1
#c 0 0 0 0 0 11 1 4 1 8 2 2 1 2 6 8 3 3 3 3 4 4 8 4 5 5 11 2 5 6 6 6 6 4 1 7 7 7 7 8 8 8 8 9 9 9 9 9 10 10 10 10 10 11 11 11 11 11 12 12 12 12
6 4 9 15 22 40 41 42 6 8 12 34
# i, ga, gb, res: 39 8 1 -1
#c 0 0 0 0 0 11 1 4 1 8 2 2 1 2 6 8 3 3 3 3 4 4 8 4 5 5 11 2 5 6 6 6 6 4 1 7 7 7 7 8 8 8 8 9 9 9 9 9 10 10 10 10 10 11 11 11 11 11 12 12 12 12
6 7 9 15 22 39 41 42 5 26 53 54 55 56 57
# i, ga, gb, res: 40 8 11 -1
#c 0 0 0 0 0 11 1 4 1 8 2 2 1 2 6 8 3 3 3 3 4 4 8 4 5 5 11 2 5 6 6 6 6 4 1 7 7 7 7 8 8 8 8 9 9 9 9 9 10 10 10 10 10 11 11 11 11 11 12 12 12 12
6 5 9 15 22 39 40 42 14 29 30 31 32
# i, ga, gb, res: 41 8 6 -1
#c 0 0 0 0 0 11 1 4 1 8 2 2 1 2 6 8 3 3 3 3 4 4 8 4 5 5 11 2 5 6 6 6 6 4 1 7 7 7 7 8 8 8 8 9 9 9 9 9 10 10 10 10 10 11 11 11 11 11 12 12 12 12
6 7 9 15 22 39 40 41 5 26 53 54 55 56 57
# i, ga, gb, res: 42 8 11 -1
#c 0 0 0 0 0 11 1 4 1 8 2 2 1 2 6 8 3 3 3 3 4 4 8 4 5 5 11 2 5 6 6 6 6 4 1 7 7 7 7 8 8 8 8 9 9 9 9 9 10 10 10 10 10 11 11 11 11 11 12 12 12 12
4 3 44 45 46 47 24 25 28
# i, ga, gb, res: 43 9 5 1
#c 0 0 0 0 0 11 1 4 1 8 2 2 1 2 6 8 3 3 3 3 4 4 8 4 5 5 11 2 5 6 6 6 6 4 1 7 7 7 7 8 8 8 8 5 9 9 9 9 10 10 10 10 10 11 11 11 11 11 12 12 12 12
3 5 45 46 47 48 49 50 51 52
# i, ga, gb, res: 44 9 10 -1
#c 0 0 0 0 0 11 1 4 1 8 2 2 1 2 6 8 3 3 3 3 4 4 8 4 5 5 11 2 5 6 6 6 6 4 1 7 7 7 7 8 8 8 8 5 9 9 9 9 10 10 10 10 10 11 11 11 11 11 12 12 12 12
3 4 44 46 47 6 8 12 34
# i, ga, gb, res: 45 9 1 1
#c 0 0 0 0 0 11 1 4 1 8 2 2 1 2 6 8 3 3 3 3 4 4 8 4 5 5 11 2 5 6 6 6 6 4 1 7 7 7 7 8 8 8 8 5 9 1 9 9 10 10 10 10 10 11 11 11 11 11 12 12 12 12
2 5 44 47 14 29 30 31 32
# i, ga, gb, res: 46 9 6 1
#c 0 0 0 0 0 11 1 4 1 8 2 2 1 2 6 8 3 3 3 3 4 4 8 4 5 5 11 2 5 6 6 6 6 4 1 7 7 7 7 8 8 8 8 5 9 1 6 9 10 10 10 10 10 11 11 11 11 11 12 12 12 12
1 5 44 48 49 50 51 52
# i, ga, gb, res: 47 9 10 -1
#c 0 0 0 0 0 11 1 4 1 8 2 2 1 2 6 8 3 3 3 3 4 4 8 4 5 5 11 2 5 6 6 6 6 4 1 7 7 7 7 8 8 8 8 5 9 1 6 9 10 10 10 10 10 11 11 11 11 11 12 12 12 12
4 4 49 50 51 52 58 59 60 61
# i, ga, gb, res: 48 10 12 1
#c 0 0 0 0 0 11 1 4 1 8 2 2 1 2 6 8 3 3 3 3 4 4 8 4 5 5 11 2 5 6 6 6 6 4 1 7 7 7 7 8 8 8 8 5 9 1 6 9 12 10 10 10 10 11 11 11 11 11 12 12 12 12
3 5 50 51 52 48 58 59 60 61
# i, ga, gb, res: 49 10 12 1
#c 0 0 0 0 0 11 1 4 1 8 2 2 1 2 6 8 3 3 3 3 4 4 8 4 5 5 11 2 5 6 6 6 6 4 1 7 7 7 7 8 8 8 8 5 9 1 6 9 12 12 10 10 10 11 11 11 11 11 12 12 12 12
2 7 51 52 9 15 22 39 40 41 42
# i, ga, gb, res: 50 10 8 1
#c 0 0 0 0 0 11 1 4 1 8 2 2 1 2 6 8 3 3 3 3 4 4 8 4 5 5 11 2 5 6 6 6 6 4 1 7 7 7 7 8 8 8 8 5 9 1 6 9 12 12 8 10 10 11 11 11 11 11 12 12 12 12
1 4 52 16 17 18 19
# i, ga, gb, res: 51 10 3 1
#c 0 0 0 0 0 11 1 4 1 8 2 2 1 2 6 8 3 3 3 3 4 4 8 4 5 5 11 2 5 6 6 6 6 4 1 7 7 7 7 8 8 8 8 5 9 1 6 9 12 12 8 3 10 11 11 11 11 11 12 12 12 12
# i, ga, gb, res: 52 10 3 -1
#c 0 0 0 0 0 11 1 4 1 8 2 2 1 2 6 8 3 3 3 3 4 4 8 4 5 5 11 2 5 6 6 6 6 4 1 7 7 7 7 8 8 8 8 5 9 1 6 9 12 12 8 3 10 11 11 11 11 11 12 12 12 12
6 4 5 26 54 55 56 57 35 36 37 38
# i, ga, gb, res: 53 11 7 -1
#c 0 0 0 0 0 11 1 4 1 8 2 2 1 2 6 8 3 3 3 3 4 4 8 4 5 5 11 2 5 6 6 6 6 4 1 7 7 7 7 8 8 8 8 5 9 1 6 9 12 12 8 3 10 11 11 11 11 11 12 12 12 12
6 4 5 26 53 55 56 57 10 11 13 27
# i, ga, gb, res: 54 11 2 -1
#c 0 0 0 0 0 11 1 4 1 8 2 2 1 2 6 8 3 3 3 3 4 4 8 4 5 5 11 2 5 6 6 6 6 4 1 7 7 7 7 8 8 8 8 5 9 1 6 9 12 12 8 3 10 11 11 11 11 11 12 12 12 12
6 5 5 26 53 54 56 57 16 17 18 19 51
# i, ga, gb, res: 55 11 3 -1
#c 0 0 0 0 0 11 1 4 1 8 2 2 1 2 6 8 3 3 3 3 4 4 8 4 5 5 11 2 5 6 6 6 6 4 1 7 7 7 7 8 8 8 8 5 9 1 6 9 12 12 8 3 10 11 11 11 11 11 12 12 12 12
6 5 5 26 53 54 55 57 0 1 2 3 4
# i, ga, gb, res: 56 11 0 -1
#c 0 0 0 0 0 11 1 4 1 8 2 2 1 2 6 8 3 3 3 3 4 4 8 4 5 5 11 2 5 6 6 6 6 4 1 7 7 7 7 8 8 8 8 5 9 1 6 9 12 12 8 3 10 11 11 11 11 11 12 12 12 12
6 2 5 26 53 54 55 56 44 47
# i, ga, gb, res: 57 11 9 -1
#c 0 0 0 0 0 11 1 4 1 8 2 2 1 2 6 8 3 3 3 3 4 4 8 4 5 5 11 2 5 6 6 6 6 4 1 7 7 7 7 8 8 8 8 5 9 1 6 9 12 12 8 3 10 11 11 11 11 11 12 12 12 12
5 2 48 49 59 60 61 44 47
# i, ga, gb, res: 58 12 9 1
#c 0 0 0 0 0 11 1 4 1 8 2 2 1 2 6 8 3 3 3 3 4 4 8 4 5 5 11 2 5 6 6 6 6 4 1 7 7 7 7 8 8 8 8 5 9 1 6 9 12 12 8 3 10 11 11 11 11 11 9 12 12 12
4 8 48 49 60 61 9 15 22 39 40 41 42 50
# i, ga, gb, res: 59 12 8 1
#c 0 0 0 0 0 11 1 4 1 8 2 2 1 2 6 8 3 3 3 3 4 4 8 4 5 5 11 2 5 6 6 6 6 4 1 7 7 7 7 8 8 8 8 5 9 1 6 9 12 12 8 3 10 11 11 11 11 11 9 8 12 12
3 5 48 49 61 7 20 21 23 33
# i, ga, gb, res: 60 12 4 -1
#c 0 0 0 0 0 11 1 4 1 8 2 2 1 2 6 8 3 3 3 3 4 4 8 4 5 5 11 2 5 6 6 6 6 4 1 7 7 7 7 8 8 8 8 5 9 1 6 9 12 12 8 3 10 11 11 11 11 11 9 8 12 12
3 5 48 49 60 7 20 21 23 33
# i, ga, gb, res: 61 12 4 1
#c 0 0 0 0 0 11 1 4 1 8 2 2 1 2 6 8 3 3 3 3 4 4 8 4 5 5 11 2 5 6 6 6 6 4 1 7 7 7 7 8 8 8 8 5 9 1 6 9 12 12 8 3 10 11 11 11 11 11 9 8 12 4
4 3 1 2 3 4 48 49 60
# i, ga, gb, res: 0 0 12 -1
#c 0 0 0 0 0 11 1 4 1 8 2 2 1 2 6 8 3 3 3 3 4 4 8 4 5 5 11 2 5 6 6 6 6 4 1 7 7 7 7 8 8 8 8 5 9 1 6 9 12 12 8 3 10 11 11 11 11 11 9 8 12 4
4 3 0 2 3 4 48 49 60
# i, ga, gb, res: 1 0 12 -1
#c 0 0 0 0 0 11 1 4 1 8 2 2 1 2 6 8 3 3 3 3 4 4 8 4 5 5 11 2 5 6 6 6 6 4 1 7 7 7 7 8 8 8 8 5 9 1 6 9 12 12 8 3 10 11 11 11 11 11 9 8 12 4
4 7 0 1 3 4 5 26 53 54 55 56 57
# i, ga, gb, res: 2 0 11 1
#c 0 0 11 0 0 11 1 4 1 8 2 2 1 2 6 8 3 3 3 3 4 4 8 4 5 5 11 2 5 6 6 6 6 4 1 7 7 7 7 8 8 8 8 5 9 1 6 9 12 12 8 3 10 11 11 11 11 11 9 8 12 4
3 5 0 1 4 6 8 12 34 45
# i, ga, gb, res: 3 0 1 -1
#c 0 0 11 0 0 11 1 4 1 8 2 2 1 2 6 8 3 3 3 3 4 4 8 4 5 5 11 2 5 6 6 6 6 4 1 7 7 7 7 8 8 8 8 5 9 1 6 9 12 12 8 3 10 11 11 11 11 11 9 8 12 4
3 6 0 1 3 7 20 21 23 33 61
# i, ga, gb, res: 4 0 4 -1
#c 0 0 11 0 0 11 1 4 1 8 2 2 1 2 6 8 3 3 3 3 4 4 8 4 5 5 11 2 5 6 6 6 6 4 1 7 7 7 7 8 8 8 8 5 9 1 6 9 12 12 8 3 10 11 11 11 11 11 9 8 12 4
7 3 2 26 53 54 55 56 57 44 47 58
# i, ga, gb, res: 5 11 9 -1
#c 0 0 11 0 0 11 1 4 1 8 2 2 1 2 6 8 3 3 3 3 4 4 8 4 5 5 11 2 5 6 6 6 6 4 1 7 7 7 7 8 8 8 8 5 9 1 6 9 12 12 8 3 10 11 11 11 11 11 9 8 12 4
4 5 8 12 34 45 16 17 18 19 51
# i, ga, gb, res: 6 1 3 -1
#c 0 0 11 0 0 11 1 4 1 8 2 2 1 2 6 8 3 3 3 3 4 4 8 4 5 5 11 2 5 6 6 6 6 4 1 7 7 7 7 8 8 8 8 5 9 1 6 9 12 12 8 3 10 11 11 11 11 11 9 8 12 4
5 4 20 21 23 33 61 35 36 37 38
# i, ga, gb, res: 7 4 7 1
#c 0 0 11 0 0 11 1 7 1 8 2 2 1 2 6 8 3 3 3 3 4 4 8 4 5 5 11 2 5 6 6 6 6 4 1 7 7 7 7 8 8 8 8 5 9 1 6 9 12 12 8 3 10 11 11 11 11 11 9 8 12 4
4 5 6 12 34 45 20 21 23 33 61
# i, ga, gb, res: 8 1 4 -1
#c 0 0 11 0 0 11 1 7 1 8 2 2 1 2 6 8 3 3 3 3 4 4 8 4 5 5 11 2 5 6 6 6 6 4 1 7 7 7 7 8 8 8 8 5 9 1 6 9 12 12 8 3 10 11 11 11 11 11 9 8 12 4
8 5 15 22 39 40 41 42 50 59 7 35 36 37 38
# i, ga, gb, res: 9 8 7 -1
#c 0 0 11 0 0 11 1 7 1 8 2 2 1 2 6 8 3 3 3 3 4 4 8 4 5 5 11 2 5 6 6 6 6 4 1 7 7 7 7 8 8 8 8 5 9 1 6 9 12 12 8 3 10 11 11 11 11 11 9 8 12 4
3 3 11 13 27 44 47 58
# i, ga, gb, res: 10 2 9 -1
#c 0 0 11 0 0 11 1 7 1 8 2 2 1 2 6 8 3 3 3 3 4 4 8 4 5 5 11 2 5 6 6 6 6 4 1 7 7 7 7 8 8 8 8 5 9 1 6 9 12 12 8 3 10 11 11 11 11 11 9 8 12 4
3 9 10 13 27 9 15 22 39 40 41 42 50 59
# i, ga, gb, res: 11 2 8 -1
#c 0 0 11 0 0 11 1 7 1 8 2 2 1 2 6 8 3 3 3 3 4 4 8 4 5 5 11 2 5 6 6 6 6 4 1 7 7 7 7 8 8 8 8 5 9 1 6 9 12 12 8 3 10 11 11 11 11 11 9 8 12 4
4 4 6 8 34 45 24 25 28 43
# i, ga, gb, res: 12 1 5 -1
#c 0 0 11 0 0 11 1 7 1 8 2 2 1 2 6 8 3 3 3 3 4 4 8 4 5 5 11 2 5 6 6 6 6 4 1 7 7 7 7 8 8 8 8 5 9 1 6 9 12 12 8 3 10 11 11 11 11 11 9 8 12 4
3 5 10 11 27 6 8 12 34 45
# i, ga, gb, res: 13 2 1 -1
#c 0 0 11 0 0 11 1 7 1 8 2 2 1 2 6 8 3 3 3 3 4 4 8 4 5 5 11 2 5 6 6 6 6 4 1 7 7 7 7 8 8 8 8 5 9 1 6 9 12 12 8 3 10 11 11 11 11 11 9 8 12 4
5 3 29 30 31 32 46 44 47 58
# i, ga, gb, res: 14 6 9 -1
#c 0 0 11 0 0 11 1 7 1 8 2 2 1 2 6 8 3 3 3 3 4 4 8 4 5 5 11 2 5 6 6 6 6 4 1 7 7 7 7 8 8 8 8 5 9 1 6 9 12 12 8 3 10 11 11 11 11 11 9 8 12 4
8 8 9 22 39 40 41 42 50 59 2 5 26 53 54 55 56 57
# i, ga, gb, res: 15 8 11 -1
#c 0 0 11 0 0 11 1 7 1 8 2 2 1 2 6 8 3 3 3 3 4 4 8 4 5 5 11 2 5 6 6 6 6 4 1 7 7 7 7 8 8 8 8 5 9 1 6 9 12 12 8 3 10 11 11 11 11 11 9 8 12 4
4 9 17 18 19 51 9 15 22 39 40 41 42 50 59
# i, ga, gb, res: 16 3 8 -1
#c 0 0 11 0 0 11 1 7 1 8 2 2 1 2 6 8 3 3 3 3 4 4 8 4 5 5 11 2 5 6 6 6 6 4 1 7 7 7 7 8 8 8 8 5 9 1 6 9 12 12 8 3 10 11 11 11 11 11 9 8 12 4
4 4 16 18 19 51 0 1 3 4
# i, ga, gb, res: 17 3 0 -1
#c 0 0 11 0 0 11 1 7 1 8 2 2 1 2 6 8 3 3 3 3 4 4 8 4 5 5 11 2 5 6 6 6 6 4 1 7 7 7 7 8 8 8 8 5 9 1 6 9 12 12 8 3 10 11 11 11 11 11 9 8 12 4
4 5 16 17 19 51 6 8 12 34 45
# i, ga, gb, res: 18 3 1 1
#c 0 0 11 0 0 11 1 7 1 8 2 2 1 2 6 8 3 3 1 3 4 4 8 4 5 5 11 2 5 6 6 6 6 4 1 7 7 7 7 8 8 8 8 5 9 1 6 9 12 12 8 3 10 11 11 11 11 11 9 8 12 4
3 5 16 17 51 20 21 23 33 61
# i, ga, gb, res: 19 3 4 1
#c 0 0 11 0 0 11 1 7 1 8 2 2 1 2 6 8 3 3 1 4 4 4 8 4 5 5 11 2 5 6 6 6 6 4 1 7 7 7 7 8 8 8 8 5 9 1 6 9 12 12 8 3 10 11 11 11 11 11 9 8 12 4
5 5 19 21 23 33 61 7 35 36 37 38
# i, ga, gb, res: 20 4 7 -1
#c 0 0 11 0 0 11 1 7 1 8 2 2 1 2 6 8 3 3 1 4 4 4 8 4 5 5 11 2 5 6 6 6 6 4 1 7 7 7 7 8 8 8 8 5 9 1 6 9 12 12 8 3 10 11 11 11 11 11 9 8 12 4
5 4 19 20 23 33 61 10 11 13 27
# i, ga, gb, res: 21 4 2 -1
#c 0 0 11 0 0 11 1 7 1 8 2 2 1 2 6 8 3 3 1 4 4 4 8 4 5 5 11 2 5 6 6 6 6 4 1 7 7 7 7 8 8 8 8 5 9 1 6 9 12 12 8 3 10 11 11 11 11 11 9 8 12 4
8 6 9 15 39 40 41 42 50 59 14 29 30 31 32 46
# i, ga, gb, res: 22 8 6 -1
#c 0 0 11 0 0 11 1 7 1 8 2 2 1 2 6 8 3 3 1 4 4 4 8 4 5 5 11 2 5 6 6 6 6 4 1 7 7 7 7 8 8 8 8 5 9 1 6 9 12 12 8 3 10 11 11 11 11 11 9 8 12 4
5 4 19 20 21 33 61 10 11 13 27
# i, ga, gb, res: 23 4 2 -1
#c 0 0 11 0 0 11 1 7 1 8 2 2 1 2 6 8 3 3 1 4 4 4 8 4 5 5 11 2 5 6 6 6 6 4 1 7 7 7 7 8 8 8 8 5 9 1 6 9 12 12 8 3 10 11 11 11 11 11 9 8 12 4
3 4 25 28 43 10 11 13 27
# i, ga, gb, res: 24 5 2 1
#c 0 0 11 0 0 11 1 7 1 8 2 2 1 2 6 8 3 3 1 4 4 4 8 4 2 5 11 2 5 6 6 6 6 4 1 7 7 7 7 8 8 8 8 5 9 1 6 9 12 12 8 3 10 11 11 11 11 11 9 8 12 4
2 3 28 43 16 17 51
# i, ga, gb, res: 25 5 3 -1
#c 0 0 11 0 0 11 1 7 1 8 2 2 1 2 6 8 3 3 1 4 4 4 8 4 2 5 11 2 5 6 6 6 6 4 1 7 7 7 7 8 8 8 8 5 9 1 6 9 12 12 8 3 10 11 11 11 11 11 9 8 12 4
7 1 2 5 53 54 55 56 57 52
# i, ga, gb, res: 26 11 10 1
#c 0 0 11 0 0 11 1 7 1 8 2 2 1 2 6 8 3 3 1 4 4 4 8 4 2 5 10 2 5 6 6 6 6 4 1 7 7 7 7 8 8 8 8 5 9 1 6 9 12 12 8 3 10 11 11 11 11 11 9 8 12 4
4 5 10 11 13 24 7 35 36 37 38
# i, ga, gb, res: 27 2 7 1
#c 0 0 11 0 0 11 1 7 1 8 2 2 1 2 6 8 3 3 1 4 4 4 8 4 2 5 10 7 5 6 6 6 6 4 1 7 7 7 7 8 8 8 8 5 9 1 6 9 12 12 8 3 10 11 11 11 11 11 9 8 12 4
2 2 25 43 26 52
# i, ga, gb, res: 28 5 10 -1
#c 0 0 11 0 0 11 1 7 1 8 2 2 1 2 6 8 3 3 1 4 4 4 8 4 2 5 10 7 5 6 6 6 6 4 1 7 7 7 7 8 8 8 8 5 9 1 6 9 12 12 8 3 10 11 11 11 11 11 9 8 12 4
5 7 14 30 31 32 46 2 5 53 54 55 56 57
# i, ga, gb, res: 29 6 11 1
#c 0 0 11 0 0 11 1 7 1 8 2 2 1 2 6 8 3 3 1 4 4 4 8 4 2 5 10 7 5 11 6 6 6 4 1 7 7 7 7 8 8 8 8 5 9 1 6 9 12 12 8 3 10 11 11 11 11 11 9 8 12 4
4 3 14 31 32 46 16 17 51
# i, ga, gb, res: 30 6 3 -1
#c 0 0 11 0 0 11 1 7 1 8 2 2 1 2 6 8 3 3 1 4 4 4 8 4 2 5 10 7 5 11 6 6 6 4 1 7 7 7 7 8 8 8 8 5 9 1 6 9 12 12 8 3 10 11 11 11 11 11 9 8 12 4
4 4 14 30 32 46 0 1 3 4
# i, ga, gb, res: 31 6 0 -1
#c 0 0 11 0 0 11 1 7 1 8 2 2 1 2 6 8 3 3 1 4 4 4 8 4 2 5 10 7 5 11 6 6 6 4 1 7 7 7 7 8 8 8 8 5 9 1 6 9 12 12 8 3 10 11 11 11 11 11 9 8 12 4
4 3 14 30 31 46 25 28 43
# i, ga, gb, res: 32 6 5 -1
#c 0 0 11 0 0 11 1 7 1 8 2 2 1 2 6 8 3 3 1 4 4 4 8 4 2 5 10 7 5 11 6 6 6 4 1 7 7 7 7 8 8 8 8 5 9 1 6 9 12 12 8 3 10 11 11 11 11 11 9 8 12 4
5 4 19 20 21 23 61 10 11 13 24
# i, ga, gb, res: 33 4 2 -1
#c 0 0 11 0 0 11 1 7 1 8 2 2 1 2 6 8 3 3 1 4 4 4 8 4 2 5 10 7 5 11 6 6 6 4 1 7 7 7 7 8 8 8 8 5 9 1 6 9 12 12 8 3 10 11 11 11 11 11 9 8 12 4
5 3 6 8 12 18 45 48 49 60
# i, ga, gb, res: 34 1 12 -1
#c 0 0 11 0 0 11 1 7 1 8 2 2 1 2 6 8 3 3 1 4 4 4 8 4 2 5 10 7 5 11 6 6 6 4 1 7 7 7 7 8 8 8 8 5 9 1 6 9 12 12 8 3 10 11 11 11 11 11 9 8 12 4
5 5 7 27 36 37 38 14 30 31 32 46
# i, ga, gb, res: 35 7 6 -1
#c 0 0 11 0 0 11 1 7 1 8 2 2 1 2 6 8 3 3 1 4 4 4 8 4 2 5 10 7 5 11 6 6 6 4 1 7 7 7 7 8 8 8 8 5 9 1 6 9 12 12 8 3 10 11 11 11 11 11 9 8 12 4
5 6 7 27 35 37 38 6 8 12 18 34 45
# i, ga, gb, res: 36 7 1 -1
#c 0 0 11 0 0 11 1 7 1 8 2 2 1 2 6 8 3 3 1 4 4 4 8 4 2 5 10 7 5 11 6 6 6 4 1 7 7 7 7 8 8 8 8 5 9 1 6 9 12 12 8 3 10 11 11 11 11 11 9 8 12 4
5 8 7 27 35 36 38 2 5 29 53 54 55 56 57
# i, ga, gb, res: 37 7 11 -1
#c 0 0 11 0 0 11 1 7 1 8 2 2 1 2 6 8 3 3 1 4 4 4 8 4 2 5 10 7 5 11 6 6 6 4 1 7 7 7 7 8 8 8 8 5 9 1 6 9 12 12 8 3 10 11 11 11 11 11 9 8 12 4
5 8 7 27 35 36 37 2 5 29 53 54 55 56 57
# i, ga, gb, res: 38 7 11 -1
#c 0 0 11 0 0 11 1 7 1 8 2 2 1 2 6 8 3 3 1 4 4 4 8 4 2 5 10 7 5 11 6 6 6 4 1 7 7 7 7 8 8 8 8 5 9 1 6 9 12 12 8 3 10 11 11 11 11 11 9 8 12 4
8 5 9 15 22 40 41 42 50 59 14 30 31 32 46
# i, ga, gb, res: 39 8 6 -1
#c 0 0 11 0 0 11 1 7 1 8 2 2 1 2 6 8 3 3 1 4 4 4 8 4 2 5 10 7 5 11 6 6 6 4 1 7 7 7 7 8 8 8 8 5 9 1 6 9 12 12 8 3 10 11 11 11 11 11 9 8 12 4
8 3 9 15 22 39 41 42 50 59 48 49 60
# i, ga, gb, res: 40 8 12 -1
#c 0 0 11 0 0 11 1 7 1 8 2 2 1 2 6 8 3 3 1 4 4 4 8 4 2 5 10 7 5 11 6 6 6 4 1 7 7 7 7 8 8 8 8 5 9 1 6 9 12 12 8 3 10 11 11 11 11 11 9 8 12 4
8 6 9 15 22 39 40 42 50 59 7 27 35 36 37 38
# i, ga, gb, res: 41 8 7 -1
#c 0 0 11 0 0 11 1 7 1 8 2 2 1 2 6 8 3 3 1 4 4 4 8 4 2 5 10 7 5 11 6 6 6 4 1 7 7 7 7 8 8 8 8 5 9 1 6 9 12 12 8 3 10 11 11 11 11 11 9 8 12 4
8 6 9 15 22 39 40 41 50 59 19 20 21 23 33 61
# i, ga, gb, res: 42 8 4 -1
#c 0 0 11 0 0 11 1 7 1 8 2 2 1 2 6 8 3 3 1 4 4 4 8 4 2 5 10 7 5 11 6 6 6 4 1 7 7 7 7 8 8 8 8 5 9 1 6 9 12 12 8 3 10 11 11 11 11 11 9 8 12 4
2 5 25 28 14 30 31 32 46
# i, ga, gb, res: 43 5 6 -1
#c 0 0 11 0 0 11 1 7 1 8 2 2 1 2 6 8 3 3 1 4 4 4 8 4 2 5 10 7 5 11 6 6 6 4 1 7 7 7 7 8 8 8 8 5 9 1 6 9 12 12 8 3 10 11 11 11 11 11 9 8 12 4
2 6 47 58 19 20 21 23 33 61
# i, ga, gb, res: 44 9 4 -1
#c 0 0 11 0 0 11 1 7 1 8 2 2 1 2 6 8 3 3 1 4 4 4 8 4 2 5 10 7 5 11 6 6 6 4 1 7 7 7 7 8 8 8 8 5 9 1 6 9 12 12 8 3 10 11 11 11 11 11 9 8 12 4
5 4 6 8 12 18 34 0 1 3 4
# i, ga, gb, res: 45 1 0 1
#c 0 0 11 0 0 11 1 7 1 8 2 2 1 2 6 8 3 3 1 4 4 4 8 4 2 5 10 7 5 11 6 6 6 4 1 7 7 7 7 8 8 8 8 5 9 0 6 9 12 12 8 3 10 11 11 11 11 11 9 8 12 4
4 4 14 30 31 32 10 11 13 24
# i, ga, gb, res: 46 6 2 -1
#c 0 0 11 0 0 11 1 7 1 8 2 2 1 2 6 8 3 3 1 4 4 4 8 4 2 5 10 7 5 11 6 6 6 4 1 7 7 7 7 8 8 8 8 5 9 0 6 9 12 12 8 3 10 11 11 11 11 11 9 8 12 4
2 5 44 58 14 30 31 32 46
# i, ga, gb, res: 47 9 6 1
#c 0 0 11 0 0 11 1 7 1 8 2 2 1 2 6 8 3 3 1 4 4 4 8 4 2 5 10 7 5 11 6 6 6 4 1 7 7 7 7 8 8 8 8 5 9 0 6 6 12 12 8 3 10 11 11 11 11 11 9 8 12 4
2 5 49 60 6 8 12 18 34
# i, ga, gb, res: 48 12 1 -1
#c 0 0 11 0 0 11 1 7 1 8 2 2 1 2 6 8 3 3 1 4 4 4 8 4 2 5 10 7 5 11 6 6 6 4 1 7 7 7 7 8 8 8 8 5 9 0 6 6 12 12 8 3 10 11 11 11 11 11 9 8 12 4
2 3 48 60 16 17 51
# i, ga, gb, res: 49 12 3 -1
#c 0 0 11 0 0 11 1 7 1 8 2 2 1 2 6 8 3 3 1 4 4 4 8 4 2 5 10 7 5 11 6 6 6 4 1 7 7 7 7 8 8 8 8 5 9 0 6 6 12 12 8 3 10 11 11 11 11 11 9 8 12 4
8 6 9 15 22 39 40 41 42 59 19 20 21 23 33 61
# i, ga, gb, res: 50 8 4 -1
#c 0 0 11 0 0 11 1 7 1 8 2 2 1 2 6 8 3 3 1 4 4 4 8 4 2 5 10 7 5 11 6 6 6 4 1 7 7 7 7 8 8 8 8 5 9 0 6 6 12 12 8 3 10 11 11 11 11 11 9 8 12 4
2 6 16 17 19 20 21 23 33 61
# i, ga, gb, res: 51 3 4 -1
#c 0 0 11 0 0 11 1 7 1 8 2 2 1 2 6 8 3 3 1 4 4 4 8 4 2 5 10 7 5 11 6 6 6 4 1 7 7 7 7 8 8 8 8 5 9 0 6 6 12 12 8 3 10 11 11 11 11 11 9 8 12 4
1 5 26 6 8 12 18 34
# i, ga, gb, res: 52 10 1 -1
#c 0 0 11 0 0 11 1 7 1 8 2 2 1 2 6 8 3 3 1 4 4 4 8 4 2 5 10 7 5 11 6 6 6 4 1 7 7 7 7 8 8 8 8 5 9 0 6 6 12 12 8 3 10 11 11 11 11 11 9 8 12 4
7 9 2 5 29 54 55 56 57 9 15 22 39 40 41 42 50 59
# i, ga, gb, res: 53 11 8 -1
#c 0 0 11 0 0 11 1 7 1 8 2 2 1 2 6 8 3 3 1 4 4 4 8 4 2 5 10 7 5 11 6 6 6 4 1 7 7 7 7 8 8 8 8 5 9 0 6 6 12 12 8 3 10 11 11 11 11 11 9 8 12 4
7 5 2 5 29 53 55 56 57 0 1 3 4 45
# i, ga, gb, res: 54 11 0 -1
#c 0 0 11 0 0 11 1 7 1 8 2 2 1 2 6 8 3 3 1 4 4 4 8 4 2 5 10 7 5 11 6 6 6 4 1 7 7 7 7 8 8 8 8 5 9 0 6 6 12 12 8 3 10 11 11 11 11 11 9 8 12 4
7 6 2 5 29 53 54 56 57 14 30 31 32 46 47
# i, ga, gb, res: 55 11 6 -1
#c 0 0 11 0 0 11 1 7 1 8 2 2 1 2 6 8 3 3 1 4 4 4 8 4 2 5 10 7 5 11 6 6 6 4 1 7 7 7 7 8 8 8 8 5 9 0 6 6 12 12 8 3 10 11 11 11 11 11 9 8 12 4
7 3 2 5 29 53 54 55 57 16 17 51
# i, ga, gb, res: 56 11 3 -1
#c 0 0 11 0 0 11 1 7 1 8 2 2 1 2 6 8 3 3 1 4 4 4 8 4 2 5 10 7 5 11 6 6 6 4 1 7 7 7 7 8 8 8 8 5 9 0 6 6 12 12 8 3 10 11 11 11 11 11 9 8 12 4
7 2 2 5 29 53 54 55 56 26 52
# i, ga, gb, res: 57 11 10 1
#c 0 0 11 0 0 11 1 7 1 8 2 2 1 2 6 8 3 3 1 4 4 4 8 4 2 5 10 7 5 11 6 6 6 4 1 7 7 7 7 8 8 8 8 5 9 0 6 6 12 12 8 3 10 11 11 11 11 10 9 8 12 4
1 6 44 19 20 21 23 33 61
# i, ga, gb, res: 58 9 4 -1
#c 0 0 11 0 0 11 1 7 1 8 2 2 1 2 6 8 3 3 1 4 4 4 8 4 2 5 10 7 5 11 6 6 6 4 1 7 7 7 7 8 8 8 8 5 9 0 6 6 12 12 8 3 10 11 11 11 11 10 9 8 12 4
8 7 9 15 22 39 40 41 42 50 2 5 29 53 54 55 56
# i, ga, gb, res: 59 8 11 -1
#c 0 0 11 0 0 11 1 7 1 8 2 2 1 2 6 8 3 3 1 4 4 4 8 4 2 5 10 7 5 11 6 6 6 4 1 7 7 7 7 8 8 8 8 5 9 0 6 6 12 12 8 3 10 11 11 11 11 10 9 8 12 4
2 6 48 49 7 27 35 36 37 38
# i, ga, gb, res: 60 12 7 -1
#c 0 0 11 0 0 11 1 7 1 8 2 2 1 2 6 8 3 3 1 4 4 4 8 4 2 5 10 7 5 11 6 6 6 4 1 7 7 7 7 8 8 8 8 5 9 0 6 6 12 12 8 3 10 11 11 11 11 10 9 8 12 4
5 2 19 20 21 23 33 44 58
# i, ga, gb, res: 61 4 9 -1
#c 0 0 11 0 0 11 1 7 1 8 2 2 1 2 6 8 3 3 1 4 4 4 8 4 2 5 10 7 5 11 6 6 6 4 1 7 7 7 7 8 8 8 8 5 9 0 6 6 12 12 8 3 10 11 11 11 11 10 9 8 12 4
4 3 1 3 4 45 26 52 57
# i, ga, gb, res: 0 0 10 -1
#c 0 0 11 0 0 11 1 7 1 8 2 2 1 2 6 8 3 3 1 4 4 4 8 4 2 5 10 7 5 11 6 6 6 4 1 7 7 7 7 8 8 8 8 5 9 0 6 6 12 12 8 3 10 11 11 11 11 10 9 8 12 4
4 6 0 3 4 45 7 27 35 36 37 38
# i, ga, gb, res: 1 0 7 1
#c 0 7 11 0 0 11 1 7 1 8 2 2 1 2 6 8 3 3 1 4 4 4 8 4 2 5 10 7 5 11 6 6 6 4 1 7 7 7 7 8 8 8 8 5 9 0 6 6 12 12 8 3 10 11 11 11 11 10 9 8 12 4
6 3 5 29 53 54 55 56 16 17 51
# i, ga, gb, res: 2 11 3 1
#c 0 7 3 0 0 11 1 7 1 8 2 2 1 2 6 8 3 3 1 4 4 4 8 4 2 5 10 7 5 11 6 6 6 4 1 7 7 7 7 8 8 8 8 5 9 0 6 6 12 12 8 3 10 11 11 11 11 10 9 8 12 4
3 3 0 4 45 48 49 60
# i, ga, gb, res: 3 0 12 -1
#c 0 7 3 0 0 11 1 7 1 8 2 2 1 2 6 8 3 3 1 4 4 4 8 4 2 5 10 7 5 11 6 6 6 4 1 7 7 7 7 8 8 8 8 5 9 0 6 6 12 12 8 3 10 11 11 11 11 10 9 8 12 4
3 9 0 3 45 9 15 22 39 40 41 42 50 59
# i, ga, gb, res: 4 0 8 1
#c 0 7 3 0 8 11 1 7 1 8 2 2 1 2 6 8 3 3 1 4 4 4 8 4 2 5 10 7 5 11 6 6 6 4 1 7 7 7 7 8 8 8 8 5 9 0 6 6 12 12 8 3 10 11 11 11 11 10 9 8 12 4
5 4 29 53 54 55 56 2 16 17 51
# i, ga, gb, res: 5 11 3 -1
#c 0 7 3 0 8 11 1 7 1 8 2 2 1 2 6 8 3 3 1 4 4 4 8 4 2 5 10 7 5 11 6 6 6 4 1 7 7 7 7 8 8 8 8 5 9 0 6 6 12 12 8 3 10 11 11 11 11 10 9 8 12 4
4 7 8 12 18 34 1 7 27 35 36 37 38
# i, ga, gb, res: 6 1 7 -1
#c 0 7 3 0 8 11 1 7 1 8 2 2 1 2 6 8 3 3 1 4 4 4 8 4 2 5 10 7 5 11 6 6 6 4 1 7 7 7 7 8 8 8 8 5 9 0 6 6 12 12 8 3 10 11 11 11 11 10 9 8 12 4
6 3 1 27 35 36 37 38 0 3 45
# i, ga, gb, res: 7 7 0 -1
#c 0 7 3 0 8 11 1 7 1 8 2 2 1 2 6 8 3 3 1 4 4 4 8 4 2 5 10 7 5 11 6 6 6 4 1 7 7 7 7 8 8 8 8 5 9 0 6 6 12 12 8 3 10 11 11 11 11 10 9 8 12 4
4 3 6 12 18 34 0 3 45
# i, ga, gb, res: 8 1 0 -1
#c 0 7 3 0 8 11 1 7 1 8 2 2 1 2 6 8 3 3 1 4 4 4 8 4 2 5 10 7 5 11 6 6 6 4 1 7 7 7 7 8 8 8 8 5 9 0 6 6 12 12 8 3 10 11 11 11 11 10 9 8 12 4
9 4 4 15 22 39 40 41 42 50 59 2 16 17 51
# i, ga, gb, res: 9 8 3 -1
#c 0 7 3 0 8 11 1 7 1 8 2 2 1 2 6 8 3 3 1 4 4 4 8 4 2 5 10 7 5 11 6 6 6 4 1 7 7 7 7 8 8 8 8 5 9 0 6 6 12 12 8 3 10 11 11 11 11 10 9 8 12 4
3 5 11 13 24 6 8 12 18 34
# i, ga, gb, res: 10 2 1 1
#c 0 7 3 0 8 11 1 7 1 8 1 2 1 2 6 8 3 3 1 4 4 4 8 4 2 5 10 7 5 11 6 6 6 4 1 7 7 7 7 8 8 8 8 5 9 0 6 6 12 12 8 3 10 11 11 11 11 10 9 8 12 4
2 4 13 24 2 16 17 51
# i, ga, gb, res: 11 2 3 -1
#c 0 7 3 0 8 11 1 7 1 8 1 2 1 2 6 8 3 3 1 4 4 4 8 4 2 5 10 7 5 11 6 6 6 4 1 7 7 7 7 8 8 8 8 5 9 0 6 6 12 12 8 3 10 11 11 11 11 10 9 8 12 4
5 10 6 8 10 18 34 4 9 15 22 39 40 41 42 50 59
# i, ga, gb, res: 12 1 8 1
#c 0 7 3 0 8 11 1 7 1 8 1 2 8 2 6 8 3 3 1 4 4 4 8 4 2 5 10 7 5 11 6 6 6 4 1 7 7 7 7 8 8 8 8 5 9 0 6 6 12 12 8 3 10 11 11 11 11 10 9 8 12 4
2 3 11 24 48 49 60
# i, ga, gb, res: 13 2 12 1
#c 0 7 3 0 8 11 1 7 1 8 1 2 8 12 6 8 3 3 1 4 4 4 8 4 2 5 10 7 5 11 6 6 6 4 1 7 7 7 7 8 8 8 8 5 9 0 6 6 12 12 8 3 10 11 11 11 11 10 9 8 12 4
5 4 30 31 32 46 47 13 48 49 60
# i, ga, gb, res: 14 6 12 1
#c 0 7 3 0 8 11 1 7 1 8 1 2 8 12 12 8 3 3 1 4 4 4 8 4 2 5 10 7 5 11 6 6 6 4 1 7 7 7 7 8 8 8 8 5 9 0 6 6 12 12 8 3 10 11 11 11 11 10 9 8 12 4
10 6 4 9 12 22 39 40 41 42 50 59 5 29 53 54 55 56
# i, ga, gb, res: 15 8 11 1
#c 0 7 3 0 8 11 1 7 1 8 1 2 8 12 12 11 3 3 1 4 4 4 8 4 2 5 10 7 5 11 6 6 6 4 1 7 7 7 7 8 8 8 8 5 9 0 6 6 12 12 8 3 10 11 11 11 11 10 9 8 12 4
3 2 2 17 51 44 58
# i, ga, gb, res: 16 3 9 -1
#c 0 7 3 0 8 11 1 7 1 8 1 2 8 12 12 11 3 3 1 4 4 4 8 4 2 5 10 7 5 11 6 6 6 4 1 7 7 7 7 8 8 8 8 5 9 0 6 6 12 12 8 3 10 11 11 11 11 10 9 8 12 4
3 2 2 16 51 44 58
# i, ga, gb, res: 17 3 9 -1
#c 0 7 3 0 8 11 1 7 1 8 1 2 8 12 12 11 3 3 1 4 4 4 8 4 2 5 10 7 5 11 6 6 6 4 1 7 7 7 7 8 8 8 8 5 9 0 6 6 12 12 8 3 10 11 11 11 11 10 9 8 12 4
4 2 6 8 10 34 11 24
# i, ga, gb, res: 18 1 2 -1
#c 0 7 3 0 8 11 1 7 1 8 1 2 8 12 12 11 3 3 1 4 4 4 8 4 2 5 10 7 5 11 6 6 6 4 1 7 7 7 7 8 8 8 8 5 9 0 6 6 12 12 8 3 10 11 11 11 11 10 9 8 12 4
5 4 20 21 23 33 61 2 16 17 51
# i, ga, gb, res: 19 4 3 -1
#c 0 7 3 0 8 11 1 7 1 8 1 2 8 12 12 11 3 3 1 4 4 4 8 4 2 5 10 7 5 11 6 6 6 4 1 7 7 7 7 8 8 8 8 5 9 0 6 6 12 12 8 3 10 11 11 11 11 10 9 8 12 4
5 3 19 21 23 33 61 0 3 45
# i, ga, gb, res: 20 4 0 -1
#c 0 7 3 0 8 11 1 7 1 8 1 2 8 12 12 11 3 3 1 4 4 4 8 4 2 5 10 7 5 11 6 6 6 4 1 7 7 7 7 8 8 8 8 5 9 0 6 6 12 12 8 3 10 11 11 11 11 10 9 8 12 4
5 10 19 20 23 33 61 4 9 12 22 39 40 41 42 50 59
# i, ga, gb, res: 21 4 8 -1
#c 0 7 3 0 8 11 1 7 1 8 1 2 8 12 12 11 3 3 1 4 4 4 8 4 2 5 10 7 5 11 6 6 6 4 1 7 7 7 7 8 8 8 8 5 9 0 6 6 12 12 8 3 10 11 11 11 11 10 9 8 12 4
9 7 4 9 12 39 40 41 42 50 59 1 7 27 35 36 37 38
# i, ga, gb, res: 22 8 7 1
#c 0 7 3 0 8 11 1 7 1 8 1 2 8 12 12 11 3 3 1 4 4 4 7 4 2 5 10 7 5 11 6 6 6 4 1 7 7 7 7 8 8 8 8 5 9 0 6 6 12 12 8 3 10 11 11 11 11 10 9 8 12 4
5 2 19 20 21 33 61 44 58
# i, ga, gb, res: 23 4 9 -1
#c 0 7 3 0 8 11 1 7 1 8 1 2 8 12 12 11 3 3 1 4 4 4 7 4 2 5 10 7 5 11 6 6 6 4 1 7 7 7 7 8 8 8 8 5 9 0 6 6 12 12 8 3 10 11 11 11 11 10 9 8 12 4
1 5 11 13 14 48 49 60
# i, ga, gb, res: 24 2 12 -1
#c 0 7 3 0 8 11 1 7 1 8 1 2 8 12 12 11 3 3 1 4 4 4 7 4 2 5 10 7 5 11 6 6 6 4 1 7 7 7 7 8 8 8 8 5 9 0 6 6 12 12 8 3 10 11 11 11 11 10 9 8 12 4
2 3 28 43 0 3 45
# i, ga, gb, res: 25 5 0 -1
#c 0 7 3 0 8 11 1 7 1 8 1 2 8 12 12 11 3 3 1 4 4 4 7 4 2 5 10 7 5 11 6 6 6 4 1 7 7 7 7 8 8 8 8 5 9 0 6 6 12 12 8 3 10 11 11 11 11 10 9 8 12 4
2 2 52 57 44 58
# i, ga, gb, res: 26 10 9 -1
#c 0 7 3 0 8 11 1 7 1 8 1 2 8 12 12 11 3 3 1 4 4 4 7 4 2 5 10 7 5 11 6 6 6 4 1 7 7 7 7 8 8 8 8 5 9 0 6 6 12 12 8 3 10 11 11 11 11 10 9 8 12 4
7 3 1 7 22 35 36 37 38 0 3 45
# i, ga, gb, res: 27 7 0 1
#c 0 7 3 0 8 11 1 7 1 8 1 2 8 12 12 11 3 3 1 4 4 4 7 4 2 5 10 0 5 11 6 6 6 4 1 7 7 7 7 8 8 8 8 5 9 0 6 6 12 12 8 3 10 11 11 11 11 10 9 8 12 4
2 5 25 43 13 14 48 49 60
# i, ga, gb, res: 28 5 12 -1
#c 0 7 3 0 8 11 1 7 1 8 1 2 8 12 12 11 3 3 1 4 4 4 7 4 2 5 10 0 5 11 6 6 6 4 1 7 7 7 7 8 8 8 8 5 9 0 6 6 12 12 8 3 10 11 11 11 11 10 9 8 12 4
6 3 5 15 53 54 55 56 26 52 57
# i, ga, gb, res: 29 11 10 -1
#c 0 7 3 0 8 11 1 7 1 8 1 2 8 12 12 11 3 3 1 4 4 4 7 4 2 5 10 0 5 11 6 6 6 4 1 7 7 7 7 8 8 8 8 5 9 0 6 6 12 12 8 3 10 11 11 11 11 10 9 8 12 4
4 5 31 32 46 47 6 8 10 18 34
# i, ga, gb, res: 30 6 1 -1
#c 0 7 3 0 8 11 1 7 1 8 1 2 8 12 12 11 3 3 1 4 4 4 7 4 2 5 10 0 5 11 6 6 6 4 1 7 7 7 7 8 8 8 8 5 9 0 6 6 12 12 8 3 10 11 11 11 11 10 9 8 12 4
4 3 30 32 46 47 25 28 43
# i, ga, gb, res: 31 6 5 1
#c 0 7 3 0 8 11 1 7 1 8 1 2 8 12 12 11 3 3 1 4 4 4 7 4 2 5 10 0 5 11 6 5 6 4 1 7 7 7 7 8 8 8 8 5 9 0 6 6 12 12 8 3 10 11 11 11 11 10 9 8 12 4
3 2 30 46 47 11 24
# i, ga, gb, res: 32 6 2 1
#c 0 7 3 0 8 11 1 7 1 8 1 2 8 12 12 11 3 3 1 4 4 4 7 4 2 5 10 0 5 11 6 5 2 4 1 7 7 7 7 8 8 8 8 5 9 0 6 6 12 12 8 3 10 11 11 11 11 10 9 8 12 4
5 7 19 20 21 23 61 1 7 22 35 36 37 38
# i, ga, gb, res: 33 4 7 -1
#c 0 7 3 0 8 11 1 7 1 8 1 2 8 12 12 11 3 3 1 4 4 4 7 4 2 5 10 0 5 11 6 5 2 4 1 7 7 7 7 8 8 8 8 5 9 0 6 6 12 12 8 3 10 11 11 11 11 10 9 8 12 4
4 4 6 8 10 18 2 16 17 51
# i, ga, gb, res: 34 1 3 -1
#c 0 7 3 0 8 11 1 7 1 8 1 2 8 12 12 11 3 3 1 4 4 4 7 4 2 5 10 0 5 11 6 5 2 4 1 7 7 7 7 8 8 8 8 5 9 0 6 6 12 12 8 3 10 11 11 11 11 10 9 8 12 4
6 4 1 7 22 36 37 38 2 16 17 51
# i, ga, gb, res: 35 7 3 1
#c 0 7 3 0 8 11 1 7 1 8 1 2 8 12 12 11 3 3 1 4 4 4 7 4 2 5 10 0 5 11 6 5 2 4 1 3 7 7 7 8 8 8 8 5 9 0 6 6 12 12 8 3 10 11 11 11 11 10 9 8 12 4
5 5 1 7 22 37 38 2 16 17 35 51
# i, ga, gb, res: 36 7 3 1
#c 0 7 3 0 8 11 1 7 1 8 1 2 8 12 12 11 3 3 1 4 4 4 7 4 2 5 10 0 5 11 6 5 2 4 1 3 3 7 7 8 8 8 8 5 9 0 6 6 12 12 8 3 10 11 11 11 11 10 9 8 12 4
4 2 1 7 22 38 44 58
# i, ga, gb, res: 37 7 9 -1
#c 0 7 3 0 8 11 1 7 1 8 1 2 8 12 12 11 3 3 1 4 4 4 7 4 2 5 10 0 5 11 6 5 2 4 1 3 3 7 7 8 8 8 8 5 9 0 6 6 12 12 8 3 10 11 11 11 11 10 9 8 12 4
4 3 1 7 22 37 11 24 32
# i, ga, gb, res: 38 7 2 -1
#c 0 7 3 0 8 11 1 7 1 8 1 2 8 12 12 11 3 3 1 4 4 4 7 4 2 5 10 0 5 11 6 5 2 4 1 3 3 7 7 8 8 8 8 5 9 0 6 6 12 12 8 3 10 11 11 11 11 10 9 8 12 4
8 4 4 9 12 40 41 42 50 59 25 28 31 43
# i, ga, gb, res: 39 8 5 -1
#c 0 7 3 0 8 11 1 7 1 8 1 2 8 12 12 11 3 3 1 4 4 4 7 4 2 5 10 0 5 11 6 5 2 4 1 3 3 7 7 8 8 8 8 5 9 0 6 6 12 12 8 3 10 11 11 11 11 10 9 8 12 4
8 5 4 9 12 39 41 42 50 59 6 8 10 18 34
# i, ga, gb, res: 40 8 1 1
#c 0 7 3 0 8 11 1 7 1 8 1 2 8 12 12 11 3 3 1 4 4 4 7 4 2 5 10 0 5 11 6 5 2 4 1 3 3 7 7 8 1 8 8 5 9 0 6 6 12 12 8 3 10 11 11 11 11 10 9 8 12 4
7 3 4 9 12 39 42 50 59 11 24 32
# i, ga, gb, res: 41 8 2 -1
#c 0 7 3 0 8 11 1 7 1 8 1 2 8 12 12 11 3 3 1 4 4 4 7 4 2 5 10 0 5 11 6 5 2 4 1 3 3 7 7 8 1 8 8 5 9 0 6 6 12 12 8 3 10 11 11 11 11 10 9 8 12 4
7 2 4 9 12 39 41 50 59 44 58
# i, ga, gb, res: 42 8 9 -1
#c 0 7 3 0 8 11 1 7 1 8 1 2 8 12 12 11 3 3 1 4 4 4 7 4 2 5 10 0 5 11 6 5 2 4 1 3 3 7 7 8 1 8 8 5 9 0 6 6 12 12 8 3 10 11 11 11 11 10 9 8 12 4
3 4 25 28 31 0 3 27 45
# i, ga, gb, res: 43 5 0 -1
#c 0 7 3 0 8 11 1 7 1 8 1 2 8 12 12 11 3 3 1 4 4 4 7 4 2 5 10 0 5 11 6 5 2 4 1 3 3 7 7 8 1 8 8 5 9 0 6 6 12 12 8 3 10 11 11 11 11 10 9 8 12 4
1 4 58 25 28 31 43
# i, ga, gb, res: 44 9 5 -1
#c 0 7 3 0 8 11 1 7 1 8 1 2 8 12 12 11 3 3 1 4 4 4 7 4 2 5 10 0 5 11 6 5 2 4 1 3 3 7 7 8 1 8 8 5 9 0 6 6 12 12 8 3 10 11 11 11 11 10 9 8 12 4
3 3 0 3 27 11 24 32
# i, ga, gb, res: 45 0 2 -1
#c 0 7 3 0 8 11 1 7 1 8 1 2 8 12 12 11 3 3 1 4 4 4 7 4 2 5 10 0 5 11 6 5 2 4 1 3 3 7 7 8 1 8 8 5 9 0 6 6 12 12 8 3 10 11 11 11 11 10 9 8 12 4
2 8 30 47 4 9 12 39 41 42 50 59
# i, ga, gb, res: 46 6 8 -1
#c 0 7 3 0 8 11 1 7 1 8 1 2 8 12 12 11 3 3 1 4 4 4 7 4 2 5 10 0 5 11 6 5 2 4 1 3 3 7 7 8 1 8 8 5 9 0 6 6 12 12 8 3 10 11 11 11 11 10 9 8 12 4
2 3 30 46 26 52 57
# i, ga, gb, res: 47 6 10 1
#c 0 7 3 0 8 11 1 7 1 8 1 2 8 12 12 11 3 3 1 4 4 4 7 4 2 5 10 0 5 11 6 5 2 4 1 3 3 7 7 8 1 8 8 5 9 0 6 10 12 12 8 3 10 11 11 11 11 10 9 8 12 4
4 6 13 14 49 60 6 8 10 18 34 40
# i, ga, gb, res: 48 12 1 1
#c 0 7 3 0 8 11 1 7 1 8 1 2 8 12 12 11 3 3 1 4 4 4 7 4 2 5 10 0 5 11 6 5 2 4 1 3 3 7 7 8 1 8 8 5 9 0 6 10 1 12 8 3 10 11 11 11 11 10 9 8 12 4
3 4 13 14 60 0 3 27 45
# i, ga, gb, res: 49 12 0 -1
#c 0 7 3 0 8 11 1 7 1 8 1 2 8 12 12 11 3 3 1 4 4 4 7 4 2 5 10 0 5 11 6 5 2 4 1 3 3 7 7 8 1 8 8 5 9 0 6 10 1 12 8 3 10 11 11 11 11 10 9 8 12 4
7 6 4 9 12 39 41 42 59 19 20 21 23 33 61
# i, ga, gb, res: 50 8 4 -1
#c 0 7 3 0 8 11 1 7 1 8 1 2 8 12 12 11 3 3 1 4 4 4 7 4 2 5 10 0 5 11 6 5 2 4 1 3 3 7 7 8 1 8 8 5 9 0 6 10 1 12 8 3 10 11 11 11 11 10 9 8 12 4
5 4 2 16 17 35 36 0 3 27 45
# i, ga, gb, res: 51 3 0 -1
#c 0 7 3 0 8 11 1 7 1 8 1 2 8 12 12 11 3 3 1 4 4 4 7 4 2 5 10 0 5 11 6 5 2 4 1 3 3 7 7 8 1 8 8 5 9 0 6 10 1 12 8 3 10 11 11 11 11 10 9 8 12 4
3 8 26 47 57 4 9 12 39 41 42 50 59
# i, ga, gb, res: 52 10 8 -1
#c 0 7 3 0 8 11 1 7 1 8 1 2 8 12 12 11 3 3 1 4 4 4 7 4 2 5 10 0 5 11 6 5 2 4 1 3 3 7 7 8 1 8 8 5 9 0 6 10 1 12 8 3 10 11 11 11 11 10 9 8 12 4
6 6 5 15 29 54 55 56 19 20 21 23 33 61
# i, ga, gb, res: 53 11 4 -1
#c 0 7 3 0 8 11 1 7 1 8 1 2 8 12 12 11 3 3 1 4 4 4 7 4 2 5 10 0 5 11 6 5 2 4 1 3 3 7 7 8 1 8 8 5 9 0 6 10 1 12 8 3 10 11 11 11 11 10 9 8 12 4
6 2 5 15 29 53 55 56 30 46
# i, ga, gb, res: 54 11 6 -1
#c 0 7 3 0 8 11 1 7 1 8 1 2 8 12 12 11 3 3 1 4 4 4 7 4 2 5 10 0 5 11 6 5 2 4 1 3 3 7 7 8 1 8 8 5 9 0 6 10 1 12 8 3 10 11 11 11 11 10 9 8 12 4
6 6 5 15 29 53 54 56 2 16 17 35 36 51
# i, ga, gb, res: 55 11 3 -1
#c 0 7 3 0 8 11 1 7 1 8 1 2 8 12 12 11 3 3 1 4 4 4 7 4 2 5 10 0 5 11 6 5 2 4 1 3 3 7 7 8 1 8 8 5 9 0 6 10 1 12 8 3 10 11 11 11 11 10 9 8 12 4
6 8 5 15 29 53 54 55 4 9 12 39 41 42 50 59
# i, ga, gb, res: 56 11 8 -1
#c 0 7 3 0 8 11 1 7 1 8 1 2 8 12 12 11 3 3 1 4 4 4 7 4 2 5 10 0 5 11 6 5 2 4 1 3 3 7 7 8 1 8 8 5 9 0 6 10 1 12 8 3 10 11 11 11 11 10 9 8 12 4
3 4 26 47 52 25 28 31 43
# i, ga, gb, res: 57 10 5 1
#c 0 7 3 0 8 11 1 7 1 8 1 2 8 12 12 11 3 3 1 4 4 4 7 4 2 5 10 0 5 11 6 5 2 4 1 3 3 7 7 8 1 8 8 5 9 0 6 10 1 12 8 3 10 11 11 11 11 5 9 8 12 4
1 6 44 19 20 21 23 33 61
# i, ga, gb, res: 58 9 4 -1
#c 0 7 3 0 8 11 1 7 1 8 1 2 8 12 12 11 3 3 1 4 4 4 7 4 2 5 10 0 5 11 6 5 2 4 1 3 3 7 7 8 1 8 8 5 9 0 6 10 1 12 8 3 10 11 11 11 11 5 9 8 12 4
7 6 4 9 12 39 41 42 50 19 20 21 23 33 61
# i, ga, gb, res: 59 8 4 -1
#c 0 7 3 0 8 11 1 7 1 8 1 2 8 12 12 11 3 3 1 4 4 4 7 4 2 5 10 0 5 11 6 5 2 4 1 3 3 7 7 8 1 8 8 5 9 0 6 10 1 12 8 3 10 11 11 11 11 5 9 8 12 4
3 5 13 14 49 1 7 22 37 38
# i, ga, gb, res: 60 12 7 -1
#c 0 7 3 0 8 11 1 7 1 8 1 2 8 12 12 11 3 3 1 4 4 4 7 4 2 5 10 0 5 11 6 5 2 4 1 3 3 7 7 8 1 8 8 5 9 0 6 10 1 12 8 3 10 11 11 11 11 5 9 8 12 4
5 3 19 20 21 23 33 26 47 52
# i, ga, gb, res: 61 4 10 -1
#c 0 7 3 0 8 11 1 7 1 8 1 2 8 12 12 11 3 3 1 4 4 4 7 4 2 5 10 0 5 11 6 5 2 4 1 3 3 7 7 8 1 8 8 5 9 0 6 10 1 12 8 3 10 11 11 11 11 5 9 8 12 4
3 6 3 27 45 2 16 17 35 36 51
# i, ga, gb, res: 0 0 3 -1
#c 0 7 3 0 8 11 1 7 1 8 1 2 8 12 12 11 3 3 1 4 4 4 7 4 2 5 10 0 5 11 6 5 2 4 1 3 3 7 7 8 1 8 8 5 9 0 6 10 1 12 8 3 10 11 11 11 11 5 9 8 12 4
4 5 7 22 37 38 25 28 31 43 57
# i, ga, gb, res: 1 7 5 -1
#c 0 7 3 0 8 11 1 7 1 8 1 2 8 12 12 11 3 3 1 4 4 4 7 4 2 5 10 0 5 11 6 5 2 4 1 3 3 7 7 8 1 8 8 5 9 0 6 10 1 12 8 3 10 11 11 11 11 5 9 8 12 4
5 3 16 17 35 36 51 26 47 52
# i, ga, gb, res: 2 3 10 -1
#c 0 7 3 0 8 11 1 7 1 8 1 2 8 12 12 11 3 3 1 4 4 4 7 4 2 5 10 0 5 11 6 5 2 4 1 3 3 7 7 8 1 8 8 5 9 0 6 10 1 12 8 3 10 11 11 11 11 5 9 8 12 4
3 5 0 27 45 25 28 31 43 57
# i, ga, gb, res: 3 0 5 -1
#c 0 7 3 0 8 11 1 7 1 8 1 2 8 12 12 11 3 3 1 4 4 4 7 4 2 5 10 0 5 11 6 5 2 4 1 3 3 7 7 8 1 8 8 5 9 0 6 10 1 12 8 3 10 11 11 11 11 5 9 8 12 4
7 2 9 12 39 41 42 50 59 30 46
# i, ga, gb, res: 4 8 6 -1
#c 0 7 3 0 8 11 1 7 1 8 1 2 8 12 12 11 3 3 1 4 4 4 7 4 2 5 10 0 5 11 6 5 2 4 1 3 3 7 7 8 1 8 8 5 9 0 6 10 1 12 8 3 10 11 11 11 11 5 9 8 12 4
6 2 15 29 53 54 55 56 30 46
# i, ga, gb, res: 5 11 6 -1
#c 0 7 3 0 8 11 1 7 1 8 1 2 8 12 12 11 3 3 1 4 4 4 7 4 2 5 10 0 5 11 6 5 2 4 1 3 3 7 7 8 1 8 8 5 9 0 6 10 1 12 8 3 10 11 11 11 11 5 9 8 12 4
6 3 8 10 18 34 40 48 26 47 52
# i, ga, gb, res: 6 1 10 -1
#c 0 7 3 0 8 11 1 7 1 8 1 2 8 12 12 11 3 3 1 4 4 4 7 4 2 5 10 0 5 11 6 5 2 4 1 3 3 7 7 8 1 8 8 5 9 0 6 10 1 12 8 3 10 11 11 11 11 5 9 8 12 4
4 3 1 22 37 38 11 24 32
# i, ga, gb, res: 7 7 2 -1
#c 0 7 3 0 8 11 1 7 1 8 1 2 8 12 12 11 3 3 1 4 4 4 7 4 2 5 10 0 5 11 6 5 2 4 1 3 3 7 7 8 1 8 8 5 9 0 6 10 1 12 8 3 10 11 11 11 11 5 9 8 12 4
6 7 6 10 18 34 40 48 5 15 29 53 54 55 56
# i, ga, gb, res: 8 1 11 1
#c 0 7 3 0 8 11 1 7 11 8 1 2 8 12 12 11 3 3 1 4 4 4 7 4 2 5 10 0 5 11 6 5 2 4 1 3 3 7 7 8 1 8 8 5 9 0 6 10 1 12 8 3 10 11 11 11 11 5 9 8 12 4
7 6 4 12 39 41 42 50 59 19 20 21 23 33 61
# i, ga, gb, res: 9 8 4 -1
#c 0 7 3 0 8 11 1 7 11 8 1 2 8 12 12 11 3 3 1 4 4 4 7 4 2 5 10 0 5 11 6 5 2 4 1 3 3 7 7 8 1 8 8 5 9 0 6 10 1 12 8 3 10 11 11 11 11 5 9 8 12 4
5 6 6 18 34 40 48 19 20 21 23 33 61
# i, ga, gb, res: 10 1 4 -1
#c 0 7 3 0 8 11 1 7 11 8 1 2 8 12 12 11 3 3 1 4 4 4 7 4 2 5 10 0 5 11 6 5 2 4 1 3 3 7 7 8 1 8 8 5 9 0 6 10 1 12 8 3 10 11 11 11 11 5 9 8 12 4
2 6 24 32 2 16 17 35 36 51
# i, ga, gb, res: 11 2 3 -1
#c 0 7 3 0 8 11 1 7 11 8 1 2 8 12 12 11 3 3 1 4 4 4 7 4 2 5 10 0 5 11 6 5 2 4 1 3 3 7 7 8 1 8 8 5 9 0 6 10 1 12 8 3 10 11 11 11 11 5 9 8 12 4
7 5 4 9 39 41 42 50 59 1 7 22 37 38
# i, ga, gb, res: 12 8 7 -1
#c 0 7 3 0 8 11 1 7 11 8 1 2 8 12 12 11 3 3 1 4 4 4 7 4 2 5 10 0 5 11 6 5 2 4 1 3 3 7 7 8 1 8 8 5 9 0 6 10 1 12 8 3 10 11 11 11 11 5 9 8 12 4
3 8 14 49 60 5 8 15 29 53 54 55 56
# i, ga, gb, res: 13 12 11 -1
#c 0 7 3 0 8 11 1 7 11 8 1 2 8 12 12 11 3 3 1 4 4 4 7 4 2 5 10 0 5 11 6 5 2 4 1 3 3 7 7 8 1 8 8 5 9 0 6 10 1 12 8 3 10 11 11 11 11 5 9 8 12 4
3 5 13 49 60 1 7 22 37 38
# i, ga, gb, res: 14 12 7 1
#c 0 7 3 0 8 11 1 7 11 8 1 2 8 12 7 11 3 3 1 4 4 4 7 4 2 5 10 0 5 11 6 5 2 4 1 3 3 7 7 8 1 8 8 5 9 0 6 10 1 12 8 3 10 11 11 11 11 5 9 8 12 4
7 3 5 8 29 53 54 55 56 11 24 32
# i, ga, gb, res: 15 11 2 -1
#c 0 7 3 0 8 11 1 7 11 8 1 2 8 12 7 11 3 3 1 4 4 4 7 4 2 5 10 0 5 11 6 5 2 4 1 3 3 7 7 8 1 8 8 5 9 0 6 10 1 12 8 3 10 11 11 11 11 5 9 8 12 4
5 3 2 17 35 36 51 26 47 52
# i, ga, gb, res: 16 3 10 -1
#c 0 7 3 0 8 11 1 7 11 8 1 2 8 12 7 11 3 3 1 4 4 4 7 4 2 5 10 0 5 11 6 5 2 4 1 3 3 7 7 8 1 8 8 5 9 0 6 10 1 12 8 3 10 11 11 11 11 5 9 8 12 4
5 6 2 16 35 36 51 1 7 14 22 37 38
# i, ga, gb, res: 17 3 7 -1
#c 0 7 3 0 8 11 1 7 11 8 1 2 8 12 7 11 3 3 1 4 4 4 7 4 2 5 10 0 5 11 6 5 2 4 1 3 3 7 7 8 1 8 8 5 9 0 6 10 1 12 8 3 10 11 11 11 11 5 9 8 12 4
5 5 6 10 34 40 48 25 28 31 43 57
# i, ga, gb, res: 18 1 5 -1
#c 0 7 3 0 8 11 1 7 11 8 1 2 8 12 7 11 3 3 1 4 4 4 7 4 2 5 10 0 5 11 6 5 2 4 1 3 3 7 7 8 1 8 8 5 9 0 6 10 1 12 8 3 10 11 11 11 11 5 9 8 12 4
5 2 20 21 23 33 61 44 58
# i, ga, gb, res: 19 4 9 -1
#c 0 7 3 0 8 11 1 7 11 8 1 2 8 12 7 11 3 3 1 4 4 4 7 4 2 5 10 0 5 11 6 5 2 4 1 3 3 7 7 8 1 8 8 5 9 0 6 10 1 12 8 3 10 11 11 11 11 5 9 8 12 4
5 8 19 21 23 33 61 4 9 12 39 41 42 50 59
# i, ga, gb, res: 20 4 8 -1
#c 0 7 3 0 8 11 1 7 11 8 1 2 8 12 7 11 3 3 1 4 4 4 7 4 2 5 10 0 5 11 6 5 2 4 1 3 3 7 7 8 1 8 8 5 9 0 6 10 1 12 8 3 10 11 11 11 11 5 9 8 12 4
5 3 19 20 23 33 61 11 24 32
# i, ga, gb, res: 21 4 2 -1
#c 0 7 3 0 8 11 1 7 11 8 1 2 8 12 7 11 3 3 1 4 4 4 7 4 2 5 10 0 5 11 6 5 2 4 1 3 3 7 7 8 1 8 8 5 9 0 6 10 1 12 8 3 10 11 11 11 11 5 9 8 12 4
5 3 1 7 14 37 38 13 49 60
# i, ga, gb, res: 22 7 12 -1
#c 0 7 3 0 8 11 1 7 11 8 1 2 8 12 7 11 3 3 1 4 4 4 7 4 2 5 10 0 5 11 6 5 2 4 1 3 3 7 7 8 1 8 8 5 9 0 6 10 1 12 8 3 10 11 11 11 11 5 9 8 12 4
5 2 19 20 21 33 61 44 58
# i, ga, gb, res: 23 4 9 -1
#c 0 7 3 0 8 11 1 7 11 8 1 2 8 12 7 11 3 3 1 4 4 4 7 4 2 5 10 0 5 11 6 5 2 4 1 3 3 7 7 8 1 8 8 5 9 0 6 10 1 12 8 3 10 11 11 11 11 5 9 8 12 4
2 3 11 32 26 47 52
# i, ga, gb, res: 24 2 10 -1
#c 0 7 3 0 8 11 1 7 11 8 1 2 8 12 7 11 3 3 1 4 4 4 7 4 2 5 10 0 5 11 6 5 2 4 1 3 3 7 7 8 1 8 8 5 9 0 6 10 1 12 8 3 10 11 11 11 11 5 9 8 12 4
4 2 28 31 43 57 30 46
# i, ga, gb, res: 25 5 6 -1
#c 0 7 3 0 8 11 1 7 11 8 1 2 8 12 7 11 3 3 1 4 4 4 7 4 2 5 10 0 5 11 6 5 2 4 1 3 3 7 7 8 1 8 8 5 9 0 6 10 1 12 8 3 10 11 11 11 11 5 9 8 12 4
2 8 47 52 5 8 15 29 53 54 55 56
# i, ga, gb, res: 26 10 11 -1
#c 0 7 3 0 8 11 1 7 11 8 1 2 8 12 7 11 3 3 1 4 4 4 7 4 2 5 10 0 5 11 6 5 2 4 1 3 3 7 7 8 1 8 8 5 9 0 6 10 1 12 8 3 10 11 11 11 11 5 9 8 12 4
3 8 0 3 45 4 9 12 39 41 42 50 59
# i, ga, gb, res: 27 0 8 -1
#c 0 7 3 0 8 11 1 7 11 8 1 2 8 12 7 11 3 3 1 4 4 4 7 4 2 5 10 0 5 11 6 5 2 4 1 3 3 7 7 8 1 8 8 5 9 0 6 10 1 12 8 3 10 11 11 11 11 5 9 8 12 4
4 3 25 31 43 57 13 49 60
# i, ga, gb, res: 28 5 12 -1
#c 0 7 3 0 8 11 1 7 11 8 1 2 8 12 7 11 3 3 1 4 4 4 7 4 2 5 10 0 5 11 6 5 2 4 1 3 3 7 7 8 1 8 8 5 9 0 6 10 1 12 8 3 10 11 11 11 11 5 9 8 12 4
7 6 5 8 15 53 54 55 56 19 20 21 23 33 61
# i, ga, gb, res: 29 11 4 1
#c 0 7 3 0 8 11 1 7 11 8 1 2 8 12 7 11 3 3 1 4 4 4 7 4 2 5 10 0 5 4 6 5 2 4 1 3 3 7 7 8 1 8 8 5 9 0 6 10 1 12 8 3 10 11 11 11 11 5 9 8 12 4
1 4 46 0 3 27 45
# i, ga, gb, res: 30 6 0 -1
#c 0 7 3 0 8 11 1 7 11 8 1 2 8 12 7 11 3 3 1 4 4 4 7 4 2 5 10 0 5 4 6 5 2 4 1 3 3 7 7 8 1 8 8 5 9 0 6 10 1 12 8 3 10 11 11 11 11 5 9 8 12 4
4 7 25 28 43 57 19 20 21 23 29 33 61
# i, ga, gb, res: 31 5 4 1
#c 0 7 3 0 8 11 1 7 11 8 1 2 8 12 7 11 3 3 1 4 4 4 7 4 2 5 10 0 5 4 6 4 2 4 1 3 3 7 7 8 1 8 8 5 9 0 6 10 1 12 8 3 10 11 11 11 11 5 9 8 12 4
2 7 11 24 5 8 15 53 54 55 56
# i, ga, gb, res: 32 2 11 1
#c 0 7 3 0 8 11 1 7 11 8 1 2 8 12 7 11 3 3 1 4 4 4 7 4 2 5 10 0 5 4 6 4 11 4 1 3 3 7 7 8 1 8 8 5 9 0 6 10 1 12 8 3 10 11 11 11 11 5 9 8 12 4
7 2 19 20 21 23 29 31 61 44 58
# i, ga, gb, res: 33 4 9 -1
#c 0 7 3 0 8 11 1 7 11 8 1 2 8 12 7 11 3 3 1 4 4 4 7 4 2 5 10 0 5 4 6 4 11 4 1 3 3 7 7 8 1 8 8 5 9 0 6 10 1 12 8 3 10 11 11 11 11 5 9 8 12 4
5 8 6 10 18 40 48 19 20 21 23 29 31 33 61
# i, ga, gb, res: 34 1 4 -1
#c 0 7 3 0 8 11 1 7 11 8 1 2 8 12 7 11 3 3 1 4 4 4 7 4 2 5 10 0 5 4 6 4 11 4 1 3 3 7 7 8 1 8 8 5 9 0 6 10 1 12 8 3 10 11 11 11 11 5 9 8 12 4
5 2 2 16 17 36 51 44 58
# i, ga, gb, res: 35 3 9 -1
#c 0 7 3 0 8 11 1 7 11 8 1 2 8 12 7 11 3 3 1 4 4 4 7 4 2 5 10 0 5 4 6 4 11 4 1 3 3 7 7 8 1 8 8 5 9 0 6 10 1 12 8 3 10 11 11 11 11 5 9 8 12 4
5 8 2 16 17 35 51 5 8 15 32 53 54 55 56
# i, ga, gb, res: 36 3 11 -1
#c 0 7 3 0 8 11 1 7 11 8 1 2 8 12 7 11 3 3 1 4 4 4 7 4 2 5 10 0 5 4 6 4 11 4 1 3 3 7 7 8 1 8 8 5 9 0 6 10 1 12 8 3 10 11 11 11 11 5 9 8 12 4
5 3 1 7 14 22 38 26 47 52
# i, ga, gb, res: 37 7 10 -1
#c 0 7 3 0 8 11 1 7 11 8 1 2 8 12 7 11 3 3 1 4 4 4 7 4 2 5 10 0 5 4 6 4 11 4 1 3 3 7 7 8 1 8 8 5 9 0 6 10 1 12 8 3 10 11 11 11 11 5 9 8 12 4
5 4 1 7 14 22 37 0 3 27 45
# i, ga, gb, res: 38 7 0 -1
#c 0 7 3 0 8 11 1 7 11 8 1 2 8 12 7 11 3 3 1 4 4 4 7 4 2 5 10 0 5 4 6 4 11 4 1 3 3 7 7 8 1 8 8 5 9 0 6 10 1 12 8 3 10 11 11 11 11 5 9 8 12 4
7 6 4 9 12 41 42 50 59 6 10 18 34 40 48
# i, ga, gb, res: 39 8 1 1
#c 0 7 3 0 8 11 1 7 11 8 1 2 8 12 7 11 3 3 1 4 4 4 7 4 2 5 10 0 5 4 6 4 11 4 1 3 3 7 7 1 1 8 8 5 9 0 6 10 1 12 8 3 10 11 11 11 11 5 9 8 12 4
6 8 6 10 18 34 39 48 19 20 21 23 29 31 33 61
# i, ga, gb, res: 40 1 4 -1
#c 0 7 3 0 8 11 1 7 11 8 1 2 8 12 7 11 3 3 1 4 4 4 7 4 2 5 10 0 5 4 6 4 11 4 1 3 3 7 7 1 1 8 8 5 9 0 6 10 1 12 8 3 10 11 11 11 11 5 9 8 12 4
6 2 4 9 12 42 50 59 44 58
# i, ga, gb, res: 41 8 9 -1
#c 0 7 3 0 8 11 1 7 11 8 1 2 8 12 7 11 3 3 1 4 4 4 7 4 2 5 10 0 5 4 6 4 11 4 1 3 3 7 7 1 1 8 8 5 9 0 6 10 1 12 8 3 10 11 11 11 11 5 9 8 12 4
6 8 4 9 12 41 50 59 19 20 21 23 29 31 33 61
# i, ga, gb, res: 42 8 4 -1
#c 0 7 3 0 8 11 1 7 11 8 1 2 8 12 7 11 3 3 1 4 4 4 7 4 2 5 10 0 5 4 6 4 11 4 1 3 3 7 7 1 1 8 8 5 9 0 6 10 1 12 8 3 10 11 11 11 11 5 9 8 12 4
3 8 25 28 57 5 8 15 32 53 54 55 56
# i, ga, gb, res: 43 5 11 -1
#c 0 7 3 0 8 11 1 7 11 8 1 2 8 12 7 11 3 3 1 4 4 4 7 4 2 5 10 0 5 4 6 4 11 4 1 3 3 7 7 1 1 8 8 5 9 0 6 10 1 12 8 3 10 11 11 11 11 5 9 8 12 4
1 3 58 13 49 60
# i, ga, gb, res: 44 9 12 -1
#c 0 7 3 0 8 11 1 7 11 8 1 2 8 12 7 11 3 3 1 4 4 4 7 4 2 5 10 0 5 4 6 4 11 4 1 3 3 7 7 1 1 8 8 5 9 0 6 10 1 12 8 3 10 11 11 11 11 5 9 8 12 4
3 8 0 3 27 5 8 15 32 53 54 55 56
# i, ga, gb, res: 45 0 11 -1
#c 0 7 3 0 8 11 1 7 11 8 1 2 8 12 7 11 3 3 1 4 4 4 7 4 2 5 10 0 5 4 6 4 11 4 1 3 3 7 7 1 1 8 8 5 9 0 6 10 1 12 8 3 10 11 11 11 11 5 9 8 12 4
1 7 30 6 10 18 34 39 40 48
# i, ga, gb, res: 46 6 1 -1
#c 0 7 3 0 8 11 1 7 11 8 1 2 8 12 7 11 3 3 1 4 4 4 7 4 2 5 10 0 5 4 6 4 11 4 1 3 3 7 7 1 1 8 8 5 9 0 6 10 1 12 8 3 10 11 11 11 11 5 9 8 12 4
2 2 26 52 30 46
# i, ga, gb, res: 47 10 6 -1
#c 0 7 3 0 8 11 1 7 11 8 1 2 8 12 7 11 3 3 1 4 4 4 7 4 2 5 10 0 5 4 6 4 11 4 1 3 3 7 7 1 1 8 8 5 9 0 6 10 1 12 8 3 10 11 11 11 11 5 9 8 12 4
6 3 6 10 18 34 39 40 26 47 52
# i, ga, gb, res: 48 1 10 -1
#c 0 7 3 0 8 11 1 7 11 8 1 2 8 12 7 11 3 3 1 4 4 4 7 4 2 5 10 0 5 4 6 4 11 4 1 3 3 7 7 1 1 8 8 5 9 0 6 10 1 12 8 3 10 11 11 11 11 5 9 8 12 4
2 2 13 60 30 46
# i, ga, gb, res: 49 12 6 -1
#c 0 7 3 0 8 11 1 7 11 8 1 2 8 12 7 11 3 3 1 4 4 4 7 4 2 5 10 0 5 4 6 4 11 4 1 3 3 7 7 1 1 8 8 5 9 0 6 10 1 12 8 3 10 11 11 11 11 5 9 8 12 4
6 6 4 9 12 41 42 59 2 16 17 35 36 51
# i, ga, gb, res: 50 8 3 -1
#c 0 7 3 0 8 11 1 7 11 8 1 2 8 12 7 11 3 3 1 4 4 4 7 4 2 5 10 0 5 4 6 4 11 4 1 3 3 7 7 1 1 8 8 5 9 0 6 10 1 12 8 3 10 11 11 11 11 5 9 8 12 4
5 2 2 16 17 35 36 11 24
# i, ga, gb, res: 51 3 2 -1
#c 0 7 3 0 8 11 1 7 11 8 1 2 8 12 7 11 3 3 1 4 4 4 7 4 2 5 10 0 5 4 6 4 11 4 1 3 3 7 7 1 1 8 8 5 9 0 6 10 1 12 8 3 10 11 11 11 11 5 9 8 12 4
2 4 26 47 25 28 43 57
# i, ga, gb, res: 52 10 5 -1
#c 0 7 3 0 8 11 1 7 11 8 1 2 8 12 7 11 3 3 1 4 4 4 7 4 2 5 10 0 5 4 6 4 11 4 1 3 3 7 7 1 1 8 8 5 9 0 6 10 1 12 8 3 10 11 11 11 11 5 9 8 12 4
7 2 5 8 15 32 54 55 56 30 46
# i, ga, gb, res: 53 11 6 -1
#c 0 7 3 0 8 11 1 7 11 8 1 2 8 12 7 11 3 3 1 4 4 4 7 4 2 5 10 0 5 4 6 4 11 4 1 3 3 7 7 1 1 8 8 5 9 0 6 10 1 12 8 3 10 11 11 11 11 5 9 8 12 4
7 3 5 8 15 32 53 55 56 26 47 52
# i, ga, gb, res: 54 11 10 -1
#c 0 7 3 0 8 11 1 7 11 8 1 2 8 12 7 11 3 3 1 4 4 4 7 4 2 5 10 0 5 4 6 4 11 4 1 3 3 7 7 1 1 8 8 5 9 0 6 10 1 12 8 3 10 11 11 11 11 5 9 8 12 4
7 4 5 8 15 32 53 54 56 0 3 27 45
# i, ga, gb, res: 55 11 0 1
#c 0 7 3 0 8 11 1 7 11 8 1 2 8 12 7 11 3 3 1 4 4 4 7 4 2 5 10 0 5 4 6 4 11 4 1 3 3 7 7 1 1 8 8 5 9 0 6 10 1 12 8 3 10 11 11 0 11 5 9 8 12 4
6 3 5 8 15 32 53 54 26 47 52
# i, ga, gb, res: 56 11 10 -1
#c 0 7 3 0 8 11 1 7 11 8 1 2 8 12 7 11 3 3 1 4 4 4 7 4 2 5 10 0 5 4 6 4 11 4 1 3 3 7 7 1 1 8 8 5 9 0 6 10 1 12 8 3 10 11 11 0 11 5 9 8 12 4
3 3 25 28 43 26 47 52
# i, ga, gb, res: 57 5 10 -1
#c 0 7 3 0 8 11 1 7 11 8 1 2 8 12 7 11 3 3 1 4 4 4 7 4 2 5 10 0 5 4 6 4 11 4 1 3 3 7 7 1 1 8 8 5 9 0 6 10 1 12 8 3 10 11 11 0 11 5 9 8 12 4
1 2 44 11 24
# i, ga, gb, res: 58 9 2 -1
#c 0 7 3 0 8 11 1 7 11 8 1 2 8 12 7 11 3 3 1 4 4 4 7 4 2 5 10 0 5 4 6 4 11 4 1 3 3 7 7 1 1 8 8 5 9 0 6 10 1 12 8 3 10 11 11 0 11 5 9 8 12 4
6 8 4 9 12 41 42 50 19 20 21 23 29 31 33 61
# i, ga, gb, res: 59 8 4 -1
#c 0 7 3 0 8 11 1 7 11 8 1 2 8 12 7 11 3 3 1 4 4 4 7 4 2 5 10 0 5 4 6 4 11 4 1 3 3 7 7 1 1 8 8 5 9 0 6 10 1 12 8 3 10 11 11 0 11 5 9 8 12 4
2 2 13 49 11 24
# i, ga, gb, res: 60 12 2 -1
#c 0 7 3 0 8 11 1 7 11 8 1 2 8 12 7 11 3 3 1 4 4 4 7 4 2 5 10 0 5 4 6 4 11 4 1 3 3 7 7 1 1 8 8 5 9 0 6 10 1 12 8 3 10 11 11 0 11 5 9 8 12 4
7 2 19 20 21 23 29 31 33 44 58
# i, ga, gb, res: 61 4 9 -1
#c 0 7 3 0 8 11 1 7 11 8 1 2 8 12 7 11 3 3 1 4 4 4 7 4 2 5 10 0 5 4 6 4 11 4 1 3 3 7 7 1 1 8 8 5 9 0 6 10 1 12 8 3 10 11 11 0 11 5 9 8 12 4
4 6 3 27 45 55 1 7 14 22 37 38
# i, ga, gb, res: 0 0 7 -1
#c 0 7 3 0 8 11 1 7 11 8 1 2 8 12 7 11 3 3 1 4 4 4 7 4 2 5 10 0 5 4 6 4 11 4 1 3 3 7 7 1 1 8 8 5 9 0 6 10 1 12 8 3 10 11 11 0 11 5 9 8 12 4
5 7 7 14 22 37 38 4 9 12 41 42 50 59
# i, ga, gb, res: 1 7 8 -1
#c 0 7 3 0 8 11 1 7 11 8 1 2 8 12 7 11 3 3 1 4 4 4 7 4 2 5 10 0 5 4 6 4 11 4 1 3 3 7 7 1 1 8 8 5 9 0 6 10 1 12 8 3 10 11 11 0 11 5 9 8 12 4
5 3 16 17 35 36 51 26 47 52
# i, ga, gb, res: 2 3 10 -1
#c 0 7 3 0 8 11 1 7 11 8 1 2 8 12 7 11 3 3 1 4 4 4 7 4 2 5 10 0 5 4 6 4 11 4 1 3 3 7 7 1 1 8 8 5 9 0 6 10 1 12 8 3 10 11 11 0 11 5 9 8 12 4
4 2 0 27 45 55 11 24
# i, ga, gb, res: 3 0 2 -1
#c 0 7 3 0 8 11 1 7 11 8 1 2 8 12 7 11 3 3 1 4 4 4 7 4 2 5 10 0 5 4 6 4 11 4 1 3 3 7 7 1 1 8 8 5 9 0 6 10 1 12 8 3 10 11 11 0 11 5 9 8 12 4
6 3 9 12 41 42 50 59 26 47 52
# i, ga, gb, res: 4 8 10 -1
#c 0 7 3 0 8 11 1 7 11 8 1 2 8 12 7 11 3 3 1 4 4 4 7 4 2 5 10 0 5 4 6 4 11 4 1 3 3 7 7 1 1 8 8 5 9 0 6 10 1 12 8 3 10 11 11 0 11 5 9 8 12 4
6 3 8 15 32 53 54 56 13 49 60
# i, ga, gb, res: 5 11 12 -1
#c 0 7 3 0 8 11 1 7 11 8 1 2 8 12 7 11 3 3 1 4 4 4 7 4 2 5 10 0 5 4 6 4 11 4 1 3 3 7 7 1 1 8 8 5 9 0 6 10 1 12 8 3 10 11 11 0 11 5 9 8 12 4
6 3 10 18 34 39 40 48 13 49 60
# i, ga, gb, res: 6 1 12 -1
#c 0 7 3 0 8 11 1 7 11 8 1 2 8 12 7 11 3 3 1 4 4 4 7 4 2 5 10 0 5 4 6 4 11 4 1 3 3 7 7 1 1 8 8 5 9 0 6 10 1 12 8 3 10 11 11 0 11 5 9 8 12 4
5 2 1 14 22 37 38 44 58
# i, ga, gb, res: 7 7 9 -1
#c 0 7 3 0 8 11 1 7 11 8 1 2 8 12 7 11 3 3 1 4 4 4 7 4 2 5 10 0 5 4 6 4 11 4 1 3 3 7 7 1 1 8 8 5 9 0 6 10 1 12 8 3 10 11 11 0 11 5 9 8 12 4
6 5 5 15 32 53 54 56 0 3 27 45 55
# i, ga, gb, res: 8 11 0 -1
#c 0 7 3 0 8 11 1 7 11 8 1 2 8 12 7 11 3 3 1 4 4 4 7 4 2 5 10 0 5 4 6 4 11 4 1 3 3 7 7 1 1 8 8 5 9 0 6 10 1 12 8 3 10 11 11 0 11 5 9 8 12 4
6 2 4 12 41 42 50 59 11 24
# i, ga, gb, res: 9 8 2 -1
#c 0 7 3 0 8 11 1 7 11 8 1 2 8 12 7 11 3 3 1 4 4 4 7 4 2 5 10 0 5 4 6 4 11 4 1 3 3 7 7 1 1 8 8 5 9 0 6 10 1 12 8 3 10 11 11 0 11 5 9 8 12 4
6 5 6 18 34 39 40 48 0 3 27 45 55
# i, ga, gb, res: 10 1 0 -1
#c 0 7 3 0 8 11 1 7 11 8 1 2 8 12 7 11 3 3 1 4 4 4 7 4 2 5 10 0 5 4 6 4 11 4 1 3 3 7 7 1 1 8 8 5 9 0 6 10 1 12 8 3 10 11 11 0 11 5 9 8 12 4
1 2 24 44 58
# i, ga, gb, res: 11 2 9 -1
#c 0 7 3 0 8 11 1 7 11 8 1 2 8 12 7 11 3 3 1 4 4 4 7 4 2 5 10 0 5 4 6 4 11 4 1 3 3 7 7 1 1 8 8 5 9 0 6 10 1 12 8 3 10 11 11 0 11 5 9 8 12 4
6 7 4 9 41 42 50 59 6 10 18 34 39 40 48
# i, ga, gb, res: 12 8 1 -1
#c 0 7 3 0 8 11 1 7 11 8 1 2 8 12 7 11 3 3 1 4 4 4 7 4 2 5 10 0 5 4 6 4 11 4 1 3 3 7 7 1 1 8 8 5 9 0 6 10 1 12 8 3 10 11 11 0 11 5 9 8 12 4
2 2 49 60 44 58
# i, ga, gb, res: 13 12 9 -1
#c 0 7 3 0 8 11 1 7 11 8 1 2 8 12 7 11 3 3 1 4 4 4 7 4 2 5 10 0 5 4 6 4 11 4 1 3 3 7 7 1 1 8 8 5 9 0 6 10 1 12 8 3 10 11 11 0 11 5 9 8 12 4
5 2 1 7 22 37 38 30 46
# i, ga, gb, res: 14 7 6 -1
#c 0 7 3 0 8 11 1 7 11 8 1 2 8 12 7 11 3 3 1 4 4 4 7 4 2 5 10 0 5 4 6 4 11 4 1 3 3 7 7 1 1 8 8 5 9 0 6 10 1 12 8 3 10 11 11 0 11 5 9 8 12 4
6 7 5 8 32 53 54 56 4 9 12 41 42 50 59
# i, ga, gb, res: 15 11 8 1
#c 0 7 3 0 8 11 1 7 11 8 1 2 8 12 7 8 3 3 1 4 4 4 7 4 2 5 10 0 5 4 6 4 11 4 1 3 3 7 7 1 1 8 8 5 9 0 6 10 1 12 8 3 10 11 11 0 11 5 9 8 12 4
5 8 2 17 35 36 51 4 9 12 15 41 42 50 59
# i, ga, gb, res: 16 3 8 -1
#c 0 7 3 0 8 11 1 7 11 8 1 2 8 12 7 8 3 3 1 4 4 4 7 4 2 5 10 0 5 4 6 4 11 4 1 3 3 7 7 1 1 8 8 5 9 0 6 10 1 12 8 3 10 11 11 0 11 5 9 8 12 4
5 6 2 16 35 36 51 1 7 14 22 37 38
# i, ga, gb, res: 17 3 7 -1
#c 0 7 3 0 8 11 1 7 11 8 1 2 8 12 7 8 3 3 1 4 4 4 7 4 2 5 10 0 5 4 6 4 11 4 1 3 3 7 7 1 1 8 8 5 9 0 6 10 1 12 8 3 10 11 11 0 11 5 9 8 12 4
6 3 6 10 34 39 40 48 13 49 60
# i, ga, gb, res: 18 1 12 -1
#c 0 7 3 0 8 11 1 7 11 8 1 2 8 12 7 8 3 3 1 4 4 4 7 4 2 5 10 0 5 4 6 4 11 4 1 3 3 7 7 1 1 8 8 5 9 0 6 10 1 12 8 3 10 11 11 0 11 5 9 8 12 4
7 2 20 21 23 29 31 33 61 44 58
# i, ga, gb, res: 19 4 9 -1
#c 0 7 3 0 8 11 1 7 11 8 1 2 8 12 7 8 3 3 1 4 4 4 7 4 2 5 10 0 5 4 6 4 11 4 1 3 3 7 7 1 1 8 8 5 9 0 6 10 1 12 8 3 10 11 11 0 11 5 9 8 12 4
7 2 19 21 23 29 31 33 61 30 46
# i, ga, gb, res: 20 4 6 -1
#c 0 7 3 0 8 11 1 7 11 8 1 2 8 12 7 8 3 3 1 4 4 4 7 4 2 5 10 0 5 4 6 4 11 4 1 3 3 7 7 1 1 8 8 5 9 0 6 10 1 12 8 3 10 11 11 0 11 5 9 8 12 4
7 7 19 20 23 29 31 33 61 6 10 18 34 39 40 48
# i, ga, gb, res: 21 4 1 -1
#c 0 7 3 0 8 11 1 7 11 8 1 2 8 12 7 8 3 3 1 4 4 4 7 4 2 5 10 0 5 4 6 4 11 4 1 3 3 7 7 1 1 8 8 5 9 0 6 10 1 12 8 3 10 11 11 0 11 5 9 8 12 4
5 7 1 7 14 37 38 6 10 18 34 39 40 48
# i, ga, gb, res: 22 7 1 -1
#c 0 7 3 0 8 11 1 7 11 8 1 2 8 12 7 8 3 3 1 4 4 4 7 4 2 5 10 0 5 4 6 4 11 4 1 3 3 7 7 1 1 8 8 5 9 0 6 10 1 12 8 3 10 11 11 0 11 5 9 8 12 4
7 6 19 20 21 29 31 33 61 1 7 14 22 37 38
# i, ga, gb, res: 23 4 7 1
#c 0 7 3 0 8 11 1 7 11 8 1 2 8 12 7 8 3 3 1 4 4 4 7 7 2 5 10 0 5 4 6 4 11 4 1 3 3 7 7 1 1 8 8 5 9 0 6 10 1 12 8 3 10 11 11 0 11 5 9 8 12 4
1 2 11 44 58
# i, ga, gb, res: 24 2 9 -1
#c 0 7 3 0 8 11 1 7 11 8 1 2 8 12 7 8 3 3 1 4 4 4 7 7 2 5 10 0 5 4 6 4 11 4 1 3 3 7 7 1 1 8 8 5 9 0 6 10 1 12 8 3 10 11 11 0 11 5 9 8 12 4
3 3 28 43 57 26 47 52
# i, ga, gb, res: 25 5 10 -1
#c 0 7 3 0 8 11 1 7 11 8 1 2 8 12 7 8 3 3 1 4 4 4 7 7 2 5 10 0 5 4 6 4 11 4 1 3 3 7 7 1 1 8 8 5 9 0 6 10 1 12 8 3 10 11 11 0 11 5 9 8 12 4
2 5 47 52 0 3 27 45 55
# i, ga, gb, res: 26 10 0 1
#c 0 7 3 0 8 11 1 7 11 8 1 2 8 12 7 8 3 3 1 4 4 4 7 7 2 5 0 0 5 4 6 4 11 4 1 3 3 7 7 1 1 8 8 5 9 0 6 10 1 12 8 3 10 11 11 0 11 5 9 8 12 4
5 4 0 3 26 45 55 25 28 43 57
# i, ga, gb, res: 27 0 5 -1
#c 0 7 3 0 8 11 1 7 11 8 1 2 8 12 7 8 3 3 1 4 4 4 7 7 2 5 0 0 5 4 6 4 11 4 1 3 3 7 7 1 1 8 8 5 9 0 6 10 1 12 8 3 10 11 11 0 11 5 9 8 12 4
3 6 25 43 57 0 3 26 27 45 55
# i, ga, gb, res: 28 5 0 -1
#c 0 7 3 0 8 11 1 7 11 8 1 2 8 12 7 8 3 3 1 4 4 4 7 7 2 5 0 0 5 4 6 4 11 4 1 3 3 7 7 1 1 8 8 5 9 0 6 10 1 12 8 3 10 11 11 0 11 5 9 8 12 4
6 2 19 20 21 31 33 61 30 46
# i, ga, gb, res: 29 4 6 1
#c 0 7 3 0 8 11 1 7 11 8 1 2 8 12 7 8 3 3 1 4 4 4 7 7 2 5 0 0 5 6 6 4 11 4 1 3 3 7 7 1 1 8 8 5 9 0 6 10 1 12 8 3 10 11 11 0 11 5 9 8 12 4
2 6 29 46 19 20 21 31 33 61
# i, ga, gb, res: 30 6 4 -1
#c 0 7 3 0 8 11 1 7 11 8 1 2 8 12 7 8 3 3 1 4 4 4 7 7 2 5 0 0 5 6 6 4 11 4 1 3 3 7 7 1 1 8 8 5 9 0 6 10 1 12 8 3 10 11 11 0 11 5 9 8 12 4
5 4 19 20 21 33 61 25 28 43 57
# i, ga, gb, res: 31 4 5 -1
#c 0 7 3 0 8 11 1 7 11 8 1 2 8 12 7 8 3 3 1 4 4 4 7 7 2 5 0 0 5 6 6 4 11 4 1 3 3 7 7 1 1 8 8 5 9 0 6 10 1 12 8 3 10 11 11 0 11 5 9 8 12 4
5 4 5 8 53 54 56 25 28 43 57
# i, ga, gb, res: 32 11 5 -1
#c 0 7 3 0 8 11 1 7 11 8 1 2 8 12 7 8 3 3 1 4 4 4 7 7 2 5 0 0 5 6 6 4 11 4 1 3 3 7 7 1 1 8 8 5 9 0 6 10 1 12 8 3 10 11 11 0 11 5 9 8 12 4
5 7 19 20 21 31 61 1 7 14 22 23 37 38
# i, ga, gb, res: 33 4 7 -1
#c 0 7 3 0 8 11 1 7 11 8 1 2 8 12 7 8 3 3 1 4 4 4 7 7 2 5 0 0 5 6 6 4 11 4 1 3 3 7 7 1 1 8 8 5 9 0 6 10 1 12 8 3 10 11 11 0 11 5 9 8 12 4
6 2 6 10 18 39 40 48 44 58
# i, ga, gb, res: 34 1 9 -1
#c 0 7 3 0 8 11 1 7 11 8 1 2 8 12 7 8 3 3 1 4 4 4 7 7 2 5 0 0 5 6 6 4 11 4 1 3 3 7 7 1 1 8 8 5 9 0 6 10 1 12 8 3 10 11 11 0 11 5 9 8 12 4
5 6 2 16 17 36 51 5 8 32 53 54 56
# i, ga, gb, res: 35 3 11 -1
#c 0 7 3 0 8 11 1 7 11 8 1 2 8 12 7 8 3 3 1 4 4 4 7 7 2 5 0 0 5 6 6 4 11 4 1 3 3 7 7 1 1 8 8 5 9 0 6 10 1 12 8 3 10 11 11 0 11 5 9 8 12 4
5 2 2 16 17 35 51 47 52
# i, ga, gb, res: 36 3 10 -1
#c 0 7 3 0 8 11 1 7 11 8 1 2 8 12 7 8 3 3 1 4 4 4 7 7 2 5 0 0 5 6 6 4 11 4 1 3 3 7 7 1 1 8 8 5 9 0 6 10 1 12 8 3 10 11 11 0 11 5 9 8 12 4
6 6 1 7 14 22 23 38 0 3 26 27 45 55
# i, ga, gb, res: 37 7 0 -1
#c 0 7 3 0 8 11 1 7 11 8 1 2 8 12 7 8 3 3 1 4 4 4 7 7 2 5 0 0 5 6 6 4 11 4 1 3 3 7 7 1 1 8 8 5 9 0 6 10 1 12 8 3 10 11 11 0 11 5 9 8 12 4
6 2 1 7 14 22 23 37 47 52
# i, ga, gb, res: 38 7 10 -1
#c 0 7 3 0 8 11 1 7 11 8 1 2 8 12 7 8 3 3 1 4 4 4 7 7 2 5 0 0 5 6 6 4 11 4 1 3 3 7 7 1 1 8 8 5 9 0 6 10 1 12 8 3 10 11 11 0 11 5 9 8 12 4
6 3 6 10 18 34 40 48 13 49 60
# i, ga, gb, res: 39 1 12 -1
#c 0 7 3 0 8 11 1 7 11 8 1 2 8 12 7 8 3 3 1 4 4 4 7 7 2 5 0 0 5 6 6 4 11 4 1 3 3 7 7 1 1 8 8 5 9 0 6 10 1 12 8 3 10 11 11 0 11 5 9 8 12 4
6 3 6 10 18 34 39 48 29 30 46
# i, ga, gb, res: 40 1 6 -1
#c 0 7 3 0 8 11 1 7 11 8 1 2 8 12 7 8 3 3 1 4 4 4 7 7 2 5 0 0 5 6 6 4 11 4 1 3 3 7 7 1 1 8 8 5 9 0 6 10 1 12 8 3 10 11 11 0 11 5 9 8 12 4
7 2 4 9 12 15 42 50 59 47 52
# i, ga, gb, res: 41 8 10 -1
#c 0 7 3 0 8 11 1 7 11 8 1 2 8 12 7 8 3 3 1 4 4 4 7 7 2 5 0 0 5 6 6 4 11 4 1 3 3 7 7 1 1 8 8 5 9 0 6 10 1 12 8 3 10 11 11 0 11 5 9 8 12 4
7 2 4 9 12 15 41 50 59 47 52
# i, ga, gb, res: 42 8 10 -1
#c 0 7 3 0 8 11 1 7 11 8 1 2 8 12 7 8 3 3 1 4 4 4 7 7 2 5 0 0 5 6 6 4 11 4 1 3 3 7 7 1 1 8 8 5 9 0 6 10 1 12 8 3 10 11 11 0 11 5 9 8 12 4
3 6 25 28 57 5 8 32 53 54 56
# i, ga, gb, res: 43 5 11 -1
#c 0 7 3 0 8 11 1 7 11 8 1 2 8 12 7 8 3 3 1 4 4 4 7 7 2 5 0 0 5 6 6 4 11 4 1 3 3 7 7 1 1 8 8 5 9 0 6 10 1 12 8 3 10 11 11 0 11 5 9 8 12 4
1 6 58 19 20 21 31 33 61
# i, ga, gb, res: 44 9 4 -1
#c 0 7 3 0 8 11 1 7 11 8 1 2 8 12 7 8 3 3 1 4 4 4 7 7 2 5 0 0 5 6 6 4 11 4 1 3 3 7 7 1 1 8 8 5 9 0 6 10 1 12 8 3 10 11 11 0 11 5 9 8 12 4
5 2 0 3 26 27 55 47 52
# i, ga, gb, res: 45 0 10 -1
#c 0 7 3 0 8 11 1 7 11 8 1 2 8 12 7 8 3 3 1 4 4 4 7 7 2 5 0 0 5 6 6 4 11 4 1 3 3 7 7 1 1 8 8 5 9 0 6 10 1 12 8 3 10 11 11 0 11 5 9 8 12 4
2 7 29 30 1 7 14 22 23 37 38
# i, ga, gb, res: 46 6 7 -1
#c 0 7 3 0 8 11 1 7 11 8 1 2 8 12 7 8 3 3 1 4 4 4 7 7 2 5 0 0 5 6 6 4 11 4 1 3 3 7 7 1 1 8 8 5 9 0 6 10 1 12 8 3 10 11 11 0 11 5 9 8 12 4
1 3 52 13 49 60
# i, ga, gb, res: 47 10 12 -1
#c 0 7 3 0 8 11 1 7 11 8 1 2 8 12 7 8 3 3 1 4 4 4 7 7 2 5 0 0 5 6 6 4 11 4 1 3 3 7 7 1 1 8 8 5 9 0 6 10 1 12 8 3 10 11 11 0 11 5 9 8 12 4
6 6 6 10 18 34 39 40 5 8 32 53 54 56
# i, ga, gb, res: 48 1 11 -1
#c 0 7 3 0 8 11 1 7 11 8 1 2 8 12 7 8 3 3 1 4 4 4 7 7 2 5 0 0 5 6 6 4 11 4 1 3 3 7 7 1 1 8 8 5 9 0 6 10 1 12 8 3 10 11 11 0 11 5 9 8 12 4
2 6 13 60 5 8 32 53 54 56
# i, ga, gb, res: 49 12 11 -1
#c 0 7 3 0 8 11 1 7 11 8 1 2 8 12 7 8 3 3 1 4 4 4 7 7 2 5 0 0 5 6 6 4 11 4 1 3 3 7 7 1 1 8 8 5 9 0 6 10 1 12 8 3 10 11 11 0 11 5 9 8 12 4
7 3 4 9 12 15 41 42 59 13 49 60
# i, ga, gb, res: 50 8 12 -1
#c 0 7 3 0 8 11 1 7 11 8 1 2 8 12 7 8 3 3 1 4 4 4 7 7 2 5 0 0 5 6 6 4 11 4 1 3 3 7 7 1 1 8 8 5 9 0 6 10 1 12 8 3 10 11 11 0 11 5 9 8 12 4
5 6 2 16 17 35 36 5 8 32 53 54 56
# i, ga, gb, res: 51 3 11 -1
#c 0 7 3 0 8 11 1 7 11 8 1 2 8 12 7 8 3 3 1 4 4 4 7 7 2 5 0 0 5 6 6 4 11 4 1 3 3 7 7 1 1 8 8 5 9 0 6 10 1 12 8 3 10 11 11 0 11 5 9 8 12 4
1 8 47 4 9 12 15 41 42 50 59
# i, ga, gb, res: 52 10 8 -1
#c 0 7 3 0 8 11 1 7 11 8 1 2 8 12 7 8 3 3 1 4 4 4 7 7 2 5 0 0 5 6 6 4 11 4 1 3 3 7 7 1 1 8 8 5 9 0 6 10 1 12 8 3 10 11 11 0 11 5 9 8 12 4
5 3 5 8 32 54 56 13 49 60
# i, ga, gb, res: 53 11 12 -1
#c 0 7 3 0 8 11 1 7 11 8 1 2 8 12 7 8 3 3 1 4 4 4 7 7 2 5 0 0 5 6 6 4 11 4 1 3 3 7 7 1 1 8 8 5 9 0 6 10 1 12 8 3 10 11 11 0 11 5 9 8 12 4
5 3 5 8 32 53 56 13 49 60
# i, ga, gb, res: 54 11 12 -1
#c 0 7 3 0 8 11 1 7 11 8 1 2 8 12 7 8 3 3 1 4 4 4 7 7 2 5 0 0 5 6 6 4 11 4 1 3 3 7 7 1 1 8 8 5 9 0 6 10 1 12 8 3 10 11 11 0 11 5 9 8 12 4
5 3 0 3 26 27 45 13 49 60
# i, ga, gb, res: 55 0 12 -1
#c 0 7 3 0 8 11 1 7 11 8 1 2 8 12 7 8 3 3 1 4 4 4 7 7 2 5 0 0 5 6 6 4 11 4 1 3 3 7 7 1 1 8 8 5 9 0 6 10 1 12 8 3 10 11 11 0 11 5 9 8 12 4
5 3 5 8 32 53 54 13 49 60
# i, ga, gb, res: 56 11 12 -1
#c 0 7 3 0 8 11 1 7 11 8 1 2 8 12 7 8 3 3 1 4 4 4 7 7 2 5 0 0 5 6 6 4 11 4 1 3 3 7 7 1 1 8 8 5 9 0 6 10 1 12 8 3 10 11 11 0 11 5 9 8 12 4
3 6 25 28 43 19 20 21 31 33 61
# i, ga, gb, res: 57 5 4 1
#c 0 7 3 0 8 11 1 7 11 8 1 2 8 12 7 8 3 3 1 4 4 4 7 7 2 5 0 0 5 6 6 4 11 4 1 3 3 7 7 1 1 8 8 5 9 0 6 10 1 12 8 3 10 11 11 0 11 4 9 8 12 4
1 2 44 11 24
# i, ga, gb, res: 58 9 2 -1
#c 0 7 3 0 8 11 1 7 11 8 1 2 8 12 7 8 3 3 1 4 4 4 7 7 2 5 0 0 5 6 6 4 11 4 1 3 3 7 7 1 1 8 8 5 9 0 6 10 1 12 8 3 10 11 11 0 11 4 9 8 12 4
7 6 4 9 12 15 41 42 50 5 8 32 53 54 56
# i, ga, gb, res: 59 8 11 -1
#c 0 7 3 0 8 11 1 7 11 8 1 2 8 12 7 8 3 3 1 4 4 4 7 7 2 5 0 0 5 6 6 4 11 4 1 3 3 7 7 1 1 8 8 5 9 0 6 10 1 12 8 3 10 11 11 0 11 4 9 8 12 4
2 7 13 49 19 20 21 31 33 57 61
# i, ga, gb, res: 60 12 4 -1
#c 0 7 3 0 8 11 1 7 11 8 1 2 8 12 7 8 3 3 1 4 4 4 7 7 2 5 0 0 5 6 6 4 11 4 1 3 3 7 7 1 1 8 8 5 9 0 6 10 1 12 8 3 10 11 11 0 11 4 9 8 12 4
6 3 19 20 21 31 33 57 25 28 43
# i, ga, gb, res: 61 4 5 -1
#c 0 7 3 0 8 11 1 7 11 8 1 2 8 12 7 8 3 3 1 4 4 4 7 7 2 5 0 0 5 6 6 4 11 4 1 3 3 7 7 1 1 8 8 5 9 0 6 10 1 12 8 3 10 11 11 0 11 4 9 8 12 4
7 8 1 7 14 22 23 37 38 4 9 12 15 41 42 50 59
7 8 19 20 21 31 33 57 61 4 9 12 15 41 42 50 59
7 7 6 10 18 34 39 40 48 1 7 14 22 23 37 38
6 6 6 10 18 34 40 48 1 7 14 22 37 38
7 7 1 7 14 22 23 37 38 19 20 21 31 33 57 61
6 6 1 7 22 23 37 38 20 21 31 33 57 61
7 6 6 10 18 34 39 40 48 5 8 32 53 54 56
6 5 6 10 18 34 39 40 5 8 32 53 56
2 3 44 58 13 49 60
6 3 2 16 17 35 36 51 25 28 43
5 2 16 17 35 36 51 25 43
7 6 6 10 18 34 39 40 48 2 16 17 35 36 51
6 5 6 10 18 34 40 48 2 16 35 36 51
7 3 19 20 21 31 33 57 61 25 28 43
6 2 19 20 21 33 57 61 25 28
7 2 6 10 18 34 39 40 48 44 58
6 1 6 10 18 34 40 48 58
6 3 2 16 17 35 36 51 13 49 60
5 2 2 17 35 36 51 13 49
3 2 29 30 46 47 52
2 1 30 46 47
7 7 6 10 18 34 39 40 48 19 20 21 31 33 57 61
6 6 6 10 18 34 40 48 20 21 31 33 57 61
6 8 2 16 17 35 36 51 4 9 12 15 41 42 50 59
7 8 6 10 18 34 39 40 48 4 9 12 15 41 42 50 59
7 6 1 7 14 22 23 37 38 5 8 32 53 54 56
6 5 1 14 22 23 37 38 5 8 32 54 56
#c 0 7 3 0 8 11 1 11 11 8 1 2 8 12 7 8 3 3 1 4 4 4 7 7 2 5 0 0 5 6 6 4 11 4 1 3 3 7 7 1 1 8 8 5 9 0 6 10 1 12 8 3 10 7 11 0 11 4 9 8 12 4
7 2 19 20 21 31 33 57 61 11 24
6 1 19 21 31 33 57 61 11
6 6 0 3 26 27 45 55 5 7 8 32 54 56
5 5 0 3 27 45 55 7 8 32 54 56
3 3 29 30 46 25 28 43
2 2 29 30 28 43
7 6 1 14 22 23 37 38 53 2 16 17 35 36 51
6 5 1 14 23 37 38 53 2 16 17 35 36
2 3 44 58 13 49 60
7 7 1 14 22 23 37 38 53 19 20 21 31 33 57 61
6 6 1 22 23 37 38 53 19 20 21 31 33 61
7 7 6 10 18 34 39 40 48 19 20 21 31 33 57 61
6 6 6 10 18 34 40 48 19 20 31 33 57 61
6 3 5 7 8 32 54 56 13 49 60
5 2 5 7 8 54 56 13 49
7 3 19 20 21 31 33 57 61 29 30 46
6 2 19 20 21 33 57 61 30 46
7 3 19 20 21 31 33 57 61 25 28 43
6 2 19 20 21 31 57 61 28 43
6 7 2 16 17 35 36 51 6 10 18 34 39 40 48
7 7 1 14 22 23 37 38 53 6 10 18 34 39 40 48
6 2 2 16 17 35 36 51 47 52
5 1 2 16 17 35 51 47
6 8 5 7 8 32 54 56 4 9 12 15 41 42 50 59
6 6 5 7 8 32 54 56 2 16 17 35 36 51
5 5 7 8 32 54 56 2 16 35 36 51
#c 0 7 3 0 8 3 1 11 11 8 1 2 8 12 7 8 3 11 1 4 4 4 7 7 2 5 0 0 5 6 6 4 11 4 1 3 3 7 7 1 1 8 8 5 9 0 6 10 1 12 8 3 10 7 11 0 11 4 9 8 12 4
7 7 6 10 18 34 39 40 48 19 20 21 31 33 57 61
6 6 6 10 18 34 40 48 19 21 31 33 57 61
6 7 2 5 16 35 36 51 19 20 21 31 33 57 61
6 2 2 5 16 35 36 51 44 58
5 1 2 5 16 35 51 44
6 3 0 3 26 27 45 55 25 28 43
5 2 0 3 26 27 55 28 43
6 7 2 5 16 35 36 51 6 10 18 34 39 40 48
6 7 2 5 16 35 36 51 1 14 22 23 37 38 53
7 8 19 20 21 31 33 57 61 4 9 12 15 41 42 50 59
6 2 7 8 17 32 54 56 44 58
5 1 7 8 32 54 56 44
6 7 7 8 17 32 54 56 19 20 21 31 33 57 61
6 3 7 8 17 32 54 56 29 30 46
7 6 6 10 18 34 39 40 48 7 8 17 32 54 56
6 5 6 10 34 39 40 48 7 8 17 32 54
6 2 2 5 16 35 36 51 47 52
5 1 2 16 35 36 51 52
6 6 0 3 26 27 45 55 7 8 17 32 54 56
5 5 0 3 26 45 55 7 17 32 54 56
7 2 1 14 22 23 37 38 53 44 58
6 1 1 14 22 37 38 53 44
6 2 7 8 17 32 54 56 47 52
5 1 7 8 17 32 56 52
#c 0 7 3 0 8 3 1 11 11 8 1 2 8 12 7 8 3 11 1 4 4 4 7 7 2 5 0 0 5 6 6 4 11 4 1 3 3 7 7 1 1 8 8 5 9 0 6 11 1 12 8 3 10 7 10 0 11 4 9 8 12 4
7 3 1 14 22 23 37 38 53 25 28 43
6 2 1 14 22 23 38 53 25 43
3 8 13 49 60 4 9 12 15 41 42 50 59
7 2 1 14 22 23 37 38 53 52 54
6 1 14 22 23 37 38 53 52
3 3 29 30 46 13 49 60
2 2 30 46 49 60
#c 0 7 3 0 8 3 1 11 11 8 1 2 8 6 7 8 3 11 1 4 4 4 7 7 2 5 0 0 5 12 6 4 11 4 1 3 3 7 7 1 1 8 8 5 9 0 6 11 1 12 8 3 10 7 10 0 11 4 9 8 12 4
3 6 13 30 46 7 8 17 32 47 56
2 5 30 46 7 8 17 32 56
7 6 19 20 21 31 33 57 61 2 5 16 35 36 51
6 5 19 20 21 31 33 57 2 5 16 35 51
7 2 19 20 21 31 33 57 61 44 58
6 1 19 20 31 33 57 61 58
3 2 25 28 43 52 54
2 1 25 28 54
7 3 1 14 22 23 37 38 53 25 28 43
6 2 1 14 23 37 38 53 28 43
6 8 2 5 16 35 36 51 4 9 12 15 41 42 50 59
6 8 0 3 26 27 45 55 4 9 12 15 41 42 50 59
5 7 0 3 26 27 55 4 9 12 15 41 42 50
2 2 44 58 11 24
3 6 13 30 46 7 8 17 32 47 56
2 5 30 46 7 8 17 32 56
7 3 6 10 18 34 39 40 48 13 30 46
6 2 6 10 34 39 40 48 13 46
7 3 1 14 22 23 37 38 53 29 49 60
6 2 14 22 23 37 38 53 49 60
#c 0 12 3 0 8 3 1 11 11 8 1 2 8 6 7 8 3 11 1 4 4 4 7 7 2 5 0 0 5 7 6 4 11 4 1 3 3 7 7 1 1 8 8 5 9 0 6 11 1 12 8 3 10 7 10 0 11 4 9 8 12 4
6 3 7 8 17 32 47 56 25 28 43
5 2 8 17 32 47 56 25 28
7 3 19 20 21 31 33 57 61 13 30 46
6 2 19 20 21 31 33 61 13 30
7 3 19 20 21 31 33 57 61 25 28 43
6 2 19 20 21 31 33 57 25 43
7 6 19 20 21 31 33 57 61 0 3 26 27 45 55
6 2 7 8 17 32 47 56 52 54
5 1 7 8 17 47 56 54
6 2 0 3 26 27 45 55 52 54
5 1 0 3 26 27 45 54
6 7 7 8 17 32 47 56 19 20 21 31 33 57 61
6 3 7 8 17 32 47 56 13 30 46
7 2 19 20 21 31 33 57 61 52 54
6 1 19 20 21 31 33 57 54
6 7 2 5 16 35 36 51 19 20 21 31 33 57 61
8 6 4 9 12 15 41 42 50 59 0 3 26 27 45 55
6 3 7 8 17 32 47 56 1 49 60
7 8 14 22 23 29 37 38 53 4 9 12 15 41 42 50 59
8 2 4 9 12 15 41 42 50 59 44 58
7 1 4 9 12 15 41 42 50 44
6 8 7 8 17 32 47 56 4 9 12 15 41 42 50 59
6 6 7 8 17 32 47 56 0 3 26 27 45 55
7 3 19 20 21 31 33 57 61 1 49 60
6 2 19 20 21 31 57 61 1 49
6 3 2 5 16 35 36 51 25 28 43
5 2 2 5 16 36 51 25 43
7 2 19 20 21 31 33 57 61 11 24
6 1 20 21 31 33 57 61 24
3 2 1 49 60 44 58
2 1 49 60 44
6 7 2 5 16 35 36 51 6 10 18 34 39 40 48
6 8 7 8 17 32 47 56 4 9 12 15 41 42 50 59
6 2 7 8 17 32 47 56 11 24
5 1 8 17 32 47 56 24
7 3 14 22 23 29 37 38 53 1 49 60
7 8 14 22 23 29 37 38 53 4 9 12 15 41 42 50 59
7 7 6 10 18 34 39 40 48 19 20 21 31 33 57 61
6 6 6 10 18 34 39 40 19 20 21 31 57 61
7 3 14 22 23 29 37 38 53 13 30 46
6 2 14 22 23 29 37 53 13 46
7 2 19 20 21 31 33 57 61 11 24
6 1 19 20 31 33 57 61 24
3 2 25 28 43 11 24
2 1 25 28 24
6 6 2 5 16 35 36 51 0 3 26 27 45 55
7 7 19 20 21 31 33 57 61 14 22 23 29 37 38 53
6 6 19 20 21 31 33 61 14 22 23 29 37 53
7 6 14 22 23 29 37 38 53 7 8 17 32 47 56
6 5 14 22 29 37 38 53 7 8 32 47 56
8 6 4 9 12 15 41 42 50 59 2 5 16 35 36 51
7 5 4 12 15 41 42 50 59 2 5 16 35 36
6 6 7 8 17 32 47 56 0 3 26 27 45 55
8 7 4 9 12 15 41 42 50 59 6 10 18 34 39 40 48
7 6 4 9 12 15 41 50 59 6 18 34 39 40 48
6 8 0 3 26 27 45 55 4 9 12 15 41 42 50 59
5 7 0 3 26 45 55 4 9 12 15 41 42 50
8 3 4 9 12 15 41 42 50 59 13 30 46
7 2 4 9 12 41 42 50 59 13 30
7 6 14 22 23 29 37 38 53 0 3 26 27 45 55
3 3 1 49 60 13 30 46
2 2 49 60 13 46
3 7 1 49 60 19 20 21 31 33 57 61
6 8 0 3 26 27 45 55 4 9 12 15 41 42 50 59
5 7 0 3 27 45 55 9 12 15 41 42 50 59
6 6 0 3 26 27 45 55 7 8 17 32 47 56
5 5 0 3 27 45 55 7 8 17 47 56
#c 0 12 3 0 8 3 1 11 11 8 1 2 8 6 7 8 3 11 1 4 4 4 7 7 2 5 11 0 5 7 6 4 0 4 1 3 3 7 7 1 1 8 8 5 9 0 6 11 1 12 8 3 10 7 10 0 11 4 9 8 12 4
8 6 4 9 12 15 41 42 50 59 0 3 27 32 45 55
3 6 1 49 60 7 8 17 26 47 56
2 5 49 60 7 8 26 47 56
7 7 14 22 23 29 37 38 53 19 20 21 31 33 57 61
7 3 14 22 23 29 37 38 53 25 28 43
6 2 14 22 23 29 37 38 28 43
8 7 4 9 12 15 41 42 50 59 14 22 23 29 37 38 53
7 6 9 12 15 41 42 50 59 14 22 23 29 38 53
8 7 4 9 12 15 41 42 50 59 6 10 18 34 39 40 48
7 6 4 9 12 15 41 42 50 6 10 18 34 40 48
7 3 19 20 21 31 33 57 61 25 28 43
6 2 19 20 21 33 57 61 25 43
7 3 6 10 18 34 39 40 48 1 49 60
6 2 6 10 18 34 39 40 1 60
6 6 0 3 27 32 45 55 2 5 16 35 36 51
5 5 0 3 27 32 45 2 5 16 36 51
#c 0 12 3 0 8 3 1 11 11 8 1 2 8 6 7 8 3 11 1 4 4 4 7 7 2 5 11 0 5 7 6 4 0 4 1 0 3 7 7 1 1 8 8 5 9 0 6 11 1 12 8 3 10 7 10 3 11 4 9 8 12 4
6 3 2 5 16 36 51 55 1 49 60
5 2 5 16 36 51 55 1 49
2 6 11 24 0 3 27 32 35 45
2 3 44 58 13 30 46
7 3 6 10 18 34 39 40 48 1 49 60
6 2 6 10 34 39 40 48 1 60
7 7 19 20 21 31 33 57 61 14 22 23 29 37 38 53
6 6 19 20 21 31 33 57 14 22 23 29 37 38
7 2 14 22 23 29 37 38 53 52 54
6 1 14 22 23 37 38 53 54
3 2 1 49 60 52 54
2 1 49 60 52
7 6 6 10 18 34 39 40 48 2 5 16 36 51 55
6 5 6 10 18 34 39 40 2 16 36 51 55
8 7 4 9 12 15 41 42 50 59 6 10 18 34 39 40 48
7 6 4 9 12 15 41 50 59 10 18 34 39 40 48
6 2 2 5 16 36 51 55 11 24
5 1 2 16 36 51 55 24
6 3 0 3 27 32 35 45 1 49 60
5 2 0 3 32 35 45 1 49
6 7 2 5 16 36 51 55 19 20 21 31 33 57 61
5 6 5 16 36 51 55 19 20 21 31 33 61
8 2 4 9 12 15 41 42 50 59 11 24
7 1 4 12 15 41 42 50 59 11
7 3 14 22 23 29 37 38 53 1 49 60
7 3 6 10 18 34 39 40 48 13 30 46
6 2 6 10 18 34 39 48 13 30
7 7 14 22 23 29 37 38 53 6 10 18 34 39 40 48
8 3 4 9 12 15 41 42 50 59 13 30 46
7 2 4 9 12 15 41 50 59 13 30
7 6 14 22 23 29 37 38 53 7 8 17 26 47 56
6 5 14 22 29 37 38 53 8 17 26 47 56
3 7 1 49 60 14 22 23 29 37 38 53
2 6 49 60 14 22 23 29 38 53
7 2 6 10 18 34 39 40 48 52 54
6 1 6 18 34 39 40 48 54
6 2 0 3 27 32 35 45 44 58
5 1 0 3 32 35 45 58
6 7 0 3 27 32 35 45 19 20 21 31 33 57 61
5 6 0 3 27 35 45 20 21 31 33 57 61
7 3 19 20 21 31 33 57 61 13 30 46
6 2 19 20 21 31 33 57 30 46
7 8 19 20 21 31 33 57 61 4 9 12 15 41 42 50 59
7 6 6 10 18 34 39 40 48 0 3 27 32 35 45
6 5 6 10 18 34 39 48 0 27 32 35 45
8 7 4 9 12 15 41 42 50 59 19 20 21 31 33 57 61
7 6 4 9 12 15 41 42 50 19 20 21 31 33 61
#c 0 12 3 0 8 3 1 11 11 8 1 2 8 6 7 8 3 11 1 4 4 4 7 7 2 5 11 0 5 7 6 4 0 4 1 0 3 7 7 1 1 8 8 5 9 0 6 11 1 12 8 3 10 7 10 3 11 8 9 4 12 4
7 7 19 20 21 31 33 59 61 6 10 18 34 39 40 48
2 3 44 58 1 49 60
8 3 4 9 12 15 41 42 50 57 1 49 60
7 2 4 9 12 41 42 50 57 1 49
6 2 7 8 17 26 47 56 52 54
5 1 7 8 17 26 56 54
6 6 2 5 16 36 51 55 0 3 27 32 35 45
5 3 3 27 32 35 45 1 49 60
# i, ga, gb, res: 0 0 12 -1
#c 0 12 3 0 8 3 1 11 11 8 1 2 8 6 7 8 3 11 1 4 4 4 7 7 2 5 11 0 5 7 6 4 0 4 1 0 3 7 7 1 1 8 8 5 9 0 6 11 1 12 8 3 10 7 10 3 11 8 9 4 12 4
0 12 3 0 8 3 1 11 11 8 1 2 8 6 7 8 3 11 1 4 4 4 7 7 2 5 11 0 5 7 6 4 0 4 1 0 3 7 7 1 1 8 8 5 9 0 6 11 1 12 8 3 10 7 10 3 11 8 9 4 12 4
