#c 0 0 0 0 0 0 0 0 1 1 1 1 1 1 1 1 2 2 2 2 2 2 2 2 3 3 3 3 3 3 3 3 4 4 4 4 4 4 4
1 1 1 0
1 1 2 1
1 1 3 2
1 1 3 0
1 1 3 1
1 1 3 2
1 1 4 2
1 1 4 0
1 1 4 1
1 1 4 3
1 1 5 2
1 1 5 0
1 1 5 1
1 1 5 4
1 1 5 3
1 1 5 2
1 1 6 2
1 1 6 0
1 1 6 1
1 1 6 4
1 1 6 3
1 1 6 5
1 1 8 7
1 1 9 8
1 1 9 7
1 1 10 8
1 1 10 9
1 1 10 7
1 1 10 8
1 1 11 8
1 1 11 9
1 1 11 7
1 1 11 10
1 1 11 8
1 1 12 8
1 1 12 9
1 1 12 7
1 1 12 10
1 1 12 11
1 1 13 8
1 1 13 9
1 1 15 14
1 1 15 14
1 1 16 14
1 1 16 15
1 1 17 14
1 1 17 16
1 1 17 15
1 1 17 14
1 1 18 14
1 1 18 16
1 1 18 15
1 1 18 17
1 1 19 14
1 1 19 16
1 1 19 15
1 1 19 18
1 1 19 17
1 1 8 2
1 1 11 2
1 1 11 5
1 1 11 6
1 1 11 3
1 1 12 3
1 1 10 3
1 1 10 4
1 1 10 1
1 1 10 0
1 1 14 8
1 1 14 2
1 1 17 2
1 1 17 5
1 1 17 6
1 1 19 6
1 1 19 11
1 1 18 11
1 1 18 12
1 1 15 12
1 1 15 3
1 1 15 4
1 1 16 4
1 1 16 1
1 1 16 0
1 1 16 10
1 1 21 20
1 1 21 20
1 1 22 20
1 1 22 21
1 1 22 20
1 1 23 20
1 1 23 21
1 1 23 22
1 1 24 20
1 1 24 21
1 1 25 20
1 1 25 24
1 1 25 21
1 1 26 20
1 1 26 24
1 1 26 25
1 1 26 21
1 1 26 23
1 1 28 27
1 1 29 28
1 1 29 27
1 1 30 28
1 1 30 29
1 1 30 27
1 1 30 28
1 1 31 28
1 1 31 29
1 1 32 28
1 1 32 31
1 1 32 29
1 1 33 28
1 1 33 31
1 1 33 32
1 1 33 29
1 1 33 27
1 1 35 34
1 1 35 34
1 1 36 34
1 1 36 35
1 1 36 34
1 1 37 34
1 1 38 37
1 1 38 35
1 1 38 36
1 1 38 34
1 1 28 20
1 1 30 20
1 1 30 22
1 1 30 23
1 1 30 26
1 1 27 26
1 1 33 26
1 1 29 26
1 1 29 21
1 1 32 21
1 1 32 25
1 1 31 25
1 1 31 24
1 1 37 28
1 1 37 20
1 1 37 22
1 1 34 22
1 1 34 23
1 1 38 23
1 1 38 30
1 1 38 27
1 1 38 33
1 1 36 33
1 1 35 33
1 1 35 26
1 1 24 13
1 1 31 13
1 1 31 9
1 1 25 9
1 1 32 9
1 1 21 9
1 1 29 9
1 1 26 9
1 1 26 7
1 1 26 10
1 1 35 10
1 1 35 16
1 1 35 0
1 1 33 0
1 1 36 0
1 1 38 0
1 1 27 0
1 1 30 0
1 1 30 1
1 1 30 4
1 1 30 15
1 1 30 3
1 1 23 3
1 1 23 12
1 1 34 12
1 1 22 12
1 1 37 12
1 1 37 18
1 1 37 11
1 1 37 19
1 1 37 6
1 1 20 6
1 1 20 17
1 1 20 5
1 1 20 2
1 1 28 2
7 7 1 2 3 4 5 6 7 32 33 34 35 36 37 38
# i, ga, gb, res: 0 0 4 -1
#c 0 0 0 0 0 0 0 0 1 1 1 1 1 1 1 1 2 2 2 2 2 2 2 2 3 3 3 3 3 3 3 3 4 4 4 4 4 4 4
7 8 0 2 3 4 5 6 7 8 9 10 11 12 13 14 15
# i, ga, gb, res: 1 0 1 -1
#c 0 0 0 0 0 0 0 0 1 1 1 1 1 1 1 1 2 2 2 2 2 2 2 2 3 3 3 3 3 3 3 3 4 4 4 4 4 4 4
7 8 0 1 3 4 5 6 7 16 17 18 19 20 21 22 23
# i, ga, gb, res: 2 0 2 1
#c 0 0 2 0 0 0 0 0 1 1 1 1 1 1 1 1 2 2 2 2 2 2 2 2 3 3 3 3 3 3 3 3 4 4 4 4 4 4 4
6 9 0 1 4 5 6 7 2 16 17 18 19 20 21 22 23
# i, ga, gb, res: 3 0 2 -1
#c 0 0 2 0 0 0 0 0 1 1 1 1 1 1 1 1 2 2 2 2 2 2 2 2 3 3 3 3 3 3 3 3 4 4 4 4 4 4 4
6 9 0 1 3 5 6 7 2 16 17 18 19 20 21 22 23
# i, ga, gb, res: 4 0 2 -1
#c 0 0 2 0 0 0 0 0 1 1 1 1 1 1 1 1 2 2 2 2 2 2 2 2 3 3 3 3 3 3 3 3 4 4 4 4 4 4 4
6 8 0 1 3 4 6 7 24 25 26 27 28 29 30 31
# i, ga, gb, res: 5 0 3 -1
#c 0 0 2 0 0 0 0 0 1 1 1 1 1 1 1 1 2 2 2 2 2 2 2 2 3 3 3 3 3 3 3 3 4 4 4 4 4 4 4
6 8 0 1 3 4 5 7 8 9 10 11 12 13 14 15
# i, ga, gb, res: 6 0 1 -1
#c 0 0 2 0 0 0 0 0 1 1 1 1 1 1 1 1 2 2 2 2 2 2 2 2 3 3 3 3 3 3 3 3 4 4 4 4 4 4 4
6 7 0 1 3 4 5 6 32 33 34 35 36 37 38
# i, ga, gb, res: 7 0 4 -1
#c 0 0 2 0 0 0 0 0 1 1 1 1 1 1 1 1 2 2 2 2 2 2 2 2 3 3 3 3 3 3 3 3 4 4 4 4 4 4 4
7 7 9 10 11 12 13 14 15 0 1 3 4 5 6 7
# i, ga, gb, res: 8 1 0 1
#c 0 0 2 0 0 0 0 0 0 1 1 1 1 1 1 1 2 2 2 2 2 2 2 2 3 3 3 3 3 3 3 3 4 4 4 4 4 4 4
6 7 10 11 12 13 14 15 32 33 34 35 36 37 38
# i, ga, gb, res: 9 1 4 -1
#c 0 0 2 0 0 0 0 0 0 1 1 1 1 1 1 1 2 2 2 2 2 2 2 2 3 3 3 3 3 3 3 3 4 4 4 4 4 4 4
6 8 9 11 12 13 14 15 0 1 3 4 5 6 7 8
# i, ga, gb, res: 10 1 0 1
#c 0 0 2 0 0 0 0 0 0 1 0 1 1 1 1 1 2 2 2 2 2 2 2 2 3 3 3 3 3 3 3 3 4 4 4 4 4 4 4
5 9 9 12 13 14 15 2 16 17 18 19 20 21 22 23
# i, ga, gb, res: 11 1 2 1
#c 0 0 2 0 0 0 0 0 0 1 0 2 1 1 1 1 2 2 2 2 2 2 2 2 3 3 3 3 3 3 3 3 4 4 4 4 4 4 4
4 10 9 13 14 15 2 11 16 17 18 19 20 21 22 23
# i, ga, gb, res: 12 1 2 1
#c 0 0 2 0 0 0 0 0 0 1 0 2 2 1 1 1 2 2 2 2 2 2 2 2 3 3 3 3 3 3 3 3 4 4 4 4 4 4 4
3 9 9 14 15 0 1 3 4 5 6 7 8 10
# i, ga, gb, res: 13 1 0 -1
#c 0 0 2 0 0 0 0 0 0 1 0 2 2 1 1 1 2 2 2 2 2 2 2 2 3 3 3 3 3 3 3 3 4 4 4 4 4 4 4
3 11 9 13 15 2 11 12 16 17 18 19 20 21 22 23
# i, ga, gb, res: 14 1 2 1
#c 0 0 2 0 0 0 0 0 0 1 0 2 2 1 2 1 2 2 2 2 2 2 2 2 3 3 3 3 3 3 3 3 4 4 4 4 4 4 4
2 7 9 13 32 33 34 35 36 37 38
# i, ga, gb, res: 15 1 4 -1
#c 0 0 2 0 0 0 0 0 0 1 0 2 2 1 2 1 2 2 2 2 2 2 2 2 3 3 3 3 3 3 3 3 4 4 4 4 4 4 4
11 8 2 11 12 14 17 18 19 20 21 22 23 24 25 26 27 28 29 30 31
# i, ga, gb, res: 16 2 3 -1
#c 0 0 2 0 0 0 0 0 0 1 0 2 2 1 2 1 2 2 2 2 2 2 2 2 3 3 3 3 3 3 3 3 4 4 4 4 4 4 4
11 7 2 11 12 14 16 18 19 20 21 22 23 32 33 34 35 36 37 38
# i, ga, gb, res: 17 2 4 -1
#c 0 0 2 0 0 0 0 0 0 1 0 2 2 1 2 1 2 2 2 2 2 2 2 2 3 3 3 3 3 3 3 3 4 4 4 4 4 4 4
11 9 2 11 12 14 16 17 19 20 21 22 23 0 1 3 4 5 6 7 8 10
# i, ga, gb, res: 18 2 0 -1
#c 0 0 2 0 0 0 0 0 0 1 0 2 2 1 2 1 2 2 2 2 2 2 2 2 3 3 3 3 3 3 3 3 4 4 4 4 4 4 4
11 3 2 11 12 14 16 17 18 20 21 22 23 9 13 15
# i, ga, gb, res: 19 2 1 -1
#c 0 0 2 0 0 0 0 0 0 1 0 2 2 1 2 1 2 2 2 2 2 2 2 2 3 3 3 3 3 3 3 3 4 4 4 4 4 4 4
11 3 2 11 12 14 16 17 18 19 21 22 23 9 13 15
# i, ga, gb, res: 20 2 1 -1
#c 0 0 2 0 0 0 0 0 0 1 0 2 2 1 2 1 2 2 2 2 2 2 2 2 3 3 3 3 3 3 3 3 4 4 4 4 4 4 4
11 3 2 11 12 14 16 17 18 19 20 22 23 9 13 15
# i, ga, gb, res: 21 2 1 -1
#c 0 0 2 0 0 0 0 0 0 1 0 2 2 1 2 1 2 2 2 2 2 2 2 2 3 3 3 3 3 3 3 3 4 4 4 4 4 4 4
11 7 2 11 12 14 16 17 18 19 20 21 23 32 33 34 35 36 37 38
# i, ga, gb, res: 22 2 4 -1
#c 0 0 2 0 0 0 0 0 0 1 0 2 2 1 2 1 2 2 2 2 2 2 2 2 3 3 3 3 3 3 3 3 4 4 4 4 4 4 4
11 3 2 11 12 14 16 17 18 19 20 21 22 9 13 15
# i, ga, gb, res: 23 2 1 -1
#c 0 0 2 0 0 0 0 0 0 1 0 2 2 1 2 1 2 2 2 2 2 2 2 2 3 3 3 3 3 3 3 3 4 4 4 4 4 4 4
7 12 25 26 27 28 29 30 31 2 11 12 14 16 17 18 19 20 21 22 23
# i, ga, gb, res: 24 3 2 1
#c 0 0 2 0 0 0 0 0 0 1 0 2 2 1 2 1 2 2 2 2 2 2 2 2 2 3 3 3 3 3 3 3 4 4 4 4 4 4 4
6 7 26 27 28 29 30 31 32 33 34 35 36 37 38
# i, ga, gb, res: 25 3 4 1
#c 0 0 2 0 0 0 0 0 0 1 0 2 2 1 2 1 2 2 2 2 2 2 2 2 2 4 3 3 3 3 3 3 4 4 4 4 4 4 4
5 13 27 28 29 30 31 2 11 12 14 16 17 18 19 20 21 22 23 24
# i, ga, gb, res: 26 3 2 -1
#c 0 0 2 0 0 0 0 0 0 1 0 2 2 1 2 1 2 2 2 2 2 2 2 2 2 4 3 3 3 3 3 3 4 4 4 4 4 4 4
5 13 26 28 29 30 31 2 11 12 14 16 17 18 19 20 21 22 23 24
# i, ga, gb, res: 27 3 2 -1
#c 0 0 2 0 0 0 0 0 0 1 0 2 2 1 2 1 2 2 2 2 2 2 2 2 2 4 3 3 3 3 3 3 4 4 4 4 4 4 4
5 13 26 27 29 30 31 2 11 12 14 16 17 18 19 20 21 22 23 24
# i, ga, gb, res: 28 3 2 -1
#c 0 0 2 0 0 0 0 0 0 1 0 2 2 1 2 1 2 2 2 2 2 2 2 2 2 4 3 3 3 3 3 3 4 4 4 4 4 4 4
5 3 26 27 28 30 31 9 13 15
# i, ga, gb, res: 29 3 1 1
#c 0 0 2 0 0 0 0 0 0 1 0 2 2 1 2 1 2 2 2 2 2 2 2 2 2 4 3 3 3 1 3 3 4 4 4 4 4 4 4
4 9 26 27 28 31 0 1 3 4 5 6 7 8 10
# i, ga, gb, res: 30 3 0 -1
#c 0 0 2 0 0 0 0 0 0 1 0 2 2 1 2 1 2 2 2 2 2 2 2 2 2 4 3 3 3 1 3 3 4 4 4 4 4 4 4
4 4 26 27 28 30 9 13 15 29
# i, ga, gb, res: 31 3 1 -1
#c 0 0 2 0 0 0 0 0 0 1 0 2 2 1 2 1 2 2 2 2 2 2 2 2 2 4 3 3 3 1 3 3 4 4 4 4 4 4 4
7 5 25 33 34 35 36 37 38 26 27 28 30 31
# i, ga, gb, res: 32 4 3 1
#c 0 0 2 0 0 0 0 0 0 1 0 2 2 1 2 1 2 2 2 2 2 2 2 2 2 4 3 3 3 1 3 3 3 4 4 4 4 4 4
6 9 25 34 35 36 37 38 0 1 3 4 5 6 7 8 10
# i, ga, gb, res: 33 4 0 1
#c 0 0 2 0 0 0 0 0 0 1 0 2 2 1 2 1 2 2 2 2 2 2 2 2 2 4 3 3 3 1 3 3 3 0 4 4 4 4 4
5 4 25 35 36 37 38 9 13 15 29
# i, ga, gb, res: 34 4 1 -1
#c 0 0 2 0 0 0 0 0 0 1 0 2 2 1 2 1 2 2 2 2 2 2 2 2 2 4 3 3 3 1 3 3 3 0 4 4 4 4 4
5 4 25 34 36 37 38 9 13 15 29
# i, ga, gb, res: 35 4 1 -1
#c 0 0 2 0 0 0 0 0 0 1 0 2 2 1 2 1 2 2 2 2 2 2 2 2 2 4 3 3 3 1 3 3 3 0 4 4 4 4 4
5 6 25 34 35 37 38 26 27 28 30 31 32
# i, ga, gb, res: 36 4 3 -1
#c 0 0 2 0 0 0 0 0 0 1 0 2 2 1 2 1 2 2 2 2 2 2 2 2 2 4 3 3 3 1 3 3 3 0 4 4 4 4 4
5 6 25 34 35 36 38 26 27 28 30 31 32
# i, ga, gb, res: 37 4 3 -1
#c 0 0 2 0 0 0 0 0 0 1 0 2 2 1 2 1 2 2 2 2 2 2 2 2 2 4 3 3 3 1 3 3 3 0 4 4 4 4 4
5 13 25 34 35 36 37 2 11 12 14 16 17 18 19 20 21 22 23 24
# i, ga, gb, res: 38 4 2 -1
#c 0 0 2 0 0 0 0 0 0 1 0 2 2 1 2 1 2 2 2 2 2 2 2 2 2 4 3 3 3 1 3 3 3 0 4 4 4 4 4
9 13 1 3 4 5 6 7 8 10 33 2 11 12 14 16 17 18 19 20 21 22 23 24
# i, ga, gb, res: 0 0 2 -1
#c 0 0 2 0 0 0 0 0 0 1 0 2 2 1 2 1 2 2 2 2 2 2 2 2 2 4 3 3 3 1 3 3 3 0 4 4 4 4 4
9 6 0 3 4 5 6 7 8 10 33 26 27 28 30 31 32
# i, ga, gb, res: 1 0 3 -1
#c 0 0 2 0 0 0 0 0 0 1 0 2 2 1 2 1 2 2 2 2 2 2 2 2 2 4 3 3 3 1 3 3 3 0 4 4 4 4 4
12 6 11 12 14 16 17 18 19 20 21 22 23 24 26 27 28 30 31 32
# i, ga, gb, res: 2 2 3 1
#c 0 0 3 0 0 0 0 0 0 1 0 2 2 1 2 1 2 2 2 2 2 2 2 2 2 4 3 3 3 1 3 3 3 0 4 4 4 4 4
9 7 0 1 4 5 6 7 8 10 33 2 26 27 28 30 31 32
# i, ga, gb, res: 3 0 3 -1
#c 0 0 3 0 0 0 0 0 0 1 0 2 2 1 2 1 2 2 2 2 2 2 2 2 2 4 3 3 3 1 3 3 3 0 4 4 4 4 4
9 12 0 1 3 5 6 7 8 10 33 11 12 14 16 17 18 19 20 21 22 23 24
# i, ga, gb, res: 4 0 2 -1
#c 0 0 3 0 0 0 0 0 0 1 0 2 2 1 2 1 2 2 2 2 2 2 2 2 2 4 3 3 3 1 3 3 3 0 4 4 4 4 4
9 12 0 1 3 4 6 7 8 10 33 11 12 14 16 17 18 19 20 21 22 23 24
# i, ga, gb, res: 5 0 2 -1
#c 0 0 3 0 0 0 0 0 0 1 0 2 2 1 2 1 2 2 2 2 2 2 2 2 2 4 3 3 3 1 3 3 3 0 4 4 4 4 4
9 12 0 1 3 4 5 7 8 10 33 11 12 14 16 17 18 19 20 21 22 23 24
# i, ga, gb, res: 6 0 2 -1
#c 0 0 3 0 0 0 0 0 0 1 0 2 2 1 2 1 2 2 2 2 2 2 2 2 2 4 3 3 3 1 3 3 3 0 4 4 4 4 4
9 7 0 1 3 4 5 6 8 10 33 2 26 27 28 30 31 32
# i, ga, gb, res: 7 0 3 -1
#c 0 0 3 0 0 0 0 0 0 1 0 2 2 1 2 1 2 2 2 2 2 2 2 2 2 4 3 3 3 1 3 3 3 0 4 4 4 4 4
9 12 0 1 3 4 5 6 7 10 33 11 12 14 16 17 18 19 20 21 22 23 24
# i, ga, gb, res: 8 0 2 -1
#c 0 0 3 0 0 0 0 0 0 1 0 2 2 1 2 1 2 2 2 2 2 2 2 2 2 4 3 3 3 1 3 3 3 0 4 4 4 4 4
3 6 13 15 29 25 34 35 36 37 38
# i, ga, gb, res: 9 1 4 -1
#c 0 0 3 0 0 0 0 0 0 1 0 2 2 1 2 1 2 2 2 2 2 2 2 2 2 4 3 3 3 1 3 3 3 0 4 4 4 4 4
9 6 0 1 3 4 5 6 7 8 33 25 34 35 36 37 38
# i, ga, gb, res: 10 0 4 -1
#c 0 0 3 0 0 0 0 0 0 1 0 2 2 1 2 1 2 2 2 2 2 2 2 2 2 4 3 3 3 1 3 3 3 0 4 4 4 4 4
11 10 12 14 16 17 18 19 20 21 22 23 24 0 1 3 4 5 6 7 8 10 33
# i, ga, gb, res: 11 2 0 1
#c 0 0 3 0 0 0 0 0 0 1 0 0 2 1 2 1 2 2 2 2 2 2 2 2 2 4 3 3 3 1 3 3 3 0 4 4 4 4 4
10 6 14 16 17 18 19 20 21 22 23 24 25 34 35 36 37 38
# i, ga, gb, res: 12 2 4 1
#c 0 0 3 0 0 0 0 0 0 1 0 0 4 1 2 1 2 2 2 2 2 2 2 2 2 4 3 3 3 1 3 3 3 0 4 4 4 4 4
3 7 9 15 29 12 25 34 35 36 37 38
# i, ga, gb, res: 13 1 4 -1
#c 0 0 3 0 0 0 0 0 0 1 0 0 4 1 2 1 2 2 2 2 2 2 2 2 2 4 3 3 3 1 3 3 3 0 4 4 4 4 4
9 7 16 17 18 19 20 21 22 23 24 12 25 34 35 36 37 38
# i, ga, gb, res: 14 2 4 1
#c 0 0 3 0 0 0 0 0 0 1 0 0 4 1 4 1 2 2 2 2 2 2 2 2 2 4 3 3 3 1 3 3 3 0 4 4 4 4 4
3 7 9 13 29 2 26 27 28 30 31 32
# i, ga, gb, res: 15 1 3 -1
#c 0 0 3 0 0 0 0 0 0 1 0 0 4 1 4 1 2 2 2 2 2 2 2 2 2 4 3 3 3 1 3 3 3 0 4 4 4 4 4
8 8 17 18 19 20 21 22 23 24 12 14 25 34 35 36 37 38
# i, ga, gb, res: 16 2 4 1
#c 0 0 3 0 0 0 0 0 0 1 0 0 4 1 4 1 4 2 2 2 2 2 2 2 2 4 3 3 3 1 3 3 3 0 4 4 4 4 4
7 11 18 19 20 21 22 23 24 0 1 3 4 5 6 7 8 10 11 33
# i, ga, gb, res: 17 2 0 1
#c 0 0 3 0 0 0 0 0 0 1 0 0 4 1 4 1 4 0 2 2 2 2 2 2 2 4 3 3 3 1 3 3 3 0 4 4 4 4 4
6 4 19 20 21 22 23 24 9 13 15 29
# i, ga, gb, res: 18 2 1 1
#c 0 0 3 0 0 0 0 0 0 1 0 0 4 1 4 1 4 0 1 2 2 2 2 2 2 4 3 3 3 1 3 3 3 0 4 4 4 4 4
5 5 20 21 22 23 24 9 13 15 18 29
# i, ga, gb, res: 19 2 1 -1
#c 0 0 3 0 0 0 0 0 0 1 0 0 4 1 4 1 4 0 1 2 2 2 2 2 2 4 3 3 3 1 3 3 3 0 4 4 4 4 4
5 12 19 21 22 23 24 0 1 3 4 5 6 7 8 10 11 17 33
# i, ga, gb, res: 20 2 0 -1
#c 0 0 3 0 0 0 0 0 0 1 0 0 4 1 4 1 4 0 1 2 2 2 2 2 2 4 3 3 3 1 3 3 3 0 4 4 4 4 4
5 12 19 20 22 23 24 0 1 3 4 5 6 7 8 10 11 17 33
# i, ga, gb, res: 21 2 0 -1
#c 0 0 3 0 0 0 0 0 0 1 0 0 4 1 4 1 4 0 1 2 2 2 2 2 2 4 3 3 3 1 3 3 3 0 4 4 4 4 4
5 12 19 20 21 23 24 0 1 3 4 5 6 7 8 10 11 17 33
# i, ga, gb, res: 22 2 0 -1
#c 0 0 3 0 0 0 0 0 0 1 0 0 4 1 4 1 4 0 1 2 2 2 2 2 2 4 3 3 3 1 3 3 3 0 4 4 4 4 4
5 9 19 20 21 22 24 12 14 16 25 34 35 36 37 38
# i, ga, gb, res: 23 2 4 -1
#c 0 0 3 0 0 0 0 0 0 1 0 0 4 1 4 1 4 0 1 2 2 2 2 2 2 4 3 3 3 1 3 3 3 0 4 4 4 4 4
5 9 19 20 21 22 23 12 14 16 25 34 35 36 37 38
# i, ga, gb, res: 24 2 4 -1
#c 0 0 3 0 0 0 0 0 0 1 0 0 4 1 4 1 4 0 1 2 2 2 2 2 2 4 3 3 3 1 3 3 3 0 4 4 4 4 4
8 6 12 14 16 34 35 36 37 38 19 20 21 22 23 24
# i, ga, gb, res: 25 4 2 -1
#c 0 0 3 0 0 0 0 0 0 1 0 0 4 1 4 1 4 0 1 2 2 2 2 2 2 4 3 3 3 1 3 3 3 0 4 4 4 4 4
6 12 2 27 28 30 31 32 0 1 3 4 5 6 7 8 10 11 17 33
# i, ga, gb, res: 26 3 0 -1
#c 0 0 3 0 0 0 0 0 0 1 0 0 4 1 4 1 4 0 1 2 2 2 2 2 2 4 3 3 3 1 3 3 3 0 4 4 4 4 4
6 9 2 26 28 30 31 32 12 14 16 25 34 35 36 37 38
# i, ga, gb, res: 27 3 4 -1
#c 0 0 3 0 0 0 0 0 0 1 0 0 4 1 4 1 4 0 1 2 2 2 2 2 2 4 3 3 3 1 3 3 3 0 4 4 4 4 4
6 5 2 26 27 30 31 32 9 13 15 18 29
# i, ga, gb, res: 28 3 1 1
#c 0 0 3 0 0 0 0 0 0 1 0 0 4 1 4 1 4 0 1 2 2 2 2 2 2 4 3 3 1 1 3 3 3 0 4 4 4 4 4
5 6 9 13 15 18 28 2 26 27 30 31 32
# i, ga, gb, res: 29 1 3 -1
#c 0 0 3 0 0 0 0 0 0 1 0 0 4 1 4 1 4 0 1 2 2 2 2 2 2 4 3 3 1 1 3 3 3 0 4 4 4 4 4
5 6 2 26 27 31 32 19 20 21 22 23 24
# i, ga, gb, res: 30 3 2 -1
#c 0 0 3 0 0 0 0 0 0 1 0 0 4 1 4 1 4 0 1 2 2 2 2 2 2 4 3 3 1 1 3 3 3 0 4 4 4 4 4
5 9 2 26 27 30 32 12 14 16 25 34 35 36 37 38
# i, ga, gb, res: 31 3 4 -1
#c 0 0 3 0 0 0 0 0 0 1 0 0 4 1 4 1 4 0 1 2 2 2 2 2 2 4 3 3 1 1 3 3 3 0 4 4 4 4 4
5 9 2 26 27 30 31 12 14 16 25 34 35 36 37 38
# i, ga, gb, res: 32 3 4 -1
#c 0 0 3 0 0 0 0 0 0 1 0 0 4 1 4 1 4 0 1 2 2 2 2 2 2 4 3 3 1 1 3 3 3 0 4 4 4 4 4
11 6 0 1 3 4 5 6 7 8 10 11 17 9 13 15 18 28 29
# i, ga, gb, res: 33 0 1 -1
#c 0 0 3 0 0 0 0 0 0 1 0 0 4 1 4 1 4 0 1 2 2 2 2 2 2 4 3 3 1 1 3 3 3 0 4 4 4 4 4
8 6 12 14 16 25 35 36 37 38 2 26 27 30 31 32
# i, ga, gb, res: 34 4 3 -1
#c 0 0 3 0 0 0 0 0 0 1 0 0 4 1 4 1 4 0 1 2 2 2 2 2 2 4 3 3 1 1 3 3 3 0 4 4 4 4 4
8 12 12 14 16 25 34 36 37 38 0 1 3 4 5 6 7 8 10 11 17 33
# i, ga, gb, res: 35 4 0 -1
#c 0 0 3 0 0 0 0 0 0 1 0 0 4 1 4 1 4 0 1 2 2 2 2 2 2 4 3 3 1 1 3 3 3 0 4 4 4 4 4
8 6 12 14 16 25 34 35 37 38 9 13 15 18 28 29
# i, ga, gb, res: 36 4 1 -1
#c 0 0 3 0 0 0 0 0 0 1 0 0 4 1 4 1 4 0 1 2 2 2 2 2 2 4 3 3 1 1 3 3 3 0 4 4 4 4 4
8 12 12 14 16 25 34 35 36 38 0 1 3 4 5 6 7 8 10 11 17 33
# i, ga, gb, res: 37 4 0 -1
#c 0 0 3 0 0 0 0 0 0 1 0 0 4 1 4 1 4 0 1 2 2 2 2 2 2 4 3 3 1 1 3 3 3 0 4 4 4 4 4
8 6 12 14 16 25 34 35 36 37 19 20 21 22 23 24
# i, ga, gb, res: 38 4 2 -1
#c 0 0 3 0 0 0 0 0 0 1 0 0 4 1 4 1 4 0 1 2 2 2 2 2 2 4 3 3 1 1 3 3 3 0 4 4 4 4 4
11 9 1 3 4 5 6 7 8 10 11 17 33 12 14 16 25 34 35 36 37 38
# i, ga, gb, res: 0 0 4 -1
#c 0 0 3 0 0 0 0 0 0 1 0 0 4 1 4 1 4 0 1 2 2 2 2 2 2 4 3 3 1 1 3 3 3 0 4 4 4 4 4
11 6 0 3 4 5 6 7 8 10 11 17 33 9 13 15 18 28 29
# i, ga, gb, res: 1 0 1 -1
#c 0 0 3 0 0 0 0 0 0 1 0 0 4 1 4 1 4 0 1 2 2 2 2 2 2 4 3 3 1 1 3 3 3 0 4 4 4 4 4
5 6 26 27 30 31 32 9 13 15 18 28 29
# i, ga, gb, res: 2 3 1 1
#c 0 0 1 0 0 0 0 0 0 1 0 0 4 1 4 1 4 0 1 2 2 2 2 2 2 4 3 3 1 1 3 3 3 0 4 4 4 4 4
11 9 0 1 4 5 6 7 8 10 11 17 33 12 14 16 25 34 35 36 37 38
# i, ga, gb, res: 3 0 4 -1
#c 0 0 1 0 0 0 0 0 0 1 0 0 4 1 4 1 4 0 1 2 2 2 2 2 2 4 3 3 1 1 3 3 3 0 4 4 4 4 4
11 5 0 1 3 5 6 7 8 10 11 17 33 26 27 30 31 32
# i, ga, gb, res: 4 0 3 -1
#c 0 0 1 0 0 0 0 0 0 1 0 0 4 1 4 1 4 0 1 2 2 2 2 2 2 4 3 3 1 1 3 3 3 0 4 4 4 4 4
11 5 0 1 3 4 6 7 8 10 11 17 33 26 27 30 31 32
# i, ga, gb, res: 5 0 3 -1
#c 0 0 1 0 0 0 0 0 0 1 0 0 4 1 4 1 4 0 1 2 2 2 2 2 2 4 3 3 1 1 3 3 3 0 4 4 4 4 4
11 5 0 1 3 4 5 7 8 10 11 17 33 26 27 30 31 32
# i, ga, gb, res: 6 0 3 -1
#c 0 0 1 0 0 0 0 0 0 1 0 0 4 1 4 1 4 0 1 2 2 2 2 2 2 4 3 3 1 1 3 3 3 0 4 4 4 4 4
11 5 0 1 3 4 5 6 8 10 11 17 33 26 27 30 31 32
# i, ga, gb, res: 7 0 3 -1
#c 0 0 1 0 0 0 0 0 0 1 0 0 4 1 4 1 4 0 1 2 2 2 2 2 2 4 3 3 1 1 3 3 3 0 4 4 4 4 4
11 5 0 1 3 4 5 6 7 10 11 17 33 26 27 30 31 32
# i, ga, gb, res: 8 0 3 -1
#c 0 0 1 0 0 0 0 0 0 1 0 0 4 1 4 1 4 0 1 2 2 2 2 2 2 4 3 3 1 1 3 3 3 0 4 4 4 4 4
6 9 2 13 15 18 28 29 12 14 16 25 34 35 36 37 38
# i, ga, gb, res: 9 1 4 -1
#c 0 0 1 0 0 0 0 0 0 1 0 0 4 1 4 1 4 0 1 2 2 2 2 2 2 4 3 3 1 1 3 3 3 0 4 4 4 4 4
11 5 0 1 3 4 5 6 7 8 11 17 33 26 27 30 31 32
# i, ga, gb, res: 10 0 3 -1
#c 0 0 1 0 0 0 0 0 0 1 0 0 4 1 4 1 4 0 1 2 2 2 2 2 2 4 3 3 1 1 3 3 3 0 4 4 4 4 4
11 5 0 1 3 4 5 6 7 8 10 17 33 26 27 30 31 32
# i, ga, gb, res: 11 0 3 -1
#c 0 0 1 0 0 0 0 0 0 1 0 0 4 1 4 1 4 0 1 2 2 2 2 2 2 4 3 3 1 1 3 3 3 0 4 4 4 4 4
8 7 14 16 25 34 35 36 37 38 2 9 13 15 18 28 29
# i, ga, gb, res: 12 4 1 -1
#c 0 0 1 0 0 0 0 0 0 1 0 0 4 1 4 1 4 0 1 2 2 2 2 2 2 4 3 3 1 1 3 3 3 0 4 4 4 4 4
6 5 2 9 15 18 28 29 26 27 30 31 32
# i, ga, gb, res: 13 1 3 -1
#c 0 0 1 0 0 0 0 0 0 1 0 0 4 1 4 1 4 0 1 2 2 2 2 2 2 4 3 3 1 1 3 3 3 0 4 4 4 4 4
8 5 12 16 25 34 35 36 37 38 26 27 30 31 32
# i, ga, gb, res: 14 4 3 -1
#c 0 0 1 0 0 0 0 0 0 1 0 0 4 1 4 1 4 0 1 2 2 2 2 2 2 4 3 3 1 1 3 3 3 0 4 4 4 4 4
6 12 2 9 13 18 28 29 0 1 3 4 5 6 7 8 10 11 17 33
# i, ga, gb, res: 15 1 0 -1
#c 0 0 1 0 0 0 0 0 0 1 0 0 4 1 4 1 4 0 1 2 2 2 2 2 2 4 3 3 1 1 3 3 3 0 4 4 4 4 4
8 7 12 14 25 34 35 36 37 38 2 9 13 15 18 28 29
# i, ga, gb, res: 16 4 1 -1
#c 0 0 1 0 0 0 0 0 0 1 0 0 4 1 4 1 4 0 1 2 2 2 2 2 2 4 3 3 1 1 3 3 3 0 4 4 4 4 4
11 5 0 1 3 4 5 6 7 8 10 11 33 26 27 30 31 32
# i, ga, gb, res: 17 0 3 -1
#c 0 0 1 0 0 0 0 0 0 1 0 0 4 1 4 1 4 0 1 2 2 2 2 2 2 4 3 3 1 1 3 3 3 0 4 4 4 4 4
6 9 2 9 13 15 28 29 12 14 16 25 34 35 36 37 38
# i, ga, gb, res: 18 1 4 -1
#c 0 0 1 0 0 0 0 0 0 1 0 0 4 1 4 1 4 0 1 2 2 2 2 2 2 4 3 3 1 1 3 3 3 0 4 4 4 4 4
5 5 20 21 22 23 24 26 27 30 31 32
# i, ga, gb, res: 19 2 3 -1
#c 0 0 1 0 0 0 0 0 0 1 0 0 4 1 4 1 4 0 1 2 2 2 2 2 2 4 3 3 1 1 3 3 3 0 4 4 4 4 4
5 7 19 21 22 23 24 2 9 13 15 18 28 29
# i, ga, gb, res: 20 2 1 -1
#c 0 0 1 0 0 0 0 0 0 1 0 0 4 1 4 1 4 0 1 2 2 2 2 2 2 4 3 3 1 1 3 3 3 0 4 4 4 4 4
5 5 19 20 22 23 24 26 27 30 31 32
# i, ga, gb, res: 21 2 3 -1
#c 0 0 1 0 0 0 0 0 0 1 0 0 4 1 4 1 4 0 1 2 2 2 2 2 2 4 3 3 1 1 3 3 3 0 4 4 4 4 4
5 5 19 20 21 23 24 26 27 30 31 32
# i, ga, gb, res: 22 2 3 -1
#c 0 0 1 0 0 0 0 0 0 1 0 0 4 1 4 1 4 0 1 2 2 2 2 2 2 4 3 3 1 1 3 3 3 0 4 4 4 4 4
5 5 19 20 21 22 24 26 27 30 31 32
# i, ga, gb, res: 23 2 3 -1
#c 0 0 1 0 0 0 0 0 0 1 0 0 4 1 4 1 4 0 1 2 2 2 2 2 2 4 3 3 1 1 3 3 3 0 4 4 4 4 4
5 9 19 20 21 22 23 12 14 16 25 34 35 36 37 38
# i, ga, gb, res: 24 2 4 -1
#c 0 0 1 0 0 0 0 0 0 1 0 0 4 1 4 1 4 0 1 2 2 2 2 2 2 4 3 3 1 1 3 3 3 0 4 4 4 4 4
8 5 12 14 16 34 35 36 37 38 26 27 30 31 32
# i, ga, gb, res: 25 4 3 -1
#c 0 0 1 0 0 0 0 0 0 1 0 0 4 1 4 1 4 0 1 2 2 2 2 2 2 4 3 3 1 1 3 3 3 0 4 4 4 4 4
4 12 27 30 31 32 0 1 3 4 5 6 7 8 10 11 17 33
# i, ga, gb, res: 26 3 0 -1
#c 0 0 1 0 0 0 0 0 0 1 0 0 4 1 4 1 4 0 1 2 2 2 2 2 2 4 3 3 1 1 3 3 3 0 4 4 4 4 4
4 7 26 30 31 32 2 9 13 15 18 28 29
# i, ga, gb, res: 27 3 1 -1
#c 0 0 1 0 0 0 0 0 0 1 0 0 4 1 4 1 4 0 1 2 2 2 2 2 2 4 3 3 1 1 3 3 3 0 4 4 4 4 4
6 12 2 9 13 15 18 29 0 1 3 4 5 6 7 8 10 11 17 33
# i, ga, gb, res: 28 1 0 1
#c 0 0 1 0 0 0 0 0 0 1 0 0 4 1 4 1 4 0 1 2 2 2 2 2 2 4 3 3 0 1 3 3 3 0 4 4 4 4 4
5 13 2 9 13 15 18 0 1 3 4 5 6 7 8 10 11 17 28 33
# i, ga, gb, res: 29 1 0 -1
#c 0 0 1 0 0 0 0 0 0 1 0 0 4 1 4 1 4 0 1 2 2 2 2 2 2 4 3 3 0 1 3 3 3 0 4 4 4 4 4
4 6 26 27 31 32 19 20 21 22 23 24
# i, ga, gb, res: 30 3 2 -1
#c 0 0 1 0 0 0 0 0 0 1 0 0 4 1 4 1 4 0 1 2 2 2 2 2 2 4 3 3 0 1 3 3 3 0 4 4 4 4 4
4 6 26 27 30 32 19 20 21 22 23 24
# i, ga, gb, res: 31 3 2 -1
#c 0 0 1 0 0 0 0 0 0 1 0 0 4 1 4 1 4 0 1 2 2 2 2 2 2 4 3 3 0 1 3 3 3 0 4 4 4 4 4
4 6 26 27 30 31 2 9 13 15 18 29
# i, ga, gb, res: 32 3 1 -1
#c 0 0 1 0 0 0 0 0 0 1 0 0 4 1 4 1 4 0 1 2 2 2 2 2 2 4 3 3 0 1 3 3 3 0 4 4 4 4 4
12 9 0 1 3 4 5 6 7 8 10 11 17 28 12 14 16 25 34 35 36 37 38
# i, ga, gb, res: 33 0 4 -1
#c 0 0 1 0 0 0 0 0 0 1 0 0 4 1 4 1 4 0 1 2 2 2 2 2 2 4 3 3 0 1 3 3 3 0 4 4 4 4 4
8 13 12 14 16 25 35 36 37 38 0 1 3 4 5 6 7 8 10 11 17 28 33
# i, ga, gb, res: 34 4 0 -1
#c 0 0 1 0 0 0 0 0 0 1 0 0 4 1 4 1 4 0 1 2 2 2 2 2 2 4 3 3 0 1 3 3 3 0 4 4 4 4 4
8 5 12 14 16 25 34 36 37 38 26 27 30 31 32
# i, ga, gb, res: 35 4 3 -1
#c 0 0 1 0 0 0 0 0 0 1 0 0 4 1 4 1 4 0 1 2 2 2 2 2 2 4 3 3 0 1 3 3 3 0 4 4 4 4 4
8 6 12 14 16 25 34 35 37 38 2 9 13 15 18 29
# i, ga, gb, res: 36 4 1 -1
#c 0 0 1 0 0 0 0 0 0 1 0 0 4 1 4 1 4 0 1 2 2 2 2 2 2 4 3 3 0 1 3 3 3 0 4 4 4 4 4
8 13 12 14 16 25 34 35 36 38 0 1 3 4 5 6 7 8 10 11 17 28 33
# i, ga, gb, res: 37 4 0 -1
#c 0 0 1 0 0 0 0 0 0 1 0 0 4 1 4 1 4 0 1 2 2 2 2 2 2 4 3 3 0 1 3 3 3 0 4 4 4 4 4
8 13 12 14 16 25 34 35 36 37 0 1 3 4 5 6 7 8 10 11 17 28 33
# i, ga, gb, res: 38 4 0 -1
#c 0 0 1 0 0 0 0 0 0 1 0 0 4 1 4 1 4 0 1 2 2 2 2 2 2 4 3 3 0 1 3 3 3 0 4 4 4 4 4
12 5 1 3 4 5 6 7 8 10 11 17 28 33 26 27 30 31 32
# i, ga, gb, res: 0 0 3 -1
#c 0 0 1 0 0 0 0 0 0 1 0 0 4 1 4 1 4 0 1 2 2 2 2 2 2 4 3 3 0 1 3 3 3 0 4 4 4 4 4
12 9 0 3 4 5 6 7 8 10 11 17 28 33 12 14 16 25 34 35 36 37 38
# i, ga, gb, res: 1 0 4 -1
#c 0 0 1 0 0 0 0 0 0 1 0 0 4 1 4 1 4 0 1 2 2 2 2 2 2 4 3 3 0 1 3 3 3 0 4 4 4 4 4
5 5 9 13 15 18 29 26 27 30 31 32
# i, ga, gb, res: 2 1 3 -1
#c 0 0 1 0 0 0 0 0 0 1 0 0 4 1 4 1 4 0 1 2 2 2 2 2 2 4 3 3 0 1 3 3 3 0 4 4 4 4 4
12 6 0 1 4 5 6 7 8 10 11 17 28 33 2 9 13 15 18 29
# i, ga, gb, res: 3 0 1 -1
#c 0 0 1 0 0 0 0 0 0 1 0 0 4 1 4 1 4 0 1 2 2 2 2 2 2 4 3 3 0 1 3 3 3 0 4 4 4 4 4
12 5 0 1 3 5 6 7 8 10 11 17 28 33 26 27 30 31 32
# i, ga, gb, res: 4 0 3 -1
#c 0 0 1 0 0 0 0 0 0 1 0 0 4 1 4 1 4 0 1 2 2 2 2 2 2 4 3 3 0 1 3 3 3 0 4 4 4 4 4
12 9 0 1 3 4 6 7 8 10 11 17 28 33 12 14 16 25 34 35 36 37 38
# i, ga, gb, res: 5 0 4 -1
#c 0 0 1 0 0 0 0 0 0 1 0 0 4 1 4 1 4 0 1 2 2 2 2 2 2 4 3 3 0 1 3 3 3 0 4 4 4 4 4
12 6 0 1 3 4 5 7 8 10 11 17 28 33 2 9 13 15 18 29
# i, ga, gb, res: 6 0 1 -1
#c 0 0 1 0 0 0 0 0 0 1 0 0 4 1 4 1 4 0 1 2 2 2 2 2 2 4 3 3 0 1 3 3 3 0 4 4 4 4 4
12 6 0 1 3 4 5 6 8 10 11 17 28 33 19 20 21 22 23 24
# i, ga, gb, res: 7 0 2 -1
#c 0 0 1 0 0 0 0 0 0 1 0 0 4 1 4 1 4 0 1 2 2 2 2 2 2 4 3 3 0 1 3 3 3 0 4 4 4 4 4
12 5 0 1 3 4 5 6 7 10 11 17 28 33 26 27 30 31 32
# i, ga, gb, res: 8 0 3 -1
#c 0 0 1 0 0 0 0 0 0 1 0 0 4 1 4 1 4 0 1 2 2 2 2 2 2 4 3 3 0 1 3 3 3 0 4 4 4 4 4
5 9 2 13 15 18 29 12 14 16 25 34 35 36 37 38
# i, ga, gb, res: 9 1 4 -1
#c 0 0 1 0 0 0 0 0 0 1 0 0 4 1 4 1 4 0 1 2 2 2 2 2 2 4 3 3 0 1 3 3 3 0 4 4 4 4 4
12 9 0 1 3 4 5 6 7 8 11 17 28 33 12 14 16 25 34 35 36 37 38
# i, ga, gb, res: 10 0 4 -1
#c 0 0 1 0 0 0 0 0 0 1 0 0 4 1 4 1 4 0 1 2 2 2 2 2 2 4 3 3 0 1 3 3 3 0 4 4 4 4 4
12 9 0 1 3 4 5 6 7 8 10 17 28 33 12 14 16 25 34 35 36 37 38
# i, ga, gb, res: 11 0 4 -1
#c 0 0 1 0 0 0 0 0 0 1 0 0 4 1 4 1 4 0 1 2 2 2 2 2 2 4 3 3 0 1 3 3 3 0 4 4 4 4 4
8 5 14 16 25 34 35 36 37 38 26 27 30 31 32
# i, ga, gb, res: 12 4 3 -1
#c 0 0 1 0 0 0 0 0 0 1 0 0 4 1 4 1 4 0 1 2 2 2 2 2 2 4 3 3 0 1 3 3 3 0 4 4 4 4 4
5 5 2 9 15 18 29 26 27 30 31 32
# i, ga, gb, res: 13 1 3 -1
#c 0 0 1 0 0 0 0 0 0 1 0 0 4 1 4 1 4 0 1 2 2 2 2 2 2 4 3 3 0 1 3 3 3 0 4 4 4 4 4
8 13 12 16 25 34 35 36 37 38 0 1 3 4 5 6 7 8 10 11 17 28 33
# i, ga, gb, res: 14 4 0 -1
#c 0 0 1 0 0 0 0 0 0 1 0 0 4 1 4 1 4 0 1 2 2 2 2 2 2 4 3 3 0 1 3 3 3 0 4 4 4 4 4
5 13 2 9 13 18 29 0 1 3 4 5 6 7 8 10 11 17 28 33
# i, ga, gb, res: 15 1 0 -1
#c 0 0 1 0 0 0 0 0 0 1 0 0 4 1 4 1 4 0 1 2 2 2 2 2 2 4 3 3 0 1 3 3 3 0 4 4 4 4 4
8 5 12 14 25 34 35 36 37 38 26 27 30 31 32
# i, ga, gb, res: 16 4 3 -1
#c 0 0 1 0 0 0 0 0 0 1 0 0 4 1 4 1 4 0 1 2 2 2 2 2 2 4 3 3 0 1 3 3 3 0 4 4 4 4 4
12 6 0 1 3 4 5 6 7 8 10 11 28 33 19 20 21 22 23 24
# i, ga, gb, res: 17 0 2 -1
#c 0 0 1 0 0 0 0 0 0 1 0 0 4 1 4 1 4 0 1 2 2 2 2 2 2 4 3 3 0 1 3 3 3 0 4 4 4 4 4
5 5 2 9 13 15 29 26 27 30 31 32
# i, ga, gb, res: 18 1 3 -1
#c 0 0 1 0 0 0 0 0 0 1 0 0 4 1 4 1 4 0 1 2 2 2 2 2 2 4 3 3 0 1 3 3 3 0 4 4 4 4 4
5 9 20 21 22 23 24 12 14 16 25 34 35 36 37 38
# i, ga, gb, res: 19 2 4 -1
#c 0 0 1 0 0 0 0 0 0 1 0 0 4 1 4 1 4 0 1 2 2 2 2 2 2 4 3 3 0 1 3 3 3 0 4 4 4 4 4
5 9 19 21 22 23 24 12 14 16 25 34 35 36 37 38
# i, ga, gb, res: 20 2 4 -1
#c 0 0 1 0 0 0 0 0 0 1 0 0 4 1 4 1 4 0 1 2 2 2 2 2 2 4 3 3 0 1 3 3 3 0 4 4 4 4 4
5 9 19 20 22 23 24 12 14 16 25 34 35 36 37 38
# i, ga, gb, res: 21 2 4 -1
#c 0 0 1 0 0 0 0 0 0 1 0 0 4 1 4 1 4 0 1 2 2 2 2 2 2 4 3 3 0 1 3 3 3 0 4 4 4 4 4
5 5 19 20 21 23 24 26 27 30 31 32
# i, ga, gb, res: 22 2 3 -1
#c 0 0 1 0 0 0 0 0 0 1 0 0 4 1 4 1 4 0 1 2 2 2 2 2 2 4 3 3 0 1 3 3 3 0 4 4 4 4 4
5 13 19 20 21 22 24 0 1 3 4 5 6 7 8 10 11 17 28 33
# i, ga, gb, res: 23 2 0 -1
#c 0 0 1 0 0 0 0 0 0 1 0 0 4 1 4 1 4 0 1 2 2 2 2 2 2 4 3 3 0 1 3 3 3 0 4 4 4 4 4
5 13 19 20 21 22 23 0 1 3 4 5 6 7 8 10 11 17 28 33
# i, ga, gb, res: 24 2 0 -1
#c 0 0 1 0 0 0 0 0 0 1 0 0 4 1 4 1 4 0 1 2 2 2 2 2 2 4 3 3 0 1 3 3 3 0 4 4 4 4 4
8 6 12 14 16 34 35 36 37 38 2 9 13 15 18 29
# i, ga, gb, res: 25 4 1 -1
#c 0 0 1 0 0 0 0 0 0 1 0 0 4 1 4 1 4 0 1 2 2 2 2 2 2 4 3 3 0 1 3 3 3 0 4 4 4 4 4
4 9 27 30 31 32 12 14 16 25 34 35 36 37 38
# i, ga, gb, res: 26 3 4 -1
#c 0 0 1 0 0 0 0 0 0 1 0 0 4 1 4 1 4 0 1 2 2 2 2 2 2 4 3 3 0 1 3 3 3 0 4 4 4 4 4
4 13 26 30 31 32 0 1 3 4 5 6 7 8 10 11 17 28 33
# i, ga, gb, res: 27 3 0 -1
#c 0 0 1 0 0 0 0 0 0 1 0 0 4 1 4 1 4 0 1 2 2 2 2 2 2 4 3 3 0 1 3 3 3 0 4 4 4 4 4
12 9 0 1 3 4 5 6 7 8 10 11 17 33 12 14 16 25 34 35 36 37 38
# i, ga, gb, res: 28 0 4 -1
#c 0 0 1 0 0 0 0 0 0 1 0 0 4 1 4 1 4 0 1 2 2 2 2 2 2 4 3 3 0 1 3 3 3 0 4 4 4 4 4
5 9 2 9 13 15 18 12 14 16 25 34 35 36 37 38
# i, ga, gb, res: 29 1 4 -1
#c 0 0 1 0 0 0 0 0 0 1 0 0 4 1 4 1 4 0 1 2 2 2 2 2 2 4 3 3 0 1 3 3 3 0 4 4 4 4 4
4 13 26 27 31 32 0 1 3 4 5 6 7 8 10 11 17 28 33
# i, ga, gb, res: 30 3 0 -1
#c 0 0 1 0 0 0 0 0 0 1 0 0 4 1 4 1 4 0 1 2 2 2 2 2 2 4 3 3 0 1 3 3 3 0 4 4 4 4 4
4 9 26 27 30 32 12 14 16 25 34 35 36 37 38
# i, ga, gb, res: 31 3 4 -1
#c 0 0 1 0 0 0 0 0 0 1 0 0 4 1 4 1 4 0 1 2 2 2 2 2 2 4 3 3 0 1 3 3 3 0 4 4 4 4 4
4 13 26 27 30 31 0 1 3 4 5 6 7 8 10 11 17 28 33
# i, ga, gb, res: 32 3 0 -1
#c 0 0 1 0 0 0 0 0 0 1 0 0 4 1 4 1 4 0 1 2 2 2 2 2 2 4 3 3 0 1 3 3 3 0 4 4 4 4 4
12 6 0 1 3 4 5 6 7 8 10 11 17 28 19 20 21 22 23 24
# i, ga, gb, res: 33 0 2 -1
#c 0 0 1 0 0 0 0 0 0 1 0 0 4 1 4 1 4 0 1 2 2 2 2 2 2 4 3 3 0 1 3 3 3 0 4 4 4 4 4
8 13 12 14 16 25 35 36 37 38 0 1 3 4 5 6 7 8 10 11 17 28 33
# i, ga, gb, res: 34 4 0 -1
#c 0 0 1 0 0 0 0 0 0 1 0 0 4 1 4 1 4 0 1 2 2 2 2 2 2 4 3 3 0 1 3 3 3 0 4 4 4 4 4
8 5 12 14 16 25 34 36 37 38 26 27 30 31 32
# i, ga, gb, res: 35 4 3 -1
#c 0 0 1 0 0 0 0 0 0 1 0 0 4 1 4 1 4 0 1 2 2 2 2 2 2 4 3 3 0 1 3 3 3 0 4 4 4 4 4
8 6 12 14 16 25 34 35 37 38 19 20 21 22 23 24
# i, ga, gb, res: 36 4 2 -1
#c 0 0 1 0 0 0 0 0 0 1 0 0 4 1 4 1 4 0 1 2 2 2 2 2 2 4 3 3 0 1 3 3 3 0 4 4 4 4 4
8 6 12 14 16 25 34 35 36 38 2 9 13 15 18 29
# i, ga, gb, res: 37 4 1 -1
#c 0 0 1 0 0 0 0 0 0 1 0 0 4 1 4 1 4 0 1 2 2 2 2 2 2 4 3 3 0 1 3 3 3 0 4 4 4 4 4
8 6 12 14 16 25 34 35 36 37 2 9 13 15 18 29
# i, ga, gb, res: 38 4 1 -1
#c 0 0 1 0 0 0 0 0 0 1 0 0 4 1 4 1 4 0 1 2 2 2 2 2 2 4 3 3 0 1 3 3 3 0 4 4 4 4 4
12 5 1 3 4 5 6 7 8 10 11 17 28 33 26 27 30 31 32
# i, ga, gb, res: 0 0 3 -1
#c 0 0 1 0 0 0 0 0 0 1 0 0 4 1 4 1 4 0 1 2 2 2 2 2 2 4 3 3 0 1 3 3 3 0 4 4 4 4 4
12 5 0 3 4 5 6 7 8 10 11 17 28 33 26 27 30 31 32
# i, ga, gb, res: 1 0 3 -1
#c 0 0 1 0 0 0 0 0 0 1 0 0 4 1 4 1 4 0 1 2 2 2 2 2 2 4 3 3 0 1 3 3 3 0 4 4 4 4 4
5 5 9 13 15 18 29 26 27 30 31 32
# i, ga, gb, res: 2 1 3 -1
#c 0 0 1 0 0 0 0 0 0 1 0 0 4 1 4 1 4 0 1 2 2 2 2 2 2 4 3 3 0 1 3 3 3 0 4 4 4 4 4
12 9 0 1 4 5 6 7 8 10 11 17 28 33 12 14 16 25 34 35 36 37 38
# i, ga, gb, res: 3 0 4 -1
#c 0 0 1 0 0 0 0 0 0 1 0 0 4 1 4 1 4 0 1 2 2 2 2 2 2 4 3 3 0 1 3 3 3 0 4 4 4 4 4
12 9 0 1 3 5 6 7 8 10 11 17 28 33 12 14 16 25 34 35 36 37 38
# i, ga, gb, res: 4 0 4 -1
#c 0 0 1 0 0 0 0 0 0 1 0 0 4 1 4 1 4 0 1 2 2 2 2 2 2 4 3 3 0 1 3 3 3 0 4 4 4 4 4
12 6 0 1 3 4 6 7 8 10 11 17 28 33 2 9 13 15 18 29
# i, ga, gb, res: 5 0 1 -1
#c 0 0 1 0 0 0 0 0 0 1 0 0 4 1 4 1 4 0 1 2 2 2 2 2 2 4 3 3 0 1 3 3 3 0 4 4 4 4 4
12 5 0 1 3 4 5 7 8 10 11 17 28 33 26 27 30 31 32
# i, ga, gb, res: 6 0 3 -1
#c 0 0 1 0 0 0 0 0 0 1 0 0 4 1 4 1 4 0 1 2 2 2 2 2 2 4 3 3 0 1 3 3 3 0 4 4 4 4 4
12 6 0 1 3 4 5 6 8 10 11 17 28 33 19 20 21 22 23 24
# i, ga, gb, res: 7 0 2 -1
#c 0 0 1 0 0 0 0 0 0 1 0 0 4 1 4 1 4 0 1 2 2 2 2 2 2 4 3 3 0 1 3 3 3 0 4 4 4 4 4
12 6 0 1 3 4 5 6 7 10 11 17 28 33 19 20 21 22 23 24
# i, ga, gb, res: 8 0 2 -1
#c 0 0 1 0 0 0 0 0 0 1 0 0 4 1 4 1 4 0 1 2 2 2 2 2 2 4 3 3 0 1 3 3 3 0 4 4 4 4 4
5 5 2 13 15 18 29 26 27 30 31 32
# i, ga, gb, res: 9 1 3 -1
#c 0 0 1 0 0 0 0 0 0 1 0 0 4 1 4 1 4 0 1 2 2 2 2 2 2 4 3 3 0 1 3 3 3 0 4 4 4 4 4
12 6 0 1 3 4 5 6 7 8 11 17 28 33 2 9 13 15 18 29
# i, ga, gb, res: 10 0 1 -1
#c 0 0 1 0 0 0 0 0 0 1 0 0 4 1 4 1 4 0 1 2 2 2 2 2 2 4 3 3 0 1 3 3 3 0 4 4 4 4 4
12 6 0 1 3 4 5 6 7 8 10 17 28 33 2 9 13 15 18 29
# i, ga, gb, res: 11 0 1 -1
#c 0 0 1 0 0 0 0 0 0 1 0 0 4 1 4 1 4 0 1 2 2 2 2 2 2 4 3 3 0 1 3 3 3 0 4 4 4 4 4
8 6 14 16 25 34 35 36 37 38 2 9 13 15 18 29
# i, ga, gb, res: 12 4 1 -1
#c 0 0 1 0 0 0 0 0 0 1 0 0 4 1 4 1 4 0 1 2 2 2 2 2 2 4 3 3 0 1 3 3 3 0 4 4 4 4 4
5 6 2 9 15 18 29 19 20 21 22 23 24
# i, ga, gb, res: 13 1 2 -1
#c 0 0 1 0 0 0 0 0 0 1 0 0 4 1 4 1 4 0 1 2 2 2 2 2 2 4 3 3 0 1 3 3 3 0 4 4 4 4 4
8 5 12 16 25 34 35 36 37 38 26 27 30 31 32
# i, ga, gb, res: 14 4 3 -1
#c 0 0 1 0 0 0 0 0 0 1 0 0 4 1 4 1 4 0 1 2 2 2 2 2 2 4 3 3 0 1 3 3 3 0 4 4 4 4 4
5 6 2 9 13 18 29 19 20 21 22 23 24
# i, ga, gb, res: 15 1 2 -1
#c 0 0 1 0 0 0 0 0 0 1 0 0 4 1 4 1 4 0 1 2 2 2 2 2 2 4 3 3 0 1 3 3 3 0 4 4 4 4 4
8 6 12 14 25 34 35 36 37 38 2 9 13 15 18 29
# i, ga, gb, res: 16 4 1 -1
#c 0 0 1 0 0 0 0 0 0 1 0 0 4 1 4 1 4 0 1 2 2 2 2 2 2 4 3 3 0 1 3 3 3 0 4 4 4 4 4
12 6 0 1 3 4 5 6 7 8 10 11 28 33 2 9 13 15 18 29
# i, ga, gb, res: 17 0 1 -1
#c 0 0 1 0 0 0 0 0 0 1 0 0 4 1 4 1 4 0 1 2 2 2 2 2 2 4 3 3 0 1 3 3 3 0 4 4 4 4 4
5 13 2 9 13 15 29 0 1 3 4 5 6 7 8 10 11 17 28 33
# i, ga, gb, res: 18 1 0 -1
#c 0 0 1 0 0 0 0 0 0 1 0 0 4 1 4 1 4 0 1 2 2 2 2 2 2 4 3 3 0 1 3 3 3 0 4 4 4 4 4
5 13 20 21 22 23 24 0 1 3 4 5 6 7 8 10 11 17 28 33
# i, ga, gb, res: 19 2 0 -1
#c 0 0 1 0 0 0 0 0 0 1 0 0 4 1 4 1 4 0 1 2 2 2 2 2 2 4 3 3 0 1 3 3 3 0 4 4 4 4 4
5 13 19 21 22 23 24 0 1 3 4 5 6 7 8 10 11 17 28 33
# i, ga, gb, res: 20 2 0 -1
#c 0 0 1 0 0 0 0 0 0 1 0 0 4 1 4 1 4 0 1 2 2 2 2 2 2 4 3 3 0 1 3 3 3 0 4 4 4 4 4
5 13 19 20 22 23 24 0 1 3 4 5 6 7 8 10 11 17 28 33
# i, ga, gb, res: 21 2 0 -1
#c 0 0 1 0 0 0 0 0 0 1 0 0 4 1 4 1 4 0 1 2 2 2 2 2 2 4 3 3 0 1 3 3 3 0 4 4 4 4 4
5 5 19 20 21 23 24 26 27 30 31 32
# i, ga, gb, res: 22 2 3 -1
#c 0 0 1 0 0 0 0 0 0 1 0 0 4 1 4 1 4 0 1 2 2 2 2 2 2 4 3 3 0 1 3 3 3 0 4 4 4 4 4
5 9 19 20 21 22 24 12 14 16 25 34 35 36 37 38
# i, ga, gb, res: 23 2 4 -1
#c 0 0 1 0 0 0 0 0 0 1 0 0 4 1 4 1 4 0 1 2 2 2 2 2 2 4 3 3 0 1 3 3 3 0 4 4 4 4 4
5 13 19 20 21 22 23 0 1 3 4 5 6 7 8 10 11 17 28 33
# i, ga, gb, res: 24 2 0 -1
#c 0 0 1 0 0 0 0 0 0 1 0 0 4 1 4 1 4 0 1 2 2 2 2 2 2 4 3 3 0 1 3 3 3 0 4 4 4 4 4
8 6 12 14 16 34 35 36 37 38 2 9 13 15 18 29
# i, ga, gb, res: 25 4 1 -1
#c 0 0 1 0 0 0 0 0 0 1 0 0 4 1 4 1 4 0 1 2 2 2 2 2 2 4 3 3 0 1 3 3 3 0 4 4 4 4 4
4 13 27 30 31 32 0 1 3 4 5 6 7 8 10 11 17 28 33
# i, ga, gb, res: 26 3 0 -1
#c 0 0 1 0 0 0 0 0 0 1 0 0 4 1 4 1 4 0 1 2 2 2 2 2 2 4 3 3 0 1 3 3 3 0 4 4 4 4 4
4 13 26 30 31 32 0 1 3 4 5 6 7 8 10 11 17 28 33
# i, ga, gb, res: 27 3 0 -1
#c 0 0 1 0 0 0 0 0 0 1 0 0 4 1 4 1 4 0 1 2 2 2 2 2 2 4 3 3 0 1 3 3 3 0 4 4 4 4 4
12 9 0 1 3 4 5 6 7 8 10 11 17 33 12 14 16 25 34 35 36 37 38
# i, ga, gb, res: 28 0 4 -1
#c 0 0 1 0 0 0 0 0 0 1 0 0 4 1 4 1 4 0 1 2 2 2 2 2 2 4 3 3 0 1 3 3 3 0 4 4 4 4 4
5 6 2 9 13 15 18 19 20 21 22 23 24
# i, ga, gb, res: 29 1 2 -1
#c 0 0 1 0 0 0 0 0 0 1 0 0 4 1 4 1 4 0 1 2 2 2 2 2 2 4 3 3 0 1 3 3 3 0 4 4 4 4 4
4 6 26 27 31 32 19 20 21 22 23 24
# i, ga, gb, res: 30 3 2 -1
#c 0 0 1 0 0 0 0 0 0 1 0 0 4 1 4 1 4 0 1 2 2 2 2 2 2 4 3 3 0 1 3 3 3 0 4 4 4 4 4
4 6 26 27 30 32 2 9 13 15 18 29
# i, ga, gb, res: 31 3 1 -1
#c 0 0 1 0 0 0 0 0 0 1 0 0 4 1 4 1 4 0 1 2 2 2 2 2 2 4 3 3 0 1 3 3 3 0 4 4 4 4 4
4 6 26 27 30 31 2 9 13 15 18 29
# i, ga, gb, res: 32 3 1 -1
#c 0 0 1 0 0 0 0 0 0 1 0 0 4 1 4 1 4 0 1 2 2 2 2 2 2 4 3 3 0 1 3 3 3 0 4 4 4 4 4
12 6 0 1 3 4 5 6 7 8 10 11 17 28 2 9 13 15 18 29
# i, ga, gb, res: 33 0 1 -1
#c 0 0 1 0 0 0 0 0 0 1 0 0 4 1 4 1 4 0 1 2 2 2 2 2 2 4 3 3 0 1 3 3 3 0 4 4 4 4 4
8 6 12 14 16 25 35 36 37 38 19 20 21 22 23 24
# i, ga, gb, res: 34 4 2 -1
#c 0 0 1 0 0 0 0 0 0 1 0 0 4 1 4 1 4 0 1 2 2 2 2 2 2 4 3 3 0 1 3 3 3 0 4 4 4 4 4
8 6 12 14 16 25 34 36 37 38 19 20 21 22 23 24
# i, ga, gb, res: 35 4 2 -1
#c 0 0 1 0 0 0 0 0 0 1 0 0 4 1 4 1 4 0 1 2 2 2 2 2 2 4 3 3 0 1 3 3 3 0 4 4 4 4 4
8 6 12 14 16 25 34 35 37 38 2 9 13 15 18 29
# i, ga, gb, res: 36 4 1 -1
#c 0 0 1 0 0 0 0 0 0 1 0 0 4 1 4 1 4 0 1 2 2 2 2 2 2 4 3 3 0 1 3 3 3 0 4 4 4 4 4
8 6 12 14 16 25 34 35 36 38 19 20 21 22 23 24
# i, ga, gb, res: 37 4 2 -1
#c 0 0 1 0 0 0 0 0 0 1 0 0 4 1 4 1 4 0 1 2 2 2 2 2 2 4 3 3 0 1 3 3 3 0 4 4 4 4 4
8 6 12 14 16 25 34 35 36 37 19 20 21 22 23 24
# i, ga, gb, res: 38 4 2 -1
#c 0 0 1 0 0 0 0 0 0 1 0 0 4 1 4 1 4 0 1 2 2 2 2 2 2 4 3 3 0 1 3 3 3 0 4 4 4 4 4
6 13 19 20 21 22 23 24 0 1 3 4 5 6 7 8 10 11 17 28 33
9 6 12 14 16 25 34 35 36 37 38 2 9 13 15 18 29
6 5 19 20 21 22 23 24 26 27 30 31 32
5 4 20 21 22 23 24 26 27 30 31
13 6 0 1 3 4 5 6 7 8 10 11 17 28 33 2 9 13 15 18 29
12 5 0 1 3 4 5 6 7 8 10 11 28 33 2 9 13 15 29
13 9 0 1 3 4 5 6 7 8 10 11 17 28 33 12 14 16 25 34 35 36 37 38
12 8 0 1 3 4 5 6 7 8 10 11 17 33 12 14 16 25 34 35 36 38
9 13 12 14 16 25 34 35 36 37 38 0 1 3 4 5 6 7 8 10 11 17 28 33
6 9 2 9 13 15 18 29 12 14 16 25 34 35 36 37 38
5 8 2 9 13 18 29 12 14 16 25 34 36 37 38
13 9 0 1 3 4 5 6 7 8 10 11 17 28 33 12 14 16 25 34 35 36 37 38
12 8 0 1 3 4 5 6 7 8 10 11 17 33 12 14 16 25 34 35 36 38
9 6 12 14 16 25 34 35 36 37 38 19 20 21 22 23 24
6 6 19 20 21 22 23 24 2 9 13 15 18 29
5 5 19 20 21 23 24 2 13 15 18 29
13 5 0 1 3 4 5 6 7 8 10 11 17 28 33 26 27 30 31 32
12 4 0 1 3 4 5 6 7 8 10 11 28 33 26 27 30 32
13 5 0 1 3 4 5 6 7 8 10 11 17 28 33 26 27 30 31 32
12 4 0 1 4 5 6 7 8 10 11 17 28 33 26 27 30 31
6 5 19 20 21 22 23 24 26 27 30 31 32
5 4 19 20 21 23 24 26 27 31 32
13 5 0 1 3 4 5 6 7 8 10 11 17 28 33 26 27 30 31 32
12 4 0 1 3 4 5 6 7 8 10 11 17 28 27 30 31 32
#c 0 0 1 0 0 0 0 0 0 1 0 0 4 1 4 1 4 0 1 2 2 2 2 2 2 4 0 3 0 1 3 3 3 3 4 4 4 4 4
6 13 19 20 21 22 23 24 0 1 3 4 5 6 7 8 10 11 17 26 28
5 12 19 20 21 22 24 0 3 4 5 6 7 8 10 11 17 26 28
6 13 19 20 21 22 23 24 0 1 3 4 5 6 7 8 10 11 17 26 28
5 12 19 20 21 23 24 0 3 4 5 6 7 8 10 11 17 26 28
13 9 0 1 3 4 5 6 7 8 10 11 17 26 28 12 14 16 25 34 35 36 37 38
9 6 12 14 16 25 34 35 36 37 38 19 20 21 22 23 24
13 6 0 1 3 4 5 6 7 8 10 11 17 26 28 2 9 13 15 18 29
6 9 19 20 21 22 23 24 12 14 16 25 34 35 36 37 38
5 8 20 21 22 23 24 12 14 16 25 34 35 36 37
13 9 0 1 3 4 5 6 7 8 10 11 17 26 28 12 14 16 25 34 35 36 37 38
13 6 0 1 3 4 5 6 7 8 10 11 17 26 28 19 20 21 22 23 24
6 13 2 9 13 15 18 29 0 1 3 4 5 6 7 8 10 11 17 26 28
5 12 2 9 13 15 29 0 1 3 4 5 6 7 8 11 17 26 28
6 5 2 9 13 15 18 29 27 30 31 32 33
5 4 9 13 15 18 29 27 30 31 32
9 5 12 14 16 25 34 35 36 37 38 27 30 31 32 33
8 4 12 16 25 34 35 36 37 38 27 30 31 33
13 5 0 1 3 4 5 6 7 8 10 11 17 26 28 27 30 31 32 33
13 6 0 1 3 4 5 6 7 8 10 11 17 26 28 19 20 21 22 23 24
13 6 0 1 3 4 5 6 7 8 10 11 17 26 28 2 9 13 15 18 29
6 13 19 20 21 22 23 24 0 1 3 4 5 6 7 8 10 11 17 26 28
5 12 19 21 22 23 24 0 1 3 4 5 6 8 10 11 17 26 28
6 5 19 20 21 22 23 24 27 30 31 32 33
5 4 19 21 22 23 24 27 30 31 33
9 6 12 14 16 25 34 35 36 37 38 19 20 21 22 23 24
9 6 12 14 16 25 34 35 36 37 38 19 20 21 22 23 24
6 5 19 20 21 22 23 24 27 30 31 32 33
5 4 20 21 22 23 24 30 31 32 33
13 6 0 1 3 4 5 6 7 8 10 11 17 26 28 19 20 21 22 23 24
13 9 0 1 3 4 5 6 7 8 10 11 17 26 28 12 14 16 25 34 35 36 37 38
5 9 27 30 31 32 33 12 14 16 25 34 35 36 37 38
13 9 0 1 3 4 5 6 7 8 10 11 17 26 28 12 14 16 25 34 35 36 37 38
13 5 0 1 3 4 5 6 7 8 10 11 17 26 28 27 30 31 32 33
13 9 0 1 3 4 5 6 7 8 10 11 17 26 28 12 14 16 25 34 35 36 37 38
9 5 12 14 16 25 34 35 36 37 38 27 30 31 32 33
8 4 12 14 16 25 35 36 37 38 27 30 32 33
6 9 2 9 13 15 18 29 12 14 16 25 34 35 36 37 38
5 8 2 9 13 18 29 12 14 16 25 34 36 37 38
13 6 0 1 3 4 5 6 7 8 10 11 17 26 28 19 20 21 22 23 24
13 6 0 1 3 4 5 6 7 8 10 11 17 26 28 2 9 13 15 18 29
6 6 19 20 21 22 23 24 2 9 13 15 18 29
5 5 19 21 22 23 24 2 9 13 15 18
9 13 12 14 16 25 34 35 36 37 38 0 1 3 4 5 6 7 8 10 11 17 26 28
8 12 12 14 16 25 34 35 36 38 0 1 3 4 5 6 7 8 10 17 26 28
#c 0 0 1 0 0 0 0 0 0 1 0 4 4 1 4 1 4 0 1 2 2 2 2 2 2 4 0 3 0 1 3 3 3 3 4 4 4 0 4
9 6 11 12 14 16 25 34 35 36 38 2 9 13 15 18 29
13 9 0 1 3 4 5 6 7 8 10 17 26 28 37 11 12 14 16 25 34 35 36 38
13 9 0 1 3 4 5 6 7 8 10 17 26 28 37 11 12 14 16 25 34 35 36 38
9 5 11 12 14 16 25 34 35 36 38 27 30 31 32 33
8 4 12 14 16 25 34 35 36 38 27 30 31 33
6 5 2 9 13 15 18 29 27 30 31 32 33
5 4 2 9 13 18 29 27 30 32 33
6 6 2 9 13 15 18 29 19 20 21 22 23 24
6 5 19 20 21 22 23 24 27 30 31 32 33
5 4 20 21 22 23 24 30 31 32 33
6 9 19 20 21 22 23 24 11 12 14 16 25 34 35 36 38
5 8 19 20 22 23 24 11 12 14 16 34 35 36 38
9 6 11 12 14 16 25 34 35 36 38 19 20 21 22 23 24
9 6 11 12 14 16 25 34 35 36 38 2 9 13 15 18 29
9 6 11 12 14 16 25 34 35 36 38 19 20 21 22 23 24
13 5 0 1 3 4 5 6 7 8 10 17 26 28 37 27 30 31 32 33
6 5 19 20 21 22 23 24 27 30 31 32 33
5 4 19 21 22 23 24 27 30 31 32
13 6 0 1 3 4 5 6 7 8 10 17 26 28 37 19 20 21 22 23 24
13 9 0 1 3 4 5 6 7 8 10 17 26 28 37 11 12 14 16 25 34 35 36 38
6 5 2 9 13 15 18 29 27 30 31 32 33
5 4 9 13 15 18 29 27 31 32 33
9 13 11 12 14 16 25 34 35 36 38 0 1 3 4 5 6 7 8 10 17 26 28 37
8 12 11 12 16 25 34 35 36 38 1 3 4 5 6 7 8 10 17 26 28 37
13 5 0 1 3 4 5 6 7 8 10 17 26 28 37 27 30 31 32 33
13 6 0 1 3 4 5 6 7 8 10 17 26 28 37 2 9 13 15 18 29
13 5 0 1 3 4 5 6 7 8 10 17 26 28 37 27 30 31 32 33
9 6 11 12 14 16 25 34 35 36 38 19 20 21 22 23 24
9 6 11 12 14 16 25 34 35 36 38 2 9 13 15 18 29
13 9 0 1 3 4 5 6 7 8 10 17 26 28 37 11 12 14 16 25 34 35 36 38
13 5 0 1 3 4 5 6 7 8 10 17 26 28 37 27 30 31 32 33
13 5 0 1 3 4 5 6 7 8 10 17 26 28 37 27 30 31 32 33
6 13 2 9 13 15 18 29 0 1 3 4 5 6 7 8 10 17 26 28 37
5 12 9 13 15 18 29 0 1 4 5 6 7 8 10 17 26 28 37
5 6 27 30 31 32 33 2 9 13 15 18 29
9 6 11 12 14 16 25 34 35 36 38 2 9 13 15 18 29
6 13 19 20 21 22 23 24 0 1 3 4 5 6 7 8 10 17 26 28 37
5 12 19 21 22 23 24 0 1 3 4 5 6 8 10 17 26 28 37
13 9 0 1 3 4 5 6 7 8 10 17 26 28 37 11 12 14 16 25 34 35 36 38
13 6 0 1 3 4 5 6 7 8 10 17 26 28 37 2 9 13 15 18 29
9 13 11 12 14 16 25 34 35 36 38 0 1 3 4 5 6 7 8 10 17 26 28 37
8 12 11 12 14 16 25 34 36 38 0 1 3 4 5 6 7 8 17 26 28 37
#c 0 0 1 0 0 0 0 0 0 1 4 4 4 1 4 1 4 0 1 2 2 2 2 2 2 4 0 3 0 1 3 3 3 3 4 0 4 0 4
6 9 19 20 21 22 23 24 10 11 12 14 16 25 34 36 38
5 8 19 21 22 23 24 10 11 12 14 16 25 36 38
13 9 0 1 3 4 5 6 7 8 17 26 28 35 37 10 11 12 14 16 25 34 36 38
9 5 10 11 12 14 16 25 34 36 38 27 30 31 32 33
6 9 19 20 21 22 23 24 10 11 12 14 16 25 34 36 38
5 8 19 20 21 23 24 10 11 12 14 16 34 36 38
6 9 19 20 21 22 23 24 10 11 12 14 16 25 34 36 38
5 8 20 21 22 23 24 10 11 12 14 16 25 36 38
6 13 2 9 13 15 18 29 0 1 3 4 5 6 7 8 17 26 28 35 37
5 12 2 9 13 18 29 0 1 3 4 5 6 8 17 26 28 35 37
9 6 10 11 12 14 16 25 34 36 38 19 20 21 22 23 24
5 6 27 30 31 32 33 2 9 13 15 18 29
6 6 19 20 21 22 23 24 2 9 13 15 18 29
5 5 19 20 21 22 24 2 9 13 18 29
13 9 0 1 3 4 5 6 7 8 17 26 28 35 37 10 11 12 14 16 25 34 36 38
9 6 10 11 12 14 16 25 34 36 38 19 20 21 22 23 24
13 6 0 1 3 4 5 6 7 8 17 26 28 35 37 2 9 13 15 18 29
13 6 0 1 3 4 5 6 7 8 17 26 28 35 37 2 9 13 15 18 29
9 6 10 11 12 14 16 25 34 36 38 19 20 21 22 23 24
13 9 0 1 3 4 5 6 7 8 17 26 28 35 37 10 11 12 14 16 25 34 36 38
13 5 0 1 3 4 5 6 7 8 17 26 28 35 37 27 30 31 32 33
13 6 0 1 3 4 5 6 7 8 17 26 28 35 37 19 20 21 22 23 24
13 5 0 1 3 4 5 6 7 8 17 26 28 35 37 27 30 31 32 33
9 13 10 11 12 14 16 25 34 36 38 0 1 3 4 5 6 7 8 17 26 28 35 37
8 12 10 11 12 14 16 25 36 38 0 1 4 5 6 7 8 17 26 28 35 37
9 6 10 11 12 14 16 25 34 36 38 2 9 13 15 18 29
5 9 27 30 31 32 33 10 11 12 14 16 25 34 36 38
4 8 30 31 32 33 10 11 12 14 25 34 36 38
6 13 19 20 21 22 23 24 0 1 3 4 5 6 7 8 17 26 28 35 37
5 12 19 20 21 22 24 0 1 3 4 5 6 7 8 17 28 35 37
9 13 10 11 12 14 16 25 34 36 38 0 1 3 4 5 6 7 8 17 26 28 35 37
8 12 10 11 12 14 16 25 36 38 0 1 3 4 5 6 8 17 26 28 35 37
13 9 0 1 3 4 5 6 7 8 17 26 28 35 37 10 11 12 14 16 25 34 36 38
9 6 10 11 12 14 16 25 34 36 38 2 9 13 15 18 29
5 13 27 30 31 32 33 0 1 3 4 5 6 7 8 17 26 28 35 37
4 12 30 31 32 33 0 1 3 4 5 6 8 17 26 28 35 37
5 6 27 30 31 32 33 2 9 13 15 18 29
6 13 19 20 21 22 23 24 0 1 3 4 5 6 7 8 17 26 28 35 37
5 12 19 21 22 23 24 1 3 4 5 6 7 8 17 26 28 35 37
13 6 0 1 3 4 5 6 7 8 17 26 28 35 37 19 20 21 22 23 24
6 13 19 20 21 22 23 24 0 1 3 4 5 6 7 8 17 26 28 35 37
5 12 19 20 21 22 24 0 3 4 5 6 7 8 17 26 28 35 37
13 9 0 1 3 4 5 6 7 8 17 26 28 35 37 10 11 12 14 16 25 34 36 38
6 13 19 20 21 22 23 24 0 1 3 4 5 6 7 8 17 26 28 35 37
5 12 19 20 21 22 24 1 3 4 5 6 7 8 17 26 28 35 37
6 13 19 20 21 22 23 24 0 1 3 4 5 6 7 8 17 26 28 35 37
5 12 20 21 22 23 24 0 1 3 5 6 7 8 17 26 28 35 37
6 6 19 20 21 22 23 24 2 9 13 15 18 29
5 5 19 20 21 23 24 2 9 13 15 18
6 13 2 9 13 15 18 29 0 1 3 4 5 6 7 8 17 26 28 35 37
5 12 2 9 13 15 29 0 1 4 5 6 7 8 17 26 28 35 37
9 13 10 11 12 14 16 25 34 36 38 0 1 3 4 5 6 7 8 17 26 28 35 37
8 12 10 11 14 16 25 34 36 38 0 1 4 5 6 7 8 17 26 28 35 37
6 9 19 20 21 22 23 24 10 11 12 14 16 25 34 36 38
5 8 19 20 22 23 24 10 11 12 14 16 34 36 38
13 9 0 1 3 4 5 6 7 8 17 26 28 35 37 10 11 12 14 16 25 34 36 38
5 9 27 30 31 32 33 10 11 12 14 16 25 34 36 38
4 8 27 30 31 32 10 11 12 14 16 34 36 38
6 9 2 9 13 15 18 29 10 11 12 14 16 25 34 36 38
5 8 2 9 13 18 29 11 12 14 16 25 34 36 38
9 6 10 11 12 14 16 25 34 36 38 2 9 13 15 18 29
13 6 0 1 3 4 5 6 7 8 17 26 28 35 37 2 9 13 15 18 29
13 9 0 1 3 4 5 6 7 8 17 26 28 35 37 10 11 12 14 16 25 34 36 38
13 5 0 1 3 4 5 6 7 8 17 26 28 35 37 27 30 31 32 33
13 6 0 1 3 4 5 6 7 8 17 26 28 35 37 19 20 21 22 23 24
9 5 10 11 12 14 16 25 34 36 38 27 30 31 32 33
9 13 10 11 12 14 16 25 34 36 38 0 1 3 4 5 6 7 8 17 26 28 35 37
8 12 10 11 14 16 25 34 36 38 0 1 4 5 6 7 8 17 26 28 35 37
5 6 27 30 31 32 33 19 20 21 22 23 24
6 6 2 9 13 15 18 29 19 20 21 22 23 24
13 6 0 1 3 4 5 6 7 8 17 26 28 35 37 19 20 21 22 23 24
13 5 0 1 3 4 5 6 7 8 17 26 28 35 37 27 30 31 32 33
6 5 2 9 13 15 18 29 27 30 31 32 33
5 4 2 9 13 18 29 27 30 32 33
6 9 19 20 21 22 23 24 10 11 12 14 16 25 34 36 38
5 8 19 21 22 23 24 10 11 12 14 16 25 34 38
6 13 2 9 13 15 18 29 0 1 3 4 5 6 7 8 17 26 28 35 37
5 12 9 13 15 18 29 1 3 4 5 6 7 8 17 26 28 35 37
13 6 0 1 3 4 5 6 7 8 17 26 28 35 37 2 9 13 15 18 29
6 13 19 20 21 22 23 24 0 1 3 4 5 6 7 8 17 26 28 35 37
5 12 19 21 22 23 24 1 3 4 5 6 7 8 17 26 28 35 37
13 6 0 1 3 4 5 6 7 8 17 26 28 35 37 19 20 21 22 23 24
9 13 10 11 12 14 16 25 34 36 38 0 1 3 4 5 6 7 8 17 26 28 35 37
8 12 10 11 14 16 25 34 36 38 0 1 3 4 5 6 7 8 17 28 35 37
13 9 0 1 3 4 5 6 7 8 17 26 28 35 37 10 11 12 14 16 25 34 36 38
13 9 0 1 3 4 5 6 7 8 17 26 28 35 37 10 11 12 14 16 25 34 36 38
13 6 0 1 3 4 5 6 7 8 17 26 28 35 37 2 9 13 15 18 29
13 9 0 1 3 4 5 6 7 8 17 26 28 35 37 10 11 12 14 16 25 34 36 38
13 9 0 1 3 4 5 6 7 8 17 26 28 35 37 10 11 12 14 16 25 34 36 38
6 5 19 20 21 22 23 24 27 30 31 32 33
5 4 19 20 21 22 24 27 30 32 33
13 6 0 1 3 4 5 6 7 8 17 26 28 35 37 19 20 21 22 23 24
13 6 0 1 3 4 5 6 7 8 17 26 28 35 37 2 9 13 15 18 29
6 13 19 20 21 22 23 24 0 1 3 4 5 6 7 8 17 26 28 35 37
5 12 19 21 22 23 24 0 1 3 4 5 6 7 8 26 28 35 37
#c 0 0 1 0 0 0 0 0 0 1 4 4 4 1 4 1 4 2 1 2 0 2 2 2 2 4 0 3 0 1 3 3 3 3 4 0 4 0 4
13 6 0 1 3 4 5 6 7 8 20 26 28 35 37 2 9 13 15 18 29
9 5 10 11 12 14 16 25 34 36 38 27 30 31 32 33
13 9 0 1 3 4 5 6 7 8 20 26 28 35 37 10 11 12 14 16 25 34 36 38
12 8 0 1 3 4 6 7 8 20 26 28 35 37 10 11 12 14 16 25 34 38
13 6 0 1 3 4 5 6 7 8 20 26 28 35 37 2 9 13 15 18 29
13 9 0 1 3 4 5 6 7 8 20 26 28 35 37 10 11 12 14 16 25 34 36 38
12 8 0 1 3 4 5 6 7 8 26 28 35 37 10 11 12 14 16 25 34 36
13 9 0 1 3 4 5 6 7 8 20 26 28 35 37 10 11 12 14 16 25 34 36 38
12 8 0 1 3 4 5 6 7 8 20 26 35 37 10 11 12 14 16 34 36 38
6 5 2 9 13 15 18 29 27 30 31 32 33
5 4 2 9 13 15 29 27 30 31 33
9 5 10 11 12 14 16 25 34 36 38 27 30 31 32 33
6 9 2 9 13 15 18 29 10 11 12 14 16 25 34 36 38
5 8 2 9 13 15 18 10 11 12 14 16 34 36 38
13 5 0 1 3 4 5 6 7 8 20 26 28 35 37 27 30 31 32 33
12 4 0 1 3 4 5 6 7 20 26 28 35 37 27 30 32 33
6 13 17 19 21 22 23 24 0 1 3 4 5 6 7 8 20 26 28 35 37
13 6 0 1 3 4 5 6 7 8 20 26 28 35 37 17 19 21 22 23 24
12 5 0 1 3 4 5 6 7 8 20 28 35 37 17 19 22 23 24
13 5 0 1 3 4 5 6 7 8 20 26 28 35 37 27 30 31 32 33
12 4 0 1 3 4 5 6 7 8 20 26 28 35 27 31 32 33
9 5 10 11 12 14 16 25 34 36 38 27 30 31 32 33
6 5 2 9 13 15 18 29 27 30 31 32 33
5 4 9 13 15 18 29 30 31 32 33
13 9 0 1 3 4 5 6 7 8 20 26 28 35 37 10 11 12 14 16 25 34 36 38
12 8 0 1 3 4 5 6 7 8 20 26 28 35 10 12 14 16 25 34 36 38
#c 0 0 1 0 0 0 0 0 0 1 4 0 4 1 4 1 4 2 1 2 0 2 2 2 2 4 0 3 0 1 3 3 3 3 4 0 4 4 4
9 6 10 12 14 16 25 34 36 37 38 2 9 13 15 18 29
9 13 10 12 14 16 25 34 36 37 38 0 1 3 4 5 6 7 8 11 20 26 28 35
8 12 10 12 14 16 25 34 36 38 0 3 4 5 6 7 8 11 20 26 28 35
6 5 17 19 21 22 23 24 27 30 31 32 33
5 4 17 19 21 22 24 27 30 32 33
9 6 10 12 14 16 25 34 36 37 38 17 19 21 22 23 24
8 5 10 12 14 16 25 34 37 38 17 19 21 22 23
6 5 2 9 13 15 18 29 27 30 31 32 33
5 4 2 9 13 18 29 30 31 32 33
9 5 10 12 14 16 25 34 36 37 38 27 30 31 32 33
8 4 10 12 14 16 25 36 37 38 27 30 32 33
13 6 0 1 3 4 5 6 7 8 11 20 26 28 35 17 19 21 22 23 24
9 6 10 12 14 16 25 34 36 37 38 17 19 21 22 23 24
8 5 10 12 16 25 34 36 37 38 17 19 22 23 24
9 13 10 12 14 16 25 34 36 37 38 0 1 3 4 5 6 7 8 11 20 26 28 35
8 12 10 12 14 16 25 34 36 37 0 1 3 4 5 6 8 11 20 26 28 35
13 6 0 1 3 4 5 6 7 8 11 20 26 28 35 2 9 13 15 18 29
13 5 0 1 3 4 5 6 7 8 11 20 26 28 35 27 30 31 32 33
12 4 0 1 3 4 5 7 8 11 20 26 28 35 27 31 32 33
13 6 0 1 3 4 5 6 7 8 11 20 26 28 35 2 9 13 15 18 29
13 5 0 1 3 4 5 6 7 8 11 20 26 28 35 27 30 31 32 33
12 4 0 1 3 4 5 6 7 11 20 26 28 35 27 30 31 33
6 13 17 19 21 22 23 24 0 1 3 4 5 6 7 8 11 20 26 28 35
5 12 17 21 22 23 24 0 1 4 5 6 7 8 11 20 26 28 35
6 6 2 9 13 15 18 29 17 19 21 22 23 24
5 5 2 9 13 15 18 17 19 22 23 24
13 6 0 1 3 4 5 6 7 8 11 20 26 28 35 2 9 13 15 18 29
13 5 0 1 3 4 5 6 7 8 11 20 26 28 35 27 30 31 32 33
12 4 0 1 3 4 5 6 7 8 20 26 28 35 27 31 32 33
9 5 10 12 14 16 25 34 36 37 38 27 30 31 32 33
8 4 10 12 14 16 25 34 36 37 27 30 31 32
6 5 17 19 21 22 23 24 27 30 31 32 33
5 4 17 19 21 23 24 27 30 31 33
13 5 0 1 3 4 5 6 7 8 11 20 26 28 35 27 30 31 32 33
12 4 0 1 3 4 5 6 7 8 20 26 28 35 27 30 31 32
6 6 17 19 21 22 23 24 2 9 13 15 18 29
13 9 0 1 3 4 5 6 7 8 11 20 26 28 35 10 12 14 16 25 34 36 37 38
13 6 0 1 3 4 5 6 7 8 11 20 26 28 35 2 9 13 15 18 29
9 5 10 12 14 16 25 34 36 37 38 27 30 31 32 33
8 4 10 12 16 25 34 36 37 38 27 30 32 33
13 9 0 1 3 4 5 6 7 8 11 20 26 28 35 10 12 14 16 25 34 36 37 38
6 5 2 9 13 15 18 29 27 30 31 32 33
5 4 2 13 15 18 29 27 30 32 33
9 13 10 12 14 16 25 34 36 37 38 0 1 3 4 5 6 7 8 11 20 26 28 35
8 12 10 12 14 16 25 34 36 37 0 1 3 4 5 6 7 8 11 20 26 28
9 13 10 12 14 16 25 34 36 37 38 0 1 3 4 5 6 7 8 11 20 26 28 35
8 12 10 12 14 25 34 36 37 38 0 1 3 4 5 6 7 8 11 20 28 35
6 9 2 9 13 15 18 29 10 12 14 16 25 34 36 37 38
5 8 9 13 15 18 29 10 12 14 16 25 34 36 37
13 6 0 1 3 4 5 6 7 8 11 20 26 28 35 17 19 21 22 23 24
13 9 0 1 3 4 5 6 7 8 11 20 26 28 35 10 12 14 16 25 34 36 37 38
13 9 0 1 3 4 5 6 7 8 11 20 26 28 35 10 12 14 16 25 34 36 37 38
13 9 0 1 3 4 5 6 7 8 11 20 26 28 35 10 12 14 16 25 34 36 37 38
6 9 17 19 21 22 23 24 10 12 14 16 25 34 36 37 38
13 5 0 1 3 4 5 6 7 8 11 20 26 28 35 27 30 31 32 33
12 4 0 1 3 5 6 7 8 11 20 26 28 35 30 31 32 33
9 13 10 12 14 16 25 34 36 37 38 0 1 3 4 5 6 7 8 11 20 26 28 35
8 12 10 12 14 16 25 34 37 38 0 1 3 4 5 6 7 8 11 20 26 28
6 13 17 19 21 22 23 24 0 1 3 4 5 6 7 8 11 20 26 28 35
5 12 19 21 22 23 24 0 1 3 4 5 7 8 11 20 26 28 35
#c 0 0 1 0 0 0 2 0 0 1 4 0 4 1 4 1 4 0 1 2 0 2 2 2 2 4 0 3 0 1 3 3 3 3 4 0 4 4 4
13 6 0 1 3 4 5 7 8 11 17 20 26 28 35 6 19 21 22 23 24
12 5 0 1 3 4 5 8 11 17 20 26 28 35 6 19 22 23 24
13 9 0 1 3 4 5 7 8 11 17 20 26 28 35 10 12 14 16 25 34 36 37 38
13 5 0 1 3 4 5 7 8 11 17 20 26 28 35 27 30 31 32 33
12 4 0 1 3 4 5 7 8 11 17 26 28 35 27 30 31 33
13 6 0 1 3 4 5 7 8 11 17 20 26 28 35 6 19 21 22 23 24
12 5 0 1 3 4 5 7 8 11 17 20 26 28 6 19 21 22 23
6 9 6 19 21 22 23 24 10 12 14 16 25 34 36 37 38
5 13 27 30 31 32 33 0 1 3 4 5 7 8 11 17 20 26 28 35
13 5 0 1 3 4 5 7 8 11 17 20 26 28 35 27 30 31 32 33
12 4 0 1 3 4 5 7 8 11 17 26 28 35 27 30 32 33
9 13 10 12 14 16 25 34 36 37 38 0 1 3 4 5 7 8 11 17 20 26 28 35
8 12 10 12 14 16 25 36 37 38 0 3 4 5 7 8 11 17 20 26 28 35
9 13 10 12 14 16 25 34 36 37 38 0 1 3 4 5 7 8 11 17 20 26 28 35
8 12 10 12 14 25 34 36 37 38 0 1 3 4 5 7 8 11 17 20 28 35
6 9 2 9 13 15 18 29 10 12 14 16 25 34 36 37 38
5 8 2 9 13 15 29 10 12 14 25 34 36 37 38
6 5 6 19 21 22 23 24 27 30 31 32 33
5 4 6 19 21 23 24 30 31 32 33
9 6 10 12 14 16 25 34 36 37 38 6 19 21 22 23 24
8 5 10 12 14 16 25 34 36 38 6 21 22 23 24
#c 0 0 1 0 0 0 2 0 0 1 4 0 4 1 4 1 4 0 1 4 0 2 2 2 2 4 0 3 0 1 3 3 3 3 4 0 4 2 4
13 5 0 1 3 4 5 7 8 11 17 20 26 28 35 27 30 31 32 33
12 4 0 1 3 4 5 8 11 17 20 26 28 35 27 30 31 33
13 6 0 1 3 4 5 7 8 11 17 20 26 28 35 6 21 22 23 24 37
12 5 0 1 3 4 5 7 8 11 17 26 28 35 6 21 23 24 37
6 6 2 9 13 15 18 29 6 21 22 23 24 37
5 5 2 9 13 15 18 6 21 22 23 37
6 9 6 21 22 23 24 37 10 12 14 16 19 25 34 36 38
6 6 2 9 13 15 18 29 6 21 22 23 24 37
5 5 9 13 15 18 29 6 21 22 23 24
6 5 2 9 13 15 18 29 27 30 31 32 33
5 4 2 9 13 15 29 27 30 32 33
5 13 27 30 31 32 33 0 1 3 4 5 7 8 11 17 20 26 28 35
9 6 10 12 14 16 19 25 34 36 38 6 21 22 23 24 37
8 5 10 12 16 19 25 34 36 38 6 21 22 23 24
13 6 0 1 3 4 5 7 8 11 17 20 26 28 35 2 9 13 15 18 29
9 5 10 12 14 16 19 25 34 36 38 27 30 31 32 33
8 4 12 14 16 19 25 34 36 38 27 30 31 33
13 6 0 1 3 4 5 7 8 11 17 20 26 28 35 6 21 22 23 24 37
12 5 0 1 3 4 5 7 8 11 17 20 26 35 6 21 22 23 37
6 13 6 21 22 23 24 37 0 1 3 4 5 7 8 11 17 20 26 28 35
6 13 2 9 13 15 18 29 0 1 3 4 5 7 8 11 17 20 26 28 35
5 12 9 13 15 18 29 0 1 3 4 7 8 11 17 20 26 28 35
#c 0 0 0 0 0 1 2 0 0 1 4 0 4 1 4 1 4 0 1 4 0 2 2 2 2 4 0 3 0 1 3 3 3 3 4 0 4 2 4
13 6 0 1 2 3 4 7 8 11 17 20 26 28 35 5 9 13 15 18 29
12 5 0 1 3 4 7 8 11 17 20 26 28 35 5 9 13 18 29
13 6 0 1 2 3 4 7 8 11 17 20 26 28 35 5 9 13 15 18 29
12 5 0 1 2 3 4 7 11 17 20 26 28 35 5 9 15 18 29
5 6 27 30 31 32 33 5 9 13 15 18 29
9 6 10 12 14 16 19 25 34 36 38 5 9 13 15 18 29
13 6 0 1 2 3 4 7 8 11 17 20 26 28 35 6 21 22 23 24 37
12 5 0 1 3 4 7 8 11 17 20 26 28 35 21 22 23 24 37
13 6 0 1 2 3 4 7 8 11 17 20 26 28 35 5 9 13 15 18 29
12 5 0 1 3 4 7 8 11 17 20 26 28 35 5 9 13 15 18
13 9 0 1 2 3 4 7 8 11 17 20 26 28 35 10 12 14 16 19 25 34 36 38
12 8 0 1 2 3 4 7 8 11 17 26 28 35 12 14 16 19 25 34 36 38
13 5 0 1 2 3 4 7 8 11 17 20 26 28 35 27 30 31 32 33
12 4 0 1 2 3 7 8 11 17 20 26 28 35 27 30 31 32
9 5 10 12 14 16 19 25 34 36 38 27 30 31 32 33
8 4 10 12 16 19 25 34 36 38 27 30 32 33
9 6 10 12 14 16 19 25 34 36 38 5 9 13 15 18 29
6 13 6 21 22 23 24 37 0 1 2 3 4 7 8 11 17 20 26 28 35
9 6 10 12 14 16 19 25 34 36 38 6 21 22 23 24 37
8 5 10 12 14 16 19 25 36 38 6 22 23 24 37
13 5 0 1 2 3 4 7 8 11 17 20 26 28 35 27 30 31 32 33
12 4 0 1 2 3 4 8 11 17 20 26 28 35 27 30 31 33
13 6 0 1 2 3 4 7 8 11 17 20 26 28 35 5 9 13 15 18 29
12 5 0 1 2 3 4 7 8 11 17 20 26 35 5 9 13 15 29
13 6 0 1 2 3 4 7 8 11 17 20 26 28 35 5 9 13 15 18 29
12 5 0 2 3 4 7 8 11 17 20 26 28 35 5 9 15 18 29
13 5 0 1 2 3 4 7 8 11 17 20 26 28 35 27 30 31 32 33
12 4 0 1 2 3 4 7 8 11 17 20 26 35 27 31 32 33
13 9 0 1 2 3 4 7 8 11 17 20 26 28 35 10 12 14 16 19 25 34 36 38
12 8 0 1 2 3 4 7 11 17 20 26 28 35 10 12 14 16 19 25 34 38
5 13 27 30 31 32 33 0 1 2 3 4 7 8 11 17 20 26 28 35
6 13 6 21 22 23 24 37 0 1 2 3 4 7 8 11 17 20 26 28 35
6 9 6 21 22 23 24 37 10 12 14 16 19 25 34 36 38
9 13 10 12 14 16 19 25 34 36 38 0 1 2 3 4 7 8 11 17 20 26 28 35
6 13 6 21 22 23 24 37 0 1 2 3 4 7 8 11 17 20 26 28 35
6 13 6 21 22 23 24 37 0 1 2 3 4 7 8 11 17 20 26 28 35
13 6 0 1 2 3 4 7 8 11 17 20 26 28 35 6 21 22 23 24 37
12 5 0 1 2 3 4 7 8 17 20 26 28 35 6 21 23 24 37
13 6 0 1 2 3 4 7 8 11 17 20 26 28 35 5 9 13 15 18 29
12 5 0 1 2 3 4 7 8 11 17 20 26 35 5 9 15 18 29
6 13 5 9 13 15 18 29 0 1 2 3 4 7 8 11 17 20 26 28 35
6 13 5 9 13 15 18 29 0 1 2 3 4 7 8 11 17 20 26 28 35
6 5 6 21 22 23 24 37 27 30 31 32 33
5 4 6 21 23 24 37 27 30 31 32
13 9 0 1 2 3 4 7 8 11 17 20 26 28 35 10 12 14 16 19 25 34 36 38
12 8 0 1 2 3 4 7 8 11 20 26 28 35 10 12 14 16 19 25 36 38
9 5 10 12 14 16 19 25 34 36 38 27 30 31 32 33
8 4 10 14 16 19 25 34 36 38 27 31 32 33
13 6 0 1 2 3 4 7 8 11 17 20 26 28 35 6 21 22 23 24 37
12 5 0 1 2 3 4 7 8 17 20 26 28 35 6 21 23 24 37
13 6 0 1 2 3 4 7 8 11 17 20 26 28 35 5 9 13 15 18 29
12 5 0 1 3 4 7 8 11 17 20 26 28 35 5 9 13 18 29
13 9 0 1 2 3 4 7 8 11 17 20 26 28 35 10 12 14 16 19 25 34 36 38
12 8 0 1 2 3 4 7 8 11 17 20 26 28 10 12 14 19 25 34 36 38
#c 0 0 0 0 0 1 2 0 0 1 4 0 4 1 4 1 0 0 1 4 0 2 2 2 2 4 0 3 0 1 3 3 3 3 4 4 4 2 4
6 13 6 21 22 23 24 37 0 1 2 3 4 7 8 11 16 17 20 26 28
13 6 0 1 2 3 4 7 8 11 16 17 20 26 28 6 21 22 23 24 37
12 5 0 1 2 3 4 7 8 16 17 20 26 28 6 21 22 24 37
6 5 6 21 22 23 24 37 27 30 31 32 33
5 4 6 21 23 24 37 27 30 31 33
9 5 10 12 14 19 25 34 35 36 38 27 30 31 32 33
8 4 10 12 19 25 34 35 36 38 27 30 31 33
5 6 27 30 31 32 33 6 21 22 23 24 37
9 5 10 12 14 19 25 34 35 36 38 27 30 31 32 33
8 4 10 12 14 25 34 35 36 38 30 31 32 33
6 13 6 21 22 23 24 37 0 1 2 3 4 7 8 11 16 17 20 26 28
6 9 6 21 22 23 24 37 10 12 14 19 25 34 35 36 38
5 9 27 30 31 32 33 10 12 14 19 25 34 35 36 38
6 5 5 9 13 15 18 29 27 30 31 32 33
5 4 5 9 13 15 29 30 31 32 33
13 5 0 1 2 3 4 7 8 11 16 17 20 26 28 27 30 31 32 33
12 4 0 1 2 3 4 7 8 11 16 17 26 28 27 30 31 32
13 9 0 1 2 3 4 7 8 11 16 17 20 26 28 10 12 14 19 25 34 35 36 38
12 8 0 1 2 3 4 7 11 16 17 20 26 28 12 14 19 25 34 35 36 38
13 5 0 1 2 3 4 7 8 11 16 17 20 26 28 27 30 31 32 33
12 4 0 1 3 4 7 8 11 16 17 20 26 28 27 30 32 33
5 13 27 30 31 32 33 0 1 2 3 4 7 8 11 16 17 20 26 28
9 13 10 12 14 19 25 34 35 36 38 0 1 2 3 4 7 8 11 16 17 20 26 28
6 6 5 9 13 15 18 29 6 21 22 23 24 37
5 5 9 13 15 18 29 6 21 22 23 24
9 13 10 12 14 19 25 34 35 36 38 0 1 2 3 4 7 8 11 16 17 20 26 28
13 5 0 1 2 3 4 7 8 11 16 17 20 26 28 27 30 31 32 33
12 4 0 1 2 3 4 7 8 11 16 20 26 28 27 30 31 33
5 9 27 30 31 32 33 10 12 14 19 25 34 35 36 38
9 13 10 12 14 19 25 34 35 36 38 0 1 2 3 4 7 8 11 16 17 20 26 28
6 13 6 21 22 23 24 37 0 1 2 3 4 7 8 11 16 17 20 26 28
9 13 10 12 14 19 25 34 35 36 38 0 1 2 3 4 7 8 11 16 17 20 26 28
9 13 10 12 14 19 25 34 35 36 38 0 1 2 3 4 7 8 11 16 17 20 26 28
6 5 5 9 13 15 18 29 27 30 31 32 33
5 4 9 13 15 18 29 27 30 31 33
5 6 27 30 31 32 33 6 21 22 23 24 37
9 13 10 12 14 19 25 34 35 36 38 0 1 2 3 4 7 8 11 16 17 20 26 28
9 13 10 12 14 19 25 34 35 36 38 0 1 2 3 4 7 8 11 16 17 20 26 28
13 9 0 1 2 3 4 7 8 11 16 17 20 26 28 10 12 14 19 25 34 35 36 38
12 8 0 1 2 3 4 7 8 11 16 17 20 26 10 12 14 19 25 35 36 38
13 6 0 1 2 3 4 7 8 11 16 17 20 26 28 5 9 13 15 18 29
12 5 0 1 3 4 7 8 11 16 17 20 26 28 5 9 13 15 18
13 5 0 1 2 3 4 7 8 11 16 17 20 26 28 27 30 31 32 33
12 4 1 2 3 4 7 8 11 16 17 20 26 28 27 30 31 32
5 9 27 30 31 32 33 10 12 14 19 25 34 35 36 38
9 13 10 12 14 19 25 34 35 36 38 0 1 2 3 4 7 8 11 16 17 20 26 28
13 9 0 1 2 3 4 7 8 11 16 17 20 26 28 10 12 14 19 25 34 35 36 38
12 8 0 1 2 3 4 7 8 11 16 17 20 26 10 12 14 19 25 34 36 38
9 6 10 12 14 19 25 34 35 36 38 5 9 13 15 18 29
9 6 10 12 14 19 25 34 35 36 38 5 9 13 15 18 29
6 9 5 9 13 15 18 29 10 12 14 19 25 34 35 36 38
5 8 5 9 13 18 29 10 12 14 19 25 34 35 38
13 6 0 1 2 3 4 7 8 11 16 17 20 26 28 5 9 13 15 18 29
12 5 0 1 2 3 4 7 8 11 17 20 26 28 5 9 15 18 29
6 13 5 9 13 15 18 29 0 1 2 3 4 7 8 11 16 17 20 26 28
9 5 10 12 14 19 25 34 35 36 38 27 30 31 32 33
8 4 12 14 19 25 34 35 36 38 27 30 32 33
6 5 6 21 22 23 24 37 27 30 31 32 33
5 4 6 21 22 23 24 27 30 31 33
9 6 10 12 14 19 25 34 35 36 38 6 21 22 23 24 37
8 5 10 12 14 19 25 34 35 38 6 21 22 23 37
9 6 10 12 14 19 25 34 35 36 38 5 9 13 15 18 29
9 5 10 12 14 19 25 34 35 36 38 27 30 31 32 33
8 4 10 12 14 25 34 35 36 38 27 30 31 32
13 9 0 1 2 3 4 7 8 11 16 17 20 26 28 10 12 14 19 25 34 35 36 38
12 8 1 2 3 4 7 8 11 16 17 20 26 28 10 12 14 19 25 34 35 38
13 5 0 1 2 3 4 7 8 11 16 17 20 26 28 27 30 31 32 33
12 4 0 1 3 4 7 8 11 16 17 20 26 28 27 31 32 33
13 5 0 1 2 3 4 7 8 11 16 17 20 26 28 27 30 31 32 33
12 4 0 1 2 3 4 7 8 11 16 17 20 26 27 30 31 33
9 13 10 12 14 19 25 34 35 36 38 0 1 2 3 4 7 8 11 16 17 20 26 28
13 6 0 1 2 3 4 7 8 11 16 17 20 26 28 5 9 13 15 18 29
12 5 1 2 3 4 7 8 11 16 17 20 26 28 5 9 15 18 29
5 9 27 30 31 32 33 10 12 14 19 25 34 35 36 38
13 9 0 1 2 3 4 7 8 11 16 17 20 26 28 10 12 14 19 25 34 35 36 38
12 8 0 1 2 3 4 7 8 11 16 20 26 28 10 12 14 19 25 34 36 38
6 9 6 21 22 23 24 37 10 12 14 19 25 34 35 36 38
13 5 0 1 2 3 4 7 8 11 16 17 20 26 28 27 30 31 32 33
12 4 0 2 3 4 7 8 11 16 17 20 26 28 27 30 32 33
5 6 27 30 31 32 33 6 21 22 23 24 37
9 13 10 12 14 19 25 34 35 36 38 0 1 2 3 4 7 8 11 16 17 20 26 28
6 5 5 9 13 15 18 29 27 30 31 32 33
5 4 5 9 13 18 29 30 31 32 33
13 9 0 1 2 3 4 7 8 11 16 17 20 26 28 10 12 14 19 25 34 35 36 38
12 8 0 1 2 3 4 7 8 11 16 17 20 28 10 12 14 19 34 35 36 38
6 5 5 9 13 15 18 29 27 30 31 32 33
5 4 5 9 13 15 18 27 30 31 33
13 6 0 1 2 3 4 7 8 11 16 17 20 26 28 5 9 13 15 18 29
12 5 0 1 2 3 7 8 11 16 17 20 26 28 5 9 13 15 18
13 6 0 1 2 3 4 7 8 11 16 17 20 26 28 6 21 22 23 24 37
12 5 0 1 2 3 4 7 8 11 16 17 20 28 6 22 23 24 37
9 13 10 12 14 19 25 34 35 36 38 0 1 2 3 4 7 8 11 16 17 20 26 28
13 9 0 1 2 3 4 7 8 11 16 17 20 26 28 10 12 14 19 25 34 35 36 38
12 8 0 1 2 3 4 7 8 11 16 17 20 26 10 12 14 19 25 35 36 38
13 6 0 1 2 3 4 7 8 11 16 17 20 26 28 5 9 13 15 18 29
12 5 0 1 2 3 4 7 8 11 16 17 20 26 5 13 15 18 29
6 13 5 9 13 15 18 29 0 1 2 3 4 7 8 11 16 17 20 26 28
5 13 27 30 31 32 33 0 1 2 3 4 7 8 11 16 17 20 26 28
13 9 0 1 2 3 4 7 8 11 16 17 20 26 28 10 12 14 19 25 34 35 36 38
12 8 0 1 3 4 7 8 11 16 17 20 26 28 10 12 14 19 25 34 35 36
9 6 10 12 14 19 25 34 35 36 38 6 21 22 23 24 37
8 5 10 14 19 25 34 35 36 38 6 22 23 24 37
5 13 27 30 31 32 33 0 1 2 3 4 7 8 11 16 17 20 26 28
13 5 0 1 2 3 4 7 8 11 16 17 20 26 28 27 30 31 32 33
12 4 0 2 3 4 7 8 11 16 17 20 26 28 27 30 32 33
13 9 0 1 2 3 4 7 8 11 16 17 20 26 28 10 12 14 19 25 34 35 36 38
12 8 0 1 3 4 7 8 11 16 17 20 26 28 12 14 19 25 34 35 36 38
13 6 0 1 2 3 4 7 8 11 16 17 20 26 28 5 9 13 15 18 29
12 5 0 1 2 3 4 7 11 16 17 20 26 28 5 9 13 15 18
9 5 10 12 14 19 25 34 35 36 38 27 30 31 32 33
8 4 10 12 14 19 25 34 35 38 27 30 32 33
6 13 5 9 13 15 18 29 0 1 2 3 4 7 8 11 16 17 20 26 28
9 13 10 12 14 19 25 34 35 36 38 0 1 2 3 4 7 8 11 16 17 20 26 28
6 6 5 9 13 15 18 29 6 21 22 23 24 37
5 5 5 13 15 18 29 6 22 23 24 37
13 6 0 1 2 3 4 7 8 11 16 17 20 26 28 5 9 13 15 18 29
12 5 0 1 2 3 4 7 8 11 16 20 26 28 5 9 13 15 29
9 6 10 12 14 19 25 34 35 36 38 6 21 22 23 24 37
8 5 10 14 19 25 34 35 36 38 6 21 23 24 37
#c 0 0 0 0 0 1 2 0 0 1 4 0 2 1 4 1 0 0 1 4 0 2 4 2 2 4 0 3 0 1 3 3 3 3 4 4 4 2 4
13 9 0 1 2 3 4 7 8 11 16 17 20 26 28 10 14 19 22 25 34 35 36 38
12 8 0 2 3 4 7 8 11 16 17 20 26 28 10 14 19 22 25 34 35 36
13 6 0 1 2 3 4 7 8 11 16 17 20 26 28 5 9 13 15 18 29
12 5 0 1 2 3 4 7 8 11 16 17 26 28 5 9 15 18 29
6 5 5 9 13 15 18 29 27 30 31 32 33
5 4 5 9 13 15 29 27 30 31 32
5 13 27 30 31 32 33 0 1 2 3 4 7 8 11 16 17 20 26 28
12 6 1 2 3 4 7 8 11 16 17 20 26 28 6 12 21 23 24 37
# i, ga, gb, res: 0 0 2 -1
#c 0 0 0 0 0 1 2 0 0 1 4 0 2 1 4 1 0 0 1 4 0 2 4 2 2 4 0 3 0 1 3 3 3 3 4 4 4 2 4
0 0 0 0 0 1 2 0 0 1 4 0 2 1 4 1 0 0 1 4 0 2 4 2 2 4 0 3 0 1 3 3 3 3 4 4 4 2 4
