#c 0 0 0 0 0 0 1 1 1 1 1 1 2 2 2 2 2 2 3 3 3 3 3 3 4 4 4 4 4 5 5 5 5 5 5 6 6 6 6 6 6 7 7 7 7 7 7 8 8 8 8 8
1 1 1 0
1 1 2 1
1 1 3 2
1 1 4 3
1 1 4 0
1 1 4 1
1 1 5 3
1 1 5 0
1 1 5 4
1 1 5 1
1 1 6 3
1 1 6 0
1 1 6 4
1 1 6 5
1 1 6 1
1 1 8 7
1 1 9 8
1 1 9 7
1 1 9 8
1 1 10 8
1 1 10 7
1 1 10 9
1 1 10 8
1 1 11 8
1 1 11 7
1 1 11 9
1 1 11 10
1 1 12 8
1 1 12 7
1 1 12 9
1 1 13 8
1 1 13 7
1 1 13 12
1 1 13 9
1 1 13 11
1 1 13 10
1 1 15 14
1 1 16 15
1 1 17 16
1 1 17 14
1 1 17 15
1 1 17 16
1 1 18 16
1 1 18 14
1 1 18 15
1 1 19 16
1 1 19 14
1 1 19 18
1 1 19 15
1 1 20 16
1 1 20 14
1 1 20 18
1 1 20 19
1 1 20 15
1 1 20 17
1 1 22 21
1 1 23 22
1 1 23 21
1 1 23 22
1 1 24 22
1 1 24 21
1 1 25 22
1 1 25 24
1 1 8 3
1 1 8 2
1 1 8 1
1 1 8 6
1 1 8 5
1 1 8 4
1 1 8 0
1 1 10 0
1 1 13 0
1 1 11 0
1 1 9 0
1 1 22 16
1 1 22 17
1 1 23 17
1 1 21 17
1 1 21 20
1 1 21 15
1 1 24 15
1 1 24 19
1 1 25 19
1 1 16 3
1 1 16 2
1 1 22 2
1 1 23 2
1 1 17 2
1 1 20 2
1 1 20 1
1 1 21 1
1 1 21 6
1 1 15 6
1 1 15 5
1 1 15 4
1 1 24 4
1 1 24 8
1 1 24 10
1 1 24 13
1 1 25 13
1 1 25 11
1 1 19 11
1 1 19 0
1 1 19 9
1 1 18 9
1 1 18 12
1 1 18 7
1 1 27 26
1 1 28 27
1 1 28 26
1 1 29 27
1 1 29 28
1 1 29 26
1 1 30 27
1 1 30 28
1 1 31 27
1 1 31 30
1 1 32 27
1 1 32 31
1 1 32 30
1 1 32 28
1 1 32 29
1 1 34 33
1 1 34 33
1 1 35 33
1 1 36 35
1 1 36 34
1 1 36 33
1 1 36 35
1 1 37 35
1 1 37 34
1 1 37 33
1 1 38 35
1 1 39 38
1 1 39 34
1 1 39 37
1 1 41 40
1 1 41 40
1 1 42 40
1 1 42 41
1 1 43 40
1 1 43 42
1 1 43 41
1 1 44 40
1 1 44 42
1 1 44 43
1 1 45 40
1 1 45 42
1 1 45 44
1 1 45 43
1 1 45 41
1 1 46 40
1 1 46 42
1 1 46 44
1 1 46 43
1 1 48 47
1 1 49 48
1 1 49 47
1 1 49 48
1 1 50 48
1 1 50 47
1 1 51 48
1 1 51 50
1 1 51 47
1 1 51 49
1 1 51 48
1 1 38 27
1 1 35 27
1 1 35 26
1 1 35 29
1 1 36 29
1 1 36 32
1 1 33 32
1 1 33 28
1 1 37 28
1 1 39 28
1 1 34 28
1 1 34 30
1 1 48 40
1 1 48 41
1 1 51 41
1 1 51 45
1 1 51 43
1 1 49 43
1 1 49 46
1 1 49 44
1 1 49 42
1 1 47 42
1 1 50 42
1 1 40 38
1 1 48 38
1 1 48 27
1 1 41 27
1 1 41 26
1 1 41 35
1 1 45 35
1 1 51 35
1 1 51 29
1 1 43 29
1 1 43 36
1 1 46 36
1 1 46 32
1 1 46 33
1 1 46 37
1 1 44 37
1 1 44 39
1 1 44 28
1 1 49 28
1 1 49 34
1 1 47 34
1 1 47 30
1 1 42 30
1 1 50 30
1 1 50 31
1 1 40 3
1 1 38 3
1 1 48 3
1 1 27 3
1 1 26 3
1 1 41 3
1 1 41 16
1 1 45 16
1 1 35 16
1 1 51 16
1 1 51 22
1 1 29 22
1 1 43 22
1 1 36 22
1 1 36 23
1 1 36 17
1 1 36 2
1 1 32 2
1 1 33 2
1 1 33 20
1 1 33 1
1 1 33 21
1 1 33 6
1 1 33 5
1 1 46 5
1 1 46 15
1 1 37 15
1 1 39 15
1 1 39 4
1 1 39 8
1 1 39 10
1 1 44 10
1 1 44 24
1 1 44 13
1 1 44 25
1 1 28 25
1 1 28 11
1 1 28 0
1 1 28 19
1 1 49 19
1 1 34 19
1 1 34 9
1 1 47 9
1 1 42 9
1 1 42 12
1 1 42 7
1 1 42 18
1 1 30 18
1 1 31 18
1 1 50 18
1 1 50 14
5 5 1 2 3 4 5 24 25 26 27 28
# i, ga, gb, res: 0 0 4 -1
#c 0 0 0 0 0 0 1 1 1 1 1 1 2 2 2 2 2 2 3 3 3 3 3 3 4 4 4 4 4 5 5 5 5 5 5 6 6 6 6 6 6 7 7 7 7 7 7 8 8 8 8 8
5 6 0 2 3 4 5 29 30 31 32 33 34
# i, ga, gb, res: 1 0 5 -1
#c 0 0 0 0 0 0 1 1 1 1 1 1 2 2 2 2 2 2 3 3 3 3 3 3 4 4 4 4 4 5 5 5 5 5 5 6 6 6 6 6 6 7 7 7 7 7 7 8 8 8 8 8
5 6 0 1 3 4 5 12 13 14 15 16 17
# i, ga, gb, res: 2 0 2 -1
#c 0 0 0 0 0 0 1 1 1 1 1 1 2 2 2 2 2 2 3 3 3 3 3 3 4 4 4 4 4 5 5 5 5 5 5 6 6 6 6 6 6 7 7 7 7 7 7 8 8 8 8 8
5 6 0 1 2 4 5 12 13 14 15 16 17
# i, ga, gb, res: 3 0 2 -1
#c 0 0 0 0 0 0 1 1 1 1 1 1 2 2 2 2 2 2 3 3 3 3 3 3 4 4 4 4 4 5 5 5 5 5 5 6 6 6 6 6 6 7 7 7 7 7 7 8 8 8 8 8
5 6 0 1 2 3 5 35 36 37 38 39 40
# i, ga, gb, res: 4 0 6 1
#c 0 0 0 0 6 0 1 1 1 1 1 1 2 2 2 2 2 2 3 3 3 3 3 3 4 4 4 4 4 5 5 5 5 5 5 6 6 6 6 6 6 7 7 7 7 7 7 8 8 8 8 8
4 6 0 1 2 3 18 19 20 21 22 23
# i, ga, gb, res: 5 0 3 -1
#c 0 0 0 0 6 0 1 1 1 1 1 1 2 2 2 2 2 2 3 3 3 3 3 3 4 4 4 4 4 5 5 5 5 5 5 6 6 6 6 6 6 7 7 7 7 7 7 8 8 8 8 8
5 5 7 8 9 10 11 0 1 2 3 5
# i, ga, gb, res: 6 1 0 1
#c 0 0 0 0 6 0 0 1 1 1 1 1 2 2 2 2 2 2 3 3 3 3 3 3 4 4 4 4 4 5 5 5 5 5 5 6 6 6 6 6 6 7 7 7 7 7 7 8 8 8 8 8
4 5 8 9 10 11 24 25 26 27 28
# i, ga, gb, res: 7 1 4 1
#c 0 0 0 0 6 0 0 4 1 1 1 1 2 2 2 2 2 2 3 3 3 3 3 3 4 4 4 4 4 5 5 5 5 5 5 6 6 6 6 6 6 7 7 7 7 7 7 8 8 8 8 8
3 6 9 10 11 0 1 2 3 5 6
# i, ga, gb, res: 8 1 0 1
#c 0 0 0 0 6 0 0 4 0 1 1 1 2 2 2 2 2 2 3 3 3 3 3 3 4 4 4 4 4 5 5 5 5 5 5 6 6 6 6 6 6 7 7 7 7 7 7 8 8 8 8 8
2 5 10 11 47 48 49 50 51
# i, ga, gb, res: 9 1 8 -1
#c 0 0 0 0 6 0 0 4 0 1 1 1 2 2 2 2 2 2 3 3 3 3 3 3 4 4 4 4 4 5 5 5 5 5 5 6 6 6 6 6 6 7 7 7 7 7 7 8 8 8 8 8
2 7 9 11 0 1 2 3 5 6 8
# i, ga, gb, res: 10 1 0 -1
#c 0 0 0 0 6 0 0 4 0 1 1 1 2 2 2 2 2 2 3 3 3 3 3 3 4 4 4 4 4 5 5 5 5 5 5 6 6 6 6 6 6 7 7 7 7 7 7 8 8 8 8 8
2 7 9 10 4 35 36 37 38 39 40
# i, ga, gb, res: 11 1 6 -1
#c 0 0 0 0 6 0 0 4 0 1 1 1 2 2 2 2 2 2 3 3 3 3 3 3 4 4 4 4 4 5 5 5 5 5 5 6 6 6 6 6 6 7 7 7 7 7 7 8 8 8 8 8
5 7 13 14 15 16 17 4 35 36 37 38 39 40
# i, ga, gb, res: 12 2 6 1
#c 0 0 0 0 6 0 0 4 0 1 1 1 6 2 2 2 2 2 3 3 3 3 3 3 4 4 4 4 4 5 5 5 5 5 5 6 6 6 6 6 6 7 7 7 7 7 7 8 8 8 8 8
4 6 14 15 16 17 29 30 31 32 33 34
# i, ga, gb, res: 13 2 5 -1
#c 0 0 0 0 6 0 0 4 0 1 1 1 6 2 2 2 2 2 3 3 3 3 3 3 4 4 4 4 4 5 5 5 5 5 5 6 6 6 6 6 6 7 7 7 7 7 7 8 8 8 8 8
4 3 13 15 16 17 9 10 11
# i, ga, gb, res: 14 2 1 -1
#c 0 0 0 0 6 0 0 4 0 1 1 1 6 2 2 2 2 2 3 3 3 3 3 3 4 4 4 4 4 5 5 5 5 5 5 6 6 6 6 6 6 7 7 7 7 7 7 8 8 8 8 8
4 6 13 14 16 17 7 24 25 26 27 28
# i, ga, gb, res: 15 2 4 -1
#c 0 0 0 0 6 0 0 4 0 1 1 1 6 2 2 2 2 2 3 3 3 3 3 3 4 4 4 4 4 5 5 5 5 5 5 6 6 6 6 6 6 7 7 7 7 7 7 8 8 8 8 8
4 6 13 14 15 17 18 19 20 21 22 23
# i, ga, gb, res: 16 2 3 1
#c 0 0 0 0 6 0 0 4 0 1 1 1 6 2 2 2 3 2 3 3 3 3 3 3 4 4 4 4 4 5 5 5 5 5 5 6 6 6 6 6 6 7 7 7 7 7 7 8 8 8 8 8
3 6 13 14 15 7 24 25 26 27 28
# i, ga, gb, res: 17 2 4 -1
#c 0 0 0 0 6 0 0 4 0 1 1 1 6 2 2 2 3 2 3 3 3 3 3 3 4 4 4 4 4 5 5 5 5 5 5 6 6 6 6 6 6 7 7 7 7 7 7 8 8 8 8 8
6 6 16 19 20 21 22 23 29 30 31 32 33 34
# i, ga, gb, res: 18 3 5 -1
#c 0 0 0 0 6 0 0 4 0 1 1 1 6 2 2 2 3 2 3 3 3 3 3 3 4 4 4 4 4 5 5 5 5 5 5 6 6 6 6 6 6 7 7 7 7 7 7 8 8 8 8 8
6 8 16 18 20 21 22 23 4 12 35 36 37 38 39 40
# i, ga, gb, res: 19 3 6 -1
#c 0 0 0 0 6 0 0 4 0 1 1 1 6 2 2 2 3 2 3 3 3 3 3 3 4 4 4 4 4 5 5 5 5 5 5 6 6 6 6 6 6 7 7 7 7 7 7 8 8 8 8 8
6 3 16 18 19 21 22 23 9 10 11
# i, ga, gb, res: 20 3 1 1
#c 0 0 0 0 6 0 0 4 0 1 1 1 6 2 2 2 3 2 3 3 1 3 3 3 4 4 4 4 4 5 5 5 5 5 5 6 6 6 6 6 6 7 7 7 7 7 7 8 8 8 8 8
5 8 16 18 19 22 23 4 12 35 36 37 38 39 40
# i, ga, gb, res: 21 3 6 1
#c 0 0 0 0 6 0 0 4 0 1 1 1 6 2 2 2 3 2 3 3 1 6 3 3 4 4 4 4 4 5 5 5 5 5 5 6 6 6 6 6 6 7 7 7 7 7 7 8 8 8 8 8
4 5 16 18 19 23 47 48 49 50 51
# i, ga, gb, res: 22 3 8 -1
#c 0 0 0 0 6 0 0 4 0 1 1 1 6 2 2 2 3 2 3 3 1 6 3 3 4 4 4 4 4 5 5 5 5 5 5 6 6 6 6 6 6 7 7 7 7 7 7 8 8 8 8 8
4 9 16 18 19 22 4 12 21 35 36 37 38 39 40
# i, ga, gb, res: 23 3 6 -1
#c 0 0 0 0 6 0 0 4 0 1 1 1 6 2 2 2 3 2 3 3 1 6 3 3 4 4 4 4 4 5 5 5 5 5 5 6 6 6 6 6 6 7 7 7 7 7 7 8 8 8 8 8
5 4 7 25 26 27 28 13 14 15 17
# i, ga, gb, res: 24 4 2 -1
#c 0 0 0 0 6 0 0 4 0 1 1 1 6 2 2 2 3 2 3 3 1 6 3 3 4 4 4 4 4 5 5 5 5 5 5 6 6 6 6 6 6 7 7 7 7 7 7 8 8 8 8 8
5 5 7 24 26 27 28 16 18 19 22 23
# i, ga, gb, res: 25 4 3 -1
#c 0 0 0 0 6 0 0 4 0 1 1 1 6 2 2 2 3 2 3 3 1 6 3 3 4 4 4 4 4 5 5 5 5 5 5 6 6 6 6 6 6 7 7 7 7 7 7 8 8 8 8 8
5 4 7 24 25 27 28 13 14 15 17
# i, ga, gb, res: 26 4 2 -1
#c 0 0 0 0 6 0 0 4 0 1 1 1 6 2 2 2 3 2 3 3 1 6 3 3 4 4 4 4 4 5 5 5 5 5 5 6 6 6 6 6 6 7 7 7 7 7 7 8 8 8 8 8
5 6 7 24 25 26 28 41 42 43 44 45 46
# i, ga, gb, res: 27 4 7 1
#c 0 0 0 0 6 0 0 4 0 1 1 1 6 2 2 2 3 2 3 3 1 6 3 3 4 4 4 7 4 5 5 5 5 5 5 6 6 6 6 6 6 7 7 7 7 7 7 8 8 8 8 8
4 7 7 24 25 26 27 41 42 43 44 45 46
# i, ga, gb, res: 28 4 7 -1
#c 0 0 0 0 6 0 0 4 0 1 1 1 6 2 2 2 3 2 3 3 1 6 3 3 4 4 4 7 4 5 5 5 5 5 5 6 6 6 6 6 6 7 7 7 7 7 7 8 8 8 8 8
5 9 30 31 32 33 34 4 12 21 35 36 37 38 39 40
# i, ga, gb, res: 29 5 6 1
#c 0 0 0 0 6 0 0 4 0 1 1 1 6 2 2 2 3 2 3 3 1 6 3 3 4 4 4 7 4 6 5 5 5 5 5 6 6 6 6 6 6 7 7 7 7 7 7 8 8 8 8 8
4 7 31 32 33 34 0 1 2 3 5 6 8
# i, ga, gb, res: 30 5 0 1
#c 0 0 0 0 6 0 0 4 0 1 1 1 6 2 2 2 3 2 3 3 1 6 3 3 4 4 4 7 4 6 0 5 5 5 5 6 6 6 6 6 6 7 7 7 7 7 7 8 8 8 8 8
3 4 32 33 34 9 10 11 20
# i, ga, gb, res: 31 5 1 -1
#c 0 0 0 0 6 0 0 4 0 1 1 1 6 2 2 2 3 2 3 3 1 6 3 3 4 4 4 7 4 6 0 5 5 5 5 6 6 6 6 6 6 7 7 7 7 7 7 8 8 8 8 8
3 5 31 33 34 16 18 19 22 23
# i, ga, gb, res: 32 5 3 -1
#c 0 0 0 0 6 0 0 4 0 1 1 1 6 2 2 2 3 2 3 3 1 6 3 3 4 4 4 7 4 6 0 5 5 5 5 6 6 6 6 6 6 7 7 7 7 7 7 8 8 8 8 8
3 5 31 32 34 7 24 25 26 28
# i, ga, gb, res: 33 5 4 -1
#c 0 0 0 0 6 0 0 4 0 1 1 1 6 2 2 2 3 2 3 3 1 6 3 3 4 4 4 7 4 6 0 5 5 5 5 6 6 6 6 6 6 7 7 7 7 7 7 8 8 8 8 8
3 10 31 32 33 4 12 21 29 35 36 37 38 39 40
# i, ga, gb, res: 34 5 6 -1
#c 0 0 0 0 6 0 0 4 0 1 1 1 6 2 2 2 3 2 3 3 1 6 3 3 4 4 4 7 4 6 0 5 5 5 5 6 6 6 6 6 6 7 7 7 7 7 7 8 8 8 8 8
9 4 4 12 21 29 36 37 38 39 40 31 32 33 34
# i, ga, gb, res: 35 6 5 1
#c 0 0 0 0 6 0 0 4 0 1 1 1 6 2 2 2 3 2 3 3 1 6 3 3 4 4 4 7 4 6 0 5 5 5 5 5 6 6 6 6 6 7 7 7 7 7 7 8 8 8 8 8
8 5 4 12 21 29 37 38 39 40 47 48 49 50 51
# i, ga, gb, res: 36 6 8 -1
#c 0 0 0 0 6 0 0 4 0 1 1 1 6 2 2 2 3 2 3 3 1 6 3 3 4 4 4 7 4 6 0 5 5 5 5 5 6 6 6 6 6 7 7 7 7 7 7 8 8 8 8 8
8 5 4 12 21 29 36 38 39 40 16 18 19 22 23
# i, ga, gb, res: 37 6 3 -1
#c 0 0 0 0 6 0 0 4 0 1 1 1 6 2 2 2 3 2 3 3 1 6 3 3 4 4 4 7 4 6 0 5 5 5 5 5 6 6 6 6 6 7 7 7 7 7 7 8 8 8 8 8
8 4 4 12 21 29 36 37 39 40 13 14 15 17
# i, ga, gb, res: 38 6 2 -1
#c 0 0 0 0 6 0 0 4 0 1 1 1 6 2 2 2 3 2 3 3 1 6 3 3 4 4 4 7 4 6 0 5 5 5 5 5 6 6 6 6 6 7 7 7 7 7 7 8 8 8 8 8
8 4 4 12 21 29 36 37 38 40 9 10 11 20
# i, ga, gb, res: 39 6 1 1
#c 0 0 0 0 6 0 0 4 0 1 1 1 6 2 2 2 3 2 3 3 1 6 3 3 4 4 4 7 4 6 0 5 5 5 5 5 6 6 6 1 6 7 7 7 7 7 7 8 8 8 8 8
7 4 4 12 21 29 36 37 38 13 14 15 17
# i, ga, gb, res: 40 6 2 -1
#c 0 0 0 0 6 0 0 4 0 1 1 1 6 2 2 2 3 2 3 3 1 6 3 3 4 4 4 7 4 6 0 5 5 5 5 5 6 6 6 1 6 7 7 7 7 7 7 8 8 8 8 8
6 4 27 42 43 44 45 46 13 14 15 17
# i, ga, gb, res: 41 7 2 -1
#c 0 0 0 0 6 0 0 4 0 1 1 1 6 2 2 2 3 2 3 3 1 6 3 3 4 4 4 7 4 6 0 5 5 5 5 5 6 6 6 1 6 7 7 7 7 7 7 8 8 8 8 8
6 8 27 41 43 44 45 46 4 12 21 29 36 37 38 40
# i, ga, gb, res: 42 7 6 -1
#c 0 0 0 0 6 0 0 4 0 1 1 1 6 2 2 2 3 2 3 3 1 6 3 3 4 4 4 7 4 6 0 5 5 5 5 5 6 6 6 1 6 7 7 7 7 7 7 8 8 8 8 8
6 5 27 41 42 44 45 46 9 10 11 20 39
# i, ga, gb, res: 43 7 1 -1
#c 0 0 0 0 6 0 0 4 0 1 1 1 6 2 2 2 3 2 3 3 1 6 3 3 4 4 4 7 4 6 0 5 5 5 5 5 6 6 6 1 6 7 7 7 7 7 7 8 8 8 8 8
6 5 27 41 42 43 45 46 31 32 33 34 35
# i, ga, gb, res: 44 7 5 -1
#c 0 0 0 0 6 0 0 4 0 1 1 1 6 2 2 2 3 2 3 3 1 6 3 3 4 4 4 7 4 6 0 5 5 5 5 5 6 6 6 1 6 7 7 7 7 7 7 8 8 8 8 8
6 5 27 41 42 43 44 46 31 32 33 34 35
# i, ga, gb, res: 45 7 5 -1
#c 0 0 0 0 6 0 0 4 0 1 1 1 6 2 2 2 3 2 3 3 1 6 3 3 4 4 4 7 4 6 0 5 5 5 5 5 6 6 6 1 6 7 7 7 7 7 7 8 8 8 8 8
6 8 27 41 42 43 44 45 4 12 21 29 36 37 38 40
# i, ga, gb, res: 46 7 6 -1
#c 0 0 0 0 6 0 0 4 0 1 1 1 6 2 2 2 3 2 3 3 1 6 3 3 4 4 4 7 4 6 0 5 5 5 5 5 6 6 6 1 6 7 7 7 7 7 7 8 8 8 8 8
4 5 48 49 50 51 9 10 11 20 39
# i, ga, gb, res: 47 8 1 -1
#c 0 0 0 0 6 0 0 4 0 1 1 1 6 2 2 2 3 2 3 3 1 6 3 3 4 4 4 7 4 6 0 5 5 5 5 5 6 6 6 1 6 7 7 7 7 7 7 8 8 8 8 8
4 5 47 49 50 51 16 18 19 22 23
# i, ga, gb, res: 48 8 3 1
#c 0 0 0 0 6 0 0 4 0 1 1 1 6 2 2 2 3 2 3 3 1 6 3 3 4 4 4 7 4 6 0 5 5 5 5 5 6 6 6 1 6 7 7 7 7 7 7 8 3 8 8 8
3 7 47 50 51 27 41 42 43 44 45 46
# i, ga, gb, res: 49 8 7 1
#c 0 0 0 0 6 0 0 4 0 1 1 1 6 2 2 2 3 2 3 3 1 6 3 3 4 4 4 7 4 6 0 5 5 5 5 5 6 6 6 1 6 7 7 7 7 7 7 8 3 7 8 8
2 5 47 51 7 24 25 26 28
# i, ga, gb, res: 50 8 4 -1
#c 0 0 0 0 6 0 0 4 0 1 1 1 6 2 2 2 3 2 3 3 1 6 3 3 4 4 4 7 4 6 0 5 5 5 5 5 6 6 6 1 6 7 7 7 7 7 7 8 3 7 8 8
2 6 47 50 16 18 19 22 23 48
# i, ga, gb, res: 51 8 3 -1
#c 0 0 0 0 6 0 0 4 0 1 1 1 6 2 2 2 3 2 3 3 1 6 3 3 4 4 4 7 4 6 0 5 5 5 5 5 6 6 6 1 6 7 7 7 7 7 7 8 3 7 8 8
7 5 1 2 3 5 6 8 30 7 24 25 26 28
# i, ga, gb, res: 0 0 4 -1
#c 0 0 0 0 6 0 0 4 0 1 1 1 6 2 2 2 3 2 3 3 1 6 3 3 4 4 4 7 4 6 0 5 5 5 5 5 6 6 6 1 6 7 7 7 7 7 7 8 3 7 8 8
7 3 0 2 3 5 6 8 30 47 50 51
# i, ga, gb, res: 1 0 8 1
#c 0 8 0 0 6 0 0 4 0 1 1 1 6 2 2 2 3 2 3 3 1 6 3 3 4 4 4 7 4 6 0 5 5 5 5 5 6 6 6 1 6 7 7 7 7 7 7 8 3 7 8 8
6 8 0 3 5 6 8 30 27 41 42 43 44 45 46 49
# i, ga, gb, res: 2 0 7 -1
#c 0 8 0 0 6 0 0 4 0 1 1 1 6 2 2 2 3 2 3 3 1 6 3 3 4 4 4 7 4 6 0 5 5 5 5 5 6 6 6 1 6 7 7 7 7 7 7 8 3 7 8 8
6 4 0 2 5 6 8 30 1 47 50 51
# i, ga, gb, res: 3 0 8 1
#c 0 8 0 8 6 0 0 4 0 1 1 1 6 2 2 2 3 2 3 3 1 6 3 3 4 4 4 7 4 6 0 5 5 5 5 5 6 6 6 1 6 7 7 7 7 7 7 8 3 7 8 8
7 5 12 21 29 36 37 38 40 7 24 25 26 28
# i, ga, gb, res: 4 6 4 -1
#c 0 8 0 8 6 0 0 4 0 1 1 1 6 2 2 2 3 2 3 3 1 6 3 3 4 4 4 7 4 6 0 5 5 5 5 5 6 6 6 1 6 7 7 7 7 7 7 8 3 7 8 8
5 8 0 2 6 8 30 4 12 21 29 36 37 38 40
# i, ga, gb, res: 5 0 6 1
#c 0 8 0 8 6 6 0 4 0 1 1 1 6 2 2 2 3 2 3 3 1 6 3 3 4 4 4 7 4 6 0 5 5 5 5 5 6 6 6 1 6 7 7 7 7 7 7 8 3 7 8 8
4 9 0 2 8 30 4 5 12 21 29 36 37 38 40
# i, ga, gb, res: 6 0 6 -1
#c 0 8 0 8 6 6 0 4 0 1 1 1 6 2 2 2 3 2 3 3 1 6 3 3 4 4 4 7 4 6 0 5 5 5 5 5 6 6 6 1 6 7 7 7 7 7 7 8 3 7 8 8
4 5 24 25 26 28 0 2 6 8 30
# i, ga, gb, res: 7 4 0 -1
#c 0 8 0 8 6 6 0 4 0 1 1 1 6 2 2 2 3 2 3 3 1 6 3 3 4 4 4 7 4 6 0 5 5 5 5 5 6 6 6 1 6 7 7 7 7 7 7 8 3 7 8 8
4 5 0 2 6 30 31 32 33 34 35
# i, ga, gb, res: 8 0 5 -1
#c 0 8 0 8 6 6 0 4 0 1 1 1 6 2 2 2 3 2 3 3 1 6 3 3 4 4 4 7 4 6 0 5 5 5 5 5 6 6 6 1 6 7 7 7 7 7 7 8 3 7 8 8
4 5 10 11 20 39 31 32 33 34 35
# i, ga, gb, res: 9 1 5 -1
#c 0 8 0 8 6 6 0 4 0 1 1 1 6 2 2 2 3 2 3 3 1 6 3 3 4 4 4 7 4 6 0 5 5 5 5 5 6 6 6 1 6 7 7 7 7 7 7 8 3 7 8 8
4 5 9 11 20 39 1 3 47 50 51
# i, ga, gb, res: 10 1 8 -1
#c 0 8 0 8 6 6 0 4 0 1 1 1 6 2 2 2 3 2 3 3 1 6 3 3 4 4 4 7 4 6 0 5 5 5 5 5 6 6 6 1 6 7 7 7 7 7 7 8 3 7 8 8
4 5 9 10 20 39 1 3 47 50 51
# i, ga, gb, res: 11 1 8 -1
#c 0 8 0 8 6 6 0 4 0 1 1 1 6 2 2 2 3 2 3 3 1 6 3 3 4 4 4 7 4 6 0 5 5 5 5 5 6 6 6 1 6 7 7 7 7 7 7 8 3 7 8 8
8 4 4 5 21 29 36 37 38 40 13 14 15 17
# i, ga, gb, res: 12 6 2 -1
#c 0 8 0 8 6 6 0 4 0 1 1 1 6 2 2 2 3 2 3 3 1 6 3 3 4 4 4 7 4 6 0 5 5 5 5 5 6 6 6 1 6 7 7 7 7 7 7 8 3 7 8 8
3 5 14 15 17 0 2 6 8 30
# i, ga, gb, res: 13 2 0 -1
#c 0 8 0 8 6 6 0 4 0 1 1 1 6 2 2 2 3 2 3 3 1 6 3 3 4 4 4 7 4 6 0 5 5 5 5 5 6 6 6 1 6 7 7 7 7 7 7 8 3 7 8 8
3 5 13 15 17 1 3 47 50 51
# i, ga, gb, res: 14 2 8 -1
#c 0 8 0 8 6 6 0 4 0 1 1 1 6 2 2 2 3 2 3 3 1 6 3 3 4 4 4 7 4 6 0 5 5 5 5 5 6 6 6 1 6 7 7 7 7 7 7 8 3 7 8 8
3 9 13 14 17 4 5 12 21 29 36 37 38 40
# i, ga, gb, res: 15 2 6 1
#c 0 8 0 8 6 6 0 4 0 1 1 1 6 2 2 6 3 2 3 3 1 6 3 3 4 4 4 7 4 6 0 5 5 5 5 5 6 6 6 1 6 7 7 7 7 7 7 8 3 7 8 8
5 3 18 19 22 23 48 13 14 17
# i, ga, gb, res: 16 3 2 -1
#c 0 8 0 8 6 6 0 4 0 1 1 1 6 2 2 6 3 2 3 3 1 6 3 3 4 4 4 7 4 6 0 5 5 5 5 5 6 6 6 1 6 7 7 7 7 7 7 8 3 7 8 8
2 8 13 14 27 41 42 43 44 45 46 49
# i, ga, gb, res: 17 2 7 -1
#c 0 8 0 8 6 6 0 4 0 1 1 1 6 2 2 6 3 2 3 3 1 6 3 3 4 4 4 7 4 6 0 5 5 5 5 5 6 6 6 1 6 7 7 7 7 7 7 8 3 7 8 8
5 5 16 19 22 23 48 1 3 47 50 51
# i, ga, gb, res: 18 3 8 -1
#c 0 8 0 8 6 6 0 4 0 1 1 1 6 2 2 6 3 2 3 3 1 6 3 3 4 4 4 7 4 6 0 5 5 5 5 5 6 6 6 1 6 7 7 7 7 7 7 8 3 7 8 8
5 5 16 18 22 23 48 1 3 47 50 51
# i, ga, gb, res: 19 3 8 -1
#c 0 8 0 8 6 6 0 4 0 1 1 1 6 2 2 6 3 2 3 3 1 6 3 3 4 4 4 7 4 6 0 5 5 5 5 5 6 6 6 1 6 7 7 7 7 7 7 8 3 7 8 8
4 5 9 10 11 39 31 32 33 34 35
# i, ga, gb, res: 20 1 5 -1
#c 0 8 0 8 6 6 0 4 0 1 1 1 6 2 2 6 3 2 3 3 1 6 3 3 4 4 4 7 4 6 0 5 5 5 5 5 6 6 6 1 6 7 7 7 7 7 7 8 3 7 8 8
9 6 4 5 12 15 29 36 37 38 40 16 18 19 22 23 48
# i, ga, gb, res: 21 6 3 1
#c 0 8 0 8 6 6 0 4 0 1 1 1 6 2 2 6 3 2 3 3 1 3 3 3 4 4 4 7 4 6 0 5 5 5 5 5 6 6 6 1 6 7 7 7 7 7 7 8 3 7 8 8
6 5 16 18 19 21 23 48 0 2 6 8 30
# i, ga, gb, res: 22 3 0 -1
#c 0 8 0 8 6 6 0 4 0 1 1 1 6 2 2 6 3 2 3 3 1 3 3 3 4 4 4 7 4 6 0 5 5 5 5 5 6 6 6 1 6 7 7 7 7 7 7 8 3 7 8 8
6 5 16 18 19 21 22 48 9 10 11 20 39
# i, ga, gb, res: 23 3 1 1
#c 0 8 0 8 6 6 0 4 0 1 1 1 6 2 2 6 3 2 3 3 1 3 3 1 4 4 4 7 4 6 0 5 5 5 5 5 6 6 6 1 6 7 7 7 7 7 7 8 3 7 8 8
4 5 7 25 26 28 31 32 33 34 35
# i, ga, gb, res: 24 4 5 -1
#c 0 8 0 8 6 6 0 4 0 1 1 1 6 2 2 6 3 2 3 3 1 3 3 1 4 4 4 7 4 6 0 5 5 5 5 5 6 6 6 1 6 7 7 7 7 7 7 8 3 7 8 8
4 8 7 24 26 28 27 41 42 43 44 45 46 49
# i, ga, gb, res: 25 4 7 -1
#c 0 8 0 8 6 6 0 4 0 1 1 1 6 2 2 6 3 2 3 3 1 3 3 1 4 4 4 7 4 6 0 5 5 5 5 5 6 6 6 1 6 7 7 7 7 7 7 8 3 7 8 8
4 6 7 24 25 28 16 18 19 21 22 48
# i, ga, gb, res: 26 4 3 1
#c 0 8 0 8 6 6 0 4 0 1 1 1 6 2 2 6 3 2 3 3 1 3 3 1 4 4 3 7 4 6 0 5 5 5 5 5 6 6 6 1 6 7 7 7 7 7 7 8 3 7 8 8
7 4 41 42 43 44 45 46 49 7 24 25 28
# i, ga, gb, res: 27 7 4 1
#c 0 8 0 8 6 6 0 4 0 1 1 1 6 2 2 6 3 2 3 3 1 3 3 1 4 4 3 4 4 6 0 5 5 5 5 5 6 6 6 1 6 7 7 7 7 7 7 8 3 7 8 8
4 9 7 24 25 27 4 5 12 15 29 36 37 38 40
# i, ga, gb, res: 28 4 6 -1
#c 0 8 0 8 6 6 0 4 0 1 1 1 6 2 2 6 3 2 3 3 1 3 3 1 4 4 3 4 4 6 0 5 5 5 5 5 6 6 6 1 6 7 7 7 7 7 7 8 3 7 8 8
8 7 4 5 12 15 36 37 38 40 16 18 19 21 22 26 48
# i, ga, gb, res: 29 6 3 -1
#c 0 8 0 8 6 6 0 4 0 1 1 1 6 2 2 6 3 2 3 3 1 3 3 1 4 4 3 4 4 6 0 5 5 5 5 5 6 6 6 1 6 7 7 7 7 7 7 8 3 7 8 8
4 7 0 2 6 8 16 18 19 21 22 26 48
# i, ga, gb, res: 30 0 3 -1
#c 0 8 0 8 6 6 0 4 0 1 1 1 6 2 2 6 3 2 3 3 1 3 3 1 4 4 3 4 4 6 0 5 5 5 5 5 6 6 6 1 6 7 7 7 7 7 7 8 3 7 8 8
4 3 32 33 34 35 13 14 17
# i, ga, gb, res: 31 5 2 -1
#c 0 8 0 8 6 6 0 4 0 1 1 1 6 2 2 6 3 2 3 3 1 3 3 1 4 4 3 4 4 6 0 5 5 5 5 5 6 6 6 1 6 7 7 7 7 7 7 8 3 7 8 8
4 7 31 33 34 35 41 42 43 44 45 46 49
# i, ga, gb, res: 32 5 7 -1
#c 0 8 0 8 6 6 0 4 0 1 1 1 6 2 2 6 3 2 3 3 1 3 3 1 4 4 3 4 4 6 0 5 5 5 5 5 6 6 6 1 6 7 7 7 7 7 7 8 3 7 8 8
4 7 31 32 34 35 41 42 43 44 45 46 49
# i, ga, gb, res: 33 5 7 -1
#c 0 8 0 8 6 6 0 4 0 1 1 1 6 2 2 6 3 2 3 3 1 3 3 1 4 4 3 4 4 6 0 5 5 5 5 5 6 6 6 1 6 7 7 7 7 7 7 8 3 7 8 8
4 7 31 32 33 35 41 42 43 44 45 46 49
# i, ga, gb, res: 34 5 7 -1
#c 0 8 0 8 6 6 0 4 0 1 1 1 6 2 2 6 3 2 3 3 1 3 3 1 4 4 3 4 4 6 0 5 5 5 5 5 6 6 6 1 6 7 7 7 7 7 7 8 3 7 8 8
4 5 31 32 33 34 1 3 47 50 51
# i, ga, gb, res: 35 5 8 -1
#c 0 8 0 8 6 6 0 4 0 1 1 1 6 2 2 6 3 2 3 3 1 3 3 1 4 4 3 4 4 6 0 5 5 5 5 5 6 6 6 1 6 7 7 7 7 7 7 8 3 7 8 8
8 3 4 5 12 15 29 37 38 40 13 14 17
# i, ga, gb, res: 36 6 2 -1
#c 0 8 0 8 6 6 0 4 0 1 1 1 6 2 2 6 3 2 3 3 1 3 3 1 4 4 3 4 4 6 0 5 5 5 5 5 6 6 6 1 6 7 7 7 7 7 7 8 3 7 8 8
8 7 4 5 12 15 29 36 38 40 41 42 43 44 45 46 49
# i, ga, gb, res: 37 6 7 -1
#c 0 8 0 8 6 6 0 4 0 1 1 1 6 2 2 6 3 2 3 3 1 3 3 1 4 4 3 4 4 6 0 5 5 5 5 5 6 6 6 1 6 7 7 7 7 7 7 8 3 7 8 8
8 6 4 5 12 15 29 36 37 40 9 10 11 20 23 39
# i, ga, gb, res: 38 6 1 -1
#c 0 8 0 8 6 6 0 4 0 1 1 1 6 2 2 6 3 2 3 3 1 3 3 1 4 4 3 4 4 6 0 5 5 5 5 5 6 6 6 1 6 7 7 7 7 7 7 8 3 7 8 8
5 7 9 10 11 20 23 41 42 43 44 45 46 49
# i, ga, gb, res: 39 1 7 -1
#c 0 8 0 8 6 6 0 4 0 1 1 1 6 2 2 6 3 2 3 3 1 3 3 1 4 4 3 4 4 6 0 5 5 5 5 5 6 6 6 1 6 7 7 7 7 7 7 8 3 7 8 8
8 5 4 5 12 15 29 36 37 38 1 3 47 50 51
# i, ga, gb, res: 40 6 8 -1
#c 0 8 0 8 6 6 0 4 0 1 1 1 6 2 2 6 3 2 3 3 1 3 3 1 4 4 3 4 4 6 0 5 5 5 5 5 6 6 6 1 6 7 7 7 7 7 7 8 3 7 8 8
6 5 42 43 44 45 46 49 0 2 6 8 30
# i, ga, gb, res: 41 7 0 1
#c 0 8 0 8 6 6 0 4 0 1 1 1 6 2 2 6 3 2 3 3 1 3 3 1 4 4 3 4 4 6 0 5 5 5 5 5 6 6 6 1 6 0 7 7 7 7 7 8 3 7 8 8
5 6 43 44 45 46 49 9 10 11 20 23 39
# i, ga, gb, res: 42 7 1 -1
#c 0 8 0 8 6 6 0 4 0 1 1 1 6 2 2 6 3 2 3 3 1 3 3 1 4 4 3 4 4 6 0 5 5 5 5 5 6 6 6 1 6 0 7 7 7 7 7 8 3 7 8 8
5 3 42 44 45 46 49 13 14 17
# i, ga, gb, res: 43 7 2 1
#c 0 8 0 8 6 6 0 4 0 1 1 1 6 2 2 6 3 2 3 3 1 3 3 1 4 4 3 4 4 6 0 5 5 5 5 5 6 6 6 1 6 0 7 2 7 7 7 8 3 7 8 8
4 5 42 45 46 49 1 3 47 50 51
# i, ga, gb, res: 44 7 8 -1
#c 0 8 0 8 6 6 0 4 0 1 1 1 6 2 2 6 3 2 3 3 1 3 3 1 4 4 3 4 4 6 0 5 5 5 5 5 6 6 6 1 6 0 7 2 7 7 7 8 3 7 8 8
4 9 42 44 46 49 4 5 12 15 29 36 37 38 40
# i, ga, gb, res: 45 7 6 1
#c 0 8 0 8 6 6 0 4 0 1 1 1 6 2 2 6 3 2 3 3 1 3 3 1 4 4 3 4 4 6 0 5 5 5 5 5 6 6 6 1 6 0 7 2 7 6 7 8 3 7 8 8
3 6 42 44 49 9 10 11 20 23 39
# i, ga, gb, res: 46 7 1 -1
#c 0 8 0 8 6 6 0 4 0 1 1 1 6 2 2 6 3 2 3 3 1 3 3 1 4 4 3 4 4 6 0 5 5 5 5 5 6 6 6 1 6 0 7 2 7 6 7 8 3 7 8 8
4 4 1 3 50 51 13 14 17 43
# i, ga, gb, res: 47 8 2 -1
#c 0 8 0 8 6 6 0 4 0 1 1 1 6 2 2 6 3 2 3 3 1 3 3 1 4 4 3 4 4 6 0 5 5 5 5 5 6 6 6 1 6 0 7 2 7 6 7 8 3 7 8 8
6 4 16 18 19 21 22 26 42 44 46 49
# i, ga, gb, res: 48 3 7 -1
#c 0 8 0 8 6 6 0 4 0 1 1 1 6 2 2 6 3 2 3 3 1 3 3 1 4 4 3 4 4 6 0 5 5 5 5 5 6 6 6 1 6 0 7 2 7 6 7 8 3 7 8 8
3 4 42 44 46 13 14 17 43
# i, ga, gb, res: 49 7 2 -1
#c 0 8 0 8 6 6 0 4 0 1 1 1 6 2 2 6 3 2 3 3 1 3 3 1 4 4 3 4 4 6 0 5 5 5 5 5 6 6 6 1 6 0 7 2 7 6 7 8 3 7 8 8
4 7 1 3 47 51 16 18 19 21 22 26 48
# i, ga, gb, res: 50 8 3 -1
#c 0 8 0 8 6 6 0 4 0 1 1 1 6 2 2 6 3 2 3 3 1 3 3 1 4 4 3 4 4 6 0 5 5 5 5 5 6 6 6 1 6 0 7 2 7 6 7 8 3 7 8 8
4 7 1 3 47 50 16 18 19 21 22 26 48
# i, ga, gb, res: 51 8 3 -1
#c 0 8 0 8 6 6 0 4 0 1 1 1 6 2 2 6 3 2 3 3 1 3 3 1 4 4 3 4 4 6 0 5 5 5 5 5 6 6 6 1 6 0 7 2 7 6 7 8 3 7 8 8
5 6 2 6 8 30 41 9 10 11 20 23 39
# i, ga, gb, res: 0 0 1 -1
#c 0 8 0 8 6 6 0 4 0 1 1 1 6 2 2 6 3 2 3 3 1 3 3 1 4 4 3 4 4 6 0 5 5 5 5 5 6 6 6 1 6 0 7 2 7 6 7 8 3 7 8 8
4 6 3 47 50 51 9 10 11 20 23 39
# i, ga, gb, res: 1 8 1 -1
#c 0 8 0 8 6 6 0 4 0 1 1 1 6 2 2 6 3 2 3 3 1 3 3 1 4 4 3 4 4 6 0 5 5 5 5 5 6 6 6 1 6 0 7 2 7 6 7 8 3 7 8 8
5 6 0 6 8 30 41 9 10 11 20 23 39
# i, ga, gb, res: 2 0 1 -1
#c 0 8 0 8 6 6 0 4 0 1 1 1 6 2 2 6 3 2 3 3 1 3 3 1 4 4 3 4 4 6 0 5 5 5 5 5 6 6 6 1 6 0 7 2 7 6 7 8 3 7 8 8
4 6 1 47 50 51 0 2 6 8 30 41
# i, ga, gb, res: 3 8 0 -1
#c 0 8 0 8 6 6 0 4 0 1 1 1 6 2 2 6 3 2 3 3 1 3 3 1 4 4 3 4 4 6 0 5 5 5 5 5 6 6 6 1 6 0 7 2 7 6 7 8 3 7 8 8
9 4 5 12 15 29 36 37 38 40 45 42 44 46 49
# i, ga, gb, res: 4 6 7 -1
#c 0 8 0 8 6 6 0 4 0 1 1 1 6 2 2 6 3 2 3 3 1 3 3 1 4 4 3 4 4 6 0 5 5 5 5 5 6 6 6 1 6 0 7 2 7 6 7 8 3 7 8 8
9 4 4 12 15 29 36 37 38 40 45 42 44 46 49
# i, ga, gb, res: 5 6 7 -1
#c 0 8 0 8 6 6 0 4 0 1 1 1 6 2 2 6 3 2 3 3 1 3 3 1 4 4 3 4 4 6 0 5 5 5 5 5 6 6 6 1 6 0 7 2 7 6 7 8 3 7 8 8
5 4 0 2 8 30 41 13 14 17 43
# i, ga, gb, res: 6 0 2 -1
#c 0 8 0 8 6 6 0 4 0 1 1 1 6 2 2 6 3 2 3 3 1 3 3 1 4 4 3 4 4 6 0 5 5 5 5 5 6 6 6 1 6 0 7 2 7 6 7 8 3 7 8 8
4 5 24 25 27 28 1 3 47 50 51
# i, ga, gb, res: 7 4 8 -1
#c 0 8 0 8 6 6 0 4 0 1 1 1 6 2 2 6 3 2 3 3 1 3 3 1 4 4 3 4 4 6 0 5 5 5 5 5 6 6 6 1 6 0 7 2 7 6 7 8 3 7 8 8
5 5 0 2 6 30 41 31 32 33 34 35
# i, ga, gb, res: 8 0 5 -1
#c 0 8 0 8 6 6 0 4 0 1 1 1 6 2 2 6 3 2 3 3 1 3 3 1 4 4 3 4 4 6 0 5 5 5 5 5 6 6 6 1 6 0 7 2 7 6 7 8 3 7 8 8
5 5 10 11 20 23 39 1 3 47 50 51
# i, ga, gb, res: 9 1 8 -1
#c 0 8 0 8 6 6 0 4 0 1 1 1 6 2 2 6 3 2 3 3 1 3 3 1 4 4 3 4 4 6 0 5 5 5 5 5 6 6 6 1 6 0 7 2 7 6 7 8 3 7 8 8
5 4 9 11 20 23 39 13 14 17 43
# i, ga, gb, res: 10 1 2 -1
#c 0 8 0 8 6 6 0 4 0 1 1 1 6 2 2 6 3 2 3 3 1 3 3 1 4 4 3 4 4 6 0 5 5 5 5 5 6 6 6 1 6 0 7 2 7 6 7 8 3 7 8 8
5 5 9 10 20 23 39 31 32 33 34 35
# i, ga, gb, res: 11 1 5 -1
#c 0 8 0 8 6 6 0 4 0 1 1 1 6 2 2 6 3 2 3 3 1 3 3 1 4 4 3 4 4 6 0 5 5 5 5 5 6 6 6 1 6 0 7 2 7 6 7 8 3 7 8 8
9 6 4 5 15 29 36 37 38 40 45 0 2 6 8 30 41
# i, ga, gb, res: 12 6 0 -1
#c 0 8 0 8 6 6 0 4 0 1 1 1 6 2 2 6 3 2 3 3 1 3 3 1 4 4 3 4 4 6 0 5 5 5 5 5 6 6 6 1 6 0 7 2 7 6 7 8 3 7 8 8
3 7 14 17 43 16 18 19 21 22 26 48
# i, ga, gb, res: 13 2 3 -1
#c 0 8 0 8 6 6 0 4 0 1 1 1 6 2 2 6 3 2 3 3 1 3 3 1 4 4 3 4 4 6 0 5 5 5 5 5 6 6 6 1 6 0 7 2 7 6 7 8 3 7 8 8
3 5 13 17 43 1 3 47 50 51
# i, ga, gb, res: 14 2 8 -1
#c 0 8 0 8 6 6 0 4 0 1 1 1 6 2 2 6 3 2 3 3 1 3 3 1 4 4 3 4 4 6 0 5 5 5 5 5 6 6 6 1 6 0 7 2 7 6 7 8 3 7 8 8
9 4 4 5 12 29 36 37 38 40 45 13 14 17 43
# i, ga, gb, res: 15 6 2 -1
#c 0 8 0 8 6 6 0 4 0 1 1 1 6 2 2 6 3 2 3 3 1 3 3 1 4 4 3 4 4 6 0 5 5 5 5 5 6 6 6 1 6 0 7 2 7 6 7 8 3 7 8 8
6 6 18 19 21 22 26 48 0 2 6 8 30 41
# i, ga, gb, res: 16 3 0 -1
#c 0 8 0 8 6 6 0 4 0 1 1 1 6 2 2 6 3 2 3 3 1 3 3 1 4 4 3 4 4 6 0 5 5 5 5 5 6 6 6 1 6 0 7 2 7 6 7 8 3 7 8 8
3 4 13 14 43 42 44 46 49
# i, ga, gb, res: 17 2 7 -1
#c 0 8 0 8 6 6 0 4 0 1 1 1 6 2 2 6 3 2 3 3 1 3 3 1 4 4 3 4 4 6 0 5 5 5 5 5 6 6 6 1 6 0 7 2 7 6 7 8 3 7 8 8
6 5 16 19 21 22 26 48 1 3 47 50 51
# i, ga, gb, res: 18 3 8 -1
#c 0 8 0 8 6 6 0 4 0 1 1 1 6 2 2 6 3 2 3 3 1 3 3 1 4 4 3 4 4 6 0 5 5 5 5 5 6 6 6 1 6 0 7 2 7 6 7 8 3 7 8 8
6 5 16 18 21 22 26 48 31 32 33 34 35
# i, ga, gb, res: 19 3 5 -1
#c 0 8 0 8 6 6 0 4 0 1 1 1 6 2 2 6 3 2 3 3 1 3 3 1 4 4 3 4 4 6 0 5 5 5 5 5 6 6 6 1 6 0 7 2 7 6 7 8 3 7 8 8
5 10 9 10 11 23 39 4 5 12 15 29 36 37 38 40 45
# i, ga, gb, res: 20 1 6 -1
#c 0 8 0 8 6 6 0 4 0 1 1 1 6 2 2 6 3 2 3 3 1 3 3 1 4 4 3 4 4 6 0 5 5 5 5 5 6 6 6 1 6 0 7 2 7 6 7 8 3 7 8 8
6 4 16 18 19 22 26 48 13 14 17 43
# i, ga, gb, res: 21 3 2 -1
#c 0 8 0 8 6 6 0 4 0 1 1 1 6 2 2 6 3 2 3 3 1 3 3 1 4 4 3 4 4 6 0 5 5 5 5 5 6 6 6 1 6 0 7 2 7 6 7 8 3 7 8 8
6 5 16 18 19 21 26 48 7 24 25 27 28
# i, ga, gb, res: 22 3 4 -1
#c 0 8 0 8 6 6 0 4 0 1 1 1 6 2 2 6 3 2 3 3 1 3 3 1 4 4 3 4 4 6 0 5 5 5 5 5 6 6 6 1 6 0 7 2 7 6 7 8 3 7 8 8
5 5 9 10 11 20 39 7 24 25 27 28
# i, ga, gb, res: 23 1 4 -1
#c 0 8 0 8 6 6 0 4 0 1 1 1 6 2 2 6 3 2 3 3 1 3 3 1 4 4 3 4 4 6 0 5 5 5 5 5 6 6 6 1 6 0 7 2 7 6 7 8 3 7 8 8
4 7 7 25 27 28 16 18 19 21 22 26 48
# i, ga, gb, res: 24 4 3 -1
#c 0 8 0 8 6 6 0 4 0 1 1 1 6 2 2 6 3 2 3 3 1 3 3 1 4 4 3 4 4 6 0 5 5 5 5 5 6 6 6 1 6 0 7 2 7 6 7 8 3 7 8 8
4 7 7 24 27 28 16 18 19 21 22 26 48
# i, ga, gb, res: 25 4 3 -1
#c 0 8 0 8 6 6 0 4 0 1 1 1 6 2 2 6 3 2 3 3 1 3 3 1 4 4 3 4 4 6 0 5 5 5 5 5 6 6 6 1 6 0 7 2 7 6 7 8 3 7 8 8
6 4 16 18 19 21 22 48 42 44 46 49
# i, ga, gb, res: 26 3 7 -1
#c 0 8 0 8 6 6 0 4 0 1 1 1 6 2 2 6 3 2 3 3 1 3 3 1 4 4 3 4 4 6 0 5 5 5 5 5 6 6 6 1 6 0 7 2 7 6 7 8 3 7 8 8
4 5 7 24 25 28 31 32 33 34 35
# i, ga, gb, res: 27 4 5 1
#c 0 8 0 8 6 6 0 4 0 1 1 1 6 2 2 6 3 2 3 3 1 3 3 1 4 4 3 5 4 6 0 5 5 5 5 5 6 6 6 1 6 0 7 2 7 6 7 8 3 7 8 8
3 6 7 24 25 0 2 6 8 30 41
# i, ga, gb, res: 28 4 0 -1
#c 0 8 0 8 6 6 0 4 0 1 1 1 6 2 2 6 3 2 3 3 1 3 3 1 4 4 3 5 4 6 0 5 5 5 5 5 6 6 6 1 6 0 7 2 7 6 7 8 3 7 8 8
9 5 4 5 12 15 36 37 38 40 45 1 3 47 50 51
# i, ga, gb, res: 29 6 8 -1
#c 0 8 0 8 6 6 0 4 0 1 1 1 6 2 2 6 3 2 3 3 1 3 3 1 4 4 3 5 4 6 0 5 5 5 5 5 6 6 6 1 6 0 7 2 7 6 7 8 3 7 8 8
5 4 0 2 6 8 41 13 14 17 43
# i, ga, gb, res: 30 0 2 -1
#c 0 8 0 8 6 6 0 4 0 1 1 1 6 2 2 6 3 2 3 3 1 3 3 1 4 4 3 5 4 6 0 5 5 5 5 5 6 6 6 1 6 0 7 2 7 6 7 8 3 7 8 8
5 4 27 32 33 34 35 42 44 46 49
# i, ga, gb, res: 31 5 7 -1
#c 0 8 0 8 6 6 0 4 0 1 1 1 6 2 2 6 3 2 3 3 1 3 3 1 4 4 3 5 4 6 0 5 5 5 5 5 6 6 6 1 6 0 7 2 7 6 7 8 3 7 8 8
5 5 27 31 33 34 35 1 3 47 50 51
# i, ga, gb, res: 32 5 8 -1
#c 0 8 0 8 6 6 0 4 0 1 1 1 6 2 2 6 3 2 3 3 1 3 3 1 4 4 3 5 4 6 0 5 5 5 5 5 6 6 6 1 6 0 7 2 7 6 7 8 3 7 8 8
5 5 27 31 32 34 35 1 3 47 50 51
# i, ga, gb, res: 33 5 8 -1
#c 0 8 0 8 6 6 0 4 0 1 1 1 6 2 2 6 3 2 3 3 1 3 3 1 4 4 3 5 4 6 0 5 5 5 5 5 6 6 6 1 6 0 7 2 7 6 7 8 3 7 8 8
5 7 27 31 32 33 35 16 18 19 21 22 26 48
# i, ga, gb, res: 34 5 3 -1
#c 0 8 0 8 6 6 0 4 0 1 1 1 6 2 2 6 3 2 3 3 1 3 3 1 4 4 3 5 4 6 0 5 5 5 5 5 6 6 6 1 6 0 7 2 7 6 7 8 3 7 8 8
5 4 27 31 32 33 34 13 14 17 43
# i, ga, gb, res: 35 5 2 -1
#c 0 8 0 8 6 6 0 4 0 1 1 1 6 2 2 6 3 2 3 3 1 3 3 1 4 4 3 5 4 6 0 5 5 5 5 5 6 6 6 1 6 0 7 2 7 6 7 8 3 7 8 8
9 6 4 5 12 15 29 37 38 40 45 0 2 6 8 30 41
# i, ga, gb, res: 36 6 0 -1
#c 0 8 0 8 6 6 0 4 0 1 1 1 6 2 2 6 3 2 3 3 1 3 3 1 4 4 3 5 4 6 0 5 5 5 5 5 6 6 6 1 6 0 7 2 7 6 7 8 3 7 8 8
9 6 4 5 12 15 29 36 38 40 45 0 2 6 8 30 41
# i, ga, gb, res: 37 6 0 -1
#c 0 8 0 8 6 6 0 4 0 1 1 1 6 2 2 6 3 2 3 3 1 3 3 1 4 4 3 5 4 6 0 5 5 5 5 5 6 6 6 1 6 0 7 2 7 6 7 8 3 7 8 8
9 6 4 5 12 15 29 36 37 40 45 27 31 32 33 34 35
# i, ga, gb, res: 38 6 5 -1
#c 0 8 0 8 6 6 0 4 0 1 1 1 6 2 2 6 3 2 3 3 1 3 3 1 4 4 3 5 4 6 0 5 5 5 5 5 6 6 6 1 6 0 7 2 7 6 7 8 3 7 8 8
5 5 9 10 11 20 23 1 3 47 50 51
# i, ga, gb, res: 39 1 8 -1
#c 0 8 0 8 6 6 0 4 0 1 1 1 6 2 2 6 3 2 3 3 1 3 3 1 4 4 3 5 4 6 0 5 5 5 5 5 6 6 6 1 6 0 7 2 7 6 7 8 3 7 8 8
9 4 4 5 12 15 29 36 37 38 45 7 24 25 28
# i, ga, gb, res: 40 6 4 -1
#c 0 8 0 8 6 6 0 4 0 1 1 1 6 2 2 6 3 2 3 3 1 3 3 1 4 4 3 5 4 6 0 5 5 5 5 5 6 6 6 1 6 0 7 2 7 6 7 8 3 7 8 8
5 4 0 2 6 8 30 7 24 25 28
# i, ga, gb, res: 41 0 4 -1
#c 0 8 0 8 6 6 0 4 0 1 1 1 6 2 2 6 3 2 3 3 1 3 3 1 4 4 3 5 4 6 0 5 5 5 5 5 6 6 6 1 6 0 7 2 7 6 7 8 3 7 8 8
3 5 44 46 49 1 3 47 50 51
# i, ga, gb, res: 42 7 8 -1
#c 0 8 0 8 6 6 0 4 0 1 1 1 6 2 2 6 3 2 3 3 1 3 3 1 4 4 3 5 4 6 0 5 5 5 5 5 6 6 6 1 6 0 7 2 7 6 7 8 3 7 8 8
3 6 13 14 17 27 31 32 33 34 35
# i, ga, gb, res: 43 2 5 -1
#c 0 8 0 8 6 6 0 4 0 1 1 1 6 2 2 6 3 2 3 3 1 3 3 1 4 4 3 5 4 6 0 5 5 5 5 5 6 6 6 1 6 0 7 2 7 6 7 8 3 7 8 8
3 7 42 46 49 16 18 19 21 22 26 48
# i, ga, gb, res: 44 7 3 -1
#c 0 8 0 8 6 6 0 4 0 1 1 1 6 2 2 6 3 2 3 3 1 3 3 1 4 4 3 5 4 6 0 5 5 5 5 5 6 6 6 1 6 0 7 2 7 6 7 8 3 7 8 8
9 6 4 5 12 15 29 36 37 38 40 0 2 6 8 30 41
# i, ga, gb, res: 45 6 0 -1
#c 0 8 0 8 6 6 0 4 0 1 1 1 6 2 2 6 3 2 3 3 1 3 3 1 4 4 3 5 4 6 0 5 5 5 5 5 6 6 6 1 6 0 7 2 7 6 7 8 3 7 8 8
3 6 42 44 49 9 10 11 20 23 39
# i, ga, gb, res: 46 7 1 -1
#c 0 8 0 8 6 6 0 4 0 1 1 1 6 2 2 6 3 2 3 3 1 3 3 1 4 4 3 5 4 6 0 5 5 5 5 5 6 6 6 1 6 0 7 2 7 6 7 8 3 7 8 8
4 6 1 3 50 51 0 2 6 8 30 41
# i, ga, gb, res: 47 8 0 -1
#c 0 8 0 8 6 6 0 4 0 1 1 1 6 2 2 6 3 2 3 3 1 3 3 1 4 4 3 5 4 6 0 5 5 5 5 5 6 6 6 1 6 0 7 2 7 6 7 8 3 7 8 8
6 4 16 18 19 21 22 26 7 24 25 28
# i, ga, gb, res: 48 3 4 -1
#c 0 8 0 8 6 6 0 4 0 1 1 1 6 2 2 6 3 2 3 3 1 3 3 1 4 4 3 5 4 6 0 5 5 5 5 5 6 6 6 1 6 0 7 2 7 6 7 8 3 7 8 8
3 4 42 44 46 13 14 17 43
# i, ga, gb, res: 49 7 2 -1
#c 0 8 0 8 6 6 0 4 0 1 1 1 6 2 2 6 3 2 3 3 1 3 3 1 4 4 3 5 4 6 0 5 5 5 5 5 6 6 6 1 6 0 7 2 7 6 7 8 3 7 8 8
4 6 1 3 47 51 9 10 11 20 23 39
# i, ga, gb, res: 50 8 1 -1
#c 0 8 0 8 6 6 0 4 0 1 1 1 6 2 2 6 3 2 3 3 1 3 3 1 4 4 3 5 4 6 0 5 5 5 5 5 6 6 6 1 6 0 7 2 7 6 7 8 3 7 8 8
4 6 1 3 47 50 27 31 32 33 34 35
# i, ga, gb, res: 51 8 5 -1
#c 0 8 0 8 6 6 0 4 0 1 1 1 6 2 2 6 3 2 3 3 1 3 3 1 4 4 3 5 4 6 0 5 5 5 5 5 6 6 6 1 6 0 7 2 7 6 7 8 3 7 8 8
5 7 2 6 8 30 41 16 18 19 21 22 26 48
# i, ga, gb, res: 0 0 3 -1
#c 0 8 0 8 6 6 0 4 0 1 1 1 6 2 2 6 3 2 3 3 1 3 3 1 4 4 3 5 4 6 0 5 5 5 5 5 6 6 6 1 6 0 7 2 7 6 7 8 3 7 8 8
4 10 3 47 50 51 4 5 12 15 29 36 37 38 40 45
# i, ga, gb, res: 1 8 6 -1
#c 0 8 0 8 6 6 0 4 0 1 1 1 6 2 2 6 3 2 3 3 1 3 3 1 4 4 3 5 4 6 0 5 5 5 5 5 6 6 6 1 6 0 7 2 7 6 7 8 3 7 8 8
5 4 0 6 8 30 41 42 44 46 49
# i, ga, gb, res: 2 0 7 -1
#c 0 8 0 8 6 6 0 4 0 1 1 1 6 2 2 6 3 2 3 3 1 3 3 1 4 4 3 5 4 6 0 5 5 5 5 5 6 6 6 1 6 0 7 2 7 6 7 8 3 7 8 8
4 4 1 47 50 51 42 44 46 49
# i, ga, gb, res: 3 8 7 -1
#c 0 8 0 8 6 6 0 4 0 1 1 1 6 2 2 6 3 2 3 3 1 3 3 1 4 4 3 5 4 6 0 5 5 5 5 5 6 6 6 1 6 0 7 2 7 6 7 8 3 7 8 8
9 7 5 12 15 29 36 37 38 40 45 16 18 19 21 22 26 48
# i, ga, gb, res: 4 6 3 -1
#c 0 8 0 8 6 6 0 4 0 1 1 1 6 2 2 6 3 2 3 3 1 3 3 1 4 4 3 5 4 6 0 5 5 5 5 5 6 6 6 1 6 0 7 2 7 6 7 8 3 7 8 8
9 6 4 12 15 29 36 37 38 40 45 0 2 6 8 30 41
# i, ga, gb, res: 5 6 0 -1
#c 0 8 0 8 6 6 0 4 0 1 1 1 6 2 2 6 3 2 3 3 1 3 3 1 4 4 3 5 4 6 0 5 5 5 5 5 6 6 6 1 6 0 7 2 7 6 7 8 3 7 8 8
5 7 0 2 8 30 41 16 18 19 21 22 26 48
# i, ga, gb, res: 6 0 3 -1
#c 0 8 0 8 6 6 0 4 0 1 1 1 6 2 2 6 3 2 3 3 1 3 3 1 4 4 3 5 4 6 0 5 5 5 5 5 6 6 6 1 6 0 7 2 7 6 7 8 3 7 8 8
3 6 24 25 28 9 10 11 20 23 39
# i, ga, gb, res: 7 4 1 -1
#c 0 8 0 8 6 6 0 4 0 1 1 1 6 2 2 6 3 2 3 3 1 3 3 1 4 4 3 5 4 6 0 5 5 5 5 5 6 6 6 1 6 0 7 2 7 6 7 8 3 7 8 8
5 10 0 2 6 30 41 4 5 12 15 29 36 37 38 40 45
# i, ga, gb, res: 8 0 6 -1
#c 0 8 0 8 6 6 0 4 0 1 1 1 6 2 2 6 3 2 3 3 1 3 3 1 4 4 3 5 4 6 0 5 5 5 5 5 6 6 6 1 6 0 7 2 7 6 7 8 3 7 8 8
5 4 10 11 20 23 39 42 44 46 49
# i, ga, gb, res: 9 1 7 -1
#c 0 8 0 8 6 6 0 4 0 1 1 1 6 2 2 6 3 2 3 3 1 3 3 1 4 4 3 5 4 6 0 5 5 5 5 5 6 6 6 1 6 0 7 2 7 6 7 8 3 7 8 8
5 6 9 11 20 23 39 27 31 32 33 34 35
# i, ga, gb, res: 10 1 5 -1
#c 0 8 0 8 6 6 0 4 0 1 1 1 6 2 2 6 3 2 3 3 1 3 3 1 4 4 3 5 4 6 0 5 5 5 5 5 6 6 6 1 6 0 7 2 7 6 7 8 3 7 8 8
5 6 9 10 20 23 39 27 31 32 33 34 35
# i, ga, gb, res: 11 1 5 -1
#c 0 8 0 8 6 6 0 4 0 1 1 1 6 2 2 6 3 2 3 3 1 3 3 1 4 4 3 5 4 6 0 5 5 5 5 5 6 6 6 1 6 0 7 2 7 6 7 8 3 7 8 8
9 6 4 5 15 29 36 37 38 40 45 27 31 32 33 34 35
# i, ga, gb, res: 12 6 5 -1
#c 0 8 0 8 6 6 0 4 0 1 1 1 6 2 2 6 3 2 3 3 1 3 3 1 4 4 3 5 4 6 0 5 5 5 5 5 6 6 6 1 6 0 7 2 7 6 7 8 3 7 8 8
3 6 14 17 43 9 10 11 20 23 39
# i, ga, gb, res: 13 2 1 -1
#c 0 8 0 8 6 6 0 4 0 1 1 1 6 2 2 6 3 2 3 3 1 3 3 1 4 4 3 5 4 6 0 5 5 5 5 5 6 6 6 1 6 0 7 2 7 6 7 8 3 7 8 8
3 4 13 17 43 7 24 25 28
# i, ga, gb, res: 14 2 4 -1
#c 0 8 0 8 6 6 0 4 0 1 1 1 6 2 2 6 3 2 3 3 1 3 3 1 4 4 3 5 4 6 0 5 5 5 5 5 6 6 6 1 6 0 7 2 7 6 7 8 3 7 8 8
9 6 4 5 12 29 36 37 38 40 45 27 31 32 33 34 35
# i, ga, gb, res: 15 6 5 -1
#c 0 8 0 8 6 6 0 4 0 1 1 1 6 2 2 6 3 2 3 3 1 3 3 1 4 4 3 5 4 6 0 5 5 5 5 5 6 6 6 1 6 0 7 2 7 6 7 8 3 7 8 8
6 10 18 19 21 22 26 48 4 5 12 15 29 36 37 38 40 45
# i, ga, gb, res: 16 3 6 -1
#c 0 8 0 8 6 6 0 4 0 1 1 1 6 2 2 6 3 2 3 3 1 3 3 1 4 4 3 5 4 6 0 5 5 5 5 5 6 6 6 1 6 0 7 2 7 6 7 8 3 7 8 8
3 6 13 14 43 27 31 32 33 34 35
# i, ga, gb, res: 17 2 5 -1
#c 0 8 0 8 6 6 0 4 0 1 1 1 6 2 2 6 3 2 3 3 1 3 3 1 4 4 3 5 4 6 0 5 5 5 5 5 6 6 6 1 6 0 7 2 7 6 7 8 3 7 8 8
6 6 16 19 21 22 26 48 0 2 6 8 30 41
# i, ga, gb, res: 18 3 0 -1
#c 0 8 0 8 6 6 0 4 0 1 1 1 6 2 2 6 3 2 3 3 1 3 3 1 4 4 3 5 4 6 0 5 5 5 5 5 6 6 6 1 6 0 7 2 7 6 7 8 3 7 8 8
6 6 16 18 21 22 26 48 0 2 6 8 30 41
# i, ga, gb, res: 19 3 0 -1
#c 0 8 0 8 6 6 0 4 0 1 1 1 6 2 2 6 3 2 3 3 1 3 3 1 4 4 3 5 4 6 0 5 5 5 5 5 6 6 6 1 6 0 7 2 7 6 7 8 3 7 8 8
5 6 9 10 11 23 39 27 31 32 33 34 35
# i, ga, gb, res: 20 1 5 -1
#c 0 8 0 8 6 6 0 4 0 1 1 1 6 2 2 6 3 2 3 3 1 3 3 1 4 4 3 5 4 6 0 5 5 5 5 5 6 6 6 1 6 0 7 2 7 6 7 8 3 7 8 8
6 6 16 18 19 22 26 48 0 2 6 8 30 41
# i, ga, gb, res: 21 3 0 -1
#c 0 8 0 8 6 6 0 4 0 1 1 1 6 2 2 6 3 2 3 3 1 3 3 1 4 4 3 5 4 6 0 5 5 5 5 5 6 6 6 1 6 0 7 2 7 6 7 8 3 7 8 8
6 4 16 18 19 21 26 48 42 44 46 49
# i, ga, gb, res: 22 3 7 -1
#c 0 8 0 8 6 6 0 4 0 1 1 1 6 2 2 6 3 2 3 3 1 3 3 1 4 4 3 5 4 6 0 5 5 5 5 5 6 6 6 1 6 0 7 2 7 6 7 8 3 7 8 8
5 5 9 10 11 20 39 1 3 47 50 51
# i, ga, gb, res: 23 1 8 -1
#c 0 8 0 8 6 6 0 4 0 1 1 1 6 2 2 6 3 2 3 3 1 3 3 1 4 4 3 5 4 6 0 5 5 5 5 5 6 6 6 1 6 0 7 2 7 6 7 8 3 7 8 8
3 6 7 25 28 0 2 6 8 30 41
# i, ga, gb, res: 24 4 0 -1
#c 0 8 0 8 6 6 0 4 0 1 1 1 6 2 2 6 3 2 3 3 1 3 3 1 4 4 3 5 4 6 0 5 5 5 5 5 6 6 6 1 6 0 7 2 7 6 7 8 3 7 8 8
3 6 7 24 28 9 10 11 20 23 39
# i, ga, gb, res: 25 4 1 -1
#c 0 8 0 8 6 6 0 4 0 1 1 1 6 2 2 6 3 2 3 3 1 3 3 1 4 4 3 5 4 6 0 5 5 5 5 5 6 6 6 1 6 0 7 2 7 6 7 8 3 7 8 8
6 6 16 18 19 21 22 48 0 2 6 8 30 41
# i, ga, gb, res: 26 3 0 -1
#c 0 8 0 8 6 6 0 4 0 1 1 1 6 2 2 6 3 2 3 3 1 3 3 1 4 4 3 5 4 6 0 5 5 5 5 5 6 6 6 1 6 0 7 2 7 6 7 8 3 7 8 8
5 6 31 32 33 34 35 0 2 6 8 30 41
# i, ga, gb, res: 27 5 0 -1
#c 0 8 0 8 6 6 0 4 0 1 1 1 6 2 2 6 3 2 3 3 1 3 3 1 4 4 3 5 4 6 0 5 5 5 5 5 6 6 6 1 6 0 7 2 7 6 7 8 3 7 8 8
3 5 7 24 25 1 3 47 50 51
# i, ga, gb, res: 28 4 8 -1
#c 0 8 0 8 6 6 0 4 0 1 1 1 6 2 2 6 3 2 3 3 1 3 3 1 4 4 3 5 4 6 0 5 5 5 5 5 6 6 6 1 6 0 7 2 7 6 7 8 3 7 8 8
9 6 4 5 12 15 36 37 38 40 45 9 10 11 20 23 39
# i, ga, gb, res: 29 6 1 -1
#c 0 8 0 8 6 6 0 4 0 1 1 1 6 2 2 6 3 2 3 3 1 3 3 1 4 4 3 5 4 6 0 5 5 5 5 5 6 6 6 1 6 0 7 2 7 6 7 8 3 7 8 8
5 4 0 2 6 8 41 42 44 46 49
# i, ga, gb, res: 30 0 7 -1
#c 0 8 0 8 6 6 0 4 0 1 1 1 6 2 2 6 3 2 3 3 1 3 3 1 4 4 3 5 4 6 0 5 5 5 5 5 6 6 6 1 6 0 7 2 7 6 7 8 3 7 8 8
5 10 27 32 33 34 35 4 5 12 15 29 36 37 38 40 45
# i, ga, gb, res: 31 5 6 -1
#c 0 8 0 8 6 6 0 4 0 1 1 1 6 2 2 6 3 2 3 3 1 3 3 1 4 4 3 5 4 6 0 5 5 5 5 5 6 6 6 1 6 0 7 2 7 6 7 8 3 7 8 8
5 10 27 31 33 34 35 4 5 12 15 29 36 37 38 40 45
# i, ga, gb, res: 32 5 6 -1
#c 0 8 0 8 6 6 0 4 0 1 1 1 6 2 2 6 3 2 3 3 1 3 3 1 4 4 3 5 4 6 0 5 5 5 5 5 6 6 6 1 6 0 7 2 7 6 7 8 3 7 8 8
5 4 27 31 32 34 35 7 24 25 28
# i, ga, gb, res: 33 5 4 -1
#c 0 8 0 8 6 6 0 4 0 1 1 1 6 2 2 6 3 2 3 3 1 3 3 1 4 4 3 5 4 6 0 5 5 5 5 5 6 6 6 1 6 0 7 2 7 6 7 8 3 7 8 8
5 4 27 31 32 33 35 13 14 17 43
# i, ga, gb, res: 34 5 2 -1
#c 0 8 0 8 6 6 0 4 0 1 1 1 6 2 2 6 3 2 3 3 1 3 3 1 4 4 3 5 4 6 0 5 5 5 5 5 6 6 6 1 6 0 7 2 7 6 7 8 3 7 8 8
5 4 27 31 32 33 34 13 14 17 43
# i, ga, gb, res: 35 5 2 -1
#c 0 8 0 8 6 6 0 4 0 1 1 1 6 2 2 6 3 2 3 3 1 3 3 1 4 4 3 5 4 6 0 5 5 5 5 5 6 6 6 1 6 0 7 2 7 6 7 8 3 7 8 8
9 6 4 5 12 15 29 37 38 40 45 27 31 32 33 34 35
# i, ga, gb, res: 36 6 5 -1
#c 0 8 0 8 6 6 0 4 0 1 1 1 6 2 2 6 3 2 3 3 1 3 3 1 4 4 3 5 4 6 0 5 5 5 5 5 6 6 6 1 6 0 7 2 7 6 7 8 3 7 8 8
9 4 4 5 12 15 29 36 38 40 45 42 44 46 49
# i, ga, gb, res: 37 6 7 -1
#c 0 8 0 8 6 6 0 4 0 1 1 1 6 2 2 6 3 2 3 3 1 3 3 1 4 4 3 5 4 6 0 5 5 5 5 5 6 6 6 1 6 0 7 2 7 6 7 8 3 7 8 8
9 4 4 5 12 15 29 36 37 40 45 13 14 17 43
# i, ga, gb, res: 38 6 2 -1
#c 0 8 0 8 6 6 0 4 0 1 1 1 6 2 2 6 3 2 3 3 1 3 3 1 4 4 3 5 4 6 0 5 5 5 5 5 6 6 6 1 6 0 7 2 7 6 7 8 3 7 8 8
5 6 9 10 11 20 23 27 31 32 33 34 35
# i, ga, gb, res: 39 1 5 -1
#c 0 8 0 8 6 6 0 4 0 1 1 1 6 2 2 6 3 2 3 3 1 3 3 1 4 4 3 5 4 6 0 5 5 5 5 5 6 6 6 1 6 0 7 2 7 6 7 8 3 7 8 8
9 5 4 5 12 15 29 36 37 38 45 1 3 47 50 51
# i, ga, gb, res: 40 6 8 -1
#c 0 8 0 8 6 6 0 4 0 1 1 1 6 2 2 6 3 2 3 3 1 3 3 1 4 4 3 5 4 6 0 5 5 5 5 5 6 6 6 1 6 0 7 2 7 6 7 8 3 7 8 8
5 7 0 2 6 8 30 16 18 19 21 22 26 48
# i, ga, gb, res: 41 0 3 -1
#c 0 8 0 8 6 6 0 4 0 1 1 1 6 2 2 6 3 2 3 3 1 3 3 1 4 4 3 5 4 6 0 5 5 5 5 5 6 6 6 1 6 0 7 2 7 6 7 8 3 7 8 8
3 5 44 46 49 1 3 47 50 51
# i, ga, gb, res: 42 7 8 -1
#c 0 8 0 8 6 6 0 4 0 1 1 1 6 2 2 6 3 2 3 3 1 3 3 1 4 4 3 5 4 6 0 5 5 5 5 5 6 6 6 1 6 0 7 2 7 6 7 8 3 7 8 8
3 5 13 14 17 1 3 47 50 51
# i, ga, gb, res: 43 2 8 -1
#c 0 8 0 8 6 6 0 4 0 1 1 1 6 2 2 6 3 2 3 3 1 3 3 1 4 4 3 5 4 6 0 5 5 5 5 5 6 6 6 1 6 0 7 2 7 6 7 8 3 7 8 8
3 5 42 46 49 1 3 47 50 51
# i, ga, gb, res: 44 7 8 -1
#c 0 8 0 8 6 6 0 4 0 1 1 1 6 2 2 6 3 2 3 3 1 3 3 1 4 4 3 5 4 6 0 5 5 5 5 5 6 6 6 1 6 0 7 2 7 6 7 8 3 7 8 8
9 4 4 5 12 15 29 36 37 38 40 42 44 46 49
# i, ga, gb, res: 45 6 7 -1
#c 0 8 0 8 6 6 0 4 0 1 1 1 6 2 2 6 3 2 3 3 1 3 3 1 4 4 3 5 4 6 0 5 5 5 5 5 6 6 6 1 6 0 7 2 7 6 7 8 3 7 8 8
3 6 42 44 49 27 31 32 33 34 35
# i, ga, gb, res: 46 7 5 -1
#c 0 8 0 8 6 6 0 4 0 1 1 1 6 2 2 6 3 2 3 3 1 3 3 1 4 4 3 5 4 6 0 5 5 5 5 5 6 6 6 1 6 0 7 2 7 6 7 8 3 7 8 8
4 4 1 3 50 51 13 14 17 43
# i, ga, gb, res: 47 8 2 -1
#c 0 8 0 8 6 6 0 4 0 1 1 1 6 2 2 6 3 2 3 3 1 3 3 1 4 4 3 5 4 6 0 5 5 5 5 5 6 6 6 1 6 0 7 2 7 6 7 8 3 7 8 8
6 6 16 18 19 21 22 26 0 2 6 8 30 41
# i, ga, gb, res: 48 3 0 -1
#c 0 8 0 8 6 6 0 4 0 1 1 1 6 2 2 6 3 2 3 3 1 3 3 1 4 4 3 5 4 6 0 5 5 5 5 5 6 6 6 1 6 0 7 2 7 6 7 8 3 7 8 8
3 4 42 44 46 7 24 25 28
# i, ga, gb, res: 49 7 4 -1
#c 0 8 0 8 6 6 0 4 0 1 1 1 6 2 2 6 3 2 3 3 1 3 3 1 4 4 3 5 4 6 0 5 5 5 5 5 6 6 6 1 6 0 7 2 7 6 7 8 3 7 8 8
4 7 1 3 47 51 16 18 19 21 22 26 48
# i, ga, gb, res: 50 8 3 -1
#c 0 8 0 8 6 6 0 4 0 1 1 1 6 2 2 6 3 2 3 3 1 3 3 1 4 4 3 5 4 6 0 5 5 5 5 5 6 6 6 1 6 0 7 2 7 6 7 8 3 7 8 8
4 4 1 3 47 50 13 14 17 43
# i, ga, gb, res: 51 8 2 -1
#c 0 8 0 8 6 6 0 4 0 1 1 1 6 2 2 6 3 2 3 3 1 3 3 1 4 4 3 5 4 6 0 5 5 5 5 5 6 6 6 1 6 0 7 2 7 6 7 8 3 7 8 8
5 5 2 6 8 30 41 1 3 47 50 51
# i, ga, gb, res: 0 0 8 -1
#c 0 8 0 8 6 6 0 4 0 1 1 1 6 2 2 6 3 2 3 3 1 3 3 1 4 4 3 5 4 6 0 5 5 5 5 5 6 6 6 1 6 0 7 2 7 6 7 8 3 7 8 8
4 4 3 47 50 51 7 24 25 28
# i, ga, gb, res: 1 8 4 -1
#c 0 8 0 8 6 6 0 4 0 1 1 1 6 2 2 6 3 2 3 3 1 3 3 1 4 4 3 5 4 6 0 5 5 5 5 5 6 6 6 1 6 0 7 2 7 6 7 8 3 7 8 8
5 4 0 6 8 30 41 13 14 17 43
# i, ga, gb, res: 2 0 2 -1
#c 0 8 0 8 6 6 0 4 0 1 1 1 6 2 2 6 3 2 3 3 1 3 3 1 4 4 3 5 4 6 0 5 5 5 5 5 6 6 6 1 6 0 7 2 7 6 7 8 3 7 8 8
4 6 1 47 50 51 27 31 32 33 34 35
# i, ga, gb, res: 3 8 5 -1
#c 0 8 0 8 6 6 0 4 0 1 1 1 6 2 2 6 3 2 3 3 1 3 3 1 4 4 3 5 4 6 0 5 5 5 5 5 6 6 6 1 6 0 7 2 7 6 7 8 3 7 8 8
9 4 5 12 15 29 36 37 38 40 45 42 44 46 49
# i, ga, gb, res: 4 6 7 -1
#c 0 8 0 8 6 6 0 4 0 1 1 1 6 2 2 6 3 2 3 3 1 3 3 1 4 4 3 5 4 6 0 5 5 5 5 5 6 6 6 1 6 0 7 2 7 6 7 8 3 7 8 8
9 7 4 12 15 29 36 37 38 40 45 16 18 19 21 22 26 48
# i, ga, gb, res: 5 6 3 -1
#c 0 8 0 8 6 6 0 4 0 1 1 1 6 2 2 6 3 2 3 3 1 3 3 1 4 4 3 5 4 6 0 5 5 5 5 5 6 6 6 1 6 0 7 2 7 6 7 8 3 7 8 8
5 4 0 2 8 30 41 7 24 25 28
# i, ga, gb, res: 6 0 4 -1
#c 0 8 0 8 6 6 0 4 0 1 1 1 6 2 2 6 3 2 3 3 1 3 3 1 4 4 3 5 4 6 0 5 5 5 5 5 6 6 6 1 6 0 7 2 7 6 7 8 3 7 8 8
3 6 24 25 28 0 2 6 8 30 41
# i, ga, gb, res: 7 4 0 -1
#c 0 8 0 8 6 6 0 4 0 1 1 1 6 2 2 6 3 2 3 3 1 3 3 1 4 4 3 5 4 6 0 5 5 5 5 5 6 6 6 1 6 0 7 2 7 6 7 8 3 7 8 8
5 6 0 2 6 30 41 27 31 32 33 34 35
# i, ga, gb, res: 8 0 5 -1
#c 0 8 0 8 6 6 0 4 0 1 1 1 6 2 2 6 3 2 3 3 1 3 3 1 4 4 3 5 4 6 0 5 5 5 5 5 6 6 6 1 6 0 7 2 7 6 7 8 3 7 8 8
5 6 10 11 20 23 39 27 31 32 33 34 35
# i, ga, gb, res: 9 1 5 -1
#c 0 8 0 8 6 6 0 4 0 1 1 1 6 2 2 6 3 2 3 3 1 3 3 1 4 4 3 5 4 6 0 5 5 5 5 5 6 6 6 1 6 0 7 2 7 6 7 8 3 7 8 8
5 4 9 11 20 23 39 42 44 46 49
# i, ga, gb, res: 10 1 7 -1
#c 0 8 0 8 6 6 0 4 0 1 1 1 6 2 2 6 3 2 3 3 1 3 3 1 4 4 3 5 4 6 0 5 5 5 5 5 6 6 6 1 6 0 7 2 7 6 7 8 3 7 8 8
5 6 9 10 20 23 39 0 2 6 8 30 41
# i, ga, gb, res: 11 1 0 -1
#c 0 8 0 8 6 6 0 4 0 1 1 1 6 2 2 6 3 2 3 3 1 3 3 1 4 4 3 5 4 6 0 5 5 5 5 5 6 6 6 1 6 0 7 2 7 6 7 8 3 7 8 8
9 5 4 5 15 29 36 37 38 40 45 1 3 47 50 51
# i, ga, gb, res: 12 6 8 -1
#c 0 8 0 8 6 6 0 4 0 1 1 1 6 2 2 6 3 2 3 3 1 3 3 1 4 4 3 5 4 6 0 5 5 5 5 5 6 6 6 1 6 0 7 2 7 6 7 8 3 7 8 8
3 6 14 17 43 27 31 32 33 34 35
# i, ga, gb, res: 13 2 5 -1
#c 0 8 0 8 6 6 0 4 0 1 1 1 6 2 2 6 3 2 3 3 1 3 3 1 4 4 3 5 4 6 0 5 5 5 5 5 6 6 6 1 6 0 7 2 7 6 7 8 3 7 8 8
3 4 13 17 43 42 44 46 49
# i, ga, gb, res: 14 2 7 -1
#c 0 8 0 8 6 6 0 4 0 1 1 1 6 2 2 6 3 2 3 3 1 3 3 1 4 4 3 5 4 6 0 5 5 5 5 5 6 6 6 1 6 0 7 2 7 6 7 8 3 7 8 8
9 6 4 5 12 29 36 37 38 40 45 9 10 11 20 23 39
# i, ga, gb, res: 15 6 1 -1
#c 0 8 0 8 6 6 0 4 0 1 1 1 6 2 2 6 3 2 3 3 1 3 3 1 4 4 3 5 4 6 0 5 5 5 5 5 6 6 6 1 6 0 7 2 7 6 7 8 3 7 8 8
6 6 18 19 21 22 26 48 0 2 6 8 30 41
# i, ga, gb, res: 16 3 0 -1
#c 0 8 0 8 6 6 0 4 0 1 1 1 6 2 2 6 3 2 3 3 1 3 3 1 4 4 3 5 4 6 0 5 5 5 5 5 6 6 6 1 6 0 7 2 7 6 7 8 3 7 8 8
3 10 13 14 43 4 5 12 15 29 36 37 38 40 45
# i, ga, gb, res: 17 2 6 -1
#c 0 8 0 8 6 6 0 4 0 1 1 1 6 2 2 6 3 2 3 3 1 3 3 1 4 4 3 5 4 6 0 5 5 5 5 5 6 6 6 1 6 0 7 2 7 6 7 8 3 7 8 8
6 4 16 19 21 22 26 48 7 24 25 28
# i, ga, gb, res: 18 3 4 -1
#c 0 8 0 8 6 6 0 4 0 1 1 1 6 2 2 6 3 2 3 3 1 3 3 1 4 4 3 5 4 6 0 5 5 5 5 5 6 6 6 1 6 0 7 2 7 6 7 8 3 7 8 8
6 6 16 18 21 22 26 48 27 31 32 33 34 35
# i, ga, gb, res: 19 3 5 -1
#c 0 8 0 8 6 6 0 4 0 1 1 1 6 2 2 6 3 2 3 3 1 3 3 1 4 4 3 5 4 6 0 5 5 5 5 5 6 6 6 1 6 0 7 2 7 6 7 8 3 7 8 8
5 6 9 10 11 23 39 0 2 6 8 30 41
# i, ga, gb, res: 20 1 0 -1
#c 0 8 0 8 6 6 0 4 0 1 1 1 6 2 2 6 3 2 3 3 1 3 3 1 4 4 3 5 4 6 0 5 5 5 5 5 6 6 6 1 6 0 7 2 7 6 7 8 3 7 8 8
6 4 16 18 19 22 26 48 13 14 17 43
# i, ga, gb, res: 21 3 2 -1
#c 0 8 0 8 6 6 0 4 0 1 1 1 6 2 2 6 3 2 3 3 1 3 3 1 4 4 3 5 4 6 0 5 5 5 5 5 6 6 6 1 6 0 7 2 7 6 7 8 3 7 8 8
6 4 16 18 19 21 26 48 7 24 25 28
# i, ga, gb, res: 22 3 4 -1
#c 0 8 0 8 6 6 0 4 0 1 1 1 6 2 2 6 3 2 3 3 1 3 3 1 4 4 3 5 4 6 0 5 5 5 5 5 6 6 6 1 6 0 7 2 7 6 7 8 3 7 8 8
5 7 9 10 11 20 39 16 18 19 21 22 26 48
# i, ga, gb, res: 23 1 3 -1
#c 0 8 0 8 6 6 0 4 0 1 1 1 6 2 2 6 3 2 3 3 1 3 3 1 4 4 3 5 4 6 0 5 5 5 5 5 6 6 6 1 6 0 7 2 7 6 7 8 3 7 8 8
3 10 7 25 28 4 5 12 15 29 36 37 38 40 45
# i, ga, gb, res: 24 4 6 -1
#c 0 8 0 8 6 6 0 4 0 1 1 1 6 2 2 6 3 2 3 3 1 3 3 1 4 4 3 5 4 6 0 5 5 5 5 5 6 6 6 1 6 0 7 2 7 6 7 8 3 7 8 8
3 4 7 24 28 13 14 17 43
# i, ga, gb, res: 25 4 2 -1
#c 0 8 0 8 6 6 0 4 0 1 1 1 6 2 2 6 3 2 3 3 1 3 3 1 4 4 3 5 4 6 0 5 5 5 5 5 6 6 6 1 6 0 7 2 7 6 7 8 3 7 8 8
6 10 16 18 19 21 22 48 4 5 12 15 29 36 37 38 40 45
# i, ga, gb, res: 26 3 6 -1
#c 0 8 0 8 6 6 0 4 0 1 1 1 6 2 2 6 3 2 3 3 1 3 3 1 4 4 3 5 4 6 0 5 5 5 5 5 6 6 6 1 6 0 7 2 7 6 7 8 3 7 8 8
5 4 31 32 33 34 35 13 14 17 43
# i, ga, gb, res: 27 5 2 -1
#c 0 8 0 8 6 6 0 4 0 1 1 1 6 2 2 6 3 2 3 3 1 3 3 1 4 4 3 5 4 6 0 5 5 5 5 5 6 6 6 1 6 0 7 2 7 6 7 8 3 7 8 8
3 7 7 24 25 16 18 19 21 22 26 48
# i, ga, gb, res: 28 4 3 -1
#c 0 8 0 8 6 6 0 4 0 1 1 1 6 2 2 6 3 2 3 3 1 3 3 1 4 4 3 5 4 6 0 5 5 5 5 5 6 6 6 1 6 0 7 2 7 6 7 8 3 7 8 8
9 4 4 5 12 15 36 37 38 40 45 42 44 46 49
# i, ga, gb, res: 29 6 7 -1
#c 0 8 0 8 6 6 0 4 0 1 1 1 6 2 2 6 3 2 3 3 1 3 3 1 4 4 3 5 4 6 0 5 5 5 5 5 6 6 6 1 6 0 7 2 7 6 7 8 3 7 8 8
5 4 0 2 6 8 41 13 14 17 43
# i, ga, gb, res: 30 0 2 -1
#c 0 8 0 8 6 6 0 4 0 1 1 1 6 2 2 6 3 2 3 3 1 3 3 1 4 4 3 5 4 6 0 5 5 5 5 5 6 6 6 1 6 0 7 2 7 6 7 8 3 7 8 8
5 4 27 32 33 34 35 42 44 46 49
# i, ga, gb, res: 31 5 7 -1
#c 0 8 0 8 6 6 0 4 0 1 1 1 6 2 2 6 3 2 3 3 1 3 3 1 4 4 3 5 4 6 0 5 5 5 5 5 6 6 6 1 6 0 7 2 7 6 7 8 3 7 8 8
5 4 27 31 33 34 35 13 14 17 43
# i, ga, gb, res: 32 5 2 -1
#c 0 8 0 8 6 6 0 4 0 1 1 1 6 2 2 6 3 2 3 3 1 3 3 1 4 4 3 5 4 6 0 5 5 5 5 5 6 6 6 1 6 0 7 2 7 6 7 8 3 7 8 8
5 4 27 31 32 34 35 7 24 25 28
# i, ga, gb, res: 33 5 4 -1
#c 0 8 0 8 6 6 0 4 0 1 1 1 6 2 2 6 3 2 3 3 1 3 3 1 4 4 3 5 4 6 0 5 5 5 5 5 6 6 6 1 6 0 7 2 7 6 7 8 3 7 8 8
5 4 27 31 32 33 35 13 14 17 43
# i, ga, gb, res: 34 5 2 -1
#c 0 8 0 8 6 6 0 4 0 1 1 1 6 2 2 6 3 2 3 3 1 3 3 1 4 4 3 5 4 6 0 5 5 5 5 5 6 6 6 1 6 0 7 2 7 6 7 8 3 7 8 8
5 6 27 31 32 33 34 9 10 11 20 23 39
# i, ga, gb, res: 35 5 1 -1
#c 0 8 0 8 6 6 0 4 0 1 1 1 6 2 2 6 3 2 3 3 1 3 3 1 4 4 3 5 4 6 0 5 5 5 5 5 6 6 6 1 6 0 7 2 7 6 7 8 3 7 8 8
9 4 4 5 12 15 29 37 38 40 45 13 14 17 43
# i, ga, gb, res: 36 6 2 -1
#c 0 8 0 8 6 6 0 4 0 1 1 1 6 2 2 6 3 2 3 3 1 3 3 1 4 4 3 5 4 6 0 5 5 5 5 5 6 6 6 1 6 0 7 2 7 6 7 8 3 7 8 8
9 4 4 5 12 15 29 36 38 40 45 7 24 25 28
# i, ga, gb, res: 37 6 4 -1
#c 0 8 0 8 6 6 0 4 0 1 1 1 6 2 2 6 3 2 3 3 1 3 3 1 4 4 3 5 4 6 0 5 5 5 5 5 6 6 6 1 6 0 7 2 7 6 7 8 3 7 8 8
9 4 4 5 12 15 29 36 37 40 45 13 14 17 43
# i, ga, gb, res: 38 6 2 -1
#c 0 8 0 8 6 6 0 4 0 1 1 1 6 2 2 6 3 2 3 3 1 3 3 1 4 4 3 5 4 6 0 5 5 5 5 5 6 6 6 1 6 0 7 2 7 6 7 8 3 7 8 8
5 6 9 10 11 20 23 27 31 32 33 34 35
# i, ga, gb, res: 39 1 5 -1
#c 0 8 0 8 6 6 0 4 0 1 1 1 6 2 2 6 3 2 3 3 1 3 3 1 4 4 3 5 4 6 0 5 5 5 5 5 6 6 6 1 6 0 7 2 7 6 7 8 3 7 8 8
9 4 4 5 12 15 29 36 37 38 45 42 44 46 49
# i, ga, gb, res: 40 6 7 -1
#c 0 8 0 8 6 6 0 4 0 1 1 1 6 2 2 6 3 2 3 3 1 3 3 1 4 4 3 5 4 6 0 5 5 5 5 5 6 6 6 1 6 0 7 2 7 6 7 8 3 7 8 8
5 4 0 2 6 8 30 7 24 25 28
# i, ga, gb, res: 41 0 4 -1
#c 0 8 0 8 6 6 0 4 0 1 1 1 6 2 2 6 3 2 3 3 1 3 3 1 4 4 3 5 4 6 0 5 5 5 5 5 6 6 6 1 6 0 7 2 7 6 7 8 3 7 8 8
3 6 44 46 49 9 10 11 20 23 39
# i, ga, gb, res: 42 7 1 -1
#c 0 8 0 8 6 6 0 4 0 1 1 1 6 2 2 6 3 2 3 3 1 3 3 1 4 4 3 5 4 6 0 5 5 5 5 5 6 6 6 1 6 0 7 2 7 6 7 8 3 7 8 8
3 6 13 14 17 9 10 11 20 23 39
# i, ga, gb, res: 43 2 1 -1
#c 0 8 0 8 6 6 0 4 0 1 1 1 6 2 2 6 3 2 3 3 1 3 3 1 4 4 3 5 4 6 0 5 5 5 5 5 6 6 6 1 6 0 7 2 7 6 7 8 3 7 8 8
3 6 42 46 49 9 10 11 20 23 39
# i, ga, gb, res: 44 7 1 -1
#c 0 8 0 8 6 6 0 4 0 1 1 1 6 2 2 6 3 2 3 3 1 3 3 1 4 4 3 5 4 6 0 5 5 5 5 5 6 6 6 1 6 0 7 2 7 6 7 8 3 7 8 8
9 7 4 5 12 15 29 36 37 38 40 16 18 19 21 22 26 48
# i, ga, gb, res: 45 6 3 -1
#c 0 8 0 8 6 6 0 4 0 1 1 1 6 2 2 6 3 2 3 3 1 3 3 1 4 4 3 5 4 6 0 5 5 5 5 5 6 6 6 1 6 0 7 2 7 6 7 8 3 7 8 8
3 5 42 44 49 1 3 47 50 51
# i, ga, gb, res: 46 7 8 -1
#c 0 8 0 8 6 6 0 4 0 1 1 1 6 2 2 6 3 2 3 3 1 3 3 1 4 4 3 5 4 6 0 5 5 5 5 5 6 6 6 1 6 0 7 2 7 6 7 8 3 7 8 8
4 4 1 3 50 51 7 24 25 28
# i, ga, gb, res: 47 8 4 -1
#c 0 8 0 8 6 6 0 4 0 1 1 1 6 2 2 6 3 2 3 3 1 3 3 1 4 4 3 5 4 6 0 5 5 5 5 5 6 6 6 1 6 0 7 2 7 6 7 8 3 7 8 8
6 6 16 18 19 21 22 26 0 2 6 8 30 41
# i, ga, gb, res: 48 3 0 -1
#c 0 8 0 8 6 6 0 4 0 1 1 1 6 2 2 6 3 2 3 3 1 3 3 1 4 4 3 5 4 6 0 5 5 5 5 5 6 6 6 1 6 0 7 2 7 6 7 8 3 7 8 8
3 4 42 44 46 13 14 17 43
# i, ga, gb, res: 49 7 2 -1
#c 0 8 0 8 6 6 0 4 0 1 1 1 6 2 2 6 3 2 3 3 1 3 3 1 4 4 3 5 4 6 0 5 5 5 5 5 6 6 6 1 6 0 7 2 7 6 7 8 3 7 8 8
4 6 1 3 47 51 0 2 6 8 30 41
# i, ga, gb, res: 50 8 0 -1
#c 0 8 0 8 6 6 0 4 0 1 1 1 6 2 2 6 3 2 3 3 1 3 3 1 4 4 3 5 4 6 0 5 5 5 5 5 6 6 6 1 6 0 7 2 7 6 7 8 3 7 8 8
4 6 1 3 47 50 0 2 6 8 30 41
# i, ga, gb, res: 51 8 0 -1
#c 0 8 0 8 6 6 0 4 0 1 1 1 6 2 2 6 3 2 3 3 1 3 3 1 4 4 3 5 4 6 0 5 5 5 5 5 6 6 6 1 6 0 7 2 7 6 7 8 3 7 8 8
6 4 0 2 6 8 30 41 42 44 46 49
6 4 0 2 6 8 30 41 7 24 25 28
7 4 16 18 19 21 22 26 48 7 24 25 28
6 3 16 18 19 21 22 48 24 25 28
6 6 27 31 32 33 34 35 9 10 11 20 23 39
10 5 4 5 12 15 29 36 37 38 40 45 1 3 47 50 51
9 4 4 5 12 15 29 36 37 38 40 1 3 47 51
10 6 4 5 12 15 29 36 37 38 40 45 27 31 32 33 34 35
10 7 4 5 12 15 29 36 37 38 40 45 16 18 19 21 22 26 48
10 6 4 5 12 15 29 36 37 38 40 45 9 10 11 20 23 39
6 4 9 10 11 20 23 39 42 44 46 49
5 3 9 11 20 23 39 42 44 46
10 4 4 5 12 15 29 36 37 38 40 45 7 24 25 28
9 3 4 5 12 15 29 36 37 40 45 7 25 28
7 4 16 18 19 21 22 26 48 13 14 17 43
6 3 18 19 21 22 26 48 13 14 43
4 7 42 44 46 49 16 18 19 21 22 26 48
7 4 16 18 19 21 22 26 48 13 14 17 43
6 3 16 18 19 22 26 48 14 17 43
4 7 42 44 46 49 16 18 19 21 22 26 48
6 7 0 2 6 8 30 41 16 18 19 21 22 26 48
6 7 27 31 32 33 34 35 16 18 19 21 22 26 48
5 6 27 31 32 33 34 16 18 19 21 26 48
7 5 16 18 19 21 22 26 48 1 3 47 50 51
6 4 16 18 19 21 22 48 1 3 50 51
10 4 4 5 12 15 29 36 37 38 40 45 7 24 25 28
9 3 4 5 12 29 36 37 38 40 45 7 24 25
4 6 7 24 25 28 27 31 32 33 34 35
5 4 1 3 47 50 51 7 24 25 28
10 5 4 5 12 15 29 36 37 38 40 45 1 3 47 50 51
9 4 4 5 12 15 29 36 37 40 45 1 3 47 51
6 10 0 2 6 8 30 41 4 5 12 15 29 36 37 38 40 45
6 7 0 2 6 8 30 41 16 18 19 21 22 26 48
6 5 27 31 32 33 34 35 1 3 47 50 51
5 4 31 32 33 34 35 1 3 47 51
10 7 4 5 12 15 29 36 37 38 40 45 16 18 19 21 22 26 48
6 4 0 2 6 8 30 41 42 44 46 49
6 4 0 2 6 8 30 41 7 24 25 28
6 4 0 2 6 8 30 41 13 14 17 43
6 10 27 31 32 33 34 35 4 5 12 15 29 36 37 38 40 45
5 9 27 31 32 33 35 4 5 15 29 36 37 38 40 45
10 4 4 5 12 15 29 36 37 38 40 45 7 24 25 28
9 3 4 5 12 15 29 36 38 40 45 7 24 28
6 4 9 10 11 20 23 39 42 44 46 49
5 3 9 10 20 23 39 42 44 46
10 7 4 5 12 15 29 36 37 38 40 45 16 18 19 21 22 26 48
7 4 16 18 19 21 22 26 48 13 14 17 43
6 3 16 18 19 22 26 48 13 17 43
6 4 0 2 6 8 30 41 13 14 17 43
6 4 27 31 32 33 34 35 42 44 46 49
5 3 27 31 32 34 35 42 44 49
6 4 0 2 6 8 30 41 7 24 25 28
4 4 13 14 17 43 7 24 25 28
3 3 13 14 17 7 24 28
4 6 7 24 25 28 0 2 6 8 30 41
3 5 7 24 25 0 2 6 8 41
6 7 27 31 32 33 34 35 16 18 19 21 22 26 48
5 6 31 32 33 34 35 16 18 19 21 22 48
#c 0 8 0 8 6 6 0 4 0 1 1 1 6 2 2 6 3 2 3 3 1 3 3 1 4 4 5 3 4 6 0 5 5 5 5 5 6 6 6 1 6 0 7 2 7 6 7 8 3 7 8 8
4 6 13 14 17 43 0 2 6 8 30 41
3 5 13 14 43 0 2 6 30 41
6 7 0 2 6 8 30 41 16 18 19 21 22 27 48
6 4 9 10 11 20 23 39 42 44 46 49
5 3 9 10 11 20 39 42 46 49
7 6 16 18 19 21 22 27 48 9 10 11 20 23 39
7 4 16 18 19 21 22 27 48 7 24 25 28
6 3 16 18 19 22 27 48 7 24 25
6 6 9 10 11 20 23 39 0 2 6 8 30 41
5 5 9 10 11 20 39 0 2 8 30 41
4 6 13 14 17 43 0 2 6 8 30 41
3 5 13 14 43 0 2 6 8 41
7 10 16 18 19 21 22 27 48 4 5 12 15 29 36 37 38 40 45
6 9 16 18 19 21 22 48 4 5 12 15 29 36 37 38 40
6 4 0 2 6 8 30 41 42 44 46 49
6 4 0 2 6 8 30 41 42 44 46 49
4 10 13 14 17 43 4 5 12 15 29 36 37 38 40 45
7 4 16 18 19 21 22 27 48 42 44 46 49
6 3 16 18 19 21 22 27 42 44 49
5 6 1 3 47 50 51 9 10 11 20 23 39
4 6 7 24 25 28 26 31 32 33 34 35
10 6 4 5 12 15 29 36 37 38 40 45 9 10 11 20 23 39
10 7 4 5 12 15 29 36 37 38 40 45 16 18 19 21 22 27 48
5 6 1 3 47 50 51 26 31 32 33 34 35
10 7 4 5 12 15 29 36 37 38 40 45 16 18 19 21 22 27 48
6 6 9 10 11 20 23 39 26 31 32 33 34 35
5 5 9 10 11 20 39 26 32 33 34 35
10 7 4 5 12 15 29 36 37 38 40 45 16 18 19 21 22 27 48
6 6 0 2 6 8 30 41 26 31 32 33 34 35
4 6 7 24 25 28 0 2 6 8 30 41
3 5 7 24 25 0 2 6 8 41
4 7 13 14 17 43 16 18 19 21 22 27 48
7 6 16 18 19 21 22 27 48 0 2 6 8 30 41
6 5 18 19 21 22 27 48 0 6 8 30 41
#c 0 8 3 8 6 6 0 4 0 1 1 1 6 2 2 6 0 2 3 3 1 3 3 1 4 4 5 3 4 6 0 5 5 5 5 5 6 6 6 1 6 0 7 2 7 6 7 8 3 7 8 8
6 4 9 10 11 20 23 39 42 44 46 49
5 3 9 11 20 23 39 44 46 49
10 4 4 5 12 15 29 36 37 38 40 45 7 24 25 28
9 3 5 12 15 29 36 37 38 40 45 7 24 28
7 4 2 18 19 21 22 27 48 7 24 25 28
4 5 13 14 17 43 1 3 47 50 51
3 4 14 17 43 1 3 50 51
6 10 26 31 32 33 34 35 4 5 12 15 29 36 37 38 40 45
5 9 26 31 32 33 34 5 12 15 29 36 37 38 40 45
6 10 26 31 32 33 34 35 4 5 12 15 29 36 37 38 40 45
5 9 31 32 33 34 35 4 5 12 15 29 37 38 40 45
10 6 4 5 12 15 29 36 37 38 40 45 9 10 11 20 23 39
7 4 2 18 19 21 22 27 48 7 24 25 28
4 4 42 44 46 49 13 14 17 43
3 3 42 44 46 13 17 43
5 10 1 3 47 50 51 4 5 12 15 29 36 37 38 40 45
6 10 0 6 8 16 30 41 4 5 12 15 29 36 37 38 40 45
4 5 7 24 25 28 1 3 47 50 51
3 4 7 24 28 1 3 50 51
10 7 4 5 12 15 29 36 37 38 40 45 2 18 19 21 22 27 48
9 6 4 5 12 15 29 36 37 38 45 2 18 19 21 27 48
10 6 4 5 12 15 29 36 37 38 40 45 0 6 8 16 30 41
9 5 4 5 12 15 36 37 38 40 45 6 8 16 30 41
6 4 9 10 11 20 23 39 7 24 25 28
5 3 9 10 20 23 39 24 25 28
7 4 2 18 19 21 22 27 48 7 24 25 28
10 6 4 5 12 15 29 36 37 38 40 45 0 6 8 16 30 41
9 5 4 5 12 15 29 36 37 38 40 6 8 16 30 41
10 6 4 5 12 15 29 36 37 38 40 45 26 31 32 33 34 35
10 4 4 5 12 15 29 36 37 38 40 45 13 14 17 43
9 3 5 12 15 29 36 37 38 40 45 13 17 43
5 6 1 3 47 50 51 9 10 11 20 23 39
6 4 26 31 32 33 34 35 7 24 25 28
5 3 26 31 32 34 35 24 25 28
6 6 9 10 11 20 23 39 0 6 8 16 30 41
5 5 9 10 11 20 23 6 8 16 30 41
4 6 7 24 25 28 26 31 32 33 34 35
6 5 9 10 11 20 23 39 1 3 47 50 51
5 4 9 11 20 23 39 1 3 47 51
10 6 4 5 12 15 29 36 37 38 40 45 0 6 8 16 30 41
9 5 4 5 12 15 29 36 37 38 45 0 8 16 30 41
4 6 42 44 46 49 26 31 32 33 34 35
6 6 26 31 32 33 34 35 9 10 11 20 23 39
7 10 2 18 19 21 22 27 48 4 5 12 15 29 36 37 38 40 45
4 6 13 14 17 43 9 10 11 20 23 39
6 7 9 10 11 20 23 39 2 18 19 21 22 27 48
5 6 9 10 20 23 39 2 18 21 22 27 48
7 4 2 18 19 21 22 27 48 42 44 46 49
4 7 42 44 46 49 2 18 19 21 22 27 48
3 6 44 46 49 2 19 21 22 27 48
5 4 1 3 47 50 51 42 44 46 49
10 5 4 5 12 15 29 36 37 38 40 45 1 3 47 50 51
9 4 4 5 12 15 29 36 37 40 45 1 3 50 51
6 6 0 6 8 16 30 41 9 10 11 20 23 39
5 6 1 3 47 50 51 9 10 11 20 23 39
10 4 4 5 12 15 29 36 37 38 40 45 7 24 25 28
9 3 4 5 12 29 36 37 38 40 45 7 25 28
10 6 4 5 12 15 29 36 37 38 40 45 26 31 32 33 34 35
7 6 2 18 19 21 22 27 48 9 10 11 20 23 39
6 4 0 6 8 16 30 41 13 14 17 43
5 3 0 8 16 30 41 14 17 43
6 5 26 31 32 33 34 35 1 3 47 50 51
5 4 31 32 33 34 35 1 3 47 50
#c 0 8 3 8 6 6 0 4 0 1 1 1 6 2 2 6 0 2 3 3 1 3 3 1 4 4 8 3 4 6 0 5 5 5 5 5 6 6 6 1 6 0 7 2 7 6 7 8 3 7 8 5
6 5 0 6 8 16 30 41 1 3 26 47 50
5 4 0 6 8 16 30 3 26 47 50
10 7 4 5 12 15 29 36 37 38 40 45 2 18 19 21 22 27 48
9 6 4 5 12 15 29 36 38 40 45 2 19 21 22 27 48
10 6 4 5 12 15 29 36 37 38 40 45 31 32 33 34 35 51
9 5 4 5 12 15 29 37 38 40 45 31 33 34 35 51
#c 0 8 3 8 6 6 0 4 0 1 1 1 6 2 2 6 0 2 3 3 1 3 3 1 4 4 8 3 4 6 0 5 6 5 5 5 5 6 6 1 6 0 7 2 7 6 7 8 3 7 8 5
6 4 31 33 34 35 36 51 7 24 25 28
5 3 31 33 34 35 51 7 24 28
6 5 9 10 11 20 23 39 1 3 26 47 50
5 4 9 10 11 20 39 3 26 47 50
10 6 4 5 12 15 29 32 37 38 40 45 9 10 11 20 23 39
6 7 9 10 11 20 23 39 2 18 19 21 22 27 48
5 6 9 10 20 23 39 2 18 21 22 27 48
10 6 4 5 12 15 29 32 37 38 40 45 0 6 8 16 30 41
6 6 31 33 34 35 36 51 9 10 11 20 23 39
7 10 2 18 19 21 22 27 48 4 5 12 15 29 32 37 38 40 45
6 10 0 6 8 16 30 41 4 5 12 15 29 32 37 38 40 45
5 9 0 6 8 16 30 4 12 15 29 32 37 38 40 45
4 6 42 44 46 49 9 10 11 20 23 39
5 4 1 3 26 47 50 7 24 25 28
4 3 1 3 47 50 7 24 25
6 10 31 33 34 35 36 51 4 5 12 15 29 32 37 38 40 45
6 7 0 6 8 16 30 41 2 18 19 21 22 27 48
5 6 6 8 16 30 41 2 18 21 22 27 48
7 5 2 18 19 21 22 27 48 1 3 26 47 50
5 6 1 3 26 47 50 31 33 34 35 36 51
4 5 1 3 47 50 31 33 34 35 36
10 5 4 5 12 15 29 32 37 38 40 45 1 3 26 47 50
9 4 4 5 12 15 29 32 37 38 40 1 3 26 50
6 10 31 33 34 35 36 51 4 5 12 15 29 32 37 38 40 45
6 6 31 33 34 35 36 51 0 6 8 16 30 41
5 6 1 3 26 47 50 0 6 8 16 30 41
6 6 9 10 11 20 23 39 31 33 34 35 36 51
5 5 9 10 11 20 39 33 34 35 36 51
10 4 4 5 12 15 29 32 37 38 40 45 42 44 46 49
9 3 4 5 12 15 29 32 37 38 40 42 44 46
10 4 4 5 12 15 29 32 37 38 40 45 42 44 46 49
9 3 4 5 12 15 29 32 38 40 45 42 46 49
10 7 4 5 12 15 29 32 37 38 40 45 2 18 19 21 22 27 48
9 6 4 5 12 15 29 32 37 38 40 2 19 21 22 27 48
6 4 9 10 11 20 23 39 7 24 25 28
5 3 9 10 11 20 23 24 25 28
4 6 13 14 17 43 0 6 8 16 30 41
10 5 4 5 12 15 29 32 37 38 40 45 1 3 26 47 50
9 4 4 5 12 15 29 37 38 40 45 1 3 26 50
5 7 1 3 26 47 50 2 18 19 21 22 27 48
4 6 1 26 47 50 2 18 21 22 27 48
6 7 9 10 11 20 23 39 2 18 19 21 22 27 48
5 6 9 11 20 23 39 2 19 21 22 27 48
7 6 2 18 19 21 22 27 48 9 10 11 20 23 39
7 6 2 18 19 21 22 27 48 31 33 34 35 36 51
10 6 4 5 12 15 29 32 37 38 40 45 31 33 34 35 36 51
9 5 4 5 12 15 29 32 37 40 45 31 34 35 36 51
6 10 31 33 34 35 36 51 4 5 12 15 29 32 37 38 40 45
10 7 4 5 12 15 29 32 37 38 40 45 2 18 19 21 22 27 48
9 6 4 5 12 15 29 32 37 38 40 2 19 21 22 27 48
6 10 0 6 8 16 30 41 4 5 12 15 29 32 37 38 40 45
5 9 0 6 8 30 41 4 12 15 29 32 37 38 40 45
6 10 0 6 8 16 30 41 4 5 12 15 29 32 37 38 40 45
5 9 0 6 8 30 41 4 5 15 29 32 37 38 40 45
10 4 4 5 12 15 29 32 37 38 40 45 13 14 17 43
9 3 4 12 15 29 32 37 38 40 45 13 17 43
6 4 0 6 8 16 30 41 13 14 17 43
5 3 0 6 16 30 41 14 17 43
10 6 4 5 12 15 29 32 37 38 40 45 31 33 34 35 36 51
9 5 4 5 12 15 29 32 37 38 40 31 33 34 36 51
#c 0 8 3 8 6 6 0 4 0 1 1 1 6 2 2 6 0 2 3 3 1 3 3 1 4 4 8 3 4 6 0 5 6 5 5 6 5 6 6 1 6 0 7 2 7 5 7 8 3 7 8 5
4 6 13 14 17 43 31 33 34 36 45 51
10 6 4 5 12 15 29 32 35 37 38 40 31 33 34 36 45 51
9 5 5 12 15 29 32 35 37 38 40 33 34 36 45 51
10 4 4 5 12 15 29 32 35 37 38 40 13 14 17 43
9 3 4 5 15 29 32 35 37 38 40 13 17 43
6 4 0 6 8 16 30 41 7 24 25 28
5 3 0 6 16 30 41 7 24 25
5 4 1 3 26 47 50 7 24 25 28
4 3 1 3 47 50 7 25 28
4 4 7 24 25 28 42 44 46 49
6 4 9 10 11 20 23 39 13 14 17 43
5 3 9 10 20 23 39 13 17 43
6 6 9 10 11 20 23 39 31 33 34 36 45 51
5 5 9 10 11 20 39 33 34 36 45 51
6 4 9 10 11 20 23 39 7 24 25 28
5 3 9 11 20 23 39 7 25 28
#c 0 8 3 8 6 6 0 4 0 1 4 1 6 2 2 6 0 2 3 3 1 3 3 1 1 4 8 3 4 6 0 5 6 5 5 6 5 6 6 1 6 0 7 2 7 5 7 8 3 7 8 5
7 6 2 18 19 21 22 27 48 31 33 34 36 45 51
6 4 0 6 8 16 30 41 42 44 46 49
5 3 0 6 16 30 41 42 44 46
6 5 9 11 20 23 24 39 1 3 26 47 50
5 4 9 20 23 24 39 1 3 26 50
5 6 1 3 26 47 50 31 33 34 36 45 51
4 5 3 26 47 50 31 34 36 45 51
10 6 4 5 12 15 29 32 35 37 38 40 0 6 8 16 30 41
7 4 2 18 19 21 22 27 48 7 10 25 28
10 6 4 5 12 15 29 32 35 37 38 40 0 6 8 16 30 41
5 7 1 3 26 47 50 2 18 19 21 22 27 48
4 6 1 26 47 50 2 18 21 22 27 48
7 4 2 18 19 21 22 27 48 7 10 25 28
10 6 4 5 12 15 29 32 35 37 38 40 0 6 8 16 30 41
10 6 4 5 12 15 29 32 35 37 38 40 9 11 20 23 24 39
6 7 31 33 34 36 45 51 2 18 19 21 22 27 48
5 6 31 33 34 36 51 2 18 21 22 27 48
10 5 4 5 12 15 29 32 35 37 38 40 1 3 26 47 50
9 4 4 5 12 15 32 35 37 38 40 1 3 26 50
6 6 31 33 34 36 45 51 0 6 8 16 30 41
6 4 9 11 20 23 24 39 42 44 46 49
5 3 9 20 23 24 39 44 46 49
4 7 13 14 17 43 2 18 19 21 22 27 48
3 6 13 14 17 2 18 19 21 27 48
10 4 4 5 12 15 29 32 35 37 38 40 13 14 17 43
9 3 4 5 15 29 32 35 37 38 40 13 17 43
6 6 31 33 34 36 45 51 9 11 20 23 24 39
10 6 4 5 12 15 29 32 35 37 38 40 9 11 20 23 24 39
7 6 2 18 19 21 22 27 48 31 33 34 36 45 51
6 7 0 6 8 16 30 41 2 18 19 21 22 27 48
5 6 0 6 8 30 41 2 18 19 21 27 48
#c 0 8 3 8 6 6 0 4 0 1 4 1 6 2 2 6 3 2 3 3 1 3 0 1 1 4 8 3 4 6 0 5 6 5 5 6 5 6 6 1 6 0 7 2 7 5 7 8 3 7 8 5
5 10 1 3 26 47 50 4 5 12 15 29 32 35 37 38 40
5 10 1 3 26 47 50 4 5 12 15 29 32 35 37 38 40
6 4 0 6 8 22 30 41 42 44 46 49
4 4 42 44 46 49 13 14 17 43
3 3 42 44 49 13 17 43
10 6 4 5 12 15 29 32 35 37 38 40 0 6 8 22 30 41
9 5 4 5 12 15 29 32 35 37 40 0 6 8 30 41
6 5 0 6 8 22 30 41 1 3 26 47 50
6 6 31 33 34 36 45 51 9 11 20 23 24 39
10 4 4 5 12 15 29 32 35 37 38 40 42 44 46 49
9 3 4 5 12 15 29 32 35 37 40 44 46 49
6 4 0 6 8 22 30 41 13 14 17 43
5 10 1 3 26 47 50 4 5 12 15 29 32 35 37 38 40
6 5 9 11 20 23 24 39 1 3 26 47 50
5 4 9 20 23 24 39 1 3 26 47
4 10 42 44 46 49 4 5 12 15 29 32 35 37 38 40
4 6 42 44 46 49 31 33 34 36 45 51
3 5 42 44 46 31 33 36 45 51
6 7 31 33 34 36 45 51 2 16 18 19 21 27 48
10 4 4 5 12 15 29 32 35 37 38 40 13 14 17 43
9 3 4 5 12 15 29 32 35 37 38 13 14 17
6 6 0 6 8 22 30 41 9 11 20 23 24 39
6 4 31 33 34 36 45 51 13 14 17 43
5 3 31 33 34 36 51 13 14 43
6 4 31 33 34 36 45 51 7 10 25 28
6 6 9 11 20 23 24 39 0 6 8 22 30 41
5 5 9 11 20 24 39 0 6 22 30 41
6 4 0 6 8 22 30 41 42 44 46 49
6 4 0 6 8 22 30 41 7 10 25 28
10 5 4 5 12 15 29 32 35 37 38 40 1 3 26 47 50
9 4 4 5 15 29 32 35 37 38 40 1 3 26 47
7 4 2 16 18 19 21 27 48 7 10 25 28
6 3 2 16 18 21 27 48 10 25 28
10 4 4 5 12 15 29 32 35 37 38 40 7 10 25 28
9 3 4 12 15 29 32 35 37 38 40 10 25 28
7 4 2 16 18 19 21 27 48 42 44 46 49
6 3 2 16 18 19 21 48 42 44 49
7 4 2 16 18 19 21 27 48 42 44 46 49
6 3 2 18 19 21 27 48 42 44 46
10 4 4 5 12 15 29 32 35 37 38 40 13 14 17 43
9 3 4 12 15 29 32 35 37 38 40 14 17 43
7 5 2 16 18 19 21 27 48 1 3 26 47 50
6 4 2 16 18 19 21 48 1 26 47 50
10 6 4 5 12 15 29 32 35 37 38 40 9 11 20 23 24 39
10 6 4 5 12 15 29 32 35 37 38 40 0 6 8 22 30 41
9 5 4 5 12 15 29 35 37 38 40 0 8 22 30 41
6 6 9 11 20 23 24 39 31 33 34 36 45 51
5 5 9 11 23 24 39 31 34 36 45 51
4 6 7 10 25 28 9 11 20 23 24 39
10 5 4 5 12 15 29 32 35 37 38 40 1 3 26 47 50
9 4 4 5 12 15 29 32 35 37 40 1 26 47 50
10 5 4 5 12 15 29 32 35 37 38 40 1 3 26 47 50
9 4 4 5 12 29 32 35 37 38 40 1 3 26 47
4 6 42 44 46 49 9 11 20 23 24 39
4 7 42 44 46 49 2 16 18 19 21 27 48
6 5 9 11 20 23 24 39 1 3 26 47 50
5 4 9 11 20 23 39 1 3 26 47
6 4 31 33 34 36 45 51 13 14 17 43
5 3 31 34 36 45 51 13 17 43
6 7 31 33 34 36 45 51 2 16 18 19 21 27 48
6 6 0 6 8 22 30 41 9 11 20 23 24 39
4 4 13 14 17 43 42 44 46 49
6 6 0 6 8 22 30 41 31 33 34 36 45 51
6 4 0 6 8 22 30 41 7 10 25 28
7 4 2 16 18 19 21 27 48 13 14 17 43
6 3 16 18 19 21 27 48 14 17 43
10 7 4 5 12 15 29 32 35 37 38 40 2 16 18 19 21 27 48
9 6 4 5 12 15 29 32 35 37 38 2 16 18 19 21 27
10 5 4 5 12 15 29 32 35 37 38 40 1 3 26 47 50
9 4 4 5 12 15 29 32 35 37 40 1 3 47 50
7 6 2 16 18 19 21 27 48 9 11 20 23 24 39
6 6 31 33 34 36 45 51 0 6 8 22 30 41
5 5 31 33 34 36 51 0 6 8 22 41
4 6 42 44 46 49 31 33 34 36 45 51
3 5 44 46 49 33 34 36 45 51
6 4 0 6 8 22 30 41 7 10 25 28
6 10 31 33 34 36 45 51 4 5 12 15 29 32 35 37 38 40
4 7 7 10 25 28 2 16 18 19 21 27 48
7 10 2 16 18 19 21 27 48 4 5 12 15 29 32 35 37 38 40
10 5 4 5 12 15 29 32 35 37 38 40 1 3 26 47 50
9 4 4 5 12 15 29 32 35 37 40 3 26 47 50
5 6 1 3 26 47 50 9 11 20 23 24 39
6 4 0 6 8 22 30 41 42 44 46 49
6 6 0 6 8 22 30 41 31 33 34 36 45 51
6 7 31 33 34 36 45 51 2 16 18 19 21 27 48
6 4 9 11 20 23 24 39 7 10 25 28
5 3 9 20 23 24 39 7 10 25
6 6 9 11 20 23 24 39 31 33 34 36 45 51
5 5 9 11 23 24 39 33 34 36 45 51
10 6 4 5 12 15 29 32 35 37 38 40 9 11 20 23 24 39
4 10 13 14 17 43 4 5 12 15 29 32 35 37 38 40
7 4 2 16 18 19 21 27 48 7 10 25 28
6 3 2 16 18 19 27 48 7 25 28
6 6 9 11 20 23 24 39 0 6 8 22 30 41
5 5 9 11 23 24 39 6 8 22 30 41
6 4 9 11 20 23 24 39 13 14 17 43
5 3 11 20 23 24 39 13 17 43
4 4 7 10 25 28 42 44 46 49
7 4 2 16 18 19 21 27 48 7 10 25 28
6 3 2 18 19 21 27 48 7 10 28
6 4 9 11 20 23 24 39 42 44 46 49
5 3 9 11 20 24 39 44 46 49
10 6 4 5 12 15 29 32 35 37 38 40 0 6 8 22 30 41
9 5 4 5 12 15 29 32 35 37 38 0 8 22 30 41
10 6 4 5 12 15 29 32 35 37 38 40 9 11 20 23 24 39
6 4 0 6 8 22 30 41 7 10 25 28
5 5 6 8 22 30 41 1 3 26 47 50
# i, ga, gb, res: 0 0 8 -1
#c 0 8 3 8 6 6 0 4 0 1 4 1 6 2 2 6 3 2 3 3 1 3 0 1 1 4 8 3 4 6 0 5 6 5 5 6 5 6 6 1 6 0 7 2 7 5 7 8 3 7 8 5
0 8 3 8 6 6 0 4 0 1 4 1 6 2 2 6 3 2 3 3 1 3 0 1 1 4 8 3 4 6 0 5 6 5 5 6 5 6 6 1 6 0 7 2 7 5 7 8 3 7 8 5
