20 13 1000 10453 211
0.89467 0.27768 0.00023
0.81689 0.41656 0.27926
0.35472 0.73079 0.74113
0.66068 0.63951 0.98940
0.37598 0.87758 0.79578
0.55738 0.84825 0.56286
0.59433 0.40479 0.05877
0.14458 0.97961 0.79873
0.00969 0.10691 0.19682
0.27927 0.65184 0.93525
0.16240 0.31473 0.14306
0.65267 0.05536 0.86001
0.18818 0.61689 0.53849
0.54596 0.53160 0.61014
0.39045 0.68020 0.82775
0.38557 0.48889 0.52917
0.49441 0.49904 0.42687
0.49705 0.49829 0.49381
0.40779 0.58069 0.68758
0.49123 0.55432 0.61186
0.41958 0.57022 0.64912
0.43759 0.52935 0.48449
0.46359 0.48598 0.39268
0.40569 0.66867 0.68359
0.47790 0.61648 0.57350
0.44846 0.55134 0.58320
0.52453 0.51784 0.40707
0.45011 0.51161 0.44656
0.53997 0.53986 0.43485
0.40313 0.55792 0.53626
0.36046 0.50512 0.51303
0.44242 0.56224 0.60163
0.44481 0.54158 0.50543
0.49891 0.39346 0.52993
0.59243 0.43213 0.47117
0.45537 0.50912 0.42146
0.47771 0.54304 0.70515
0.48241 0.58754 0.73520
0.40712 0.65246 0.68535
0.43421 0.64911 0.58951
0.41840 0.54579 0.58816
0.44121 0.47092 0.60324
0.51792 0.45096 0.55990
0.34338 0.43172 0.36834
0.46395 0.54805 0.69053
0.40784 0.61273 0.68798
0.35858 0.68271 0.66532
0.45269 0.62150 0.55930
0.43004 0.54728 0.53141
0.35850 0.49298 0.45257
0.33023 0.51677 0.43912
0.48430 0.63592 0.65382
0.37354 0.54905 0.57876
0.45874 0.63202 0.65849
0.30262 0.46074 0.44309
0.33098 0.64513 0.51819
0.48406 0.47578 0.47226
0.41903 0.54447 0.61772
0.45025 0.57360 0.60513
0.47901 0.57132 0.52550
0.34368 0.53630 0.61812
0.42005 0.57984 0.54078
0.29419 0.60503 0.51130
0.45700 0.60897 0.55268
0.50880 0.48668 0.40476
0.52305 0.49471 0.47840
0.32025 0.64354 0.62931
0.57464 0.53103 0.53154
0.45521 0.49556 0.55962
0.35130 0.47116 0.41451
0.37169 0.58374 0.61580
0.37718 0.60920 0.62467
0.34245 0.50043 0.61623
0.33824 0.48257 0.45260
0.36187 0.56414 0.53741
0.51045 0.51919 0.51334
0.44351 0.51215 0.68970
0.40197 0.48842 0.42047
0.44874 0.62913 0.64153
0.30978 0.60777 0.59677
0.50743 0.60934 0.62773
0.40648 0.57855 0.56661
0.42041 0.52173 0.51731
0.36140 0.53757 0.53671
0.48186 0.59125 0.58446
0.46363 0.44859 0.67826
0.44111 0.52033 0.48226
0.37984 0.55255 0.46641
0.42561 0.57812 0.62189
0.38922 0.64853 0.62531
0.37998 0.71626 0.73380
0.56989 0.47154 0.35392
0.45348 0.45625 0.45612
0.45791 0.56679 0.64505
0.39757 0.54022 0.56495
0.43565 0.62414 0.67705
0.37664 0.59641 0.63367
0.32850 0.50788 0.42705
0.43600 0.42947 0.47658
0.32744 0.39498 0.35088
0.31589 0.49991 0.46977
0.46289 0.53884 0.58490
0.54693 0.52734 0.40224
0.56621 0.51115 0.42434
0.33401 0.54744 0.48986
0.45411 0.65591 0.54513
0.40385 0.60687 0.71889
0.39680 0.55700 0.55350
0.34237 0.67035 0.56610
0.35709 0.52905 0.46243
0.52250 0.52759 0.47458
0.49645 0.54802 0.42923
0.49003 0.45110 0.55681
0.43818 0.52091 0.43013
0.38094 0.47738 0.47902
0.46848 0.54412 0.51470
0.41487 0.51038 0.53903
0.53267 0.50554 0.59450
0.53426 0.53930 0.50795
0.49833 0.57424 0.50556
0.57591 0.40051 0.48455
0.37343 0.46721 0.47346
0.36963 0.62377 0.61678
0.53288 0.55481 0.51108
0.34231 0.44672 0.44496
0.35957 0.50117 0.55694
0.30129 0.59877 0.58813
0.42252 0.51740 0.53794
0.43905 0.52926 0.61378
0.39837 0.67159 0.63014
0.52995 0.55979 0.57666
0.36186 0.48796 0.51618
0.40252 0.46643 0.37142
0.34804 0.48463 0.63130
0.43919 0.41878 0.64497
0.37137 0.43942 0.54599
0.53395 0.51339 0.40274
0.42623 0.61771 0.59051
0.38976 0.57105 0.57550
0.51179 0.59092 0.50487
0.36119 0.56348 0.60479
0.43500 0.64691 0.63682
0.48309 0.49221 0.49520
0.37827 0.45537 0.38081
0.41651 0.59332 0.45896
0.43205 0.68537 0.50706
0.34604 0.56839 0.56327
0.48584 0.54465 0.57566
0.56522 0.55745 0.53371
0.48930 0.43939 0.61933
0.40741 0.53923 0.55513
0.36290 0.52565 0.53845
0.46562 0.43607 0.47459
0.49690 0.48527 0.47445
0.35503 0.46086 0.55097
0.38900 0.55103 0.58655
0.47645 0.53795 0.40815
0.47217 0.37025 0.57777
0.45311 0.40323 0.50305
0.54887 0.48129 0.54218
0.46997 0.55477 0.54648
0.32703 0.44493 0.50304
0.44479 0.48037 0.62121
0.46675 0.52228 0.52583
0.50757 0.55072 0.42265
0.35028 0.59282 0.62247
0.39271 0.47295 0.52802
0.48690 0.52748 0.61186
0.46862 0.48895 0.39883
0.28725 0.63658 0.58131
0.49722 0.62813 0.55976
0.53411 0.54811 0.60428
0.39716 0.44913 0.42853
0.35344 0.56593 0.58902
0.36587 0.64044 0.60798
0.45935 0.62893 0.59679
0.50181 0.56907 0.51524
0.43583 0.51003 0.50663
0.51297 0.51310 0.58729
0.48768 0.40939 0.37881
0.47323 0.50537 0.43911
0.44103 0.59854 0.57946
0.50915 0.51719 0.57305
0.39801 0.55147 0.51408
0.41249 0.56434 0.45916
0.37537 0.48583 0.48553
0.33014 0.59280 0.54840
0.52297 0.54907 0.47006
0.56401 0.46914 0.34077
0.34401 0.48853 0.42902
0.37978 0.51631 0.53399
0.58593 0.47593 0.44781
0.47653 0.44198 0.53956
0.38623 0.49613 0.51651
0.54804 0.48984 0.51366
0.30470 0.67122 0.53489
0.46895 0.45114 0.47121
0.30487 0.59612 0.47793
0.46718 0.54840 0.60350
0.35862 0.46601 0.51619
0.36846 0.54683 0.61329
0.38379 0.59466 0.51057
0.30309 0.64459 0.67898
0.46447 0.52967 0.47832
0.42643 0.61121 0.53353
0.47090 0.58829 0.52085
0.48891 0.54779 0.50510
0.34098 0.55416 0.58177
0.40755 0.58879 0.71900
0.39522 0.50554 0.50918
0.42837 0.65846 0.64686
0.49098 0.48078 0.47349
0.49340 0.38900 0.31773
0.34356 0.52770 0.51004
0.40175 0.54962 0.65045
0.48792 0.64434 0.52619
0.51613 0.51142 0.35383
0.47457 0.61993 0.69712
0.48577 0.43857 0.37651
0.39843 0.63707 0.56783
0.45768 0.52308 0.45995
0.49116 0.42730 0.69453
0.46858 0.60915 0.60297
0.50769 0.53103 0.49553
0.39321 0.53733 0.46210
0.43859 0.56699 0.52754
0.41794 0.50671 0.60502
0.44625 0.52547 0.48940
0.45524 0.66354 0.64813
0.49461 0.54868 0.54570
0.43188 0.56312 0.69975
0.50491 0.63637 0.53737
0.50447 0.51223 0.53618
0.38472 0.51483 0.59792
0.44533 0.42962 0.58241
0.45880 0.55805 0.41686
0.44792 0.46533 0.56463
0.46160 0.63161 0.59983
0.48173 0.43325 0.42885
0.44341 0.53366 0.60085
0.47065 0.44177 0.60040
0.40053 0.65233 0.62967
0.38111 0.46520 0.50727
0.35446 0.46355 0.44254
0.41358 0.57412 0.57384
0.47593 0.63914 0.50365
0.43398 0.61979 0.54731
0.37544 0.52356 0.53092
0.55180 0.48907 0.42986
0.38840 0.59222 0.66257
0.57213 0.42903 0.61841
0.38825 0.50709 0.48727
0.27209 0.59283 0.57268
0.54501 0.45143 0.57372
0.42735 0.55230 0.59262
0.52203 0.46472 0.43005
0.36842 0.47440 0.40894
0.44759 0.34514 0.38886
0.51064 0.55046 0.67506
0.43817 0.38775 0.64571
0.35681 0.52842 0.52399
0.49367 0.60700 0.54588
0.39578 0.48379 0.50171
0.46222 0.44442 0.51779
0.53002 0.62015 0.70868
0.51159 0.52472 0.51034
0.62125 0.51217 0.46900
0.38152 0.59389 0.58137
0.43345 0.53442 0.56958
0.43008 0.52602 0.52368
0.42934 0.47834 0.50182
0.36956 0.50583 0.47022
0.42030 0.68672 0.53962
0.39258 0.56019 0.52135
0.38169 0.58626 0.56395
0.32923 0.39184 0.51035
0.42505 0.52612 0.46335
0.39024 0.57566 0.63826
0.42171 0.55378 0.57073
0.50769 0.56639 0.60907
0.52354 0.58214 0.55263
0.40351 0.42055 0.45238
0.48636 0.47058 0.71999
0.39822 0.65011 0.63225
0.40645 0.46617 0.40770
0.54223 0.52643 0.41612
0.37295 0.58834 0.57488
0.40275 0.53139 0.56381
0.51283 0.53716 0.62914
0.43509 0.56891 0.52234
0.40094 0.67035 0.52519
0.40560 0.53428 0.44468
0.38909 0.57005 0.65766
0.59547 0.44810 0.40010
0.38335 0.54182 0.52011
0.56211 0.61018 0.54757
0.55989 0.55603 0.51909
0.46603 0.48639 0.54099
0.41871 0.47118 0.52073
0.40750 0.54840 0.45999
0.41355 0.59920 0.49094
0.50752 0.54567 0.60717
0.38325 0.44878 0.49129
0.51961 0.45586 0.51463
0.54167 0.51297 0.59226
0.47125 0.54442 0.75457
0.45918 0.54882 0.54000
0.46546 0.61202 0.56220
0.54130 0.49732 0.53621
0.46132 0.56082 0.44338
0.42426 0.65090 0.60498
0.50313 0.53079 0.46238
0.45124 0.53695 0.52823
0.45356 0.45382 0.37030
0.40272 0.59186 0.66043
0.31372 0.58667 0.55958
0.36456 0.58144 0.51728
0.45544 0.51687 0.57710
0.47972 0.39381 0.33144
0.46259 0.63614 0.56219
0.46997 0.53335 0.70031
0.48201 0.62614 0.55928
0.42865 0.51146 0.47710
0.52296 0.48749 0.42002
0.49035 0.53403 0.62065
0.51667 0.43331 0.34890
0.33938 0.44082 0.40362
0.44155 0.57615 0.50607
0.47414 0.45466 0.33940
0.60057 0.47030 0.39528
0.52195 0.63651 0.55049
0.41549 0.66513 0.57294
0.49548 0.49431 0.41332
0.43234 0.56941 0.54514
0.42143 0.51047 0.56607
0.42308 0.56450 0.56524
0.40604 0.51562 0.44679
0.45251 0.52476 0.49471
0.45923 0.67740 0.59747
0.35263 0.73890 0.61747
0.36439 0.48355 0.55942
0.44761 0.54521 0.59752
0.43513 0.59067 0.55802
0.44827 0.49160 0.54581
0.52355 0.55106 0.40253
0.35928 0.51086 0.54568
0.37971 0.63584 0.56516
0.47850 0.48070 0.73227
0.36855 0.57765 0.46279
0.47455 0.49018 0.48701
0.49477 0.56085 0.49842
0.33128 0.64966 0.55779
0.32239 0.46319 0.50499
0.42956 0.56000 0.59193
0.50082 0.60004 0.52742
0.41661 0.41826 0.49521
0.52015 0.58728 0.62227
0.26635 0.35303 0.35979
0.46922 0.50825 0.56898
0.39415 0.64612 0.67913
0.28956 0.63544 0.57257
0.38255 0.57116 0.58815
0.51294 0.45528 0.39473
0.48650 0.66721 0.63719
0.40388 0.67608 0.68439
0.45740 0.50524 0.54727
0.41281 0.42142 0.54907
0.33377 0.56149 0.48464
0.41067 0.51286 0.57256
0.40197 0.47252 0.38414
0.47041 0.53706 0.53174
0.51790 0.62555 0.61194
0.28682 0.67081 0.66572
0.46973 0.37347 0.35632
0.49857 0.47288 0.34758
0.41961 0.61797 0.53882
0.40155 0.55275 0.69460
0.45613 0.64815 0.59804
0.32738 0.38742 0.32539
0.49289 0.39821 0.50561
0.28302 0.50770 0.49151
0.45977 0.42759 0.47326
0.41230 0.55221 0.59752
0.43668 0.48066 0.43298
0.46972 0.49744 0.34698
0.53105 0.33560 0.58457
0.45878 0.44260 0.50015
0.42461 0.55875 0.50571
0.55126 0.56288 0.44514
0.50453 0.49033 0.38254
0.44397 0.53224 0.50073
0.38507 0.63981 0.63163
0.45293 0.67293 0.52871
0.45711 0.57425 0.63422
0.42609 0.53987 0.61526
0.47535 0.44214 0.44669
0.40075 0.40896 0.39831
0.45037 0.44660 0.42239
0.49759 0.60391 0.56559
0.42976 0.62588 0.57699
0.52913 0.60637 0.63111
0.61441 0.48353 0.37420
0.42135 0.61342 0.58476
0.52080 0.57836 0.54808
0.56696 0.54917 0.53929
0.49816 0.63875 0.54354
0.55636 0.44593 0.59488
0.45766 0.53581 0.53938
0.35739 0.47999 0.50091
0.41952 0.50857 0.51470
0.44102 0.64057 0.48536
0.53183 0.49646 0.51980
0.40287 0.46170 0.60280
0.36653 0.59917 0.56745
0.40869 0.60280 0.65734
0.44089 0.51365 0.59526
0.47569 0.46118 0.52021
0.40673 0.57339 0.66340
0.41550 0.53873 0.48933
0.33262 0.57868 0.61392
0.41968 0.51339 0.61762
0.43158 0.37134 0.49601
0.47698 0.53930 0.46017
0.43741 0.60363 0.63382
0.46337 0.53920 0.66598
0.45668 0.51712 0.58313
0.33070 0.56941 0.61725
0.43977 0.37368 0.26136
0.44127 0.52105 0.67772
0.51915 0.50648 0.48048
0.47728 0.50909 0.63839
0.38917 0.65480 0.58340
0.43226 0.54096 0.57216
0.54199 0.45876 0.45259
0.40439 0.57841 0.51109
0.45338 0.57623 0.52842
0.41728 0.50534 0.45794
0.43141 0.58932 0.53688
0.47330 0.63469 0.60490
0.49689 0.54570 0.56562
0.50001 0.59839 0.57464
0.58447 0.45275 0.48567
0.49084 0.47943 0.54608
0.34942 0.41081 0.45563
0.39221 0.53383 0.48426
0.51559 0.52099 0.51928
0.44700 0.60948 0.43864
0.38212 0.52914 0.47000
0.36186 0.54664 0.50677
0.45419 0.60089 0.59838
0.38772 0.65447 0.64471
0.57818 0.53040 0.53334
0.37507 0.55793 0.50513
0.48290 0.45758 0.57494
0.46286 0.55225 0.53366
0.60184 0.40716 0.39441
0.35511 0.40934 0.44166
0.49692 0.57455 0.56537
0.36484 0.49519 0.51928
0.38153 0.52861 0.39050
0.37814 0.59078 0.58141
0.30745 0.40343 0.44014
0.43902 0.59044 0.57605
0.54832 0.46254 0.55866
0.39235 0.58308 0.41320
0.45834 0.48534 0.56304
0.41767 0.65691 0.67502
0.44918 0.51824 0.46021
0.42037 0.46875 0.59477
0.47648 0.58317 0.45814
0.55349 0.53525 0.49055
0.45359 0.52187 0.67730
0.34770 0.63040 0.65284
0.39888 0.56019 0.48056
0.41266 0.48387 0.54702
0.34889 0.65493 0.67520
0.45657 0.42210 0.44451
0.54004 0.48770 0.41843
0.38435 0.52555 0.57830
0.29958 0.65166 0.68225
0.46266 0.42193 0.58424
0.67013 0.46059 0.33433
0.48813 0.37260 0.68917
0.50729 0.60595 0.55470
0.41795 0.53721 0.47740
0.49660 0.47811 0.48786
0.48214 0.44380 0.45628
0.47685 0.50138 0.52115
0.35372 0.55418 0.59365
0.43897 0.57752 0.55837
0.47819 0.56850 0.43247
0.56013 0.49403 0.47809
0.51176 0.40995 0.64359
0.57010 0.48764 0.49442
0.39222 0.59326 0.48075
0.36929 0.36675 0.42063
0.50744 0.54338 0.58257
0.29423 0.49205 0.60308
0.43605 0.56583 0.58653
0.41260 0.63636 0.63477
0.44623 0.55257 0.50898
0.38424 0.69196 0.58893
0.42042 0.51834 0.64498
0.45378 0.58557 0.49607
0.48442 0.39309 0.39723
0.35301 0.45591 0.47805
0.36804 0.47359 0.52197
0.40553 0.64446 0.55583
0.62195 0.47446 0.57735
0.48256 0.53489 0.64362
0.47736 0.60661 0.57759
0.43733 0.60177 0.60105
0.50674 0.53809 0.48272
0.36909 0.50218 0.45791
0.39969 0.61460 0.65903
0.43426 0.49942 0.41935
0.44735 0.62361 0.53265
0.43313 0.45132 0.46079
0.47511 0.55012 0.49568
0.45813 0.61650 0.53105
0.47526 0.54329 0.52530
0.50346 0.44330 0.69626
0.42189 0.50150 0.49452
0.37248 0.47328 0.45186
0.34943 0.54533 0.57102
0.36140 0.59492 0.63712
0.46211 0.47233 0.36523
0.31870 0.49724 0.45576
0.38879 0.57321 0.49921
0.43616 0.47056 0.46751
0.48182 0.50584 0.56724
0.50547 0.39804 0.35764
0.52863 0.51526 0.51815
0.46643 0.55233 0.64623
0.54381 0.56955 0.54829
0.50787 0.48370 0.51249
0.43568 0.58491 0.61151
0.40797 0.52293 0.49549
0.46350 0.57843 0.60070
0.38675 0.61430 0.54971
0.51490 0.63988 0.50648
0.41915 0.51409 0.43363
0.33946 0.49215 0.48870
0.46253 0.64248 0.54700
0.45216 0.54145 0.56258
0.52112 0.47530 0.43862
0.44488 0.48731 0.55048
0.55767 0.58668 0.65418
0.49020 0.64935 0.57907
0.57650 0.45841 0.39550
0.51876 0.52008 0.35185
0.38207 0.54594 0.62088
0.40484 0.49432 0.49516
0.46280 0.44113 0.63535
0.52882 0.36085 0.43533
0.45726 0.61043 0.57505
0.49804 0.50003 0.60681
0.30384 0.50044 0.45070
0.53697 0.51695 0.56025
0.42301 0.64893 0.52005
0.57360 0.48404 0.49971
0.52345 0.51981 0.54362
0.33665 0.58785 0.68754
0.37414 0.63599 0.57883
0.44585 0.57950 0.55373
0.47289 0.63146 0.67598
0.60700 0.40383 0.42503
0.51387 0.56310 0.50346
0.52005 0.44209 0.53807
0.37566 0.44862 0.36333
0.43631 0.53972 0.56977
0.51596 0.47308 0.31907
0.48054 0.53695 0.55849
0.51017 0.51296 0.43433
0.43039 0.53327 0.45964
0.39432 0.49009 0.58172
0.50834 0.59455 0.62564
0.45039 0.56996 0.57823
0.33967 0.55026 0.47525
0.49026 0.59022 0.68411
0.47277 0.56426 0.56437
0.33433 0.35166 0.29650
0.46344 0.66377 0.60057
0.42991 0.65068 0.55751
0.37535 0.54416 0.45681
0.52491 0.60049 0.51601
0.54705 0.52307 0.57262
0.42747 0.55773 0.62708
0.44117 0.55281 0.45858
0.41619 0.61549 0.70804
0.39542 0.57140 0.50197
0.42709 0.35508 0.53512
0.40172 0.47325 0.44304
0.49527 0.61050 0.64745
0.55440 0.56219 0.53135
0.54624 0.49299 0.45394
0.43806 0.54222 0.53275
0.47682 0.43989 0.36429
0.50923 0.49871 0.52343
0.35023 0.49270 0.47428
0.40557 0.44695 0.52016
0.52250 0.49239 0.61300
0.40544 0.55426 0.47288
0.45535 0.58314 0.60717
0.42133 0.58661 0.54388
0.47413 0.52211 0.45485
0.30625 0.68716 0.67370
0.37140 0.37339 0.31982
0.56765 0.52512 0.51696
0.31403 0.45294 0.40566
0.54407 0.45686 0.52366
0.45486 0.54421 0.58513
0.44913 0.57872 0.49725
0.41016 0.49131 0.57190
0.64090 0.39678 0.30875
0.37236 0.34463 0.41469
0.49239 0.64366 0.62556
0.37462 0.51475 0.57443
0.34872 0.43841 0.56774
0.42153 0.55138 0.52227
0.36132 0.56591 0.49939
0.46549 0.40025 0.57904
0.53011 0.49256 0.50356
0.36380 0.66047 0.60316
0.22847 0.30318 0.24744
0.38309 0.62797 0.56825
0.41505 0.54918 0.46408
0.45602 0.68077 0.57515
0.52336 0.48419 0.33802
0.53491 0.48753 0.46544
0.34228 0.59176 0.58726
0.45674 0.49576 0.57962
0.49995 0.65888 0.58646
0.44783 0.50650 0.50744
0.54213 0.63085 0.56436
0.53437 0.46581 0.62628
0.41293 0.39275 0.43901
0.43000 0.53482 0.48767
0.46376 0.55791 0.50907
0.48694 0.56752 0.47655
0.52999 0.57526 0.50896
0.55200 0.53448 0.43720
0.27097 0.46205 0.52547
0.39538 0.47562 0.40812
0.45981 0.47679 0.65267
0.52933 0.53690 0.52658
0.41988 0.61738 0.58861
0.32872 0.55462 0.46995
0.42913 0.39044 0.56052
0.42555 0.49099 0.65255
0.39391 0.53057 0.51948
0.41864 0.53473 0.64172
0.48719 0.46900 0.37044
0.41653 0.52986 0.53740
0.56941 0.50874 0.45231
0.40112 0.56394 0.56828
0.32898 0.66750 0.62681
0.51915 0.52014 0.70447
0.41635 0.48524 0.54147
0.37632 0.42635 0.37631
0.54325 0.52139 0.42925
0.33564 0.51458 0.52434
0.42678 0.46362 0.47451
0.44888 0.51700 0.47761
0.52823 0.38563 0.53267
0.39321 0.49452 0.55903
0.39511 0.44508 0.42367
0.45438 0.51945 0.47285
0.34850 0.63698 0.51369
0.55222 0.39101 0.34250
0.45366 0.47713 0.49845
0.40791 0.56456 0.54157
0.43781 0.42597 0.61906
0.47991 0.50268 0.58665
0.41589 0.46941 0.37747
0.46812 0.49575 0.45106
0.48428 0.61085 0.58545
0.35744 0.54367 0.53929
0.52372 0.38459 0.48680
0.35777 0.47789 0.39327
0.45596 0.54199 0.44604
0.51922 0.46074 0.43894
0.44554 0.55673 0.62726
0.47022 0.53569 0.49368
0.39809 0.65154 0.68262
0.46393 0.62115 0.49688
0.40552 0.56530 0.52113
0.41030 0.58019 0.70899
0.44692 0.52329 0.56780
0.38218 0.57412 0.66818
0.42362 0.65939 0.64940
0.53855 0.54147 0.43553
0.35840 0.53130 0.55882
0.57572 0.46373 0.52785
0.54932 0.63115 0.65339
0.39179 0.45715 0.44596
0.59459 0.41013 0.43744
0.38175 0.54928 0.61895
0.47619 0.51031 0.55502
0.49786 0.53106 0.50333
0.41455 0.33757 0.38384
0.30559 0.73422 0.67586
0.35780 0.63509 0.54509
0.49806 0.50154 0.55058
0.36873 0.55894 0.51312
0.42682 0.47979 0.48322
0.31193 0.51073 0.46830
0.35670 0.54662 0.50879
0.49147 0.42631 0.49671
0.37858 0.62137 0.54618
0.40192 0.57133 0.53136
0.57665 0.53683 0.46095
0.42882 0.57402 0.49700
0.48833 0.47051 0.48585
0.36381 0.64336 0.69719
0.35207 0.47367 0.40170
0.45739 0.53968 0.44784
0.36065 0.56420 0.45622
0.48218 0.61916 0.53755
0.58832 0.53940 0.41571
0.40095 0.56044 0.45715
0.42704 0.52699 0.55756
0.41403 0.49603 0.45419
0.49810 0.52824 0.42302
0.33536 0.52946 0.48301
0.38709 0.53676 0.66330
0.33099 0.48186 0.40077
0.45844 0.58502 0.73582
0.42895 0.48608 0.55506
0.51287 0.37750 0.73599
0.50187 0.54856 0.74899
0.45319 0.53541 0.47264
0.45407 0.52356 0.57185
0.43866 0.60281 0.48336
0.49597 0.49338 0.42741
0.45461 0.54111 0.55075
0.38894 0.64179 0.67941
0.29070 0.30593 0.36570
0.44900 0.47218 0.48792
0.42901 0.63802 0.60514
0.53615 0.57871 0.43586
0.36577 0.46163 0.49408
0.34692 0.37337 0.59499
0.41441 0.61319 0.60274
0.49781 0.56300 0.60712
0.33428 0.40672 0.44721
0.40162 0.63762 0.60932
0.37717 0.46880 0.41232
0.43780 0.57800 0.53399
0.37459 0.58017 0.51059
0.43774 0.61762 0.64366
0.36910 0.52637 0.59099
0.42344 0.58821 0.64613
0.37650 0.56826 0.45359
0.42481 0.48300 0.53910
0.43987 0.60776 0.54009
0.52377 0.44057 0.35101
0.45611 0.51654 0.47484
0.48731 0.50339 0.55382
0.32210 0.55034 0.46776
0.37502 0.48595 0.44922
0.41346 0.62457 0.75919
0.55212 0.57189 0.56114
0.54596 0.56685 0.71607
0.37149 0.67561 0.72955
0.39751 0.52181 0.45374
0.50929 0.57555 0.47980
0.38915 0.63415 0.64837
0.51731 0.43416 0.58552
0.39463 0.44425 0.45557
0.52041 0.33824 0.42627
0.31800 0.39401 0.38217
0.44592 0.58305 0.53590
0.52844 0.54454 0.51077
0.47612 0.52449 0.48227
0.51655 0.52862 0.58226
0.38526 0.62168 0.68507
0.33777 0.58496 0.55012
0.52242 0.57010 0.55956
0.52688 0.53648 0.69709
0.39420 0.59388 0.48291
0.28750 0.66825 0.61217
0.48775 0.53240 0.45420
0.44600 0.60198 0.58311
0.46596 0.51382 0.52730
0.40834 0.66161 0.48883
0.43713 0.53649 0.61325
0.44165 0.59354 0.62539
0.31885 0.46693 0.56915
0.52841 0.54019 0.65622
0.59668 0.44094 0.48942
0.38254 0.59245 0.54058
0.38683 0.48658 0.40370
0.41164 0.49228 0.60052
0.47934 0.41220 0.26508
0.41370 0.66568 0.58861
0.43680 0.54103 0.40362
0.49338 0.56581 0.48208
0.39993 0.57347 0.54435
0.45481 0.62501 0.62909
0.59463 0.43907 0.47007
0.56379 0.39056 0.26845
0.42586 0.52263 0.60510
0.44526 0.54132 0.49145
0.56973 0.54274 0.51240
0.52759 0.65499 0.60513
0.44399 0.58777 0.49494
0.46206 0.52489 0.61606
0.46709 0.52408 0.46193
0.41485 0.53361 0.53393
0.34474 0.59617 0.56474
0.44493 0.48537 0.57596
0.45128 0.50581 0.39268
0.49424 0.52080 0.37021
0.38105 0.51549 0.42998
0.61272 0.40573 0.47325
0.31957 0.49973 0.53368
0.40270 0.56846 0.64656
0.36101 0.65683 0.60983
0.47470 0.54832 0.58649
0.49692 0.53758 0.45047
0.41696 0.62479 0.57568
0.50358 0.46011 0.40735
0.39997 0.59058 0.55224
0.43318 0.47926 0.51490
0.46812 0.58511 0.50368
0.43221 0.53202 0.54175
0.43879 0.65493 0.60150
0.46566 0.53325 0.54214
0.41658 0.53966 0.67083
0.53499 0.59477 0.57547
0.40745 0.64686 0.56215
0.46848 0.44984 0.43688
0.41487 0.48277 0.63663
0.51651 0.46178 0.42019
0.45797 0.56537 0.59854
0.41840 0.70883 0.62539
0.44348 0.60573 0.57968
0.59928 0.57719 0.54589
0.39108 0.51396 0.65502
0.44073 0.46499 0.49252
0.38792 0.49489 0.49460
0.38091 0.59411 0.62865
0.47332 0.48724 0.43458
0.37771 0.61839 0.62149
0.50364 0.57693 0.45908
0.44144 0.46586 0.41820
0.44270 0.55930 0.41930
0.43141 0.46471 0.49666
0.50254 0.47073 0.37221
0.32688 0.49076 0.37946
0.41780 0.51952 0.42127
0.58868 0.56655 0.56851
0.39752 0.60990 0.62948
0.34332 0.55359 0.57329
0.40137 0.49406 0.48000
0.51143 0.45377 0.43698
0.46956 0.40302 0.45399
0.52845 0.50625 0.53403
0.44233 0.52375 0.53268
0.46663 0.65683 0.61689
0.42092 0.57441 0.61680
0.46519 0.39134 0.46363
0.47427 0.51301 0.62635
0.36916 0.60028 0.53040
0.43974 0.50115 0.43917
0.36143 0.64711 0.57034
0.41416 0.63358 0.62986
0.44583 0.66123 0.69866
0.38981 0.49611 0.45783
0.52073 0.62876 0.78395
0.35301 0.58547 0.50631
0.37099 0.44363 0.57639
0.58398 0.52428 0.63410
0.50063 0.46343 0.61302
0.46174 0.50733 0.36476
0.44690 0.54738 0.67620
0.31119 0.61175 0.53075
0.50109 0.51729 0.53132
0.38169 0.58842 0.54565
0.39599 0.54125 0.47025
0.38970 0.45261 0.49495
0.29499 0.49235 0.46065
0.36764 0.49103 0.49422
0.48355 0.40951 0.42357
0.45678 0.48819 0.57560
0.52090 0.53962 0.46998
0.47092 0.54570 0.57001
0.48830 0.52948 0.53656
0.51444 0.27172 0.57458
0.43949 0.42879 0.36243
0.39382 0.70480 0.60202
0.54184 0.48343 0.42110
0.35003 0.53648 0.50321
0.49378 0.49984 0.50646
0.42894 0.61634 0.68427
0.30194 0.43008 0.40589
0.44687 0.57437 0.64316
0.50843 0.55372 0.52432
0.32921 0.49029 0.43027
0.47892 0.38720 0.54997
0.40669 0.36986 0.46960
0.52778 0.50343 0.37506
0.42863 0.59223 0.68690
0.46950 0.72365 0.61187
0.38679 0.71690 0.60753
0.31062 0.65572 0.67002
0.35514 0.51662 0.53005
0.38231 0.50221 0.55860
0.45517 0.34214 0.39808
0.40457 0.58032 0.63263
0.31505 0.56139 0.43580
0.35680 0.52334 0.52386
0.44199 0.56748 0.63435
0.38111 0.40019 0.48443
0.41016 0.62107 0.67313
0.34512 0.32066 0.49568
0.49722 0.48976 0.48627
0.55597 0.59304 0.66352
0.47669 0.55266 0.48725
0.39331 0.55984 0.58721
0.42751 0.46960 0.38069
0.33723 0.54011 0.52391
0.36597 0.48070 0.53530
0.31690 0.61696 0.65772
0.40547 0.47531 0.41277
0.42519 0.53227 0.45934
0.38175 0.57216 0.57198
0.54236 0.58191 0.59437
0.44945 0.63977 0.61014
0.43248 0.53777 0.52496
0.40024 0.59247 0.58023
0.57826 0.52656 0.48981
0.42948 0.61079 0.62570
0.46226 0.49571 0.53810
0.48012 0.54154 0.57844
0.46578 0.56303 0.55667
0.49106 0.52643 0.62487
0.43266 0.53046 0.55545
0.58818 0.41907 0.39705
0.35427 0.55664 0.57679
0.47999 0.45243 0.41265
0.50207 0.43647 0.58386
0.43878 0.56815 0.48065
0.37253 0.67496 0.58422
0.54049 0.58943 0.50527
0.32710 0.50839 0.44477
0.48435 0.51142 0.68960
0.47370 0.51553 0.61327
0.55587 0.48701 0.49322
0.43882 0.49546 0.60697
0.55022 0.53855 0.43378
0.34244 0.53486 0.62879
0.43342 0.60975 0.53096
0.34221 0.53319 0.41814
0.57972 0.51809 0.53371
0.63802 0.46572 0.44011
0.49084 0.53767 0.39062
0.37786 0.65158 0.64559
0.44524 0.54909 0.65132
0.34290 0.46206 0.52049
0.35968 0.56837 0.57980
0.46527 0.43240 0.47447
0.43871 0.49242 0.57189
0.48351 0.56641 0.54968
0.47066 0.52499 0.44827
0.44421 0.50050 0.41355
0.43307 0.49095 0.56347
0.41607 0.54508 0.47157
0.37481 0.48994 0.52179
0.37719 0.66606 0.67389
0.46230 0.48787 0.50445
0.43659 0.61838 0.59608
0.48125 0.56279 0.61481
0.45880 0.48534 0.51518
0.41368 0.59928 0.61204
0.60005 0.47989 0.43849
0.43217 0.60819 0.63312
0.52302 0.52193 0.42206
0.41682 0.49737 0.50846
0.52989 0.56011 0.69935
0.51550 0.43149 0.64869
0.38413 0.54898 0.49653
0.48160 0.49960 0.52627
0.57113 0.50781 0.50961
0.34718 0.71664 0.58064
0.51354 0.56753 0.59166
0.42578 0.56824 0.57270
0.48383 0.60943 0.55346
0.50107 0.55943 0.62843
0.51914 0.51009 0.67511
0.42326 0.52457 0.55336
0.61466 0.45475 0.51706
0.37208 0.55866 0.60384
0.40368 0.46172 0.51641
0.47179 0.55278 0.53858
0.41121 0.57345 0.49971
0.45306 0.47741 0.48803
0.31934 0.44459 0.51827
0.49091 0.40118 0.47314
0.45249 0.57092 0.54652
0.49317 0.37655 0.66482
0.56042 0.52359 0.52313
0.49192 0.57368 0.56010
0.35390 0.62093 0.60344
0.38759 0.54991 0.52093
0.41258 0.51368 0.49036
0.39769 0.43415 0.57607
0.43651 0.60158 0.61357
0.41067 0.43735 0.41950
0.38393 0.49913 0.49017
0.46939 0.35866 0.30369
0.49389 0.49237 0.61635
