20 13 1000 10382 18
0.54895 0.82473 0.62130
0.65739 0.31401 0.19691
0.13680 0.73110 0.34628
0.96384 0.92282 0.30219
0.25047 0.08427 0.18295
0.64703 0.37189 0.53099
0.21363 0.84124 0.54455
0.80647 0.42861 0.13839
0.51444 0.53588 0.85570
0.65836 0.55553 0.30876
0.13415 0.14520 0.02596
0.00982 0.01559 0.11860
0.72000 0.63060 0.99111
0.49376 0.42816 0.38535
0.50854 0.51788 0.47044
0.46974 0.43116 0.28266
0.37752 0.38453 0.25175
0.51450 0.56776 0.39877
0.40547 0.49702 0.33906
0.36042 0.43030 0.37018
0.46211 0.43000 0.23919
0.41811 0.41125 0.24294
0.44497 0.36576 0.37840
0.49864 0.49619 0.48372
0.49841 0.57249 0.32961
0.45785 0.42265 0.34841
0.51548 0.59823 0.53930
0.51609 0.50656 0.32850
0.41100 0.50614 0.39683
0.46821 0.45817 0.29804
0.48484 0.53885 0.43606
0.50337 0.50744 0.37441
0.48828 0.56315 0.42544
0.54064 0.55782 0.39260
0.54000 0.49369 0.43459
0.36699 0.27052 0.32969
0.58439 0.50922 0.42583
0.39035 0.57033 0.47595
0.49782 0.49064 0.32647
0.41670 0.48388 0.43394
0.51234 0.61336 0.52529
0.44953 0.41767 0.46375
0.49836 0.34781 0.31666
0.50226 0.41723 0.52875
0.42670 0.43735 0.48349
0.50647 0.46554 0.41091
0.57594 0.58544 0.46851
0.44811 0.48256 0.41437
0.37370 0.43374 0.37249
0.51043 0.49250 0.39228
0.47050 0.47843 0.32037
0.53700 0.43416 0.43893
0.58499 0.48999 0.37086
0.37936 0.42267 0.31479
0.33955 0.49190 0.36576
0.51643 0.43098 0.30812
0.41999 0.47410 0.34950
0.49288 0.46688 0.46234
0.50081 0.45914 0.43126
0.54433 0.47996 0.38288
0.53625 0.56580 0.34269
0.58086 0.47480 0.41413
0.44321 0.46844 0.38046
0.53674 0.67858 0.37893
0.54086 0.50551 0.37638
0.43827 0.49324 0.30148
0.44520 0.53708 0.54211
0.49070 0.45515 0.32546
0.51379 0.56283 0.35371
0.52008 0.51916 0.47813
0.37039 0.65391 0.42945
0.36767 0.50529 0.33589
0.43090 0.46985 0.36812
0.63316 0.61570 0.54061
0.41341 0.36550 0.28300
0.52430 0.48005 0.27976
0.39012 0.46475 0.32893
0.38775 0.56645 0.41169
0.33427 0.52948 0.42913
0.49003 0.52238 0.40494
0.41793 0.40050 0.43647
0.44578 0.39861 0.26272
0.37529 0.37899 0.44539
0.46309 0.59477 0.34857
0.46981 0.44347 0.35352
0.40377 0.35603 0.43817
0.42511 0.41008 0.40652
0.50742 0.39736 0.24132
0.48544 0.58777 0.47278
0.44039 0.50388 0.41450
0.39233 0.41288 0.35807
0.49808 0.50523 0.42509
0.52963 0.59104 0.39123
0.33721 0.43250 0.41437
0.43248 0.52739 0.35099
0.44158 0.39908 0.35597
0.52722 0.44443 0.34335
0.49906 0.56092 0.49318
0.44291 0.47081 0.36496
0.40049 0.46188 0.38692
0.47324 0.44067 0.31870
0.57676 0.58223 0.49874
0.53879 0.52017 0.29419
0.44953 0.49060 0.45353
0.51215 0.48555 0.44454
0.43846 0.52723 0.33103
0.47127 0.58960 0.59547
0.55521 0.55103 0.58517
0.40488 0.54324 0.39320
0.49901 0.39930 0.35630
0.48245 0.62444 0.45138
0.47641 0.47829 0.37650
0.42989 0.43694 0.29126
0.53359 0.59260 0.34180
0.52397 0.55250 0.49624
0.53055 0.48910 0.38862
0.58737 0.53671 0.43591
0.49355 0.39750 0.25489
0.49371 0.46533 0.42857
0.54622 0.68720 0.46040
0.44158 0.46367 0.31501
0.47715 0.39733 0.36435
0.45912 0.49714 0.47115
0.46916 0.46427 0.32961
0.50117 0.43538 0.34322
0.34045 0.38068 0.28139
0.60222 0.60135 0.34198
0.63528 0.50377 0.36957
0.41490 0.44913 0.33226
0.59673 0.45813 0.26607
0.46531 0.51929 0.32956
0.43564 0.51670 0.29779
0.45295 0.45498 0.41641
0.50699 0.58732 0.42121
0.45617 0.48339 0.36110
0.48542 0.39450 0.32518
0.43763 0.52308 0.48085
0.52170 0.51961 0.45491
0.45147 0.51518 0.45562
0.57819 0.49894 0.47001
0.48935 0.46612 0.32444
0.39510 0.65653 0.42914
0.48611 0.51100 0.29766
0.54085 0.56974 0.53440
0.49964 0.42532 0.41678
0.55018 0.56236 0.33308
0.39605 0.40845 0.31687
0.54285 0.50421 0.40831
0.37839 0.40558 0.33042
0.48956 0.48317 0.55154
0.50837 0.42219 0.29140
0.53595 0.49294 0.35595
0.51321 0.51841 0.47745
0.39852 0.44720 0.31970
0.49919 0.52089 0.51732
0.51927 0.49048 0.38363
0.55437 0.46219 0.30958
0.62733 0.57090 0.33484
0.58302 0.48044 0.44128
0.39101 0.38508 0.26199
0.39434 0.42500 0.30764
0.37756 0.54250 0.35490
0.56127 0.48697 0.41579
0.40615 0.59878 0.40876
0.42597 0.66319 0.57800
0.46552 0.61405 0.46940
0.34372 0.43532 0.37199
0.33620 0.30849 0.43052
0.43200 0.37441 0.34621
0.48213 0.46968 0.50885
0.53366 0.45133 0.41008
0.44043 0.38138 0.36247
0.48741 0.54305 0.41015
0.37919 0.47978 0.42322
0.62639 0.67011 0.40399
0.60173 0.61570 0.36350
0.44467 0.51057 0.41784
0.52750 0.40609 0.34686
0.55337 0.55380 0.44045
0.62049 0.54958 0.30810
0.48785 0.41882 0.39902
0.48587 0.52022 0.25090
0.43715 0.29294 0.23861
0.62868 0.53955 0.37652
0.42563 0.54684 0.46355
0.37878 0.49111 0.50313
0.45723 0.48126 0.44002
0.51633 0.45341 0.30329
0.47528 0.55278 0.43642
0.46049 0.47977 0.40539
0.51583 0.52144 0.50032
0.47159 0.49935 0.43797
0.46067 0.49793 0.30397
0.52499 0.39055 0.30404
0.57083 0.49424 0.48358
0.36762 0.57991 0.35003
0.35665 0.35673 0.27940
0.49930 0.42783 0.34632
0.47702 0.42724 0.44413
0.43558 0.51827 0.42269
0.65485 0.65393 0.39400
0.51988 0.56886 0.43749
0.49457 0.57804 0.46886
0.45011 0.57375 0.42984
0.57071 0.51243 0.49238
0.66160 0.59462 0.33370
0.39416 0.48072 0.44494
0.49170 0.61136 0.44271
0.51196 0.45591 0.32521
0.54056 0.52951 0.37878
0.56056 0.46351 0.32775
0.54241 0.55510 0.41085
0.58927 0.47537 0.47530
0.51266 0.54668 0.53302
0.42445 0.35663 0.34293
0.39160 0.44088 0.39947
0.48886 0.51835 0.40242
0.49757 0.44145 0.35695
0.44162 0.54147 0.39084
0.47449 0.49021 0.37330
0.51705 0.40936 0.26119
0.36813 0.41009 0.31353
0.35320 0.40041 0.41616
0.42745 0.45283 0.42978
0.43419 0.53103 0.36108
0.50850 0.48976 0.37389
0.49472 0.51407 0.36367
0.33137 0.36769 0.32439
0.43028 0.42070 0.33099
0.42125 0.40499 0.29759
0.61701 0.60005 0.40775
0.42881 0.50371 0.43129
0.33144 0.38501 0.26971
0.53057 0.51750 0.36327
0.46246 0.52556 0.39143
0.50235 0.44992 0.37983
0.51771 0.42814 0.40283
0.57198 0.57376 0.44484
0.39553 0.49904 0.34188
0.43568 0.43177 0.30111
0.42070 0.57763 0.50065
0.53126 0.51759 0.47152
0.46161 0.48376 0.35409
0.50599 0.58165 0.41370
0.51233 0.45970 0.45619
0.62648 0.53769 0.54848
0.49232 0.45053 0.34434
0.47302 0.49133 0.42365
0.48585 0.49768 0.38465
0.48127 0.54763 0.41873
0.46933 0.45203 0.38621
0.47047 0.44776 0.22360
0.54231 0.48727 0.41596
0.40762 0.43342 0.33068
0.48791 0.47547 0.36908
0.50562 0.51146 0.45181
0.37867 0.41137 0.26599
0.30737 0.45034 0.35303
0.52281 0.49042 0.39371
0.55913 0.57705 0.36327
0.42089 0.46882 0.34046
0.52343 0.51349 0.43383
0.54091 0.50901 0.44149
0.50602 0.55085 0.38949
0.45701 0.51536 0.35688
0.48363 0.58788 0.38995
0.27864 0.38947 0.34909
0.42221 0.46979 0.41187
0.57952 0.46730 0.32264
0.38711 0.33015 0.38677
0.37628 0.34597 0.29291
0.63111 0.59877 0.42199
0.45070 0.50072 0.40135
0.48351 0.39292 0.32426
0.48432 0.43688 0.38570
0.50113 0.44552 0.27630
0.46926 0.39663 0.47724
0.43205 0.54422 0.54884
0.49285 0.41763 0.37053
0.43975 0.40643 0.25854
0.37556 0.27596 0.20020
0.53887 0.50605 0.30377
0.35905 0.38747 0.36928
0.50162 0.52376 0.34314
0.43490 0.47790 0.35512
0.41421 0.47474 0.32461
0.56247 0.60886 0.39541
0.59688 0.53725 0.31361
0.45010 0.41290 0.32028
0.51239 0.50808 0.56336
0.44838 0.40420 0.32449
0.57316 0.48433 0.34965
0.53107 0.57917 0.46496
0.51253 0.53780 0.51178
0.41744 0.42149 0.33630
0.46811 0.40231 0.36497
0.43387 0.47037 0.30679
0.41064 0.43791 0.38900
0.48747 0.61516 0.44748
0.44129 0.50624 0.37554
0.33062 0.36364 0.28251
0.39357 0.52765 0.36421
0.47208 0.55275 0.36785
0.51192 0.47793 0.29644
0.54796 0.57768 0.40693
0.48776 0.60384 0.36845
0.49198 0.49710 0.37555
0.56877 0.44877 0.37441
0.34362 0.29052 0.31676
0.51190 0.41639 0.27257
0.57687 0.58288 0.37565
0.38223 0.36726 0.32940
0.38092 0.47540 0.34630
0.52671 0.49843 0.37942
0.56185 0.47244 0.43547
0.50643 0.41363 0.46152
0.41102 0.51193 0.39743
0.54585 0.50799 0.38106
0.53924 0.41833 0.38408
0.47115 0.49312 0.44964
0.41321 0.58999 0.41198
0.54232 0.54123 0.47064
0.60816 0.57178 0.43665
0.49971 0.62970 0.49758
0.68190 0.61908 0.45136
0.54604 0.49919 0.48434
0.41657 0.54596 0.48280
0.49382 0.54576 0.44306
0.50328 0.60744 0.46226
0.52431 0.47771 0.43003
0.45056 0.49521 0.40645
0.40928 0.50464 0.33796
0.49720 0.62816 0.45403
0.40929 0.37958 0.25370
0.58969 0.46635 0.37722
0.63818 0.68712 0.40781
0.50475 0.55989 0.55835
0.39038 0.50958 0.33906
0.49558 0.42573 0.42797
0.49068 0.55571 0.51486
0.39424 0.41659 0.42614
0.66510 0.59096 0.41959
0.57589 0.62425 0.38039
0.48155 0.50960 0.57013
0.53963 0.58681 0.53266
0.42107 0.47313 0.35329
0.54572 0.52163 0.31816
0.47693 0.49092 0.37611
0.36804 0.40598 0.45940
0.55899 0.62289 0.40078
0.59215 0.48519 0.48790
0.35561 0.52549 0.37714
0.51312 0.51704 0.41919
0.46667 0.44879 0.29211
0.38374 0.40626 0.35298
0.35927 0.39645 0.29852
0.39046 0.36337 0.30308
0.54778 0.58387 0.59977
0.52083 0.49418 0.38621
0.40360 0.57728 0.31896
0.57775 0.45428 0.33485
0.53646 0.45039 0.38496
0.46611 0.64262 0.39425
0.37555 0.55636 0.38060
0.45000 0.46828 0.32460
0.35100 0.52944 0.38765
0.41371 0.47198 0.55282
0.56112 0.51636 0.51014
0.52338 0.50252 0.48482
0.36514 0.46672 0.35966
0.35665 0.48103 0.39677
0.57424 0.55631 0.52268
0.42547 0.50265 0.32798
0.63119 0.52295 0.35311
0.55518 0.49049 0.32747
0.46436 0.57207 0.37010
0.44447 0.37985 0.31225
0.40872 0.38088 0.28338
0.50523 0.44932 0.36984
0.36982 0.43272 0.34021
0.55280 0.59865 0.61616
0.81843 0.76186 0.32545
0.51012 0.45323 0.42768
0.55503 0.45614 0.37827
0.51887 0.58701 0.37544
0.52104 0.41230 0.30904
0.54067 0.49952 0.36122
0.44329 0.39756 0.32335
0.39896 0.47632 0.37409
0.54637 0.56375 0.42511
0.56850 0.44963 0.36560
0.45782 0.57988 0.42492
0.51258 0.41716 0.43318
0.40291 0.35361 0.29952
0.44580 0.40420 0.36616
0.48557 0.52652 0.53762
0.40127 0.43459 0.33233
0.50758 0.53171 0.36739
0.29677 0.58150 0.43098
0.46620 0.36370 0.23418
0.50807 0.53710 0.40056
0.45933 0.34358 0.31124
0.59233 0.59384 0.46045
0.36968 0.38507 0.30555
0.57289 0.50826 0.40045
0.39133 0.38363 0.42162
0.67808 0.65499 0.42032
0.56268 0.61376 0.36793
0.44982 0.41441 0.31374
0.60059 0.42252 0.33295
0.55439 0.55035 0.40694
0.39244 0.42623 0.43833
0.44779 0.42866 0.30572
0.53292 0.50504 0.44351
0.57408 0.51788 0.43190
0.39949 0.48134 0.33934
0.41061 0.54680 0.40022
0.43554 0.54048 0.32063
0.59286 0.47053 0.37913
0.45422 0.53816 0.43442
0.49218 0.58650 0.36881
0.49008 0.59315 0.41604
0.52103 0.51174 0.45182
0.51620 0.46839 0.33249
0.58695 0.54976 0.40240
0.48403 0.48020 0.44438
0.49588 0.47147 0.43287
0.44173 0.42291 0.29310
0.38567 0.40700 0.33595
0.49293 0.51484 0.36340
0.40649 0.44958 0.49082
0.40834 0.38763 0.38714
0.48307 0.48969 0.54521
0.36605 0.36116 0.37234
0.43113 0.46447 0.43660
0.58748 0.45841 0.33204
0.56708 0.51753 0.33803
0.41070 0.38269 0.35827
0.40312 0.58348 0.35855
0.29648 0.27912 0.24165
0.46914 0.54648 0.41469
0.32813 0.38095 0.34642
0.43467 0.52211 0.37043
0.59903 0.65604 0.35343
0.53969 0.53996 0.32869
0.65752 0.50453 0.42184
0.45622 0.54957 0.32538
0.46786 0.38911 0.28033
0.50386 0.54955 0.38777
0.60392 0.62981 0.55530
0.56479 0.50208 0.31348
0.46526 0.52459 0.37001
0.52928 0.50519 0.43461
0.45781 0.47926 0.51594
0.45151 0.50041 0.46480
0.39863 0.46026 0.31970
0.33549 0.42961 0.32738
0.59439 0.50070 0.34560
0.46858 0.47305 0.41760
0.48419 0.56037 0.49199
0.44891 0.37692 0.29326
0.49746 0.47468 0.51415
0.47554 0.44808 0.42052
0.57901 0.58808 0.49837
0.48182 0.42265 0.31629
0.60613 0.57217 0.45419
0.48175 0.34424 0.31207
0.64578 0.67055 0.45940
0.43629 0.53106 0.49376
0.59591 0.50385 0.54720
0.40070 0.49638 0.36641
0.45185 0.56791 0.36421
0.54303 0.49535 0.39662
0.48292 0.58413 0.52972
0.51785 0.51873 0.42602
0.51881 0.40088 0.35686
0.56454 0.53886 0.39233
0.48723 0.43042 0.42686
0.60380 0.49692 0.37570
0.48225 0.53311 0.34859
0.36030 0.49399 0.32684
0.53531 0.40592 0.34540
0.47361 0.46448 0.35766
0.44642 0.38679 0.38158
0.46167 0.50888 0.38830
0.51457 0.46752 0.44960
0.55078 0.44575 0.36528
0.45400 0.38315 0.28781
0.42406 0.44816 0.29139
0.57228 0.46442 0.35543
0.44220 0.45720 0.32797
0.53808 0.54200 0.42876
0.42249 0.38725 0.29232
0.50344 0.48251 0.46756
0.33745 0.29138 0.25863
0.47292 0.48758 0.43957
0.38280 0.44739 0.42360
0.57252 0.46620 0.46474
0.45899 0.38598 0.28641
0.43979 0.52826 0.42074
0.62568 0.52980 0.41322
0.58225 0.58827 0.44107
0.49057 0.42160 0.25744
0.53774 0.63419 0.63410
0.56000 0.59941 0.35314
0.51885 0.49934 0.30378
0.45309 0.50301 0.48351
0.44795 0.49213 0.37430
0.58227 0.59464 0.48639
0.45818 0.41530 0.31383
0.47804 0.37578 0.35281
0.40675 0.35039 0.31958
0.51295 0.42363 0.28804
0.50110 0.47289 0.48747
0.61018 0.57569 0.49071
0.38826 0.47828 0.36955
0.42470 0.60661 0.46973
0.48417 0.55246 0.34178
0.36060 0.58445 0.44892
0.32678 0.37168 0.26658
0.39840 0.47699 0.37876
0.41509 0.35742 0.40596
0.62756 0.55691 0.37250
0.57761 0.52332 0.57121
0.54685 0.42197 0.33700
0.56055 0.48985 0.39166
0.36194 0.50894 0.42527
0.47691 0.49191 0.34074
0.53528 0.58843 0.52741
0.36859 0.41586 0.25582
0.53462 0.65629 0.39668
0.53674 0.49118 0.43350
0.44888 0.49176 0.38971
0.47681 0.47932 0.36707
0.59300 0.54733 0.40013
0.54320 0.48648 0.38042
0.47099 0.47274 0.30839
0.58443 0.49140 0.62436
0.41078 0.41908 0.34865
0.42860 0.46164 0.36260
0.51142 0.47032 0.41443
0.37670 0.28760 0.32253
0.48009 0.60300 0.50454
0.39656 0.34013 0.25581
0.51534 0.51239 0.62806
0.36457 0.42215 0.36088
0.46170 0.57067 0.39082
0.44791 0.42974 0.39846
0.47986 0.47953 0.33311
0.39336 0.45125 0.32962
0.44166 0.39976 0.33263
0.50144 0.61237 0.42507
0.62664 0.53537 0.41167
0.63385 0.49949 0.32787
0.52633 0.49008 0.36781
0.45033 0.47752 0.30544
0.58574 0.61163 0.46659
0.53368 0.50468 0.40190
0.36770 0.52023 0.48016
0.32819 0.52220 0.38770
0.54277 0.54672 0.40399
0.52416 0.60567 0.48408
0.46821 0.49474 0.44723
0.31341 0.43123 0.33448
0.39633 0.39267 0.32243
0.53033 0.47269 0.31708
0.52102 0.48315 0.42031
0.42894 0.31184 0.27332
0.56248 0.58761 0.44775
0.47652 0.59470 0.40636
0.49738 0.52036 0.54864
0.46070 0.45941 0.39584
0.60851 0.61789 0.54448
0.59375 0.49741 0.39332
0.53013 0.63282 0.39951
0.51536 0.43975 0.50311
0.47656 0.37948 0.32169
0.45507 0.46602 0.34765
0.47552 0.46867 0.61934
0.45683 0.52879 0.38345
0.54486 0.50841 0.35393
0.57616 0.45448 0.43333
0.44758 0.49469 0.47576
0.61574 0.59586 0.36365
0.46341 0.51232 0.31596
0.26446 0.41026 0.27594
0.54124 0.41346 0.38282
0.33316 0.37132 0.33443
0.36037 0.56761 0.44383
0.55163 0.49747 0.31506
0.60890 0.53748 0.54070
0.54074 0.48088 0.40157
0.47233 0.50855 0.34880
0.36835 0.39607 0.29997
0.56350 0.44164 0.47438
0.67741 0.73115 0.35857
0.32560 0.35310 0.30217
0.56505 0.58239 0.51613
0.56639 0.56461 0.44216
0.55604 0.49260 0.40323
0.51099 0.41270 0.28889
0.59526 0.46874 0.31019
0.59826 0.54893 0.42528
0.51847 0.48713 0.32486
0.58159 0.44103 0.26423
0.55779 0.48975 0.33438
0.50171 0.51541 0.45182
0.44279 0.53028 0.44071
0.44384 0.51036 0.51052
0.64722 0.58354 0.46878
0.54129 0.56062 0.42958
0.44483 0.37193 0.25152
0.56447 0.50773 0.39112
0.58394 0.49833 0.55920
0.32932 0.33364 0.29601
0.51805 0.50284 0.43030
0.47255 0.47164 0.30857
0.55968 0.44427 0.28835
0.38448 0.33517 0.30739
0.57498 0.56412 0.44944
0.48199 0.45340 0.28640
0.45273 0.46640 0.32390
0.45206 0.37382 0.26538
0.47873 0.47988 0.45395
0.46262 0.56082 0.40922
0.47912 0.55185 0.58822
0.46465 0.54043 0.50516
0.48438 0.56088 0.42717
0.57765 0.52113 0.33714
0.49600 0.43615 0.33627
0.32966 0.34109 0.27038
0.43903 0.47269 0.46273
0.52330 0.50940 0.37355
0.48734 0.52848 0.31320
0.58948 0.68549 0.43373
0.60743 0.52235 0.54872
0.38503 0.46865 0.38895
0.48520 0.47379 0.39023
0.41057 0.56780 0.45209
0.37252 0.49797 0.35405
0.50118 0.53961 0.36412
0.46644 0.47762 0.39661
0.40401 0.46529 0.38906
0.53212 0.50576 0.42143
0.58079 0.51115 0.37998
0.54773 0.55251 0.46144
0.47561 0.40383 0.34871
0.36875 0.43326 0.34939
0.47035 0.40478 0.42643
0.37613 0.38568 0.32040
0.42334 0.57414 0.42533
0.47204 0.38682 0.29567
0.33403 0.62612 0.43722
0.52404 0.41219 0.32276
0.63711 0.56458 0.51834
0.49080 0.57503 0.40667
0.47918 0.51363 0.51356
0.49040 0.52605 0.40768
0.38164 0.42826 0.33959
0.69044 0.70799 0.40542
0.67423 0.55179 0.25632
0.53660 0.56255 0.44318
0.37124 0.41586 0.32092
0.38255 0.37177 0.34816
0.45998 0.49467 0.37671
0.48325 0.50387 0.40267
0.34262 0.33564 0.29443
0.49603 0.48218 0.48060
0.50802 0.43186 0.34572
0.48492 0.49153 0.37664
0.38638 0.44873 0.36308
0.53942 0.46792 0.32288
0.52996 0.57796 0.49760
0.56302 0.49626 0.36895
0.59934 0.50767 0.30965
0.38481 0.46320 0.38092
0.55194 0.48012 0.33710
0.53688 0.50522 0.40870
0.44766 0.50380 0.36289
0.43301 0.43377 0.33133
0.40621 0.50143 0.32120
0.49610 0.43290 0.35787
0.31354 0.40785 0.27917
0.55889 0.56096 0.50793
0.35528 0.50856 0.37103
0.46081 0.40371 0.30291
0.46796 0.40876 0.40687
0.51436 0.40730 0.37769
0.41947 0.55510 0.39910
0.46936 0.55268 0.49920
0.41627 0.42792 0.35381
0.46239 0.45809 0.40894
0.56713 0.49677 0.40850
0.51555 0.62295 0.43039
0.55483 0.52300 0.52158
0.66136 0.63292 0.44814
0.33522 0.39333 0.34963
0.39764 0.49158 0.38599
0.39105 0.38661 0.29422
0.42878 0.48786 0.51943
0.62082 0.47174 0.43531
0.48472 0.58014 0.54470
0.52253 0.52564 0.48323
0.52295 0.49368 0.36325
0.33525 0.48777 0.32920
0.64230 0.60269 0.49139
0.35988 0.44994 0.32672
0.43963 0.43337 0.34673
0.50370 0.54212 0.48203
0.59369 0.46845 0.27848
0.56659 0.53219 0.44094
0.44976 0.44543 0.34394
0.50647 0.46180 0.37861
0.44271 0.49983 0.43739
0.51415 0.52872 0.47547
0.47415 0.52981 0.47526
0.61230 0.61166 0.43386
0.37151 0.33964 0.27492
0.42618 0.43819 0.35364
0.46688 0.51973 0.35831
0.42314 0.45380 0.28558
0.49428 0.49517 0.32569
0.47537 0.38893 0.40143
0.38350 0.38335 0.35922
0.55772 0.48780 0.44538
0.45263 0.57324 0.48402
0.42852 0.57758 0.49625
0.41323 0.42389 0.41665
0.54162 0.54730 0.38205
0.49853 0.44316 0.38839
0.41357 0.43329 0.33463
0.55007 0.50585 0.31352
0.48413 0.41892 0.33219
0.57159 0.58090 0.47777
0.32274 0.44380 0.30704
0.48799 0.43175 0.41604
0.32129 0.44963 0.34689
0.48729 0.46952 0.35607
0.51485 0.60237 0.52011
0.44503 0.38495 0.29700
0.48472 0.55700 0.41036
0.46484 0.51546 0.34273
0.43324 0.55291 0.34545
0.53143 0.51657 0.41542
0.45487 0.54664 0.46131
0.44186 0.58714 0.46936
0.55327 0.48354 0.33612
0.30554 0.46135 0.31756
0.59720 0.54046 0.46789
0.51530 0.49863 0.36952
0.41367 0.33763 0.30109
0.47845 0.47287 0.38952
0.45761 0.47056 0.40656
0.54865 0.48292 0.45406
0.42299 0.49303 0.40866
0.61693 0.62119 0.35051
0.49134 0.57568 0.48077
0.42425 0.53044 0.35115
0.46958 0.47173 0.49219
0.53274 0.52339 0.50232
0.41947 0.61185 0.50446
0.46874 0.48820 0.36139
0.42392 0.38798 0.36074
0.53979 0.45135 0.35118
0.39641 0.47901 0.39180
0.42994 0.55875 0.41500
0.27430 0.52250 0.33969
0.45041 0.38842 0.25441
0.37054 0.42408 0.36237
0.39601 0.48828 0.33134
0.40244 0.37158 0.26593
0.40660 0.47736 0.33165
0.41790 0.43033 0.30687
0.45710 0.51802 0.39634
0.38353 0.29828 0.22414
0.62483 0.55123 0.66363
0.56835 0.54261 0.35098
0.46964 0.44034 0.31992
0.55164 0.51524 0.30981
0.46090 0.57873 0.44508
0.59804 0.52951 0.37652
0.36723 0.38399 0.38270
0.51297 0.47303 0.45382
0.53733 0.50928 0.29159
0.41735 0.58592 0.56708
0.44867 0.40816 0.40473
0.41275 0.49269 0.40049
0.55493 0.55056 0.41152
0.39270 0.39595 0.22347
0.26236 0.54262 0.38889
0.54191 0.52911 0.47945
0.56669 0.63456 0.43907
0.35990 0.47878 0.43813
0.51708 0.54596 0.46763
0.38837 0.65852 0.53686
0.44207 0.47826 0.50232
0.50119 0.51264 0.38418
0.54025 0.51402 0.35360
0.42363 0.44756 0.32696
0.49561 0.61117 0.47076
0.49046 0.44276 0.36964
0.49476 0.56505 0.48949
0.41071 0.41164 0.27696
0.30681 0.50738 0.36853
0.47117 0.43686 0.31378
0.43554 0.40955 0.31566
0.52887 0.49295 0.38851
0.49809 0.47134 0.47715
0.42406 0.49683 0.45224
0.41119 0.41874 0.43783
0.29626 0.64037 0.45539
0.52227 0.50646 0.34626
0.50568 0.52219 0.41245
0.41515 0.45942 0.40050
0.57030 0.48293 0.42307
0.50477 0.51395 0.43886
0.63060 0.52598 0.42738
0.53958 0.52383 0.48133
0.48153 0.39217 0.45852
0.47949 0.47667 0.48871
0.61117 0.55603 0.35155
0.38885 0.51870 0.39012
0.47894 0.48736 0.36281
0.43932 0.45182 0.40775
0.46741 0.44649 0.28163
0.51275 0.48379 0.29370
0.46060 0.61874 0.54769
0.40231 0.37036 0.34857
0.42796 0.39699 0.32659
0.42860 0.51223 0.41996
0.57906 0.49640 0.38177
0.52322 0.56310 0.40265
0.45678 0.48144 0.33478
0.51105 0.60210 0.39176
0.52202 0.46900 0.37907
0.54378 0.63994 0.57010
0.38865 0.40123 0.29060
0.44486 0.55638 0.36265
0.42130 0.50123 0.42334
0.38682 0.56088 0.43637
0.51952 0.59880 0.48145
0.38782 0.44957 0.37071
0.48980 0.56560 0.31744
0.41433 0.46244 0.39156
0.58913 0.49036 0.42977
0.52567 0.46745 0.40210
0.50386 0.57548 0.44251
0.47616 0.61891 0.50307
0.40031 0.38726 0.31914
0.63250 0.57260 0.40713
0.35786 0.49569 0.32324
0.56140 0.48103 0.35978
0.39701 0.48790 0.47129
0.41066 0.42706 0.31819
0.55766 0.38222 0.36115
0.50835 0.58110 0.37415
0.32847 0.46493 0.34528
0.47931 0.52261 0.42743
0.45628 0.49690 0.43288
0.36726 0.38889 0.37971
0.36119 0.57619 0.47609
0.43287 0.51707 0.28146
0.47905 0.40266 0.39096
0.56086 0.52378 0.44514
0.45192 0.45921 0.44570
0.54412 0.54250 0.53454
0.44401 0.48972 0.43222
0.55255 0.49110 0.44911
0.47594 0.55603 0.45872
0.37917 0.48547 0.38003
0.47811 0.44315 0.33296
0.52225 0.40994 0.37168
0.53181 0.61642 0.36729
0.41673 0.51970 0.43031
0.58262 0.59006 0.46413
0.39680 0.39414 0.30537
0.48900 0.47751 0.31920
0.44100 0.37040 0.40429
0.35460 0.42237 0.29882
0.47875 0.50949 0.34981
0.52783 0.51997 0.34954
0.41958 0.49647 0.38489
0.32278 0.22099 0.20407
0.50479 0.69987 0.44389
0.39713 0.48013 0.42804
0.58298 0.51044 0.56580
0.53890 0.53937 0.36584
0.55392 0.47827 0.39334
0.53206 0.52813 0.56756
0.48050 0.45861 0.44459
0.52015 0.48774 0.39911
0.52966 0.53009 0.42701
0.54560 0.44365 0.32397
0.44721 0.37932 0.26071
0.55459 0.49401 0.41025
0.44556 0.51749 0.36930
0.50692 0.51340 0.49572
0.45811 0.48880 0.42933
0.35502 0.35575 0.37037
0.49366 0.58318 0.35951
0.46190 0.45876 0.37968
0.52632 0.54746 0.52033
0.41903 0.54304 0.41223
0.43402 0.42477 0.40954
0.39277 0.49335 0.34448
0.56978 0.50282 0.49678
0.56912 0.61045 0.46784
0.39869 0.43336 0.42937
0.52546 0.48669 0.37484
0.44552 0.49600 0.39610
0.45552 0.47856 0.32500
0.50084 0.46415 0.40791
0.55405 0.46140 0.40358
0.39239 0.43646 0.33605
0.55606 0.51491 0.40561
0.61438 0.48211 0.42467
0.59102 0.53676 0.46104
0.50932 0.41102 0.47513
0.38299 0.41349 0.39744
0.49877 0.58709 0.37623
0.41961 0.49255 0.36076
0.50633 0.49146 0.39621
0.55955 0.40915 0.43323
0.41450 0.45406 0.33233
0.43063 0.34411 0.32149
0.51718 0.53651 0.44594
0.56204 0.47201 0.45571
0.42659 0.51729 0.41718
0.38525 0.50137 0.37184
0.54397 0.48775 0.32900
0.42628 0.50522 0.39049
0.42987 0.63672 0.49147
0.49331 0.49342 0.28265
0.41622 0.44698 0.35933
0.47256 0.51697 0.42011
0.53857 0.54238 0.50219
0.49353 0.55828 0.35774
0.47523 0.41363 0.36693
0.36721 0.45440 0.38183
0.61398 0.45161 0.42801
0.31799 0.30347 0.27844
0.45228 0.47810 0.38475
0.50485 0.44300 0.34536
0.49853 0.57427 0.43714
0.45571 0.50966 0.53476
0.46162 0.48300 0.44134
0.46628 0.49503 0.36522
0.39695 0.53535 0.41957
0.48165 0.45560 0.51330
0.47318 0.58388 0.48389
0.55830 0.53529 0.44458
0.57995 0.58465 0.42030
0.48815 0.48951 0.47163
0.43786 0.54769 0.35821
0.46822 0.54095 0.43770
0.60317 0.55474 0.49375
0.38907 0.43920 0.27303
0.40099 0.48866 0.43031
0.36889 0.44035 0.35050
0.51509 0.57008 0.37237
0.43337 0.48140 0.39398
0.44873 0.51776 0.48886
0.43283 0.46992 0.40027
0.59379 0.50790 0.34828
0.42531 0.52848 0.38813
0.52199 0.49559 0.35684
0.42074 0.63153 0.59582
0.53079 0.60823 0.49436
0.54976 0.46764 0.33086
0.53755 0.58131 0.43037
0.38060 0.44980 0.42436
0.52871 0.55915 0.53460
0.58888 0.49747 0.52485
0.56085 0.53139 0.38221
0.51912 0.48519 0.26492
0.49706 0.48145 0.44162
0.35256 0.33942 0.27152
0.43517 0.45300 0.32191
0.47428 0.54216 0.44859
0.50445 0.43575 0.31953
0.35664 0.58230 0.31959
0.26840 0.33488 0.30924
0.54655 0.44589 0.39096
0.39406 0.31781 0.23041
0.48205 0.44864 0.32693
0.59456 0.48653 0.42637
0.45446 0.48163 0.38981
0.40149 0.39147 0.35491
0.42986 0.38208 0.29821
0.67311 0.56271 0.46518
0.31629 0.54119 0.41448
0.57346 0.56348 0.33735
0.40549 0.47647 0.30371
0.52245 0.56506 0.37436
0.52017 0.54269 0.32909
0.42143 0.52077 0.40788
0.34364 0.61201 0.41814
0.48239 0.49063 0.41421
0.49578 0.50728 0.42097
0.40974 0.44259 0.45189
0.40491 0.34461 0.29630
0.46901 0.48919 0.50592
0.52236 0.53426 0.46282
0.50037 0.47437 0.39250
0.37789 0.40343 0.23474
0.45863 0.38467 0.31615
0.47244 0.44039 0.41087
0.41913 0.42527 0.32527
0.47632 0.47764 0.31512
0.41487 0.42703 0.34646
0.50458 0.48794 0.34895
0.50991 0.51279 0.33724
0.43980 0.48059 0.35303
