20 11 1000 35357 3332
0.28085 0.85316 0.86863
0.66726 0.31063 0.92762
0.66863 0.17297 0.11546
0.61389 0.74658 0.38653
0.85624 0.35638 0.35630
0.17724 0.33630 0.63722
0.72091 0.97703 0.27565
0.39939 0.61331 0.81696
0.06431 0.93797 0.99703
0.17363 0.36371 0.12953
0.78081 0.45531 0.27983
0.58502 0.45104 0.44558
0.56092 0.52997 0.45705
0.37866 0.60488 0.50279
0.57940 0.58547 0.43621
0.41505 0.54288 0.60191
0.41976 0.64106 0.68649
0.52699 0.42947 0.41430
0.48157 0.55959 0.56046
0.49578 0.55831 0.53362
0.42661 0.66402 0.56602
0.46511 0.40934 0.42384
0.56059 0.47588 0.58574
0.36517 0.71387 0.64808
0.53734 0.33635 0.33861
0.57438 0.54519 0.41228
0.51652 0.48896 0.44694
0.56026 0.49737 0.43314
0.47405 0.56703 0.57565
0.45146 0.65565 0.44891
0.51867 0.56153 0.42709
0.53317 0.57311 0.38974
0.44706 0.65441 0.64110
0.36174 0.53024 0.55584
0.45625 0.41277 0.49984
0.43168 0.58176 0.67093
0.46843 0.57886 0.61392
0.58940 0.56797 0.44296
0.30549 0.61211 0.53157
0.51488 0.48890 0.51212
0.36319 0.74187 0.70402
0.41846 0.57260 0.54287
0.61724 0.49446 0.42288
0.43407 0.46486 0.45092
0.45512 0.53261 0.57906
0.51612 0.39454 0.29950
0.46701 0.65600 0.48305
0.42417 0.49437 0.38577
0.44133 0.55739 0.62261
0.53871 0.62657 0.45721
0.53566 0.57471 0.45367
0.42750 0.54368 0.55228
0.44962 0.76491 0.57971
0.53884 0.51527 0.50220
0.51552 0.47193 0.46824
0.46700 0.48800 0.46619
0.54555 0.47071 0.61365
0.59066 0.49071 0.70206
0.48383 0.65090 0.51123
0.44098 0.56009 0.57149
0.49818 0.52739 0.48018
0.45038 0.70859 0.64864
0.60354 0.53555 0.45650
0.53286 0.56842 0.45573
0.59069 0.55496 0.40614
0.38673 0.67609 0.67159
0.38149 0.53511 0.53623
0.40207 0.47538 0.60453
0.46208 0.42454 0.32065
0.58065 0.53321 0.41080
0.59651 0.38011 0.59486
0.49231 0.73624 0.50798
0.51206 0.52659 0.49289
0.60125 0.56054 0.52916
0.53398 0.46280 0.51148
0.37498 0.56611 0.47563
0.61070 0.56603 0.50335
0.34106 0.44989 0.54192
0.44837 0.68357 0.63837
0.27904 0.63269 0.56856
0.55506 0.62401 0.48433
0.57752 0.41290 0.35172
0.41917 0.46347 0.38292
0.40270 0.46155 0.55180
0.54454 0.41251 0.35329
0.38368 0.48185 0.56819
0.34507 0.73699 0.66689
0.42159 0.63758 0.69162
0.56833 0.57372 0.46611
0.59149 0.60493 0.48802
0.57015 0.47452 0.60924
0.53458 0.51640 0.63464
0.58459 0.61612 0.50745
0.63221 0.49250 0.55223
0.53488 0.60416 0.53633
0.58182 0.48487 0.63005
0.40771 0.56353 0.67074
0.39577 0.63738 0.45361
0.39087 0.53639 0.60778
0.60593 0.54449 0.53955
0.55683 0.71128 0.53500
0.40387 0.44411 0.65945
0.53497 0.58153 0.46543
0.58970 0.50173 0.43976
0.39384 0.59464 0.59270
0.56442 0.57883 0.52419
0.58214 0.62246 0.59398
0.38416 0.61283 0.50950
0.43539 0.65612 0.55365
0.67564 0.50256 0.49632
0.60966 0.58321 0.43842
0.47322 0.45850 0.60748
0.51673 0.60945 0.58247
0.42321 0.54467 0.57925
0.63005 0.49344 0.41320
0.56144 0.52800 0.47089
0.53434 0.59242 0.51399
0.45862 0.64319 0.67216
0.41489 0.56236 0.51020
0.60303 0.46813 0.53977
0.47017 0.52517 0.66140
0.39986 0.50989 0.47710
0.43214 0.52322 0.65001
0.55429 0.35863 0.32076
0.35488 0.49956 0.50967
0.40974 0.52408 0.64091
0.43697 0.62845 0.58964
0.41125 0.59941 0.63645
0.45673 0.55828 0.49513
0.59312 0.45711 0.34386
0.55770 0.42427 0.42575
0.52905 0.50628 0.39778
0.55985 0.66215 0.34466
0.56629 0.46057 0.55738
0.28536 0.62774 0.66475
0.44936 0.52915 0.63192
0.50114 0.71459 0.59322
0.45101 0.57349 0.68002
0.31736 0.60485 0.70945
0.63576 0.52238 0.43797
0.64577 0.50793 0.41920
0.56489 0.66512 0.48156
0.51751 0.51388 0.55771
0.52347 0.67153 0.35757
0.40954 0.50063 0.41442
0.37537 0.57832 0.62530
0.51008 0.68830 0.49282
0.44482 0.57596 0.53020
0.53297 0.54015 0.62601
0.54049 0.51278 0.61729
0.44573 0.58357 0.47889
0.48931 0.48894 0.42594
0.40600 0.45365 0.44158
0.40218 0.45840 0.36139
0.40548 0.64368 0.66846
0.46321 0.60599 0.59964
0.56750 0.54581 0.57087
0.32701 0.61179 0.70496
0.50075 0.46091 0.55140
0.41731 0.42986 0.43208
0.46690 0.67270 0.63080
0.27239 0.65783 0.58324
0.52584 0.51974 0.60341
0.43924 0.63637 0.54856
0.44302 0.53104 0.42845
0.35633 0.66197 0.63480
0.42073 0.54785 0.63943
0.62229 0.62303 0.43714
0.45329 0.66258 0.57967
0.61814 0.50783 0.46593
0.35530 0.46052 0.50438
0.51249 0.51830 0.70580
0.48819 0.55404 0.59048
0.35884 0.61773 0.52688
0.53184 0.50878 0.47215
0.47883 0.72114 0.51965
0.53538 0.62867 0.44366
0.55522 0.62623 0.53478
0.43033 0.52800 0.43319
0.63516 0.37239 0.42994
0.48079 0.60716 0.61253
0.47074 0.57553 0.61096
0.54616 0.46416 0.57568
0.52966 0.61682 0.53472
0.34726 0.48069 0.59177
0.42313 0.53699 0.72690
0.46441 0.56636 0.67786
0.35850 0.50948 0.49285
0.45731 0.55184 0.42734
0.51022 0.47478 0.51167
0.46871 0.46708 0.52645
0.56341 0.80624 0.48329
0.55345 0.55124 0.37708
0.56238 0.49375 0.60708
0.44032 0.49679 0.53725
0.60535 0.68569 0.41423
0.49195 0.33988 0.36347
0.61309 0.71154 0.38918
0.51964 0.55607 0.71978
0.49939 0.55749 0.58271
0.52264 0.61504 0.45094
0.45473 0.41841 0.38212
0.57659 0.47436 0.44462
0.49620 0.57406 0.64196
0.40132 0.50280 0.53413
0.48638 0.57990 0.59002
0.52996 0.63585 0.48528
0.41874 0.60837 0.56731
0.48671 0.60958 0.48086
0.58303 0.61560 0.50221
0.53708 0.54098 0.48964
0.54982 0.46089 0.45684
0.50079 0.71707 0.52223
0.61721 0.49337 0.41644
0.63637 0.65523 0.55250
0.56158 0.34222 0.37231
0.62424 0.60117 0.49746
0.47249 0.51003 0.55966
0.48528 0.60011 0.51409
0.39916 0.50659 0.54802
0.44477 0.65487 0.49183
0.52564 0.49231 0.50732
0.48651 0.42852 0.55192
0.50929 0.49375 0.44374
0.42457 0.59907 0.61687
0.54075 0.58443 0.50670
0.38351 0.57701 0.42571
0.60020 0.47847 0.42134
0.45462 0.49847 0.59402
0.31504 0.52853 0.62827
0.60508 0.48028 0.50269
0.57371 0.56354 0.45526
0.47767 0.62292 0.51932
0.44854 0.59717 0.47635
0.56673 0.56055 0.53263
0.58980 0.57805 0.46235
0.58041 0.56956 0.42767
0.56772 0.49664 0.42207
0.56646 0.46991 0.38208
0.40318 0.70421 0.64367
0.47863 0.47468 0.40748
0.62096 0.46210 0.52431
0.49696 0.47011 0.43519
0.54727 0.65884 0.51187
0.55489 0.49587 0.48607
0.45090 0.57215 0.51880
0.51085 0.60445 0.52619
0.52409 0.59284 0.58374
0.51077 0.65824 0.53541
0.60844 0.50323 0.55694
0.45351 0.57694 0.60800
0.51556 0.59273 0.47918
0.53226 0.54970 0.55873
0.53996 0.63158 0.44587
0.49978 0.58402 0.59642
0.45250 0.63061 0.61008
0.49321 0.57237 0.51239
0.65871 0.44857 0.37944
0.36848 0.50412 0.51313
0.39868 0.47002 0.50885
0.59676 0.57045 0.46376
0.41421 0.57392 0.65438
0.45014 0.49588 0.38591
0.42771 0.52896 0.44805
0.43304 0.54009 0.61692
0.57622 0.38756 0.34254
0.41087 0.56042 0.64070
0.50563 0.75234 0.52333
0.55859 0.43121 0.55733
0.51196 0.58128 0.44258
0.50688 0.55215 0.65762
0.50468 0.56236 0.45862
0.55587 0.68807 0.37432
0.44965 0.48121 0.49892
0.35669 0.45224 0.41521
0.46565 0.64295 0.70361
0.39984 0.45084 0.42491
0.48116 0.63033 0.59886
0.52159 0.65313 0.54893
0.46235 0.52762 0.55418
0.43611 0.54133 0.48740
0.56623 0.50676 0.42883
0.51747 0.51605 0.58808
0.58098 0.53076 0.51311
0.54585 0.55166 0.62254
0.53355 0.55474 0.34989
0.44150 0.48728 0.58875
0.50673 0.48516 0.48658
0.52721 0.65146 0.42389
0.50506 0.56559 0.54772
0.38399 0.55587 0.51849
0.42358 0.47886 0.49080
0.50254 0.41519 0.40313
0.46593 0.52401 0.50619
0.45826 0.48545 0.57995
0.41637 0.58240 0.71943
0.45311 0.56174 0.52830
0.41947 0.47061 0.39515
0.55902 0.48431 0.50068
0.43348 0.63375 0.61322
0.44552 0.61062 0.62174
0.55009 0.74129 0.43737
0.50832 0.70135 0.52175
0.60378 0.52723 0.44610
0.51214 0.61645 0.55064
0.53672 0.65331 0.53531
0.59837 0.62228 0.55726
0.53294 0.58907 0.55904
0.44321 0.50288 0.64558
0.51841 0.52361 0.73433
0.54282 0.55260 0.52786
0.35464 0.63171 0.59585
0.54847 0.53205 0.61863
0.44183 0.48363 0.48173
0.55671 0.52037 0.46179
0.52507 0.57974 0.37783
0.60224 0.50439 0.49345
0.49281 0.57792 0.57373
0.58218 0.34334 0.37345
0.53651 0.45173 0.36800
0.49878 0.64030 0.57573
0.44979 0.53469 0.42392
0.44022 0.57891 0.57948
0.59100 0.49670 0.42177
0.54821 0.48321 0.50028
0.48506 0.61963 0.42105
0.40569 0.62143 0.57992
0.51544 0.42457 0.33647
0.42459 0.60844 0.60442
0.58509 0.47712 0.37900
0.49859 0.72508 0.50336
0.46149 0.52065 0.53326
0.57467 0.59206 0.52649
0.55867 0.68627 0.45074
0.60522 0.56121 0.49155
0.60213 0.57693 0.58707
0.44111 0.46192 0.58552
0.58308 0.43156 0.45474
0.48045 0.48962 0.37968
0.61312 0.40607 0.59213
0.52282 0.52844 0.38123
0.50950 0.62406 0.41389
0.42052 0.62105 0.67020
0.49879 0.44415 0.51882
0.44224 0.44009 0.42837
0.55285 0.53757 0.48012
0.67699 0.42666 0.33566
0.45145 0.50780 0.61578
0.44379 0.71162 0.59534
0.44922 0.59092 0.65171
0.35836 0.55190 0.49366
0.44413 0.66788 0.55844
0.52384 0.53314 0.50258
0.45006 0.64057 0.57520
0.42797 0.55509 0.56083
0.54086 0.52455 0.40323
0.44408 0.64959 0.72130
0.41760 0.40307 0.45604
0.44860 0.53185 0.47720
0.53481 0.45526 0.34724
0.59141 0.59059 0.50806
0.35911 0.69158 0.68473
0.53878 0.49570 0.57060
0.34415 0.47566 0.62881
0.48483 0.60396 0.49064
0.41027 0.67674 0.59425
0.58930 0.58053 0.45457
0.45476 0.59719 0.49335
0.57780 0.64640 0.52288
0.43131 0.56946 0.55881
0.40668 0.51592 0.48190
0.39244 0.37496 0.51538
0.26007 0.72738 0.75156
0.54597 0.52615 0.52252
0.44425 0.46446 0.51333
0.55616 0.61290 0.53194
0.51701 0.51234 0.63941
0.54812 0.38804 0.55497
0.53930 0.52542 0.53122
0.50222 0.58598 0.60971
0.28462 0.59317 0.58707
0.50068 0.56455 0.67048
0.44616 0.63894 0.50096
0.63336 0.63458 0.37131
0.47173 0.54537 0.49960
0.48183 0.49074 0.44001
0.56031 0.44728 0.43833
0.56213 0.60131 0.47325
0.37660 0.63979 0.55538
0.43017 0.54409 0.54700
0.54491 0.48468 0.69203
0.50834 0.48548 0.36467
0.41900 0.62590 0.66067
0.32698 0.53105 0.62358
0.50017 0.62200 0.53391
0.52934 0.73371 0.51633
0.48522 0.56049 0.53628
0.47746 0.50723 0.47222
0.41802 0.59292 0.58453
0.43423 0.56803 0.78565
0.41318 0.56016 0.48787
0.48937 0.50754 0.54900
0.57101 0.44562 0.50337
0.49250 0.55037 0.51530
0.32887 0.63456 0.61467
0.28178 0.66706 0.66151
0.47863 0.61439 0.55963
0.55097 0.50227 0.46623
0.42688 0.46817 0.36906
0.46082 0.55448 0.65107
0.41038 0.54821 0.59078
0.51585 0.65737 0.55498
0.39983 0.62613 0.72817
0.51601 0.57785 0.46132
0.47979 0.53192 0.57482
0.52035 0.54969 0.65276
0.57864 0.52053 0.50971
0.54956 0.65934 0.56399
0.56017 0.57767 0.40152
0.46586 0.52827 0.56758
0.58907 0.51957 0.43047
0.54350 0.51333 0.40660
0.46520 0.70367 0.45871
0.48741 0.54276 0.50655
0.39212 0.62022 0.54991
0.55808 0.66944 0.39805
0.48933 0.70605 0.47314
0.43665 0.54350 0.55610
0.60212 0.46708 0.39625
0.48920 0.53503 0.38620
0.44695 0.56565 0.45451
0.52881 0.48226 0.48357
0.51083 0.56392 0.62218
0.44753 0.65988 0.49218
0.46386 0.57755 0.63496
0.52699 0.61986 0.51378
0.56403 0.68953 0.40747
0.42438 0.66996 0.61810
0.61302 0.50126 0.39649
0.53306 0.56709 0.55997
0.41344 0.54246 0.41208
0.53086 0.47281 0.42045
0.44219 0.50600 0.57899
0.38319 0.54687 0.59375
0.48603 0.51748 0.51918
0.58244 0.50492 0.37658
0.66497 0.75519 0.36074
0.63605 0.53335 0.40192
0.39961 0.63910 0.60718
0.48489 0.45793 0.37798
0.54013 0.60401 0.47294
0.51630 0.61670 0.62790
0.58328 0.58167 0.58484
0.48862 0.52303 0.50581
0.27683 0.45902 0.44000
0.50943 0.41118 0.58878
0.51261 0.48521 0.60580
0.70276 0.42888 0.38914
0.47165 0.48196 0.70063
0.47782 0.50301 0.44742
0.46421 0.48111 0.48079
0.68017 0.49232 0.52757
0.51614 0.45275 0.40581
0.50380 0.55617 0.51181
0.56403 0.56046 0.45072
0.52115 0.59683 0.56586
0.36599 0.52648 0.50682
0.45956 0.63554 0.56029
0.51672 0.50896 0.45467
0.37844 0.67663 0.58540
0.61251 0.65785 0.37654
0.28973 0.52438 0.43753
0.45745 0.52337 0.65864
0.47855 0.47200 0.47960
0.49140 0.59213 0.64483
0.43484 0.44655 0.62262
0.50811 0.60817 0.55223
0.59962 0.39785 0.33088
0.50989 0.46129 0.40311
0.54006 0.47400 0.46993
0.49644 0.60621 0.54884
0.56107 0.53105 0.56743
0.47581 0.47499 0.45019
0.35498 0.68944 0.68073
0.42432 0.56000 0.37400
0.52349 0.57668 0.52598
0.47047 0.54238 0.52491
0.36195 0.62580 0.72188
0.51827 0.50918 0.60256
0.40402 0.56406 0.54850
0.56322 0.55683 0.61167
0.56352 0.64875 0.57908
0.40003 0.53510 0.61052
0.50358 0.61724 0.61460
0.49347 0.44600 0.49825
0.53005 0.56934 0.58793
0.34820 0.68831 0.66825
0.52866 0.54658 0.46628
0.38350 0.63799 0.55715
0.49189 0.50332 0.57289
0.48735 0.63187 0.69153
0.52078 0.60597 0.62650
0.47589 0.69779 0.59969
0.47533 0.46017 0.46130
0.41407 0.63031 0.67412
0.51195 0.43381 0.47559
0.66785 0.43985 0.51007
0.49673 0.52997 0.62186
0.55366 0.51526 0.45993
0.47707 0.59870 0.46024
0.48356 0.54746 0.58613
0.50300 0.37425 0.35060
0.56747 0.41911 0.44847
0.63830 0.58815 0.40346
0.60304 0.58237 0.36792
0.58687 0.50468 0.53222
0.62708 0.47391 0.32310
0.51394 0.49223 0.50018
0.37467 0.49142 0.59909
0.46426 0.52348 0.48666
0.45398 0.64917 0.53728
0.45431 0.57983 0.60169
0.59806 0.64704 0.44815
0.49674 0.56217 0.57634
0.46627 0.57330 0.61160
0.52336 0.63276 0.51077
0.61533 0.44903 0.53442
0.52191 0.63699 0.47405
0.48357 0.58558 0.59978
0.52695 0.55899 0.52064
0.53242 0.52631 0.61700
0.55052 0.48186 0.52336
0.33327 0.57746 0.67621
0.57151 0.61270 0.51974
0.32092 0.70234 0.69684
0.52903 0.60789 0.50142
0.59091 0.51250 0.51432
0.48931 0.61779 0.54078
0.46827 0.55962 0.50058
0.39002 0.47911 0.48029
0.56450 0.43659 0.42921
0.52858 0.62694 0.52335
0.44223 0.60117 0.67748
0.41625 0.56589 0.58704
0.50493 0.52019 0.48519
0.44889 0.50851 0.51335
0.47047 0.54097 0.47996
0.49826 0.59597 0.51835
0.48515 0.57788 0.58564
0.53571 0.47445 0.53869
0.54712 0.52347 0.54668
0.55641 0.42881 0.33067
0.61241 0.56873 0.49939
0.35093 0.60874 0.51595
0.49552 0.58920 0.47928
0.43799 0.60095 0.52067
0.44342 0.60448 0.68101
0.62107 0.47563 0.49948
0.33993 0.60760 0.58687
0.37338 0.65948 0.66475
0.53066 0.55615 0.47049
0.43437 0.55880 0.53523
0.45895 0.53041 0.62914
0.62377 0.53887 0.46170
0.54956 0.42640 0.45683
0.65271 0.55692 0.41138
0.51180 0.47243 0.47738
0.49253 0.54430 0.53339
0.56731 0.51337 0.49809
0.51286 0.59087 0.51775
0.50136 0.48385 0.53137
0.44450 0.49845 0.40269
0.48347 0.53686 0.45739
0.44726 0.59325 0.51166
0.35779 0.54098 0.54389
0.54478 0.53995 0.52998
0.28207 0.68756 0.74832
0.60683 0.39991 0.52291
0.35727 0.54436 0.63087
0.39602 0.60206 0.60511
0.32592 0.64021 0.69845
0.63063 0.54877 0.44910
0.52147 0.53378 0.37231
0.34676 0.56759 0.55587
0.46355 0.59399 0.57376
0.36227 0.42884 0.55336
0.41361 0.47711 0.47594
0.43693 0.54229 0.57163
0.49768 0.52298 0.39171
0.41207 0.52829 0.48517
0.49026 0.64669 0.57221
0.58974 0.58894 0.51170
0.36392 0.58121 0.69155
0.45519 0.55844 0.58518
0.40350 0.52192 0.61441
0.44302 0.50072 0.57812
0.43373 0.51130 0.51957
0.45145 0.57435 0.56514
0.50474 0.61956 0.57669
0.38369 0.45618 0.63665
0.36561 0.72702 0.63284
0.54223 0.57413 0.39729
0.51400 0.53682 0.49974
0.45031 0.67529 0.61676
0.62877 0.70317 0.44000
0.64101 0.46837 0.62758
0.60470 0.46295 0.37469
0.40029 0.65443 0.55362
0.60849 0.44739 0.38802
0.49022 0.53447 0.63004
0.47393 0.46550 0.54844
0.39702 0.51958 0.49691
0.60014 0.39428 0.72374
0.48585 0.51927 0.56995
0.54506 0.55694 0.47133
0.54337 0.59798 0.41286
0.45220 0.47650 0.52022
0.46726 0.49767 0.63207
0.51447 0.49550 0.52131
0.59294 0.40492 0.37536
0.53612 0.49279 0.52133
0.53849 0.76121 0.41670
0.59354 0.60682 0.48601
0.46129 0.65060 0.55138
0.43397 0.56876 0.51654
0.53516 0.44605 0.59939
0.54918 0.59298 0.45808
0.48375 0.47749 0.37132
0.56900 0.58484 0.53777
0.58644 0.50799 0.57992
0.48827 0.60113 0.64280
0.37221 0.52689 0.63225
0.53849 0.48159 0.34204
0.47972 0.56747 0.53708
0.50010 0.41907 0.53273
0.36479 0.53354 0.47997
0.57956 0.47958 0.51285
0.49134 0.60756 0.66016
0.53350 0.49238 0.42416
0.54966 0.61612 0.45198
0.54206 0.54035 0.58121
0.43132 0.48148 0.58232
0.47886 0.60105 0.64303
0.58896 0.75603 0.47151
0.52461 0.58317 0.56805
0.37990 0.49035 0.55175
0.28164 0.57019 0.70997
0.46924 0.58843 0.40643
0.52480 0.66786 0.55480
0.45261 0.50982 0.60007
0.39095 0.48746 0.55138
0.51127 0.56630 0.53132
0.56561 0.64338 0.47576
0.54664 0.60481 0.56719
0.61708 0.45825 0.40746
0.40787 0.72359 0.70843
0.50283 0.68081 0.50749
0.52419 0.55624 0.47223
0.61405 0.43281 0.54693
0.38059 0.67107 0.65006
0.51940 0.58873 0.53813
0.50852 0.44169 0.54517
0.54902 0.55968 0.46858
0.39612 0.54765 0.58352
0.62582 0.63993 0.38182
0.52624 0.63280 0.45736
0.42561 0.50215 0.61354
0.61588 0.40534 0.45811
0.54691 0.48981 0.61322
0.43006 0.55163 0.62595
0.61506 0.52302 0.46821
0.53026 0.48528 0.52119
0.59456 0.47087 0.43889
0.39652 0.55151 0.55990
0.39640 0.58536 0.54632
0.34804 0.65743 0.66801
0.66128 0.50324 0.43949
0.50595 0.52924 0.46017
0.54734 0.47926 0.60149
0.57338 0.42088 0.57107
0.49680 0.59045 0.57913
0.49583 0.45840 0.50536
0.52836 0.55898 0.53348
0.48996 0.61838 0.60023
0.39035 0.72908 0.60878
0.37988 0.67950 0.71511
0.54629 0.50627 0.57519
0.44774 0.53422 0.32266
0.45459 0.50907 0.48976
0.54359 0.64805 0.44624
0.46361 0.57664 0.63489
0.34114 0.46444 0.47040
0.49466 0.57413 0.53008
0.37199 0.62333 0.58875
0.47859 0.49135 0.43161
0.56091 0.49480 0.40168
0.52684 0.64422 0.58155
0.56082 0.55637 0.42319
0.49209 0.50441 0.58044
0.50790 0.65308 0.48109
0.40949 0.59696 0.64878
0.55496 0.59802 0.38103
0.49036 0.61726 0.51317
0.48986 0.46141 0.42745
0.46836 0.65108 0.60261
0.54425 0.67419 0.47778
0.58688 0.49434 0.45997
0.61304 0.78139 0.43382
0.46775 0.58174 0.51194
0.40781 0.51849 0.60126
0.55871 0.45574 0.37927
0.51223 0.52021 0.67241
0.45288 0.70863 0.62314
0.50580 0.48799 0.57290
0.39672 0.54419 0.53504
0.44749 0.56243 0.63822
0.44084 0.47655 0.53685
0.51440 0.62203 0.57508
0.41782 0.50390 0.59140
0.54327 0.54122 0.42658
0.44384 0.60662 0.61571
0.46562 0.49658 0.63821
0.50092 0.48928 0.58546
0.55756 0.55407 0.52379
0.55395 0.54675 0.50557
0.41293 0.53905 0.68080
0.44070 0.61476 0.55870
0.53838 0.61718 0.47339
0.44793 0.63999 0.60795
0.52500 0.72415 0.61230
0.43934 0.51335 0.46369
0.52854 0.65170 0.56070
0.45347 0.55154 0.61774
0.53873 0.58352 0.49657
0.49317 0.60218 0.49519
0.52080 0.55646 0.57679
0.43862 0.56912 0.61382
0.50341 0.66395 0.54283
0.54671 0.46112 0.63144
0.49135 0.45115 0.58783
0.49478 0.43431 0.40817
0.55420 0.59116 0.51005
0.50424 0.59106 0.44459
0.42110 0.52929 0.60642
0.60709 0.47219 0.53868
0.45449 0.59517 0.58716
0.50565 0.58396 0.42535
0.50293 0.58388 0.55416
0.42981 0.44904 0.54617
0.58284 0.54381 0.43167
0.33997 0.71405 0.72617
0.44742 0.38627 0.61896
0.41330 0.50791 0.58498
0.31247 0.68818 0.71027
0.47349 0.58834 0.57641
0.47082 0.58354 0.45320
0.43003 0.64265 0.59062
0.40172 0.50941 0.68178
0.61587 0.58765 0.39354
0.49176 0.53394 0.78776
0.50413 0.47502 0.57861
0.55590 0.56344 0.54593
0.45744 0.63063 0.54403
0.49859 0.70494 0.58105
0.40810 0.64530 0.71370
0.58168 0.69120 0.49463
0.47961 0.51065 0.40124
0.62240 0.42910 0.48124
0.50212 0.59046 0.55418
0.56581 0.57993 0.50707
0.39025 0.73509 0.69851
0.44153 0.55040 0.45893
0.55437 0.62442 0.56693
0.50726 0.56406 0.63242
0.42594 0.60894 0.51462
0.55576 0.63853 0.49787
0.47608 0.64433 0.39686
0.46858 0.54617 0.63111
0.50842 0.63906 0.57381
0.38268 0.43584 0.43786
0.58443 0.41304 0.60462
0.31817 0.43250 0.50673
0.48088 0.60504 0.52155
0.47305 0.58611 0.47096
0.50013 0.44856 0.54096
0.52697 0.61820 0.58036
0.46939 0.65149 0.63360
0.48098 0.60990 0.49996
0.46482 0.54463 0.62009
0.47541 0.62132 0.52860
0.54765 0.56676 0.54610
0.51450 0.39307 0.37405
0.49762 0.60961 0.62095
0.50162 0.61837 0.54484
0.46638 0.53670 0.45187
0.45270 0.66059 0.56297
0.41512 0.60025 0.56580
0.51846 0.52786 0.48866
0.49558 0.60221 0.53617
0.45338 0.44206 0.45987
0.57244 0.65732 0.43804
0.49859 0.60265 0.64500
0.48911 0.49260 0.61400
0.44841 0.57965 0.44712
0.60048 0.61219 0.57116
0.51349 0.58981 0.61401
0.58321 0.75137 0.41318
0.46327 0.53138 0.53212
0.44131 0.44491 0.64272
0.41869 0.63607 0.74265
0.51925 0.52085 0.49167
0.59108 0.63642 0.50587
0.53126 0.61738 0.55809
0.53323 0.46712 0.50000
0.60036 0.53903 0.45328
0.46823 0.53447 0.56944
0.52085 0.52510 0.50537
0.40442 0.55319 0.59143
0.42794 0.58111 0.52448
0.57483 0.39535 0.33617
0.48212 0.53535 0.53939
0.49968 0.51090 0.52472
0.44222 0.51800 0.38485
0.58711 0.44515 0.43081
0.44734 0.53607 0.55665
0.45630 0.48016 0.45544
0.48376 0.56569 0.65441
0.52406 0.65756 0.45733
0.57163 0.56102 0.39586
0.55649 0.46690 0.41020
0.48102 0.43210 0.32389
0.53144 0.43188 0.45947
0.56175 0.58964 0.41133
0.54761 0.60334 0.46509
0.54382 0.52079 0.47388
0.58155 0.65850 0.41764
0.55624 0.50826 0.50193
0.34710 0.39882 0.47164
0.37564 0.57250 0.63671
0.43906 0.51024 0.58668
0.49962 0.49077 0.82259
0.45899 0.47096 0.48006
0.51768 0.58103 0.55570
0.53875 0.53848 0.44386
0.60853 0.51849 0.42398
0.55182 0.62239 0.50421
0.32326 0.57316 0.64609
0.38538 0.73730 0.72667
0.52278 0.52742 0.55892
0.35237 0.47552 0.57249
0.57267 0.56691 0.45321
0.43224 0.69964 0.68210
0.52304 0.44254 0.52984
0.46996 0.68090 0.61225
0.55534 0.48765 0.51553
0.38957 0.64242 0.57918
0.59313 0.63004 0.52864
0.57479 0.48940 0.54820
0.48158 0.56203 0.64354
0.41582 0.44162 0.53551
0.50135 0.60283 0.56991
0.35851 0.64993 0.58291
0.38583 0.50617 0.60701
0.49797 0.66530 0.42607
0.54361 0.63489 0.49691
0.51856 0.58801 0.52231
0.54110 0.63076 0.53633
0.53169 0.54934 0.56946
0.41240 0.66041 0.59713
0.45869 0.63214 0.54155
0.42914 0.70222 0.61082
0.54409 0.44695 0.36944
0.55048 0.52940 0.56228
0.50675 0.46785 0.33252
0.52307 0.61510 0.52494
0.60403 0.44413 0.62194
0.55909 0.58672 0.39151
0.46204 0.54675 0.38860
0.63186 0.51639 0.50993
0.59260 0.45327 0.67902
0.44581 0.68288 0.49671
0.47822 0.59083 0.73552
0.54890 0.75052 0.50434
0.48978 0.68327 0.52326
0.49085 0.55713 0.49713
0.46472 0.76929 0.60616
0.42722 0.56685 0.53316
0.43550 0.58860 0.63221
0.60945 0.66479 0.44715
0.42209 0.55860 0.52200
0.50144 0.52079 0.46559
0.39408 0.62746 0.52341
0.53394 0.58050 0.57817
0.44844 0.63060 0.45287
0.55621 0.58818 0.45615
0.64178 0.57012 0.43757
0.54408 0.58188 0.57083
0.56451 0.53934 0.44425
0.51519 0.41589 0.38802
0.50330 0.52419 0.69644
0.56190 0.72010 0.44150
0.32730 0.67164 0.64985
0.51070 0.53192 0.48201
0.45923 0.45386 0.47109
0.53858 0.59115 0.58812
0.51571 0.67644 0.53338
0.40698 0.48758 0.60694
0.44810 0.50017 0.59096
0.41477 0.50385 0.68248
0.36304 0.55917 0.63861
0.56565 0.47982 0.45893
0.47425 0.65032 0.68596
0.42228 0.63192 0.63471
0.54262 0.62004 0.41762
0.40264 0.68754 0.59600
0.42517 0.61918 0.59926
0.49109 0.55984 0.42503
0.58195 0.49827 0.52737
0.58035 0.50749 0.36499
0.56280 0.51053 0.42477
0.46092 0.62036 0.61156
0.38294 0.45442 0.58254
0.52194 0.58951 0.58526
0.49282 0.56721 0.53423
0.55083 0.45250 0.58059
0.42499 0.59257 0.56466
0.51776 0.57028 0.49025
0.51646 0.45395 0.45323
0.53796 0.50768 0.40361
0.50599 0.54165 0.44497
0.61879 0.52226 0.43661
0.44239 0.50657 0.55389
0.36287 0.63981 0.65813
0.41991 0.63697 0.65878
0.51422 0.59503 0.47617
0.54594 0.59555 0.48022
0.35002 0.67697 0.63657
0.56993 0.43768 0.52203
0.62741 0.44523 0.44805
0.62169 0.46649 0.40764
0.55927 0.53024 0.51575
0.54935 0.49394 0.55594
0.39402 0.62197 0.64887
0.49100 0.53157 0.55324
0.36106 0.63434 0.61967
0.54905 0.49602 0.63018
0.44270 0.59073 0.52386
0.55871 0.60704 0.48305
0.46215 0.51479 0.45614
0.46776 0.57024 0.46155
0.51586 0.61009 0.48245
0.42299 0.63675 0.68516
0.53046 0.57013 0.47107
0.58368 0.51961 0.58358
0.49144 0.50186 0.44169
0.40422 0.45750 0.55572
0.35008 0.47390 0.34653
0.55154 0.58075 0.57562
0.54483 0.59339 0.60919
0.56845 0.41265 0.55646
0.58513 0.54678 0.45050
0.56454 0.56780 0.58202
0.50891 0.65066 0.51236
0.48236 0.60311 0.60371
0.40817 0.50021 0.54990
0.67084 0.48473 0.45268
0.44591 0.54231 0.57142
0.40761 0.53601 0.57200
0.55785 0.52109 0.38647
0.55807 0.71464 0.43219
0.42778 0.45994 0.40011
0.56010 0.57037 0.42129
0.47491 0.44923 0.50306
0.46911 0.53843 0.53152
0.47432 0.64195 0.59612
0.33199 0.62659 0.65894
0.42328 0.52277 0.57077
0.45030 0.44069 0.47097
0.52407 0.55967 0.69973
0.46085 0.61479 0.51942
0.53522 0.50440 0.55791
0.53697 0.50426 0.56777
0.53638 0.52659 0.43905
0.47793 0.57031 0.57925
0.42543 0.62980 0.66430
0.52996 0.52886 0.46763
0.67128 0.53752 0.37765
0.39757 0.57870 0.46223
0.53064 0.52977 0.41700
0.37161 0.60680 0.60400
0.48193 0.55539 0.36931
0.46910 0.59061 0.48928
0.50735 0.58802 0.50553
0.52892 0.48349 0.73571
0.47801 0.59162 0.49577
0.55247 0.59733 0.61872
0.58519 0.50194 0.44181
0.56613 0.62649 0.46119
0.55529 0.57974 0.49600
0.61902 0.57091 0.42113
0.54649 0.46237 0.47815
0.26538 0.64093 0.75644
0.61696 0.63412 0.46049
0.52488 0.55384 0.48692
0.27666 0.69212 0.71587
0.52889 0.45453 0.45515
0.39885 0.67839 0.62134
0.38146 0.46536 0.60223
0.50624 0.61364 0.58913
0.57345 0.48288 0.52071
0.45347 0.46162 0.44844
