20
-13 -5 4 13 20 23 20 13 4 -5 -13 -21 -30 -38 -46 -47 -46 -39 -30 -21
-6 1 11 19 28 30 27 20 12 2 -5 -13 -21 -30 -37 -41 -38 -31 -23 -14
-3 5 15 25 33 36 34 28 20 11 5 -4 -12 -22 -30 -32 -31 -25 -18 -9
-3 4 14 25 35 37 38 36 28 20 13 6 -4 -13 -20 -24 -25 -20 -15 -8
-7 2 11 24 35 37 38 37 36 28 21 12 4 -5 -13 -18 -19 -17 -13 -10
-13 -4 6 20 32 37 37 37 37 30 22 15 7 -1 -8 -13 -14 -14 -13 -12
-18 -11 0 13 26 37 37 38 34 27 21 14 5 -1 -7 -10 -13 -13 -15 -15
-22 -14 -4 10 21 31 35 33 27 20 13 7 1 -5 -8 -11 -12 -13 -14 -18
-22 -14 -4 8 19 27 28 26 20 11 5 -2 -8 -11 -12 -12 -11 -11 -13 -16
-19 -11 -2 9 19 23 23 19 10 3 -5 -11 -16 -18 -16 -13 -10 -8 -9 -12
-12 -4 5 13 20 22 20 13 4 -5 -13 -19 -22 -23 -18 -13 -6 -3 -3 -6
-5 3 10 19 23 23 18 9 -1 -11 -19 -25 -29 -26 -21 -13 -5 2 3 1
5 11 19 25 28 26 18 8 -5 -14 -22 -28 -32 -29 -24 -14 -5 1 4 4
13 20 27 33 35 30 21 9 -4 -14 -23 -28 -33 -31 -27 -19 -10 -2 1 2
21 27 34 37 38 37 27 13 0 -11 -18 -26 -30 -32 -30 -24 -16 -10 -6 -5
22 31 37 37 38 38 31 20 6 -4 -13 -20 -26 -30 -32 -31 -26 -20 -16 -13
21 27 36 38 37 37 34 24 11 1 -6 -13 -21 -29 -34 -37 -35 -30 -25 -22
13 20 29 37 38 37 36 25 14 5 -3 -10 -20 -29 -38 -42 -43 -40 -33 -28
4 11 21 28 35 36 32 25 15 5 -2 -10 -20 -30 -40 -45 -47 -43 -37 -30
-4 2 12 20 27 30 27 20 11 2 -7 -14 -24 -33 -42 -48 -48 -43 -34 -26
