1000 12 31
631 2220 2870 3808 4660 5557 7953 8473 8963 9875 11768 13693 15641 15747 16353 17619 19969 21984 28750 35412 35904 36402 39582 49082 52979 53636 54090 69441 72038 92216 111525
1219 1279 1497 2219 3792 4606 7481 9725 10824 11642 12424 13229 13830 14167 14198 16408 17338 17785 18099 19858 25333 26217 27181 37667 41205 46465 50055 51453 75835 90976 136768
137 1524 2204 5984 6468 6849 7184 7531 7540 7708 8561 10099 11573 13661 15506 15817 16344 17848 20222 23216 24644 24837 27188 29875 38037 50316 62192 77226 78749 88144 149382
3692 4534 4627 4922 8905 11396 12042 15240 15282 15578 16212 16829 24193 24491 27744 28290 31185 32725 33923 35289 38407 38671 40912 41810 42547 46095 50168 51847 58773 69353 74479
606 1518 2741 3574 4122 4149 4787 7216 9205 12057 13839 14496 19234 22056 22081 22101 26476 27700 28746 28760 29278 30684 35391 41896 43419 47187 48151 60171 64273 81097 106853
42 2775 3182 4100 4371 4982 5572 7162 10368 11163 14070 14284 14694 14897 15676 16135 17354 18769 21022 25104 25964 28616 31761 35717 40031 46941 49055 53842 62853 99876 157605
488 1023 1873 2264 7144 7777 8962 13506 16291 16296 16922 16923 17177 20176 20576 25018 25863 26709 26799 27038 27537 32451 39904 40002 41350 45491 48208 49211 64857 85264 89973
163 314 1512 3177 4809 8715 9182 9202 10138 12044 12121 13235 13497 13872 13884 14738 20129 22833 22908 24873 25647 27098 32659 35016 54586 54940 63489 64135 93015 102078 141381
143 1083 4481 6817 8195 8991 9768 10279 14815 15077 15625 16680 17228 18191 19631 19936 21382 21559 23332 24710 36503 36936 45497 45502 48408 49507 50068 61980 71830 92808 96387
201 325 2412 2798 3388 4280 6264 8248 9626 11097 13178 13531 14635 18225 19546 23623 24970 25693 27414 33665 34832 35718 38373 43525 51267 53513 58194 64354 71530 78305 86520
31 5966 6563 6961 8215 8832 10851 11978 12207 12237 13067 15089 15529 18319 18790 20752 27094 27461 30444 30805 30948 32238 44779 51482 54317 54921 56627 59449 65269 65350 74877
398 1159 1945 2478 3161 4525 4727 4887 6686 8488 11605 11949 13306 14689 15266 15449 15770 18214 18346 21570 28995 35832 41771 52436 53778 55413 61229 72834 78698 88421 138605
