1000 28 12
19892 38408 38727 49868 63667 65232 72722 74089 126349 142819 149012 157888
11627 13799 21952 22550 37303 58056 67152 95307 97650 128557 170539 272696
14 12781 21046 34345 37297 50770 52332 115319 127983 170692 181204 193561
2025 4092 6061 11099 24223 38230 61624 93168 120175 171188 212310 252203
9008 9355 12104 31438 41476 62911 74339 90314 108397 149189 201885 206693
3661 16739 38420 41087 42503 59683 65414 91938 129948 152793 154606 200430
8192 15983 26232 28956 58944 63717 65168 77139 86606 99360 231491 236062
7411 12537 26234 37864 39929 53054 83347 106087 118187 137136 180825 194073
855 2569 3606 6404 43659 47851 64703 87735 122176 154004 223180 241127
10481 16741 21903 44810 46664 56448 85650 112879 120442 121369 175796 185478
2769 6008 8923 13878 32098 38776 47839 83431 122482 156005 209455 276764
2718 19562 33789 42172 46660 71696 75729 75961 109031 118872 150795 249894
9316 36364 40333 40487 48585 51146 53681 80095 93146 117724 142902 284556
15922 20900 21837 23742 33676 58261 73237 80656 82470 100722 211440 273750
1826 7684 9334 21065 34422 40076 58932 85527 117454 178077 208381 234436
4656 23096 45708 51050 60459 69637 76852 82187 84059 155142 157788 186583
16238 21091 22545 24010 24606 30628 50273 100759 112723 133392 153480 307239
11217 12749 20810 27890 39621 57875 70894 75589 99227 130493 162187 289456
3653 8703 13351 19081 26265 31243 77338 80405 83280 124289 236240 293817
9349 10870 39805 69225 74045 81579 96934 102658 110798 115539 118550 168250
245 3146 28706 35866 40023 49185 80060 99102 111582 138921 199429 212310
1362 28448 33514 44501 45215 56568 68887 69688 109637 130209 193914 214776
969 9097 17202 21821 43923 58393 84086 87311 98889 105749 220249 250235
10407 26195 37872 43913 44375 49028 69349 77581 115312 143475 175065 204489
4073 10869 12983 41330 50159 67852 73198 80499 124893 154549 176335 200850
1913 16445 26811 32518 43888 55433 93476 104051 112331 161191 165798 183287
20 5285 10564 27793 34143 42852 42973 105430 155705 165766 166609 239506
8062 13383 13847 17328 23205 23685 87054 118259 145503 156298 183618 208244
