934
1683 0 3 1
190 0 4 1
2591 0 5 1
4273 0 6 1
3846 0 7 1
1856 0 8 1
3862 0 9 1
4203 0 10 1
728 0 13 1
4107 0 14 1
4695 0 15 1
1942 0 16 1
3148 0 19 1
4599 1 1 1
3126 1 2 1
1379 1 3 1
3558 1 10 1
4468 1 12 1
3106 1 13 1
2045 1 18 1
2321 1 19 1
4200 2 1 1
408 2 2 1
545 2 5 1
4845 2 7 1
3942 2 8 1
3011 2 9 1
143 2 10 1
1206 2 15 1
1594 2 16 1
2075 2 17 1
4567 3 4 1
1399 3 5 1
239 3 7 1
554 3 8 1
3127 3 12 1
3361 3 13 1
1315 3 16 1
4753 3 17 1
4318 3 19 1
352 4 1 1
1804 4 2 1
1971 4 3 1
2879 4 7 1
3915 4 8 1
3664 4 10 1
2715 4 12 1
1964 4 13 1
4216 4 15 1
286 4 16 1
7 4 17 1
4685 4 19 1
4615 5 1 1
4454 5 2 1
1975 5 3 1
3988 5 5 1
2122 5 7 1
591 5 8 1
351 5 10 1
2747 5 19 1
1891 6 10 1
2292 6 12 2
3122 6 13 2
1119 6 14 2
3290 6 15 2
4797 6 16 2
856 6 17 2
3117 6 19 2
801 7 1 2
1791 7 2 2
4952 7 3 2
999 7 5 2
1215 7 7 2
2411 7 8 2
1836 7 10 2
4403 7 14 2
1001 7 15 2
3958 7 16 2
2474 7 17 2
1044 8 1 2
1864 8 2 2
282 8 3 2
551 8 5 2
4459 8 7 2
1940 8 8 2
3453 8 9 2
3920 8 10 2
335 8 12 2
4951 8 17 2
2674 8 18 2
3837 8 19 2
301 9 1 2
1409 9 5 2
3083 9 12 2
4229 9 13 2
341 9 19 2
1610 10 1 2
1823 10 3 2
4910 10 5 2
482 10 6 2
4811 10 7 2
840 10 8 2
3511 10 9 2
4265 10 10 2
2911 10 14 2
607 10 16 2
780 10 17 2
4002 10 19 2
3849 11 1 2
3985 11 3 2
3566 11 4 2
3459 11 5 2
3356 11 6 2
1484 11 8 2
3431 11 9 2
3425 11 12 2
2111 11 14 2
2627 11 16 2
3074 11 17 2
2918 12 3 2
4694 12 6 2
4381 6 10 3
1234 12 8 3
1519 12 10 3
2173 12 11 3
1532 12 12 3
2683 12 15 3
4160 12 16 3
2945 12 17 3
1773 12 18 3
4449 13 1 3
491 13 18 3
4957 13 19 3
3922 14 1 3
784 14 2 3
90 14 4 3
4543 14 5 3
19 14 6 3
2115 14 7 3
4539 14 8 3
499 14 9 3
3102 14 11 3
3000 14 13 3
943 14 15 3
2699 14 16 3
1071 14 17 3
3402 14 18 3
3571 14 19 3
2284 15 1 3
2895 15 2 3
2345 15 9 3
3617 15 10 3
3992 15 11 3
4093 15 13 3
2812 16 1 3
3025 16 2 3
387 16 4 3
1654 16 5 3
4835 16 7 3
462 16 9 3
704 16 10 3
2871 16 11 3
646 16 13 3
893 16 15 3
4928 16 17 3
3523 12 3 4
1367 12 6 4
262 16 18 4
2456 16 19 4
3715 17 1 4
548 17 2 4
3082 17 5 4
3128 17 7 4
3723 17 9 4
157 17 13 4
2188 17 15 4
1307 17 17 4
3279 17 18 4
4870 17 19 4
417 18 3 4
2176 18 4 4
4023 18 5 4
4520 18 7 4
3210 18 10 4
338 18 11 4
2690 18 13 4
4305 18 15 4
4333 19 0 4
4735 19 1 4
4940 19 4 4
2158 19 5 4
103 19 7 4
2805 19 8 4
4503 19 9 4
4488 19 10 4
1562 19 13 4
1487 19 15 4
1542 19 16 4
4817 19 17 4
568 19 18 4
712 19 19 4
2954 5 10 5
1131 5 19 5
25 16 17 5
4089 5 8 6
66 11 8 6
414 11 9 6
4232 11 12 6
2998 11 14 6
4722 11 16 6
3447 11 17 6
4596 16 13 6
20 16 15 6
285 4 17 7
1667 4 19 7
4508 5 1 7
3107 5 2 7
2716 5 3 7
3395 5 5 7
2178 5 7 7
304 10 16 7
4486 10 17 7
2706 10 19 7
987 11 1 7
4142 11 3 7
4020 11 4 7
2598 11 5 7
1475 11 6 7
3619 4 8 8
1581 4 10 8
1918 4 12 8
1717 4 13 8
4607 4 15 8
3434 4 16 8
340 10 7 8
466 10 8 8
2343 10 9 8
2002 10 10 8
615 10 14 8
4938 16 5 8
2261 16 7 8
488 16 9 8
279 16 10 8
3323 16 11 8
4738 3 16 9
4163 3 17 9
234 3 19 9
2984 4 1 9
4756 4 2 9
1929 4 3 9
3508 4 7 9
2937 9 19 9
4132 10 1 9
3811 10 3 9
1321 10 5 9
1497 10 6 9
1253 3 7 10
4671 3 8 10
4028 3 12 10
2771 3 13 10
4103 9 5 10
2579 9 12 10
4719 9 13 10
2061 16 1 10
818 16 2 10
533 16 4 10
372 2 17 11
4016 3 4 11
522 3 5 11
1700 8 19 11
1444 9 1 11
2920 15 2 11
664 15 9 11
4482 15 10 11
3787 15 11 11
816 15 13 11
4616 2 8 12
3342 2 9 12
1624 2 10 12
4375 2 15 12
2378 2 16 12
1731 8 17 12
2286 8 18 12
1121 14 18 12
3845 14 19 12
3802 15 1 12
4141 2 5 13
1530 2 7 13
2600 8 8 13
1740 8 9 13
2629 8 10 13
244 8 12 13
427 14 16 13
2857 14 17 13
4822 1 13 14
1722 1 18 14
1737 1 19 14
4413 2 1 14
44 2 2 14
2074 8 3 14
3732 8 5 14
4947 8 7 14
398 14 7 14
3977 14 8 14
3882 14 9 14
2189 14 11 14
4090 14 13 14
3380 14 15 14
3287 19 17 14
3966 19 18 14
4170 19 19 14
1112 1 12 15
434 8 1 15
11 8 2 15
2825 14 4 15
3866 14 5 15
4128 14 6 15
1053 19 16 15
2213 1 2 16
4076 1 3 16
153 1 10 16
3879 13 19 16
557 14 1 16
2172 14 2 16
779 19 7 16
2240 19 8 16
2455 19 9 16
318 19 10 16
4575 19 13 16
1184 19 15 16
4270 0 19 17
2252 1 1 17
2688 7 16 17
2729 7 17 17
3877 13 1 17
3530 13 18 17
1210 18 15 17
1761 19 0 17
2391 19 1 17
2655 19 4 17
1256 19 5 17
2355 0 15 18
216 0 16 18
2675 7 15 18
1301 18 5 18
1932 18 7 18
3983 18 10 18
2116 18 11 18
3298 18 13 18
3585 0 14 19
4563 12 16 19
1809 12 17 19
4275 12 18 19
302 17 18 19
3359 17 19 19
1694 18 3 19
1945 18 4 19
1043 0 8 20
925 0 9 20
1931 0 10 20
1572 0 13 20
4750 7 7 20
3119 7 8 20
1021 7 10 20
2200 7 14 20
1617 17 13 20
1397 17 15 20
2476 17 17 20
3720 7 5 21
2516 12 15 21
804 0 7 22
3412 12 12 22
3413 17 7 22
2633 17 9 22
392 7 3 23
133 7 1 24
2144 7 2 24
3457 9 13 24
4085 12 11 24
69 16 1 24
4550 16 2 24
4519 16 4 24
2840 17 5 25
2165 0 6 26
2562 6 19 26
3556 9 12 26
4779 11 17 26
4639 16 11 26
1395 16 13 26
3096 16 15 26
368 3 13 27
2478 9 5 27
515 12 10 27
2548 16 5 27
4579 16 7 27
4213 16 9 27
2056 16 10 27
4253 16 17 27
2681 17 2 27
903 0 5 28
2936 6 17 28
3921 11 6 28
1866 3 12 29
4045 6 16 29
2554 11 3 29
2198 11 4 29
3907 11 5 29
2466 15 11 29
3486 15 13 29
3258 16 19 29
2066 17 1 29
1851 19 19 29
2027 9 19 30
3239 10 1 30
699 10 3 30
52 10 5 30
107 10 6 30
1659 10 9 30
2944 10 10 30
446 10 14 30
1894 10 19 30
3871 11 1 30
3965 15 1 30
191 19 17 30
4720 19 18 30
3534 0 4 31
1673 4 3 31
2403 4 7 31
4199 11 16 31
4583 12 8 31
2826 14 13 31
3903 14 15 31
1238 14 19 31
593 19 15 31
3652 0 3 32
3875 4 15 32
4521 4 16 32
4276 6 15 32
1255 10 7 32
2971 10 8 32
4261 10 16 32
2799 10 17 32
4184 11 14 32
4228 14 8 32
4930 14 9 32
4224 14 11 32
3221 14 17 32
493 16 18 32
742 19 10 32
4815 19 13 32
4269 4 2 33
1663 5 19 33
407 8 7 33
1453 8 18 33
2076 14 7 33
1987 14 18 33
1294 15 10 33
4290 19 9 33
1789 4 1 34
562 6 10 34
202 8 5 34
1641 12 3 34
1995 12 6 34
2121 18 11 34
3351 18 13 34
1558 19 7 34
465 19 8 34
923 5 5 35
2906 5 7 35
838 14 16 35
3901 15 9 35
4770 2 16 36
3872 4 12 36
3818 4 13 36
97 5 3 36
4194 8 3 36
377 8 17 36
977 11 12 36
594 15 2 36
544 2 15 37
3418 8 12 37
3183 11 9 37
1671 18 10 37
1674 2 2 38
4394 3 8 38
937 14 1 38
4136 14 2 38
2921 18 7 38
3535 19 5 38
4098 19 16 38
152 4 10 39
4918 8 10 39
1873 14 6 39
1829 17 17 39
4193 19 0 39
4363 19 1 39
1721 19 4 39
1374 3 19 40
256 7 15 40
2669 8 9 40
3408 14 4 40
485 14 5 40
961 17 13 40
4826 17 15 40
1138 18 5 40
3678 18 15 40
3159 4 8 41
1376 9 1 41
260 13 18 41
1548 18 3 41
2637 18 4 41
2786 5 2 42
1585 7 14 42
2095 8 2 42
1336 8 19 42
2819 13 1 42
2915 3 17 43
2953 7 10 43
3400 8 8 43
1768 0 16 44
4063 3 5 44
1371 17 18 44
2118 17 19 44
2808 3 7 45
4598 7 8 45
614 12 17 45
1002 12 18 45
3880 13 19 45
3839 16 1 45
2006 16 2 45
3052 16 4 45
3696 2 7 46
3438 4 19 46
4021 5 1 46
2940 17 2 46
4161 19 18 46
3207 2 1 47
2927 7 17 47
3620 11 8 47
4687 17 1 47
758 19 17 47
2604 19 19 47
3166 11 1 48
4296 15 1 48
603 16 10 48
1450 16 17 48
4924 1 10 49
399 3 4 49
3592 4 17 49
4396 7 7 49
4948 16 11 49
3040 16 13 49
4703 16 15 49
3063 16 19 49
1466 19 10 49
2807 19 13 49
743 6 14 50
1636 10 19 50
2204 12 11 50
2950 14 9 50
585 14 11 50
3782 14 17 50
3029 15 13 50
1996 16 7 50
3026 16 9 50
1598 16 18 50
230 17 9 50
2785 6 13 51
3874 10 14 51
4169 11 17 51
3008 14 8 51
4030 17 5 51
3514 19 9 51
1194 1 19 52
2150 3 16 52
2787 11 14 52
891 12 12 52
1627 14 18 52
4531 15 10 52
761 16 5 52
4480 17 7 52
4963 19 15 52
1350 0 15 53
160 6 12 53
3058 7 16 53
300 10 10 53
1890 10 16 53
3199 10 17 53
810 11 6 53
3744 12 16 53
4675 14 7 53
1375 14 19 53
773 15 11 53
3519 0 13 54
4272 7 2 54
40 9 13 54
3030 10 5 54
1139 10 6 54
4875 10 8 54
3650 10 9 54
4056 11 5 54
2080 12 10 54
1441 19 8 54
723 1 3 55
3591 12 8 55
4935 14 13 55
831 14 15 55
2887 18 13 55
4743 19 7 55
1316 4 7 56
3772 7 1 56
3041 8 1 56
78 8 18 56
4628 11 16 56
4185 18 11 56
3800 0 7 57
4709 8 7 57
2250 10 7 57
3055 12 6 57
3283 1 1 58
358 4 16 58
205 6 15 58
4212 9 12 58
2488 10 3 58
2489 12 15 58
4148 15 2 58
3370 5 19 59
3151 11 12 59
2861 12 3 59
3294 13 1 59
2367 2 5 60
682 2 10 60
3695 4 3 60
847 4 15 60
4786 8 19 60
3291 11 4 60
2402 8 2 61
4559 8 5 61
2733 11 3 61
4842 18 10 61
4095 19 5 61
431 19 16 61
1181 8 17 62
643 10 1 62
3505 15 9 62
2063 18 4 62
4463 18 7 62
2689 5 3 63
2003 5 10 63
3948 8 3 63
1639 13 18 63
535 14 2 63
2802 14 16 63
1850 18 3 63
4541 0 3 64
2889 0 4 64
690 1 12 64
3476 2 9 64
589 7 14 64
30 18 15 64
3761 19 4 64
3688 19 18 64
2538 6 10 65
3154 6 19 65
4939 9 1 65
3670 16 2 65
4659 16 4 65
4586 17 2 65
2905 17 15 65
707 18 5 65
413 19 1 65
2436 5 7 66
4556 6 16 66
1420 14 1 66
653 16 1 66
1591 16 9 66
1245 16 18 66
1435 17 9 66
1286 17 13 66
4576 17 19 66
817 19 0 66
648 3 8 67
2120 4 13 67
2813 6 17 67
916 7 5 67
497 15 13 67
2549 16 7 67
2552 4 8 68
2319 5 1 68
1579 5 2 68
4259 14 5 68
3956 17 5 68
3189 17 17 68
1924 17 18 68
4383 19 9 68
3264 19 15 68
2673 19 19 68
3002 0 19 69
2040 2 17 69
4372 3 5 69
503 14 4 69
2724 16 5 69
3468 17 7 69
4804 19 13 69
2298 19 17 69
1405 2 2 70
101 5 5 70
242 8 8 70
2713 9 5 70
556 11 17 70
2740 13 19 70
2201 14 6 70
2368 14 8 70
3962 14 18 70
3010 15 10 70
100 0 10 71
3303 5 8 71
3060 12 12 71
94 16 13 71
3344 16 15 71
3111 16 17 71
2796 16 19 71
2424 19 10 71
3369 1 2 72
935 1 18 72
2315 4 19 72
2946 8 9 72
726 8 10 72
1957 10 14 72
1171 14 17 72
89 4 12 73
3501 9 19 73
3997 12 16 73
201 14 7 73
3931 14 9 73
2903 14 11 73
141 14 19 73
3616 15 11 73
918 16 11 73
771 17 1 73
3390 0 16 74
1258 3 12 74
4902 6 13 74
4808 7 15 74
4619 10 17 74
3607 11 5 74
4082 11 6 74
969 12 10 74
3927 12 11 74
2396 12 18 74
655 16 10 74
1727 19 8 74
629 7 7 75
132 7 10 75
2354 7 16 75
4536 10 9 75
2969 10 10 75
2287 10 16 75
3854 11 14 75
932 0 9 76
314 3 4 76
2558 3 16 76
3694 4 1 76
1233 4 17 76
2483 11 9 76
2722 12 17 76
3113 15 1 76
3569 0 6 77
1895 1 10 77
4446 1 19 77
3265 19 7 77
3625 11 8 78
1116 7 8 79
494 11 1 79
914 18 13 79
2849 19 1 79
333 2 16 80
4785 6 12 80
2215 7 17 80
2686 10 3 80
3595 12 15 80
2348 15 2 80
1306 18 5 80
4697 4 10 81
741 9 12 81
2376 10 19 81
1401 17 15 81
3764 0 14 82
3808 7 3 82
4151 14 15 82
4591 18 3 82
3766 19 5 82
50 19 16 82
1 0 15 83
3267 1 13 83
1433 2 7 83
4188 3 7 83
4477 13 18 83
3698 14 2 83
3531 14 13 83
3281 14 16 83
3707 17 2 83
487 0 5 84
2369 2 8 84
2196 6 14 84
2571 10 6 84
2546 10 8 84
1130 11 16 84
2815 13 1 84
622 16 4 84
3923 18 7 84
2537 18 11 84
2254 19 0 84
1963 19 15 84
3016 19 19 84
2643 3 19 85
3813 4 2 85
3756 8 3 85
3520 8 19 85
2614 11 4 85
2510 18 4 85
1122 18 10 85
3624 5 10 86
3302 8 18 86
939 12 8 86
2741 17 19 86
1167 19 10 86
2389 2 1 87
2641 4 3 87
2567 4 15 87
222 6 15 87
863 8 1 87
4000 8 12 87
129 10 5 87
2041 11 3 87
1994 16 19 87
3583 17 13 87
4301 1 3 88
331 4 16 88
1313 9 13 88
2810 12 3 88
2784 14 18 88
3718 15 10 88
3064 16 2 88
602 16 7 88
2168 17 9 88
1726 18 15 88
4922 19 4 88
4218 19 18 88
2446 3 13 89
3080 11 12 89
1149 12 6 89
2398 14 6 89
4783 14 8 89
492 15 13 89
4958 2 15 90
1843 5 19 90
4493 6 17 90
4437 7 5 90
4354 10 7 90
161 13 19 90
1622 16 9 90
2592 16 18 90
3316 19 9 90
3086 19 13 90
2760 19 17 90
1059 2 9 91
2038 3 17 91
2212 5 3 91
2732 6 19 91
327 7 14 91
1079 9 1 91
3809 9 5 91
1904 11 17 91
2203 15 9 91
3212 16 15 91
3996 16 17 91
3396 17 17 91
3246 17 18 91
2653 0 4 92
1424 1 12 92
1983 2 10 92
3336 5 2 92
693 7 1 92
887 8 8 92
1088 10 1 92
1467 14 5 92
2559 14 17 92
67 16 5 92
3477 16 13 92
2159 17 5 92
1872 17 7 92
84 2 5 93
220 5 1 93
2597 6 10 93
789 8 5 93
1236 8 7 93
1517 8 17 93
1933 10 14 93
2490 14 4 93
2893 15 11 93
980 16 11 93
3763 17 1 93
2580 19 8 93
3472 1 1 94
807 12 18 94
2139 14 19 94
4745 15 1 94
581 16 10 94
1959 3 5 95
3007 14 7 95
4474 14 9 95
1734 14 11 95
2015 16 1 95
2994 19 1 95
2237 0 7 96
2439 0 8 96
3304 1 19 96
3602 4 7 96
3853 4 8 96
2711 4 13 96
3452 4 17 96
3884 5 7 96
600 5 8 96
1961 6 16 96
2035 8 9 96
4506 8 10 96
478 0 10 97
1361 1 10 97
1576 4 1 97
4001 7 2 97
138 11 1 97
4632 0 3 98
4691 2 17 98
