0 721 1000 728
0 662 1000 674
0 728 1000 741
0 645 1000 662
0 674 1000 721
0 532 1000 588
0 588 1000 645
0 404 1000 532
0 0 1000 201
0 201 1000 404
0 706 1000 718
0 718 1000 734
0 679 1000 706
0 594 1000 626
0 545 1000 594
0 788 1000 839
0 626 1000 679
0 734 1000 788
0 281 1000 545
0 0 1000 281
0 727 1000 735
0 719 1000 727
0 704 1000 719
0 677 1000 704
0 639 1000 677
0 591 1000 639
0 497 1000 591
0 365 1000 497
0 190 1000 365
0 0 1000 190
0 695 1000 706
0 633 1000 649
0 706 1000 723
0 516 1000 556
0 649 1000 695
0 440 1000 516
0 556 1000 633
0 0 1000 138
0 291 1000 440
0 138 1000 291
0 821 1000 828
0 753 1000 776
0 776 1000 821
0 828 1000 874
0 685 1000 753
0 486 1000 555
0 387 1000 486
0 555 1000 685
0 248 1000 387
0 0 1000 248
