0 957 1000 965
0 909 1000 922
0 486 1000 517
0 517 1000 549
0 922 1000 957
0 767 1000 805
0 723 1000 767
0 549 1000 595
0 805 1000 857
0 857 1000 909
0 595 1000 656
0 656 1000 723
0 362 1000 486
0 0 1000 170
0 170 1000 362
0 881 1000 884
0 918 1000 930
0 865 1000 881
0 639 1000 662
0 834 1000 865
0 884 1000 918
0 501 1000 535
0 734 1000 783
0 783 1000 834
0 443 1000 501
0 662 1000 734
0 535 1000 639
0 151 1000 260
0 0 1000 151
0 260 1000 443
0 822 1000 823
0 686 1000 689
0 818 1000 822
0 908 1000 919
0 883 1000 908
0 640 1000 686
0 769 1000 818
0 823 1000 883
0 572 1000 640
0 498 1000 572
0 689 1000 769
0 279 1000 361
0 161 1000 279
0 361 1000 498
0 0 1000 161
0 942 1000 945
0 945 1000 950
0 962 1000 970
0 950 1000 962
0 778 1000 792
0 874 1000 897
0 792 1000 816
0 897 1000 942
0 642 1000 690
0 816 1000 874
0 690 1000 778
0 520 1000 642
0 246 1000 380
0 380 1000 520
0 0 1000 246
0 880 1000 894
0 937 1000 956
0 855 1000 880
0 718 1000 748
0 817 1000 855
0 894 1000 937
0 592 1000 641
0 534 1000 592
0 388 1000 446
0 748 1000 817
0 641 1000 718
0 446 1000 534
0 288 1000 388
0 161 1000 288
0 0 1000 161
0 820 1000 824
0 659 1000 676
0 940 1000 958
0 919 1000 940
0 744 1000 769
0 623 1000 659
0 873 1000 919
0 824 1000 873
0 769 1000 820
0 676 1000 744
0 132 1000 235
0 378 1000 493
0 493 1000 623
0 0 1000 132
0 235 1000 378
0 933 1000 934
0 956 1000 958
0 929 1000 933
0 877 1000 897
0 934 1000 956
0 849 1000 877
0 897 1000 929
0 695 1000 734
0 655 1000 695
0 792 1000 849
0 734 1000 792
0 581 1000 655
0 271 1000 412
0 412 1000 581
0 0 1000 271
0 708 1000 713
0 854 1000 863
0 894 1000 904
0 863 1000 874
0 904 1000 917
0 874 1000 894
0 763 1000 791
0 713 1000 763
0 791 1000 854
0 486 1000 554
0 634 1000 708
0 554 1000 634
0 251 1000 364
0 364 1000 486
0 0 1000 251
0 919 1000 920
0 804 1000 808
0 778 1000 804
0 681 1000 714
0 457 1000 496
0 920 1000 969
0 808 1000 863
0 863 1000 919
0 714 1000 778
0 372 1000 457
0 496 1000 584
0 584 1000 681
0 266 1000 372
0 135 1000 266
0 0 1000 135
0 941 1000 948
0 929 1000 941
0 727 1000 745
0 844 1000 864
0 822 1000 844
0 745 1000 775
0 775 1000 822
0 673 1000 727
0 864 1000 929
0 418 1000 494
0 494 1000 571
0 571 1000 673
0 302 1000 418
0 0 1000 145
0 145 1000 302
0 942 1000 948
0 933 1000 942
0 923 1000 933
0 842 1000 853
0 676 1000 692
0 692 1000 721
0 721 1000 776
0 776 1000 842
0 853 1000 923
0 605 1000 676
0 403 1000 487
0 152 1000 240
0 487 1000 605
0 0 1000 152
0 240 1000 403
0 841 1000 843
0 914 1000 920
0 906 1000 914
0 824 1000 841
0 920 1000 943
0 843 1000 869
0 869 1000 906
0 564 1000 605
0 424 1000 487
0 359 1000 424
0 487 1000 564
0 605 1000 712
0 712 1000 824
0 228 1000 359
0 0 1000 228
0 900 1000 904
0 691 1000 697
0 862 1000 870
0 870 1000 879
0 791 1000 804
0 879 1000 900
0 659 1000 691
0 624 1000 659
0 697 1000 735
0 735 1000 791
0 804 1000 862
0 325 1000 451
0 186 1000 325
0 451 1000 624
0 0 1000 186
0 887 1000 888
0 843 1000 862
0 824 1000 843
0 862 1000 887
0 699 1000 729
0 669 1000 699
0 888 1000 926
0 224 1000 300
0 394 1000 472
0 583 1000 669
0 300 1000 394
0 729 1000 824
0 126 1000 224
0 472 1000 583
0 0 1000 126
0 805 1000 806
0 890 1000 908
0 867 1000 890
0 569 1000 593
0 837 1000 867
0 806 1000 837
0 412 1000 447
0 593 1000 629
0 765 1000 805
0 698 1000 765
0 629 1000 698
0 331 1000 412
0 244 1000 331
0 447 1000 569
0 0 1000 244
0 903 1000 915
0 915 1000 928
0 662 1000 690
0 523 1000 555
0 555 1000 589
0 864 1000 903
0 690 1000 736
0 816 1000 864
0 473 1000 523
0 589 1000 662
0 284 1000 363
0 736 1000 816
0 177 1000 284
0 363 1000 473
0 0 1000 177
0 752 1000 753
0 824 1000 828
0 912 1000 917
0 917 1000 928
0 844 1000 856
0 738 1000 752
0 828 1000 844
0 856 1000 874
0 874 1000 912
0 580 1000 646
0 753 1000 824
0 646 1000 738
0 473 1000 580
0 303 1000 473
0 0 1000 303
0 944 1000 946
0 939 1000 944
0 831 1000 845
0 894 1000 911
0 776 1000 793
0 759 1000 776
0 911 1000 939
0 793 1000 831
0 845 1000 894
0 498 1000 566
0 566 1000 638
0 388 1000 498
0 271 1000 388
0 638 1000 759
0 0 1000 271
0 929 1000 934
0 861 1000 866
0 853 1000 861
0 903 1000 914
0 866 1000 879
0 914 1000 929
0 833 1000 853
0 879 1000 903
0 688 1000 722
0 722 1000 833
0 577 1000 688
0 144 1000 260
0 440 1000 577
0 0 1000 144
0 260 1000 440
0 876 1000 878
0 878 1000 882
0 856 1000 863
0 882 1000 891
0 845 1000 856
0 863 1000 876
0 826 1000 845
0 891 1000 911
0 759 1000 826
0 433 1000 510
0 347 1000 433
0 510 1000 632
0 632 1000 759
0 0 1000 149
0 149 1000 347
