0 801 1000 804
0 765 1000 769
0 605 1000 611
0 756 1000 765
0 769 1000 780
0 628 1000 639
0 742 1000 756
0 611 1000 628
0 465 1000 485
0 780 1000 801
0 715 1000 742
0 438 1000 465
0 401 1000 438
0 565 1000 605
0 225 1000 274
0 350 1000 401
0 80 1000 152
0 152 1000 225
0 639 1000 715
0 274 1000 350
0 485 1000 565
0 0 1000 80
0 863 1000 869
0 704 1000 713
0 633 1000 642
0 601 1000 610
0 694 1000 704
0 666 1000 676
0 850 1000 863
0 676 1000 694
0 769 1000 789
0 610 1000 633
0 642 1000 666
0 789 1000 815
0 815 1000 850
0 210 1000 256
0 552 1000 601
0 713 1000 769
0 488 1000 552
0 146 1000 210
0 340 1000 413
0 413 1000 488
0 256 1000 340
0 0 1000 146
0 789 1000 790
0 787 1000 789
0 725 1000 727
0 667 1000 673
0 717 1000 725
0 774 1000 787
0 673 1000 686
0 585 1000 599
0 727 1000 745
0 567 1000 585
0 548 1000 567
0 525 1000 548
0 413 1000 438
0 745 1000 774
0 686 1000 717
0 334 1000 372
0 372 1000 413
0 599 1000 667
0 261 1000 334
0 438 1000 525
0 167 1000 261
0 0 1000 167
0 744 1000 745
0 612 1000 614
0 842 1000 845
0 808 1000 812
0 614 1000 621
0 812 1000 823
0 797 1000 808
0 786 1000 797
0 544 1000 560
0 706 1000 724
0 526 1000 544
0 823 1000 842
0 724 1000 744
0 681 1000 706
0 745 1000 786
0 560 1000 612
0 621 1000 681
0 372 1000 436
0 199 1000 263
0 436 1000 526
0 263 1000 372
0 0 1000 199
0 634 1000 635
0 722 1000 727
0 707 1000 713
0 713 1000 722
0 796 1000 806
0 806 1000 817
0 817 1000 829
0 842 1000 855
0 829 1000 842
0 454 1000 481
0 766 1000 796
0 635 1000 665
0 296 1000 331
0 727 1000 766
0 665 1000 707
0 196 1000 238
0 404 1000 454
0 238 1000 296
0 481 1000 549
0 331 1000 404
0 549 1000 634
0 0 1000 196
0 544 1000 546
0 735 1000 738
0 732 1000 735
0 650 1000 655
0 444 1000 449
0 546 1000 552
0 655 1000 663
0 642 1000 650
0 587 1000 601
0 449 1000 463
0 663 1000 683
0 711 1000 732
0 519 1000 544
0 683 1000 711
0 552 1000 587
0 601 1000 642
0 463 1000 519
0 388 1000 444
0 224 1000 294
0 294 1000 388
0 0 1000 106
0 106 1000 224
0 842 1000 845
0 661 1000 665
0 482 1000 489
0 390 1000 399
0 845 1000 855
0 733 1000 745
0 745 1000 759
0 759 1000 780
0 819 1000 842
0 708 1000 733
0 328 1000 355
0 629 1000 661
0 355 1000 390
0 780 1000 819
0 289 1000 328
0 665 1000 708
0 246 1000 289
0 565 1000 629
0 489 1000 565
0 399 1000 482
0 135 1000 246
0 0 1000 135
0 590 1000 592
0 711 1000 716
0 637 1000 642
0 663 1000 671
0 457 1000 465
0 449 1000 457
0 654 1000 663
0 642 1000 654
0 695 1000 711
0 388 1000 404
0 521 1000 539
0 369 1000 388
0 671 1000 695
0 465 1000 492
0 492 1000 521
0 592 1000 637
0 404 1000 449
0 539 1000 590
0 0 1000 75
0 75 1000 169
0 169 1000 268
0 268 1000 369
0 676 1000 677
0 653 1000 655
0 587 1000 589
0 647 1000 653
0 603 1000 615
0 589 1000 603
0 366 1000 381
0 398 1000 414
0 381 1000 398
0 445 1000 464
0 655 1000 676
0 518 1000 548
0 414 1000 445
0 615 1000 647
0 85 1000 123
0 548 1000 587
0 323 1000 366
0 123 1000 167
0 271 1000 323
0 464 1000 518
0 0 1000 85
0 167 1000 271
0 663 1000 664
0 664 1000 669
0 861 1000 870
0 513 1000 524
0 786 1000 800
0 846 1000 861
0 348 1000 369
0 222 1000 248
0 669 1000 702
0 747 1000 786
0 581 1000 621
0 621 1000 663
0 702 1000 747
0 800 1000 846
0 248 1000 297
0 297 1000 348
0 168 1000 222
0 524 1000 581
0 453 1000 513
0 0 1000 83
0 369 1000 453
0 83 1000 168
0 758 1000 764
0 750 1000 758
0 741 1000 750
0 708 1000 717
0 563 1000 572
0 595 1000 607
0 607 1000 621
0 659 1000 678
0 640 1000 659
0 621 1000 640
0 314 1000 336
0 572 1000 595
0 717 1000 741
0 678 1000 708
0 418 1000 453
0 152 1000 203
0 509 1000 563
0 453 1000 509
0 0 1000 71
0 71 1000 152
0 336 1000 418
0 203 1000 314
0 511 1000 514
0 794 1000 798
0 810 1000 821
0 798 1000 810
0 780 1000 794
0 764 1000 780
0 621 1000 647
0 380 1000 407
0 593 1000 621
0 514 1000 542
0 735 1000 764
0 346 1000 380
0 697 1000 735
0 229 1000 267
0 407 1000 446
0 307 1000 346
0 267 1000 307
0 647 1000 697
0 179 1000 229
0 542 1000 593
0 446 1000 511
0 0 1000 179
0 687 1000 688
0 481 1000 482
0 535 1000 538
0 660 1000 665
0 528 1000 535
0 665 1000 674
0 517 1000 528
0 674 1000 687
0 465 1000 481
0 597 1000 615
0 374 1000 397
0 571 1000 597
0 434 1000 465
0 538 1000 571
0 482 1000 517
0 397 1000 434
0 615 1000 660
0 261 1000 317
0 317 1000 374
0 92 1000 169
0 169 1000 261
0 0 1000 92
0 690 1000 691
0 708 1000 710
0 413 1000 416
0 457 1000 461
0 685 1000 690
0 635 1000 641
0 536 1000 542
0 669 1000 685
0 461 1000 477
0 691 1000 708
0 336 1000 355
0 542 1000 562
0 583 1000 604
0 562 1000 583
0 641 1000 669
0 604 1000 635
0 416 1000 457
0 280 1000 336
0 355 1000 413
0 477 1000 536
0 161 1000 280
0 0 1000 161
0 755 1000 757
0 516 1000 520
0 510 1000 516
0 819 1000 830
0 388 1000 402
0 757 1000 776
0 736 1000 755
0 776 1000 797
0 797 1000 819
0 830 1000 855
0 665 1000 691
0 402 1000 428
0 268 1000 295
0 632 1000 665
0 592 1000 632
0 691 1000 736
0 520 1000 592
0 88 1000 169
0 428 1000 510
0 0 1000 88
0 295 1000 388
0 169 1000 268
0 536 1000 537
0 733 1000 740
0 756 1000 764
0 712 1000 720
0 482 1000 490
0 525 1000 536
0 720 1000 733
0 673 1000 686
0 740 1000 756
0 465 1000 482
0 601 1000 619
0 619 1000 638
0 686 1000 712
0 638 1000 673
0 490 1000 525
0 413 1000 465
0 358 1000 413
0 537 1000 601
0 97 1000 167
0 272 1000 358
0 0 1000 97
0 167 1000 272
0 275 1000 278
0 478 1000 482
0 365 1000 370
0 370 1000 378
0 664 1000 673
0 590 1000 599
0 581 1000 590
0 654 1000 664
0 644 1000 654
0 482 1000 501
0 599 1000 619
0 341 1000 365
0 619 1000 644
0 555 1000 581
0 378 1000 412
0 117 1000 155
0 155 1000 207
0 501 1000 555
0 278 1000 341
0 412 1000 478
0 207 1000 275
0 0 1000 117
0 797 1000 800
0 681 1000 687
0 687 1000 694
0 789 1000 797
0 781 1000 789
0 771 1000 781
0 735 1000 745
0 759 1000 771
0 579 1000 592
0 745 1000 759
0 234 1000 262
0 592 1000 629
0 694 1000 735
0 349 1000 392
0 472 1000 516
0 629 1000 681
0 179 1000 234
0 516 1000 579
0 0 1000 79
0 392 1000 472
0 262 1000 349
0 79 1000 179
