10 65 900
0 0
0 2
0 4
0 5
0 6
0 7
0 8
0 9
1 0
1 1
1 2
1 3
1 4
1 5
1 6
2 0
2 1
2 2
2 4
2 5
2 8
3 1
3 2
3 3
3 4
3 5
3 6
3 7
3 8
4 0
4 1
4 6
4 7
4 9
5 0
5 1
5 3
5 5
5 6
5 7
5 8
6 0
6 1
6 2
6 3
6 5
6 6
6 7
6 9
7 2
7 3
7 4
7 7
7 8
7 9
8 0
8 1
8 3
8 7
8 9
9 1
9 2
9 4
9 6
9 7
58
9
16
44
15
51
4
17
45
23
18
0
49
32
48
1
6
27
54
11
29
34
37
56
38
24
7
30
57
31
2
41
13
61
36
3
20
8
21
14
10
5
25
39
28
60
59
62
22
46
19
33
42
47
63
43
55
53
64
12
35
40
52
50
26
-1461
1056
1543
-427
-608
-927
-134
452
537
806
-1118
-1486
-1117
-1267
305
409
-1357
-1093
982
-926
-1277
-2
1365
1683
465
-555
-221
733
249
-419
1386
-1267
1835
497
-441
-248
809
-960
262
1283
398
-2093
-208
-1332
726
-1994
410
-434
83
-1313
-571
-306
-1600
-266
-81
-18
-1113
-989
873
564
-1298
55
-262
-38
471
-298
713
-933
-7
-675
-720
445
85
-2091
-975
145
-75
363
-475
9
-548
-590
-1661
253
558
-248
879
9
-201
-1513
-614
-221
381
43
-1815
259
1065
-690
88
728
540
672
96
-618
-1403
-172
-536
203
936
-678
-451
-381
345
358
1209
231
-830
1706
1662
1341
1404
-149
-686
1984
643
-1287
-2341
-1516
-230
281
1034
677
-138
937
314
-978
-65
-237
-560
73
1380
-71
1129
-355
1469
562
621
226
-2
-330
40
-653
-1704
-26
-2072
-594
1113
220
472
-127
-898
-636
818
52
-1811
-827
-510
2772
-1100
1004
-281
-1117
1254
-377
1343
-161
1572
-922
968
-1080
-46
1331
-1024
867
-1246
412
270
517
-630
77
-458
926
-1073
-791
-159
1577
-1181
70
363
-1262
805
-334
-780
-1701
923
477
-102
1054
-825
579
868
279
1284
1388
354
-174
-26
-88
-164
438
1519
1489
7
83
1601
1011
1971
-180
-719
138
-12
978
939
251
-661
1132
989
816
-515
-447
728
699
-301
1340
2
-712
-590
-61
-366
-1586
-928
-98
375
218
-587
-97
326
-776
-143
-1174
157
2099
474
-89
75
-1777
-383
790
-662
80
-355
972
235
-369
-1398
2566
-184
828
-428
278
598
-111
873
-240
128
1379
1533
-785
-593
1496
865
386
1446
-193
-1557
1167
347
1591
-9
-1112
-13
-874
-181
-768
1271
1337
608
125
1806
-313
1371
91
-843
-598
-736
79
859
1482
-72
1078
-194
-2374
-200
-536
593
1093
-258
-190
-694
-820
-53
125
389
336
132
914
684
1322
-1416
419
952
-869
191
683
1364
423
55
-754
-851
1430
828
-893
-64
-846
-421
-304
114
-1179
326
1038
-666
-871
-1497
107
1273
282
936
124
146
-122
344
1472
2679
408
-1305
-268
-83
-113
2092
-1178
916
-883
-281
-216
242
395
70
657
687
1182
-45
-131
-16
750
-1701
484
1226
-1869
-85
-279
-363
501
39
-209
-790
802
542
-173
-98
-1109
-756
-637
897
1417
-5
68
657
-1209
-493
-590
-549
-112
-315
706
836
926
942
144
219
-367
-64
417
575
503
1408
-1355
-168
-312
-469
-901
-843
94
-449
-225
805
-197
470
600
-250
-141
252
-15
-322
872
-9
80
578
297
487
534
42
553
-136
-1185
1789
-823
-112
-1616
-2264
142
957
-437
1341
352
-259
-316
1271
1527
-193
-457
55
-336
-1278
1424
-762
-252
113
-14
192
-386
298
399
783
1582
-114
240
-160
1146
25
-903
-568
144
75
2296
-756
1285
-706
-1436
-1931
-560
-1754
1376
-1582
-134
790
397
222
907
1632
-137
-31
-815
-258
-244
-1157
702
-851
-651
2370
685
43
405
-344
1167
-133
-205
-1261
-243
755
113
608
255
-417
255
-208
1392
-1549
779
143
-487
-202
271
975
679
-606
190
-760
-945
543
-175
142
929
600
634
-13
-620
-31
-395
131
-218
1751
-1767
199
227
-869
-708
-462
1341
726
603
-708
77
81
652
597
1073
36
1123
1332
-1118
447
61
-189
1057
-691
722
-931
-170
-66
-581
-590
-252
-1202
-115
-384
-1928
4
-437
896
-501
405
-423
-67
218
-245
-927
-630
-795
965
-283
-56
-336
450
893
170
725
-1913
585
324
649
557
452
98
1390
429
214
-131
769
83
996
-146
-284
655
278
1006
1638
-204
-912
1086
-588
-1095
355
350
-115
-113
641
-559
-1731
1324
-86
413
261
-1829
612
-988
-845
-175
-105
-91
142
-435
-927
-549
918
364
438
328
817
2803
2170
2068
419
-469
859
957
224
419
-463
197
178
-1265
-1675
466
224
-874
261
-685
583
167
-1786
1097
109
505
155
-1138
418
-907
-162
351
-61
915
1070
986
543
-672
710
1438
58
-463
263
-1193
1489
-342
885
714
-890
75
-892
-609
-437
-1791
213
-473
-91
-671
-922
392
-586
-1453
377
-441
873
289
648
-373
919
-474
1254
689
-674
848
590
-106
-226
-232
-16
-936
-1387
-152
-282
-440
-213
1290
-123
371
1657
-1236
457
-791
-838
-977
237
-1006
1022
1637
-822
-540
547
-902
-9
-994
-1136
1333
-395
-324
-1094
-45
960
717
761
1634
-1000
-3
-816
487
-85
0
-444
-2476
1090
-1599
-141
848
717
-5
-306
-599
643
-773
-512
-1738
744
-499
1616
835
-25
-243
917
-792
1493
-1095
-260
662
735
2426
-1086
490
-334
-1110
115
256
-1242
426
1032
1579
304
-1513
593
427
-525
499
481
-1170
-841
1476
401
623
719
-703
-348
159
-265
354
-1487
-528
-294
947
1354
288
302
-1142
1084
-107
645
-418
278
-667
158
429
468
-263
-216
1158
-232
-746
1897
351
1519
-124
706
-422
711
-122
-425
-2001
-50
-846
-883
-869
239
-1136
-1035
1947
740
-738
259
1296
-37
-712
-302
562
-164
656
44
-520
-1741
1
1757
-1142
506
708
-1977
-995
-282
-1090
1571
45
-230
-977
65
-1248
-1103
298
-213
-1026
-906
-42
-865
-321
-807
863
-238
-1313
-1478
-86
951
1374
-985
1856
502
308
-755
-483
-1745
-549
1079
901
1395
162
-74
679
-867
-222
752
-879
-463
656
-1118
-1030
1027
-472
-343
1790
296
-1101
102
882
-670
-259
-869
-256
1277
559
33
216
2474
-74
164
224
-138
578
254
-1212
-567
-723
614
-355
39
-13
-443
46
943
-395
-155
200
454
51
-1533
-837
-1810
-289
1029
304
89
-1888
996
398
861
-1179
336
342
-281
-437
-1610
811
834
-760
101
1862
517
-397
196
-966
2053
556
1447
-820
-49
-2023
902
-91
-315
366
-1076
1470
850
64
-929
100
-477
1127
-1577
-148
222
-624
-78
-480
-1258
853
-228
-174
10
-550
635
181
253
631
-2056
-319
-703
-610
-567
1473
-667
-865
-1548
-649
359
-242
-1393
1556
618
-1352
-599
349
1269
417
428
449
-250
1709
227
1434
-185
-2668
-1081
-1756
-455
-1499
-275
111
-319
-124
587
-2090
972
473
654
-723
666
-2163
-558
287
1233
-328
119
-287
94
124
-2284
-406
255
432
919
50
397
-234
-756
1070
1379
683
-1664
-2323
777
158
415
-528
-501
1561
110
-1165
293
740
-728
1257
1914
-401
8
-400
1718
-575
1121
1826
-342
-1742
-110
1328
-891
-1554
-547
-30
1880
248
311
-943
548
1090
645
150
1131
871
444
-983
880
658
-1826
353
-136
-714
-2164
-950
689
-821
177
-1278
-1583
-1060
874
821
150
246
470
-416
-439
-1254
674
2522
252
819
565
-799
756
-583
-469
819
-633
-423
-290
1550
-378
2079
-520
-283
-298
-606
-575
797
-1770
-1289
99
725
-660
-1192
497
-197
1786
66
61
-823
204
-852
117
171
1215
213
-523
1132
-435
-671
256
-1087
159
718
1641
-1582
1361
747
-2122
670
-194
661
1109
250
-589
-35
-1652
-46
137
1114
-598
-632
296
-608
1032
-1032
-328
-2
949
1173
442
-399
344
271
-87
-211
1727
-615
-373
-216
223
1661
-765
463
-1049
-1162
111
1355
165
1162
1311
-722
-334
478
828
-45
-638
-126
-550
465
310
865
-537
286
-3
170
713
1869
-1174
-383
292
1274
59
94
1308
501
174
482
426
96
420
-1317
1322
178
-1285
418
1693
732
-1779
683
-1285
1165
457
900
13
473
1390
-979
-149
857
621
-1863
-1570
-495
-620
-115
-153
-1280
1096
-975
-392
385
111
1439
1247
-686
-942
-480
106
1544
-142
-1553
-527
-1368
-557
1262
560
-176
1105
-95
-761
-1004
-451
-851
1869
-1204
-1476
-403
1101
545
-706
566
268
-865
911
245
-1624
257
-1781
1832
-1026
145
-18
1308
465
-4
820
1456
119
-946
-845
-736
704
160
928
-1240
1741
1883
-334
263
-843
-1117
136
-371
1432
258
-233
211
1423
1136
-629
1271
-1412
130
1440
845
-1800
-122
-1293
-350
778
-434
182
-933
509
-514
-319
-1513
448
1207
-1014
783
1371
-511
-6
-220
1144
1676
-602
-180
110
322
-689
-1270
-1391
-555
-743
115
255
-898
-583
128
-578
97
891
-425
-566
104
-1287
-276
642
-563
535
-647
1004
-1381
-761
-1373
404
202
-342
408
-139
1428
493
607
2046
417
94
1033
1603
1772
1117
-729
-1030
3243
771
960
486
1114
146
-594
-1238
122
-10
742
2004
-147
887
1031
-622
-1325
624
921
-221
151
1506
-9
100
-351
-61
-179
-392
-971
1248
-865
-167
-1192
-446
-262
559
905
-1097
-1537
-55
1211
1220
313
423
216
-1495
373
968
-1528
-1889
459
-505
-344
-268
-929
833
196
-689
-1405
1730
-1678
227
-128
396
22
-456
516
-577
188
14
1128
-1267
999
-1136
-446
1458
-369
-1747
341
-1026
-457
-785
86
-1770
-1235
254
-526
1255
-1315
135
1079
-280
1080
-371
70
268
602
362
-2192
1278
901
364
1028
1595
-128
287
-493
-726
1155
969
-231
251
-741
1043
1397
-865
-761
2172
1352
853
-13
-356
538
352
726
-579
-1097
635
487
164
-1508
-502
-158
-889
-732
438
678
2676
2323
-213
39
-607
550
-972
-1261
-396
268
-1726
-541
617
-204
-77
112
-1011
138
-240
726
1332
655
1523
372
-684
1049
553
-1204
-68
-289
-775
1311
-662
531
568
235
-510
1920
-245
-1111
167
-939
438
-628
603
488
425
443
-172
-665
1164
-688
-284
-552
-853
-600
641
1696
871
1109
-389
644
-241
-171
-638
121
166
-484
644
187
-1371
282
962
1133
-2594
-1068
-1797
1137
924
663
736
849
-1594
-2298
566
422
-1107
1442
612
50
1203
840
528
-678
-404
665
553
691
-1579
226
-345
-627
-254
-254
84
-486
-167
862
-132
-176
-415
179
-208
805
101
48
-1099
1692
-207
-1733
-467
-1257
1067
1100
303
829
-495
-320
98
341
-603
1092
-564
-612
1
-727
683
-494
-520
-253
-516
-157
1821
-754
-433
185
-1320
1569
363
-1279
1375
174
-1296
1312
700
197
950
143
1601
335
47
-499
535
-524
757
-78
-456
711
-132
-1745
-154
135
684
-544
-214
-799
-102
-549
-58
437
-127
595
375
-463
-136
404
-641
250
-23
-199
-215
667
245
-1504
-462
-542
-433
-742
-477
209
-1032
14
-629
986
1117
1706
111
-847
1036
-342
187
-176
1764
298
688
-1651
-112
1180
-1187
244
1019
-1387
587
637
-1623
1055
-709
-200
598
596
429
745
-172
672
-324
155
326
-474
-134
-354
-1128
-1262
597
273
1441
-167
607
-694
1442
-6
-197
-507
1137
-1082
1784
-684
81
841
35
791
320
-273
1639
500
-203
-961
-1024
-808
2044
-821
463
579
180
151
1016
911
1513
-1316
-834
847
-237
-923
-1882
1492
77
-162
95
139
-635
493
628
-629
-1461
-415
1459
-622
538
1347
-631
-157
1487
64
674
-284
1526
-647
-870
569
-379
-655
-2096
-369
-622
-83
591
-181
1952
925
240
254
-139
2034
-886
1105
-1635
537
57
-1840
-458
-894
-60
317
-604
1143
-293
-29
656
-1953
1043
-1071
997
-440
-825
-688
-772
259
884
76
-887
72
526
-824
-156
-609
-405
-26
-44
234
-376
-743
-1263
322
-1019
-828
82
184
229
2
-176
-528
810
765
-414
-1330
1291
-1050
2295
-181
-1174
-261
60
699
612
1597
221
-850
293
-163
-691
1227
-1193
-521
869
-2521
1300
0
751
-645
1469
1644
-884
1162
1386
-1711
246
-134
59
-278
1730
-630
-559
-100
991
2151
-1407
-317
-650
478
-558
-126
-888
266
1163
-813
13
-991
-1404
796
234
1397
791
-501
-1895
-953
-1453
-423
257
394
-58
1208
325
1391
-1034
908
-771
-606
453
-3
921
1497
341
-829
43
-676
986
1524
526
547
877
-885
-1266
470
153
-1536
136
-248
-595
-377
-826
318
593
910
-1427
-157
-736
-273
1027
872
-512
-1426
1980
188
-308
1900
-651
-129
650
180
-446
-672
678
784
-579
-17
-705
15
1828
-51
-654
981
-1644
-304
-657
910
-847
-1742
-507
28
283
-937
2000
807
-489
-853
45
128
1247
-258
1906
680
-291
-2252
-463
409
-776
-725
1265
159
-127
-1055
522
921
0
-882
1035
-309
1782
643
-559
-1026
521
332
447
-1234
615
70
1557
932
36
201
1449
-1240
150
553
-1093
-560
-42
-2203
807
830
493
-603
-134
-270
260
1132
45
-510
1202
-3
-1255
535
633
-486
717
661
-712
89
950
414
1324
-2087
-463
289
-1091
-508
-567
-525
-59
-209
-161
-299
-420
-109
1765
-370
-1187
1477
518
526
0
-1265
336
-1279
1035
1122
1360
576
650
1431
-284
-717
-1327
638
742
-676
-304
-288
-1427
-802
1069
-856
-1271
-2012
-377
486
-374
637
-1360
271
2055
1032
-1060
-1565
-1098
-1002
124
-548
-366
539
-1053
950
86
109
-1309
727
838
-1487
-950
-345
523
161
-632
-233
614
-278
754
772
-195
1798
1968
-481
-538
-822
-273
551
-538
2221
1921
-810
1296
457
-851
711
172
1396
-1535
-225
455
811
1168
-2205
-513
-152
957
-395
-1156
-30
601
2777
279
2139
442
457
-828
719
-47
-17
1827
42
275
-1293
1442
-1869
-509
-1099
825
1460
-412
-335
-89
1055
-115
-28
-919
1106
1087
458
-737
-702
-584
426
-86
-901
-599
-347
-2351
-1636
-1017
-993
191
-1334
478
769
559
-532
1504
-1047
-480
738
-602
979
2173
382
365
-710
-43
-297
-1467
-583
468
-1180
1241
-1601
1460
46
318
566
1512
808
44
22
-936
1113
-364
-683
-86
539
849
2732
-41
46
-1500
1316
303
-469
1329
-626
524
-391
-1125
-311
-177
493
1028
-1380
-1179
-1531
-237
-488
-705
395
574
-921
-1003
-695
-450
-475
557
-1063
698
-300
-331
570
71
994
-844
-1052
327
-1675
306
713
488
-356
812
-310
49
658
-1058
1753
1330
-311
997
711
19
1188
1125
-1946
183
1503
-267
-497
25
-684
-25
2057
466
-1468
-1075
1151
-1151
335
-1617
132
-14
578
-228
933
-1065
429
-708
192
-2017
140
443
279
-980
-692
-1017
981
-1050
-107
-804
1002
-246
-489
536
601
-416
-6
67
437
251
-970
289
-250
221
212
-183
1763
607
-735
-1265
1030
-203
303
170
-550
-323
-500
276
722
-446
65
1005
-509
-74
-44
1626
438
-111
-769
-997
990
1236
540
-2146
300
-263
-251
-1829
147
1861
-130
591
-910
-344
67
-307
718
-2075
-136
-1142
-778
29
1220
783
442
1532
-326
-410
274
-785
1740
-99
-165
-604
320
148
2274
-768
700
-435
512
-122
371
-1130
-1303
-108
559
-835
-393
-913
1409
767
-1465
919
410
-108
-872
294
916
-17
753
-710
-897
291
-188
-603
123
429
-105
-342
44
-110
1331
880
1310
41
-852
-95
-865
-223
1364
1087
-600
-579
17
-1415
-1555
-105
1148
382
270
557
302
-3049
801
-594
-1537
-1465
799
298
-1009
1377
642
178
723
909
467
-399
-136
-679
112
-1546
-477
1647
844
-988
-123
210
-1803
648
799
-88
823
856
-107
832
-13
-631
-853
476
90
-1913
-490
1106
-1009
1647
440
-378
-585
1178
699
-271
602
415
526
398
-239
77
556
-996
-216
677
753
2013
-1237
298
811
-732
363
362
688
391
-1592
949
74
449
988
-1195
-2135
-704
581
220
-1436
214
541
-372
419
-489
-1092
-1307
-241
1051
-415
166
718
1289
436
591
708
738
-317
-254
-98
-1327
244
-469
-48
890
-225
-986
-959
1726
-939
-77
1561
-723
-408
-567
-65
630
557
859
-452
145
-139
788
-1201
1358
-832
732
583
1429
1099
-862
246
-470
-567
-1217
-625
-406
364
-575
331
1133
453
245
1019
-301
1145
-380
-1295
-85
-150
-1270
-108
-429
1396
-1870
2005
-1000
865
-937
197
192
-334
-710
-189
-474
-726
-149
-1323
-1094
454
607
-45
-1090
70
3
184
-517
927
189
-1283
-62
994
-1795
-1521
-1285
870
-746
1216
-163
1464
865
119
1355
-569
-456
-929
561
1539
-8
-405
319
-1199
278
-783
521
-972
239
-1203
1815
1159
-1473
400
1024
-748
648
631
-815
676
906
-690
582
846
-1967
41
-1154
-458
-630
-1066
173
381
-1065
27
-2234
-421
-1680
-1579
62
819
938
1148
-999
-1091
-1885
-69
770
882
-710
333
707
324
-385
43
-1023
1000
-641
317
-851
-839
-662
1907
-1101
523
680
699
83
787
-1286
844
1423
1283
-862
-385
-1385
1317
476
-809
991
-727
260
1651
-1915
-397
381
556
-181
-157
-4
157
1177
-435
-616
-808
604
-374
543
553
674
-157
-820
947
-305
1681
731
588
-26
202
-150
-330
-741
250
31
-137
-403
326
381
1521
-1234
162
-1151
1054
-240
-133
-296
-84
-1000
-127
-878
-520
-405
570
-424
-1338
-1026
290
230
1359
-217
-1885
758
-329
813
743
605
-154
402
-1457
484
1509
-1061
1191
-1244
-2371
-460
-119
-213
257
-1390
178
-1677
852
1075
118
-1566
-327
-874
419
-402
1168
43
-681
171
583
341
456
-1768
33
-312
-1158
-1917
-594
-474
1079
1188
-884
-807
-967
-314
406
792
301
607
-301
99
55
9
742
-810
-12
-684
-778
1713
737
239
346
-1700
-271
1167
-195
794
2747
-1349
79
-951
1115
-468
-702
3
204
641
153
1280
-159
-290
-716
19
-1114
1107
1218
-17
-1189
-512
67
321
956
-193
1479
-1216
-142
802
-1298
2226
946
175
886
-1072
-299
-360
214
1659
1165
-375
1509
1717
-418
-745
483
-2975
860
1279
-148
121
730
735
-110
-196
635
1702
862
1148
554
-491
-1177
90
-537
-1122
440
341
236
720
2421
-9
1658
388
-1056
-1004
922
423
-637
-314
514
-37
759
-656
469
1109
834
566
-307
188
-32
-2111
11
132
923
-156
-87
435
-1491
-856
-1671
-637
657
-253
135
-1712
-727
1083
-1406
-43
1026
-4
-302
-710
533
191
863
-439
-1225
-369
164
1333
129
-952
189
-64
617
333
-1704
-654
406
-819
-1577
-1229
754
56
178
772
1783
1161
-1840
1279
-1614
1098
-209
-1144
-855
288
-161
-1163
-267
-1664
51
-239
579
-1149
-786
-813
181
-45
-75
-1963
177
-964
-1286
-696
-1385
-256
739
-204
-535
-1444
-465
43
-1538
446
1099
237
-24
446
382
-457
834
-1874
773
983
-514
-313
208
832
-36
1418
796
-66
-47
-320
-188
-398
831
-1081
1
509
-1204
749
2254
-849
-1103
1866
-361
744
1942
-830
-1813
-44
297
211
-754
-135
-619
-1123
-376
283
-545
2036
647
1325
524
-1230
435
-742
-383
-510
-47
659
-476
376
22
1166
1341
-1386
-614
212
596
315
995
347
-592
-1184
845
291
-810
686
717
1226
840
440
-272
363
-916
1076
-84
567
289
-624
-396
-331
486
976
-197
2349
188
-209
-665
1709
18
-1142
204
1487
13
1424
-876
775
-348
285
-1526
-431
568
-245
-396
-102
663
-436
-330
-22
-953
-523
597
44
-238
246
394
2294
571
248
-1784
729
-717
968
110
191
1444
-850
-1035
1437
-543
443
-321
267
623
1299
27
770
851
-289
-299
-2085
555
-962
-865
-311
293
-312
-1002
1718
-86
-1306
861
-1073
1684
618
826
87
117
39
-349
108
-1616
72
-1472
55
-166
-374
-1061
494
-460
-641
-649
-1403
-512
-1081
-1214
-1233
-553
625
-602
445
-556
-200
817
-46
977
-906
1820
1349
-463
-1840
-289
163
-876
1166
1032
1424
-491
-1239
-75
-641
278
-91
-530
1476
-585
215
236
843
1173
-1221
-767
-113
1287
-1540
-998
241
2038
1276
-1084
-797
333
518
-752
1399
1183
-1624
-910
-456
-1973
647
-26
1244
467
-1102
-33
1158
30
997
-148
337
943
305
-144
399
911
248
-177
699
-11
1729
-747
-2020
-1673
985
-1558
-1951
-436
-1178
-554
481
61
-2043
280
2
-1183
814
294
-510
279
860
-1100
512
-907
315
437
-82
-1014
-660
-1386
751
-578
34
-113
-1425
-7
-53
-1695
470
85
-315
30
-403
-101
-275
62
-747
2089
-164
50
-808
329
556
782
-819
-1285
-1110
799
-402
-942
-134
420
818
-188
-564
-366
138
1411
-645
-806
-9
352
-1467
1264
-520
-730
1020
-295
97
713
978
-219
-1311
-2123
643
904
-24
-510
-301
-949
-25
972
571
-384
-438
1376
-477
641
-517
-704
120
-344
1295
1700
-58
230
1016
-894
108
899
724
-586
901
-308
495
229
276
887
-162
-847
-186
-162
-466
-919
520
-241
-301
-567
157
732
-631
-1469
867
-1742
-681
759
-1440
-1836
-1420
-386
-61
227
-928
-42
650
27
272
-518
-41
-589
-303
848
-1637
338
-457
-938
-382
-315
397
27
-444
-148
117
-883
-425
1692
-1711
551
-300
1178
-383
-677
1378
786
27
1280
1407
470
-948
-275
-17
1095
1730
938
-248
873
-192
787
160
68
620
-77
-609
93
-225
-2014
488
-94
183
-534
644
70
-221
-528
670
-329
469
2172
-829
-1948
8
-619
1682
-481
901
458
810
-1135
-1000
1352
1328
-1958
-482
-287
2033
-2507
1138
327
-990
-575
-2542
787
-1047
34
349
1519
-500
-72
1218
-223
-611
-603
586
913
354
-94
58
1288
-494
-819
-1051
542
829
163
987
182
2227
1066
-545
-149
329
-914
613
-80
455
-731
-135
-550
861
1104
-56
-460
239
761
1689
-776
624
-1614
52
-2118
-181
-1432
-594
811
-625
-755
490
618
-109
-241
415
-1680
-117
979
538
1053
18
-445
-270
475
-563
1835
175
-232
-262
-811
-716
2050
371
-235
584
-1006
-399
-889
865
-263
1597
852
1694
553
-155
140
1462
-19
215
293
-685
1049
-480
-454
1011
-2141
181
-642
-806
46
10
-2297
-279
-218
441
-541
63
-874
245
500
-1079
1454
478
1647
-428
2716
2524
291
892
271
-558
-8
-1254
109
551
-174
-1215
-107
-1083
-133
20
1102
95
1016
-408
-504
-484
-183
-433
994
879
350
139
649
-1007
975
-1114
36
19
1964
688
343
-441
1016
-1371
-1096
-391
147
1588
1374
-97
-1189
-428
-1712
1299
-686
148
-1176
1250
831
996
-629
249
-302
-836
-915
-860
125
389
-365
-95
-1386
972
-1282
-143
-1145
4
-1402
498
108
-135
-666
-344
-1076
-201
975
-251
-677
1000
108
50
124
515
-113
-248
-792
818
1000
460
-3
217
-909
-1182
-66
602
684
-600
581
992
922
599
508
-478
1304
-1042
-1366
-553
-107
-781
393
-97
556
328
1040
-351
484
-2463
-28
-152
-1016
-263
286
94
-22
1181
-944
1482
-245
423
-341
1030
-235
783
48
843
766
-2158
-324
1296
349
-850
97
253
-692
69
1114
-4
-133
-1058
1078
-663
-307
1184
-708
-1051
-494
477
316
-563
734
771
1137
162
1238
-1048
-1486
218
-601
537
-527
429
193
1185
-1051
180
614
682
255
417
110
883
-357
-1106
378
501
-382
1278
-186
-445
-72
1267
-993
500
-1065
239
693
-943
735
-282
338
950
138
-1303
-1070
-521
411
132
-513
265
1259
411
231
-1090
-25
-1003
550
-136
1127
-156
34
-365
-997
2144
-1065
-1892
-2459
-125
-450
767
1079
879
-278
-288
336
1037
-799
-2663
-510
2001
179
-137
-473
1165
148
630
-538
564
-100
185
-887
1002
264
-1620
1181
-1145
151
735
-356
512
130
-197
1076
808
-1322
488
551
-128
1212
596
667
236
-312
-864
-1844
-1595
274
471
-913
798
-73
197
2487
-57
179
-235
-155
796
1134
238
-151
-1521
67
-158
-2293
606
88
-955
-1314
-397
1333
-717
318
143
-832
-413
-13
558
858
-1026
-1308
-1254
-808
-690
-287
1305
-1868
-867
-332
1494
592
-900
14
537
271
364
436
1242
468
-1048
1288
1881
-519
1190
1641
262
-831
1902
1054
-146
958
959
-215
1212
1333
123
-506
-1775
-180
873
-657
-1073
204
-599
78
372
-1084
315
-1637
25
-640
-104
-122
1018
-189
614
1231
-222
-1143
-1234
-765
-2016
-847
-429
-957
-664
79
-414
242
-1076
-419
1256
-130
-620
-721
759
-276
863
-17
236
377
114
-148
-431
267
489
-57
-1168
-1032
-830
255
-994
-1625
-931
624
627
-312
268
670
-52
157
-1153
2442
717
697
375
690
-68
-1928
-562
1527
-450
-182
-1242
-2894
-36
210
-1035
437
1041
1338
977
1981
697
-740
-2326
238
-1386
-395
-988
123
507
883
1517
1592
-214
-1041
1321
80
306
1120
1188
491
737
-378
-1202
362
-153
304
-84
-583
-561
-986
877
1925
-353
1
-1083
-682
923
203
18
492
105
-1168
235
-962
529
225
369
-1542
-106
584
1659
1417
1027
-677
446
-32
-840
58
-1395
-408
-664
314
-182
706
-987
1086
1061
-945
-416
-972
1172
45
-451
570
-582
943
740
-776
319
1248
-750
212
-1103
194
34
-1039
230
240
493
-1575
-384
916
187
-84
-396
-571
-1041
257
-354
-710
-19
285
1656
-1805
874
-134
-371
-281
-2207
-1050
-239
993
-1152
-377
-386
850
479
559
-453
-445
165
995
401
-294
190
-469
-174
-699
-460
868
-1012
-1372
-451
-604
-731
408
-657
-661
-344
-741
-486
327
-134
179
516
953
43
575
328
-339
-859
-210
263
-764
-554
-1459
629
281
-1448
-28
303
1637
-671
-590
-721
1245
81
133
842
-773
-61
93
-901
786
370
-869
170
-457
-1327
-395
1047
113
12
-878
346
997
-731
-1593
-140
1383
-74
-165
119
-730
-249
106
-711
967
-1069
567
-797
711
-506
1834
1671
-66
488
-370
308
-517
-434
-583
-488
-608
-31
-678
1440
-231
840
540
1250
-1758
-115
1965
602
-406
-46
1439
-776
980
101
-1009
449
1107
1044
603
334
470
-357
-760
30
506
108
268
-755
593
385
-61
-1902
544
-409
-847
1060
-429
-731
-349
917
-275
133
1248
427
173
-644
-487
79
676
-1284
-606
-811
184
840
44
19
-333
59
913
1266
610
-323
-1307
1080
-1031
1577
1054
-235
403
-1111
-1711
-112
-293
1216
-526
180
-298
1393
-81
1013
504
-22
2968
-979
596
-616
-2885
-28
53
801
-9
-1131
1524
-600
-22
-786
-30
-1207
1415
312
112
79
461
-1101
14
880
-396
-305
1054
577
-337
-479
-760
-616
80
-1564
-600
231
119
932
-7
577
-321
471
-960
712
-314
782
-1344
238
1441
-1109
116
-423
1382
-1140
-893
-1115
-971
-709
-1940
766
41
1652
-889
573
187
259
79
-391
263
999
712
440
559
-28
813
152
-370
-532
-66
-429
742
-1298
-1379
1030
589
1485
-1356
612
-2363
-1238
1270
-507
-922
-331
456
-1065
31
-1186
-652
166
-12
1174
-30
203
-354
908
1025
-1256
-412
56
767
-1665
-239
-8
510
-205
242
-951
949
-524
-3
503
-576
-1034
-919
-32
463
674
403
585
2435
974
-5
511
-654
-562
-19
426
241
804
-123
93
-448
-1282
207
1205
683
665
74
1502
-103
234
-71
1987
-752
-212
377
345
-498
1080
-187
475
1914
-1431
1051
-939
615
-11
313
-426
-112
346
-1094
-589
-528
-1252
1390
77
-1728
-1378
57
379
2287
-2283
260
-1656
-930
1479
319
-611
-568
551
-331
-616
-426
448
-436
-1857
-479
-2029
-1411
-949
155
-225
-2085
-1171
578
807
-996
155
-160
646
427
-101
31
719
808
-1572
1516
549
-918
-483
672
732
1599
-1892
-1077
-825
801
-209
969
-1133
670
-1591
223
-550
0
989
-156
-1575
-415
97
-876
-337
291
-2546
677
490
-2460
2174
-1240
431
233
-445
486
35
-1068
365
-1486
808
83
1579
-1276
500
488
1223
-779
559
644
210
-695
618
-199
996
-153
1007
500
-767
-227
647
-665
795
-202
342
-351
-1193
-422
366
726
-524
-281
401
325
-1262
-1032
1055
-872
-795
-806
-1356
19
-377
-783
291
1107
1235
-486
-402
-276
-1061
529
872
-603
-268
-1556
760
-96
-252
1145
-1335
-263
1502
-2341
-377
-2498
1090
60
-578
14
-805
-1083
1325
1037
738
-212
819
1
920
-1021
226
1054
1157
87
-425
211
515
-933
77
-817
816
-129
443
-871
-295
-924
1624
137
172
-1479
-486
-84
-1305
1090
640
2036
116
154
384
64
1677
-204
678
1440
832
460
-1878
-971
-467
342
-677
-879
-834
797
456
-1320
-516
572
-1217
344
-835
483
-542
28
42
774
-1254
758
-285
-228
850
-586
524
-499
561
-1444
-867
-466
-577
474
-102
-92
-1568
713
203
-942
-196
-26
-917
359
-2015
796
-1635
752
236
164
263
-775
669
-49
550
577
-252
-306
967
868
178
628
646
-470
494
-819
409
-130
-1777
1047
886
-346
-467
369
-243
-533
903
659
303
514
-706
-332
267
615
-406
-1517
821
-296
-677
-902
-233
37
1758
-884
1710
-796
-297
823
-508
-718
86
1544
2383
353
-684
864
-1844
-494
1361
457
-367
921
-499
-1082
1004
-714
-766
-698
685
-1056
-819
-97
-655
1464
622
-487
885
-802
-424
-1235
396
-644
238
-694
-1046
189
1497
30
-2689
255
-669
231
-123
-1343
-1914
656
224
-173
804
1476
-205
769
202
406
-1601
2262
-842
102
761
-467
-1320
866
642
1151
689
895
44
488
2380
446
71
-190
160
-729
-1589
-734
-970
378
2232
-108
-85
2395
1031
1358
1399
713
1276
-476
-2204
-217
28
-2611
273
780
281
-186
-267
-603
311
1153
562
-82
-3050
-894
-6
-197
-521
-1240
-938
-526
1111
-396
-1405
1075
-769
661
-650
746
889
389
889
-488
712
623
530
293
-454
241
1115
-1859
1654
-200
1247
426
690
772
-1275
-1252
-953
-265
-665
668
-261
-1235
2048
362
-1004
2491
-695
-813
665
-280
-1594
1057
1462
-86
548
-785
215
967
674
180
-32
1499
-370
-824
286
1208
832
315
-833
1523
-542
-20
-184
-33
59
-851
-141
2401
699
790
-167
1597
165
-291
1540
-1361
-494
1497
1126
1711
-572
-412
1371
-225
218
-614
-376
-498
764
305
-318
934
-1067
1267
1795
-877
-334
106
177
-299
-1148
-929
797
146
485
-916
248
-1650
465
194
1003
-355
674
532
629
-1002
-763
-871
197
-994
-1544
628
1727
861
-1172
967
136
-886
241
-1276
-486
45
-887
-1543
-328
-350
-550
180
1261
-348
-730
826
1017
-3
548
124
1817
424
-2067
-988
594
-126
-627
522
-74
-3208
-382
-419
-797
-455
600
830
-722
-763
-59
-216
625
-652
-1294
-877
686
-326
1494
-1322
298
554
1095
1425
-68
-894
55
943
1641
903
1001
-12
1364
467
-539
323
-1784
535
133
-287
-110
761
-756
-1055
-229
-1200
-31
-491
-329
-970
-169
86
402
-553
722
964
-105
18
-173
800
-705
1888
-820
760
-310
-1020
5
-1781
-232
-303
-1759
-657
1190
1029
-805
1685
-820
-905
1093
-1326
1485
456
1169
476
-464
-653
-668
-685
530
1062
345
432
521
-1417
-792
-383
340
56
-1481
1476
611
-421
163
-1826
253
749
432
-1765
-168
-1277
-518
752
245
-962
34
-743
91
216
1000
599
-20
993
-628
-22
-101
494
1109
88
-43
391
992
-106
957
-417
69
1505
1164
-1029
638
-749
-179
1238
797
419
-1314
171
607
758
1204
631
327
1023
-470
1723
-504
-1165
-492
1218
210
1417
714
-375
729
-1090
294
21
-713
465
-780
621
2499
783
1302
1153
-144
-234
-104
268
-140
471
1176
885
-1093
281
365
-98
-614
946
-73
1371
-187
1518
-1396
857
-1069
674
1174
208
794
-752
-422
1848
-213
-1562
-885
1174
-1515
1392
704
-1051
-1141
-583
-491
-1020
1580
1326
272
335
-1932
765
-436
1078
323
494
-125
-1345
803
-228
955
-920
1032
80
-383
-247
-624
-599
-1275
-392
2559
295
-58
-74
-5
498
630
-1126
1278
-712
568
996
558
-384
1563
-646
318
-466
-695
228
-608
-832
403
484
-53
-110
385
935
235
-698
1815
-484
-541
957
383
-310
977
1117
-99
111
-186
63
-804
-161
1015
353
-1039
2924
131
-128
51
-653
-747
-229
283
1175
819
338
1971
363
-431
352
-1576
755
-312
1336
2374
186
346
319
-213
384
-355
-1016
-911
-690
1410
-858
-1374
214
1147
-551
-871
-706
-243
-250
-1837
-1386
-529
1172
29
931
712
1664
2142
-1303
408
-1837
-281
953
-476
-668
458
1822
98
592
-105
-1323
-726
333
-312
410
757
-461
681
-1239
318
774
2067
-217
378
382
-505
245
5
125
752
-709
349
1034
762
-890
-1040
-324
-1235
243
220
497
562
-207
1327
-1607
403
-1720
-1148
-569
287
-1009
774
719
-795
-1618
-392
-267
248
-99
-109
-281
-190
1089
-1294
407
-122
-606
180
-771
-957
-22
-115
-524
-1033
331
1214
-115
-301
-728
5
764
581
-2215
-498
-223
409
217
-727
403
854
-494
-213
487
1315
23
-364
120
-1431
627
470
-1073
-1589
-205
1613
-257
-317
1996
319
322
617
1192
68
736
-1221
828
-273
-1374
-2120
698
-150
-783
137
-2319
-1873
-215
-175
-208
-1160
-25
-77
44
-106
-1518
154
267
447
347
-90
474
-983
248
596
-323
28
-842
-1549
-582
1650
497
-500
189
1595
633
414
222
1178
1765
-2244
299
-353
-499
-874
-1203
-644
-1396
1703
345
74
-880
168
-879
808
341
-1505
-515
921
-840
2461
-130
1274
-707
-773
493
-1019
1676
1535
-826
-357
-63
522
-137
463
-701
-364
-778
-544
829
804
-328
-119
-1260
-861
-598
756
633
468
-203
-695
226
-1129
407
827
-694
-1101
712
-1187
1407
1517
106
1252
-371
-462
1156
1113
-237
-267
273
-533
1144
-867
-340
973
1069
157
1214
916
174
-90
-1217
-65
-336
-1152
-144
-840
-2046
426
-328
1190
181
990
-264
573
44
-253
752
238
-817
-1409
-70
1230
223
1103
-577
-178
-192
-1193
1959
-1022
93
-682
-526
158
1410
618
546
-443
-717
1766
-364
-646
747
-1273
264
-779
288
555
839
386
2293
295
-1200
-519
1279
-66
613
-711
-308
-1190
514
-123
-906
-144
203
423
-1342
278
186
1328
-222
168
36
45
-374
-1005
205
118
-795
-416
1105
119
-341
-1015
973
-831
447
-965
1410
-907
355
-488
-1223
-865
640
-921
-205
534
124
36
-508
-896
-18
831
-681
1483
1461
-491
376
694
-232
-1316
-189
-886
-675
-696
-1009
-468
-648
778
675
605
386
-673
-300
-318
-1829
942
968
3054
460
750
1253
226
350
-1142
838
247
-532
-329
99
1174
-587
-52
-241
-1467
-1253
-969
-64
-779
1247
1167
155
1248
-676
-194
128
-499
1471
391
-444
-354
1020
-762
5
-328
-706
784
672
715
-104
1119
-428
1024
498
1595
-1939
-1049
-424
-561
1120
-836
202
2351
627
1049
-284
-470
-935
-1018
503
1295
795
-353
1205
-1655
1404
-1701
-1231
-425
-533
820
-452
478
-1467
239
556
-535
205
-1502
-562
767
196
940
-1124
130
-1006
1282
-1219
-436
291
853
-965
1029
308
-1025
-394
1171
154
473
-397
762
-1148
482
1319
-1386
308
300
-1088
-1006
29
372
467
185
-103
562
1714
346
166
-47
-105
-1273
857
-676
-780
-201
-535
1158
-1035
1298
371
-1071
-715
-712
-202
1415
-782
-583
10
-1504
575
910
1326
-512
-66
405
-475
1342
-1128
132
-2125
1857
947
-1685
-979
-1435
2080
1395
-892
215
14
913
134
473
715
305
-211
1027
336
-1347
969
-646
-697
-124
284
1294
114
22
178
-347
91
13
-1389
2007
578
-698
618
-361
289
-555
359
1873
1245
633
-154
-386
-76
3265
-1416
-1983
283
-510
19
956
-562
548
968
-706
-844
-1502
-814
739
-159
-244
-198
-55
628
-28
-66
689
-2024
-114
363
-785
183
-420
-358
228
-1414
374
766
431
-1635
-49
643
1967
678
-679
1706
-429
1558
-53
-651
584
32
-185
2339
-667
96
-163
-851
-8
548
260
439
1852
-266
-548
1270
564
611
2602
-442
-518
831
354
138
-184
1005
-2234
542
-1723
-740
1133
-138
-390
-1139
-710
-790
-33
-221
1683
-208
-1699
-1936
-457
-934
32
-525
144
-979
519
-608
-304
-75
539
-317
-688
586
-382
-256
-574
-101
837
-450
-136
1108
46
-1263
198
1599
12
1744
-1351
-505
-1022
56
1035
-323
-1020
1252
-657
-1795
-869
-377
-632
799
1095
-136
-1727
1262
792
-637
-225
1153
780
86
-1117
386
115
1101
182
-1057
-562
268
-1159
-1478
-264
-26
-615
-218
-451
-386
1499
47
305
-1139
842
-863
512
-451
957
-683
2009
-667
-1349
390
1550
19
911
-266
-2049
97
-96
-153
-1548
-75
53
-689
-26
120
38
20
296
340
1342
-146
-1240
1046
709
-205
1161
1084
479
-817
806
1405
29
-265
1550
974
399
349
-842
-1127
-515
845
-122
-378
-186
78
-133
-286
-638
-616
-16
-727
-493
65
-1265
-83
1331
-1130
-523
-552
571
636
-718
61
-379
1227
547
-2243
-570
-316
-687
979
604
-2073
-13
-120
-810
1095
-626
-1016
456
207
-1150
-1195
315
1142
-547
760
498
1774
-706
1344
-801
309
-41
-1571
-14
427
2074
-129
161
295
130
567
-207
-169
104
1508
-784
-1140
-375
528
611
175
220
-279
427
1147
277
138
-2331
2344
-99
793
85
176
214
-1733
-2294
876
-653
116
949
-936
978
-298
-361
1141
1225
668
341
-89
-778
-92
648
1185
-202
10
-941
-1683
649
655
1092
515
804
1850
-285
324
513
1041
1766
-87
-364
805
-154
-300
-177
629
-1944
781
-387
161
840
-322
-177
1528
-872
449
268
-1341
155
-842
523
-1475
-322
76
-1589
1304
-2356
-637
-997
-1029
-4
-1057
451
353
479
-603
-198
-1750
-567
2294
-280
1455
-75
810
-383
-1011
-1052
-1773
326
203
916
-1752
369
136
314
1019
-1039
1415
917
-3028
-160
-186
-154
716
-253
-190
1146
-394
677
-1029
125
100
-1668
1301
508
-1055
1172
149
-543
1062
-707
-1308
68
-520
-321
711
247
-564
-572
81
1185
-514
1234
248
568
-492
1254
-200
-845
1221
16
201
-112
-190
827
1399
234
-52
-1067
-431
-1804
1481
-602
-217
1486
-2844
1167
667
-1622
968
-371
1727
509
2163
634
-586
-374
587
445
-479
-717
-261
-863
-390
-543
1360
846
737
728
499
930
-1188
450
1423
-292
-1206
-847
171
380
111
918
-357
-612
217
1998
169
1222
758
-816
-522
873
746
433
-1606
1647
-260
66
422
293
-147
-444
-297
-1216
710
-1090
-146
2002
310
-2199
897
-253
-566
-95
-259
-468
593
-87
-594
315
-90
1558
-1302
711
-1458
322
32
418
275
-599
527
1385
-906
-402
387
-153
778
-320
828
-306
-898
-277
161
-358
2191
-800
-77
-1439
-57
209
-979
47
1592
-96
2538
-285
-134
-1532
-522
94
-467
-35
1612
-317
177
-272
-373
1106
694
-1801
278
-1236
1094
1875
-423
492
-737
-127
-584
217
-1713
-73
114
-340
-1024
-650
314
754
-536
1873
-566
777
1170
-16
1284
33
552
1205
-323
433
743
221
1224
1516
776
767
773
1440
575
-449
-1442
268
496
126
-1569
-229
-641
-622
-1492
357
850
919
481
-973
-305
-1632
-168
12
422
-1076
-886
1298
1235
-624
-552
206
-579
673
418
-991
709
46
122
563
259
-137
246
-273
-1761
1250
1915
1012
556
229
-1308
104
-1366
-494
-871
-1242
1008
574
-974
981
1229
-422
-299
-1019
-437
-84
-1318
845
-973
626
-1057
630
890
-1940
1586
-381
1477
232
-457
721
402
-703
428
-408
34
-662
714
1033
-1345
-38
-847
-1179
1207
343
-1695
85
344
871
-776
193
-617
306
123
-374
-3
-252
625
-454
47
287
-607
-520
-41
339
960
816
-32
-107
170
-816
-581
-773
1321
588
-591
1327
1299
-568
-131
-387
156
164
-1143
336
-802
-466
-308
88
-1265
869
-1447
1283
342
1521
-817
-33
1009
-798
1659
-1142
471
289
-961
51
-1867
-1515
682
243
1605
2124
464
-123
-877
279
-897
1386
-1813
652
1001
4
1332
-1740
1645
688
-469
-580
882
133
430
-1001
-408
-857
-726
464
-1668
-1917
629
-334
675
-1549
1018
-458
546
-661
929
-445
1338
-983
1021
109
-552
-392
-719
-11
380
272
-101
-955
816
992
-768
1588
-712
-134
1291
-259
-233
-825
-977
-54
-813
-676
-1155
-23
898
-764
-2481
1122
237
-992
-511
207
-764
-754
608
-456
-228
359
159
-1666
-362
767
-54
-136
-432
-1156
-104
-1167
-1595
-1359
-480
-770
-578
112
227
-2085
1036
808
90
872
509
-394
-62
-51
1108
-1174
-1747
-226
1232
-813
-240
-1362
-1488
-1084
422
338
-955
1135
1376
-103
-229
-863
-223
-435
-535
927
-799
-847
-1595
-1374
-388
871
595
-434
131
1525
-39
1473
-1625
-281
185
-729
-542
1588
1801
-1299
-666
-941
-342
-42
1545
126
763
86
-463
-344
-128
287
-232
-82
222
401
157
186
268
-2038
260
-1940
68
-193
228
280
-1333
875
-644
254
-1090
430
1709
-257
1447
-988
-475
1131
-395
-67
180
174
801
-1048
-742
1105
1265
-310
-433
562
198
1054
277
254
409
-1311
394
830
-561
1464
1307
-410
-738
1284
10
254
759
-1159
-1271
-652
-1130
-281
-2044
515
83
-2141
1117
351
549
307
-611
-147
-1205
338
956
-259
303
1313
756
-1593
882
1125
-954
-560
-196
-1393
-1295
-629
-2792
-590
-707
780
-735
334
51
480
289
1392
239
-1324
-4
152
1304
466
-302
-668
1910
76
116
-1152
51
280
127
-402
452
633
319
-291
-640
132
-1026
278
-874
-722
915
-1131
-96
872
-241
-1564
76
152
872
499
868
352
655
-115
2228
229
-2401
326
989
56
492
310
-164
-69
-17
-74
-836
951
726
-784
-234
1342
-374
-1095
-382
-1127
-204
816
1693
-497
-465
-1445
-1705
641
-598
450
375
621
574
-781
-616
777
106
347
1603
195
1565
-439
-981
-141
511
23
405
-612
481
1253
578
-912
229
-354
-203
-564
-1499
-686
208
2171
189
-61
1317
1818
546
-1185
783
-144
1189
-1442
-924
-270
480
223
-390
-375
19
393
1605
-859
167
33
278
-129
117
215
348
1550
-130
-45
726
-230
544
791
-246
-874
-1411
-438
79
-295
592
1059
-909
797
2368
-91
540
-723
1028
-324
-145
769
5
1319
267
-451
1039
168
123
-2137
-1064
-205
-1031
-932
1423
-639
731
-367
-1658
-1141
357
-1070
-975
1673
187
487
-919
-38
-1865
429
530
-1126
59
-290
1812
-433
840
965
-1418
452
2744
-1279
1199
-400
-673
-789
177
-2061
-794
-1184
-605
-327
3
203
-886
-102
913
450
223
56
601
703
-333
2110
1590
389
418
1149
-1048
757
809
-1696
-345
-258
-913
325
205
171
296
-115
134
758
-2066
879
-1621
-988
1802
-110
228
515
-808
-1621
1403
-1571
986
1461
-168
-2278
240
173
-581
235
-97
-134
-1326
557
401
197
-331
-844
-1508
-479
247
434
1803
-305
-1701
-8
1036
509
-1678
-182
158
-506
1151
609
883
-857
334
690
1647
-467
-372
524
546
-2362
813
549
1224
-161
903
663
-200
1054
511
1086
833
155
-385
-154
-1003
-1524
-163
1644
-557
-581
1007
-60
-415
434
-228
-239
-812
-996
-128
1232
-81
-489
-8
-1001
601
-202
817
1125
726
757
1913
2083
787
344
-990
472
-719
-1206
-554
-524
-870
-188
57
-827
-894
1492
-523
754
-445
431
1246
-57
-480
224
-481
-59
230
-193
-1674
1335
640
-75
415
502
-487
-59
409
544
356
-427
-1232
-42
-387
1621
-422
609
1064
-452
648
939
-876
494
471
-1243
1
1725
-248
1794
1613
-416
-671
-220
-90
-952
-83
822
210
660
483
-659
-355
780
-73
1324
-572
-1362
-1009
-2267
-590
-1783
262
1362
-670
131
-197
-794
809
1007
-257
855
-68
1626
2151
1508
718
-246
443
399
-88
1463
56
467
1057
-35
224
678
508
-1210
-801
184
-1059
-128
-1246
123
-748
-607
-1666
1986
-2102
-1440
90
156
381
-1657
1438
-2028
1071
-232
1484
981
52
703
-810
-1052
162
-789
1124
-494
-1891
2385
-1334
-608
463
329
1310
149
-358
1532
-1511
1222
-496
141
240
73
-778
-1000
750
-350
-1448
1481
769
78
-607
-9
212
990
1396
-1422
327
2090
-1033
-383
536
320
-1321
-1355
308
64
2049
831
1451
28
219
3171
-850
-1311
-503
867
104
747
1436
-140
414
1113
364
-870
-399
-1334
-1678
-1901
-221
-432
786
700
451
665
299
1607
-576
-307
-587
127
-431
833
-1963
-1964
696
310
756
636
-136
55
165
-232
1702
1232
-1107
-191
-723
-1813
3
-324
141
-730
289
-50
855
-1672
-1644
-1913
364
1989
-694
-1427
-1909
447
1524
-565
642
1115
1018
536
-1536
-510
317
-117
-625
-1165
1605
158
719
-1297
1137
-489
-1581
-314
461
938
-51
682
427
166
1980
628
-1523
210
-1060
-88
-733
537
939
119
-302
-729
-1814
-1263
-49
-427
676
553
-152
-1196
-390
-7
-245
1402
-242
-820
1413
-1420
-615
1037
-1563
509
1076
-536
694
965
-522
1450
-55
68
1467
1125
-336
686
-950
-1078
-722
964
-80
-490
-388
-348
-219
-713
-746
695
-436
-898
-916
-895
-787
-262
777
1072
902
167
562
1812
481
-103
-722
-1160
1104
-857
-744
-276
-304
695
-369
-645
-817
-1166
-856
-73
941
-60
37
-150
-1545
-1784
464
802
-207
-1958
66
116
-1192
873
-871
482
-1338
-1195
-199
-326
819
1720
949
-1754
333
583
-795
1025
256
545
-58
617
1621
855
1063
-147
20
-1643
-304
-94
1195
-937
219
799
-276
-731
86
-1256
-1038
-641
-704
-173
922
-625
726
537
-1090
-485
-1343
400
-417
537
-908
16
-795
546
901
414
655
-1095
-1017
-1107
1356
-2566
-428
722
29
457
-1579
-75
775
1385
720
1470
513
-79
-146
-513
621
-1373
455
195
-686
-949
-434
-979
-552
-595
-265
2299
-152
1196
-1249
-445
-660
206
45
-16
-250
672
-82
363
620
-1211
-1329
354
-74
-38
170
-1271
-454
948
585
1844
-1413
962
343
1354
1710
155
-332
116
-774
-1787
955
-120
-75
32
-1471
2337
568
0
-125
-75
690
-614
-675
389
-1037
-588
-668
-337
472
-738
513
-781
-551
325
-1270
-30
-160
-419
-593
-494
389
-408
-461
976
63
-188
-309
-1456
9
-2094
33
659
1027
-180
1238
2128
-721
1240
780
-659
5
-671
1091
278
-831
161
-260
860
-91
527
-1271
48
364
-1417
1619
1826
502
-174
-184
267
-844
-1494
2087
1278
-609
-956
130
23
-1374
-681
438
500
-1740
1130
206
974
-390
943
-745
249
-1287
-179
240
-903
391
986
509
896
-72
-1507
-127
-988
-29
269
-809
17
-1712
-1432
1036
-1
1663
-1405
-1387
1301
-211
-1017
511
-812
-867
312
-540
-851
2127
335
-1290
361
909
2684
185
243
1062
1094
1706
-28
-61
116
1467
606
-859
-160
377
-707
-1350
-1575
-863
315
664
359
-146
-1071
541
-235
-315
587
319
189
1246
-2075
-206
24
-148
-3
34
-510
64
-147
-13
1174
-1518
-154
-1032
-1755
1008
700
532
511
623
-826
-435
-284
786
422
1986
-54
-76
97
1000
956
279
1733
-491
614
1183
-1194
-230
637
424
-1476
-119
-369
-819
-228
655
-697
-479
-854
-132
-1274
-162
-163
-887
-1681
-132
275
-1312
-240
943
-1900
1015
149
-242
534
834
521
343
-1625
-1447
-487
-533
-1495
-1269
-1174
-56
-566
-590
144
1221
-3398
273
860
643
-945
598
-438
-236
-432
-878
333
-798
836
150
895
-455
-30
523
-78
-9
2620
-195
-391
399
-469
-2199
680
1979
483
-1273
-467
72
264
290
-197
627
-1726
176
467
1497
1777
770
-921
1414
-126
524
-205
-410
-908
-169
744
-820
475
-41
290
-1156
1370
-390
109
230
191
-4
956
-45
1011
161
-948
2290
-853
-1703
1065
-859
-662
-355
354
870
389
-706
1091
-67
-1676
506
-168
-111
-789
-82
-34
-176
1132
-349
-163
221
-139
1353
-1416
-257
218
-2070
-1805
-806
-189
476
-3
-264
374
-490
665
-627
888
377
231
-931
1270
501
-1438
496
82
-554
-465
912
662
1123
-1189
-510
-30
-920
1638
974
-116
1859
-304
-320
105
1105
-420
-474
103
77
459
34
-1272
23
246
1564
-146
514
160
850
-1024
556
-694
-265
823
-22
-1059
101
778
9
943
2526
-881
54
-379
-708
-521
854
-439
555
-283
-885
768
669
959
1785
385
792
1512
95
-1778
-291
-261
-400
233
1272
457
831
-834
-894
1577
-256
664
431
-504
142
-2053
-1570
-640
842
-7
-516
1446
-1979
798
1067
-182
-111
-1952
-44
103
435
637
-704
-432
119
-519
-1010
-645
-1503
-208
231
809
2510
151
435
1022
-519
262
1846
-1407
2271
388
-1014
179
-317
1594
352
535
791
1040
-1406
-237
143
1006
-234
-364
19
149
88
-157
292
334
215
1079
-241
-1353
223
261
1080
-756
-381
839
-566
6
-1008
-1845
184
-224
3
103
234
440
-433
-45
-523
-332
-62
49
-943
1034
70
-544
722
-1513
-306
-340
-122
-1669
-777
1574
763
620
263
214
-842
-374
647
-239
1209
-909
-967
209
170
1171
351
1151
-561
381
857
1026
832
-272
3133
-431
1313
-719
-88
664
-300
-137
260
-590
-1255
160
1032
-352
-1381
-1077
2218
-1134
86
1483
1293
1579
-815
1832
-556
-67
-1391
-1600
-282
226
1084
95
1818
-962
66
-257
-807
411
-152
601
974
-1498
369
456
-1022
1209
-303
-1002
727
852
-643
523
-593
-259
211
985
-1457
14
-1035
1114
61
-1770
-726
-630
-1000
130
559
36
48
-874
254
105
130
-23
424
-168
776
-247
-1269
-1331
925
904
880
50
-328
-100
-121
-231
-1426
-1315
-2363
-397
-161
-116
-2096
986
-374
-66
-123
-569
138
2057
2390
-1129
-197
-1232
-735
816
223
342
2085
182
125
-393
1050
-199
-1992
-68
150
-930
-285
451
302
-265
922
475
259
-973
133
1352
463
795
-434
1667
237
837
123
-848
-786
-975
30
491
-208
442
94
-193
-496
-677
614
-57
-1728
41
-324
-2360
311
-2493
-605
1491
-544
-308
-2041
-31
933
-974
435
-1664
-44
1046
-328
-2014
121
2898
326
1449
-1801
-1348
666
504
-199
936
-1365
264
-399
1608
704
-60
577
778
89
1018
544
2795
-1200
62
-1276
905
-303
-263
-320
-1520
1690
-1552
-568
-123
1164
-237
978
-832
-853
-1022
649
1080
-356
-196
-376
-1250
-252
1320
1577
-84
-169
316
919
927
81
-468
406
-369
819
-1061
-1165
-526
1661
-383
708
-858
234
361
-168
-856
-512
-419
-211
-2264
447
-898
836
1051
929
-1621
-1297
-315
2099
968
707
-20
-307
-97
1827
555
246
91
-1508
-789
-578
563
-419
-868
-1039
574
927
476
-2102
2176
-1004
-345
-407
284
-1769
-751
1343
-489
803
-578
-789
-48
-197
-607
380
808
327
-120
191
-287
-1203
194
245
-1127
-75
2253
-42
173
-57
-701
-1488
1214
1733
762
-1479
834
-187
630
966
-2213
217
1570
-815
-392
-620
-872
-601
-354
-505
-547
701
-198
236
-286
1251
-10
1298
-26
-891
-878
-189
-407
-161
411
365
-2053
-623
1788
-446
1230
1850
1409
-67
-39
914
771
-176
1152
1632
-1132
-702
22
-1946
1247
-140
-1069
1120
-1303
882
379
-1089
-1461
-949
28
1872
-325
1422
592
-424
-463
661
739
281
134
-107
-915
1603
1221
793
520
314
-1334
640
-730
574
-563
298
-658
1028
-844
-572
391
-525
-607
2969
-1344
-1790
-133
48
147
-488
-1429
-1363
366
862
462
404
107
-761
-241
-1174
324
959
1383
312
-747
-1457
291
569
381
397
989
-1183
-459
-1767
-1125
306
-363
326
267
1742
1793
87
194
1182
877
25
756
-146
-617
-768
-1013
-344
108
380
770
-1288
-726
-266
711
-342
-447
-651
-1502
-219
814
-1141
139
1178
243
-2403
747
383
806
384
-205
522
83
-1030
1022
1585
-986
-1408
-607
-194
-30
43
1340
377
-1338
133
-244
-1260
1219
-468
-932
-270
586
315
-1419
1213
255
65
1171
-910
-1588
-988
1
-54
991
223
-1170
874
554
1197
814
-115
-1515
-1196
161
979
-636
-689
-772
-2219
1171
437
-1336
-167
925
-1799
1088
-1099
485
909
942
131
-274
93
225
608
1886
-1859
1001
-1179
618
-249
-429
-1368
-14
1868
-118
661
197
-86
-397
1071
-835
-355
-1173
-264
-70
259
69
-259
2054
451
692
1077
-520
-258
731
64
925
-842
1478
494
387
-1001
-644
1099
-1081
-594
-1068
-190
2
275
291
163
-317
462
679
-1079
-2195
-437
746
194
2265
450
647
316
884
-604
1756
287
128
710
-1212
-517
594
131
-40
-824
-854
-509
-1035
-1183
1126
1951
617
1055
-51
793
18
-740
2470
-65
-238
605
-21
1508
-962
320
-820
-540
-528
532
47
-318
-1163
372
424
952
-571
411
758
1008
-1605
913
-1793
-1501
-131
69
1313
875
288
-626
96
347
631
-38
-106
352
-330
367
-1348
458
-477
497
821
526
-994
1385
-135
-66
-286
-326
-226
2039
498
-422
566
313
-125
-617
819
1568
-118
840
-878
160
-2092
308
-493
-404
34
415
742
1343
408
-469
-756
-455
-900
276
822
225
-100
-1191
-892
-1571
-14
-148
349
-881
-606
807
-5
-420
-548
908
389
-1016
1549
-2065
-990
1671
1041
-1072
-375
509
738
-1275
-163
762
3032
-337
-592
243
-147
634
780
765
56
-1134
634
107
956
1184
269
788
-1515
-340
1129
610
436
-1316
100
296
-301
-941
271
-971
-927
-292
-355
-1495
-31
1037
822
-2440
769
-808
-760
596
1080
1047
-72
-283
-433
1242
-1459
186
563
219
461
644
-1921
456
335
-710
243
814
2062
-488
272
-759
-926
213
-181
-1244
-348
1850
159
1515
673
478
168
914
257
-3396
-681
386
73
309
204
-942
876
457
404
1164
-218
711
246
848
151
802
-1182
-502
338
-592
1486
89
-397
-728
-519
530
-46
-1024
-443
354
547
892
-1339
121
-1156
176
-1215
941
334
353
90
-582
263
-1814
205
-1694
-636
2260
442
-922
-960
-138
1291
978
-122
-1431
-593
-443
-1091
517
-953
214
-2069
457
528
1359
560
320
225
1461
503
-422
-716
-662
-1170
2503
-964
486
223
75
-609
1590
-473
443
-636
-1696
252
-115
20
392
550
831
-141
-13
186
1122
-985
-1796
-156
-526
-11
-272
-822
-1047
-551
-958
-753
611
998
1301
465
-1481
168
-49
2074
583
-1494
-1464
-755
699
40
-483
961
481
514
353
-1996
-432
-1123
884
-1007
-999
-741
-478
-1312
-830
627
-859
1464
1141
-329
-807
-48
-294
828
12
-415
1314
-642
1539
-222
829
-727
-529
2536
1012
292
-996
55
-161
223
2122
1142
-1193
-1425
-1550
-2117
-353
-100
1572
59
-1271
574
1156
-685
338
-456
-1182
1979
-134
272
756
90
-1277
-597
365
-907
-1152
-444
-37
432
-846
1316
794
749
-1445
1095
-1074
-836
-237
-322
25
125
392
-841
-2059
-1047
-1752
-88
31
1067
907
1475
976
-1395
-373
299
-1619
852
-295
-9
-558
-323
-106
654
334
-1745
510
297
549
-1897
-1113
830
-56
879
-265
-656
-1211
-915
-535
-1602
-678
-1059
-273
30
-1733
-76
-885
1161
624
-1761
2
-321
-822
232
-1282
-1100
1316
943
1782
438
-1099
-364
1145
-503
-576
294
-1788
-1836
261
376
89
-1084
-784
1823
157
838
580
-1141
53
444
756
-767
-574
-2229
519
384
386
1320
528
-846
-1087
-438
1616
-735
815
-375
312
-652
458
-2313
-551
-133
1114
-475
241
-683
-587
-110
-1292
1620
39
453
865
-1774
639
316
-163
1373
671
-1001
-1584
-1511
1555
-205
667
-361
-569
-453
-1169
434
666
-364
725
-2431
721
-1016
813
-1011
327
-1023
210
-454
1361
-962
-186
-1035
437
183
91
108
-420
115
-16
-890
827
274
1517
673
-643
-374
-1132
-1390
-1185
-198
-703
1680
1915
1358
-702
28
-820
-324
980
413
1628
-1130
1104
101
-360
-14
855
-682
-398
381
-551
174
-1942
-1734
-666
854
282
1662
-126
390
1126
-805
271
37
102
1014
-464
1852
604
797
605
-1132
1908
1298
1044
33
-675
-876
-1161
-276
1315
-1076
1619
384
-825
-1840
555
-485
137
612
-121
-444
-23
-595
-370
318
-602
2309
-711
1223
292
-1028
476
-508
1477
-398
878
-257
-1212
231
-672
-580
-937
-716
274
52
-2056
-264
575
-92
-1129
-1176
552
1429
-755
613
944
-105
-1002
221
-149
217
582
-799
-967
-383
-249
830
-1408
340
669
786
-237
-109
-118
99
439
-637
291
1416
-82
760
-890
-756
293
-278
-460
-736
79
-1241
1379
-775
-2283
2456
-1403
1920
635
-93
-1351
293
834
-396
304
-309
1381
-1867
846
1237
143
85
-569
-441
-1979
-1076
892
584
1035
549
-1152
338
382
-1253
-697
-1238
-769
10
-504
-43
-1542
-144
2698
150
556
-107
848
-506
866
-207
-79
1396
-805
-389
84
-618
-828
359
-362
717
659
1194
397
-1199
-792
-1738
651
-1445
267
500
682
1180
-219
-737
1289
1381
207
876
-724
397
1679
-135
-33
-1012
-170
-146
-45
139
270
300
-324
541
-573
-307
-427
399
242
-328
554
326
329
619
-826
-805
1127
-1096
1131
-559
-935
164
-293
530
799
-194
61
669
1075
-362
0
-580
-142
350
415
1055
-1392
321
-289
-145
277
-1105
