13 75 900
0 1
0 2
0 5
0 6
0 9
0 12
1 0
1 1
1 5
1 7
1 9
1 10
1 12
2 4
2 6
2 10
2 12
3 0
3 2
3 3
3 4
3 5
3 7
3 11
3 12
4 0
4 1
4 4
4 5
4 6
4 7
4 11
5 1
5 2
5 5
5 7
5 8
5 9
5 12
6 0
6 3
6 5
6 6
6 10
6 11
7 8
7 10
7 11
8 3
8 6
8 7
8 8
8 9
8 11
9 1
9 8
9 10
9 11
10 1
10 4
10 5
10 6
10 8
10 11
10 12
11 2
11 3
11 10
11 11
12 0
12 1
12 2
12 4
12 5
12 7
9
32
41
38
47
10
48
71
53
67
1
14
50
3
61
11
63
35
22
73
17
21
4
52
19
27
6
7
54
65
16
2
45
64
70
66
51
25
44
15
23
43
40
33
42
39
12
49
58
18
74
24
29
56
62
13
68
60
31
28
46
57
37
55
34
5
8
69
59
36
26
0
20
72
30
-2423
64
1220
8
1123
1042
1607
511
211
927
-605
-303
-58
910
-646
133
-100
917
289
1357
-1106
-719
1009
-272
-1350
640
-584
-1244
317
-54
-98
1235
-666
-2226
520
-204
-146
-102
-1353
1615
-2271
593
-971
-469
-661
152
1052
-1767
726
-27
487
-1301
745
1924
-1518
538
-1138
66
-1750
-1076
-757
79
188
534
202
256
-188
637
349
-220
-373
-104
523
739
-1047
1587
-72
246
-719
225
-549
745
1048
-380
826
-876
130
-269
-1231
200
430
686
-752
-1568
-1756
-287
198
-1019
576
444
-5
-203
-361
457
-238
-523
-256
331
103
-282
283
-120
-701
-770
-1986
701
-393
-256
61
1471
886
208
-814
-210
732
-2031
-171
227
-771
-293
-1420
-10
27
68
-526
-155
-228
793
793
459
2051
-1428
-1114
1792
-720
-72
-449
-864
1034
83
-776
620
1477
-283
482
489
-1078
-422
-1605
-638
-1218
-1917
522
744
-69
1896
-766
-328
334
218
-165
-2874
-1514
1349
-668
-871
-695
-730
-204
359
2011
-500
1051
518
-694
239
-696
277
-196
-422
56
165
758
-1085
-711
169
24
-342
-141
205
1743
-295
-537
550
68
500
1303
-842
-1194
69
1076
896
-940
368
89
-15
686
382
-660
-1
-1810
823
254
116
-359
-538
564
-296
174
2187
-379
-1078
-2202
215
623
146
1347
-1617
125
-955
135
1292
522
276
195
-523
-258
1361
423
-297
-40
-797
-436
-597
144
-1808
165
-345
1871
609
524
701
69
-691
175
537
-920
1076
556
703
-341
901
711
1124
-1315
445
-683
-120
465
-343
-332
-821
-197
169
-779
361
-254
1052
-269
-486
466
348
-1070
115
-979
400
1683
2136
85
-927
-973
745
473
-1243
1168
596
-266
-1034
-1004
1346
-1012
-379
-279
-1209
592
-1051
-977
-404
1391
202
931
-206
247
-542
1925
-91
-1753
951
-714
607
-935
-1184
-1054
835
-609
-369
1104
2640
1012
891
1221
107
-1408
1133
643
-550
532
-702
603
-832
-309
-614
1220
-1056
1238
-1094
-427
1625
-987
-442
508
-798
-698
-1591
-1087
-696
723
919
1132
1552
-1089
-811
-47
-437
473
341
1689
-467
-56
609
-258
660
1982
-544
63
-1272
-1113
-550
-922
751
737
-1149
784
349
-1297
564
-342
1464
1079
820
-1586
742
1488
1086
517
-908
627
-896
855
-1357
-762
-600
-1364
-323
336
189
-16
-340
1138
-456
1122
-715
288
480
658
-609
251
-1870
-740
190
861
349
-117
34
-825
-1428
225
1235
674
-528
1539
874
526
245
-1793
-701
1108
1624
-1420
1465
265
-101
-609
462
-570
443
12
-773
-67
-825
284
-1466
969
2083
1236
-635
-1265
-843
244
-451
-613
244
246
-883
-592
666
-232
-355
492
29
-93
1367
1166
-43
1847
937
-712
893
416
927
87
930
392
378
-148
-924
-128
327
46
982
-289
-210
-764
776
-1768
-130
2160
-1040
-82
364
-367
1577
-1054
340
-1819
-670
1021
743
-1985
1943
450
-810
107
16
847
484
-455
1566
-908
-403
461
756
-361
1070
-1105
133
613
-1674
-98
-787
-683
2124
-55
-350
1564
1614
273
202
-708
1160
1072
-671
22
-350
52
98
23
1017
1088
-481
83
-377
151
987
-155
-885
-1125
-855
269
-11
-202
2
-657
1672
665
-431
-1740
-392
634
-37
-1145
-1348
733
1954
-488
-645
-1354
696
-471
722
-863
308
-157
-1083
-178
1565
-725
-212
1459
1184
-439
-281
721
102
-475
168
-1335
-85
-392
511
1219
850
754
595
-1294
972
-1216
-1980
-59
785
-414
-838
-1678
1408
-911
-974
959
-786
1228
1310
612
-1055
-133
655
403
-1158
893
-1679
394
1178
1295
936
-491
-983
-459
714
164
-73
-165
-162
818
713
509
1121
-2250
615
-711
1195
146
-1244
413
1374
751
-425
570
225
249
-902
-562
-647
43
1174
594
-101
1138
40
-1699
-214
539
-921
-915
-1633
-617
53
-894
827
-610
587
241
-650
-437
407
-347
-653
-885
1417
-68
171
-367
-1343
873
-1051
-538
744
904
-288
-337
41
292
-202
-765
91
-464
-1408
1333
-181
-1671
-189
-32
-136
-640
771
989
-369
-1645
117
-230
-2
-821
308
582
-363
-367
833
252
-43
-774
53
-654
2522
-829
186
778
286
163
286
-331
648
-352
-823
-1362
-329
-746
537
-1890
416
-2721
-384
-589
1316
361
-720
-1343
524
372
-239
-166
-349
253
119
621
487
-1061
937
719
-222
645
1289
89
1703
970
1204
828
2195
-95
-1100
1500
533
28
543
1581
-103
1296
-1445
-362
-780
-1030
-177
195
185
794
513
456
-407
1818
567
-761
730
-1185
-769
-875
598
-584
-1109
115
488
643
-445
167
601
956
1485
258
-428
-778
-1215
-301
-132
-215
-1056
161
-711
-158
-651
396
267
966
-36
43
837
-1953
535
2380
175
490
-872
880
267
260
-946
456
-187
-658
39
-88
-331
322
901
452
-347
-483
-232
-282
235
-72
-827
-675
1147
-465
-807
646
-112
-597
-165
-677
102
-618
-394
1542
634
-431
156
-463
1551
670
-173
-965
-480
269
-1139
897
280
1026
884
-805
544
-694
-690
-64
-1273
566
-1058
-2
-418
-723
-1936
-2263
-1367
-2019
116
160
146
-1178
-717
-71
331
-764
560
-322
-1003
-9
-71
1025
-258
-765
1560
294
683
649
1332
432
1235
1482
-605
539
438
-2039
1000
-922
-1094
734
-949
1097
-110
98
747
-409
395
-414
271
-1120
-210
-28
102
259
-462
-7
1972
1607
569
1727
346
-851
-719
240
-79
444
-521
1071
1627
115
-332
-299
2027
624
-371
-97
-198
360
660
-757
-318
-2079
-618
-115
-512
1899
-1181
-715
-1272
1315
1551
469
1303
739
-2104
1091
-2013
204
906
-130
-1029
-490
636
-485
-1229
-7
486
1213
529
406
-364
-853
-1197
-744
733
733
-79
-174
815
-109
-125
1112
1693
-1182
-173
699
-439
105
-1195
-237
-222
-1397
882
-1079
-758
-1491
-79
-993
-501
-835
-452
-828
-2128
418
1355
-470
533
-614
720
-689
-1499
1499
124
142
-379
1509
-457
-14
-555
-1181
-414
969
-929
-138
-315
-1018
335
1809
-1376
-857
976
421
1635
643
287
-622
84
-186
-1748
-823
80
-115
362
2251
1226
760
-2280
970
756
568
430
-1742
-973
-1830
-1004
2767
-264
229
-543
-400
698
-465
-591
-11
-442
590
577
-707
-1001
-883
-344
-159
-492
404
-1271
-899
167
99
-159
84
-38
264
-422
455
-539
769
50
589
-1157
147
760
-29
-1191
-853
2638
600
194
-776
1161
1131
-1458
-359
291
916
-1103
-923
-414
-303
-475
-1004
209
-97
-116
-1300
353
-432
-72
1035
200
242
346
907
-85
-147
331
1478
1379
-1088
-592
-124
-501
-573
-487
-411
2229
-1009
674
-685
-132
-1603
540
-644
-1348
1293
-1066
-1491
-2078
-1351
-755
-238
-1281
-19
470
1145
1566
1539
1406
1065
892
453
-1085
293
334
-1221
-440
-367
-1552
857
-611
696
-449
2558
-211
215
131
1230
-770
-1086
-424
-286
-34
-502
948
103
-1374
1860
-98
-546
-659
503
-406
-1237
-230
586
251
527
265
-874
1326
323
46
-668
-1126
-562
89
-356
1854
2074
-1233
-1053
528
-1606
1770
521
1901
-358
1278
-704
499
-865
-1644
-202
631
663
668
-1314
-378
-132
929
407
-261
357
263
-846
-498
-865
80
-946
-1017
123
365
-1410
-1070
-1059
-504
-677
-1249
952
416
-1577
92
956
1004
1050
1289
1106
390
-1144
-545
-692
553
523
-930
545
-221
86
536
144
92
-374
-2114
-546
-1172
-1126
72
1340
39
1322
-1129
-568
680
142
820
-658
-170
-325
-346
1022
301
973
1400
-541
1742
289
-693
-732
61
280
-3
-834
-644
-1047
351
163
701
410
-70
-141
-116
-687
820
897
-1498
634
1356
-1773
-520
-348
170
-1113
1395
-1850
-1543
-1380
119
-2467
2000
405
-14
-921
-563
10
935
493
563
107
-1603
-679
-415
-926
1740
-935
-1380
-720
1597
101
-671
1620
-957
376
-579
338
-1
1076
43
-1119
-723
161
1365
131
-149
-947
239
573
1178
553
540
-742
584
1485
584
574
332
934
516
-28
-2452
625
-606
-437
946
-287
1051
152
12
-633
480
312
-720
-125
402
1487
-362
857
465
-1068
166
-1006
924
1445
-498
1038
728
1882
126
83
-144
-73
971
1254
2090
-1433
685
-1225
-1172
2490
333
-726
-1192
-79
839
-332
36
-819
-517
-76
737
940
541
41
910
-24
-198
-1306
655
309
521
668
739
544
396
-1237
462
78
-366
472
616
-1108
-1135
1358
652
4
492
-111
-1007
185
1083
-1086
-144
-1983
-1153
645
-446
-435
431
-717
-1386
-236
-1257
-2726
-273
-296
1143
2109
78
-924
-578
-746
-1217
-1925
-200
726
28
730
19
-519
2678
-730
350
1131
93
-221
-2076
-311
-262
1225
-858
-648
-1094
-380
544
-204
-359
619
-720
296
827
618
-43
-938
1280
271
1024
295
378
-1727
-223
-378
-133
964
581
1585
1006
-805
-638
-282
-85
866
-1128
-802
-445
1317
884
-1659
1008
1670
1500
287
-214
-499
-2015
1532
-534
-526
649
-768
-1661
464
-839
-553
-1662
-682
460
-337
-2045
-645
-56
-493
981
996
-570
-1951
-421
-381
1879
456
279
-789
1270
-2053
249
730
596
364
681
-1065
-614
-163
-376
-1259
-906
49
-449
-628
-982
-67
276
128
658
-81
1071
-415
1276
-795
-274
-1244
-89
2119
397
1918
317
830
-1485
-117
-194
1619
-1247
-470
-689
18
148
-99
1087
-298
386
1244
-470
201
393
309
-1498
-823
-229
418
797
-208
-1606
707
-975
687
678
-1244
-668
1432
-935
-155
342
383
-90
-1340
1826
845
-364
238
-1041
-1204
-866
124
-584
-1969
1139
-290
-106
13
-685
-882
1710
-1001
457
-573
-258
455
-540
819
29
-339
308
-259
-45
-1134
1612
-172
-1523
-2256
450
155
667
-1214
979
492
-30
-2428
-644
1134
111
802
435
-1113
-202
374
-1510
181
730
1001
1211
-1694
1789
202
-1157
1112
-1050
226
720
1804
-826
1213
-494
-430
-1353
130
1186
-1289
1105
-432
885
-528
587
-1521
-723
843
592
-80
-598
-52
-656
1552
-306
160
-484
-504
780
-1306
347
4
121
-1721
388
-16
131
855
-374
137
-108
1936
-57
549
-1066
221
-219
37
1200
-307
-435
-177
-1086
-979
-445
218
491
45
-951
883
23
-497
-894
9
115
2188
308
-309
367
1322
1944
30
380
129
-651
650
264
-637
548
-67
347
202
1647
-884
1655
339
-1015
320
-167
-402
-361
-1605
-131
-617
-509
1437
919
-129
1267
-1264
-637
-324
938
414
721
-83
94
1415
-148
-353
1770
1091
49
537
823
-919
-394
379
758
-9
-1263
-169
-672
-545
1609
-690
1741
631
2086
-15
1271
-974
-419
56
1240
-601
963
446
-499
-15
-22
-704
-438
-207
942
778
626
990
526
-253
1004
-117
-2080
-257
-125
1104
73
-580
-290
-398
-352
688
-930
1396
621
1263
-1872
250
307
-684
240
-422
1186
1036
81
69
839
-43
-891
106
225
513
-593
2355
-2101
674
139
364
440
-604
857
671
1634
-999
-192
505
116
927
-958
-1709
-1267
-370
-171
406
3
-39
921
454
-323
509
82
825
-1120
-349
1653
1350
179
1271
-719
1005
193
-66
-133
-915
2844
-385
118
-382
810
-453
-277
-579
75
560
-579
-381
-239
278
-237
310
-5
-2562
-304
1154
532
583
1039
533
23
-584
-411
357
422
-1192
107
450
369
48
-1075
160
723
243
-915
-1201
498
796
766
-576
-702
1090
-668
-489
203
-36
748
1117
612
1177
-914
734
757
-697
-2057
-493
-137
375
-1411
-362
80
317
-1485
-228
1790
-1425
181
-1435
1307
-252
-1242
410
-938
91
-680
94
-88
-173
-188
-727
-791
322
1990
-230
340
1646
-903
-325
-1277
-1282
-105
168
469
-9
339
-279
-129
-1160
506
-312
153
-1114
222
-1068
-140
1690
595
799
196
-524
-173
585
-427
1012
1598
336
10
1490
-345
-149
-893
724
804
669
687
-254
-888
638
-83
594
1158
831
844
944
-260
-2
1200
603
-55
856
20
-12
-692
-592
-512
1091
127
-314
944
1801
746
-711
-560
-281
-1114
-374
-309
-258
885
1281
179
220
31
-578
46
375
-95
-2333
205
1406
-287
-715
-245
-1895
275
-475
-474
873
-1405
-1621
-461
-1133
-1017
425
812
18
-808
-1652
-545
-275
-155
679
-940
-379
1691
199
30
-290
1132
1474
-1658
675
743
897
248
62
-392
-1160
1091
1073
635
608
947
564
-1568
1583
407
-1341
-270
-1620
1175
-661
537
-526
263
-546
510
-191
1164
-124
-89
-88
-720
874
-672
-602
-31
866
-296
680
111
624
-642
-171
1802
383
184
-1718
40
289
-315
-560
-735
-195
-1999
1811
-308
-1627
-629
-1177
1693
-426
52
1107
-244
406
823
-223
-83
1202
-853
-1067
164
-1004
-35
-701
-384
-1324
207
171
121
1093
-571
2063
-316
-229
-820
-133
696
-2116
-622
898
-535
154
112
347
2519
238
-931
-838
-1684
928
1765
918
-1942
-321
47
-1176
515
297
-333
153
2600
-727
-215
868
-1370
412
-1662
211
461
1289
36
-216
424
-681
895
-1030
805
-2129
-36
519
-796
991
-1123
101
246
1689
-158
-1109
2200
1177
78
248
700
806
-97
-1073
-27
613
-307
958
2478
-322
-1100
1265
-859
1975
-1451
596
176
-580
1271
-1034
829
-472
-938
700
1355
-192
552
210
432
376
969
358
1227
755
-49
162
1057
132
1232
-1650
-442
1268
-1376
456
1372
272
150
271
-627
278
625
-598
-65
794
120
-515
-150
693
-326
2035
136
-384
1319
-1287
636
-952
46
-1238
522
57
290
-1053
-416
579
-148
23
-528
-998
-477
-817
-806
-2449
-1902
-951
-794
-388
1106
-1089
213
-115
-275
-1738
971
728
-1115
665
276
1579
1118
-204
-1452
332
-632
-1029
1001
-45
-16
-170
-375
-246
-654
-477
-1237
894
617
-1429
-1680
203
1929
-72
-1961
-539
-341
1063
370
757
192
274
-615
-106
-823
-910
-1496
-1507
-16
-72
-182
-131
-928
248
133
-368
-1009
-360
-1003
-1280
760
396
196
305
221
-198
266
-765
-210
-699
406
1465
-676
-1730
169
284
1714
201
1249
430
-23
1003
-504
-58
-452
2154
661
1477
-136
118
-669
-564
-1181
-1479
-408
396
-864
-610
94
-119
470
1719
1050
980
428
-343
43
-221
-667
-84
1052
-1402
902
757
-323
-1045
659
-516
1330
-238
135
530
202
-1189
-633
524
-860
-1013
-827
-1771
163
-712
-210
63
-728
-2053
-254
-128
-439
2089
330
-501
-1763
144
184
263
-231
-1417
752
-107
2048
-775
-1681
1512
298
-1505
-980
-1338
-909
-892
-239
-656
-457
-810
-1469
-1067
947
224
-413
997
1717
868
-156
593
1396
380
1324
-977
-543
-766
-78
33
-945
167
-549
1150
760
-1504
1492
-548
2155
-78
0
-1173
-1082
-398
-453
951
-536
656
553
891
403
-1605
-807
755
830
73
2775
1143
1046
1090
-235
-123
-635
-545
756
1179
1476
-340
-62
-323
-375
-1149
726
911
315
227
65
-2021
1007
1542
400
-61
-260
571
-1822
-809
11
1196
84
-539
1402
636
-30
-75
-25
-761
-121
31
-93
-1785
1017
-835
614
-5
232
-1460
-908
384
690
-1708
62
1432
411
713
-1199
-791
-335
-21
-131
-1366
-224
658
594
-172
-1794
360
-278
-200
-203
1033
-496
786
356
551
-455
587
-347
-497
671
-923
-632
-472
-1126
1180
-146
-811
980
-1306
8
-1309
840
-779
-1255
-239
-1248
-720
-965
1350
-1314
-1504
553
55
1269
194
593
-197
726
-994
-330
857
969
1042
-928
1045
-1312
-11
-582
124
233
310
724
-387
-186
148
-503
42
141
-1299
-566
223
388
-663
87
882
-148
2624
1000
-992
-251
222
1074
593
952
-1139
-1223
950
-932
143
-411
-587
-472
1682
-1039
677
150
-335
-1044
1134
-334
-114
-12
-331
805
-433
311
-999
-274
-579
-154
968
-1118
-153
444
472
-1566
60
1513
-576
-63
1335
-1001
775
745
208
412
898
718
-327
-92
413
-143
-858
-1258
1010
-1283
-772
133
283
-300
524
1299
-1355
659
834
-349
490
367
110
1081
-1270
-1156
-207
-38
-423
-316
29
-1027
-579
-241
-1716
-1245
858
1405
-1165
824
-108
732
503
351
-27
1341
-249
469
-752
-913
-301
96
246
-1495
-198
30
28
765
-56
1364
2380
-890
219
-619
1617
-1270
164
457
-525
1057
-1586
163
690
-161
474
-200
-214
639
-897
-540
554
-104
-1047
1095
35
114
1507
29
-1750
942
-133
-115
323
275
891
874
7
-588
713
938
129
221
856
88
-645
1566
-875
-1295
304
75
-547
-541
351
-358
-800
747
-1782
-1078
1439
488
289
1632
-717
1644
-207
994
278
9
-592
-2216
1663
-242
-1830
-254
-1311
2686
-514
32
-548
405
1093
-2465
-462
-1434
-730
661
686
745
-452
1379
273
-1065
-821
929
1225
-429
-89
328
1158
187
-20
-1265
-1800
-919
-337
-1547
2219
781
-249
-1168
-956
450
1749
602
556
1154
-347
-2121
-249
-16
1404
-685
744
-1163
244
2196
294
885
39
383
-460
142
894
1725
497
-576
-240
-3
1806
251
-149
-2
170
-340
756
-1271
-706
884
-1005
303
693
-1062
-429
-659
-503
-344
823
-903
1055
1274
58
1216
2347
-497
414
-280
-955
-1101
-265
-365
1376
2670
774
1330
-110
2237
219
1677
-199
-1352
-592
-190
1599
-2205
557
519
834
-863
-641
-584
-1054
1118
-164
-999
777
-222
-1334
761
-542
491
-1161
434
-544
1940
689
-1262
-736
-569
-226
886
393
1001
-78
720
-106
189
-34
570
-401
101
2031
-238
933
248
354
401
-1342
247
924
-2059
1807
443
-811
-115
1030
-1384
855
-1585
1179
-163
-1211
-1312
924
-1439
255
-249
200
1104
55
-615
-1477
57
1332
-657
1031
-66
26
155
9
-289
-356
-106
869
610
-345
814
-761
871
943
-1288
-1125
-672
654
1762
286
-1361
775
596
-750
-45
-97
746
99
1889
-131
-100
-1281
-391
919
1255
-1356
-98
-919
993
164
-290
21
447
-1158
-531
-1072
112
-748
40
-979
-2403
-2578
699
-17
-758
422
1236
264
-51
-738
264
84
-1710
3028
1872
1107
-208
2080
-890
-700
-1298
87
132
726
125
1292
228
2469
-450
741
-354
485
-193
756
-35
-1314
-919
-321
-591
-822
-300
-300
1205
-1305
114
-191
-848
-768
-318
-893
1625
-239
997
-704
1580
109
123
280
-734
510
-1593
645
115
406
602
1173
-56
-317
350
1354
-61
848
576
1009
-37
-1569
1897
-1340
-299
-653
764
791
-248
-284
-480
840
268
207
-596
-400
484
-1121
492
1072
-244
-2
1106
-1088
-652
-1065
-522
42
35
-208
-948
386
886
-653
-886
271
1182
184
-732
-1266
-1752
-238
1717
-112
-32
-786
-165
-147
1615
637
641
-526
2000
504
-438
-589
547
-21
-1014
-542
-281
611
1004
1437
-111
399
-70
-1294
2559
-169
-173
-487
-1436
211
-5
873
-1538
-8
-1082
-1722
-759
456
341
-1567
1773
556
1072
-347
980
472
-1347
-1768
2248
1593
2490
-1744
-1062
-147
1480
200
990
-910
-233
-486
347
1856
890
-1092
-128
-608
-689
157
1236
419
-352
326
261
-1258
899
753
-396
873
-1206
1452
-1832
267
988
-16
-560
2060
-879
-2218
-1320
-839
-792
-977
-34
516
-610
288
212
484
-1335
-1482
-538
365
1290
-229
1506
-265
249
741
-799
255
172
1205
187
-1000
1271
729
-423
-153
-20
185
174
-1315
144
421
-661
-93
1434
-1053
645
713
-1172
-431
-2048
-1078
498
-1534
-305
-647
-146
-750
1901
126
286
267
-557
-23
-1133
243
1013
-261
-635
-351
-3
664
1051
-676
247
837
2947
-1314
276
318
369
227
-658
869
-1602
820
792
-1127
594
534
1894
434
841
710
606
706
-441
-603
1800
-1
-8
-61
-176
-105
918
1350
531
-269
-1160
-196
-803
-680
2949
-1185
-352
-335
843
-276
-2463
1346
-1113
-552
528
-503
-1099
-917
-1228
589
-1288
-882
1687
-246
-794
791
77
206
-261
404
541
177
-869
289
-838
-802
-500
844
-50
890
522
-1608
-564
-102
100
47
35
649
-1605
557
113
-793
2065
-1858
-731
-1281
2219
1336
-153
1099
-183
569
-356
-83
-914
-971
1535
1047
475
841
-891
563
749
-1292
280
-648
-1614
-755
-735
-467
-852
-981
-144
-2346
-2121
-1108
-152
-33
-738
-1493
1279
868
-954
366
-149
-282
529
398
588
-848
851
419
760
-315
622
-576
-835
-633
-224
1069
-234
-293
1176
936
-860
-153
74
972
941
-791
-606
-124
835
-631
1134
-287
88
-1223
-53
-983
-593
976
272
-109
963
1418
-13
717
588
1689
75
307
-649
115
-206
1090
840
248
987
1050
603
-101
130
-218
-943
-760
1087
85
1155
-53
934
-48
1388
-1538
-1054
-549
2
-178
-564
-168
-23
-255
24
883
-863
-1042
791
-1322
6
-114
817
-59
-587
1512
-1152
-301
909
405
2041
-245
575
312
978
761
325
1045
-25
178
-1185
-341
871
-1193
540
826
744
901
-1479
550
1095
-845
-30
-8
-479
-534
1087
-384
1502
-448
-1082
171
-266
33
46
-1141
-628
-905
-843
146
-800
1253
836
1626
-2165
755
-1118
1501
54
-594
-601
2172
551
1298
806
621
71
-936
902
-204
8
1613
-558
-611
985
-318
1010
292
-437
240
108
0
-845
-1110
1374
480
-470
360
69
-707
-337
1881
-305
-1
-456
-1041
-13
199
288
-737
589
532
1259
-476
820
-824
1432
266
1816
463
-1285
-487
-502
-235
1331
454
777
-337
395
1153
-84
-1112
-93
-844
263
789
678
-800
1535
-1919
-1552
232
-353
-120
991
1264
951
-168
775
1938
597
484
479
880
704
-183
-708
-900
1027
-702
-495
199
839
988
-2081
2615
-484
-388
-280
-223
80
354
388
-1243
273
-795
840
-115
-267
595
2121
-579
573
-1114
-551
-433
1420
-468
-1663
750
-870
-286
-781
1076
103
586
-588
1087
403
580
339
-1289
-455
812
676
447
-43
1554
487
443
-870
-16
202
507
-1288
614
64
-310
1861
-559
-1093
1127
408
439
31
-1468
1514
357
-1315
-1200
286
518
-845
-492
-268
248
-126
80
78
211
871
520
486
-1444
1142
471
1861
858
-568
-263
1200
-29
-1410
305
-104
306
-100
351
656
641
-1286
-45
276
2575
-1078
610
-1171
-1567
702
1108
-1179
6
69
-845
341
1430
954
1031
168
-1141
-327
1087
975
-435
1517
1078
-774
368
-197
-1040
961
267
-462
1289
690
-1050
610
-1891
1432
189
-431
795
-1010
-86
1397
947
-2222
-803
-974
-585
583
469
206
3
-636
634
-15
-68
906
1301
278
-1861
868
-488
-1735
-1035
-169
404
778
-344
-1486
593
791
-439
-2161
560
168
294
628
301
-1142
1200
-561
-808
1618
-1086
-1689
1344
-673
-947
-462
739
107
-1733
-52
1075
-1090
-1788
-25
691
-1679
810
-445
19
522
331
-1223
-1122
541
1675
-583
-542
400
1535
-1278
-536
791
891
-1169
-1212
432
1049
-1033
-1702
2176
-1331
-422
-466
22
-1289
-17
-673
1152
665
-949
1634
758
457
300
-384
-461
387
-618
-759
-450
405
919
-211
1388
475
-2489
-19
-1141
35
33
681
1407
534
1766
340
1211
-522
199
4
-638
359
-416
644
258
730
198
-286
-1166
831
387
-501
-821
264
163
-1244
-490
-1621
37
-343
1460
-325
177
1986
-1123
1099
-464
1291
1493
-514
-1771
429
-98
1446
-74
-444
-1339
-554
53
-1292
-540
1616
553
-555
851
1694
-32
52
914
-354
-719
1337
237
-999
-872
-813
-637
163
87
-390
-642
338
1213
-655
474
230
-1238
117
-523
1001
1182
1347
-112
1401
-530
319
-491
1265
-378
-1318
119
2177
-205
-2059
-525
-1336
-1583
-935
-118
1701
-2204
-844
-947
-1409
-577
907
1128
1067
674
541
694
15
-242
234
-319
-528
6
737
-1085
-100
688
867
743
539
587
938
1664
3
-560
-1333
217
1883
-2216
-842
279
-777
-500
-178
-554
744
876
-1523
-1823
818
820
-1384
-369
-556
154
-1475
-566
-275
-11
598
712
-1134
1148
907
-1115
223
560
-119
-1735
1912
904
308
-441
320
-1436
1155
794
560
-842
-378
260
-1136
-64
819
-620
-1628
-102
343
-1513
1759
831
134
25
-50
-965
919
128
394
-721
39
-221
-278
-283
535
1186
-306
717
-825
-266
56
988
-371
-450
-511
1596
-736
405
844
372
231
-443
762
323
927
-902
1202
745
482
222
-941
-1046
1133
26
189
871
226
446
-204
259
292
-1308
-71
-428
366
39
-193
127
-1770
-607
-1276
-287
763
199
1207
-439
-358
302
-140
165
834
-639
1313
704
2173
-442
182
-291
-239
-521
-1005
-86
-216
-241
1037
-295
-2001
1293
-1909
-1324
-503
-1612
1100
90
-113
724
-1265
1846
-1032
591
-834
-468
203
-524
-996
788
1147
952
-728
968
-43
-434
-157
-555
-696
697
-780
58
147
-265
-1113
134
152
-520
-1284
368
620
54
-1674
-247
1751
781
-400
773
-1282
1082
-310
743
639
628
-833
-1483
-1403
-206
294
-2110
-1213
79
-1533
-519
-1884
-56
-18
737
545
717
184
-1031
-876
665
-1971
605
-613
-439
664
499
-564
-1193
-1394
-1017
195
472
-543
-232
-15
-1117
-1815
405
344
398
-547
-1272
-533
-91
-387
-55
471
31
-8
55
537
1719
1905
5
1410
-733
-1267
-288
708
62
351
500
-766
586
-1909
-313
-89
242
-286
53
313
-153
-395
1682
549
888
-1285
48
-754
-189
-405
-761
-32
-573
916
-1122
125
76
666
-242
805
1068
-695
-1848
-226
-1118
104
-1833
-869
256
-837
732
829
-96
-1959
-1507
1209
343
-628
416
-855
635
-1852
1182
456
-1025
1151
169
-373
733
-803
212
1277
64
329
662
482
27
-940
419
-1027
1141
1659
-809
27
-1142
492
1557
-585
-97
1043
998
76
-633
-775
711
592
12
-81
992
-725
-87
-1009
209
-1142
-159
-182
-165
-20
2157
-843
-986
-682
-773
-407
483
477
957
911
396
-744
372
920
-2165
1074
1079
-1778
-737
507
-2065
488
1008
257
330
1379
-466
1101
-1475
-1418
-222
-634
-379
230
-310
-233
-1167
1230
835
859
714
937
-1488
-1028
-31
382
77
169
-710
394
767
1473
154
113
-166
-272
-304
216
-278
-25
854
-251
-1815
-1103
336
-1326
-141
-106
1861
1132
936
129
-2003
936
498
1796
287
91
-44
-1147
-1772
-804
-1401
281
-118
-14
364
-1363
504
474
-1539
194
-541
-345
564
1185
-791
-945
799
742
-1773
1551
2363
-271
-638
-316
-484
-127
834
1471
680
1238
577
1588
-114
-908
1852
-795
-451
-1303
22
-945
-454
113
-1400
-839
132
-152
1871
228
-237
-578
-1722
-699
-1528
155
-16
-272
565
-836
-781
1007
554
1127
-623
941
157
1350
1367
743
-156
819
-183
343
1388
-611
332
1028
-1230
908
224
641
-269
1199
-731
-1349
-45
-959
183
481
75
1481
-18
1187
-72
114
1166
-1666
766
-861
1083
1068
424
1527
704
597
377
-498
-859
830
134
490
1709
-432
-1395
563
693
443
1191
-246
-729
373
-1009
52
90
480
-706
544
-349
894
-243
1213
-107
154
1004
174
-790
-529
648
-1629
-456
869
900
994
-416
772
414
522
-1668
-719
-667
-212
-322
337
-1226
919
-541
786
1423
-43
-385
836
-101
145
-517
1082
1083
1338
867
-196
-1171
-22
656
1374
1014
-67
-542
548
-107
-2193
58
630
-547
473
-815
-1717
245
-922
-991
102
-388
-64
361
-10
577
859
-550
-77
-437
375
-2336
-59
464
678
-559
-674
140
-1512
876
406
-1092
-779
-488
1088
981
1761
632
-703
598
-259
-404
-805
-63
-173
-686
-355
172
37
-953
-841
692
-457
-331
-842
471
-2217
1007
639
808
427
-836
-23
36
127
166
788
-2745
-1148
867
-492
-807
-54
908
-857
101
222
812
1013
-1092
-587
165
-499
-7
1657
-1532
-675
85
-1674
166
-43
-229
1336
1060
398
-61
-613
-1070
290
636
-242
1362
-1627
-384
-708
346
290
690
791
-2
1582
-905
1851
-7
723
-1098
1148
381
-1878
613
-231
236
87
100
-250
-1485
-480
366
143
105
1337
-1609
-592
-132
1097
-465
-520
-571
502
1145
198
1066
1374
371
-67
473
-964
1123
67
-583
-690
802
1977
203
-106
92
351
836
1492
-393
-312
320
-762
154
659
481
22
1624
603
-1857
1346
701
1540
-930
44
-688
1254
20
-71
-891
-701
1019
-433
-199
9
756
-938
-1494
-379
1509
-449
514
1647
402
-61
115
1073
-802
1283
962
1427
-997
-101
-686
-392
211
-619
490
-2194
-345
810
100
-51
-1034
1142
1341
-138
875
240
-165
227
738
-1790
162
1209
513
-135
-1375
1527
1273
-1599
71
756
459
331
-1152
954
669
981
-108
-223
-705
1248
-688
563
-92
553
-130
-660
1194
1586
1176
1951
627
-690
1515
524
-634
347
-79
835
-1235
-102
-160
-563
-1327
-1075
1086
-1482
-334
98
-571
-160
-1217
-292
-1211
-789
-177
77
-676
-1056
288
488
-1290
-795
-555
276
-1495
2123
-314
-427
285
196
-316
-626
1356
797
1733
926
207
1719
410
299
1011
1114
1064
599
1116
-498
497
548
515
376
1910
1545
5
-1230
-525
55
-422
-1010
-336
-2291
205
383
68
1487
-962
1197
-582
119
-183
1395
947
387
-16
188
332
448
-763
322
144
-373
-652
103
492
914
-1152
-212
1305
-485
-616
727
-497
330
-1083
59
-277
-1274
711
225
-1744
488
219
599
760
-1379
-660
-30
-539
-897
440
-155
-983
631
-577
-547
454
586
-1489
391
-690
833
-28
1697
305
46
-1628
267
-1682
378
-1137
-612
-471
-626
-809
-920
-117
-331
1231
402
-1193
-1178
1359
-454
-788
-1804
230
-20
869
-533
272
366
-467
-1193
-1083
491
-453
-2185
439
956
168
525
577
-108
-41
-160
-1144
-497
-139
72
-1143
69
499
-470
-486
-952
927
814
1408
81
1156
-533
893
-515
-914
633
1196
334
409
-889
366
1164
-1268
-739
12
-661
1104
1238
1226
-833
-114
-509
-491
-1383
339
-949
-326
222
-686
362
-1443
2088
76
1592
-406
375
-864
922
675
2539
838
-77
-252
379
-769
-168
-909
1956
869
-759
-33
-673
-279
-879
-147
-2395
-432
-347
-2053
-1025
-849
557
-2102
-785
1388
-532
1515
2505
-538
-340
909
-692
1801
-299
529
875
-640
156
-721
-1054
-734
778
815
-540
-289
-874
615
-1452
-1068
-825
-282
1389
-2368
1368
-671
-646
667
-1155
1487
495
3
828
-81
945
55
707
-548
-1756
-210
-1147
-641
154
1287
803
-381
-279
131
-1811
57
623
83
-2318
-795
714
482
382
-1291
-1169
-187
-348
1578
739
-53
-950
-1717
595
183
-839
-2162
-2109
-648
540
-32
774
663
1773
-148
-455
1237
-544
565
782
-1620
-733
515
-286
-840
-180
-663
-730
-912
1529
-933
1957
201
342
-1518
1
-1448
841
-1169
113
-1471
463
92
-194
-288
1601
349
-272
1291
945
840
29
-1015
-2612
-1000
-1854
-295
-826
565
187
-136
526
1606
-36
671
-266
-468
261
667
59
1057
3
-717
-848
-401
-714
-570
-927
862
-49
-299
1016
-943
472
469
87
662
1071
228
1005
691
533
491
1651
835
-349
-264
659
-1432
476
-145
744
2460
-576
-1606
1448
-984
441
-42
824
1002
-504
61
-626
618
1109
514
-472
-694
61
-883
229
-723
384
-4
1191
-513
115
-529
1111
-629
841
698
836
-58
478
30
1575
125
116
-1225
319
939
814
759
2536
468
602
743
-1763
-176
216
190
281
-1433
641
13
1049
-1787
-155
-759
-482
845
-2018
-598
546
-670
868
543
789
293
-823
-473
1206
480
-686
-1143
1186
-944
538
244
-405
-404
-366
47
-1169
-1472
-904
1010
-174
-350
-268
107
-455
659
372
494
995
981
463
2301
-270
1771
-1579
-301
1668
-1284
686
-815
176
675
-276
-277
1106
-53
528
193
725
1573
-177
-1539
-176
1038
1035
1688
-24
1333
394
920
852
-1118
480
428
-1121
-1214
-285
2
1706
1103
1753
-1507
109
-830
1168
21
1285
13
-553
488
256
-148
-1908
-202
-39
-472
-49
-451
-783
1
-196
657
1244
684
773
-1897
-1133
-390
-871
-750
522
102
1613
48
-1
1824
-651
-337
126
-828
-424
-227
610
502
-164
-720
-139
-577
-711
648
144
121
-49
-714
533
2171
1049
-1754
380
1982
404
-224
1375
575
374
117
-2256
301
2046
-1006
-662
1124
617
-86
1504
-634
56
760
270
107
1727
-468
57
-187
-254
858
-611
-494
-2045
-15
-1061
316
-504
413
149
-1114
-339
415
-183
689
-689
-1912
497
-1866
1208
103
245
36
-1254
141
-834
-1865
-1051
861
597
307
-1042
-1401
-295
348
-274
-413
1293
-293
1077
-1847
555
980
180
-445
-199
423
-1470
-39
-1435
2041
-214
700
-415
452
-1320
90
1498
587
-1083
1411
30
-298
822
546
-957
970
-619
115
1351
-627
-462
-678
1016
-2444
-1728
1477
175
755
-616
79
-770
-679
308
616
1006
570
2067
-861
1238
1900
-354
-460
1153
-975
613
676
-21
76
-892
291
-254
-1010
-936
651
-192
-657
1318
1240
-941
-1112
-58
-304
1177
-1710
-434
-100
-1446
1402
-928
1040
1014
-751
-758
1180
-298
229
721
1470
-679
194
-346
1018
295
-1220
421
1534
-676
-160
-1922
51
731
-1364
-804
152
229
-729
16
1069
-1352
243
-1570
461
728
54
-1684
806
354
855
-160
44
1504
940
-64
-689
1402
-1043
1648
-53
655
-1356
64
-1095
-2437
-814
-424
-1388
-1122
2
-357
-445
575
-769
-1023
906
-1544
-532
798
-57
121
273
1143
-323
1478
670
-786
-684
658
564
-338
517
-1204
-502
-905
-1683
531
1923
2949
153
119
-639
-663
-392
-223
-360
-145
1690
1501
-2379
-490
-385
-661
-631
-50
49
-1465
251
-1484
-1082
618
-1408
-1974
-528
-482
-806
-1687
110
433
-103
931
-14
-1687
204
-601
-104
675
267
-1032
605
322
342
-210
1174
-1690
338
563
-79
-1471
-976
94
-1483
-1123
537
326
-582
-507
252
1552
-1624
-1249
317
0
-960
639
57
2132
286
-651
-325
-1205
806
-1587
-639
405
-2635
-467
-1595
770
-607
795
917
1032
-1009
-1101
118
-699
574
700
395
-850
-617
-997
493
259
77
-855
935
-727
-321
541
-1373
-74
-222
1135
186
1803
-1367
-165
-1273
400
388
389
412
1298
-55
-1810
-575
2257
-1045
-167
714
564
-32
-39
1471
2022
-701
-1007
311
-906
80
2564
1584
-174
620
-2462
399
-482
14
290
984
-411
-583
-391
2041
375
1985
335
-291
2157
159
923
97
1058
1083
913
212
-1716
883
580
1518
-799
-1026
-199
787
811
710
58
-172
155
300
1318
-480
216
98
-1198
155
37
625
-345
-545
343
259
-64
-2057
894
-1072
446
-479
1838
-328
146
-1930
770
401
-1272
-920
-2378
2330
246
5
769
1183
1882
865
-919
267
-1075
10
-1157
-124
-849
686
39
-677
50
-151
671
-1455
233
529
461
692
-630
42
-2039
1360
-769
-162
-1870
474
-117
-1707
-814
-419
-2499
713
312
690
-427
1742
881
-349
432
-389
367
57
156
139
-982
-1373
-408
-892
-1199
-1053
1284
-784
711
-932
-962
-1396
643
-585
760
-232
-399
259
-42
728
497
-252
339
-221
-869
906
1053
1217
2
-186
148
312
1337
329
-1000
-487
1595
-352
-821
1498
-697
-248
-715
1058
-211
206
-49
-515
281
512
-874
68
-216
-491
904
-1105
-1568
1858
-846
178
183
165
1157
-288
-2084
378
168
615
537
-2
3
-371
336
515
1102
1919
177
-227
-121
171
-1232
729
1182
-831
-322
344
-284
-1374
113
-860
318
441
215
97
518
-566
324
-441
-621
-708
1084
1466
86
-38
-54
-2333
9
1652
-1004
970
138
-446
-1124
937
-469
-838
-720
-428
-463
-1618
-47
127
783
-101
-384
-579
-360
-2151
379
-229
-232
996
-67
-870
930
1390
-552
-128
-1325
-116
664
411
316
-736
-1202
-1104
-1178
156
-179
2247
676
18
-123
-1202
-823
-699
-803
978
1422
1683
538
1210
1802
1183
161
494
438
-567
198
174
623
-1567
-234
-2184
-1250
-1415
-1238
136
102
339
1237
1089
877
905
-538
686
-390
513
-368
-1495
1100
-494
-1776
1128
596
219
-602
-865
891
788
-714
-395
81
-185
-486
559
-1285
-1883
-78
-934
1805
372
-611
545
-218
-713
-1453
807
1508
775
385
-187
857
-165
421
807
-265
718
513
-256
159
775
-540
-872
-1929
-279
-642
-749
1113
25
62
-179
-85
-2
-66
-1379
156
-156
-1101
440
-1176
567
-373
-374
-375
737
-33
-82
662
495
-650
432
951
-1763
485
597
2575
-1421
-1044
-687
-519
583
-1497
584
-1417
1205
-851
-295
-463
-663
-605
-109
561
-494
-681
1461
804
1497
175
410
-662
-526
-950
-1172
236
770
-1871
-392
1281
2126
1941
745
-504
-13
-1027
634
-655
-933
1322
146
366
-1055
1587
-7
-2024
-524
-947
-361
-564
1645
-955
-259
-815
706
1792
12
198
-132
-1695
-106
-786
-2850
-323
-1053
-703
854
-226
2109
783
1149
-141
-1545
-1357
633
-322
-543
-1246
-452
877
755
676
328
497
252
548
-1238
-336
297
-1202
573
-1579
-974
983
-39
455
-687
-39
-219
-185
281
554
342
1906
541
940
157
296
-442
-512
-1475
2314
942
1062
-788
-1499
-847
-342
-1160
882
574
-289
269
-176
-1062
1262
-185
795
-1217
825
2013
-37
422
479
-1473
1046
149
-210
905
414
1483
506
340
-937
1099
-520
-846
298
-432
960
-348
1158
441
-619
-1438
-331
1494
523
200
-995
-785
-1019
-638
-227
-860
833
-553
-782
-1125
2050
75
-1840
1179
-855
-826
-691
881
-904
1395
234
1541
-747
-584
-248
329
1857
-732
1140
-221
-654
-500
-928
-361
-706
-85
-271
-278
-957
-477
-1632
1352
522
-245
1626
246
1319
437
-350
289
83
-134
-75
-325
-928
1399
595
404
917
-615
275
-128
603
793
-55
-455
7
289
-220
1087
-365
-994
-641
8
1455
-781
60
224
-825
1491
-911
-1539
-421
-297
343
336
-2385
-1238
-1045
-210
1272
-162
-1248
-638
-99
2354
637
24
115
181
196
2036
-1577
-1119
752
-167
321
-945
-1585
1351
643
1729
21
354
-60
839
508
-879
-569
-366
153
-210
858
691
1851
-1787
905
-931
-957
-114
-534
-765
-388
-460
-548
-885
1032
1193
25
-127
-768
1728
83
767
-1453
-182
-128
-144
695
1480
84
-851
930
-1273
-245
2598
-1065
892
1473
1264
886
1290
-949
1799
-384
352
-638
-703
497
88
-964
605
-956
1342
400
-611
287
515
-101
914
365
1473
1022
291
820
-893
-122
1208
580
388
-551
881
-396
1616
1549
-339
-1354
627
1542
-99
789
18
-8
273
409
-1088
380
-839
-824
-192
-272
1176
-895
-452
1673
-1108
28
111
731
491
-1262
-925
-1359
-1251
1075
-696
123
867
540
1019
183
1704
1360
1034
807
-610
19
1037
765
-1363
1144
69
-850
1116
-771
528
-387
1069
834
1167
-1535
-64
499
352
-589
127
-123
-28
-493
983
936
1535
1300
-117
-1200
779
1208
1196
1174
1507
1496
1557
567
494
-25
334
-302
-1191
-2296
874
1
1511
100
831
-872
424
-1639
863
-369
550
704
-49
793
1129
-643
1426
7
-297
-1299
-1004
-156
1845
-303
807
422
-215
-396
-1442
593
-57
485
561
573
347
-460
-803
-1143
-594
-1050
892
-295
-398
615
-1396
182
-434
-12
210
-187
-1346
-872
382
2330
-748
-1199
-1209
-456
-362
1641
181
717
33
-486
555
1349
-762
-760
-200
1204
-1252
-2228
-667
19
634
-809
678
1057
962
-1354
-1371
-757
618
980
-246
-1052
-76
1567
-293
331
-945
-295
-152
-600
979
316
1412
244
222
187
2248
-448
-697
480
442
-906
-829
-867
1063
-746
715
1249
-159
1428
860
270
2034
-687
918
-628
1038
-402
1410
-626
-368
836
-1682
-247
127
-597
1199
1013
-202
-466
-1179
585
2573
-822
-231
-329
-417
-540
1432
-1299
-1120
-728
-609
-498
-696
-1354
294
74
-396
-45
822
502
87
-780
375
-1805
1411
903
-1349
805
-1642
431
-738
1068
1475
-640
-907
-1025
414
833
843
-966
-1260
-904
-389
-2320
83
1229
-59
1254
1543
465
148
-546
-32
1500
821
198
-636
1928
995
-445
216
445
1017
1640
1525
-1186
-315
583
-443
-1265
173
-1156
718
-141
147
1198
559
-817
-3
-1796
207
-758
316
-358
1534
-1990
732
395
252
289
618
-1172
-587
965
-402
-79
247
1474
253
406
1164
1305
-77
-124
-962
115
169
1559
-1118
68
185
1092
578
15
-2079
-804
-274
41
1468
337
1312
-146
526
-1053
-570
-170
352
246
-655
952
-33
60
-153
-220
583
998
-1959
83
-355
829
88
1184
-1073
1048
1636
-779
-431
-1154
-430
1501
781
405
429
-1128
1538
608
1031
301
-131
1436
-612
227
-882
219
-243
1329
-845
856
-530
355
272
525
-489
-904
-1440
116
957
1571
169
-1322
-469
-432
541
31
-1399
-868
-470
261
334
66
1050
-408
-643
697
-1013
-950
249
-286
962
220
837
496
614
909
-1177
-1370
32
-677
-223
-1294
-32
-1130
-449
1008
343
1552
-675
1018
-187
-423
56
-725
550
-254
-1667
-1443
1136
-84
-1509
285
-268
-593
-645
591
1116
578
303
1619
-510
660
-328
-261
-250
561
622
-1170
-1210
1472
-281
166
1359
-547
756
2854
256
434
-564
50
545
1464
-380
642
835
-601
-287
-345
1863
-1566
-964
1163
521
2096
456
1335
-780
-457
-1340
-309
-2399
1087
21
-270
1507
-414
934
753
1660
-466
406
26
373
-1577
3073
809
257
57
-833
-615
528
624
-432
624
883
-880
-859
1629
305
-1762
416
-756
391
-287
-343
-592
245
700
1701
-113
-670
476
-630
-472
-187
-28
382
541
1087
-55
1075
-2058
-666
1397
849
1375
-994
338
-638
-1488
-157
-962
-440
-700
833
-1796
-151
138
-1490
371
668
-258
37
19
-1249
-499
-955
962
499
-920
-637
1561
1018
-1200
-177
221
724
-964
-1397
679
-866
344
-745
1326
-20
1664
-568
-39
607
92
654
1575
-1042
-177
1385
-470
253
-311
130
37
639
405
1538
-25
-510
545
-1924
958
718
710
145
221
2089
-1361
-315
1227
1501
1095
62
-331
643
-1748
593
-180
-349
-187
-570
-360
1279
399
751
368
2859
-1427
-443
324
-1273
684
-899
-169
840
-518
225
1726
-1470
29
665
-73
562
1654
71
-927
-12
1315
-2
1286
-703
388
1237
-691
-217
509
-431
1410
572
186
1412
90
1761
-513
-612
-1004
-455
-854
-1535
1076
24
-946
-145
618
-1235
-301
688
-608
1438
-1396
-513
233
1372
-1155
1120
-168
-67
143
213
-208
-1317
1158
1161
727
25
137
953
537
737
-1467
-1347
-510
678
2396
284
317
-514
-993
-254
-803
67
-119
-227
-1681
-847
562
379
-1845
-1922
-716
1680
-235
288
1990
-40
-541
463
-1196
-2274
-430
-1159
-767
1394
387
-1767
84
-922
-1143
2547
-898
-427
-1151
671
327
130
631
82
217
417
-352
1771
199
924
-313
-626
-1691
427
383
-544
672
-1380
-226
461
2196
-325
-898
-1452
226
-201
439
1139
1380
-454
1935
345
-445
-1122
-118
1251
-1716
591
-800
-1731
-1237
1073
808
-474
-529
14
-1449
-513
-432
-140
-1377
349
220
979
-516
1038
119
-363
-1561
-638
-1165
-1156
536
-851
127
-1355
-1827
-752
-551
548
1531
-97
895
1179
19
183
-75
-441
-397
891
1331
-290
-193
-625
479
-1074
-2059
-1570
-192
-175
-300
-1114
-450
1826
838
1924
227
250
319
-321
-1492
2024
156
-14
-653
-192
-909
-114
612
190
54
345
1123
-820
-425
-211
-1986
-525
-586
-402
560
287
-1695
43
358
729
-553
77
-496
-71
500
1080
-98
-475
579
140
2052
394
18
383
-635
-1343
1016
-4
74
167
-435
-235
-596
996
663
-1731
-351
-644
117
173
-942
-350
-435
-726
-837
-707
-222
-96
-366
295
-46
-352
967
380
-829
-447
-57
251
-535
318
-335
1956
206
174
-314
-1636
-197
229
-1202
1156
-309
214
1227
139
-1548
-1584
1059
-580
-360
-138
1888
698
-338
-1215
287
402
154
245
1748
453
1
167
-314
-909
-340
130
-867
567
1438
-1164
543
515
-1262
1369
-1212
-129
-810
156
-1806
84
-517
-869
-686
82
-2355
-12
-391
-1186
-1601
-205
-434
64
795
1333
519
38
549
-714
727
261
-994
1155
203
-45
-1121
286
1237
-351
994
92
23
-643
-77
-142
983
236
-584
270
-1161
-578
-129
907
-570
210
-134
-1728
-871
-68
1511
-1528
1214
-508
1170
356
-1419
276
-581
-256
-441
175
-783
778
705
-192
1485
280
570
361
8
114
-1501
131
105
1068
-465
816
-345
-1135
1442
536
-501
-551
-2168
-613
2554
1081
1909
-800
-647
314
497
-1060
420
-661
-204
-52
1033
-323
1051
459
-950
-901
802
-718
120
32
274
-705
341
396
1971
-131
-1396
-222
331
-956
-346
-136
663
-218
1059
139
-1134
155
-220
1465
217
1584
413
-1069
-649
1443
1867
-591
-1453
785
-50
633
-187
731
-255
302
1460
450
723
-233
1955
-246
-1045
173
1718
-534
-214
963
-2203
-14
770
-395
-1094
-1221
320
-7
-198
-1648
950
101
-1086
739
815
-315
-527
198
-140
59
-169
-748
-18
-798
-290
-402
-589
-742
-648
834
-149
-1629
323
1582
-1858
-473
-1353
157
-1505
-651
-1005
1382
-915
339
-1198
887
-354
-1187
-185
1138
-1054
286
-28
-2186
584
1179
211
-1318
244
1516
-719
-488
-102
-805
2756
-385
-257
119
-152
-893
-1053
433
41
-97
1409
-130
-705
1096
936
-224
520
266
-1028
-285
-20
1335
259
-1133
1508
680
-1870
-1486
73
-1048
-604
-439
152
-200
-645
-344
-148
-171
189
-749
325
-379
1139
-1191
519
295
-160
-1104
706
364
545
-364
-395
-398
-225
443
-1129
785
-2174
679
-11
-1067
-1524
-748
-890
-371
1545
541
-1042
-198
-1493
-222
3028
-1121
581
-1579
860
-110
-888
-411
66
-407
-460
-940
335
-180
1012
-1376
-349
-2787
-588
154
239
1057
-1120
-241
1184
-1256
1802
-850
631
-6
886
702
-2516
623
-1490
324
-1743
-930
-1147
-779
-166
833
-240
1282
-632
225
-2129
-869
-27
-204
-1210
29
376
-747
762
-716
-16
681
2289
57
-220
1158
-332
1286
652
-673
106
-136
748
-802
871
-1354
-691
-141
1408
-1014
52
621
505
932
-19
-108
-595
483
560
-1165
-386
1535
-130
-425
190
549
-1427
525
-601
-956
-497
729
-2143
313
1308
2469
-737
-734
-2517
352
803
-375
-1148
220
341
1146
-548
582
-382
-1301
1202
-40
-210
580
-89
-457
-533
1489
475
-385
-2797
73
243
230
1213
-960
832
192
-1518
1329
208
729
786
716
152
-1138
-383
538
-807
-66
84
-895
1352
-700
-32
-268
334
418
772
-617
294
-723
-1444
210
-913
-724
1934
-1685
-482
943
1492
731
-399
-689
215
-789
1325
320
-836
1602
-394
-1132
636
-1809
972
-216
1109
-8
-1542
-967
692
2291
446
-228
-1225
1789
-2369
609
-700
-845
1603
-701
57
-80
-1213
197
-935
911
1355
211
-631
-164
361
-851
-50
908
843
-24
-1498
-1195
-165
-1380
1166
-1509
-1342
212
-1179
829
338
432
-2081
655
-829
-1085
-480
1866
-783
-1330
-1592
-1222
-292
-320
-666
-789
1268
1063
-895
-290
-292
-783
473
-279
-1514
164
144
-243
512
1630
-367
1256
1169
429
-6
455
-433
531
235
-89
-122
10
-758
-891
153
-208
278
174
-1508
-286
190
-1537
-290
-207
2124
1032
-508
-1467
-150
-1180
268
-94
1855
-503
88
1238
1759
-492
-548
-1976
630
643
-213
-1280
-428
345
1445
824
-682
828
-566
258
-122
-225
312
-595
1068
-438
1471
1533
-1318
-232
-1292
-638
901
189
-252
1008
-39
-970
-832
-32
-501
704
356
557
-176
-1241
677
-670
-415
801
105
232
293
-2139
-33
1365
693
1
1164
334
-888
849
-2480
763
329
-967
-1012
-507
-954
1451
-477
673
802
-337
-1008
-392
435
-418
-591
-589
401
472
1143
-61
613
483
484
-1223
-86
-431
6
208
-1032
748
262
771
616
-822
450
-180
-1192
761
486
-589
-57
67
-1482
1555
331
-280
-336
-379
-118
340
-41
-99
-1254
1256
-1070
-418
663
983
937
688
-908
-607
-90
23
322
299
-662
-154
577
615
-1655
-25
-1480
681
1016
-1175
-233
570
640
606
-2246
6
-696
1107
-822
498
852
-937
562
25
-1396
193
1198
-238
104
-674
-516
-2018
684
831
34
872
556
-5
-508
1212
258
8
66
-1112
-1018
187
312
-1509
-165
1252
-933
-414
-2145
-1220
601
-192
214
-435
463
-1499
-1099
963
303
-918
-723
-1720
174
934
-198
492
-175
347
23
-515
-632
159
80
-631
329
1130
963
-1611
-142
-1134
1413
-2695
593
-1500
592
1436
271
-1198
-472
-148
242
-2348
999
-502
1330
-268
231
-1206
-721
564
450
-764
78
457
601
-344
-196
1460
433
-582
-1831
-144
-156
-1022
1602
-1800
-2023
190
-660
167
1271
459
-61
142
1282
-959
-3
376
-217
29
-337
210
927
-1924
-1213
-973
-789
-440
1809
155
-1259
266
65
-7
876
-512
1450
-216
823
-207
-965
-742
-1601
170
197
-1076
-1273
34
-1186
-2085
269
-38
-770
-1106
1406
-475
778
136
251
-604
-174
-112
590
-289
-327
-809
-926
-323
388
186
-1547
-1140
-332
22
-1507
-593
-1456
-1487
-824
-346
-2223
-340
479
-60
1146
951
120
-493
205
306
-630
-325
-861
1241
282
1195
735
-31
215
531
-72
1085
-1178
-179
-208
732
1172
-799
2524
-710
-368
-598
-466
-955
566
137
549
-2013
681
-1408
-2182
534
-240
101
-669
68
-551
628
-128
-838
-35
-215
-248
764
-1234
-241
546
-983
215
1268
-1203
-1459
-409
26
-893
612
-771
492
225
-721
-636
-1234
-713
831
289
477
-598
-514
639
498
607
-1323
1642
-226
726
312
1201
1010
-689
1406
702
-524
532
142
-1152
-2095
-1360
144
-920
-871
-122
481
-787
1172
679
-1099
-452
-376
-562
-450
-1401
-929
-45
575
-661
295
356
880
886
876
606
-150
-34
364
-163
-708
-33
676
-339
-1146
-94
-144
-1131
-1322
478
221
866
267
162
994
-884
832
81
710
-434
1152
-262
-1107
-41
-245
277
-436
1676
555
-1214
-209
-240
298
104
-524
565
-165
-1166
-154
104
-285
1657
-472
1258
573
-97
-442
-791
-45
1538
1173
877
1895
426
-782
-660
515
934
192
-2196
1506
-1009
-1444
899
-459
340
1276
-147
653
1612
1268
1456
839
-1757
-914
759
-71
-1496
140
553
565
545
-703
-554
-1213
175
1258
-1778
-1522
-590
18
-427
-282
-500
1081
1053
1742
-988
1077
-1193
-995
1436
1596
212
-399
-1109
-791
-644
-871
762
503
1229
161
717
-210
-478
-449
558
2062
983
-937
265
588
-1874
475
1219
-1219
671
358
53
166
617
6
404
1459
0
-306
124
-620
-569
1295
-1508
761
26
289
909
1205
-439
271
-44
340
206
687
732
1811
140
-736
770
829
-42
634
1360
-47
-417
-955
1286
-169
128
-16
-603
-1561
-939
-1904
-1547
779
671
-2139
-93
673
1008
228
-1156
-816
-190
74
411
-475
-496
-45
-1854
-306
513
685
-529
161
343
139
-1152
-384
117
-829
-647
-1558
969
-439
-477
-1709
1218
-1736
-196
2343
1382
291
-11
-587
-149
527
158
-261
130
482
-755
1879
393
-52
-16
100
-434
-448
1438
-1019
258
774
-218
-144
-98
-1661
328
858
-154
564
276
-971
762
1702
202
-816
-1706
2283
660
2059
110
-361
894
-1195
-1638
-973
-384
-589
1447
-530
-463
-493
158
-2173
672
343
885
-597
-1128
844
231
430
685
77
-1012
391
153
-866
-316
-344
921
-621
882
-116
-747
-215
1598
-1286
917
-1110
427
-498
1078
-402
1098
-285
-121
-1565
-1318
-119
61
-401
468
-972
351
163
-157
-793
-133
1413
-1066
-1411
-1234
900
-975
-139
-653
1498
-1006
-297
-412
-2300
-1319
-926
-33
1441
1389
426
917
-39
475
600
-1073
97
614
-2445
-196
69
-1669
418
128
-597
-921
884
478
-723
590
-37
-1123
782
-112
399
-1802
805
-599
49
-215
207
-576
1355
-403
-1152
-354
652
257
951
406
282
-312
-1548
227
1039
-957
-13
465
673
23
1229
214
-126
788
-276
-509
-801
-331
317
466
-430
-490
-1722
482
1175
-777
827
-241
-498
-1096
-1715
908
865
-846
819
511
-59
186
-906
189
152
1339
-1173
762
-953
339
-1076
-419
426
1406
-602
-1267
577
-2016
-469
-111
1073
387
-529
-215
625
-1196
411
-281
354
64
1216
-553
585
-375
1637
585
1174
-1344
-1539
1183
367
-1194
688
-244
-1395
837
-1241
-1168
238
432
-472
-1255
169
-877
842
-437
66
1218
293
-1354
-394
-450
56
1357
340
-1191
-1067
-806
1071
-1140
-707
-1020
1878
165
473
-155
-116
774
-134
1307
30
1215
2040
89
794
-48
367
245
-1126
883
-93
-1208
767
449
-719
-428
2098
2617
-327
-265
801
-1522
-1136
500
28
-178
-563
1072
-874
-271
588
665
912
-582
-1200
-1699
792
659
663
-751
642
814
-807
-216
-140
-232
807
-1767
-479
831
-198
373
-65
1463
-48
-19
-1187
-1787
-1077
299
-893
-1185
573
213
-149
974
-1272
-45
-1738
-627
90
50
617
302
-269
1023
-1038
-628
1374
-146
-400
-89
194
2108
-810
-1756
-168
-22
-246
-1323
-80
2044
229
-1080
-791
-406
-82
499
2072
400
-1555
608
-65
-217
564
725
-1011
223
738
-353
-127
1817
266
-681
743
5
800
654
-979
-339
-1085
655
-235
701
561
-1167
-158
-533
565
-770
-960
-398
1680
15
170
-650
-143
-1271
-1606
-944
167
-337
-892
-1414
-1119
1261
-64
1896
-330
1193
-164
-192
454
438
519
-304
1205
-95
-484
-1960
-2034
-562
-571
285
1954
761
-595
42
-1066
-821
569
449
162
1729
1856
-1294
1513
-256
1285
-547
520
602
2283
-1228
672
-20
870
-667
-42
167
1739
-298
-474
-1375
-2440
28
-546
2321
316
-431
739
-1919
194
-514
-815
-151
-272
-110
-1687
998
-279
-660
83
-646
-955
487
788
611
-106
1654
1094
637
300
-619
-123
557
260
720
377
323
-912
-741
971
-75
-174
-656
-466
-628
-1530
-1611
101
-1109
779
-959
-1138
-785
-269
-1629
-237
996
-1494
1383
1102
596
-62
-894
-1942
-1596
-968
-58
-1043
-21
-336
274
728
-943
663
-956
554
-703
-4190
908
1052
-668
2191
652
1234
2989
274
-209
-709
577
-415
-1943
-763
1
960
1109
-474
502
-925
-631
109
-683
1219
982
-330
-233
1087
1537
-1934
-528
1343
484
-1062
-247
705
1593
487
1064
-524
-638
584
795
559
1327
1169
612
815
415
-814
-905
-358
1111
800
-528
1009
460
-989
164
1478
424
511
1032
-384
-1269
-443
-187
275
-1271
-1138
202
183
-231
752
-170
-828
-38
-652
-869
1081
442
-752
179
1228
1206
-215
-568
115
1752
-428
518
80
-384
-216
-502
2395
246
318
-1157
57
-431
1651
159
-875
1360
-807
214
-205
-863
-234
1342
-1184
-984
832
1600
670
513
877
-2474
786
522
1337
1388
-1554
-133
-278
-155
124
-544
-437
-644
83
-512
-925
623
508
-1249
490
-304
956
-747
-945
-485
1080
1197
1694
-927
762
81
-491
-1139
-724
-2009
386
157
-27
111
-792
35
300
-914
-152
-166
656
-820
1036
-668
-963
-618
-327
-601
223
262
-671
375
961
-1388
392
2055
251
1542
424
788
-26
265
359
1211
-701
873
1752
2276
219
203
-15
-273
362
154
518
-1416
407
-403
436
-820
737
-122
-545
-115
-177
-479
-760
-1581
-458
-1850
738
819
-188
492
232
-214
-272
-811
830
-1441
984
-56
957
1001
-498
1117
562
-1249
249
796
-643
2357
161
-283
-2610
-655
246
67
1221
598
-1247
-899
-344
-34
90
-259
-109
-997
-765
-1801
1283
83
-1145
3244
-284
1673
1285
-980
-175
-582
-633
-1493
174
-1152
-845
-1031
-252
-610
-1829
1456
100
226
-246
916
460
351
796
-417
-1575
767
-1801
-96
-1726
1434
-809
902
12
-230
-1000
-612
-793
886
223
845
916
-806
204
-1092
346
25
-569
801
225
287
678
-1792
-228
745
-357
-1374
-767
323
-1226
-545
625
1095
971
-165
-595
-301
-932
424
-466
109
687
1560
553
1772
2151
-806
-538
1430
-1003
-1175
-30
84
736
1144
758
-511
-3
1130
-635
329
158
273
268
226
-96
-124
-1233
984
1228
-1985
-607
-83
568
844
723
939
-1742
-1012
-506
-1186
-1531
-1454
-179
-852
414
-262
-547
-269
-378
1342
1157
-1703
-375
1354
-866
-595
1600
1626
-369
481
434
741
-861
107
556
1093
716
760
275
-548
391
273
1159
-839
21
-254
465
182
-700
-261
362
-39
-589
94
1447
1228
331
-1108
-680
65
-1091
-264
1530
198
409
-40
-847
1318
83
-784
1041
170
-241
-581
-894
929
-181
-792
-1693
775
1012
-1986
-750
-908
-1707
-1111
337
-57
-40
293
-676
182
266
1113
-76
-344
187
410
-698
-974
-285
83
579
-649
680
1083
-679
