0 0 0 0 0 0 0 0 0 0 0 0 0 0 0 0 0 0 0
0 0 0 0 0 0 0 0 0 0 0 0 0 0 0 0 0 0 0
0 0 0 0 0 0 0 0 0 0 0 0 0 0 0 0 0 0 0
0 0 0 0 0 0 0 0 0 0 0 0 0 0 0 0 0 0 0
0 0 0 0 0 0 0 0 0 0 0 0 0 0 0 0 0 0 0
0 0 0 0 0 0 0 0 0 0 0 0 0 0 0 0 0 0 0
0 0 0 0 0 0 0 0 0 0 0 0 0 0 0 0 0 0 0
0 0 0 0 0 0 0 0 0 0 0 0 0 0 0 0 0 0 0
0 0 0 0 0 0 0 0 0 0 0 0 0 0 0 0 0 0 0
0 0 0 0 0 0 0 0 0 0 0 0 0 0 0 0 0 0 0
0 0 0 0 0 0 0 0 0 0 0 0 0 0 0 0 0 0 0
0 0 0 0 0 0 0 0 0 0 0 0 0 0 0 0 0 0 0
0 0 0 0 0 0 0 0 0 0 0 0 0 0 0 0 0 0 0
0 0 0 0 0 0 0 0 0 0 0 0 0 0 0 0 0 0 0
0 0 0 0 0 0 0 0 0 0 0 0 0 0 0 0 0 0 0
0 0 0 0 0 0 0 0 0 0 0 0 0 0 0 0 0 0 0
0 0 0 0 0 0 0 0 0 0 0 0 0 0 0 0 0 0 0
0 0 0 0 0 0 0 0 0 0 0 0 0 0 0 0 0 0 0
0 0 0 0 0 0 0 0 0 0 0 0 0 0 0 0 0 0 0
0 0 0 0 0 0 0 0 0 0 0 0 0 0 0 0 0 0 0
1 1 1 1 1 1 1 1 1 1 1 1 1 1 1 1 1 1 1 1
1 1 1 1 1 1 1 1 1 1 1 1 1 1 1 1 1 1 1 1
1 1 1 1 1 1 1 1 1 1 1 1 1 1 1 1 1 1 1 1
1 1 1 1 1 1 1 1 1 1 1 1 1 1 1 1 1 1 1 1
1 1 1 1 1 1 1 1 1 1 1 1 1 1 1 1 1 1 1 1
1 1 1 1 1 1 1 1 1 1 1 1 1 1 1 1 1 1 1 1
1 1 1 1 1 1 1 1 1 1 1 1 1 1 1 1 1 1 1 1
1 1 1 1 1 1 1 1 1 1 1 1 1 1 1 1 1 1 1 1
1 1 1 1 1 1 1 1 1 1 1 1 1 1 1 1 1 1 1 1
1 1 1 1 1 1 1 1 1 1 1 1 1 1 1 1 1 1 1 1
1 1 1 1 1 1 1 1 1 1 1 1 1 1 1 1 1 1 1 1
1 1 1 1 1 1 1 1 1 1 1 1 1 1 1 1 1 1 1 1
1 1 1 1 1 1 1 1 1 1 1 1 1 1 1 1 1 1 1 1
1 1 1 1 1 1 1 1 1 1 1 1 1 1 1 1 1 1 1 1
1 1 1 1 1 1 1 1 1 1 1 1 1 1 1 1 1 1 1 1
1 1 1 1 1 1 1 1 1 1 1 1 1 1 1 1 1 1 1 1
1 1 1 1 1 1 1 1 1 1 1 1 1 1 1 1 1 1 1 1
1 1 1 1 1 1 1 1 1 1 1 1 1 1 1 1 1 1 1 1
1 1 1 1 1 1 1 1 1 1 1 1 1 1 1 1 1 1 1 1
1 0 0 1
2 0 19
1 0 0 1
2 0 19
1 0 0 1
2 0 19
1 0 0 1
2 0 19
1 0 0 5
2 0 19
1 0 0 1
2 0 19
1 0 0 6
1 0 0 3
2 0 19
2 0 19
1 0 0 5
2 0 19
1 0 0 1
2 0 19
1 0 0 1
2 0 19
1 0 0 0
1 0 0 2
2 0 19
2 0 19
1 0 0 0
1 0 0 2
2 0 19
2 0 19
1 0 0 1
1 0 0 3
2 0 19
1 1 0 1
2 1 19
1 1 0 6
1 1 0 4
1 1 0 5
2 1 19
1 2 0 1
2 2 19
1 2 0 5
2 2 19
1 2 0 1
2 2 19
2 1 19
1 2 0 5
2 2 19
2 1 19
1 1 0 5
1 1 0 4
2 1 19
1 2 0 6
1 2 0 1
2 2 19
1 3 0 1
2 3 19
2 1 19
1 1 0 1
2 1 19
1 1 0 0
1 1 0 2
2 1 19
2 0 19
2 1 19
1 0 0 0
1 0 0 5
2 0 19
1 1 0 1
2 1 19
2 0 19
1 0 0 1
2 0 19
1 0 0 1
2 0 19
1 0 0 0
1 0 0 2
2 0 19
2 0 19
1 0 0 1
2 0 19
1 0 0 2
1 0 0 3
1 0 0 6
2 0 19
2 0 19
2 0 19
1 0 0 1
2 0 19
1 0 0 1
1 0 0 3
2 0 19
2 2 19
1 1 0 1
1 1 0 4
2 1 19
2 1 19
1 1 0 6
1 1 0 1
1 1 0 6
2 1 19
1 2 0 0
1 2 0 1
2 2 19
1 3 0 1
2 3 19
1 3 0 1
2 3 19
1 3 0 2
1 3 0 6
1 3 0 0
2 3 19
2 3 19
2 2 19
1 2 0 1
2 2 19
1 2 0 1
2 2 19
1 2 0 1
2 2 19
1 2 0 1
2 2 19
1 2 0 1
2 2 19
1 2 0 1
2 2 19
1 2 0 0
1 2 0 1
2 2 19
2 3 19
1 3 0 1
2 3 19
1 3 0 5
1 3 0 4
2 3 19
2 3 19
1 3 0 1
2 3 19
2 0 19
1 0 0 2
1 0 0 3
2 0 19
1 3 0 5
1 3 0 4
2 3 19
1 4 0 1
2 4 19
2 3 19
1 3 0 1
2 3 19
1 3 0 1
1 3 0 3
2 3 19
1 4 0 1
2 4 19
2 1 19
1 4 0 2
1 4 0 1
2 4 19
1 5 0 1
2 5 19
2 4 19
1 4 0 5
1 4 0 4
2 4 19
2 4 19
1 4 0 1
2 4 19
2 1 19
1 1 0 1
2 1 19
1 1 0 2
1 1 0 6
1 1 0 1
2 1 19
1 4 0 5
1 4 0 4
2 4 19
1 5 0 1
2 5 19
2 1 19
2 4 19
2 2 19
2 0 19
1 0 0 0
1 0 0 2
2 0 19
2 1 19
2 0 19
1 0 0 1
2 0 19
1 0 0 6
1 0 0 4
2 0 19
1 1 0 5
1 1 0 4
2 1 19
2 1 19
1 1 0 6
1 1 0 1
2 1 19
1 2 0 2
1 2 0 1
2 2 19
2 0 19
2 2 19
1 0 0 1
2 0 19
1 0 0 1
2 0 19
1 0 0 2
1 0 0 1
1 0 0 5
2 0 19
2 0 19
1 2 0 1
2 2 19
1 2 0 1
2 2 19
2 1 19
2 0 19
1 0 0 1
2 0 19
1 0 0 0
1 0 0 2
2 0 19
2 0 19
1 0 0 1
2 0 19
1 0 0 1
2 0 19
1 0 0 0
1 0 0 2
2 0 19
1 1 0 5
1 1 0 4
2 1 19
2 1 19
1 1 0 1
2 1 19
2 0 19
1 0 0 0
1 0 0 2
2 0 19
2 0 19
1 0 0 0
1 0 0 2
2 0 19
1 1 0 1
2 1 19
2 0 19
1 0 0 5
2 0 19
1 0 0 6
1 0 0 4
1 0 0 5
2 0 19
1 1 0 1
2 1 19
1 1 0 1
1 1 0 4
2 1 19
1 2 0 2
1 2 0 1
2 2 19
2 3 19
1 3 0 0
1 3 0 1
2 3 19
2 1 19
1 1 0 1
2 1 19
1 1 0 1
2 1 19
2 3 19
1 1 0 1
2 1 19
1 1 0 1
2 1 19
1 1 0 1
2 1 19
1 1 0 1
2 1 19
2 2 19
1 1 0 1
1 1 0 3
2 1 19
1 2 0 5
1 2 0 1
2 2 19
2 2 19
2 1 19
1 1 0 1
2 1 19
1 1 0 0
1 1 0 2
2 1 19
2 1 19
1 1 0 1
2 1 19
1 1 0 5
1 1 0 4
2 1 19
1 2 0 1
2 2 19
1 2 0 6
1 2 0 1
2 2 19
1 3 0 1
2 3 19
2 0 19
2 2 19
1 2 0 5
1 2 0 1
2 2 19
2 1 19
1 1 0 5
1 1 0 4
2 1 19
2 0 19
2 1 19
1 0 0 2
1 0 0 1
2 0 19
1 1 0 1
2 1 19
2 0 19
2 2 19
1 0 0 2
1 0 0 5
2 0 19
1 1 0 6
1 1 0 4
1 1 0 5
2 1 19
1 2 0 1
2 2 19
2 1 19
2 1 19
1 1 0 2
1 1 0 6
1 1 0 0
2 1 19
1 2 0 5
2 2 19
1 2 0 5
1 2 0 4
2 2 19
2 2 19
1 2 0 1
2 2 19
1 2 0 1
2 2 19
2 1 19
2 1 19
1 1 0 1
2 1 19
1 1 0 6
1 1 0 3
2 1 19
1 2 0 1
2 2 19
1 2 0 5
1 2 0 4
2 2 19
1 3 0 5
2 3 19
2 1 19
2 2 19
1 1 0 1
2 1 19
1 1 0 1
2 1 19
1 1 0 6
1 1 0 3
2 1 19
2 0 19
1 0 0 1
2 0 19
1 0 0 2
1 0 0 3
1 0 0 6
2 0 19
2 1 19
2 0 19
2 0 19
1 0 0 0
1 0 0 2
2 0 19
2 0 19
1 0 0 1
2 0 19
1 0 0 1
2 0 19
1 0 0 2
1 0 0 1
1 0 0 5
2 0 19
1 1 0 6
1 1 0 1
2 1 19
2 0 19
1 2 0 1
2 2 19
2 0 19
1 0 0 5
2 0 19
2 1 19
1 0 0 0
1 0 0 1
2 0 19
1 1 0 5
1 1 0 1
2 1 19
2 1 19
1 1 0 0
1 1 0 2
2 1 19
2 1 19
1 1 0 1
2 1 19
1 1 0 2
1 1 0 3
1 1 0 6
2 1 19
1 2 0 1
2 2 19
1 2 0 1
2 2 19
1 2 0 4
2 2 19
2 1 19
2 0 19
1 0 0 1
2 0 19
2 1 19
1 0 0 1
2 0 19
1 0 0 1
2 0 19
1 0 0 2
1 0 0 3
1 0 0 6
2 0 19
2 0 19
2 0 19
1 0 0 1
2 0 19
1 0 0 1
2 0 19
1 0 0 0
1 0 0 2
2 0 19
2 0 19
1 0 0 1
2 0 19
1 0 0 6
1 0 0 4
1 0 0 5
2 0 19
1 1 0 1
2 1 19
1 1 0 1
1 1 0 3
2 1 19
1 2 0 1
2 2 19
2 1 19
1 1 0 1
2 1 19
1 1 0 1
2 1 19
1 1 0 1
2 1 19
1 1 0 0
1 1 0 5
2 1 19
2 0 19
1 2 0 1
2 2 19
1 2 0 1
2 2 19
2 0 19
1 0 0 5
1 0 0 4
2 0 19
2 0 19
1 0 0 0
1 0 0 2
2 0 19
2 0 19
1 0 0 1
2 0 19
1 0 0 6
1 0 0 3
2 0 19
1 2 0 2
1 2 0 3
1 2 0 6
2 2 19
2 2 19
2 2 19
1 2 0 2
1 2 0 3
1 2 0 1
2 2 19
2 1 19
2 2 19
1 1 0 1
2 1 19
1 1 0 1
2 1 19
2 0 19
2 2 19
1 0 0 1
2 0 19
1 0 0 1
1 0 0 4
2 0 19
2 0 19
1 0 0 1
2 0 19
1 0 0 5
1 0 0 4
2 0 19
2 0 19
1 0 0 5
2 0 19
1 0 0 1
2 0 19
1 0 0 1
1 0 0 3
2 0 19
2 0 19
1 0 0 1
1 0 0 3
2 0 19
1 1 0 1
1 1 0 4
2 1 19
2 0 19
2 1 19
1 0 0 6
1 0 0 4
2 0 19
1 1 0 1
2 1 19
1 1 0 1
1 1 0 3
2 1 19
1 2 0 6
1 2 0 1
1 2 0 6
2 2 19
1 3 0 1
2 3 19
1 3 0 1
2 3 19
1 3 0 2
1 3 0 1
2 3 19
2 0 19
2 1 19
1 0 0 1
2 0 19
1 0 0 1
2 0 19
1 0 0 0
1 0 0 5
2 0 19
2 0 19
2 3 19
2 2 19
1 0 0 5
1 0 0 4
2 0 19
2 0 19
1 0 0 1
2 0 19
1 0 0 0
1 0 0 2
2 0 19
2 0 19
1 0 0 1
2 0 19
1 0 0 1
2 0 19
1 0 0 1
2 0 19
1 0 0 1
2 0 19
1 0 0 0
1 0 0 2
2 0 19
1 1 0 1
1 1 0 3
1 1 0 0
2 1 19
2 0 19
1 0 0 2
1 0 0 3
1 0 0 6
2 0 19
1 3 0 5
1 3 0 4
2 3 19
2 0 19
2 3 19
2 0 19
1 0 0 1
2 0 19
1 0 0 1
2 0 19
1 0 0 0
1 0 0 2
2 0 19
1 3 0 5
1 3 0 6
2 3 19
2 0 19
1 0 0 1
2 0 19
1 0 0 1
2 0 19
1 0 0 1
2 0 19
2 1 19
2 1 19
1 0 0 5
2 0 19
1 0 0 1
1 0 0 4
2 0 19
2 0 19
1 0 0 0
1 0 0 2
2 0 19
2 0 19
1 0 0 5
2 0 19
1 0 0 1
2 0 19
1 0 0 5
1 0 0 1
2 0 19
2 0 19
1 0 0 1
2 0 19
1 0 0 0
1 0 0 5
2 0 19
1 1 0 1
2 1 19
1 1 0 5
2 1 19
2 0 19
1 0 0 5
1 0 0 4
2 0 19
1 1 0 1
2 1 19
1 1 0 1
2 1 19
1 1 0 1
2 1 19
1 1 0 1
2 1 19
1 1 0 1
2 1 19
1 1 0 1
2 1 19
2 0 19
2 3 19
1 0 0 5
1 0 0 6
1 0 0 1
2 0 19
2 0 19
2 0 19
1 0 0 1
2 0 19
1 0 0 1
2 0 19
1 0 0 5
1 0 0 4
2 0 19
2 0 19
1 0 0 1
2 0 19
1 0 0 5
1 0 0 4
2 0 19
1 1 0 1
2 1 19
2 0 19
1 0 0 1
2 0 19
1 0 0 1
2 0 19
1 0 0 0
1 0 0 2
2 0 19
2 0 19
1 0 0 1
2 0 19
2 2 19
1 0 0 6
1 0 0 4
1 0 0 5
2 0 19
2 0 19
1 1 0 1
2 1 19
1 1 0 5
1 1 0 4
2 1 19
1 2 0 0
1 2 0 6
1 2 0 3
2 2 19
2 0 19
2 1 19
1 0 0 0
1 0 0 2
2 0 19
2 0 19
1 0 0 2
1 0 0 1
2 0 19
1 1 0 5
2 1 19
1 1 0 1
1 1 0 1
1 1 0 6
2 1 19
2 0 19
1 0 0 1
2 0 19
1 0 0 1
2 0 19
1 0 0 0
1 0 0 2
2 0 19
2 0 19
1 0 0 5
1 0 0 4
2 0 19
2 1 19
2 2 19
2 1 19
2 0 19
1 0 0 1
2 0 19
1 0 0 5
2 0 19
1 0 0 4
1 0 0 3
1 0 0 5
2 0 19
1 1 0 1
2 1 19
1 1 0 1
2 1 19
1 1 0 1
2 1 19
1 1 0 5
1 1 0 6
2 1 19
2 2 19
1 2 0 1
2 2 19
1 2 0 1
2 2 19
1 2 0 1
2 2 19
1 2 0 1
1 2 0 4
2 2 19
1 3 0 1
2 3 19
1 3 0 1
2 3 19
2 0 19
1 3 0 1
2 3 19
2 0 19
1 0 0 1
2 0 19
2 2 19
1 0 0 5
1 0 0 4
2 0 19
2 0 19
1 0 0 5
1 0 0 4
2 0 19
2 0 19
1 0 0 5
2 0 19
2 1 19
1 0 0 2
1 0 0 3
1 0 0 6
2 0 19
1 1 0 5
2 1 19
1 1 0 5
2 1 19
1 1 0 1
2 1 19
1 1 0 1
1 1 0 3
2 1 19
1 2 0 1
2 2 19
1 2 0 1
1 2 0 4
2 2 19
1 3 0 1
2 3 19
1 3 0 1
2 3 19
2 1 19
2 0 19
2 0 19
1 0 0 5
2 0 19
1 0 0 1
2 0 19
2 2 19
1 0 0 1
2 0 19
1 0 0 1
2 0 19
1 0 0 1
2 0 19
1 0 0 1
2 0 19
1 0 0 0
1 0 0 2
2 0 19
2 0 19
1 0 0 1
2 0 19
1 0 0 5
1 0 0 6
1 0 0 1
2 0 19
1 1 0 2
1 1 0 1
2 1 19
1 2 0 1
2 2 19
1 2 0 1
2 2 19
2 0 19
1 2 0 1
2 2 19
1 2 0 0
1 2 0 2
2 2 19
2 2 19
2 1 19
1 1 0 0
1 1 0 2
2 1 19
2 1 19
2 0 19
1 0 0 6
1 0 0 1
2 0 19
1 1 0 0
1 1 0 2
2 1 19
2 1 19
2 0 19
1 0 0 1
2 0 19
1 0 0 1
2 0 19
1 0 0 5
2 0 19
1 0 0 1
2 0 19
1 0 0 1
2 0 19
1 0 0 1
2 0 19
1 0 0 6
1 0 0 4
1 0 0 5
2 0 19
1 1 0 1
2 1 19
1 1 0 5
1 1 0 4
2 1 19
1 2 0 1
1 2 0 3
2 2 19
1 3 0 1
2 3 19
2 2 19
1 2 0 1
2 2 19
1 2 0 1
1 2 0 3
1 2 0 5
2 2 19
1 3 0 1
2 3 19
1 3 0 5
1 3 0 1
2 3 19
2 3 19
2 0 19
2 0 19
1 0 0 1
2 0 19
2 1 19
1 0 0 6
1 0 0 1
2 0 19
1 1 0 0
1 1 0 2
2 1 19
1 3 0 2
1 3 0 1
2 3 19
2 3 19
2 2 19
2 2 19
2 1 19
1 1 0 1
2 1 19
1 1 0 2
1 1 0 1
2 1 19
2 1 19
1 1 0 1
2 1 19
1 1 0 1
2 1 19
1 1 0 1
2 1 19
1 1 0 1
2 1 19
1 1 0 2
1 1 0 3
1 1 0 6
2 1 19
1 2 0 2
1 2 0 1
2 2 19
1 3 0 1
2 3 19
1 3 0 0
1 3 0 2
2 3 19
1 4 0 1
2 4 19
2 0 19
2 1 19
2 3 19
1 0 0 1
2 0 19
2 2 19
2 1 19
1 0 0 1
2 0 19
1 0 0 2
1 0 0 1
2 0 19
1 1 0 1
1 1 0 3
2 1 19
1 2 0 1
2 2 19
2 1 19
1 1 0 1
1 1 0 3
2 1 19
2 1 19
1 1 0 0
1 1 0 1
2 1 19
1 2 0 5
1 2 0 1
2 2 19
2 2 19
1 2 0 1
2 2 19
1 2 0 5
2 2 19
1 2 0 1
2 2 19
1 2 0 5
1 2 0 4
2 2 19
1 3 0 6
1 3 0 3
2 3 19
1 4 0 1
2 4 19
2 0 19
2 1 19
2 2 19
1 0 0 1
2 0 19
1 0 0 1
2 0 19
1 0 0 2
1 0 0 1
1 0 0 4
2 0 19
1 1 0 1
2 1 19
1 1 0 1
2 1 19
1 1 0 1
2 1 19
1 1 0 1
2 1 19
2 3 19
1 1 0 5
1 1 0 3
2 1 19
1 2 0 0
1 2 0 2
2 2 19
2 2 19
2 0 19
2 0 19
1 0 0 1
2 0 19
1 0 0 5
1 0 0 1
2 0 19
2 0 19
1 0 0 1
2 0 19
1 0 0 6
1 0 0 1
2 0 19
1 2 0 5
1 2 0 1
2 2 19
2 2 19
1 2 0 0
1 2 0 2
2 2 19
2 2 19
1 2 0 2
1 2 0 1
2 2 19
2 1 19
1 1 0 0
1 1 0 2
2 1 19
2 2 19
2 1 19
1 1 0 1
2 1 19
1 1 0 1
2 1 19
1 1 0 5
1 1 0 1
2 1 19
2 1 19
1 1 0 0
1 1 0 2
2 1 19
1 2 0 1
1 2 0 3
2 2 19
1 3 0 1
2 3 19
2 0 19
1 0 0 6
1 0 0 3
2 0 19
2 1 19
1 1 0 1
1 1 0 4
2 1 19
2 0 19
1 0 0 6
1 0 0 4
1 0 0 5
2 0 19
2 1 19
1 1 0 1
2 1 19
1 1 0 2
1 1 0 5
2 1 19
2 0 19
2 1 19
1 1 0 1
1 1 0 4
2 1 19
1 3 0 6
1 3 0 3
2 3 19
1 4 0 2
1 4 0 1
2 4 19
2 1 19
1 1 0 5
2 1 19
2 4 19
1 1 0 1
2 1 19
2 0 19
1 0 0 1
2 0 19
1 0 0 1
2 0 19
1 0 0 2
1 0 0 1
2 0 19
2 3 19
2 2 19
1 1 0 5
2 1 19
1 1 0 1
2 1 19
1 1 0 1
2 1 19
1 1 0 1
2 1 19
1 1 0 1
2 1 19
2 0 19
1 0 0 6
1 0 0 4
1 0 0 5
2 0 19
1 1 0 0
1 1 0 2
2 1 19
2 1 19
1 1 0 0
1 1 0 2
2 1 19
2 1 19
2 0 19
1 1 0 0
1 1 0 5
2 1 19
1 2 0 0
1 2 0 2
2 2 19
2 1 19
2 2 19
1 1 0 1
2 1 19
1 1 0 0
1 1 0 6
1 1 0 3
2 1 19
2 0 19
1 0 0 1
1 0 0 4
2 0 19
2 1 19
2 1 19
1 1 0 1
2 1 19
1 1 0 0
1 1 0 2
2 1 19
2 1 19
1 1 0 0
1 1 0 2
2 1 19
2 1 19
2 0 19
1 0 0 1
2 0 19
1 0 0 0
1 0 0 2
2 0 19
2 0 19
1 0 0 2
1 0 0 4
2 0 19
1 1 0 1
2 1 19
1 1 0 5
2 1 19
1 1 0 5
1 1 0 4
2 1 19
1 2 0 1
2 2 19
2 1 19
1 1 0 1
2 1 19
1 1 0 5
1 1 0 4
2 1 19
1 2 0 1
2 2 19
1 2 0 1
2 2 19
2 1 19
1 1 0 0
1 1 0 2
2 1 19
2 1 19
1 1 0 5
1 1 0 4
2 1 19
1 2 0 1
2 2 19
1 2 0 6
1 2 0 1
2 2 19
2 1 19
1 1 0 0
1 1 0 2
2 1 19
2 1 19
1 1 0 0
1 1 0 5
2 1 19
1 3 0 1
2 3 19
1 3 0 1
2 3 19
1 3 0 1
2 3 19
1 3 0 5
2 3 19
2 2 19
2 1 19
1 1 0 0
1 1 0 2
2 1 19
1 2 0 6
1 2 0 1
2 2 19
1 3 0 1
2 3 19
2 1 19
1 1 0 1
2 1 19
1 1 0 0
1 1 0 2
2 1 19
1 3 0 1
2 3 19
2 1 19
1 1 0 1
2 1 19
2 2 19
1 1 0 5
2 1 19
1 1 0 5
2 1 19
2 0 19
1 0 0 1
1 0 0 3
2 0 19
1 1 0 2
1 1 0 1
1 1 0 1
2 1 19
1 2 0 6
1 2 0 1
2 2 19
1 3 0 1
2 3 19
2 0 19
1 0 0 1
2 0 19
1 0 0 1
2 0 19
2 1 19
1 0 0 1
2 0 19
2 2 19
2 1 19
1 0 0 0
1 0 0 2
2 0 19
2 0 19
1 0 0 1
2 0 19
1 0 0 2
1 0 0 1
1 0 0 5
2 0 19
2 0 19
2 0 19
1 0 0 6
1 0 0 1
2 0 19
2 0 19
1 0 0 1
1 0 0 3
2 0 19
1 1 0 0
1 1 0 2
2 1 19
2 1 19
1 1 0 2
1 1 0 3
1 1 0 6
2 1 19
2 1 19
2 1 19
1 1 0 5
1 1 0 6
1 1 0 1
2 1 19
2 1 19
2 1 19
1 1 0 1
2 1 19
1 1 0 5
1 1 0 4
2 1 19
1 2 0 1
2 2 19
1 2 0 1
2 2 19
2 0 19
2 1 19
1 0 0 2
1 0 0 1
2 0 19
1 1 0 5
1 1 0 4
2 1 19
2 0 19
2 1 19
1 0 0 5
2 0 19
1 0 0 1
2 0 19
1 0 0 1
2 0 19
1 0 0 1
2 0 19
1 0 0 5
2 0 19
1 0 0 2
1 0 0 3
1 0 0 6
2 0 19
2 0 19
2 0 19
1 0 0 1
2 0 19
1 0 0 1
1 0 0 3
2 0 19
2 0 19
1 0 0 2
1 0 0 1
2 0 19
1 1 0 1
2 1 19
2 0 19
1 0 0 5
2 0 19
1 0 0 1
2 0 19
1 0 0 5
2 0 19
1 0 0 1
2 0 19
1 0 0 2
1 0 0 1
1 0 0 5
2 0 19
1 1 0 5
1 1 0 6
2 1 19
1 2 0 1
2 2 19
2 1 19
1 1 0 1
2 1 19
1 1 0 1
2 1 19
1 1 0 1
2 1 19
1 1 0 0
1 1 0 5
2 1 19
2 0 19
2 0 19
1 0 0 3
1 0 0 3
1 0 0 4
2 0 19
1 2 0 1
2 2 19
1 2 0 0
1 2 0 2
2 2 19
2 2 19
1 2 0 5
1 2 0 6
2 2 19
2 1 19
1 1 0 5
1 1 0 4
2 1 19
2 1 19
2 0 19
1 1 0 1
2 1 19
1 1 0 1
2 1 19
1 1 0 0
1 1 0 2
2 1 19
2 1 19
1 1 0 5
1 1 0 4
2 1 19
2 1 19
1 1 0 1
1 1 0 4
2 1 19
2 2 19
1 2 0 1
2 2 19
1 2 0 0
1 2 0 2
2 2 19
2 1 19
1 1 0 6
1 1 0 1
2 1 19
2 2 19
1 2 0 0
1 2 0 5
1 2 0 5
2 2 19
1 3 0 2
1 3 0 1
2 3 19
1 4 0 1
2 4 19
2 3 19
1 3 0 1
2 3 19
1 3 0 1
2 3 19
1 3 0 1
1 3 0 4
2 3 19
2 1 19
1 1 0 2
1 1 0 1
1 1 0 5
2 1 19
2 2 19
2 1 19
1 4 0 1
2 4 19
2 1 19
1 1 0 1
2 1 19
1 1 0 5
1 1 0 1
2 1 19
2 1 19
1 1 0 1
2 1 19
2 3 19
2 2 19
1 1 0 0
1 1 0 1
2 1 19
1 2 0 0
1 2 0 2
2 2 19
1 3 0 1
2 3 19
1 3 0 2
1 3 0 5
2 3 19
2 2 19
1 2 0 1
1 2 0 1
1 2 0 6
2 2 19
1 4 0 1
2 4 19
1 4 0 5
2 4 19
1 4 0 1
2 4 19
2 2 19
1 4 0 1
2 4 19
2 2 19
1 2 0 1
2 2 19
1 2 0 1
2 2 19
1 2 0 1
2 2 19
2 1 19
1 1 0 6
1 1 0 1
2 1 19
1 2 0 5
1 2 0 4
2 2 19
2 2 19
1 2 0 5
1 2 0 4
2 2 19
1 4 0 1
2 4 19
2 2 19
1 2 0 1
2 2 19
2 3 19
1 2 0 0
1 2 0 2
2 2 19
2 2 19
1 2 0 1
2 2 19
2 1 19
1 1 0 1
2 1 19
1 1 0 1
2 1 19
1 1 0 1
2 1 19
1 1 0 1
2 1 19
1 1 0 0
1 1 0 2
2 1 19
2 1 19
1 1 0 5
2 1 19
1 1 0 5
1 1 0 1
2 1 19
2 1 19
1 1 0 0
1 1 0 2
2 1 19
2 1 19
1 1 0 5
1 1 0 1
2 1 19
2 1 19
2 0 19
1 0 0 1
2 0 19
1 0 0 1
2 0 19
1 0 0 0
1 0 0 2
2 0 19
2 0 19
1 0 0 1
2 0 19
1 0 0 1
1 0 0 3
2 0 19
1 1 0 2
1 1 0 1
2 1 19
1 2 0 1
2 2 19
1 2 0 1
2 2 19
1 2 0 1
2 2 19
1 2 0 1
2 2 19
2 1 19
1 1 0 1
1 1 0 1
1 1 0 6
2 1 19
1 2 0 0
1 2 0 2
2 2 19
1 3 0 6
1 3 0 3
2 3 19
2 2 19
1 2 0 2
1 2 0 1
2 2 19
2 3 19
2 1 19
2 0 19
2 2 19
1 0 0 5
1 0 0 4
2 0 19
2 1 19
1 1 0 1
2 1 19
1 1 0 1
2 1 19
1 1 0 6
1 1 0 3
2 1 19
2 1 19
2 0 19
1 0 0 2
1 0 0 6
1 0 0 1
2 0 19
1 1 0 1
2 1 19
1 1 0 1
2 1 19
1 1 0 1
2 1 19
1 1 0 0
1 1 0 2
2 1 19
2 1 19
1 1 0 1
2 1 19
1 1 0 5
1 1 0 5
1 1 0 4
2 1 19
1 2 0 5
1 2 0 1
2 2 19
2 2 19
1 2 0 1
2 2 19
1 2 0 0
1 2 0 1
2 2 19
1 3 0 1
2 3 19
2 1 19
2 1 19
1 1 0 1
2 1 19
2 0 19
1 1 0 1
2 1 19
2 2 19
1 1 0 1
1 1 0 3
2 1 19
2 0 19
1 0 0 1
2 0 19
1 0 0 5
1 0 0 1
2 0 19
1 2 0 2
1 2 0 1
2 2 19
1 3 0 6
1 3 0 1
2 3 19
2 0 19
1 0 0 6
1 0 0 3
2 0 19
2 1 19
2 2 19
1 1 0 1
1 1 0 3
2 1 19
1 2 0 1
2 2 19
2 1 19
1 1 0 1
2 1 19
1 1 0 1
2 1 19
2 0 19
1 0 0 2
1 0 0 1
2 0 19
1 1 0 5
2 1 19
1 1 0 1
2 1 19
1 1 0 1
2 1 19
1 1 0 5
1 1 0 1
2 1 19
2 1 19
1 1 0 0
1 1 0 2
2 1 19
2 1 19
1 1 0 1
2 1 19
1 1 0 1
1 1 0 3
2 1 19
1 2 0 1
2 2 19
1 2 0 6
1 2 0 3
2 2 19
2 0 19
1 0 0 0
1 0 0 1
2 0 19
1 4 0 2
1 4 0 1
1 4 0 1
2 4 19
2 4 19
2 4 19
1 4 0 1
1 4 0 4
2 4 19
1 5 0 1
2 5 19
2 4 19
1 4 0 1
2 4 19
1 4 0 1
2 4 19
1 4 0 5
1 4 0 4
2 4 19
2 4 19
1 4 0 2
1 4 0 1
2 4 19
2 2 19
2 4 19
1 2 0 2
1 2 0 6
1 2 0 1
2 2 19
2 0 19
2 1 19
1 0 0 2
1 0 0 1
1 0 0 4
2 0 19
2 2 19
1 1 0 5
1 1 0 3
2 1 19
2 0 19
1 4 0 1
2 4 19
2 1 19
1 1 0 1
2 1 19
1 1 0 6
1 1 0 3
2 1 19
2 1 19
2 0 19
1 0 0 1
2 0 19
1 0 0 5
1 0 0 4
2 0 19
1 1 0 1
2 1 19
1 1 0 1
2 1 19
2 3 19
2 2 19
2 0 19
1 0 0 5
1 0 0 4
2 0 19
2 0 19
1 0 0 1
2 0 19
1 0 0 1
2 0 19
1 0 0 1
2 0 19
1 0 0 5
1 0 0 4
2 0 19
1 1 0 5
2 1 19
1 1 0 1
1 1 0 1
1 1 0 6
2 1 19
2 1 19
1 2 0 1
2 2 19
1 2 0 1
2 2 19
2 0 19
2 1 19
1 0 0 1
2 0 19
1 0 0 1
2 0 19
1 0 0 1
2 0 19
1 0 0 2
1 0 0 6
1 0 0 0
2 0 19
1 1 0 5
1 1 0 1
2 1 19
2 0 19
2 1 19
1 1 0 2
1 1 0 1
2 1 19
2 1 19
1 1 0 5
1 1 0 4
2 1 19
2 1 19
2 0 19
1 0 0 6
1 0 0 4
1 0 0 5
2 0 19
1 1 0 5
2 1 19
1 1 0 1
2 1 19
1 1 0 0
1 1 0 2
2 1 19
1 2 0 1
2 2 19
2 1 19
1 1 0 1
2 1 19
2 0 19
2 0 19
1 0 0 0
1 0 0 2
2 0 19
2 0 19
1 0 0 0
1 0 0 2
2 0 19
1 1 0 1
1 1 0 4
2 1 19
1 2 0 0
1 2 0 1
2 2 19
2 0 19
1 0 0 1
2 0 19
1 0 0 1
2 0 19
1 0 0 2
1 0 0 3
1 0 0 0
2 0 19
2 1 19
2 0 19
1 1 0 2
1 1 0 1
2 1 19
2 0 19
2 1 19
1 0 0 0
1 0 0 2
2 0 19
2 0 19
1 0 0 6
1 0 0 4
1 0 0 5
2 0 19
1 1 0 5
2 1 19
1 1 0 1
2 1 19
1 1 0 1
2 1 19
1 1 0 1
2 1 19
1 1 0 5
2 1 19
2 0 19
2 0 19
1 0 0 1
2 0 19
2 2 19
1 0 0 1
2 0 19
1 0 0 1
2 0 19
1 0 0 1
2 0 19
1 0 0 1
2 0 19
1 0 0 5
1 0 0 4
2 0 19
2 0 19
1 0 0 2
1 0 0 6
1 0 0 1
2 0 19
1 1 0 5
1 1 0 1
2 1 19
1 2 0 1
1 2 0 4
2 2 19
2 1 19
1 1 0 5
2 1 19
2 2 19
1 1 0 1
2 1 19
1 1 0 1
2 1 19
1 1 0 1
2 1 19
1 1 0 1
2 1 19
2 0 19
1 1 0 5
1 1 0 1
2 1 19
2 1 19
1 1 0 5
2 1 19
2 0 19
1 0 0 1
2 0 19
1 0 0 0
1 0 0 2
2 0 19
2 0 19
1 0 0 1
2 0 19
1 0 0 0
1 0 0 2
2 0 19
2 0 19
1 0 0 1
2 0 19
1 0 0 6
1 0 0 3
2 0 19
1 1 0 1
2 1 19
1 1 0 2
1 1 0 1
2 1 19
1 2 0 4
1 2 0 3
2 2 19
2 0 19
1 0 0 1
2 0 19
1 0 0 1
1 0 0 3
2 0 19
1 3 0 1
2 3 19
1 3 0 1
2 3 19
1 3 0 0
1 3 0 2
2 3 19
2 0 19
2 1 19
2 3 19
1 0 0 5
2 0 19
1 0 0 1
2 0 19
1 0 0 0
1 0 0 1
2 0 19
2 0 19
1 0 0 1
2 0 19
1 0 0 1
2 0 19
1 0 0 0
1 0 0 2
2 0 19
2 0 19
1 0 0 1
2 0 19
