10 100 729
0 0
0 1
0 2
0 3
0 4
0 5
0 6
0 7
0 8
0 9
1 0
1 1
1 2
1 3
1 4
1 5
1 6
1 7
1 8
1 9
2 0
2 1
2 2
2 3
2 4
2 5
2 6
2 7
2 8
2 9
3 0
3 1
3 2
3 3
3 4
3 5
3 6
3 7
3 8
3 9
4 0
4 1
4 2
4 3
4 4
4 5
4 6
4 7
4 8
4 9
5 0
5 1
5 2
5 3
5 4
5 5
5 6
5 7
5 8
5 9
6 0
6 1
6 2
6 3
6 4
6 5
6 6
6 7
6 8
6 9
7 0
7 1
7 2
7 3
7 4
7 5
7 6
7 7
7 8
7 9
8 0
8 1
8 2
8 3
8 4
8 5
8 6
8 7
8 8
8 9
9 0
9 1
9 2
9 3
9 4
9 5
9 6
9 7
9 8
9 9
96
88
49
66
71
47
37
94
70
95
31
65
4
86
93
89
36
18
98
20
76
48
92
85
1
59
45
50
46
64
10
35
74
77
21
0
75
56
15
61
9
53
99
83
57
82
78
68
16
2
52
27
58
28
19
60
79
73
55
90
5
32
34
11
43
97
87
62
72
26
8
63
40
67
39
44
22
33
81
41
91
69
13
23
80
3
38
42
51
25
7
29
17
12
84
54
30
6
14
24
-992
-656
-149
271
-350
104
-560
-1252
1535
356
577
-203
-743
-1626
323
-561
779
484
-579
-473
28
-274
236
-135
-940
458
-1556
50
-665
-62
-277
-946
-265
594
102
-219
431
-151
1119
547
180
-685
273
2199
-468
191
574
-1117
-1274
-211
397
-900
-319
1370
344
544
-826
-484
-40
528
-391
188
273
845
41
-615
-348
82
-363
885
332
1346
104
503
69
-233
71
539
-1213
-1533
-592
-32
-665
1756
241
-391
90
474
1259
-63
1000
-252
411
-943
633
588
-668
587
197
-554
-170
73
302
-777
-1076
-496
-1152
-100
1172
-417
902
1567
-623
1282
330
1084
207
-719
955
-452
-16
-695
-1023
-116
148
-60
508
-464
484
-11
-177
78
582
-1400
-55
116
-333
249
-446
-375
575
-276
6
1186
-155
-271
-1599
-185
-510
633
-556
-1775
-66
-403
-352
509
-911
83
940
358
616
156
-341
-1310
-573
-47
-498
263
-1312
141
678
553
-1101
2
-829
-291
456
689
-1240
-68
252
504
-16
-302
-745
-588
113
-79
959
-605
-913
-353
-1185
169
386
-1117
13
315
-299
-301
259
969
-229
-411
1048
396
-1013
-1351
-195
-546
-442
-1174
-1025
-1049
584
-745
274
290
539
-331
-1213
566
250
597
984
90
-1372
-558
-480
1235
119
1732
67
-112
1395
60
-1482
-821
396
-85
-110
167
574
421
308
-1359
6
398
-769
15
81
958
-1895
1299
1526
-524
23
-486
-207
847
-112
721
73
636
70
-335
513
-347
-552
314
-398
-10
-115
-477
2344
-308
1309
854
-60
1162
108
309
-272
60
-350
43
-585
-669
546
-118
1315
997
-251
1132
417
522
-1068
64
-363
190
1132
14
194
306
-1628
-247
-371
-940
-555
-402
-528
206
469
-52
51
304
1198
-430
1170
-1303
-352
1618
-78
939
380
-852
-361
-384
936
-613
-577
-492
-872
1077
736
-19
114
334
-246
321
-724
-246
204
167
-6
160
848
129
935
348
-541
-186
102
561
-188
1521
-49
326
399
-481
31
576
621
-1249
427
706
-1609
-474
1861
977
129
889
131
138
379
-553
-430
-366
-1490
-285
795
642
-464
-240
498
655
723
411
1462
83
814
-267
1256
-446
870
-582
-1024
287
-135
947
671
460
-14
-312
-21
305
637
-1280
726
1368
585
-996
1306
-92
1
658
527
381
-514
-194
116
367
234
755
-415
966
753
-332
1495
154
-506
-161
-566
413
448
-218
1065
-536
-306
217
1161
-1311
364
564
895
9
599
-318
-1077
-450
-1723
191
-809
424
221
113
-1455
661
1066
-767
21
-298
1066
288
526
-1102
-1
-618
164
189
-499
190
530
215
-5
278
-823
518
-754
-106
101
959
496
-61
526
344
-661
340
-359
447
926
-691
562
972
23
-601
525
-51
-905
-1360
-958
938
74
141
351
557
-827
-319
1471
351
-281
795
-790
-446
258
291
-690
987
-651
-1956
245
-448
232
-58
1197
133
79
-504
447
763
836
432
-507
577
1910
-422
-18
-184
-409
514
589
2
173
974
957
-789
-527
63
-123
573
-63
-1902
-811
-832
-225
-483
-1309
1160
319
-1228
754
-342
-1011
-633
-402
427
284
408
284
942
-1461
-2
-380
-768
476
-143
-63
-229
842
1142
325
775
-1133
206
-193
451
208
263
-273
-15
-189
-239
451
-605
-539
898
582
-174
-249
1413
-124
-592
-1046
-92
193
-1111
587
1973
1100
141
84
242
-386
-452
-326
166
453
-747
-359
2055
-442
-465
839
-263
1277
124
-1090
265
-695
-39
208
843
-541
-56
-582
82
-525
-924
-193
203
741
-488
-167
390
-1210
434
-1037
-1134
-973
98
-606
-1047
-93
705
-85
-115
440
-591
-1251
1394
-462
36
-575
460
1085
128
-558
210
-273
426
-1532
782
501
-752
-254
-486
-506
991
1135
-333
-436
-27
1643
716
338
688
-274
613
-2208
-1842
386
347
-28
-190
483
-65
43
1507
-710
-744
1163
786
826
526
-19
-1087
26
7
386
-235
-417
338
-31
-117
877
-391
-192
427
-564
-590
119
534
-988
-174
106
529
-15
353
50
-964
-123
540
968
-423
1545
-262
146
-587
1568
226
350
1165
313
-37
-378
1147
592
1587
1456
1113
-850
-1970
1033
-2061
677
-577
-1206
-849
-388
-596
189
-106
201
175
117
-962
-705
223
1347
-267
1151
986
-366
1174
-349
39
407
1256
-106
867
-634
526
-1195
-1004
-684
328
-648
1013
-1183
523
-1033
-931
-1141
1510
-904
-299
-249
-121
-1398
-709
481
-457
90
102
148
-282
41
-264
-1465
58
600
-20
1474
419
508
1863
-1289
-336
703
411
-84
768
-292
658
1194
-228
398
-21
-685
-548
-557
562
434
607
-417
186
-206
-756
-1127
-900
-638
-282
-855
-133
16
416
-1285
140
-192
-1052
-461
-2134
-188
702
-285
944
-636
276
-1198
-249
-457
168
-158
297
-635
-329
-439
-17
-203
1039
335
79
470
1036
528
-851
450
420
-599
303
-161
-1125
763
-789
-854
-310
852
558
797
699
381
135
55
322
394
328
455
953
-954
419
51
-576
238
1267
447
-906
-1030
160
976
257
-1130
-722
-546
-1311
-890
985
74
1044
-292
510
-1386
-180
-662
72
1447
661
-124
-935
-734
-91
612
981
910
-1011
574
559
-870
-103
-1887
665
937
943
1308
728
900
-450
-417
-100
576
-33
-254
-229
689
1162
347
1329
99
-619
83
276
-253
789
-1741
-8
1381
-556
-87
-1198
-292
-637
-901
742
-144
-1040
1948
49
-881
-1132
449
164
1402
-263
2
84
-828
-167
513
-546
89
632
-699
-535
-501
-1376
719
207
966
549
-750
1616
266
-591
-729
-299
201
-370
1628
-1414
38
-708
-27
-592
-83
-932
-1103
844
-575
272
642
857
-569
-689
-548
959
589
-452
-1827
-142
-756
244
409
1190
1024
40
-138
-815
-516
593
796
-1035
506
397
963
-362
-172
693
261
-391
-177
167
274
-921
8
741
-120
702
73
-990
-1927
-661
-60
687
1286
-707
74
-138
-1927
779
294
-615
1211
566
-600
164
-411
-799
-957
580
-352
208
-1174
-425
560
-624
844
-1038
301
-640
130
1328
-1504
-230
-250
863
723
1347
-7
-1070
-309
-1231
-604
-213
1051
-981
627
-504
700
-439
-10
1243
-1495
356
-32
193
242
706
446
98
1794
948
794
-555
910
207
14
-467
-1200
302
-1810
33
-309
678
-1141
361
558
107
-274
510
-749
-106
686
310
410
52
-508
297
0
1129
198
-1423
207
-1315
-88
213
342
-1089
795
-164
-606
-117
-68
-310
250
223
547
1036
-1776
820
-63
168
927
-637
-714
35
-1213
898
-575
-31
-1700
332
370
771
300
252
101
1179
-1501
632
173
-603
-211
-426
1933
-119
-318
1500
214
1059
-42
-471
143
-198
377
-406
-253
-879
392
616
-930
-396
187
419
-580
-803
246
958
-589
519
112
560
-107
-452
570
-216
208
1312
21
1
35
-90
-1164
673
436
120
1037
-698
218
-734
343
107
13
1203
-1050
-1017
759
755
-740
1001
624
-441
-422
-196
858
291
121
-53
-592
-2224
438
68
-453
599
-1712
-195
1952
-1446
-181
316
-848
-759
173
-147
-18
-344
305
115
-504
1286
-379
-499
114
310
-1536
-518
-715
-402
234
34
-139
-24
-914
-595
737
392
852
1198
-274
-524
558
171
-866
-55
1018
79
1095
556
1191
-160
-1001
-265
529
514
-816
125
170
333
-58
634
218
716
187
16
176
771
-213
-1953
-788
42
-571
517
-153
1080
-267
165
1502
-737
-282
-123
1882
-515
604
537
-242
-37
373
-851
1799
1112
-113
893
-43
815
398
-639
780
601
107
-7
1098
662
-523
-42
74
1022
-1089
-510
285
906
37
165
667
-240
91
27
-818
-861
449
-170
-664
-23
234
-545
-1130
-232
-46
-612
-1284
-49
-1159
-1470
-656
1385
-1040
-891
806
-1372
285
-1858
172
176
556
-401
242
-207
-10
863
593
-241
-1204
-942
-993
-1040
531
888
-1297
487
-24
-88
1028
753
253
-509
-929
-669
879
981
254
-894
-426
17
141
-816
-495
-144
42
761
-72
357
-522
-1407
1648
-492
1874
51
494
-305
-107
884
-73
1107
-450
378
-391
565
-811
-1095
-297
-739
319
-38
-670
-267
-510
-1581
70
961
-2016
-925
240
928
824
-497
914
1334
-1513
882
244
-923
242
-294
318
-301
198
86
-790
-343
-310
363
-601
-1380
208
211
-796
-205
-830
-1586
-39
759
826
996
1081
-558
-890
80
252
758
162
-1012
-340
213
805
-221
-562
-1386
-331
-1205
-1642
-535
220
-224
-426
-865
-1002
72
1058
-583
241
963
-451
1340
804
614
1175
-298
1246
734
193
-1144
115
-125
179
-167
917
18
356
-53
636
79
643
503
1056
471
1343
7
289
270
699
-296
578
337
61
414
-735
317
1194
992
633
299
-51
-558
172
394
174
48
-73
749
422
-97
-134
-742
-485
-103
144
219
1826
62
234
-73
-711
37
954
-283
508
-1165
-1306
1938
1144
1078
691
-785
114
1053
-1342
365
-343
344
-729
526
362
981
-1214
-569
-460
314
-351
38
746
-124
-258
-827
-690
-192
-486
-18
1184
-498
-572
-569
-1145
234
1045
1211
-538
-1200
486
324
-812
-1712
-310
-870
727
623
614
22
821
7
-183
-114
412
-1498
-770
686
839
407
-1278
-884
1271
51
840
-898
177
790
893
-1174
289
370
1282
-500
162
293
151
558
-394
202
1215
-334
-130
227
-862
-539
-639
505
1644
780
-704
-378
-1
388
-730
310
-317
-252
1571
189
774
27
-446
23
828
-976
-936
-841
49
350
396
-549
-365
1047
-917
850
970
833
3
-434
56
-642
292
-399
397
1511
-235
-190
54
-375
-817
655
806
806
847
-498
-1345
1324
-257
18
-1434
-465
-72
812
63
-139
1293
4
811
-776
-413
999
301
-644
-1450
-17
-1039
-102
-606
553
-442
-257
462
-91
435
442
288
407
-124
-759
248
-617
554
-1130
-1014
1338
-680
644
-1083
-111
734
-295
73
-274
-55
-500
419
-1233
-609
19
-687
1198
565
-122
-287
-569
-577
-398
-151
646
454
-1190
263
442
-157
885
-625
253
-66
-179
-164
393
586
856
431
-128
-867
-416
-395
-838
1552
748
1100
-100
428
-1801
-570
235
424
123
-1726
-553
-1633
49
540
-533
-16
28
456
73
-246
-53
879
179
-256
-993
973
-212
47
-183
-90
-466
94
-576
1614
-54
-356
-972
149
323
349
-430
-606
316
-767
-59
-421
498
283
-578
1318
1078
-534
-4
-341
608
-581
321
-380
536
30
473
442
6
438
529
589
292
-609
36
86
332
-194
59
960
290
1063
761
921
-993
-228
-61
42
429
115
1618
-729
-814
455
-402
-167
286
565
-862
-721
-82
1026
195
243
-1313
1
783
-48
-342
-629
103
-272
-288
149
241
-80
-186
-1053
-552
-667
-1005
955
-377
692
-861
-157
-95
-964
-1232
-801
235
489
346
807
-152
-1348
658
-692
193
254
438
248
-676
-356
-621
-594
-104
-829
-1727
648
-1112
-581
-626
-1276
321
-538
1069
158
584
-315
-152
337
-146
699
-753
-125
-70
-843
-1688
-291
-883
570
422
-843
-1168
220
635
-429
154
-557
-486
89
436
52
1422
-153
-298
1106
-554
-648
-1194
-1312
1062
-396
182
278
-2
-429
327
1401
-1167
-757
998
-72
833
-121
238
-525
18
-478
-1307
675
-823
1127
-200
95
53
38
-823
-474
453
-185
224
450
388
568
1458
154
-392
289
-473
-311
618
-1222
65
-658
-240
1569
-1293
428
-344
-659
-102
7
337
1198
426
-888
-727
-414
710
-1015
-246
505
-241
533
660
-473
-829
789
-796
1309
-44
154
187
102
570
474
163
669
530
-229
870
188
1615
-48
413
-198
690
-229
-1028
531
1175
-323
-516
-1688
1434
-362
-812
1083
724
481
-550
134
-441
-616
404
380
-542
582
455
1530
-456
1285
-579
934
-701
-1317
-1003
-563
-123
-138
-636
-410
438
-80
182
-361
212
-366
-326
236
-189
1168
-609
-184
1128
-300
-389
513
-1077
-129
930
-570
-1005
-613
-61
-268
145
-818
665
605
1085
-292
585
1608
214
879
-820
-43
7
1485
376
-284
107
-431
320
-666
-997
875
-193
851
899
659
511
-31
-495
447
467
677
2704
-449
-581
-330
-1277
-415
-375
923
-690
-353
244
-615
1015
-208
704
153
-1650
515
543
354
891
-215
-116
-299
650
-967
306
335
-664
60
226
166
551
177
266
-512
-334
-1138
-613
-351
-1145
-556
-172
-497
1061
1181
716
1376
198
-52
-666
-779
900
-405
219
-339
-623
-28
-176
-175
-1158
-817
414
514
777
1695
716
547
385
726
1040
4
-424
-622
-1461
380
-152
-294
17
-715
140
694
-452
-836
-1112
-890
-355
514
178
-13
39
-325
-293
420
-202
-862
856
1183
-1592
-143
92
-896
-1159
1422
-928
699
-657
341
-98
-791
-830
887
-375
-901
-1488
126
579
153
-159
309
-485
144
-466
-945
210
1327
922
-37
-260
1018
257
411
-572
-201
-781
367
-11
-592
943
563
546
474
102
-302
623
-2
259
38
-620
-765
965
278
-89
-622
-988
-246
-490
-371
-219
-868
-455
-1137
-30
-43
458
259
-315
1416
794
635
116
39
-637
485
-1067
-1371
-1230
-394
-509
-770
1171
709
-351
724
-575
922
141
-339
1059
521
-552
-538
-578
-543
73
935
-285
1321
416
-272
-1517
-278
-122
-298
-1612
1915
365
296
-1138
-178
-539
-329
-387
-719
373
66
523
53
-154
23
-141
-222
296
-1042
211
-243
444
925
-1018
-530
-832
-65
769
-268
191
-151
361
50
1885
-670
1384
849
1633
-406
-458
-1130
54
143
-217
176
91
-268
-1039
-736
-170
387
-28
321
-334
-582
677
1014
1043
-197
1279
807
704
-733
969
-141
950
1745
-834
391
381
-949
862
651
371
187
-267
762
202
-735
-1412
1
-254
423
-559
298
-82
-789
-159
-800
265
391
151
722
-646
-232
186
-7
-357
-1321
-1589
-125
988
303
-64
-551
-145
-1184
136
-1068
1239
-458
366
-479
-187
429
-1384
882
415
-285
1142
-283
-44
285
-317
497
1140
740
538
-911
-325
705
521
554
-543
747
-602
523
-464
-237
96
-941
-75
-1166
-189
-531
-568
-59
376
-528
-1131
799
-68
-741
234
533
-823
471
-917
-668
266
146
-590
-816
-1122
-172
200
-320
149
-110
223
397
-1127
-62
231
-877
443
401
989
647
2012
-248
810
544
280
-513
-962
-570
-102
-746
-567
276
-1090
33
764
-50
249
-359
-953
-829
-617
31
-614
-373
60
56
-782
-1280
-1262
26
320
664
354
206
193
-317
-809
-176
65
-307
-540
-363
829
-92
-261
-313
54
-1658
647
-175
-508
434
-43
-172
-323
595
654
1811
-181
622
398
-735
-541
-1462
763
-1117
-1393
447
-1113
-632
-516
745
577
-545
-1077
992
351
-373
2162
1478
-87
-710
-213
-164
-17
343
-53
1493
-154
595
-245
719
39
-389
265
151
-631
-142
1319
129
267
1123
1157
661
-118
-690
-28
348
223
420
-895
339
-1245
-56
418
520
-1223
-336
-175
376
-56
44
-423
715
-178
254
-392
177
56
-28
272
36
-75
914
-503
-1174
-20
693
-830
1096
-519
-152
1021
29
-108
-1070
-386
208
544
234
-974
855
-290
1224
-550
-910
2273
-905
372
436
-114
580
1668
821
390
-1143
1531
-17
721
321
-47
1126
1751
-1175
-316
493
61
1270
-538
-216
-1256
-684
902
125
294
-229
19
-1669
437
317
754
-890
-332
1799
42
632
1253
2048
-613
-1260
-420
-1564
-39
1235
-571
991
-815
440
478
118
-683
1655
-154
-191
341
119
-139
-996
-392
374
900
-490
781
1175
-689
232
214
-1150
490
466
-248
-1463
-182
-79
6
83
311
644
513
-98
1126
-965
309
-595
-1407
-689
693
34
672
-232
-146
888
-252
-281
653
-1377
-2243
9
1219
-156
110
-846
689
-456
151
-908
-699
-1162
1343
62
-368
410
-1135
-946
-69
16
390
-633
189
-175
129
-468
125
-762
345
-146
-422
561
2149
114
1187
255
-335
-247
-414
-606
389
-713
-211
-165
721
-64
1176
335
447
-332
82
53
461
-646
-85
-223
-157
-1073
149
-456
-689
-73
210
948
-633
809
525
390
521
-184
-419
690
-41
827
-717
-574
-465
-970
1197
393
-85
465
-955
-192
-915
582
-436
-268
779
-712
-299
-463
-843
-356
699
-829
-1127
270
50
-1238
203
-22
-638
-1735
347
-76
175
1061
131
-966
2
46
704
-496
-251
88
-94
-128
-725
-111
871
-26
-127
950
438
-968
-545
-859
308
-319
536
228
-141
192
-375
-429
562
253
-895
-321
-1413
952
-912
-1517
-420
-378
-827
-925
167
-1027
14
-441
628
-21
-74
-649
-1063
1006
549
-787
-27
324
-215
466
-664
-478
-1085
958
12
634
-79
-2
294
-59
517
-161
298
524
527
603
408
-487
-1780
-983
249
-662
-177
-10
706
-625
402
363
551
-69
-625
-455
90
-444
-851
-718
236
-564
-231
689
1572
927
650
-637
823
-305
-383
-290
-811
-397
781
-559
-513
-326
-118
545
-88
-1324
670
-1048
9
-124
417
485
118
-130
676
1089
-45
-97
-647
-209
-810
-65
-279
668
907
-87
1124
-1289
-431
290
295
-767
287
647
-792
885
-1266
104
-509
-809
-66
519
-388
-316
954
1061
-33
-439
1117
402
1007
618
10
1040
-551
1060
43
-581
-870
48
402
-737
-162
79
-1258
-376
-491
-137
130
46
-759
436
-707
1559
-1152
137
-740
609
-1074
308
562
-548
-1005
-620
-1042
-205
1110
11
-779
-371
1300
-462
-72
303
-130
-44
919
195
544
-244
-233
1
-791
-664
2
-1327
828
-454
895
637
-241
447
-85
-1056
417
-375
-448
-203
-734
460
-259
-346
-353
-36
-1487
190
1207
-192
513
-380
1036
1611
732
-1077
324
-288
-167
-837
-811
-95
-941
147
-96
684
-473
-624
-119
1029
798
294
-1161
120
-690
-695
-870
-88
-733
948
126
789
-758
-92
-108
-1171
-26
-1290
242
116
-1034
-500
332
559
-414
-470
189
110
-240
141
-68
-101
-922
-542
122
476
210
-533
674
93
1376
-369
-309
1147
-230
185
-1050
-734
238
291
-235
316
75
89
-1098
128
1201
-191
312
-237
-250
90
-253
529
-1014
-453
-1914
318
-213
-105
-812
-513
-1132
1384
-161
211
493
1172
540
-887
-63
-44
194
-1805
-1373
235
444
-393
-1838
-694
-1273
46
140
714
660
-629
-521
932
-630
1339
779
153
1498
-46
-626
204
116
712
-1331
934
-287
-257
-1033
39
-1004
-439
1261
-393
259
644
779
633
-410
-137
295
-830
255
419
497
371
-943
-204
-313
443
-449
496
638
318
793
83
97
-845
204
-929
92
-680
301
1130
-1134
453
-299
-514
-29
-147
498
1075
-1389
388
-882
932
509
1177
-900
500
-909
234
-371
825
86
-1120
-110
-308
289
233
382
-1172
-256
84
312
1298
963
-61
6
819
-965
-480
-296
-256
-898
81
-122
-709
-291
1211
-86
-279
1430
-635
192
-739
-340
-632
954
-192
30
-1130
1429
364
-1622
-1384
231
-17
639
-1042
-518
-800
593
-1850
124
-883
-311
1992
-1154
186
-460
290
-155
723
-725
1546
-400
-1134
-69
-735
1075
-328
840
-440
1013
-400
729
-1213
1216
-1330
463
-1146
800
481
-296
751
1497
-23
-250
160
459
1376
-989
313
714
-714
-1040
-459
431
-129
82
-68
15
336
551
72
-227
579
222
-29
359
709
-942
284
-809
687
444
-663
-715
512
-105
-884
-641
-830
-578
667
-1440
282
209
1215
-128
198
-594
-492
492
590
93
30
-120
201
-18
512
390
-320
-615
1650
-180
522
1022
-874
538
1243
633
-751
-173
-769
-453
138
1079
-390
305
-789
-33
329
-466
-253
335
484
-462
-1097
-134
355
-1158
1531
26
-483
1477
-435
-960
497
262
135
-462
-367
-42
131
1351
1559
310
-2670
-741
-524
799
-58
288
429
-167
-1299
491
960
712
671
-366
-653
988
-544
-1604
307
738
-233
-1016
-528
-135
28
1216
373
818
105
375
-350
198
-1500
716
-629
626
-1619
534
-701
356
585
28
-40
-280
-426
-1057
-110
-168
291
1038
667
746
328
-463
-248
-212
427
140
793
1142
196
-233
653
-957
752
-659
-487
491
-510
-25
-637
-765
154
121
98
540
1061
-351
278
-473
-315
-1587
-438
57
464
1125
-347
409
-377
-209
-84
222
-143
-397
133
-319
-236
-349
-216
59
1691
-68
-327
-952
200
851
-106
100
-255
574
-911
-1732
839
-106
-94
-1083
62
-993
569
-1086
-773
481
-1081
273
-278
330
-337
-300
-612
330
178
294
-368
481
-75
-1013
376
-247
-1024
328
80
409
-563
1564
111
-373
1003
-644
-672
30
-199
1729
-969
1070
-237
261
638
533
-603
949
683
790
-1210
-1305
544
-1139
-566
-300
1055
-200
236
-792
466
1235
345
16
-676
-1239
745
-129
551
-40
432
-924
-82
852
-308
521
-366
-964
803
-342
-203
486
276
-39
647
-286
676
-627
-607
-424
544
-821
168
923
-1266
-539
908
263
-262
1171
1098
-542
-1113
282
-123
-120
392
-304
223
-309
-646
-430
-312
-770
190
581
-1199
168
866
344
65
154
180
1757
-760
908
-634
521
694
218
316
485
275
624
-440
588
702
220
777
-52
-1408
-640
-396
478
-998
456
252
-726
-173
65
205
1416
-493
258
914
-324
1278
-261
-281
-1198
528
54
287
1046
836
-486
-115
761
-1012
347
-1039
51
-547
-442
-160
116
708
-1394
745
555
-1437
-849
-38
1131
1069
-989
-1363
-848
590
-1407
-189
-1249
415
-517
256
-732
-919
1564
46
-547
-1206
-306
-505
-117
710
570
-512
-1054
-91
278
508
-191
506
-562
414
90
238
-563
-619
-173
543
942
-338
372
607
-558
-249
-87
717
-132
-276
17
562
-979
-45
707
-1540
-43
789
359
883
416
-381
-764
25
-856
-411
148
73
-20
-444
-2180
1
-1690
191
-1212
-32
-118
-1163
634
-1105
342
495
-4
-434
326
-720
-528
-534
1054
-124
-174
61
-619
-200
853
748
1287
84
-287
-121
377
-1295
64
169
-936
346
-675
31
456
1055
406
535
-447
-657
458
674
349
-966
-813
-551
411
1714
341
-696
1130
-155
872
-359
-1110
32
-64
454
-771
-601
34
-710
-43
-629
-3
-890
-27
195
1218
1008
248
-1071
-1012
-1203
721
-864
94
9
-568
-585
-288
320
1008
162
-728
-43
912
514
-215
537
3
303
795
-395
-876
-883
-275
102
162
-429
-891
72
-449
-459
825
-172
-233
113
-619
630
246
-511
629
259
877
153
-50
707
-177
1084
-990
-22
-114
109
-890
487
1258
133
-7
-687
267
1321
1025
-1338
-586
-428
-257
-187
-391
-889
-519
-430
-67
1362
79
-572
1532
-346
-592
324
464
2233
-41
-1130
766
153
250
-1238
-336
-1150
-1230
-1354
1595
-246
676
-645
-432
-905
-871
982
-1117
298
416
-254
-627
-37
392
-491
1025
-13
367
952
-563
-50
-72
1865
-599
-93
-486
-422
-450
-212
889
-866
603
1071
-248
-699
-343
870
-1153
495
359
917
855
295
469
62
-486
1018
1258
-159
-347
180
547
-1159
358
809
-375
-311
1551
899
-430
51
-244
-506
-706
-1899
898
576
-1245
-546
-595
199
-367
508
-556
1038
-368
-1196
1133
-1811
187
-512
608
1259
-1133
204
55
-1631
809
-1090
59
-843
3
230
713
-661
-360
324
-73
1855
-235
-1400
-177
-627
-754
454
-90
-1830
1078
-533
155
294
786
-362
327
-738
460
463
480
1024
-108
2094
-2209
-740
-66
-323
-125
-1067
-1014
-1684
127
168
85
24
-227
-946
-66
534
269
448
-628
-31
1386
-498
177
893
-297
601
-890
-297
-1538
412
-790
-2307
-440
968
-777
729
-1009
865
-78
-962
-4
-556
-166
71
563
479
-131
-1652
445
-362
389
-1275
-1071
-21
31
-1071
-1203
-467
-553
674
-26
801
472
-808
-268
675
-365
-465
-21
940
814
-787
-321
853
1510
-14
-316
300
1089
-363
342
-1141
-999
635
1226
-44
-5
-395
1171
193
-398
1193
52
-54
-203
-237
698
-1218
352
757
451
629
501
852
298
80
261
-506
-213
-379
-277
-66
191
259
244
564
1775
-270
404
-204
-93
-1130
-637
715
-969
-19
142
-864
1532
-938
724
195
1386
-655
573
1176
-989
836
668
-33
461
434
103
182
-1021
-156
905
262
21
-406
660
-182
-899
-847
1003
292
612
613
-779
888
-641
-1363
849
-221
104
-760
-431
-638
-1051
-320
182
814
-845
300
-602
-108
124
-361
661
-988
-1135
1004
-696
1656
-1264
-122
-15
1189
1186
1324
1421
1100
126
892
701
890
644
497
-1109
622
750
-280
-841
-139
-657
848
678
-1152
346
1426
114
-19
612
308
371
-616
617
794
-897
-594
1197
-1146
-385
522
525
1252
-1356
-1328
-671
870
-666
1234
-263
710
573
-2260
-497
-2508
-1068
400
226
-1010
-295
816
-474
1270
247
499
-319
-624
-478
787
-159
-539
1037
-882
659
403
783
108
1477
-596
-5
-40
-531
314
-1196
-213
-756
-918
217
-473
228
-337
-1404
-696
231
-657
588
374
-1073
809
-449
-61
-1160
377
526
-125
-129
-80
638
2683
935
1048
253
239
607
322
647
-639
585
1099
-20
-855
983
187
-550
1236
-568
186
-12
701
541
-921
346
348
-25
-233
-1252
-55
-534
1019
186
-1220
-1117
907
1571
322
-523
-895
1135
-809
-190
385
309
1431
212
-345
-608
-188
-45
-404
-299
509
-887
530
-133
34
229
-608
-1106
322
-411
823
-241
-1144
-779
-885
498
-70
-998
-15
725
-22
894
365
-699
-855
28
711
-1195
1211
-2360
-287
-580
-787
894
-328
-412
-267
510
-1028
-13
-590
-145
1117
292
567
-265
-1029
-380
780
16
-747
838
297
-298
-580
-1159
701
-2102
-800
-841
-40
1437
1284
-549
-530
686
-1073
889
933
1079
120
-467
2070
350
1015
120
-325
523
967
-824
-193
312
77
120
1334
-578
518
-828
-331
-1122
-152
108
-1391
-859
704
465
552
1269
314
108
-353
-507
-764
881
-536
-1148
-434
-228
-1345
631
-477
-946
-525
762
-1035
-849
367
-147
-1291
273
991
-1787
-426
242
354
-1201
486
-534
-699
-428
543
-583
-364
-742
176
314
176
429
-552
200
674
1645
-108
1279
617
-655
126
554
65
-127
-783
-107
-588
-585
859
-615
-790
-595
246
1248
1505
638
395
-1135
-1409
431
-845
694
-388
641
-922
-503
-516
103
-138
128
-511
-172
-876
1668
409
-55
855
1509
-567
-899
-1301
-482
-148
286
-1252
-856
-248
653
-860
190
-232
-788
-878
524
-1085
390
-398
54
1043
-144
111
427
799
1358
-1557
-343
-476
-561
-1695
-408
-17
-157
-786
-433
-779
614
-757
268
1191
-226
-52
145
489
-1212
697
784
1000
368
528
561
-958
-150
345
290
-626
-1131
-719
43
1482
512
-405
1175
-1343
678
-253
-1349
824
-996
-567
793
230
-249
432
407
171
608
-411
222
-532
272
-434
1241
46
52
667
-191
-39
586
395
-768
-405
-742
-715
528
-647
948
194
874
403
430
-1370
-170
-907
395
-432
-809
1167
-675
239
542
-119
-141
-571
-112
-297
-208
707
-637
-64
-595
-195
773
-592
197
273
-1799
308
341
1365
90
308
-13
-447
484
800
-130
-1311
-1092
-1149
284
442
2265
-233
184
-1090
372
-317
-1152
57
145
348
198
-274
-912
976
-1331
76
693
-99
-230
-115
193
344
-185
-1460
-610
-497
47
-2172
-2030
168
-699
631
118
-992
-2028
1183
-604
1532
2161
1143
491
-403
83
571
-58
-727
-1866
637
-303
296
0
827
771
-887
264
-269
-292
1127
1092
-688
-340
1287
-124
-229
479
1649
821
211
-331
413
455
-135
40
-102
107
-83
1555
-721
1325
1001
518
1186
348
-894
-671
267
854
-467
-506
909
1219
-279
-836
-532
1013
549
434
-590
89
433
65
-1539
126
-862
-109
592
-321
-1127
1862
-934
426
85
644
-425
-647
-310
48
-697
444
687
-246
1012
-53
-331
17
-16
228
-159
1029
1271
-1198
300
-881
-422
-89
45
-291
248
707
-992
549
-997
209
-1371
-660
595
-794
801
527
-254
1967
605
989
455
621
1019
21
675
1171
160
-233
216
1168
-968
-531
303
257
338
223
-75
718
261
326
654
-1669
-1443
-807
497
-624
-1141
-808
546
931
-82
653
-247
789
451
378
-122
-772
-73
671
567
299
1155
-708
-764
-63
-1289
-629
301
-306
1190
-206
-439
-1008
-75
-210
-897
311
1745
-330
559
-754
-273
-537
-240
190
-851
-492
641
-80
131
630
97
111
1096
1009
781
643
536
155
-322
283
-118
495
185
-200
-423
-140
780
-98
-400
670
-425
212
407
1400
-168
-665
801
97
-1142
406
-995
-510
2519
-972
-340
539
1512
15
10
523
68
-537
659
-395
-211
-621
721
-930
252
-119
-523
-516
402
370
653
-1294
-170
-166
-1231
-599
-211
-16
161
349
302
-2057
180
949
1404
-89
355
-45
114
248
-235
-142
132
-288
235
-98
185
-44
330
283
115
114
-34
-414
-510
-369
-259
424
358
1443
644
-270
449
-404
-244
1176
-241
-1465
-70
-575
424
1662
-208
1035
842
-342
73
-1443
-1194
-518
-845
-519
-1205
199
-15
602
-426
-1215
338
-538
856
-834
-882
-854
540
140
-284
-727
465
184
385
-1510
115
-185
-454
403
230
-106
-126
791
-1610
-1530
-495
-150
795
-331
1203
-523
-450
7
-379
-830
715
34
326
-719
-494
705
-319
-1122
-1045
-409
-1053
-1088
-741
-1976
-588
-1148
-168
553
381
936
-20
46
349
-16
-153
192
961
703
1313
200
244
-634
242
-131
645
1208
-309
165
920
-114
312
355
-35
-35
-806
1068
393
93
126
249
-410
511
-18
801
432
1468
-159
215
-1682
-769
561
31
701
866
815
187
-656
-766
409
675
1256
-884
-352
-706
-622
507
-1062
591
-162
883
985
1046
-7
-922
-121
-633
930
330
-196
-184
590
-843
107
-630
125
-222
-243
1173
-152
504
-1093
58
-2302
1128
-606
625
41
636
100
484
396
-855
1176
967
-39
-836
763
-463
666
-265
1412
-150
-1453
-1079
-912
825
230
-479
302
859
-319
-46
305
-1258
-183
318
663
-1363
-660
-434
696
-606
-635
-1580
367
475
-600
243
381
-828
-472
-1262
-114
55
810
686
-648
-1457
996
-404
-822
1619
-750
-1771
218
17
666
272
-53
447
-1761
788
224
-679
-50
952
-165
907
-664
-595
-189
-3
1510
-432
1057
375
395
333
752
-402
757
1220
264
160
71
482
-1
-240
-142
-537
-772
-776
1073
890
604
600
10
889
475
-693
540
167
-35
1344
101
-9
107
-43
-913
-666
-20
-106
659
146
793
634
-821
-1461
1158
-216
-1202
170
200
-680
-63
196
-19
462
10
464
568
-731
1134
617
91
343
77
-637
-1088
1568
2308
292
859
-957
620
1066
425
1400
192
38
258
-1088
43
-99
671
-517
100
-491
519
-488
-20
1470
1204
52
1290
-23
-63
-259
-841
-401
56
626
247
411
-66
221
-1552
408
710
-73
-1623
283
-534
-735
1200
157
-415
-765
-865
552
-47
-546
439
362
84
672
207
12
825
475
614
-586
-1015
226
153
-125
-733
-529
310
-202
221
-21
903
303
-706
1123
-72
-261
-108
268
427
-817
-684
-214
-62
169
-986
1104
-1480
774
-813
108
-1374
425
35
937
344
386
-20
189
910
100
16
-1562
-1259
-1194
691
-534
-313
820
1058
251
656
370
-804
1550
1060
548
329
-290
-1215
-66
675
-184
-19
663
-221
574
976
731
366
316
212
-186
-407
-163
200
303
510
-218
949
104
-1056
-126
-276
1068
1178
694
87
-984
113
-135
790
787
404
980
17
1165
-1874
242
224
305
-29
-435
-8
517
485
-71
1070
619
1559
287
-1332
-316
389
-365
-1126
-1959
-515
-80
-971
-175
812
-1071
677
1016
-1684
330
-1200
232
-420
664
-291
-1199
-772
106
770
405
-1248
-461
261
654
-36
243
537
250
682
952
793
-698
366
958
577
140
355
-507
-1032
-63
-68
1354
-313
430
167
18
155
-538
-384
250
-293
990
466
-188
888
-1381
-716
602
-719
-740
764
316
-605
-327
839
-163
1675
7
638
561
562
-414
-1427
109
-133
154
-513
-2143
975
236
408
-916
-390
238
1093
3
70
-1237
-99
-480
750
-229
-448
-394
-910
260
667
134
-14
545
867
1223
-645
-213
1554
-293
172
1111
1403
128
-1433
775
55
-234
-174
59
297
44
-882
-1800
-476
1001
-584
693
1419
-434
2048
-767
-98
-478
-33
2433
-650
807
-36
-107
822
-1254
145
292
-644
-603
-120
-213
272
368
-282
933
-504
572
-1023
-1473
-1053
470
-609
-248
-1340
190
-65
430
-357
560
-590
178
548
-148
192
352
1060
-409
-1140
1223
-190
-81
141
697
87
-69
-855
214
-34
-503
-848
-295
-212
-763
-114
960
106
582
-1081
156
52
-489
578
935
53
-371
263
-19
-217
235
1426
-116
356
628
508
363
530
123
644
1145
-1299
-409
60
315
931
883
-916
-550
782
94
-1116
-768
880
-353
-400
609
977
1129
69
-39
-525
1103
433
-604
315
597
154
315
58
-1330
-363
345
-358
658
-906
803
831
1208
-1292
277
476
286
-40
-500
1017
166
-234
-879
-431
-951
1005
618
-629
185
20
575
-675
-285
458
-1038
585
-465
385
-743
-52
-981
504
-729
-862
311
111
-270
-373
94
-737
383
-531
-1341
-770
254
21
-365
-600
982
169
1133
247
1416
-126
-71
-372
889
516
984
-78
530
754
274
-839
276
1005
549
186
-515
406
-150
-138
-1344
-298
107
347
467
680
512
-315
-1108
-420
-307
-1299
83
-758
100
625
90
-134
-71
-273
-231
-268
-702
239
-650
247
-865
317
483
-965
-314
102
-1007
352
52
-1999
-252
-1238
872
-597
244
-109
-853
1162
-224
-1005
-16
-372
386
1960
-534
170
121
400
-390
2044
-35
-236
572
1717
-515
-2295
-238
104
-564
1705
299
-30
712
700
-556
-350
-356
-605
137
1100
422
-22
-1643
558
1310
-674
1252
-352
975
-848
11
222
-442
172
52
1671
296
357
45
529
663
-464
-1064
339
432
497
555
-325
1354
-571
-666
-265
11
-1657
-198
126
-170
-291
440
1783
211
-7
814
376
-187
-974
173
557
1816
837
158
35
1030
-650
163
485
642
337
-283
-289
-220
-815
601
-686
-447
700
808
993
115
-352
-491
-137
464
-68
-448
-22
-399
894
-1110
681
-872
-340
227
1356
-1130
-405
-187
591
557
-226
1014
-763
-44
1310
1955
250
250
-689
430
1576
-69
-454
-754
1133
1003
-1117
87
1371
588
132
-338
-15
-870
-262
-581
162
549
41
1169
928
-112
-75
500
356
-171
1488
-272
-92
-301
-1226
64
782
-169
431
-703
2311
-256
157
-449
578
1364
566
-332
-292
949
319
378
-643
-182
-430
-1648
-557
-50
510
-941
-950
323
2233
-707
-1328
173
-252
-642
-1254
378
976
-805
277
-1857
689
-86
-595
205
-544
671
275
674
-383
-793
-1443
-473
1550
339
791
-327
988
28
-1765
467
-289
-659
163
586
239
-779
809
-264
208
444
37
-78
599
1836
-688
-95
-47
304
-493
-109
533
214
926
450
842
-670
935
724
188
470
709
-147
162
47
415
-1625
-521
-200
-666
-1539
476
1069
825
982
1278
193
-861
655
1325
-1111
1147
-795
-530
-510
1119
402
-1083
906
389
854
1068
-714
-1765
191
323
-327
133
-671
1018
-215
-148
-164
-419
832
189
72
712
-563
-445
-516
-1128
231
-787
-263
1093
199
-1486
-506
313
-970
-801
651
593
-685
714
-593
182
-2696
775
-371
206
-1103
206
-26
-393
842
-1163
1318
234
-341
-395
-401
554
1095
-840
-1033
432
-1071
280
-826
-7
-1342
-510
-381
-36
-84
151
51
-826
137
-742
-472
-191
594
-1361
1581
-338
374
-78
-8
-1570
197
-891
331
337
92
1022
544
-190
-106
-1246
186
480
778
460
247
143
794
1215
180
-1811
-155
-864
-2336
93
857
463
671
-1684
-339
247
-80
-443
1499
290
121
811
946
-703
176
-25
-229
-831
143
-1067
-191
1322
-512
-454
877
-710
484
940
-290
783
417
-863
-673
776
-405
-426
982
-220
1053
-241
-1149
476
-39
-226
-748
-909
131
375
527
-1794
437
-1889
-366
-499
1294
70
-615
885
101
-1177
-121
-1003
-150
308
265
-103
107
-892
-2150
-1174
-953
674
813
1749
-489
367
-911
-1077
334
-364
388
0
-801
-21
-551
-194
-76
-114
596
729
-5
696
1359
-159
-489
-1075
857
679
-979
350
-1051
-971
351
842
1023
756
752
-165
-647
-250
-556
304
-1064
-570
552
-1016
549
-362
11
-130
-268
-1029
71
210
364
-394
1098
-195
681
387
-288
155
-116
821
190
1143
34
-454
729
343
767
-506
1197
-116
1299
764
333
901
-84
153
-211
934
528
-1144
245
-185
-44
277
-532
144
-1130
-159
126
188
-1034
-897
38
659
-1000
-784
807
265
-793
-5
-922
-596
744
-654
-1420
1755
-142
198
-833
-109
-455
-1005
-1012
-43
413
738
-983
793
-952
62
352
-498
621
-1003
-486
-973
13
1305
227
12
386
-450
-829
-432
-1495
60
642
-1249
372
-814
136
-568
-623
-216
234
-1431
1046
613
472
-521
-973
80
79
-89
136
80
71
487
-624
-938
-1416
557
612
1005
-730
744
104
-597
256
309
968
635
-626
284
-1053
468
-366
480
-1101
321
1123
-522
1004
-559
671
160
30
427
510
-107
-168
-714
682
698
1004
1073
352
-58
368
-65
-57
-496
421
1103
-27
196
170
948
-606
-604
-1277
249
656
-863
353
892
-682
-181
1181
1035
504
-337
205
645
-184
1103
844
-139
-1029
54
-40
-541
-1259
-1049
-715
200
-768
468
99
340
-609
119
-232
1208
-472
910
-59
-1100
107
419
406
-670
-714
-1025
-271
-299
717
298
-388
290
555
-618
870
-42
-106
1307
51
-769
931
-473
-406
-1530
-1232
-879
467
348
394
-756
-668
597
-340
635
-855
-332
921
300
-32
-460
286
1122
244
-622
-127
-198
-44
720
570
-10
289
31
-250
358
499
36
-326
-46
-539
-1150
-661
221
-148
1438
-483
511
-942
-893
222
-989
896
-82
-1003
806
138
-397
-5
-798
-1040
499
-333
700
976
105
75
-552
78
-617
-215
533
-581
-136
-375
-296
289
382
-68
-159
-234
1132
507
-928
-45
-1524
-1374
343
505
-106
836
-282
27
1240
-758
-426
1436
-1237
22
843
-759
770
799
-726
122
-1410
-296
771
346
-921
640
-795
961
842
367
-460
267
87
-783
-105
90
-473
127
-523
-281
1780
-538
-529
-25
1003
-1141
70
304
1293
-271
367
439
855
-493
-741
214
-1392
-835
193
-823
-198
-651
-34
1058
357
560
-199
-1247
120
-192
-679
-1408
1317
603
708
-230
-1152
1062
-57
-1315
1051
-63
-2003
-1423
-478
-884
1685
-179
314
617
-966
-1173
1067
-122
-221
-291
328
296
1024
-864
-79
-840
-25
724
-1281
-1239
133
573
596
227
-147
-535
-1000
628
562
874
295
-262
626
433
-121
-472
964
235
-641
342
294
-1130
-204
-1247
769
-437
44
-468
-8
-40
290
1618
705
760
1267
60
1421
-269
484
-922
13
1015
-91
-389
907
1621
-541
-512
1136
-622
-33
-339
-177
402
-937
176
142
76
-354
42
-1367
-898
-106
620
984
-484
-407
480
-456
967
103
27
-181
-208
-65
-524
333
-213
1006
160
-19
-148
-488
432
-142
1753
68
-225
-675
-1461
-532
52
289
141
-97
784
311
499
-606
468
945
53
465
369
791
395
-1686
754
208
-748
11
-1050
-337
-502
79
425
416
568
-122
264
609
597
-467
-826
-620
-1451
-8
-1038
-367
2040
128
-105
-495
-693
-1295
554
231
125
1951
169
-437
-1791
680
-443
-2194
16
1774
-587
838
153
451
-708
-594
-669
-244
-183
-494
104
53
-411
-480
-452
696
-525
246
944
-1068
-245
-524
-1290
-820
-551
492
-895
-1762
196
6
-165
-183
-792
490
566
-397
-162
122
735
39
-946
-437
-1696
1428
-255
559
-274
349
-508
-120
-385
-86
1556
294
-1660
71
-52
220
663
-135
854
-1475
806
1711
-794
-1434
-365
-436
-988
387
-1107
578
416
1287
-424
-411
-980
485
-1548
-711
510
-1326
1510
906
-925
-1513
-223
-732
-889
-725
1084
-236
-1341
-310
1580
-173
-349
681
535
-358
1194
683
808
100
1489
520
-687
-1862
-219
-360
238
252
406
-400
-614
565
536
1177
-1242
-234
551
47
-506
195
197
1161
-504
806
-1193
-161
675
-418
227
2
-630
39
1349
513
179
210
1078
-153
65
-701
-1610
-301
-483
-184
144
941
-284
622
455
416
-166
926
258
-403
711
-528
630
-273
744
29
141
624
-959
786
-581
636
321
938
-57
46
917
-1168
2367
-235
948
1811
760
1430
590
-672
-4
-148
-595
64
992
-443
-1751
1180
-389
-588
-701
83
-1496
-80
-840
-479
-242
-23
1068
-216
-1540
-933
239
652
544
-233
-866
-61
129
-1118
509
143
422
317
-1189
1489
-133
68
1211
-576
-658
-328
-845
721
-907
-100
-10
-910
776
142
406
202
882
-404
-590
-591
-150
493
-1902
455
-1152
865
363
-816
-219
718
-78
-1142
-823
-7
286
359
203
100
1192
22
20
1145
221
721
-108
353
1006
-563
357
-1188
-433
660
-480
794
-523
-272
608
-578
911
108
901
-198
-2131
-278
-89
-366
-697
-75
397
333
-528
-359
-1317
25
1023
-372
759
-244
557
-445
-827
-520
459
568
1013
1230
-81
97
188
775
-535
-135
867
207
216
123
180
-1029
504
-483
-4
-588
235
614
145
120
-199
-54
14
-20
698
-34
235
-386
71
1545
71
749
-512
-753
1499
-419
637
1072
-341
1157
389
131
436
-296
-1098
-376
-775
853
-1087
-57
-727
221
-440
-232
693
176
632
-523
1007
333
321
-17
510
204
628
1114
231
-100
-343
649
-439
344
797
725
-791
-273
-621
1362
1116
1267
20
314
-878
541
377
-1035
-349
1140
-915
692
264
-44
168
-286
-106
788
-1330
-230
7
1103
265
927
-655
-265
16
695
216
-508
25
-196
474
810
51
814
-857
274
507
-595
350
-85
-119
1676
1305
438
-496
-1230
730
-752
-718
625
23
1726
-891
422
157
-1014
-29
723
-999
247
732
-687
-1182
129
-857
-1116
-755
56
-347
-912
-1893
625
-526
1615
-404
27
445
1510
-1326
1199
-78
13
439
-1402
-214
353
160
77
-216
73
235
-669
-415
554
133
286
70
-735
319
-1006
170
77
-1040
-579
-518
1056
-501
421
-597
276
-427
31
183
258
-292
-992
-51
-143
-516
581
-1042
-241
97
348
-376
1016
-1028
801
-171
-801
-49
738
-71
-534
-504
-427
774
1071
-757
-310
3
143
-299
76
235
530
795
489
-2
-243
-254
-928
411
-1077
577
-392
-831
-1113
621
150
427
-1070
-1525
477
-540
28
-1017
-520
-887
1915
209
-39
294
-679
-763
-837
-3
336
877
-129
-685
-14
351
485
20
-435
456
-171
1065
460
352
456
149
-731
-940
498
942
-699
1884
1150
1384
-889
331
1034
-132
-90
1296
-879
733
-747
788
-633
-101
949
1023
582
-768
-1487
1083
-247
706
-945
-22
-1097
-784
-377
130
-391
351
-451
-73
149
156
238
18
-370
-63
168
940
971
1177
189
-91
199
-245
-504
-8
673
619
-865
-144
-496
-1070
1475
-871
-616
708
-579
-585
-786
-442
946
215
352
-189
-64
468
244
572
-680
-327
-73
-430
303
-581
663
576
-238
-299
-1271
44
-103
680
-986
528
-967
1656
784
40
-506
71
960
70
-425
63
1009
966
243
366
-315
-431
-495
231
-1093
-766
713
-1082
726
1879
308
1117
521
106
916
-787
-759
762
-155
-162
725
-606
-327
311
-939
-647
77
-411
898
39
-393
357
161
-346
-389
316
517
-101
518
111
-280
79
-272
112
-41
-1240
-1282
-516
88
97
1078
1250
-303
-281
-200
-1061
-1033
-355
-1013
-171
123
-142
890
30
-98
-831
662
1702
-116
-339
190
1044
1898
690
1142
357
-432
347
642
-1395
951
-853
-1307
360
805
84
-80
-219
-217
1571
-176
1564
1830
382
264
543
284
396
-398
769
1135
217
1072
204
-719
-669
118
104
-532
634
-343
-209
-186
-972
-7
-1296
-454
-596
850
-618
-399
-189
661
638
961
-985
-136
-892
421
742
22
-1369
-740
-672
-358
-274
-279
-135
1185
-56
-236
240
577
-419
649
902
37
1121
-56
-766
-42
-223
434
653
615
-655
-618
-854
916
1320
-631
-1760
751
-1165
361
-658
544
-137
-564
109
-885
85
-647
417
-504
-1109
1074
-326
916
782
-842
-193
806
-240
764
-1347
-833
-204
-1237
-1708
458
590
822
345
157
311
-1611
-709
-213
475
929
119
213
-304
523
-273
357
281
238
-190
-659
-493
489
-95
672
491
362
-777
-341
267
-1086
-366
-1658
-146
462
-866
508
-738
674
-1187
298
922
-150
-594
-150
-1529
650
197
-116
-463
-363
-837
-138
-192
-367
-1327
-438
-590
1010
-313
673
599
-487
214
-256
-29
-1452
-518
-1005
1075
-414
377
-466
816
-566
533
253
-70
46
-688
-332
366
-995
-478
302
15
-309
485
538
1133
861
1130
575
-331
922
874
-630
1214
982
761
-283
900
-370
450
493
1114
-740
-327
557
424
497
-259
78
-625
-432
-158
-953
-343
-254
-737
-975
-645
-61
508
-217
-356
-119
429
57
-1590
-505
-791
-19
-622
-485
180
-158
372
-765
329
800
-224
135
-313
490
-296
200
61
-1197
-1191
-1050
821
575
-390
531
-730
-86
106
598
-746
392
-1457
-716
410
-478
8
397
-32
612
-143
-32
53
-86
451
23
-1248
321
139
-556
719
388
131
94
843
477
-382
891
-32
-632
18
372
86
1590
339
-586
127
-561
116
231
-583
-1019
759
-152
-201
1245
-65
-493
69
-4
-390
891
-522
638
-1180
972
412
-207
784
391
675
-1517
-1188
331
191
233
-174
225
621
-280
27
1863
-327
385
-47
-6
198
46
-184
-732
2015
632
-1153
-1722
-453
-354
-442
-192
-704
-880
398
-808
821
-124
1180
262
10
-355
75
-361
693
-1129
-654
-908
-1394
1671
178
447
1903
311
9
446
196
175
-847
-17
-342
219
-313
306
-856
-112
-612
910
-257
-185
-205
-1483
2319
987
-1534
-661
-652
86
1797
-90
177
-67
-245
-185
-938
-23
-107
-207
257
-567
164
297
1224
639
-931
-379
1027
-293
337
1403
221
-290
1147
-387
-43
-683
-679
554
-2166
-743
1008
-1910
-111
2269
97
208
212
925
1028
208
725
-161
-14
-1209
-723
122
364
-101
397
-353
1632
149
301
980
-103
1290
746
40
-871
122
-490
310
-335
248
906
-515
155
115
828
1366
504
1327
-818
508
1017
-283
-1182
128
212
399
-1269
1379
524
260
2013
-312
1245
-1067
764
1396
284
418
388
540
1827
-635
-69
-776
121
-510
1006
-1308
970
-448
880
845
-298
-88
434
250
270
-354
230
-340
-133
1210
-280
384
-25
-792
-696
522
-99
7
391
809
-156
916
-463
607
882
-133
-6
-196
590
742
475
67
415
774
575
-307
65
-593
-2721
-176
365
-316
-255
938
-21
600
517
-339
-1297
902
146
-161
1362
-700
358
1064
806
-831
673
821
678
571
65
206
-320
-908
416
504
1111
-31
519
45
235
-1069
-234
634
534
-374
-1017
-335
578
-368
947
-402
-13
143
-340
-467
1385
-377
-1493
-629
1551
689
-26
-93
398
759
-489
-992
501
-249
204
-193
659
-534
-359
-602
306
-220
861
20
682
805
-130
-250
92
342
-558
-138
-141
-1147
-797
402
61
-347
-1639
639
-1265
980
883
87
-1454
-805
486
87
32
283
-548
-50
255
178
-715
579
231
-749
605
-1290
-200
304
14
-392
1937
-627
764
182
322
208
1017
-519
107
-1186
-683
-216
-315
-915
119
790
-114
1231
965
315
-533
-89
827
-718
93
40
-19
-374
436
-898
836
-512
189
1340
-41
-648
63
357
283
-1347
601
-1226
-1204
-312
-535
179
301
-436
-1122
-135
-54
-461
1394
473
369
65
-24
-580
-1036
-304
-828
-84
-536
-147
531
57
-156
850
528
217
-99
-38
424
1240
-728
-503
-315
254
1118
-220
270
-451
127
270
-1287
284
-869
832
699
-35
1584
185
1023
-437
-769
-21
468
-495
-66
273
-349
586
-656
59
-351
244
-732
204
785
-449
-88
925
96
-362
-796
1235
1508
-731
-512
-169
-169
760
-618
-353
-255
945
1199
966
1027
-1220
2245
739
-118
-871
786
110
-125
-474
-158
1077
-775
114
377
117
-858
286
291
-414
-256
239
-184
2099
-636
-1061
675
110
-858
909
-829
378
114
190
-170
-599
-1042
-121
-252
-458
-331
-429
-10
-1125
-303
759
862
-885
-287
705
-1200
-902
278
14
231
-1354
-422
-225
1116
-709
-2105
1711
494
-1382
128
795
-514
-262
38
-633
-1299
-1546
-1083
-1714
66
344
396
870
150
1116
-616
878
-448
732
1228
150
275
601
1392
675
-772
139
-806
-740
793
973
286
-1216
-627
387
908
-859
-22
422
78
285
-280
-890
-29
-934
-177
-111
-177
-274
-226
-391
-962
0
310
-233
1102
972
572
1914
634
-390
304
-1480
1671
-394
-966
1190
1319
298
-1100
318
-406
-221
-206
628
593
-235
770
44
1286
453
-705
139
138
-42
431
716
1253
-78
162
-518
768
48
-452
-967
25
-644
115
2
472
-336
-676
1879
-1304
79
457
-50
494
193
21
227
430
1107
507
619
-62
49
61
-1163
-5
849
887
-481
1243
438
1295
-140
-1074
796
-353
655
674
-542
-570
-330
-792
-1562
-1071
-579
468
573
-530
307
-179
-172
503
7
-111
-179
-730
179
-480
449
443
-88
520
-311
-79
689
559
-173
-929
-474
-930
285
-974
1379
173
1150
-368
-715
-379
311
-108
-998
63
764
-724
973
96
1497
-600
-126
991
512
-193
-176
-664
1453
-130
-39
1302
871
-666
-67
-941
1335
-1490
-367
59
-414
-763
1423
248
1455
615
856
1005
-931
-297
-742
522
64
239
-1068
-264
-435
-484
300
-569
-103
777
-115
819
1362
-158
781
-140
1254
-1305
188
276
-395
-674
-523
-101
46
738
-1014
889
2691
20
321
-870
-549
-763
451
-2189
-373
570
-1154
1020
716
-170
302
914
787
-1107
256
803
151
420
-31
246
-253
223
-862
-44
-13
279
-981
649
-179
-535
485
-280
-731
-1432
1411
995
587
-53
-432
-607
-644
1103
1268
543
-1763
346
1002
-1333
689
-28
648
-324
-554
-603
499
-704
-499
1250
264
-101
-160
-230
120
-126
-428
-384
-216
143
-80
403
434
445
1359
784
269
1326
-739
1005
81
709
-577
548
-690
-602
462
737
-619
536
450
593
213
-1822
383
373
-431
-108
1060
480
667
1062
-113
297
944
-455
448
161
-320
198
-97
1013
-400
670
580
-431
9
383
-930
-138
-107
-153
1500
641
-1532
-439
1538
-92
60
1037
1718
836
-378
-885
-913
-658
-881
174
706
900
-245
410
-1172
767
203
-752
669
-270
745
86
-440
534
132
224
400
900
-459
274
70
132
-1249
-188
-848
-1011
18
-800
-938
535
26
908
-133
290
-750
-1092
505
1599
-161
267
531
-240
-298
-441
1634
244
-589
1523
825
-457
412
472
492
864
884
-135
-1476
-133
-1070
-66
-702
345
-1310
1359
-1255
663
-375
590
-1026
91
5
1578
-1738
893
1258
-738
1157
124
404
-830
-645
81
123
-784
1327
42
529
534
181
788
-540
735
154
-1314
-531
-1060
-407
-260
1219
-569
90
-477
1199
-592
419
-336
852
1233
1205
287
-688
670
550
-1192
-735
-832
28
952
-17
-727
-258
532
730
392
-167
-405
174
-243
-730
-1270
490
243
94
-375
753
-489
263
-93
-80
-341
461
699
-347
-87
850
136
401
-131
1654
-972
-331
602
-722
827
-47
-1148
564
467
869
-951
-288
-348
172
524
-226
-299
-712
267
1526
296
-197
-585
-70
235
-1601
516
-461
-515
506
583
-387
382
469
244
339
-258
742
-45
-35
57
368
-17
-665
-206
-1501
287
-698
-905
252
-539
69
-430
-381
-662
821
768
-405
476
338
-349
-229
-173
140
368
231
-1084
1213
-59
-1053
-1632
1077
-1281
458
-236
1048
-358
120
-1971
788
-642
-73
825
835
320
270
-1044
-254
-276
-255
385
-1471
26
-241
615
-1579
313
-443
-763
1131
-363
-538
915
604
-543
-124
1022
1366
916
-561
1057
-1665
-895
-1828
1513
147
366
-252
-48
-776
-669
-1243
-595
-970
495
90
-346
367
-216
-1003
-318
831
-1779
331
553
-857
-295
-922
268
624
-353
-640
890
-967
-86
-79
290
35
836
-904
-768
179
1341
-680
-1307
-962
-1314
235
1017
-209
-127
76
1037
-187
517
-1013
88
7
-1368
-524
86
-1682
78
390
-261
-639
488
987
298
692
1419
-1107
-298
514
-439
-1053
951
590
-95
477
329
-1181
-553
-403
774
-492
-1041
333
-1038
-570
-197
1109
151
-569
37
126
-350
25
443
-613
1162
533
-257
-664
621
-109
-1181
508
-357
723
-664
-516
-358
163
-112
580
302
412
-73
-319
-953
1186
33
896
1361
-44
97
425
1076
-286
-249
1245
505
1072
819
1588
1221
190
-343
513
-174
104
-483
680
853
-96
301
1322
471
685
-57
701
-477
-443
-752
-446
368
1054
196
189
180
-2213
439
659
318
1048
-185
-579
58
-482
-350
-199
-1184
-356
-430
356
650
-1985
890
514
-742
18
-769
-189
-35
-632
495
14
311
-803
-602
14
-61
641
-608
-239
-882
586
1732
-238
-447
840
-514
94
538
1475
664
686
-378
-1204
907
340
-210
692
1245
-249
-516
396
818
506
544
122
1020
-696
-187
-638
-1145
1845
-722
693
1384
285
-631
-175
165
618
596
340
-664
-347
690
-1007
1208
1110
-919
-719
1171
-191
-1041
933
-70
325
-346
-197
802
-912
-1485
-858
99
160
-143
-1385
-626
561
-530
-523
-1228
-534
-290
924
946
420
311
-623
752
957
1361
1
-755
395
1124
-484
-208
413
217
475
-91
-562
919
-542
316
676
-808
852
-591
412
-1221
-1317
385
53
-1017
1488
509
-468
-1029
-480
1330
181
-810
525
1781
1357
738
-450
-1116
-248
-272
168
-438
627
20
850
694
137
-1329
456
1183
-404
164
716
713
164
-1068
-169
672
1364
-403
176
123
1066
1523
-426
-1149
-824
-905
831
168
215
-1023
877
70
-111
537
-951
168
-10
-767
-887
1312
580
-454
1821
-341
-1060
79
1151
-92
474
537
170
1002
9
-389
1316
97
-835
-398
-452
-128
160
78
-601
153
-617
-187
-406
-167
148
1436
1085
-768
743
236
6
-708
-459
255
1645
-42
-141
843
178
127
-357
-752
-678
-68
-723
-545
-51
-123
256
819
487
-381
-300
-897
-822
189
-846
54
1351
-429
-803
424
1098
591
1046
486
124
287
192
-345
159
385
135
288
298
926
1165
27
414
359
79
-1005
369
-21
443
1213
319
-125
-941
-971
451
168
1265
119
770
1751
799
-184
-60
-503
430
-1311
217
-652
-440
-503
375
-6
757
-128
1085
728
1094
429
166
-1145
-348
-478
158
-1923
369
777
601
368
-1125
-1253
1502
-677
1182
-90
152
-1155
-227
462
-798
-404
641
1188
-711
-1205
188
-834
429
2187
-848
63
1368
-379
-67
573
-343
-534
814
-675
-1651
1607
-548
-958
-951
1091
-704
282
562
-931
-561
1403
367
997
-1578
852
-758
-1245
-1104
1382
-360
-1018
-745
-474
318
-800
-325
-496
537
-90
1183
39
-33
982
384
79
922
-381
-445
560
252
-384
-575
967
-1292
793
-1253
1304
-431
447
134
-696
19
60
-231
709
-1760
58
-675
-1194
-904
591
-386
845
1093
-384
579
-116
120
59
-1545
609
-1217
-152
-1335
-1108
495
-628
28
254
-120
488
639
37
-517
-9
-756
553
183
1112
248
186
-87
369
-102
56
-371
-279
-1219
1196
406
1199
520
-119
200
-1280
-506
104
697
-1003
163
49
34
-201
-663
-528
-467
159
483
-1157
-191
499
-23
-344
670
1208
1081
-874
1612
517
