10 100 196
0 0
0 1
0 2
0 3
0 4
0 5
0 6
0 7
0 8
0 9
1 0
1 1
1 2
1 3
1 4
1 5
1 6
1 7
1 8
1 9
2 0
2 1
2 2
2 3
2 4
2 5
2 6
2 7
2 8
2 9
3 0
3 1
3 2
3 3
3 4
3 5
3 6
3 7
3 8
3 9
4 0
4 1
4 2
4 3
4 4
4 5
4 6
4 7
4 8
4 9
5 0
5 1
5 2
5 3
5 4
5 5
5 6
5 7
5 8
5 9
6 0
6 1
6 2
6 3
6 4
6 5
6 6
6 7
6 8
6 9
7 0
7 1
7 2
7 3
7 4
7 5
7 6
7 7
7 8
7 9
8 0
8 1
8 2
8 3
8 4
8 5
8 6
8 7
8 8
8 9
9 0
9 1
9 2
9 3
9 4
9 5
9 6
9 7
9 8
9 9
99
13
50
91
10
11
73
92
34
14
56
60
70
45
98
41
84
2
82
55
64
93
94
51
96
24
12
87
71
31
83
46
47
18
33
62
3
16
6
61
57
23
37
75
80
15
88
40
44
20
72
9
43
19
4
79
42
74
21
81
49
36
29
63
66
27
8
59
95
89
53
17
48
78
69
77
54
58
35
52
32
90
22
0
25
97
30
28
68
26
5
86
39
38
7
67
65
85
1
76
-93
5
112
-564
288
95
-131
105
-46
-337
124
-123
-164
407
-206
146
357
100
-113
-42
-200
203
-58
106
92
-153
96
-137
-14
280
-194
-250
-108
-26
-36
-168
76
-46
168
-71
33
298
222
222
164
-219
129
246
32
146
262
-189
-480
28
194
-338
25
38
24
-198
116
-442
-49
-203
77
-141
-230
33
136
299
-320
-68
71
132
182
-44
95
-267
212
46
-141
23
64
55
-186
-268
-119
445
-174
414
85
0
128
-302
37
-338
-121
314
-128
44
-140
-233
-96
191
426
215
92
127
-170
408
-177
-120
90
107
-4
-171
72
30
-303
25
-104
34
23
-16
-265
329
64
4
10
67
33
182
180
305
-44
179
-194
-262
-33
135
-83
-228
-80
49
-63
72
186
219
268
-158
-102
99
-130
-325
30
-56
-177
147
-51
-205
76
-75
-134
-201
-152
-291
169
74
97
36
47
-156
148
116
-187
-114
-157
250
101
80
270
-33
236
-90
106
202
-84
-84
-142
13
100
-151
219
-205
110
-223
-76
-30
-141
-33
31
-72
-145
-131
-330
268
71
-56
144
-108
66
75
22
-75
110
147
286
-168
313
-343
220
-337
-176
-256
15
361
138
12
71
-44
253
-77
-57
169
194
216
-139
-191
188
208
185
53
-276
-104
-116
270
121
-61
-184
160
-17
-274
400
-59
118
112
-8
-102
149
-26
-174
16
144
-215
-182
-55
172
-223
208
-113
-118
-143
-31
320
40
43
57
-30
-254
120
-59
-55
509
46
-120
48
291
124
-55
-221
243
82
233
75
-63
362
128
219
-56
341
187
-53
38
23
-247
217
-236
-444
286
15
-271
31
-24
153
276
-292
-148
-342
-226
295
148
13
342
297
-174
134
47
-9
-95
-223
-13
-43
178
39
58
-177
69
0
-4
118
-52
50
60
11
86
208
53
133
-35
93
148
-204
-125
-293
-53
-33
134
131
-195
147
-103
51
-266
127
64
240
-112
108
-80
309
-30
-30
30
-192
-138
-161
-156
-76
353
-122
189
-431
38
-383
208
-195
196
104
134
-97
46
-167
332
-205
103
156
79
67
22
-204
209
-68
-246
161
38
-253
168
232
-258
-142
-17
-28
-370
-171
90
-83
-109
-180
-55
194
209
-23
417
-165
111
184
288
93
-56
-152
273
31
-110
100
152
-137
81
73
-378
-203
513
160
-253
4
-155
119
-88
-188
32
-48
201
157
202
-131
136
-176
299
-128
176
-366
-17
-471
440
39
284
63
-236
-1
185
283
-67
290
-266
-98
194
-432
42
47
-57
87
-8
-92
74
5
-117
-224
-52
-107
-122
70
74
-379
-81
-50
125
-36
282
168
72
-108
160
-65
-276
452
-43
-422
-244
-41
98
123
126
38
-179
-240
315
-142
172
-317
-90
-4
-219
216
43
-293
-131
-55
-137
-196
-175
-99
-99
-56
249
318
-272
-157
-314
-473
-110
-89
-608
163
-294
313
57
252
671
6
247
-2
-61
-51
17
37
-230
231
362
-83
-238
206
53
-220
34
61
-274
-51
-381
189
-423
252
149
83
-26
-150
-91
213
-194
69
-2
-120
262
-506
99
-128
-25
121
427
131
-206
386
311
-37
-105
-18
-285
-181
-284
-315
130
-106
-269
321
274
-66
10
-37
-153
176
26
-172
-112
-15
224
148
-215
102
30
30
56
57
-77
81
-86
494
135
-403
-168
-87
-242
-155
279
-647
384
-235
218
181
-41
-355
0
-40
-439
235
-32
96
81
7
559
400
281
96
-87
21
-167
-155
102
-238
-27
-24
-7
64
263
83
-289
-55
-125
116
-205
132
252
19
-110
312
218
285
32
164
-170
420
-240
-18
-214
-307
-289
-178
-223
-143
-63
-84
-16
-116
-85
49
131
27
-55
233
56
-243
-146
38
-133
-320
-12
-40
209
-121
-112
-432
445
258
91
-31
166
-1
-173
105
163
329
-55
-263
278
312
173
-366
207
208
-117
91
-134
-39
32
223
-442
-420
-79
-330
426
-26
122
-493
-11
299
209
49
-7
-257
-259
-108
-49
8
96
-63
-102
-172
-6
63
158
173
-254
366
-49
20
177
299
35
381
-27
105
-84
-24
189
84
-18
61
96
139
323
-405
114
20
-52
176
-67
106
207
-39
325
-13
-235
-177
-88
-189
125
93
166
67
-156
59
239
-180
257
144
85
-177
-197
79
85
168
42
-55
334
10
106
66
-73
-123
-204
-53
575
-50
-46
-107
144
-86
321
-118
-353
-271
145
113
-100
-135
90
-158
-66
-1
-308
22
65
316
165
207
-17
-61
336
-265
-20
-346
-81
-159
-63
-180
11
-149
-22
-299
-3
478
315
-39
188
47
-126
-403
-371
-26
112
1
-171
276
-100
-88
70
-5
-348
-136
-326
53
218
-271
-226
22
228
-85
-161
285
321
-9
0
-282
190
-1
30
42
-92
247
78
368
221
733
51
-257
-153
-16
-129
-3
-170
71
126
-135
-2
-378
74
-504
53
-69
-15
-106
22
125
-167
-209
226
-274
342
116
-133
-429
-321
51
164
-452
-63
-209
75
-215
-400
65
-387
266
110
-178
53
-154
231
-178
-297
368
2
-97
309
-216
-35
-77
-224
-309
160
-109
-51
239
12
-88
2
-179
-166
-120
-136
-218
-285
-218
-267
570
48
394
286
274
120
296
258
364
-227
-175
121
-274
9
264
-84
117
-250
160
-112
175
0
221
-157
-115
-140
-173
258
193
83
11
-178
-128
-71
-70
-7
203
-209
-293
-142
-247
-211
22
80
55
-164
103
-219
122
-243
23
121
13
101
220
8
207
-41
-23
-29
84
-11
-9
116
104
58
-71
-189
-146
159
-282
26
80
413
-191
110
-210
7
-57
-135
-153
-298
-148
159
-136
-111
19
-115
123
-256
184
123
176
-316
-163
-42
-202
280
180
-27
396
-207
-276
-8
-333
-100
-249
-403
119
167
107
-88
-213
-12
95
298
-315
110
-64
-57
28
148
-119
134
77
85
8
528
15
307
-68
169
127
45
-316
-225
-141
-51
-476
267
5
61
52
-202
159
-251
238
-132
16
-17
54
-191
-131
-83
-219
317
13
260
289
-180
-282
-290
-202
98
-127
-67
123
154
130
-263
-209
318
-258
80
132
29
-224
-101
-118
134
-377
-195
143
-126
-278
-259
174
-107
169
143
-104
-444
308
-154
341
36
-48
100
7
-261
-48
114
211
-237
71
-290
190
409
123
215
289
56
408
276
308
44
31
104
-278
259
121
174
-70
-26
211
134
-92
-86
39
-102
-181
-167
111
108
-192
-216
127
-212
-67
92
63
-117
104
-46
-258
18
113
-22
-31
-171
121
-129
-250
-281
71
100
29
-135
-7
-82
5
-51
23
5
-91
-143
109
-177
-369
47
-74
326
348
39
-194
449
38
-71
370
38
330
321
-415
252
111
332
88
116
302
155
143
-195
100
-529
55
-54
64
122
137
191
-163
13
-105
215
-104
-172
-172
61
193
187
-110
17
111
481
-294
-441
-56
56
-4
-205
134
26
-202
-303
136
253
-194
35
-263
217
-133
110
232
-71
385
42
-497
56
20
128
-161
344
149
-80
-8
-418
202
-72
-82
-55
283
291
-316
125
34
-63
246
-352
-319
19
-140
253
-101
-86
-52
-255
235
76
-43
55
395
-14
402
-230
-397
-233
0
-176
-8
304
14
176
-254
315
-79
166
23
-263
161
77
-47
128
47
-118
92
-474
341
187
-73
-190
-191
20
262
210
30
-20
67
56
144
-145
119
215
364
109
-116
-29
-48
-72
-500
223
-159
116
-350
109
272
-239
190
25
337
-71
-278
-42
203
58
-148
89
178
77
145
136
61
30
22
-91
-285
-82
132
-105
66
24
187
50
-100
-320
-266
-462
-74
186
4
-41
-55
24
-404
-88
251
336
205
-69
23
-28
-445
8
258
31
-104
163
491
-202
239
-243
310
232
-264
62
-127
14
95
94
65
237
126
-63
-375
35
214
-204
325
143
30
11
-71
-87
29
-237
127
-183
136
-248
-2
104
-426
296
72
204
199
173
-100
189
65
19
-221
272
384
170
-23
-109
-123
152
-146
36
-25
-252
73
606
-310
286
56
-227
70
-98
-113
-417
463
257
246
-343
208
492
120
-149
19
137
-57
-311
85
135
-130
-155
278
99
-146
8
189
-36
-246
282
241
198
-301
-54
39
-47
-435
141
74
-63
76
-101
302
-68
537
-205
165
-62
-98
231
135
-290
-210
87
-112
-132
518
87
-183
-53
39
-148
299
9
239
-228
-101
116
300
197
-231
-157
367
-79
106
-82
-156
-71
275
-21
-130
256
-38
32
-341
-54
-289
-386
238
-194
-107
132
-32
-412
-23
8
-218
153
132
-10
17
-121
182
-322
132
42
196
36
-2
-45
16
-183
425
-215
-91
-225
259
-160
-180
114
296
-236
40
57
117
-279
309
-75
60
6
-50
-261
-46
25
347
-148
163
45
188
252
155
24
49
253
-65
-43
49
-7
62
-417
94
219
-56
201
-486
2
-530
52
225
294
-6
532
70
115
-36
87
184
53
-3
-445
140
-257
41
101
30
258
86
-180
-311
497
-159
-151
48
272
-304
-255
115
-140
214
-127
-17
364
-167
166
-189
-286
247
-145
301
-103
-135
-266
-145
218
254
80
312
-162
34
-326
53
2
111
151
69
-289
-173
46
-28
-85
100
-65
120
261
-40
5
532
119
-138
217
93
79
64
119
-119
101
-89
-77
121
-41
-24
-143
-12
-128
-230
219
-216
-173
369
41
-57
39
-24
227
-150
-111
175
121
222
179
220
-2
-123
57
-68
101
151
-35
35
-281
114
-283
273
-240
-185
-286
-63
-650
478
-129
145
-203
62
67
326
58
-84
-292
-163
120
-42
110
229
123
9
-164
-107
-132
-83
73
-69
-165
-179
-142
71
-267
177
-247
87
132
-134
-79
213
100
150
-93
166
-207
-195
91
160
71
246
-302
-293
235
297
96
16
1
-236
-95
-124
-225
39
-59
-177
-200
-90
-177
311
172
216
-300
219
195
-59
3
108
93
88
109
238
-460
106
327
-182
7
146
-79
32
281
-371
-23
211
104
195
-45
-138
-235
-32
-67
-89
361
-483
-32
90
-219
288
9
-111
151
152
101
36
-378
84
88
98
261
-199
85
137
87
32
-375
-115
-379
-350
230
27
184
230
-163
70
31
224
-30
58
-146
168
52
-184
21
-120
341
-155
22
-65
197
-51
-119
167
-486
18
289
86
-109
-84
-22
-308
-133
254
-136
-322
146
-118
81
-220
222
-77
93
-99
178
-80
60
-335
121
-231
-155
46
-22
-33
258
-138
234
-15
-121
289
141
-160
45
-3
-47
76
-232
184
11
42
86
-22
57
269
-19
262
-270
49
-268
-41
-272
22
-83
-228
73
-119
40
-141
234
-107
160
117
89
211
-195
-126
-242
-317
-45
107
44
-331
-48
-214
46
-275
50
-183
197
-227
-125
-72
16
311
278
-114
-55
273
-168
-145
-12
-86
-70
28
160
435
-102
-28
-295
0
431
71
191
229
27
-262
340
185
-30
106
317
478
-229
148
-44
-208
-148
185
442
-162
-74
64
-257
269
-85
-68
-78
87
-121
338
1
-16
-224
440
266
205
14
241
-79
285
258
-112
-197
-127
122
-104
-122
17
211
-160
23
-101
160
-87
-61
393
130
69
91
61
174
20
110
435
29
53
184
-275
279
68
281
219
-327
-107
-65
0
-113
163
-121
-258
21
-341
-329
-263
26
130
168
-162
44
102
300
-128
-369
-6
99
-3
11
-466
4
159
-72
398
66
-164
-53
12
-167
-74
273
-44
-8
-194
-371
1
-310
-88
138
-279
33
-475
449
-123
-278
-128
-9
281
49
-90
201
-348
-134
-170
-216
204
-54
-351
254
-46
317
23
-13
-172
-289
232
31
-53
66
170
57
47
-56
-25
336
-38
-187
-152
126
-119
-258
179
42
-211
389
180
-303
-135
92
211
-234
-43
-51
-113
13
-82
100
-224
-16
206
-448
-223
-192
-25
-46
51
45
145
-122
358
188
170
144
199
385
-36
334
14
313
-119
-82
-10
-105
23
-142
36
-3
-10
-114
103
-197
-24
-138
-46
-144
306
264
-276
51
-362
393
-189
160
-37
11
-52
198
-34
-72
-300
39
33
-173
-96
-172
118
224
-43
-126
121
249
229
-242
-177
410
-94
208
-211
-32
28
439
13
18
-504
353
123
341
-103
-145
-321
126
308
383
83
-137
132
-222
-55
54
-76
-91
-15
44
-25
249
77
-102
-75
306
150
-121
122
0
81
43
-188
287
-302
9
-295
122
-185
206
-49
-8
221
-301
122
-134
-11
-296
42
-60
105
37
-48
394
197
14
-38
-122
-394
136
-47
137
93
716
139
1
-223
-202
-217
145
-102
285
109
-248
13
144
1
-111
72
128
125
-149
-198
139
162
178
35
-124
146
-36
-46
-152
86
-136
48
-71
-46
302
-198
117
277
-147
174
129
174
135
-13
-127
136
274
-76
-123
-153
53
8
267
16
252
-229
78
-156
-101
51
54
347
156
-72
119
-323
118
-185
89
-211
175
-381
126
-281
-314
199
328
-221
131
38
-5
402
164
332
345
163
62
-426
230
283
-126
271
93
53
267
-161
-225
-124
-387
-345
20
182
228
-191
-477
-128
153
360
-137
-157
-102
70
65
69
-56
-140
-82
128
96
-70
-229
-54
305
-99
87
197
-314
-5
70
-405
-61
71
-54
-77
-16
-334
-289
-259
224
-40
-1
-111
51
92
197
-50
-166
50
13
-359
-99
145
345
117
158
356
-13
-392
-416
5
-78
-155
22
-262
44
208
-345
516
6
-255
174
-241
-148
-199
174
178
166
-192
-253
-12
204
296
-190
-64
-318
-311
271
216
-228
129
282
20
-60
-143
367
-63
-102
-278
211
-206
-221
388
-19
84
-423
9
-161
-250
-118
54
-308
-252
40
399
-157
-9
-57
-584
-26
-64
-103
37
-283
-116
118
-215
-264
-130
281
-153
-300
231
414
-161
76
-73
-219
-572
-228
214
-265
275
48
-24
-116
33
-6
98
-203
231
-224
-292
-15
-80
14
-320
64
-13
240
-303
-147
201
-329
347
-263
-88
-42
-95
-120
-42
-426
-271
111
262
38
226
-18
-217
-185
-137
-74
-105
26
-148
-239
4
296
-152
21
-197
-207
74
249
49
-195
-70
275
275
-29
75
-15
-13
-18
-195
59
-84
-19
-290
-105
376
333
111
82
430
-52
48
63
331
373
140
-239
75
-108
204
-347
242
58
91
-291
38
144
30
-212
-174
267
219
-94
-44
-102
141
247
-140
-81
-600
93
287
363
10
40
77
-277
226
-41
-207
346
316
488
80
61
106
132
185
325
391
-98
320
-83
-104
-375
188
153
-96
-137
-10
-234
-13
214
154
-196
139
87
-136
313
-171
-24
118
29
8
53
366
-17
-85
-167
-271
-2
-243
9
-10
5
48
-220
484
-235
-216
-257
253
225
25
16
193
-54
-276
-361
-191
132
74
-38
190
19
-185
-194
-255
-97
-3
-264
13
301
124
-35
-302
-28
96
-96
-90
-92
-65
-13
-11
228
-303
109
10
70
-119
-164
8
14
-276
-519
-193
36
-153
-258
231
-231
34
338
-71
65
31
214
193
193
-317
20
20
25
144
-139
-200
-368
-459
-428
-89
-169
-36
-105
-89
-167
343
241
64
-64
-69
29
-179
-3
265
-97
48
-83
-31
-180
216
65
-204
-449
260
-282
46
-193
-78
16
-302
-3
-209
229
-261
-384
-57
-255
228
-90
-16
195
-117
-83
332
32
132
-18
-90
-219
-99
-482
100
-192
425
151
-19
298
64
82
119
176
-211
-31
-356
-258
-99
273
26
137
-37
168
-253
-402
134
-34
-252
-8
-168
137
264
-150
257
56
-114
160
-113
-304
-149
132
-317
21
144
-48
78
-339
148
107
-95
-3
297
271
52
113
-299
-215
112
-33
-68
-38
-77
151
-125
153
77
-155
57
192
-276
-20
466
115
-101
-129
-315
-191
357
68
-72
-124
-3
-319
316
-67
30
-232
-135
90
-54
-20
11
-198
-56
183
70
91
145
-13
251
-199
-52
-74
104
-212
110
-243
202
-112
325
-77
-222
153
-227
140
-184
16
-319
167
-26
18
-568
164
-154
163
-13
-163
338
464
-124
23
111
-227
-81
166
-16
35
-248
304
-212
27
222
-2
-112
-386
51
124
-64
-197
37
64
134
-144
-297
258
234
-12
369
-153
-255
175
51
341
156
-254
162
64
-307
-25
222
191
182
70
3
-295
389
38
-146
337
167
87
37
44
-93
-83
-75
-94
306
16
-234
250
297
170
-299
-52
7
150
13
-77
-289
-49
-54
-116
-292
-29
-174
118
-68
386
-152
14
34
-106
238
47
-96
-254
-39
184
-114
-261
-246
-337
324
-166
-61
-101
264
-204
-58
312
-57
0
-202
-265
-290
149
-184
5
-102
-288
-198
-354
-430
319
88
-59
324
-49
-71
262
-17
-214
-95
-162
285
202
285
154
-96
-125
-198
-74
136
263
-22
95
73
-449
-145
-53
333
1
-247
348
-35
369
118
133
14
-356
93
-260
88
151
148
-4
-404
-235
32
173
296
-298
164
-262
37
-159
-211
-44
-129
73
-272
176
178
-285
166
-166
93
-112
6
-109
76
-170
381
-106
179
123
282
104
114
45
339
-202
31
29
94
394
-384
3
-453
-130
-24
149
-62
-329
-117
-88
218
200
78
-266
56
-178
225
68
-15
231
12
-114
-116
-14
-223
24
183
-198
-137
-35
-259
97
-57
228
84
42
-228
-203
-219
159
110
136
185
30
83
154
-417
-254
108
-92
81
-264
-114
-49
-109
591
98
-136
-409
-94
12
-259
-8
-218
63
133
162
-259
44
-158
149
-89
110
-24
89
55
67
8
59
-110
212
99
-106
-145
-255
115
-256
-86
-28
128
-91
-160
23
-28
-287
18
411
-145
58
7
-309
438
-91
50
-31
56
-19
262
-274
-244
-299
-16
267
-68
-78
-22
-125
-60
-360
200
-228
184
199
-121
-380
-191
-148
-291
-168
76
566
-200
-299
-431
-161
154
136
61
-392
-192
79
100
-124
269
-371
224
161
71
47
-226
60
-175
-319
-338
-156
307
-26
8
-99
196
40
-280
3
262
-68
92
-37
-71
-394
-210
245
-372
24
-79
77
-86
-98
-112
58
-186
207
-259
140
97
-37
-181
115
-41
-418
-317
-23
-48
-137
-5
-88
279
19
-32
46
-226
-27
-266
-194
48
126
-157
67
-48
-147
-336
171
4
282
421
-364
-20
173
-11
250
-16
-115
162
-7
-112
581
-171
96
131
49
248
266
-49
-10
-5
75
174
-183
-118
207
43
131
441
-17
293
-84
-126
-107
9
7
-74
-116
107
216
-292
35
163
110
142
-281
110
-210
186
-172
129
145
49
24
217
-129
46
-13
141
-205
-251
152
252
-367
-195
-119
-93
41
-108
-32
113
-330
149
236
238
126
-31
207
321
23
209
-35
204
100
19
167
-64
-142
-208
106
217
-98
-39
19
-73
-246
-147
-6
89
-230
145
-37
117
195
-22
-131
-323
216
84
-53
-145
64
96
-70
-40
-292
-91
-230
-134
16
-171
80
204
-111
189
296
278
97
304
-138
-71
592
135
75
-1
25
-194
8
19
-209
-319
-305
-137
-300
77
154
110
-173
-165
37
-216
-327
125
-30
47
201
-185
481
37
-20
-214
-169
-236
20
-209
-34
40
-13
-51
-160
-38
-409
180
-173
145
-184
312
-144
-240
2
-236
-236
34
-184
-143
-244
-29
84
-175
-144
114
-227
44
-36
190
-138
-176
241
101
-7
-17
188
-237
69
302
182
-34
22
-186
-355
-377
-241
-5
185
60
-37
146
-185
-148
50
-265
-305
343
167
-147
441
-328
-28
104
-151
359
9
27
-117
18
123
-6
-193
104
61
-177
19
76
268
676
-143
92
79
-161
33
-280
47
-288
221
172
-115
-557
141
-388
-160
271
-93
147
102
126
8
-32
252
-2
7
-167
109
-91
-181
-237
-43
-24
-152
45
-11
-106
-90
-251
-128
163
-154
-199
98
-329
12
-10
-371
401
123
-19
-81
-109
368
163
-105
216
-96
-243
135
58
88
-117
-13
16
-66
-41
49
-258
289
185
99
-236
42
-75
60
-115
-159
-286
138
193
-133
-162
135
-291
79
-226
-146
-66
186
41
-207
-94
401
41
-27
-4
-152
90
-379
32
-37
124
-283
290
-62
-21
-137
-56
-277
58
259
188
-396
267
235
111
211
39
-286
-156
-300
-106
5
0
-116
305
-96
-57
-28
88
160
-180
-169
-18
208
-119
93
104
-5
-143
-87
156
237
-32
-291
-167
60
-5
-216
268
15
384
57
-83
-574
-278
-183
-61
-312
125
-54
451
101
-71
30
3
-5
-165
-245
-70
-219
-1
289
-213
115
14
28
-87
-165
211
-230
215
172
-165
-2
-326
222
58
-95
-292
-90
-159
236
402
-113
91
134
-80
-267
369
226
-205
179
226
-76
184
-66
-243
170
-1
464
101
16
339
-10
5
245
-274
-111
-162
-135
131
211
147
-72
2
-24
-201
-120
-19
14
27
-117
-159
-26
-149
35
-190
213
219
-70
60
-82
94
-10
-45
104
298
72
-49
44
249
176
-59
140
-33
232
-40
-326
-126
-179
380
-6
-313
-128
-36
-209
-54
-294
-46
-39
195
-360
165
32
-20
68
342
280
-238
8
-108
15
237
-247
-148
-41
-71
-205
83
-132
169
15
2
8
-195
250
301
93
33
-41
124
29
9
75
-35
-36
-73
-323
51
196
254
56
-299
274
-32
48
-279
-135
23
250
152
41
226
195
139
-77
-37
128
98
345
254
-327
-3
-170
266
66
-107
43
146
111
-118
-4
151
-2
128
-177
364
78
-247
52
117
-112
165
41
-75
-52
142
-126
-140
19
-87
1
-250
19
-204
187
251
164
-180
40
185
24
-474
165
-171
-76
-118
159
49
19
185
-253
149
251
43
96
58
128
-103
39
-323
39
-41
-371
56
-170
51
-162
-70
167
-89
-171
-178
97
405
-288
-353
-129
203
-170
302
-509
-540
226
-160
-111
-285
36
94
143
6
-32
30
-50
301
-77
-56
-520
-398
216
36
7
3
76
-182
102
-58
-125
-7
66
-37
-48
-40
-14
-317
-31
-124
276
-70
63
5
-26
-65
35
12
102
-191
-29
-6
4
-54
80
-263
248
-461
-64
-202
11
-370
-40
-145
135
416
-202
-163
-78
-414
-213
-21
-127
58
58
391
-154
-152
116
-170
-15
-110
142
-57
330
-367
-287
-262
42
72
539
-323
-280
-238
-175
-56
-436
-71
-200
-400
17
106
-29
-11
-82
106
169
63
-83
-216
-111
198
286
-85
-368
40
409
172
-6
-225
-169
145
-85
193
88
-74
-36
36
14
221
36
284
-40
296
-294
-75
-176
-152
125
-220
-22
-155
114
-97
163
-215
-467
-8
-222
103
296
18
-203
374
82
179
324
313
-195
-172
-105
285
-266
-53
231
-265
-255
380
-412
19
242
104
-245
253
-255
-340
-8
-77
24
12
-212
27
-316
111
158
287
-118
-141
257
-291
-70
-87
29
215
120
-3
-141
-39
-125
38
-60
-207
-173
372
123
66
-145
-168
-247
-26
-7
376
-22
-15
187
259
-48
109
-17
114
98
-76
33
-201
150
-222
-150
50
261
264
154
190
-171
13
-134
81
-207
434
-71
-398
39
237
-103
139
65
149
-225
-319
76
175
-138
-145
113
-23
-177
445
-14
183
189
-33
-161
100
-21
301
-294
-26
191
-34
-10
-261
-431
-406
-167
-179
-34
-5
-17
-262
183
221
52
-165
14
-141
-179
-161
-62
-47
-239
22
27
-204
56
229
11
-27
3
194
-16
61
26
108
51
-58
200
-350
139
186
295
212
24
-223
134
6
120
-319
-206
-28
-90
-77
76
-36
-127
-420
149
-201
-183
-73
-38
-261
-303
152
168
-91
-184
-197
96
-84
194
-334
197
7
-130
24
-173
159
292
175
243
88
-112
78
-274
204
-248
-119
164
-11
-144
-104
1
76
171
-30
181
-51
-128
-69
-293
-19
389
-11
-48
39
38
76
-133
-144
-65
264
-1
572
217
208
10
28
-211
-259
-156
-141
276
20
-234
-117
158
349
-152
21
-303
-133
14
39
-191
89
121
255
-17
361
-109
203
-282
-99
-127
-337
82
-16
-75
-101
-227
-111
145
207
248
73
-12
-73
64
60
-30
-211
277
-81
48
345
177
296
-1
-266
-359
-157
95
-13
94
-81
-435
-321
-2
-19
-72
-45
124
130
160
-45
163
189
-8
26
346
37
524
75
82
-344
209
344
95
-204
-443
159
184
-142
-132
162
213
19
-517
-123
-151
166
-25
-56
-375
-71
-423
109
212
-166
289
-136
-347
362
-246
-406
-198
-40
30
157
-46
-83
281
311
152
-276
-230
155
118
-64
-251
124
80
65
-247
-196
-555
147
66
-68
24
-101
-71
81
-187
-101
233
286
-455
-52
222
-220
91
-189
-153
361
75
228
189
-124
189
10
-76
50
129
27
189
165
43
89
-76
-37
-197
-182
-340
8
-76
-474
-28
-92
-207
-146
19
-207
236
-24
-124
-30
72
160
168
297
193
39
-186
-63
167
-23
71
-132
255
-112
78
154
157
131
-72
47
82
52
-102
-155
-9
180
-32
-106
235
302
219
-278
202
242
10
-62
272
-414
-13
-54
-76
-121
281
415
114
-445
-255
41
-159
147
25
-29
241
333
-62
54
-402
53
50
97
-99
129
70
-60
199
-7
-255
-75
-72
94
-342
-48
-147
207
-84
129
-134
-90
-2
10
221
330
97
-236
-63
82
-74
249
-296
113
17
360
29
278
-395
-230
142
-145
285
48
-36
-419
124
31
-145
-109
221
56
166
260
-161
-296
-204
463
-22
-148
-41
-102
87
40
-178
-180
317
-6
-249
34
18
-160
-56
-255
-419
11
-376
183
216
-46
30
-373
-127
16
-13
-303
250
-18
0
87
-139
294
83
121
20
-278
-18
104
142
-174
-11
-182
41
-177
227
-263
-381
-34
85
-233
-246
314
177
45
401
-42
94
25
-264
-13
-190
180
-91
326
-38
-183
-7
202
275
-349
26
240
-189
96
-115
194
-60
-45
397
222
-10
-481
162
-103
257
136
-93
168
-106
-104
-20
-106
67
-183
282
38
169
16
-471
-13
77
395
274
550
21
-64
84
188
-85
508
70
60
139
241
80
-24
-6
178
204
24
-46
276
133
-297
10
48
367
95
266
-104
-32
117
-98
124
118
-139
-303
-216
-452
144
82
423
249
-117
252
-233
176
-221
-113
39
229
-182
120
-228
34
-388
89
-315
135
-271
-208
174
149
132
32
-364
295
253
87
204
15
38
-173
-273
101
-347
80
433
56
123
-126
-121
43
100
-117
32
288
-71
98
128
-128
147
16
-26
-15
-235
-252
-42
-57
80
-160
149
-5
31
-53
238
206
167
84
-28
76
9
78
35
126
156
-115
-184
-166
46
-177
23
573
187
-148
142
135
121
9
-188
196
-215
-146
-33
-266
-152
262
513
49
-74
-36
52
-70
94
-88
60
-80
-49
207
41
580
-217
-282
111
-10
215
106
-168
-450
-110
148
-8
-552
-92
-39
-31
231
2
-81
-302
48
605
128
31
-192
5
32
171
-272
75
-91
-32
-159
-174
-125
44
-156
-186
152
85
-234
166
9
-182
444
-345
-77
-197
132
180
156
-265
-178
-190
-245
120
-109
296
-246
-335
-15
341
68
-212
189
289
-314
-312
236
-176
-313
-80
-209
-98
-219
305
153
83
158
-92
76
-398
-87
-127
-162
145
110
-159
313
74
175
-19
51
202
134
102
21
-5
8
-285
286
-304
-209
155
-2
85
-109
32
257
361
103
116
-115
96
398
59
-71
-104
-363
-182
207
-130
1
-242
68
127
-16
-131
271
-142
150
150
-155
232
-72
212
176
-176
-5
137
178
-34
-124
-233
253
138
278
-115
191
103
261
111
-225
-253
235
143
316
-211
-79
333
108
-103
-394
254
-134
390
-73
-105
-116
129
-154
-326
62
235
126
-148
159
-266
-211
165
70
26
301
-28
-266
-102
-867
117
86
-175
127
-355
-71
380
250
-9
67
135
-77
160
-48
-106
196
-51
25
87
84
-10
184
-8
49
-87
-128
51
73
123
176
-240
276
-33
22
586
99
-37
-199
295
214
-26
-75
66
7
235
-233
-102
157
173
143
-178
-141
-316
-163
-105
-167
250
-61
24
5
-384
666
214
83
257
344
-7
-226
-118
-24
237
77
-100
69
-36
-31
62
238
-346
-48
-55
153
99
-217
64
73
103
-121
261
23
-1
-213
-426
-76
30
89
-16
173
-24
22
-149
129
4
-54
22
149
61
-74
143
-289
301
10
-113
90
-49
198
-68
-141
-1
-252
122
-69
-354
-210
126
32
-8
150
194
-219
-481
98
-350
-343
-156
5
-48
349
-229
-70
93
-244
-34
36
-45
247
-91
159
-166
174
-188
-206
282
-71
-47
240
119
-284
64
226
15
-231
-68
-385
217
-235
58
-8
280
120
350
415
-230
-131
-122
95
87
-292
-180
376
-306
-201
-77
-128
169
-265
73
-68
-166
-47
-110
150
-57
-296
-46
-101
-18
137
28
-162
-259
102
-81
332
-250
130
-122
167
-282
240
-150
-5
70
-478
-173
51
54
90
251
196
-331
205
-58
-127
84
330
-305
-167
13
212
-21
511
-109
-201
367
-102
-70
-151
-55
203
107
-89
339
51
-457
86
-95
-217
236
-124
2
58
470
0
-175
-143
-257
-183
-126
-84
178
78
-2
-22
-418
-186
-40
303
165
110
-10
-189
-10
-339
108
184
199
-120
-30
-275
22
196
181
216
-23
92
304
-313
-55
-41
-23
-68
-112
-36
2
-42
-133
58
-80
-57
-6
-65
-78
-211
-171
-64
-48
-81
87
-143
335
-11
-37
98
-169
-123
246
-75
57
-403
181
179
-162
73
-239
-10
443
6
-78
207
249
-122
-125
51
-263
147
129
18
219
-191
128
155
-342
-87
68
0
274
-421
56
-19
245
183
17
96
-44
201
-44
115
-38
-330
-345
-201
239
197
-165
128
142
-267
-73
126
-50
0
213
-119
77
214
264
-10
200
113
144
-49
175
-335
-221
-105
-133
-93
-115
-343
69
494
205
125
50
-139
194
-132
-156
-149
109
-162
189
283
287
-36
-253
-302
-32
55
-450
-61
338
-142
36
80
-5
-106
-23
-186
-228
126
-230
-68
-140
-14
-224
369
281
56
-153
-95
54
-76
43
82
69
-222
-207
-142
106
232
-215
-296
193
-138
-243
-76
-92
-240
107
-103
92
-190
-101
-368
55
33
-260
-13
505
186
-221
-43
169
-180
-65
-228
-139
58
-228
-54
-162
60
299
-176
247
-218
9
-43
46
-132
32
-89
-25
280
-438
52
-37
179
-193
69
218
-158
62
57
3
-19
-207
-43
61
-138
100
146
42
-136
79
-116
279
-116
-38
-217
254
-249
332
34
-170
64
-22
-241
71
-53
-169
-54
-57
-178
-167
-72
387
216
-87
100
-141
55
-9
105
-211
-153
-488
-139
71
-198
-269
158
-9
-273
-91
238
-277
230
35
-203
155
-49
54
67
474
-137
143
-6
70
-8
-133
-106
-379
64
-47
22
-3
-194
-84
155
-135
173
130
331
113
-8
446
-13
-267
68
-117
-297
31
301
418
156
-136
-1
256
251
333
24
-32
47
-153
-43
-256
21
126
32
80
19
-5
-179
-46
132
166
60
286
103
312
-131
-136
-198
148
135
-258
-125
-94
7
142
63
-234
-123
-142
74
8
14
207
-19
283
-182
32
298
-124
-481
26
-135
-102
133
129
175
66
-147
247
-237
-107
-89
77
134
-132
-380
-314
-103
-105
-580
-137
194
-163
-34
-75
-263
128
250
79
41
251
149
-363
21
37
137
-179
-283
-76
-31
514
189
477
-64
287
-266
139
-229
476
205
189
-185
100
31
-66
-69
7
-286
-64
64
277
-65
647
181
40
-59
2
-81
272
9
286
-36
-285
-338
172
-91
180
-25
125
-160
95
231
39
202
-204
266
-8
11
-272
-390
-70
-28
-232
-42
613
-72
415
122
-263
0
172
-240
-165
143
131
248
-190
40
60
9
-504
106
100
155
17
-72
285
-71
-147
-17
351
-298
-99
188
-6
5
22
50
-28
-381
-287
-119
-154
-76
401
270
157
51
176
4
51
-39
-17
396
381
-11
369
19
74
144
30
266
37
5
113
215
195
-133
117
434
-1
220
-104
58
-380
-46
-197
-239
-194
76
421
265
109
156
-280
244
-32
-270
-79
195
-114
64
22
-291
-29
-241
-23
78
372
127
-67
-144
-80
94
-73
59
-328
-467
39
-48
-2
-97
114
39
222
-170
-62
-76
17
128
-262
-55
3
109
253
169
131
245
30
222
81
-132
-18
-66
-92
-44
-83
256
130
328
198
110
-384
158
64
394
-160
40
530
391
191
-150
351
252
-189
-234
-93
-93
76
-22
245
8
259
111
-43
15
-193
-234
93
-54
230
15
72
-68
-26
122
-316
67
-333
16
128
100
40
96
-58
122
-203
375
-59
-228
-103
42
-239
119
316
-147
200
-407
51
-141
102
271
29
164
188
170
490
-156
-148
-72
-76
-261
2
-34
16
272
77
-233
166
13
87
-192
306
-125
-225
-392
77
153
-482
298
249
-72
114
8
275
107
37
-29
-263
267
-212
145
98
-183
58
-20
-40
-454
254
-111
36
-260
-240
236
-11
-224
-237
315
145
-299
-195
-320
-30
199
-100
169
-343
-100
126
309
74
124
-191
94
127
451
140
316
69
-139
-201
-26
-67
47
58
187
32
-215
-141
-216
174
16
-262
-78
70
189
-70
-359
-134
160
0
-33
-119
-355
115
112
123
-202
95
125
-441
-156
-76
14
-7
-191
169
-420
-88
-37
-29
-149
-26
-90
-384
-30
-93
212
-218
-235
-95
-394
14
-185
-82
100
-310
-193
163
546
-126
89
-218
242
-16
-20
92
-5
259
72
-68
-298
304
287
286
-16
22
-107
113
-82
-375
266
42
-47
88
-188
-126
-37
-13
97
217
231
266
-282
-137
254
182
176
-248
-66
-160
-174
-14
-51
-90
27
-151
-273
-151
49
234
-38
141
-188
-389
-128
-160
-134
198
43
-401
-164
134
-129
319
-43
-132
434
95
86
-471
290
230
88
263
-13
-132
-67
-106
44
67
-81
-101
139
411
-220
148
-129
-65
-149
-222
220
-159
167
-2
-41
83
-174
-6
552
150
44
-119
-172
-78
-89
63
-117
-30
108
382
-30
14
40
164
-34
-67
313
47
242
12
413
-67
-163
98
259
-28
22
97
152
-146
-318
-246
247
-51
122
88
380
293
-20
-112
339
-113
325
135
-42
-207
-70
317
73
-22
-70
101
-1
-113
-374
219
-12
-384
81
192
21
37
42
341
193
-206
326
167
323
3
138
-202
223
82
218
153
135
1
195
150
45
-193
-159
-45
-228
-85
-209
114
100
-202
30
-125
-275
-319
-19
-249
176
187
49
-51
-47
-5
-193
294
158
215
-167
62
197
117
-297
-343
-267
-241
-408
164
199
317
-170
-98
-274
274
143
-223
-63
146
-129
165
443
-231
-16
88
491
29
-237
-172
-209
84
-327
140
-33
70
3
55
34
240
36
76
192
-252
-55
38
260
-101
-70
-73
-75
-593
239
-136
298
-166
162
-137
-98
-307
-413
-193
-285
207
78
-191
-194
-66
139
161
51
240
265
238
-354
91
608
99
-382
373
21
194
121
94
236
437
-76
219
-215
111
118
156
118
74
236
-45
-538
73
178
-126
152
-36
36
37
217
-415
-132
64
132
-103
521
-29
12
33
60
8
89
94
16
57
-193
-86
145
-70
-9
274
66
-63
15
25
-235
5
66
97
-96
60
9
-121
134
260
352
375
13
-249
-67
-78
-125
-49
62
-162
119
-127
-9
10
-220
-343
-210
4
190
102
205
31
-250
135
-57
-285
-77
-38
-428
-43
86
437
417
142
-141
-56
433
-44
-84
136
44
30
-16
-171
16
83
130
-364
-86
133
228
282
-42
-1
-233
201
76
113
178
-102
110
17
-35
142
51
159
146
460
-59
79
70
106
-29
86
120
-171
-3
109
-55
-167
-430
-241
-375
154
-377
198
83
153
126
-401
37
-97
102
-139
406
122
-150
137
-114
148
-126
208
61
-107
165
1
465
-133
228
221
-31
-113
213
127
367
-82
11
12
59
-163
-117
400
194
329
86
-394
63
233
-74
-72
-225
10
-180
199
-85
-27
-27
-366
-101
46
4
-18
-148
-78
-63
140
63
-56
28
-9
-73
-114
446
240
-428
-11
-42
-275
240
710
-118
-86
70
-59
134
-266
215
-14
-155
-41
260
9
-334
-183
108
120
100
-56
-155
201
28
38
207
506
137
220
83
-75
-28
192
293
-348
26
253
218
-292
-132
243
-50
163
56
100
145
236
-243
-146
-24
273
384
137
82
130
350
-50
92
1
-150
290
53
-186
-110
-300
-3
89
-285
-48
-287
-191
-484
193
380
220
75
373
151
-292
30
-214
-8
-80
209
-214
288
-115
-27
68
-4
-434
252
-65
331
-235
239
-99
67
-124
262
133
-6
-220
-197
-69
-39
-50
111
227
-273
-403
-109
271
281
90
403
-198
-162
205
-99
-55
121
-174
-300
-221
298
-133
-270
-499
-193
-68
305
-129
46
-209
-188
-316
177
-95
345
319
80
107
204
294
146
-87
326
-179
-282
70
-438
156
-271
101
14
-148
120
-32
-119
163
356
-107
148
-293
-161
-44
401
-327
-9
151
-279
89
-296
135
-28
59
142
-38
369
12
80
-135
-157
-2
46
-247
29
241
18
-21
409
-380
-213
11
-122
-135
-142
-119
-77
54
276
303
144
-305
-121
10
46
-134
-172
302
242
-425
-31
77
-213
-69
-207
-82
-186
185
112
123
-150
-16
112
79
-507
-51
215
-479
-49
-511
51
-241
259
-18
-54
-42
227
-86
51
310
-276
-118
-62
288
427
-17
-200
-14
-105
37
-289
-321
-129
-94
-376
36
-19
2
100
-427
-119
239
157
-174
-38
155
-181
-485
37
124
-175
-389
220
-350
-304
26
-290
-69
-277
-16
-66
85
-7
-230
-95
33
100
210
-311
-17
257
85
52
-60
-262
22
-535
75
108
199
253
-71
238
-20
148
-137
-51
-11
-193
-46
-17
149
-199
-230
-132
-303
-36
-188
-5
330
56
326
-93
130
-138
-247
133
-310
99
426
-138
-352
80
81
109
-7
-156
-46
46
239
229
-105
-96
9
-148
297
-14
-80
76
-165
-185
161
-222
-85
-163
-584
-105
-305
85
-164
-191
323
-295
-170
14
-246
-224
-301
-70
87
63
13
112
-145
-292
252
-309
-362
-79
62
-172
10
-203
14
-8
163
-107
119
-25
-183
136
-218
-211
27
-82
118
-464
-229
108
63
46
294
180
411
348
168
-45
-111
79
-35
198
62
-221
-296
-88
-125
166
-90
45
199
71
233
-140
-98
-146
234
181
8
-5
-295
37
207
155
-242
222
-9
-146
164
106
55
341
-247
267
253
-92
-252
-85
124
-412
353
-39
37
36
141
233
-176
330
179
225
272
-63
580
13
364
-195
-133
-357
-153
-169
-297
-114
-342
59
28
171
182
2
250
-160
222
-219
91
-2
-356
-185
91
54
-171
100
-136
311
5
103
-76
395
87
24
-394
-53
275
-116
-61
-182
-115
251
-92
-492
122
104
233
-113
-13
-205
454
-444
-9
73
96
-64
190
241
-284
-18
42
-268
285
182
79
-290
16
-56
-153
-173
-17
-191
-59
-18
104
-159
-169
11
93
113
-75
414
166
-147
277
-257
-332
-32
179
212
-141
266
192
162
65
191
-51
-57
-184
-119
191
-27
287
-218
27
-75
210
184
-5
-106
-21
370
147
-32
-86
-319
105
192
-156
-117
36
-186
-80
133
-90
-10
-50
-25
157
203
312
72
137
-32
-404
103
-207
120
-117
63
-89
223
380
179
63
30
-206
257
-13
-122
95
-138
-111
157
-258
187
-26
33
-451
84
-325
148
-189
154
-116
-175
-204
51
124
270
-121
-132
-251
-200
-58
79
161
101
-354
-50
-28
102
-55
-143
-97
-558
-44
260
-243
179
229
59
69
3
155
-225
9
381
-418
225
99
71
170
-72
90
-8
16
560
-159
-96
395
163
-491
-287
247
-264
234
72
73
30
-81
-329
-190
196
77
-18
-111
72
-69
-138
35
-126
108
-16
-79
-78
353
96
0
45
-19
-114
-130
211
410
384
125
-288
69
288
36
73
-125
-17
106
-57
-180
-8
146
-170
164
157
-94
6
-16
212
-24
-92
-8
-206
34
-248
-105
23
26
-153
26
-43
-16
91
-412
-153
-111
79
-61
159
130
-114
-60
100
12
-36
-233
3
-88
-110
74
-6
89
260
-95
183
-179
-176
357
25
-247
12
23
-79
-65
-324
-206
63
135
107
-334
85
-61
-34
33
-141
-432
459
235
-101
249
131
385
-135
-240
383
-89
-441
152
-95
-47
183
-90
-109
-62
48
132
-265
-94
87
188
296
-43
-74
-597
-329
-234
-350
-37
216
-29
338
125
57
190
105
156
-209
44
-12
12
-235
-204
-124
-72
-426
-9
-368
-157
-78
-355
-83
-237
-190
155
103
147
543
52
37
64
-239
40
-229
-132
268
111
282
-97
69
-99
-79
-334
113
-245
-163
-61
-33
133
173
527
-231
-323
-169
228
279
-107
35
-12
209
143
119
517
-234
51
-241
177
259
416
242
-430
-87
-71
341
-14
158
146
-12
-96
238
406
-186
-221
94
199
-237
-206
-114
179
-190
87
344
349
-283
-13
87
80
-264
253
-41
28
291
29
52
-140
37
-307
-195
-172
-56
-255
-110
74
59
-45
414
-23
-117
167
-65
121
-108
66
59
151
3
233
15
145
1
-6
31
-385
79
66
-141
212
165
-161
-174
229
302
-269
-135
-349
211
343
-188
63
81
-346
82
10
-101
285
-288
123
16
121
-196
-138
-128
196
-291
15
146
-39
-343
-217
85
-204
121
389
30
40
-97
114
-54
362
-82
54
119
-227
347
200
63
234
43
382
11
-42
-79
439
-122
19
-243
-9
-114
-195
155
51
-74
45
134
223
475
-219
294
17
151
196
-181
-338
138
109
120
133
-162
47
102
-47
344
-117
-271
86
-71
45
156
274
-297
-177
-180
36
-20
184
-302
-351
-118
216
-51
199
179
-97
-139
-72
59
30
-290
-135
-20
-2
-328
166
-68
138
-396
49
-74
-51
264
276
-170
-369
-52
-5
-191
301
-101
-228
176
52
179
-290
57
-58
-22
-53
106
-223
262
-22
-78
25
471
-32
126
385
192
-29
51
-302
16
13
-272
142
342
128
59
160
-209
407
68
83
-104
-310
20
-20
46
17
134
142
291
158
-204
127
124
-72
-159
204
134
-25
250
-82
-7
124
-221
-239
95
-77
8
-166
-16
25
262
42
-92
55
5
-269
15
36
-16
-73
229
172
-154
-127
-103
-187
-117
-344
-298
-49
-316
232
156
133
-26
-2
-34
336
-331
-1
-255
353
-245
-48
350
-17
34
299
52
67
-191
-40
206
113
161
193
-115
-96
-181
-192
159
281
-99
-45
-50
150
-183
26
-155
-102
107
204
101
-285
33
71
-38
211
-63
-260
-87
-149
-182
32
-146
210
182
96
100
8
57
-9
174
124
69
-233
-12
-113
524
52
-152
-222
-288
-431
-134
-1
-15
34
-249
-7
-438
-91
-70
-216
-90
-1
134
-93
-30
-141
-37
199
87
-9
105
152
153
-269
2
17
182
-42
178
-334
-34
-463
-140
-103
66
-21
-247
-203
334
-25
226
228
35
171
21
-97
-204
-171
139
-122
-59
-306
-235
-70
-22
-242
228
225
385
278
-209
-29
248
-82
-91
-87
-48
6
33
169
231
-20
97
6
170
151
-167
-64
43
-61
-46
129
-178
-130
345
9
229
-28
-514
138
107
129
-132
372
33
159
15
-110
-37
-167
271
-29
-329
47
256
-149
288
-169
337
-204
143
447
375
102
68
-258
-18
-244
205
-82
128
-312
-274
29
-238
-216
16
-136
9
-351
65
337
142
-133
-194
179
-278
321
67
-78
-449
-101
258
-548
-97
-8
228
89
-16
-122
-110
-212
-132
203
-377
-169
140
354
-112
-454
-430
-315
47
395
116
68
45
8
7
52
122
-165
93
281
33
341
-16
-30
0
-227
-81
-200
-136
-32
119
74
221
-179
387
-297
-306
-67
-172
-20
-317
-27
-183
255
-452
4
46
32
220
264
-86
142
237
112
-120
-113
88
10
87
161
-156
-106
-164
-119
-168
98
117
7
52
367
36
64
309
-118
-215
217
140
-302
125
71
123
103
214
263
-141
51
214
-199
40
122
138
-157
169
53
-338
-175
-38
209
118
-138
-45
-17
-174
315
308
105
95
-2
22
69
347
-507
28
-56
-30
-156
40
103
285
332
-232
93
-221
87
7
-38
-108
-151
76
-204
287
-179
-87
-145
30
121
77
-76
-279
-88
-263
-84
110
16
-159
36
-3
-74
2
259
62
-353
25
61
-316
231
-292
281
45
-5
-208
-407
-85
-235
111
231
11
-99
183
38
131
-330
-119
258
295
-275
198
-68
341
34
-404
-325
-30
147
86
63
-99
139
66
55
138
83
-266
-245
-7
-2
-205
323
136
-647
144
-316
-278
307
-234
358
-282
-130
20
448
-133
31
314
-155
81
24
-44
-125
106
-87
28
24
-74
-45
-10
-525
248
4
-423
-67
235
-23
-30
-31
-80
146
-77
362
33
-77
259
-19
-3
-161
221
-50
180
-338
44
-209
156
-102
-201
153
-183
75
230
-203
41
-119
209
-201
71
309
-198
35
185
68
-282
266
-287
228
236
119
40
-47
-190
354
-44
-82
-384
-67
-20
110
45
-153
-245
-192
-79
-139
261
-137
-176
-172
201
82
79
-114
202
-88
-211
-289
-185
194
185
22
122
243
-211
21
-312
-72
184
566
257
7
-32
421
321
41
-256
-27
-52
-234
-105
-208
-221
-161
298
-49
-193
-236
78
-164
-57
440
-248
-197
-121
-15
-478
-490
50
79
-80
-161
-314
-18
-118
25
-10
-25
97
220
-205
308
-194
-137
254
-331
266
-38
176
-25
29
31
65
-150
219
324
189
283
-40
-47
75
-215
-92
-180
227
-243
263
-49
-490
-57
142
58
218
451
-45
40
-127
-146
-33
13
59
-75
536
-92
-304
220
-142
-171
-272
-26
20
28
98
376
-9
104
-156
-76
-49
95
46
-94
-107
-248
-337
-89
-9
197
149
18
4
408
93
-143
-247
99
191
-72
140
38
-411
-105
37
-19
-269
305
-116
-84
-50
230
-89
-131
-192
208
-4
91
-224
-150
175
-11
14
50
-56
192
-93
-200
-485
146
-12
290
-315
-217
-399
244
105
141
-313
-24
30
91
262
-224
99
-462
95
180
83
36
-390
190
-294
342
131
141
-287
219
-106
-202
17
225
-43
-198
60
-49
235
-76
-256
-311
-348
-10
359
-60
-119
-83
-185
-280
198
189
297
-189
-184
-313
-126
-245
-96
313
45
-433
38
-224
-69
-246
107
181
-179
-244
-25
-42
-22
116
-302
15
34
-63
-54
349
-262
-140
-416
183
-80
-15
64
68
-324
-238
49
285
-46
-87
118
-135
-42
129
-8
45
196
158
-127
-112
422
-223
402
36
235
-200
-164
-94
251
110
126
-98
225
-239
510
-202
-12
-6
-143
333
37
-164
-318
-64
-130
166
184
18
-402
366
61
-231
453
74
35
-16
-421
-26
241
-65
-114
396
262
258
-15
-6
-171
-88
356
32
-313
-45
-52
-137
115
-29
-257
-178
-141
57
73
158
137
-64
-6
-230
93
134
256
44
-82
341
-306
89
193
329
-305
-104
8
118
90
-132
-95
-230
228
15
-32
93
252
90
-474
16
-128
155
204
240
79
-82
371
-147
205
-196
63
111
-13
-174
-198
204
-385
366
546
-29
67
-112
16
-152
389
-400
-188
226
-89
-51
88
271
-114
229
-148
-64
-413
-22
-91
176
167
159
184
-124
-115
315
159
200
-315
-379
137
123
-45
-45
-98
-179
-160
83
278
-508
-52
-60
73
380
-31
-32
-255
85
-192
0
106
15
-178
51
432
11
349
-162
-34
388
72
-156
-338
-70
110
-262
-260
263
-88
-169
-155
-237
420
-51
-386
-181
45
413
102
173
-17
-81
416
-61
-262
457
4
157
-84
262
-179
-62
-2
34
312
-74
-95
-14
25
-56
297
-195
-215
379
147
184
-213
-210
-10
374
-73
218
-263
41
-169
79
-273
54
-366
-410
23
8
95
156
288
130
-125
-55
-124
-27
105
-293
97
48
51
-47
4
227
-140
355
-56
58
397
-29
69
-85
-15
280
82
-152
-26
336
-172
35
151
87
69
-86
33
-163
-42
-134
-214
-235
-92
64
98
212
225
285
-66
-50
102
-101
-353
-337
194
-157
-157
110
139
-26
136
324
26
-36
245
-171
309
-25
-53
-264
-78
240
-185
-28
-349
-53
228
-43
-118
149
-81
77
24
-97
61
-48
-114
-411
-305
226
-129
-63
340
155
-273
133
-375
33
-141
-260
315
-36
-64
343
8
31
243
-192
-209
-124
80
375
17
224
58
113
36
54
-54
158
439
-204
155
263
-113
-36
-311
-15
113
208
286
-157
-225
2
218
-223
86
-176
233
121
230
-53
12
316
-98
-331
-6
-147
-31
169
211
15
-89
63
320
-350
35
-2
253
-303
-237
-331
152
372
-289
178
-59
130
-132
-184
-96
185
-50
-111
-117
50
-239
209
81
190
-26
-14
38
77
479
267
436
-264
229
69
-126
-53
180
-172
78
28
-77
92
-70
117
48
437
-20
-15
27
-76
80
273
3
-19
-65
-249
-380
112
67
-454
10
118
-157
407
97
-53
-155
-352
199
180
-372
76
332
223
66
-187
99
58
204
138
-502
195
235
132
144
358
254
-24
133
117
314
-93
171
-173
145
14
13
-309
-75
27
-153
314
35
-154
-45
126
128
105
-135
-15
446
151
85
-348
162
-131
247
61
249
33
-200
79
271
10
133
-151
20
67
3
-126
200
106
155
-42
629
96
-20
106
34
-158
209
211
-12
-78
-279
176
318
-171
107
-28
-138
130
-303
-22
132
20
342
291
-121
-73
-95
176
-212
82
-114
421
274
-284
-213
194
449
-160
16
48
-295
211
185
-54
-367
-11
82
232
-175
-95
-227
-141
-70
6
-240
41
-40
75
-140
83
-423
-266
1
150
-204
-102
-441
-157
290
53
-19
364
80
425
5
96
-149
-34
354
-118
-154
253
131
426
-329
-404
-243
-264
56
49
227
-33
-152
-167
179
94
-3
-37
307
-215
32
-69
122
314
100
-4
165
70
151
131
144
-12
9
77
-84
190
94
-110
328
106
-31
220
-132
169
72
77
-153
-16
43
-66
40
27
-39
218
369
-72
-384
226
-120
-302
28
-248
-276
-22
-133
-9
185
-146
-22
343
133
-296
161
-75
4
-117
72
107
37
-16
118
-173
-205
400
-210
-62
0
54
-13
528
156
-54
-197
-35
-39
-325
62
-192
-226
-93
-202
-170
248
-48
248
91
84
-362
110
-9
330
25
-51
308
370
-83
-105
33
-30
-18
22
53
-124
-59
-426
-147
-161
-141
-2
27
-192
239
-24
136
6
-311
-102
17
178
-17
-52
208
217
19
51
271
-51
-85
324
-189
-162
-487
-269
98
-90
-265
25
65
137
169
-26
366
50
103
-46
272
9
-73
-164
17
-29
33
-38
80
-172
-237
22
3
202
-118
-80
23
-209
65
-168
85
146
461
-90
-47
-204
81
-163
-140
-40
84
69
-22
188
-80
107
-394
-32
56
-10
-367
344
-116
-257
-138
162
11
135
-361
265
73
-499
26
-53
79
116
-97
-9
-270
334
199
82
-308
-332
-44
-98
155
-71
163
251
-358
47
-91
27
-65
11
338
-160
-230
93
-188
-73
-400
-31
31
66
-1
144
67
-328
-46
295
-3
-117
242
-394
-103
-245
142
66
-60
-15
307
-34
-145
-173
36
-278
-109
138
-21
-277
163
-93
-98
261
-194
-315
28
-162
6
16
-6
-119
-45
-61
27
-161
88
162
0
-79
105
-282
39
117
-335
265
53
338
87
-256
81
-87
-64
247
-103
-98
102
-145
202
-125
-13
-17
-13
-69
312
-235
4
200
-182
-60
-4
69
-140
443
-113
-42
-155
-146
61
-243
330
-213
-161
117
-212
-104
-86
234
-106
117
19
-87
-382
333
91
-72
-191
131
-103
202
189
119
304
53
-32
-236
-109
-169
37
-82
277
-144
-34
378
204
156
-72
306
-298
-265
42
169
254
-176
-7
163
392
-8
-153
-111
-120
362
-149
26
-471
-105
-3
-62
-76
-202
81
328
-138
123
-33
-103
441
36
-49
109
-62
-43
279
-483
87
-133
-486
-15
-79
-429
157
158
-124
402
-150
100
276
375
352
-36
79
183
163
207
139
-125
268
153
-3
64
-253
-81
-220
-8
498
-313
-2
-328
-232
-77
-162
390
81
98
-130
-206
-251
-264
199
212
-261
-164
-137
281
-17
-253
158
82
163
514
-54
53
42
-37
123
-1
-433
142
-224
199
-37
79
-359
-2
81
132
-114
-46
-437
114
-26
-108
115
50
-38
134
-277
69
-166
-425
180
60
191
-158
98
136
73
57
-109
91
53
82
233
-416
14
-50
52
43
43
-146
-66
100
292
218
-127
-264
60
37
266
108
-246
-27
156
8
-124
86
-237
-342
131
-221
96
398
112
485
102
-50
193
223
426
-113
250
38
153
-18
13
161
172
22
297
-122
-335
75
45
-29
-266
221
310
-252
238
-57
41
-69
275
-73
-227
-11
283
60
236
-54
-85
-104
122
-96
299
-69
71
-89
95
-264
-187
-84
219
-367
79
30
-265
-9
4
-237
-29
-193
-275
110
-35
218
4
109
147
-252
-81
47
214
109
58
60
454
-260
-101
168
231
-69
42
-80
78
-130
-30
-237
89
70
63
-409
239
260
74
89
183
262
-199
-102
-27
116
-25
63
-315
-13
238
73
145
191
-122
-96
-285
2
-72
-356
128
-197
67
52
-97
81
46
-77
259
250
-104
-214
-109
293
-284
-126
236
-136
225
76
