10 100 100
0 0
0 1
0 2
0 3
0 4
0 5
0 6
0 7
0 8
0 9
1 0
1 1
1 2
1 3
1 4
1 5
1 6
1 7
1 8
1 9
2 0
2 1
2 2
2 3
2 4
2 5
2 6
2 7
2 8
2 9
3 0
3 1
3 2
3 3
3 4
3 5
3 6
3 7
3 8
3 9
4 0
4 1
4 2
4 3
4 4
4 5
4 6
4 7
4 8
4 9
5 0
5 1
5 2
5 3
5 4
5 5
5 6
5 7
5 8
5 9
6 0
6 1
6 2
6 3
6 4
6 5
6 6
6 7
6 8
6 9
7 0
7 1
7 2
7 3
7 4
7 5
7 6
7 7
7 8
7 9
8 0
8 1
8 2
8 3
8 4
8 5
8 6
8 7
8 8
8 9
9 0
9 1
9 2
9 3
9 4
9 5
9 6
9 7
9 8
9 9
13
92
17
27
18
50
84
11
70
19
33
59
30
20
12
35
90
60
16
25
36
52
83
56
28
32
5
55
53
40
15
29
68
73
58
31
82
71
74
41
8
81
89
44
48
23
37
6
87
88
62
10
65
9
3
61
67
38
42
80
79
4
85
26
86
54
77
7
97
96
94
98
49
43
34
95
39
24
22
99
64
72
14
57
93
75
69
78
63
2
1
91
51
76
0
46
66
47
21
45
15
-131
-174
23
-150
61
-57
99
-50
-15
-3
-82
-100
-50
-74
-83
-11
41
-22
-6
200
-9
-130
41
-125
-107
-24
22
81
35
-114
61
122
5
168
51
-32
-3
63
-35
258
136
36
91
-10
-13
42
-6
112
3
-139
52
-65
17
81
14
-8
-50
42
24
-95
2
41
-30
-140
121
53
-65
30
-70
23
45
19
-204
6
38
-19
18
-165
-118
-10
-164
49
-37
92
-75
-136
-98
-215
-139
135
-128
-22
-152
-44
90
-64
-12
-129
-17
64
270
3
182
69
-221
132
79
93
88
-12
59
-70
-138
-40
-197
-73
169
-259
-17
-56
55
-164
-41
-108
79
-90
156
2
-36
-54
-111
164
155
-81
101
20
50
48
-162
102
33
-117
-307
138
16
197
66
18
62
-67
104
-98
227
-60
134
-20
40
4
-56
21
-155
-190
40
270
-203
-44
125
-127
45
32
-150
107
62
-51
121
-9
2
162
90
-87
60
-65
-142
151
59
-10
32
-33
11
165
-85
-17
46
-70
137
-125
-17
-146
69
177
30
8
-26
-1
8
13
95
-85
110
115
37
26
37
-212
3
118
-2
-24
-14
-85
7
40
60
-17
-38
162
68
-8
32
-80
44
-133
-47
208
-5
-98
-39
126
-60
159
-200
-101
8
-53
-152
90
-12
-84
28
-7
-91
17
21
114
182
-170
79
-22
19
6
-52
14
-8
-106
129
114
108
-129
-41
-41
3
-173
-100
-12
7
11
-8
-152
-10
11
15
-102
65
-123
-72
-204
-24
-62
-105
-82
38
178
-58
48
-68
-14
184
42
-188
222
18
-23
-33
31
-12
-167
62
-65
86
-10
-107
37
10
210
-29
-8
19
68
1
7
45
168
150
-143
59
65
23
-88
101
-166
94
-176
2
80
-17
-37
86
66
-85
-69
30
15
-46
45
24
-146
24
163
49
-137
53
11
110
-108
44
5
77
-81
109
-84
68
82
46
-4
-104
18
-20
-67
7
62
-37
63
-118
-4
26
-104
-7
24
-8
104
-102
-205
-193
100
-22
87
61
121
-75
126
-202
170
8
-271
-96
192
-147
-76
-30
83
-99
65
-87
127
31
178
11
40
-48
-31
-25
102
98
-19
-14
-63
25
-105
22
149
-204
140
19
-89
-62
175
-60
63
-52
-30
70
-12
-20
-41
19
240
52
-21
-95
-37
277
-120
-150
73
2
-228
18
8
111
-11
-29
-75
46
-127
33
-88
141
52
-95
121
48
-20
-39
68
-62
-103
-97
36
55
132
-3
2
76
55
-160
6
8
-70
52
-4
43
162
-135
-96
76
-130
97
-40
-11
-3
12
62
-5
28
-10
55
-66
-125
-73
9
137
-101
-50
11
151
51
-174
-179
-115
54
108
-44
-7
-57
-90
-214
-104
114
-87
150
-52
69
-127
89
-31
28
-35
-42
-98
-92
-257
120
-65
-70
18
-104
92
75
-78
-2
-5
-27
-126
2
-40
-70
-13
-59
100
39
-80
44
-15
-104
209
18
-79
-38
-198
-127
70
-106
-8
73
66
103
84
77
-45
92
43
35
-174
-56
6
-110
16
44
162
-101
19
58
151
13
191
-157
-62
-193
175
8
89
17
40
-33
19
-38
35
-160
-120
-74
-10
90
73
76
43
-134
19
145
73
2
92
-30
-95
164
22
2
90
63
18
88
19
-51
102
-23
12
-126
44
-138
-124
92
145
-28
56
-57
-11
-28
64
-69
66
-39
49
-55
-44
-54
30
-8
-91
-82
71
74
-82
-87
7
188
66
-137
4
25
67
-209
47
-42
42
223
-103
25
34
51
9
50
121
-77
-129
68
-18
-24
-10
-23
75
-151
-19
107
-119
16
-99
-84
-26
-50
-102
38
-56
-23
-94
154
108
97
-198
-14
112
-122
-23
-154
-50
75
22
139
156
98
125
-132
-37
-83
-181
113
88
-66
-173
-73
106
43
-49
-120
2
-66
-227
-237
95
-150
-8
0
-34
76
-112
26
-29
-53
250
225
20
134
-66
-105
34
128
72
-53
4
32
155
-135
28
-104
53
-91
40
-257
-74
52
-57
43
18
-146
45
-52
17
183
-111
69
-47
193
63
-46
90
-11
12
-48
72
180
25
9
48
4
-20
167
78
144
144
39
35
-87
-1
165
-135
-59
-99
-8
-26
-104
197
22
21
37
46
123
-183
0
72
55
62
-156
-76
-71
-132
212
-9
44
-83
-3
-65
178
89
144
25
-1
135
63
85
-59
118
143
92
-17
-42
-105
163
-120
-88
49
-59
43
-206
-226
-163
1
13
-155
6
131
62
-187
-71
45
144
45
42
61
48
82
-48
-25
138
149
9
-347
-145
79
-328
141
104
-51
16
-58
-168
33
-148
96
145
101
-197
126
63
-50
-82
83
-109
102
8
117
-140
-21
27
115
61
-138
26
-30
162
75
-46
7
-126
11
-66
7
28
102
315
65
-173
4
-88
-66
-183
65
-117
-186
-80
10
-51
276
-23
81
-201
-28
128
0
119
-49
-123
-129
221
11
8
52
-42
-78
-155
-42
-47
-111
-14
-44
117
-59
-19
96
69
61
-8
-180
3
21
-48
18
-30
-162
188
-79
29
50
52
-76
35
-111
71
-153
59
-104
74
-17
127
43
168
72
18
20
-36
223
24
139
11
119
-126
43
-52
93
158
28
-54
-37
208
160
109
48
118
123
-64
75
-11
-129
-114
91
18
-166
-112
-80
-132
212
0
-195
-222
27
-26
151
99
-79
34
-20
121
163
-108
148
-82
-90
-37
68
173
-64
-105
43
95
-21
66
77
-121
75
27
112
137
40
-96
-50
131
-105
-62
-121
-65
67
-83
-64
215
32
92
-54
23
117
-96
-122
135
-11
23
9
-58
-67
139
-104
-19
81
-100
36
5
154
28
51
-206
-171
-45
68
-58
42
6
33
46
-33
-128
65
-69
48
79
5
-38
-71
1
109
7
185
7
44
-49
-151
115
170
-78
231
88
-115
-23
150
112
-44
-102
-94
-86
158
-52
4
132
-39
-210
26
-6
220
127
-62
-141
152
85
6
-59
83
-113
12
-6
193
66
93
16
-115
12
-5
163
131
-12
48
22
68
-76
-134
-21
231
-47
123
-96
-85
-135
118
-43
1
7
36
87
-9
39
-3
5
48
-27
22
-46
157
157
-81
16
-106
54
253
163
134
-127
191
-38
106
137
-25
54
0
-113
117
206
-119
58
-38
136
44
-92
-91
44
-119
-39
61
123
-15
-114
-60
99
62
11
83
-209
63
26
-63
94
97
11
-214
-47
-36
-112
137
14
-43
203
23
256
-102
-60
-96
202
-126
-208
49
-327
5
-41
-236
-86
159
-95
54
54
0
-89
53
-51
105
77
-40
-24
63
125
57
89
-104
-203
-19
261
-43
-61
43
6
-64
-18
25
-206
-48
-142
-9
112
-27
0
109
31
51
-102
11
120
19
-173
28
93
90
50
-150
138
56
2
-20
-108
-47
-188
-24
-181
-41
-90
-160
-65
43
-13
-78
-23
113
-149
36
73
-27
-71
66
31
58
35
27
155
81
95
-161
102
71
-124
-77
-194
63
32
-33
43
139
-30
61
-56
-55
-4
-81
-124
-168
-9
102
15
117
-75
-86
7
43
56
47
93
29
64
-161
35
107
-51
-79
0
82
82
72
-140
-260
173
-97
-8
-10
237
38
-6
46
66
104
-46
253
226
-71
40
-144
-88
142
-166
-41
-92
-121
-156
-162
-191
65
40
4
-66
-81
-145
0
-1
-119
-119
-55
11
118
80
15
-9
263
-58
-6
-110
-1
-110
-31
-77
99
-123
-34
-197
192
-17
33
-14
-109
216
-112
-63
-94
50
-2
-135
10
7
105
15
23
-33
-161
-15
-47
-7
35
-31
-19
-22
80
85
92
21
-262
80
-56
-177
-30
-65
-21
6
-9
-105
1
-67
57
-102
-208
43
-5
-67
-39
60
-61
-16
56
48
-86
2
15
93
-78
-88
-77
-46
21
111
-37
70
-166
44
47
-15
-92
-76
-69
84
-11
-33
-31
73
-113
139
-134
-84
-65
-45
-66
-51
153
-134
21
41
-66
-39
179
6
57
129
-183
7
235
82
-129
125
103
-163
94
51
-29
-74
15
31
142
-91
29
-25
82
-134
127
-49
-180
13
27
59
128
-141
-106
52
92
59
-40
2
-62
39
177
-112
184
-6
63
128
77
-174
165
76
91
10
57
29
-77
242
31
-76
218
-107
48
-33
-11
35
173
-142
-312
13
56
-70
32
146
72
26
98
-377
77
2
-50
163
-50
-100
4
-51
125
55
43
-60
-131
-30
25
-120
52
0
-66
-77
-114
-111
6
94
124
-135
86
240
-147
-41
-31
-33
43
-208
-10
-65
114
31
-17
-62
172
-197
113
12
-29
-56
-11
-16
-5
21
182
201
-13
-22
15
-2
174
119
47
-10
-49
180
36
-36
64
-81
15
91
24
15
28
-93
14
13
-20
-30
-37
-88
-142
-23
-125
-79
-34
-16
-86
20
-29
-33
-4
169
13
-54
-34
25
74
4
99
170
-54
9
127
-45
123
24
7
-43
56
29
298
37
74
-43
64
123
156
-66
72
22
109
-127
210
-82
12
-148
81
6
175
-150
-152
2
27
-121
-18
-63
-221
-61
-24
-51
119
-93
-9
152
-64
-49
64
-48
13
25
58
-87
-67
-68
-126
206
9
26
72
20
-55
-49
77
-37
-76
2
89
59
-118
119
109
-199
162
-155
79
-36
-8
-14
51
-246
46
-5
-2
-64
-41
-59
-47
-37
140
10
-86
17
199
94
-122
-61
18
67
81
-191
23
11
-19
-133
-51
97
93
-8
0
-116
-208
184
76
-218
-60
-104
-74
148
-18
-33
-61
117
29
84
46
-28
-22
83
120
-107
-129
-67
-279
-186
34
189
0
-10
-61
-111
-21
11
92
58
-154
54
-194
149
-76
40
-15
57
153
78
-28
114
-55
-31
12
-103
67
-177
-75
212
191
138
42
-35
-74
81
-68
68
108
-163
-137
-51
-28
69
127
-105
-7
-21
41
140
-23
-128
-60
-161
65
40
-88
135
-232
230
-145
125
-58
35
21
85
-8
11
6
-72
-58
-65
-79
-21
181
-6
46
270
-102
1
-50
143
-144
-30
-50
-9
-53
-89
-135
131
10
66
-41
99
-73
-12
-69
29
-60
41
-81
129
-91
-129
130
154
86
-103
-53
-24
-137
-13
198
-17
-204
-3
20
60
47
-110
-44
111
-64
16
108
-2
91
-120
-109
-71
63
-23
57
64
-1
-41
14
-97
59
71
-130
119
47
-54
-48
101
-29
-152
-34
86
94
-25
96
-44
175
-81
-150
-20
9
-129
171
162
-31
-54
38
21
-64
93
21
51
160
-178
82
95
-15
80
108
166
-45
-3
88
-2
-106
225
62
-27
-5
-148
-34
-141
57
-112
135
-124
264
78
100
38
-160
38
-143
240
-54
-150
-13
76
-182
-64
29
-129
-123
-71
56
-61
170
-67
-147
-117
43
-151
63
-128
93
-110
-69
-98
36
146
-42
10
91
94
95
9
135
54
-149
-58
195
40
3
-108
-20
-53
59
-28
-84
41
-8
-23
-50
82
80
-94
37
-263
42
-40
-4
-31
-130
-77
9
-97
-138
59
-227
-74
-48
13
33
-30
-3
-182
-21
-122
-112
-27
21
-51
-174
128
-243
17
-193
-35
-214
-28
-150
-50
-110
80
-88
90
107
-21
-65
-20
-122
-33
21
22
-28
58
-108
38
102
-64
-154
2
83
-205
28
-65
94
-33
-147
1
-61
-28
98
139
64
71
-55
92
79
39
180
15
-198
-93
71
39
123
85
-55
49
80
-10
85
-99
38
-11
-172
27
-42
74
-115
33
58
-8
-74
-75
-112
-91
51
-66
-75
58
108
31
-32
-78
-102
-87
54
127
35
-96
-176
-138
-82
-115
6
54
36
105
62
42
-51
56
62
-124
18
-177
-68
114
-189
133
-10
128
-97
-69
75
38
-269
-33
46
158
-91
72
133
-128
-57
63
44
41
47
60
-11
25
8
-17
11
-214
111
-122
24
-15
-21
-185
-26
-124
-67
146
51
74
169
-74
67
-66
136
-28
-174
57
8
-84
54
108
10
-208
-72
-3
-67
86
11
-50
-121
85
104
-79
68
-26
-70
-235
79
236
144
-97
-29
39
-87
-140
-65
56
-190
-17
37
27
80
-127
67
-42
-62
-146
-22
188
-5
-37
72
133
-34
-28
-67
-52
24
73
-142
122
-17
-8
-36
-68
102
-221
-31
28
-71
-34
18
-38
41
170
6
-1
-277
211
88
22
-109
31
94
176
-185
213
40
81
71
-49
96
61
-133
4
-39
68
-135
-12
-168
112
-221
-165
67
-4
145
60
-73
-146
142
2
145
-53
100
-98
-117
-183
-60
54
21
-93
137
-31
40
-15
-25
71
35
-42
-114
40
180
17
71
51
-15
-210
2
-23
1
-62
55
-132
88
84
141
-78
-128
-57
-16
90
57
-77
-65
135
-143
13
5
-157
-96
75
209
141
-25
132
-104
-91
-17
-178
-156
-189
61
223
-119
29
-57
10
-90
65
76
-52
-57
-59
-4
32
25
-111
-203
143
66
-193
-128
2
32
11
-85
-121
0
-85
-49
1
49
-241
10
-45
-111
-3
213
4
124
-19
-12
-246
-118
35
16
-69
-44
120
22
-114
116
-8
-153
-185
-58
29
3
-186
-46
-61
167
46
-176
-14
-50
76
45
-12
-170
90
-41
-106
125
31
-197
23
-14
-125
109
-90
-10
35
-77
85
-49
-153
25
76
25
1
27
90
92
-187
-89
-15
10
-97
82
-137
229
11
18
-85
-50
-51
126
46
121
64
-197
-79
110
-21
5
131
-32
-63
77
-104
-92
2
-43
113
37
-8
207
8
35
42
90
-4
-67
-124
77
158
146
-76
-12
156
174
-179
-96
-356
-2
-85
4
-101
-108
56
-121
21
243
-153
19
-306
69
5
49
25
10
-153
16
-79
-40
10
-10
117
26
-45
80
-32
-17
-35
-33
79
-16
52
172
-26
-135
-82
-33
-50
-64
-76
-9
31
38
34
91
-75
-40
71
77
1
208
7
-40
192
-118
59
110
112
-23
155
-17
-168
-54
-97
59
-98
-90
-91
-68
37
-10
22
-29
-108
-108
86
-63
15
218
42
-50
37
-108
55
28
-212
59
-163
-128
73
-27
-86
-9
65
18
101
12
39
-69
186
-35
-140
-8
-135
-36
-47
-58
126
-84
-88
-75
113
2
-179
131
43
73
-27
-19
-10
65
68
-151
76
113
165
-37
-22
-28
46
-75
-137
2
-81
25
-75
-52
80
89
152
-141
-9
268
-130
-39
36
156
41
156
171
-1
-90
47
-102
-1
58
-51
-212
95
190
-26
-163
-71
45
-94
179
-42
116
-74
99
-116
-135
78
199
26
-34
141
-65
4
52
-135
-197
-115
-23
17
-136
76
-3
6
-33
-166
-64
33
19
-23
-123
78
60
-137
105
36
131
71
-58
356
150
199
142
89
-52
-160
44
94
-164
-98
2
-9
11
39
-32
89
90
132
62
33
-57
74
21
-64
-181
-123
-89
-53
-29
161
-53
-114
88
-45
-23
52
121
65
-115
-20
80
83
-37
-16
172
-7
-207
87
-41
21
-50
27
-92
-18
-176
-188
-96
119
8
93
-125
9
-21
90
70
42
11
-39
-190
109
9
89
-94
-52
30
-36
-97
25
69
96
-37
-223
-33
-135
-8
143
73
-177
53
-8
222
47
35
14
-137
207
165
-69
46
-117
-134
76
-5
-5
37
-63
-25
58
-18
-240
-7
-58
-112
6
-70
-63
-196
204
-106
-52
-65
115
-16
189
109
139
157
-118
54
-3
9
12
-56
-61
-2
52
111
-141
90
-81
21
-145
7
-111
144
-172
65
34
-20
133
-70
-98
73
-90
-21
223
99
47
18
18
3
-31
-46
165
-46
60
217
-35
-46
-157
80
135
148
-190
-28
-119
-45
-210
-69
-89
136
36
10
111
-82
71
10
-119
-24
-90
-32
-152
6
94
45
-31
-125
-180
-84
-58
-80
22
65
-132
-179
-91
11
-184
21
39
120
-74
26
198
61
97
-4
97
-136
-95
188
-195
-42
24
55
163
78
-83
-24
101
65
-66
-113
157
1
24
-48
12
41
-149
-72
190
-199
25
176
-39
89
-40
21
-7
-246
-14
62
-61
-62
-96
99
147
8
45
-62
46
129
10
234
108
-56
-28
-115
38
39
33
58
15
305
10
-79
-23
27
-18
-26
82
-45
45
18
36
-128
127
-116
121
142
83
-136
-248
-170
18
-154
-5
-85
-170
51
134
-202
69
-81
-31
0
77
90
115
108
46
-123
-34
-65
17
65
-67
139
141
232
18
146
-46
38
15
-121
-115
33
-184
26
132
-189
-11
264
190
-10
-75
-63
24
-217
128
-41
17
31
92
54
50
189
15
31
69
8
73
8
48
99
31
13
56
-77
-80
-20
35
122
-13
-87
69
4
27
100
-18
-29
-97
-66
-4
-145
-41
51
-101
35
-13
-179
-7
24
-153
88
66
-81
-60
301
56
-132
28
-74
-199
182
17
78
85
140
62
23
45
76
81
-84
-116
34
-101
-23
216
132
74
18
-31
221
293
-131
-51
66
-31
-133
-177
-119
-7
172
-77
-33
-77
-83
-165
-151
-23
208
224
139
-97
-53
-164
75
120
-66
-86
103
7
76
171
-6
57
-93
7
-107
158
79
97
-37
71
59
-63
-84
42
90
-91
7
176
56
134
54
-27
13
-116
35
80
-60
-63
135
-5
-45
93
-116
6
74
-23
148
96
75
-55
50
-26
23
-166
27
-12
-59
39
-34
92
-45
105
-11
-42
-47
228
134
67
26
88
38
39
-106
29
-70
-17
74
-172
20
91
0
64
-37
-81
16
146
-85
89
-1
-34
-60
-72
31
4
-38
15
15
-42
-39
230
85
29
-121
-168
101
157
187
43
-189
40
-114
-5
98
-104
-76
-34
28
-62
-91
110
-23
32
59
8
-32
-227
11
42
46
-8
-11
-144
51
109
-109
41
-113
173
153
155
136
-99
-52
162
-96
126
-193
109
-66
-8
-81
-44
123
-61
-68
4
-56
-59
-270
-15
-58
252
34
82
107
-113
122
192
-175
82
-186
119
-59
-96
-72
-21
-135
23
32
-67
16
-9
-100
-43
-57
52
25
100
55
-58
8
-49
42
-38
28
-191
88
21
-15
-47
140
-57
60
108
-163
-61
-3
115
-44
-43
132
-244
-7
70
157
-110
112
13
37
-43
-38
-10
29
-124
-138
15
153
-80
-23
154
-159
133
-107
51
-14
-94
34
228
61
-9
-63
71
6
36
22
112
38
60
-49
-33
-160
102
-31
154
-59
109
13
-6
34
-104
16
119
75
-21
-88
48
63
-147
74
6
63
-82
66
46
-98
91
169
-29
-57
163
159
-20
179
-171
88
100
-44
48
-140
-95
47
144
-125
142
-45
-5
-230
18
-22
-92
-102
42
44
41
255
-8
-54
-94
-158
-115
92
-106
-16
-51
-14
-125
-87
-92
-48
-132
185
22
-197
-56
161
274
108
104
-59
-32
54
89
-145
-86
12
-7
-14
170
-106
78
86
44
-45
52
26
77
-101
105
-52
99
-22
69
58
148
67
-19
151
205
-60
89
-4
-120
74
-37
-154
27
51
6
-25
-57
64
65
1
67
-93
58
112
67
171
62
270
-17
-7
85
-115
109
22
206
67
41
-273
-109
13
129
-131
-77
131
-64
-188
-15
-156
52
60
-43
-132
-62
-101
224
-97
102
-189
-17
-29
-6
52
-97
40
39
0
131
192
78
125
63
-115
38
36
150
-111
-100
-158
130
33
-25
37
-116
91
66
104
176
-30
-125
-144
45
-85
-155
-46
0
16
-74
-172
-109
11
-57
93
-151
25
-116
-242
-22
34
143
98
16
-68
-53
14
52
-33
-224
86
-128
-31
-114
-94
-88
-110
-96
137
-112
-148
264
-138
-169
-76
110
-132
-42
-10
100
-109
-188
8
65
-57
-79
107
108
-79
193
-42
6
36
-8
6
-46
26
18
-159
-23
105
-114
62
-119
-28
17
53
-167
-24
-50
-88
-124
-122
103
177
-86
125
-26
-65
87
75
-35
-9
-27
116
32
-55
138
25
-53
-135
-198
-64
22
287
90
-62
-52
73
-49
-57
-100
-257
3
-25
72
-62
26
-112
-141
-12
-255
-86
72
-14
33
-26
85
35
-95
-92
-72
-30
35
93
40
55
-95
-58
120
70
111
134
-116
110
7
-74
116
-71
34
25
15
-62
-117
-1
-15
-78
-128
-75
-24
10
-18
-11
112
-7
65
-93
179
-13
-153
-93
140
111
24
-17
73
13
116
-143
22
-166
-30
-63
77
-47
-84
-106
126
18
-104
-122
-18
54
-152
7
93
132
-71
-43
-151
-97
-45
140
-36
-6
110
9
43
-165
-177
-213
-10
-30
89
64
-5
-140
-72
75
40
-48
58
-15
24
115
-39
-9
99
14
78
10
-37
65
14
75
-23
-43
-38
66
-152
-46
-209
-56
-168
-20
-29
-73
-78
217
-161
25
-34
-8
-90
-105
161
-36
-36
-108
93
-64
37
-8
24
-88
1
-74
69
28
-7
-172
4
79
54
40
-164
-75
145
27
-120
95
-40
-57
95
59
-65
38
121
-45
-40
-74
149
-63
35
-91
-11
-31
-8
-57
-14
-117
-259
-98
17
0
-14
49
15
147
-58
-3
7
221
-100
147
-265
-17
-135
-85
-118
-189
116
-315
-139
-117
72
-41
-11
-43
113
19
94
-108
234
47
1
56
-3
-60
47
74
101
8
-34
106
-81
-128
28
51
-4
114
-69
38
66
132
-97
-148
27
13
87
-99
-51
26
10
23
-82
18
33
8
-105
-92
16
60
166
-44
-13
74
-41
32
-104
207
-48
-140
-104
-5
-120
257
-44
107
108
-64
-161
121
-119
-67
-135
26
-113
13
-4
94
6
1
-69
-132
-88
-115
-15
-45
156
88
-112
60
-101
-18
36
-114
-15
48
-45
-38
-107
-10
11
161
28
-12
79
-59
-85
-33
6
160
-25
42
1
-95
85
-39
52
-4
-72
-113
-73
-89
-39
186
35
72
-184
-10
187
-73
3
92
96
57
63
230
-24
-140
-8
-69
42
66
72
-213
-219
318
97
-13
-40
16
12
173
-179
-4
160
224
39
-6
26
-35
-47
59
9
-257
-128
-68
113
-8
64
-102
-47
155
61
117
-2
55
115
186
-115
33
-16
-109
9
-30
-114
-69
10
13
81
-17
-5
-45
-69
-72
135
-44
-87
80
-11
-13
37
-8
-155
-12
-41
-64
311
11
25
-20
47
-47
39
-23
-61
120
23
57
129
-40
-23
-46
60
14
76
-198
-67
49
-17
0
-280
14
75
130
-33
-4
-92
89
6
-126
198
-110
-18
30
219
-26
95
-161
117
196
17
146
129
104
-77
42
-30
-52
92
-2
-47
33
178
51
-193
39
55
141
-63
78
96
-126
-33
-93
80
258
75
149
32
17
138
35
126
-97
-60
105
-23
-44
-79
132
-86
21
15
28
-61
135
60
55
-124
-100
59
45
-80
118
43
166
52
136
143
-15
-79
-67
-69
-66
-47
-49
0
26
-57
167
-7
33
-70
35
-40
-58
68
-98
111
-42
-28
33
-49
-35
-59
23
-50
-85
-103
-31
10
115
-85
-98
43
-68
-31
21
134
-89
128
87
-111
-64
18
-4
36
-92
86
62
55
-61
92
65
5
102
-69
9
-97
23
61
-131
156
-186
-32
-135
68
-7
-94
-158
-10
-148
-79
-180
-93
-47
-127
-104
-151
367
-54
-36
114
44
35
-83
147
38
-31
103
22
-132
-57
-76
113
-186
-138
-70
90
7
-94
-35
-153
-88
-16
144
-57
-57
-26
-122
139
55
-92
-68
-34
-92
-118
-52
128
180
179
66
92
84
-57
-42
103
67
-8
58
34
220
-75
-76
-217
-57
-34
31
-112
131
-110
-50
-8
-58
57
-35
190
158
56
-88
214
129
-28
77
-40
-192
29
-9
37
-32
-51
-108
42
34
76
64
161
64
-43
-324
-113
193
-88
56
140
-55
13
-69
-8
-170
-146
-131
81
-62
-44
160
-63
52
19
-32
179
-32
64
152
-94
86
144
-14
148
-22
21
-7
-98
-19
47
-43
-162
-12
-159
256
199
-7
-120
25
154
-11
-18
-174
64
145
118
-162
-43
-6
5
79
-79
140
-17
42
85
-7
14
-219
99
-239
-159
-129
-34
-66
57
52
-42
150
40
-112
-32
43
-83
244
-46
-28
37
-39
-40
68
-71
56
-114
-66
-46
154
-18
89
81
144
169
-69
10
12
34
15
66
57
175
-39
-54
-9
54
-133
-125
197
-29
-117
-39
-50
-79
23
-187
-176
34
-57
13
-14
33
98
23
163
-12
-145
101
69
-87
-9
16
78
-111
106
115
21
-326
228
178
6
-71
1
-102
-42
-22
-128
123
10
20
-23
186
-184
-42
66
123
17
14
-111
43
-49
143
12
-13
-80
284
-29
22
45
13
-182
20
151
6
-294
-107
-163
-149
197
73
117
6
-60
-95
-54
-53
124
14
-15
130
46
-99
58
-20
-108
-76
159
47
54
6
44
87
41
31
24
-96
-185
195
59
19
-136
-8
70
-146
-131
60
4
58
-44
39
111
32
-247
56
-74
-16
2
-109
-27
-170
194
-24
112
-27
132
43
16
85
-15
97
37
7
-23
-56
-275
-23
-153
-127
171
22
59
139
-20
-22
35
-171
28
-68
-148
38
-104
204
-150
-70
-113
40
236
8
-30
86
-16
-132
54
62
90
-46
-30
100
-33
145
-31
-69
72
29
93
39
56
70
44
-76
-115
9
155
-56
-27
-216
83
-86
95
-14
6
3
66
12
147
118
4
-94
42
34
-161
209
-65
11
-12
11
124
80
-128
18
-15
-65
52
67
-14
148
47
-34
-211
-232
-253
205
71
-107
-68
23
222
-135
-265
-88
76
-179
86
-108
-11
171
-25
-65
85
73
60
-13
-39
-34
76
194
5
229
-9
2
62
45
-34
-31
63
-64
-37
190
23
-109
135
-117
-89
52
-128
34
120
17
-64
18
110
84
54
10
31
13
-90
35
42
-46
85
-58
205
-15
-44
74
28
134
0
255
263
180
38
-99
12
99
-90
-6
9
102
-126
169
14
70
97
45
177
222
-136
-70
-33
126
21
113
124
-81
31
12
8
6
-16
-69
40
-115
84
128
-4
-137
92
66
-77
-40
71
236
-207
-77
76
-24
9
0
148
-148
-94
8
83
-125
7
-227
-132
-53
-53
49
63
2
22
53
57
-62
-52
34
135
-75
-88
104
-57
-10
-37
4
19
-18
-18
-24
9
-25
-114
-63
-132
31
-107
73
-73
16
-5
151
-239
-4
75
83
-61
-46
-65
-4
95
77
173
176
165
-47
148
59
-47
-74
-18
-112
89
-81
75
-34
18
166
0
-131
-10
56
-104
-119
90
-30
111
201
-33
2
91
128
55
69
50
-96
73
-111
37
-25
195
-43
7
-127
-112
-133
-168
-59
63
-42
2
-22
22
37
-166
161
-19
-172
-116
110
26
134
184
-14
33
45
34
-109
229
79
79
-135
59
20
-5
66
-18
95
64
-56
-139
61
-164
3
35
-74
-120
-122
5
84
5
121
81
108
165
-191
91
-154
-50
51
-86
52
85
-62
96
-34
-16
-52
-67
-36
118
-36
101
-15
-102
-17
62
-139
-28
-152
-120
8
-2
54
-11
72
3
11
25
-3
82
0
6
4
-90
-96
33
131
-90
-7
14
7
77
73
-188
-125
49
173
95
-42
-126
-225
66
93
57
102
84
-76
-39
-63
-88
-89
-79
-159
-205
-173
39
-45
-55
180
92
106
-122
-22
53
75
90
24
66
-91
148
173
-39
179
24
73
57
115
8
-101
74
43
62
-75
21
-165
31
-168
97
-49
-121
107
-95
-139
134
-13
-106
-41
214
49
-89
38
161
73
37
52
113
266
-115
77
56
-86
-18
30
-92
54
-153
25
23
-12
-69
-110
147
142
-74
-9
12
59
-30
83
83
152
73
-28
59
-151
233
-16
-13
83
31
74
25
83
-205
349
11
-35
-198
111
-66
-59
196
-4
46
-81
-1
75
24
-122
-61
25
215
-6
-112
-50
-48
-99
-133
80
-142
-16
-20
-27
22
-86
206
59
-60
1
-112
-48
89
132
2
-87
-12
-132
100
-113
-15
-37
171
-69
235
-159
92
-64
136
51
-117
64
87
39
-46
112
2
24
110
9
-51
7
-13
-46
3
-168
-192
59
35
44
-29
-166
-141
45
-67
-113
-79
-29
6
53
180
236
71
-53
-29
-67
130
99
100
-34
-41
146
80
110
-12
171
36
151
-32
-29
-5
30
-61
-90
-212
-28
23
-29
36
-61
0
134
59
-147
-180
-57
57
-58
29
232
-69
23
20
153
-15
1
169
-16
137
75
-40
42
3
50
38
251
-20
-187
-28
20
-104
-118
-63
-38
-159
-90
79
-3
-65
112
-34
-115
-51
-99
3
-246
-132
11
10
-58
76
54
-47
-53
-87
-86
-25
37
7
149
-107
133
-10
41
198
143
-9
114
-30
-122
-87
-57
76
12
-146
-160
33
211
-121
-136
-65
-136
71
-16
-124
-20
-173
-12
157
-58
46
90
-95
95
12
-91
172
-77
36
-75
-67
-55
-75
-96
-25
-110
25
-214
-67
-140
-38
75
-147
84
62
111
-14
-108
-59
-19
32
-47
128
-69
46
-109
-22
189
57
41
-103
-51
2
6
-214
65
-190
-57
9
-9
-101
29
120
-52
119
105
-114
-149
191
-30
62
30
45
-33
170
6
30
-138
50
-80
-7
12
44
60
59
-31
38
-13
-128
62
-12
-80
-40
-15
85
70
-206
-90
-32
111
-11
-28
-153
115
56
-129
113
38
-73
-30
93
-89
0
-164
-30
36
-43
3
59
-28
13
29
1
-10
49
174
58
-63
-110
-65
7
-80
-46
94
-60
-32
-179
-40
57
108
-24
-114
-151
-204
32
-80
72
-3
312
-58
155
-144
14
156
22
-7
16
12
129
-100
11
-160
-37
-77
285
18
44
141
-39
3
21
-129
-61
-52
5
-5
65
-102
-77
-46
136
26
-35
-3
74
-13
-56
56
-47
60
-163
-48
91
-71
-11
-81
-19
64
-59
130
-117
-71
133
23
-36
93
40
120
-82
-48
105
-66
19
13
93
-123
-72
-80
-68
-68
67
18
222
14
150
80
114
149
-73
35
195
-111
-44
90
-81
111
9
-22
-9
105
261
-60
52
-89
17
-116
56
-115
3
58
46
0
168
82
51
-25
-158
83
-48
97
115
-23
50
-29
43
-20
-164
92
101
-113
-2
0
16
163
154
142
-57
-50
44
-48
-57
187
13
-62
83
52
-38
-6
-105
106
-44
29
166
20
19
-151
-166
159
-135
-16
27
249
-1
-14
239
-19
43
-155
-40
93
101
-73
-23
-64
-101
-46
-60
-100
-122
24
131
100
112
49
-243
-80
-115
154
-134
-83
53
48
55
-82
127
59
127
-33
-126
174
-76
172
-66
40
-75
-46
-109
109
79
72
23
-32
54
76
197
-49
76
-142
-78
58
-35
139
59
-48
71
18
89
-64
123
-24
-131
-29
88
15
72
36
66
75
-28
45
-43
-166
37
-136
28
53
48
-6
25
-37
75
-85
73
-143
56
-107
108
129
-37
118
73
-166
-54
66
-12
20
84
-68
-25
-130
43
-76
-15
-14
-159
103
-134
-32
-31
113
-63
-25
89
-114
-157
41
-109
-184
79
-117
94
-90
169
-11
47
99
-162
45
-17
13
-82
-150
-23
18
42
-77
-89
64
-55
-58
9
-48
100
65
88
-104
-27
52
38
10
108
-85
204
-71
-34
-123
-95
-102
1
108
60
-14
25
-124
-165
147
200
92
-61
149
-158
126
4
136
-142
34
-8
-320
-208
-58
54
-92
-46
33
16
32
-67
-133
-110
43
-245
-87
-167
-34
88
31
-174
-1
-16
-175
9
97
-5
79
116
-2
-1
-79
-9
33
32
-68
96
-187
70
-73
-142
2
-65
27
51
-154
-82
60
101
99
-123
108
48
-60
50
131
-110
84
-21
133
21
10
44
36
-42
-108
232
53
182
-59
163
63
-11
31
-107
-5
43
-21
22
-9
75
4
-185
135
-154
-88
-109
-28
6
135
49
-32
-31
23
12
-148
-9
82
98
30
-5
-33
129
-110
63
-172
176
-115
-120
23
53
-89
122
-105
-78
22
-134
27
-74
35
52
52
-43
55
-126
192
106
99
14
111
-9
224
-80
67
23
-5
-215
-93
46
-148
81
38
165
-49
45
-18
1
225
65
67
-44
100
1
-130
-158
-140
-60
-98
-2
23
118
-168
-3
189
-85
-149
-67
-134
199
-74
41
38
-57
-51
-43
37
202
-111
-48
12
146
-69
149
-77
-135
-76
145
77
19
245
18
-2
-106
-188
16
136
115
29
90
5
-164
-60
-24
-111
-8
18
26
-35
124
-93
80
-73
-77
-125
-95
26
-177
43
-182
94
-106
145
-87
22
35
75
91
7
-299
0
4
145
-25
-65
-77
39
242
-78
-75
-51
1
73
19
-97
-59
-84
-20
31
-42
-292
-8
-152
-13
-61
121
-83
80
61
-20
-55
71
108
-38
-86
-181
26
97
206
-79
-38
-126
103
-166
-64
-112
-204
131
70
119
112
14
200
37
43
73
1
157
-103
-36
-160
83
-26
-236
115
-217
-114
-12
39
94
1
14
93
169
20
-31
-42
-101
46
-182
169
-16
31
-10
-56
93
34
0
66
12
22
35
-42
-5
14
74
-93
-62
19
-44
-64
54
-158
2
-5
-66
22
-28
-7
76
77
-38
-99
-76
-107
-77
-17
163
35
-1
61
-30
33
189
66
147
68
-136
-90
-195
-200
-66
230
63
-63
21
-185
-56
-16
-20
-45
-23
-58
-58
-80
32
-86
62
33
91
-39
-16
74
-134
181
-79
34
-35
-30
168
6
-75
11
-79
-22
106
148
109
-17
121
-42
-49
-51
-79
25
8
97
115
107
-47
41
-61
45
-55
-136
-127
43
-42
-182
-43
88
-51
119
-67
8
86
86
-11
-35
-59
-1
-96
-9
47
36
2
-85
-57
13
-134
-19
-122
66
-63
-177
-88
122
-32
-3
-45
102
-28
77
66
107
42
-29
-90
25
86
29
-87
27
188
41
-106
-72
21
32
68
-81
117
59
-54
87
182
-70
78
-42
-128
29
69
56
-2
-7
28
104
-7
-92
-293
94
134
-136
44
-189
-81
-108
-131
-3
138
1
-54
87
-68
236
43
-128
143
313
117
61
52
-1
14
-6
115
-37
117
23
-248
-84
-148
-128
-38
-73
91
-99
-89
-130
-33
-167
11
-15
-38
-54
50
61
-80
14
-143
303
219
-36
-40
-39
-142
-49
12
97
16
50
131
90
-47
-34
-83
100
-21
123
-125
106
-66
143
-5
-221
-25
-82
41
-38
146
82
60
192
-12
-5
70
48
-137
-4
-16
1
134
190
-217
62
95
-70
136
165
105
-2
31
7
62
-114
-195
74
24
55
-17
47
-142
-39
7
112
-78
75
93
-172
-34
112
86
63
-196
162
33
37
-50
192
-65
142
67
97
-186
-57
-4
200
-45
-239
-196
-149
-104
-3
38
-16
-14
290
117
194
118
3
-106
97
-3
16
-194
-46
-126
211
8
-1
-127
-187
-38
-16
-135
130
-229
-1
-117
54
185
-31
-21
298
-87
143
-85
77
169
109
-87
-9
163
56
-165
-52
-26
-276
45
19
-66
22
-38
-151
28
-114
55
51
2
33
84
83
47
94
20
144
25
83
-111
178
-59
-38
141
85
164
-87
51
-27
-117
-9
70
27
-43
-5
-6
-58
-19
-154
-33
156
156
-104
102
-182
-51
21
-99
-162
-12
35
2
198
-22
46
46
-37
-178
43
-129
43
4
-125
-108
-75
-212
-161
-65
20
9
-33
92
64
-23
-46
-113
-33
95
-50
-101
128
-137
208
65
117
-49
-229
207
-82
3
9
57
-23
-43
-120
71
-97
20
-58
-133
212
-107
37
177
24
-39
35
151
18
10
98
-104
-111
-68
-77
-54
38
-50
-91
-90
88
34
143
92
23
-140
168
28
55
68
19
-225
2
-44
-103
105
-90
131
30
-85
52
-60
184
-9
-140
68
-9
-19
18
-88
60
168
4
144
70
-55
10
14
-125
50
107
-109
82
101
103
-261
116
69
-22
-53
-126
-116
65
-266
213
198
-8
158
-47
-247
-60
-37
-116
51
-10
109
50
-90
3
-106
-130
-23
32
-159
82
-85
36
-28
-101
20
-16
14
156
-136
15
112
148
-127
-11
-30
85
-32
-10
-63
-136
-228
-154
149
-86
-40
-51
-76
19
-196
-170
13
-5
-97
-215
33
-38
-72
-3
-159
82
-49
149
153
106
-78
-116
39
98
20
-130
138
59
-137
-46
49
46
-106
-160
-98
54
-7
67
-42
67
36
9
-163
-12
110
176
-47
-24
-12
34
-164
5
140
-126
-76
87
257
-36
222
-71
7
60
101
74
230
124
34
145
-139
12
1
40
-108
131
162
-50
94
127
65
17
55
-21
-93
29
10
-50
0
96
-39
-43
142
13
-14
-93
-17
70
-115
-141
-95
-30
6
162
-89
-22
-147
104
33
-30
-23
35
-25
-20
128
120
-44
-25
127
74
81
56
121
139
-117
55
-7
121
20
-36
130
12
-82
-30
227
-42
-24
-110
106
-5
131
-351
-101
4
4
-97
-80
-25
-53
146
-59
-46
26
-115
-56
-56
-43
44
135
9
210
-140
13
-131
-89
2
-136
18
290
-26
-4
169
-150
23
-150
-97
270
-130
-56
80
-65
-50
-70
66
27
108
-21
-28
-40
113
-77
-275
219
-219
-206
-2
69
-114
-12
-49
25
-127
36
-80
134
-24
109
-15
-115
240
-74
-172
23
89
-145
123
52
-92
181
66
18
86
-17
-32
-100
78
47
87
95
96
-13
-10
16
103
79
122
130
91
-9
139
-11
-60
-111
-73
116
-50
-7
13
81
56
171
33
-37
134
23
50
116
-197
-24
30
51
44
2
-78
-129
138
-206
-57
-130
7
-158
110
-101
-106
64
-69
36
-7
-144
65
-92
-165
52
-3
4
-144
-148
51
55
-85
-163
-55
139
-61
77
83
-80
63
16
91
100
-26
-40
-151
-65
14
-53
-25
-5
-139
50
-182
99
8
-40
182
-63
-126
93
59
185
-89
-76
146
-50
71
-15
-112
-138
41
-78
-74
-20
119
-9
32
21
90
50
195
9
-45
78
117
30
-157
207
-118
55
-2
97
-254
-75
-21
48
93
130
173
-51
-124
-2
44
-16
-26
55
109
-120
-52
140
133
-102
75
-8
187
-125
-16
77
153
87
-77
-123
31
-179
31
30
23
86
103
-1
37
-55
-170
-133
61
-87
-94
59
-95
-27
-31
182
71
-30
-6
-56
62
-96
-115
115
-30
-43
16
-52
107
-91
-99
-110
12
-1
5
-220
76
-152
74
17
57
25
-178
-90
15
61
-109
-204
-23
59
-103
46
85
56
19
-16
13
54
-38
-55
26
-169
-73
18
-25
-81
-93
-112
-7
229
55
39
30
-11
-36
26
-161
11
-40
-54
104
-71
-155
140
142
174
-55
-120
1
-12
-25
-60
-20
50
17
89
-161
-88
98
2
25
26
-69
106
88
-5
-40
-148
-124
-25
-13
8
35
25
172
28
-9
-39
166
141
34
-19
121
-115
-82
22
9
-22
43
40
37
121
-37
34
1
65
139
8
-66
14
121
-18
-127
110
-14
96
16
97
-111
-15
-5
51
131
6
86
-78
12
187
-8
-31
-12
-244
-80
-90
84
-57
102
-93
-2
66
104
18
-211
51
63
260
53
-21
-102
-136
28
-19
91
-62
-40
124
-67
73
3
-34
-30
17
-13
-62
-1
16
14
118
134
-18
226
133
-50
8
16
-28
-8
56
113
162
27
52
-76
-83
27
-68
40
32
-64
83
-71
137
13
-4
24
52
7
69
178
11
181
45
107
126
-122
-76
-45
71
-34
85
2
40
-15
-9
108
14
79
-124
-100
80
197
-74
26
115
-24
30
36
41
16
19
-40
-115
-124
-43
84
-67
67
49
72
92
160
38
85
-4
-89
-30
-77
201
-97
121
-30
-17
-148
72
75
-6
-101
47
4
-105
80
-12
-186
-62
-77
-92
89
156
-151
-12
-114
-92
-101
5
134
-111
38
-169
102
-66
17
-193
137
188
74
-112
134
12
173
-65
27
-16
22
-46
-13
140
-101
-3
-84
-85
-12
57
157
-89
67
-85
-228
-160
-228
-89
113
-87
68
-100
23
-7
-33
-6
215
247
10
-9
20
-1
-104
-12
65
-72
-162
5
51
65
144
114
-51
91
72
52
117
70
33
-57
30
-26
136
-35
-254
-206
-105
158
-38
218
-14
34
-117
-199
44
11
-63
54
157
36
74
7
-2
-40
52
-108
41
62
239
-9
-61
-13
36
-117
-137
20
1
56
-117
-1
10
-211
120
93
71
-166
69
-79
-58
-11
-33
167
44
-48
25
187
157
70
-272
-5
-85
-153
-32
-26
-219
42
148
-31
16
36
79
14
21
-85
-87
111
-2
-82
30
-69
-50
-125
-90
48
-233
-86
119
70
124
-6
-103
28
123
-44
61
46
-25
-21
-144
-10
-7
39
-28
-64
-99
-70
-113
54
-119
5
-140
119
-62
-112
55
10
34
4
55
128
-138
29
-66
-33
53
-114
77
11
66
-25
60
205
60
28
-144
-60
123
78
139
-36
120
-49
105
-46
107
73
128
10
76
26
116
5
-87
-36
-85
168
-94
52
-138
-21
48
18
-98
74
-39
-168
-25
36
-25
14
93
31
-81
-45
77
47
184
-68
-76
44
92
109
-164
-90
-254
90
-93
75
-68
14
-210
-209
-49
-133
-107
-122
35
-161
52
-161
150
-150
-104
-25
128
-101
69
90
-17
15
-90
97
-102
103
5
135
-58
86
-81
-10
-19
-14
-68
32
-55
33
-82
-178
-33
50
63
-161
80
-53
-232
63
-120
61
-126
119
157
181
58
105
-137
-185
-5
-80
121
-89
25
-5
-42
78
-95
80
-47
20
29
-74
-62
121
35
-62
2
34
113
-88
44
18
33
71
-17
120
-59
55
20
28
209
-45
-70
57
-62
-58
-63
69
31
-9
-105
16
1
7
1
49
-32
0
-31
-311
-37
-8
-59
20
90
176
-171
-69
-21
80
68
127
98
136
7
-81
157
-47
-17
-120
-176
73
-4
-31
-31
13
31
-18
-7
-32
69
48
73
44
146
-18
-1
-266
-83
257
-49
202
43
-19
32
-133
-69
47
-40
92
-45
-142
-62
-36
-45
127
-76
-28
60
-140
157
-67
-47
40
51
81
33
216
32
22
116
-42
-153
-81
92
6
2
-33
-266
46
32
-8
121
8
-102
24
53
-41
176
52
-120
-140
27
-7
7
-115
50
-94
276
61
37
173
-12
-33
79
2
115
39
-60
166
59
62
56
-51
-75
5
54
30
-22
54
-118
-98
120
-71
53
-45
14
-36
-92
-27
2
-103
-16
-110
-134
91
89
76
77
88
-142
92
65
43
95
14
66
-41
-107
-33
-244
-63
-173
140
149
59
-45
-142
-5
23
-128
30
-20
5
56
36
126
126
17
0
36
-52
33
-30
161
109
13
14
202
28
-35
-2
191
46
173
48
-137
154
95
-64
-46
10
-99
13
34
-69
28
76
-104
-73
107
3
-2
51
146
137
-284
35
116
-20
150
-34
62
58
30
-97
63
47
158
-188
115
50
-131
-24
43
147
71
-208
128
68
-120
-170
-165
-79
142
-145
-77
-31
-383
-82
107
35
-75
65
84
-97
5
18
-31
217
22
-155
65
-83
78
97
-43
7
215
29
45
-121
-48
52
66
-96
-4
23
-9
101
-97
33
-8
195
-66
26
14
24
-99
21
-21
-42
-272
-135
-192
-156
-200
215
60
-86
-51
2
140
101
77
-60
67
-28
125
27
-77
-117
-11
62
1
17
-30
-8
-56
-88
-45
-103
-2
-70
-116
124
33
33
-30
89
14
-45
19
11
74
10
121
-86
-6
49
68
106
45
-111
-152
-64
72
167
51
-29
-22
45
-6
77
48
-28
-25
-54
138
42
121
-27
-43
116
-95
77
-167
-72
34
29
-144
-31
-191
168
5
201
-151
-11
-88
-16
43
83
192
115
62
-50
14
75
-24
114
26
-109
-133
-19
209
0
17
-15
-99
-215
112
11
107
-90
-15
138
-17
31
-42
20
-32
78
33
105
140
-122
-171
15
-159
101
191
61
-34
-18
-89
93
-67
15
-27
1
-93
18
34
164
117
-41
71
-1
-71
29
-48
-103
164
105
-155
-145
-96
-194
-21
-66
65
-17
-90
-235
-36
1
-10
49
74
81
-89
57
-92
23
11
72
-31
-168
-71
100
-33
-141
-31
-165
85
-173
73
-75
20
-109
-27
15
3
141
-9
-77
142
-85
-9
-241
-162
-8
52
33
16
-51
-149
-93
290
-49
-119
-33
12
-147
179
-143
132
42
138
105
-74
-123
-69
97
45
115
-32
95
-10
-154
42
-10
240
-75
130
32
10
187
168
-42
-90
6
52
-3
-169
-103
44
-175
-36
80
-32
-153
35
149
54
-129
-251
-16
-44
156
29
19
-128
-20
151
121
-27
-10
118
70
59
94
-67
-230
177
-18
-99
75
44
107
-121
-166
47
82
93
1
160
-7
41
32
16
-74
29
31
-39
220
-5
38
-98
-147
106
6
124
-99
64
-24
160
83
-105
22
271
-245
-76
-92
20
-70
4
88
44
-62
138
95
154
75
-22
135
60
-35
101
-44
-119
109
-1
-138
-48
33
15
-30
-16
-174
57
6
110
-59
-22
67
1
82
-45
-39
41
122
113
-13
7
127
97
194
-116
77
19
9
74
-74
81
-125
44
111
89
33
48
-168
89
-77
-125
-75
-73
-83
43
-57
-47
-75
110
-21
-121
-13
-104
-208
-282
7
-5
-62
106
135
30
115
39
-80
-9
-29
222
-124
-52
149
77
-10
86
184
-96
-251
190
9
-5
-13
-41
254
27
-133
21
-167
169
-10
77
-135
15
-75
20
92
-79
15
-12
-36
56
-210
20
28
14
155
-1
106
40
6
9
-33
33
-6
1
-30
55
155
-144
-74
-1
-260
8
94
94
-49
-89
22
-8
36
-52
185
-89
-46
-69
-30
137
-71
-55
144
29
74
-126
144
-8
113
7
76
-100
79
-50
-18
-95
-20
-42
-74
94
108
-61
239
-14
-28
-50
20
82
-177
-115
-85
27
43
-24
90
-61
72
-121
174
371
17
95
-17
-41
36
-74
-120
-66
97
-4
163
118
-40
57
-197
76
180
-57
-252
19
7
39
-89
-182
-11
235
121
107
-129
69
92
18
-4
156
-180
-86
-137
-88
90
-122
55
20
25
82
112
145
19
48
-125
-97
-137
-122
-42
-5
44
-55
7
84
-101
4
93
40
-117
-88
-303
-25
203
26
-50
56
-81
104
187
-12
-38
-48
-117
-32
232
39
-146
103
-18
171
108
146
107
-14
61
32
126
26
25
86
13
105
-3
-123
7
-45
177
20
41
-196
87
-78
20
-12
-196
-36
84
37
-115
-193
4
60
59
254
-53
74
-33
27
17
188
-49
55
-57
-99
-28
14
73
18
146
-44
-59
-172
-30
40
-152
61
22
37
112
129
-9
-47
33
-21
-33
35
-90
-103
-32
-37
-94
-82
56
-157
52
102
200
59
21
21
-75
0
109
-70
19
130
-125
-35
22
16
134
-14
211
-10
-4
20
-104
-60
64
-54
102
85
62
60
-14
-15
51
-33
-184
148
155
-115
82
5
-12
6
-71
12
11
9
-35
-96
-62
22
-197
23
79
-91
-28
-45
-57
-74
-21
73
221
131
39
40
-15
-36
58
-122
125
-87
-34
54
-161
-24
55
-68
-250
-227
81
70
76
91
117
230
76
69
27
-239
-61
-9
-169
19
58
-101
-54
118
225
-28
46
17
79
-90
6
-140
-89
-79
38
69
192
109
-43
-25
41
-69
11
146
-18
53
75
-55
32
146
110
74
-86
-7
9
-6
-160
3
-89
118
18
-104
-131
244
15
-70
32
30
28
113
211
-10
22
-76
3
-30
-21
-74
-119
141
15
-96
59
126
-156
-53
-51
-15
-4
-65
-54
72
-91
76
-104
36
-39
16
63
61
-167
144
186
-45
-6
158
-44
-136
-99
77
-166
-76
-48
47
32
119
-25
73
164
9
10
-126
-41
-107
64
2
-19
106
-221
-75
97
-13
33
79
-52
-54
149
-8
-70
139
-26
159
-90
-66
31
44
-89
99
98
32
111
59
-92
104
13
19
-80
-12
65
34
169
-59
-71
-75
-151
-75
-103
15
127
0
-75
135
-23
-126
103
20
-22
-101
-17
-262
-47
19
81
-44
-78
-14
40
8
33
-52
130
138
-150
-10
33
-43
295
-114
34
86
94
131
-34
88
-72
-21
2
5
-43
-53
-108
119
-4
104
162
-2
13
-41
-54
-211
40
-10
-160
-78
74
207
51
64
-135
139
-105
151
-32
144
135
-137
-54
-55
-115
31
170
43
53
150
25
19
-24
-69
-22
134
59
-82
-74
-96
122
-32
-63
-195
37
-60
38
3
-26
-121
391
-34
60
-31
130
-78
-32
-35
-3
90
-21
-61
142
-51
-55
81
-150
-92
-130
-37
154
-19
-97
-247
52
-3
11
-128
118
143
176
-2
17
-44
32
-30
54
220
-27
-46
149
-2
37
-84
18
-61
-206
101
123
10
-53
-39
-154
22
-90
-4
-89
6
1
-106
-61
87
-32
30
18
-18
12
-24
-99
-64
6
135
-112
176
-127
63
-107
-126
-57
142
53
164
12
108
-22
136
-30
10
-10
-13
21
80
-88
211
74
-17
29
43
82
178
92
-45
78
-20
22
218
15
-12
73
26
-20
-34
144
77
42
100
31
99
33
-91
-63
141
84
132
2
129
184
-147
205
277
5
51
-92
-67
78
-121
86
-58
26
-123
13
70
-97
-51
-41
-145
102
-27
-57
21
54
-38
-19
-50
28
-64
61
-41
1
27
7
7
-182
122
-27
74
-124
-14
141
-68
178
62
-74
35
-208
-163
-118
-150
83
88
-8
-204
-85
-6
55
94
-130
134
64
-242
84
-73
99
-40
37
47
167
-106
35
-84
-128
115
2
119
-66
-177
-71
6
-51
9
-203
70
-119
-55
180
15
-41
-225
181
-15
-192
-62
-44
-15
195
-95
62
-69
108
-15
-94
-8
-14
-59
-147
-87
-14
-22
124
74
-17
-228
-4
-31
-100
-68
-26
-150
-17
153
-74
-51
98
-90
-226
190
35
19
92
12
162
-161
17
177
0
7
-61
-35
14
-1
-136
77
111
-53
148
74
-284
6
53
12
-99
-147
105
91
-62
-225
21
88
46
-47
55
16
-125
-2
21
-135
-49
26
-122
-50
207
110
-5
-85
-54
-104
-56
56
35
87
151
58
-146
102
25
-120
233
72
247
80
-197
111
60
-80
-140
-72
-89
-67
97
190
42
192
-109
180
65
-65
38
-128
16
-149
-31
-16
-74
-39
-25
-17
-105
-77
23
-81
30
157
12
-97
-116
-129
165
-67
114
18
-314
54
-140
19
-36
-61
-7
-133
-89
-48
56
11
54
-43
74
-9
80
-95
56
0
-47
30
125
-85
95
-91
93
15
131
-72
18
-25
162
218
87
-14
19
-151
-65
147
-12
-48
-16
27
96
73
13
149
65
-16
-1
37
61
60
-93
-66
82
-53
126
168
41
-37
138
-43
136
-62
-115
39
167
-201
22
112
-25
293
-29
10
79
15
-8
-74
-88
38
-33
44
-56
-391
-13
-119
78
-162
66
-102
-58
101
-194
-68
-18
143
17
171
0
-109
-24
-103
-80
83
142
-1
-50
-61
75
26
99
-96
-18
-225
34
15
22
71
4
20
56
-5
177
77
153
-54
54
46
-14
79
21
-158
116
23
-250
-54
-37
-18
-9
130
122
89
-105
-30
18
159
101
128
-101
-39
27
298
108
-141
34
3
186
102
35
-117
19
-196
45
121
163
98
159
-71
44
-14
-99
-130
-7
36
-4
19
-148
20
-69
74
187
259
84
226
-13
-139
35
-120
-119
-78
179
-124
-33
-139
59
41
-16
97
190
35
219
-56
152
20
-76
-41
-123
17
-166
15
-112
198
-124
83
6
-15
46
-99
-21
-71
48
-184
-6
186
63
38
50
45
-47
14
-43
67
-165
-37
15
178
0
-88
24
-105
137
199
-45
-218
4
133
4
-33
-50
44
-40
93
-15
-196
-49
-160
-5
98
-114
31
12
258
-64
-69
102
-149
13
-130
128
-50
-84
106
137
-89
75
-90
-111
-56
-28
130
-118
34
48
195
-17
-166
54
76
-72
-180
-25
-64
141
-91
-81
-103
22
-12
-57
34
42
-7
-135
87
-50
-191
-105
-65
-34
36
-24
-49
-14
157
2
138
6
-30
-36
226
9
16
-117
-124
-31
-4
-50
122
-96
-53
96
0
50
31
-15
-17
-70
30
25
104
-67
8
-176
9
88
-75
-74
-50
-119
-55
14
69
28
129
-37
-51
-77
-41
-61
34
-40
85
29
-162
59
169
-95
-44
-39
-269
5
-80
-3
-104
-9
57
13
-96
-217
-71
-128
94
-263
-28
70
-120
-32
135
148
-19
-1
29
72
165
-2
-213
-39
-2
13
-87
65
-306
57
-13
124
-217
-108
24
36
-77
-15
95
-189
-24
1
-30
8
112
67
77
-44
58
86
115
-33
-142
-131
-9
-22
65
-77
-127
-141
163
-63
-22
136
92
6
27
-99
-29
-124
27
-131
171
0
-21
-22
-55
-27
-156
-130
-150
-67
-66
79
177
-238
44
-10
-5
2
-87
23
119
2
-90
27
-61
158
-51
246
-64
70
-46
-42
109
-108
-144
3
165
25
-116
-77
-96
90
-11
90
-43
207
-68
53
-109
-3
71
82
-100
-18
102
-44
16
-54
77
-33
-1
-29
33
-229
79
28
111
-66
32
21
87
136
-231
184
