10 100 441
0 0
0 1
0 2
0 3
0 4
0 5
0 6
0 7
0 8
0 9
1 0
1 1
1 2
1 3
1 4
1 5
1 6
1 7
1 8
1 9
2 0
2 1
2 2
2 3
2 4
2 5
2 6
2 7
2 8
2 9
3 0
3 1
3 2
3 3
3 4
3 5
3 6
3 7
3 8
3 9
4 0
4 1
4 2
4 3
4 4
4 5
4 6
4 7
4 8
4 9
5 0
5 1
5 2
5 3
5 4
5 5
5 6
5 7
5 8
5 9
6 0
6 1
6 2
6 3
6 4
6 5
6 6
6 7
6 8
6 9
7 0
7 1
7 2
7 3
7 4
7 5
7 6
7 7
7 8
7 9
8 0
8 1
8 2
8 3
8 4
8 5
8 6
8 7
8 8
8 9
9 0
9 1
9 2
9 3
9 4
9 5
9 6
9 7
9 8
9 9
49
50
3
11
92
62
9
48
64
70
47
90
37
43
24
36
66
22
7
96
21
87
28
89
5
20
45
42
1
33
14
95
4
44
19
51
61
15
86
71
77
25
78
67
59
31
80
55
35
12
34
93
94
99
58
2
16
81
83
79
29
65
85
13
88
63
38
30
18
91
17
41
8
26
52
74
23
27
39
53
56
75
68
72
84
10
40
98
54
60
46
0
82
97
32
69
57
73
6
76
292
-152
-414
-642
536
-875
72
213
314
333
95
-484
-372
167
167
5
503
-456
-97
764
7
601
108
477
216
-393
311
-230
-27
329
311
359
359
391
375
18
-591
-99
-11
-149
-505
654
353
-184
339
471
394
-787
451
-409
-928
617
-292
-642
-298
-340
-299
-244
-236
-570
130
208
-57
737
-46
677
-162
503
111
276
-243
78
270
180
184
-393
997
296
216
-215
-220
-365
511
-214
52
1305
409
274
137
230
-327
194
-623
121
509
667
150
-28
-145
324
-140
299
397
-294
206
409
-217
-291
349
-651
-876
19
-38
-410
-157
274
532
71
770
680
187
-363
104
-56
-792
198
-142
182
-96
-491
845
-234
302
540
296
-868
-455
258
-991
250
-809
-266
135
-50
-27
119
-904
-548
-424
-91
-466
182
-517
161
-211
-179
433
-966
334
-328
-377
-262
-180
-47
539
297
-430
513
64
-31
221
404
690
535
-582
100
634
-628
-897
350
-53
210
-162
-166
172
157
-692
1345
-148
-17
-62
-128
190
269
391
-526
-875
353
221
-133
-266
-214
612
-996
-31
527
-170
-330
-431
-951
-794
-849
532
-588
-531
-119
355
315
561
291
298
-1048
-485
-170
649
-127
199
-468
251
567
315
531
-214
249
37
400
-1259
-497
146
-376
37
454
-466
296
408
-450
142
-35
600
179
-183
425
492
506
641
665
-309
-590
-1005
-787
447
-558
-757
95
-338
-348
521
1022
-401
870
-215
174
33
664
751
-249
138
120
-30
383
73
-706
268
653
-316
70
-342
-216
-502
481
409
409
555
-160
-167
95
427
547
-645
158
365
1380
87
176
-915
190
6
250
730
469
52
32
-800
-642
-381
359
-264
907
550
477
-292
-468
-268
-27
124
197
242
-467
187
-288
-600
-136
263
-254
141
-545
-175
657
410
586
-405
220
699
63
-755
13
203
-144
978
-581
-122
146
-354
-31
-548
228
216
177
-120
25
-27
-368
934
533
446
-438
-145
-50
148
-829
-675
95
44
-13
583
-159
-427
268
-1079
41
-37
455
-13
673
455
759
43
154
-228
-790
660
-399
481
390
-211
-51
-154
518
124
-56
-226
209
-121
-209
-333
182
-233
752
-409
-213
569
190
-673
-319
342
-172
-385
32
-520
-55
469
-705
-280
-229
-399
-698
-432
-270
-122
72
65
-32
300
-241
494
-360
275
121
-1003
-424
496
-54
-85
122
-191
-489
-88
0
5
171
-314
-161
97
-763
-674
657
-813
282
-386
-766
-423
301
610
715
-269
1
-895
-430
-413
-549
-292
474
-166
-44
35
-354
-544
-307
-190
115
591
146
156
-72
749
376
-258
701
669
210
291
-394
174
-16
48
26
-394
167
199
-211
1077
-103
346
306
-437
299
321
218
503
709
-92
361
-52
641
19
-149
-246
215
197
-353
-236
7
221
-803
662
154
-925
251
44
-450
175
-127
541
-219
-74
236
-52
123
-29
-352
-505
488
-211
-7
-410
-1322
-42
-640
-119
-517
-791
439
-125
149
-604
727
186
-420
475
-46
-282
-65
-607
-471
-322
598
-392
-186
161
-205
286
-162
-151
11
695
79
1085
-371
-148
84
-484
-587
66
-137
-165
591
-522
-189
327
-136
-554
237
-1061
-742
5
-3
-323
-301
-247
-36
-550
-176
550
-275
194
-511
343
244
299
517
632
-454
939
-845
358
767
568
-813
-353
502
-33
-317
-407
283
430
-495
743
491
118
317
189
-522
-531
-1291
221
-653
342
655
43
38
-156
-411
-193
-151
218
-199
-119
265
188
20
400
231
649
118
31
449
315
-366
-715
148
238
-602
-164
496
-571
145
-105
-697
-859
1
-80
496
58
-231
714
1066
448
401
-116
85
-260
-629
55
44
306
-303
-127
-249
247
-258
-97
751
-328
1107
219
371
816
274
411
485
492
-52
118
261
17
99
-291
-247
1297
-238
-858
-566
363
-241
516
-101
52
-487
-11
480
-20
677
728
-408
-489
-418
-144
-654
82
-209
-383
457
850
506
479
363
-398
37
-335
-369
708
-252
-309
426
-439
676
-9
-277
-734
110
103
-344
91
405
-168
27
141
-637
144
161
49
-64
-293
120
36
-176
110
13
-837
-446
-19
755
219
-346
35
-142
-176
-84
-265
290
223
641
201
228
-424
1418
-111
330
-22
-351
-222
-245
-95
687
-265
535
188
-70
-182
247
-591
-1000
-440
-189
-772
-79
-12
-291
-178
-289
238
-400
-287
550
409
-364
-374
-741
-211
-70
202
593
392
-52
31
187
43
-385
4
-170
-136
-109
-636
-218
-400
101
542
106
424
-89
502
-92
456
-686
318
175
140
79
-394
283
-602
346
-25
585
545
633
-260
755
233
-74
-365
-33
-382
-471
233
70
-743
66
-114
-592
-430
-205
430
173
-151
450
-139
-134
-525
-13
-242
617
728
342
8
-361
-483
126
-659
-508
-793
25
-423
897
507
245
-381
259
376
1058
19
-1170
249
-359
148
334
-614
91
590
467
187
26
537
297
-168
938
295
-7
-168
72
-230
157
434
340
182
-268
139
-816
-100
-240
469
-301
174
-90
3
-668
490
1231
810
-801
303
1058
-65
177
333
186
-458
574
249
-165
-413
-322
-141
-516
-183
227
371
92
92
98
195
-587
326
77
-283
157
263
341
270
-281
413
-578
288
241
-36
-14
-162
41
-441
-670
970
-442
-268
610
-43
33
-324
-246
606
-31
-69
147
137
-206
274
-220
54
126
330
-298
-59
515
40
1514
-49
-442
-439
-236
-191
-537
207
112
74
852
-177
-534
-34
-131
25
-154
-306
-130
4
-348
916
153
-196
1062
-78
859
-541
49
1171
299
-94
869
-196
552
-287
-260
124
673
-749
-317
-577
-315
-287
54
790
587
75
966
246
516
-552
466
-594
331
188
-179
-256
-599
537
206
-74
-92
-372
-22
237
212
-165
514
-513
-30
573
206
-459
-381
-131
693
-410
-275
-201
87
-463
733
-133
-568
20
-271
-315
232
529
-208
-121
841
575
-594
79
34
115
-358
-15
560
1417
-187
-198
275
120
-10
921
255
-748
221
678
-292
-56
1024
264
-859
-452
176
149
554
-758
841
-172
95
-147
-413
-661
-175
276
-146
409
176
-23
867
-1080
-406
410
-360
573
-45
-457
-525
201
-4
340
-684
38
-154
307
63
416
61
558
94
738
74
-138
-258
-341
301
409
-269
28
203
-473
247
-534
-76
-324
-127
-390
-14
134
829
768
-902
502
199
-311
-566
-503
-97
39
378
-313
-436
220
150
349
505
886
-1056
65
161
388
-445
128
-147
57
170
-189
-726
134
-216
533
36
490
-91
-578
58
-299
841
96
92
289
-573
314
-335
-19
584
583
353
-257
-326
435
329
177
-294
-522
-778
-712
155
-47
-215
198
-420
-146
195
-361
-506
57
625
-373
86
-478
-564
498
64
-378
-452
-532
-310
-509
336
0
-75
-530
-181
-278
306
384
-417
429
16
-508
658
1220
51
-631
559
307
173
593
-1172
12
-404
62
-216
22
-81
-623
-304
640
141
-547
61
305
-131
131
484
-305
-236
-1128
463
470
-507
-611
47
-606
498
-613
479
-257
587
32
-15
-317
-129
475
67
-350
-199
85
-646
203
320
-686
415
225
-345
-502
347
-171
89
529
-724
398
231
-227
-97
474
-4
-441
-212
-907
-368
470
861
153
-452
7
667
-63
227
253
-12
255
190
561
-393
-10
-474
-1042
-71
357
-633
337
-85
147
513
-91
-539
-190
-432
213
-563
81
596
-354
136
-132
120
273
180
516
254
-363
-164
111
-467
-552
382
-149
586
603
440
-781
175
-204
209
-960
255
-501
528
228
-123
143
99
-154
-337
82
50
-197
261
248
190
839
-485
-256
-86
-8
638
1120
350
735
-204
860
25
122
424
-246
-431
-545
-76
-146
154
194
-361
-123
327
-483
206
30
-652
13
-144
134
349
-15
72
-214
25
-132
-317
491
8
116
659
788
-32
-525
-305
-511
-382
263
-511
-607
-259
512
593
27
513
-206
142
-236
679
-64
568
303
-241
-86
132
-940
33
-289
775
230
180
791
-447
819
-624
-245
-299
1
18
-867
-223
-115
250
-279
80
-99
69
-168
958
646
-246
261
-686
100
651
-29
15
-304
-455
391
-584
-26
75
221
195
-56
-642
-226
-403
478
121
379
-152
-215
-38
-217
-208
161
-611
-58
511
97
-897
769
630
-158
339
467
-37
-137
-777
-731
771
60
187
-762
-43
112
257
806
-6
368
-871
-76
86
-255
173
851
-139
480
486
-416
27
-79
-49
-73
225
130
369
297
-162
-880
28
-113
34
-113
-294
277
-212
-2
77
455
548
-427
910
-15
-354
688
-119
-160
-652
607
-182
546
-129
173
635
-151
-310
-750
-198
36
256
-249
20
104
-263
680
-158
387
342
128
463
-508
-553
-35
-833
-47
-147
172
99
403
-269
48
-472
-201
37
-243
-459
73
-13
-236
222
-413
648
-19
281
-299
1432
469
-157
-483
-118
-812
-114
-46
-383
-161
62
456
21
-482
-15
404
765
101
-804
-27
-537
228
-24
545
214
82
-304
-280
-731
203
217
95
23
-65
-169
236
328
-127
33
563
159
-478
-456
-950
280
574
398
275
205
-103
-130
532
272
396
212
-655
666
1154
-839
720
159
-293
296
484
-287
-152
-1001
46
-714
658
696
25
1
-8
559
237
-67
-680
-625
-302
31
-321
580
-362
702
-616
-1293
-225
100
399
332
289
-131
104
-998
526
29
-273
181
75
143
31
-688
27
-801
-449
358
29
-90
-702
55
589
-123
-28
-786
9
-432
347
-239
-353
-801
443
-645
-106
250
-405
-459
880
154
461
-775
79
-480
63
42
21
-33
-299
-238
121
-235
-171
488
548
485
417
32
179
-465
-379
-465
-295
121
218
106
-300
206
-271
219
323
-311
111
-3
327
-112
-386
-598
-413
-304
-336
-299
202
255
395
-17
-363
-4
182
328
-276
-225
-175
-887
361
-590
186
487
1063
326
344
-651
-77
325
-353
100
339
-885
-899
-916
-641
-479
691
828
-358
355
120
-196
-549
-981
-345
159
520
501
-50
-234
228
82
-994
558
185
389
-266
-169
325
-277
129
-143
-512
-105
348
244
205
-117
-45
14
-885
-336
615
-735
-455
62
810
243
-613
-136
318
-583
-314
-553
-127
128
204
477
159
258
-555
227
92
-66
-912
504
-625
-108
-162
40
49
682
-533
156
1128
682
-625
-29
-7
-812
35
423
-367
-388
-321
-740
-546
555
157
-1019
257
801
-167
227
159
254
686
49
-381
-342
43
-174
-277
261
111
-279
-324
-433
267
7
647
-576
-362
-533
-49
802
510
-752
66
222
88
254
-467
488
-13
-103
-44
-567
28
-205
78
-63
90
-450
31
170
0
300
-447
287
109
309
509
638
459
97
-513
663
202
-455
-662
131
967
-191
-240
59
-245
-203
-293
-233
504
163
131
144
-668
-482
-81
-444
-142
-273
543
-177
-440
699
-27
-482
21
1015
491
460
-171
-40
-420
96
-364
-198
184
-109
-11
-359
-348
-794
31
353
290
296
-521
-831
563
400
-18
86
-164
-190
-20
275
-415
248
-213
-761
783
-196
-353
-12
-258
-130
625
484
369
-123
-17
-344
-593
41
141
20
301
-359
-473
147
-324
405
174
63
-640
132
42
558
216
473
358
-285
-165
355
-202
429
-182
-613
323
-458
-662
507
-219
-296
-590
38
-547
216
-626
-556
709
267
565
106
94
-638
170
9
256
361
335
600
-588
-55
405
-237
-154
-227
61
-356
-422
798
-555
14
-127
579
-162
302
-80
696
-32
394
-1015
599
-834
517
99
95
90
251
-292
-232
-53
550
68
600
235
-640
46
-193
493
478
825
38
-455
-261
-147
216
270
-612
-18
-179
-271
-171
632
-557
-79
-240
383
333
781
330
170
-489
224
-129
-655
644
93
-174
513
-537
361
-195
-301
272
-347
-92
685
-727
353
-501
-255
-419
777
-898
527
-645
-52
158
12
314
-293
469
18
398
-133
-95
-486
-90
-19
116
582
-272
527
-575
827
51
761
700
216
406
-558
381
105
604
-378
139
208
94
-405
-676
203
56
375
173
14
293
861
533
285
18
-3
-175
178
262
-95
-441
187
-241
445
-885
366
55
-1103
252
223
74
376
284
-15
-475
-364
-454
-230
1
-587
-395
488
113
-103
-633
-550
295
19
253
36
136
-135
572
410
103
702
144
-23
-354
-11
-309
-392
462
-158
-315
28
98
40
277
1290
555
44
571
660
817
303
198
133
581
-410
156
454
-87
-88
-304
943
699
316
-370
644
-167
115
-293
342
-565
196
-491
324
881
150
642
-514
-402
15
-459
-454
11
119
-921
249
314
-40
-264
445
585
-281
-1037
-242
348
231
-144
-153
187
-799
235
-105
-218
747
-550
12
-9
-714
-482
149
146
-279
-436
545
398
-553
-295
640
-1540
321
885
224
533
18
-127
-336
-277
324
38
-327
-79
455
592
498
-107
380
-305
-827
-307
160
115
477
-56
706
78
-244
-258
151
410
392
291
524
-522
948
-163
-679
-138
-69
-276
-196
-805
434
64
-362
-680
680
63
-649
-471
1220
50
791
-34
449
-131
252
-211
658
-417
-151
101
-86
-168
814
-298
-605
-233
48
67
-642
395
-888
-34
-675
205
-148
-472
-302
450
341
-635
-362
-278
1261
947
324
-87
-217
570
7
51
-548
173
-575
-108
-206
-329
168
41
-109
81
-480
339
-234
-427
-190
-124
-113
-1133
267
-540
-545
29
-113
453
-205
415
-114
-771
-143
-334
-307
259
164
-293
-149
-593
-402
-1354
-64
-324
279
-54
458
231
-251
285
6
-351
344
-195
-174
589
-357
327
-234
518
431
352
-626
615
306
183
31
-209
264
1103
563
1244
-426
-763
443
-315
-180
-174
137
39
331
276
426
310
-119
107
-752
-387
-655
883
162
151
647
-430
828
364
906
136
204
338
732
-79
266
440
-244
-134
-334
374
-347
155
136
-97
525
-103
-585
320
-94
-13
-60
-272
-279
24
-82
662
69
65
377
-164
-584
-1219
315
-101
483
536
7
106
-336
220
24
722
959
-282
336
-155
-516
1089
-294
741
-55
881
203
153
168
-229
-494
328
408
527
-4
-360
-251
256
-142
1086
15
-339
-325
-118
600
233
-88
180
773
-380
-176
527
429
75
251
595
-536
230
-4
219
-304
49
214
550
14
996
-99
-37
318
799
-30
996
-547
-309
-219
968
-176
-246
-369
1471
-210
-12
390
-662
107
548
36
-1101
-263
-583
4
402
415
33
565
-453
331
-836
53
-1429
537
345
-499
-24
-219
832
425
460
590
-621
-567
-185
-57
-228
251
214
115
-24
601
-190
-193
1082
-339
-688
-203
-309
63
-725
335
380
128
137
-495
166
531
-600
-261
253
296
343
361
208
-995
-220
-14
431
222
219
-32
210
567
-423
-395
-701
-59
-118
292
283
-459
-398
-626
508
-182
-105
385
-297
-128
81
-260
176
-377
-611
-478
-78
22
-412
-586
-686
36
-591
-352
40
-309
-342
-267
-43
534
184
-640
60
39
-216
736
126
447
-28
-500
-299
-633
-266
511
-222
-505
456
-357
255
416
-14
602
155
529
324
195
1018
-571
-590
-731
-9
335
490
-219
-481
839
451
345
244
224
291
-879
-116
-414
-288
-34
479
153
639
149
191
280
-60
-103
-455
241
86
355
-142
361
25
444
-591
92
-295
-462
86
-39
-444
-22
-490
-232
-636
-472
368
-203
91
256
-76
296
4
347
128
149
515
478
84
74
-413
-24
-570
-225
-159
270
1142
-787
-61
-332
288
-585
465
135
-447
112
-194
-407
-73
26
-138
180
472
-490
-327
559
-395
314
253
-66
341
223
171
-476
280
355
-231
118
-196
-456
-108
326
-393
381
63
-825
-443
-501
-182
-215
-613
-453
461
-660
-45
-123
-308
-365
-58
786
-101
77
-265
-658
-448
-19
-332
8
167
-321
304
3
-363
-335
70
95
443
-275
209
156
-749
11
392
600
-94
312
-271
623
-397
91
-291
107
176
132
-440
211
-193
-467
502
118
30
-823
-461
-501
-201
-12
-255
-107
-245
-380
-183
-101
389
101
-434
266
466
-330
8
742
-118
-351
30
-489
-20
487
-79
-257
-463
-400
842
43
313
-439
-179
741
-72
112
305
405
-47
82
20
302
-147
-230
-363
358
-22
-928
-227
-525
1184
182
171
194
113
257
43
-930
-192
592
41
377
-860
332
399
-1141
-109
-341
-622
379
181
-46
-337
355
-302
33
-10
562
-63
108
-78
230
15
-145
254
-53
808
-405
812
218
-444
779
-14
224
-892
-156
-1217
-163
-633
118
-452
-553
345
1083
-644
484
-186
-791
23
557
-409
133
257
-177
-138
287
167
29
-926
412
240
-538
54
733
-87
-991
1210
117
549
411
289
-161
-46
32
112
671
22
-99
-234
79
-768
-484
319
-1125
-790
404
396
150
196
-2
-213
-291
931
-472
-398
151
-356
-290
202
277
80
-886
-335
-336
-58
-475
-195
229
110
216
-578
-271
-203
-604
-347
283
225
-37
673
126
-545
-74
623
-141
-568
16
-607
73
-74
796
445
507
-672
259
-492
195
186
328
-129
273
-326
0
-310
199
-99
189
-170
434
-553
-789
536
-216
-736
414
-212
-386
456
-371
490
-191
191
1052
-994
-909
288
115
-977
-610
93
-394
13
218
751
-311
-498
877
1437
247
555
-419
-831
-8
549
323
21
-370
-136
422
915
-68
300
-378
-281
-39
385
-4
-134
-64
-166
43
468
161
-690
2
-608
69
-55
206
-262
-78
77
-359
-68
884
-195
-323
61
-154
-451
-774
305
-294
416
30
-61
-239
-36
-291
560
-274
-525
1276
34
-281
247
-329
-429
789
-44
370
-180
-86
-1120
492
-283
321
513
212
-533
-210
-37
-298
475
458
-248
-277
461
599
-322
46
252
1019
476
-485
-292
38
-761
50
484
-127
-265
386
-481
289
-750
-240
-114
-480
-553
-736
-311
-544
473
-504
60
236
536
387
-455
422
201
104
341
62
645
-397
-83
729
172
82
244
368
-272
540
-113
201
-113
-1108
798
-15
327
-476
-76
257
168
-123
187
-48
-296
-481
-23
-457
-328
453
451
-734
-149
-254
711
179
342
-242
398
-317
-274
431
606
-289
166
-138
1314
620
165
572
427
-471
-351
-230
-632
-31
326
255
607
-413
-128
-355
-278
-126
-257
-172
335
-408
-45
-171
-393
25
37
76
609
-355
351
-8
-202
263
-550
-195
484
566
-906
-468
-460
-62
282
-176
144
-534
323
263
54
312
-1537
-177
-844
-159
2
219
-565
-419
-345
-379
283
688
-75
-106
-118
-679
-806
-63
-638
68
425
22
-521
-855
79
82
-678
690
-582
330
496
34
807
214
-214
-641
-236
126
337
-650
624
-333
395
-684
425
-108
-233
4
-575
373
-249
-39
1157
-573
-386
46
164
-395
-128
620
155
-569
181
-306
764
-326
408
620
366
-82
-1074
-129
96
-200
-474
56
-144
-227
-633
-300
287
-78
-388
-77
1055
342
28
113
-67
934
204
41
-262
-529
1079
273
-247
553
-75
-207
-77
-483
1
-476
91
265
-475
-410
-494
413
112
-67
-666
454
-208
-1374
250
-99
161
100
188
716
-877
-700
-404
-167
611
197
-537
342
198
581
11
521
72
-318
489
916
1433
296
-368
-542
311
396
130
-230
465
-125
185
32
-153
92
456
-545
-205
32
75
-120
-128
-16
-528
15
-3
-241
-433
607
-278
70
609
-550
2
580
-411
34
26
-745
-486
-248
-208
528
419
-361
122
-92
231
-818
539
-40
-104
1173
716
114
162
-284
-33
-201
688
-186
-71
143
287
528
-213
-88
-378
6
29
158
173
-376
1051
-138
-190
364
-173
-675
84
748
915
-228
-338
-125
-168
932
921
-618
160
41
597
44
-1048
-235
417
829
-184
-125
-215
143
-547
-860
560
-13
-809
-58
149
-20
-35
207
-530
403
-889
-78
-190
-178
664
-299
638
205
-631
279
-243
206
217
655
129
-578
-345
-1009
-292
895
30
324
-363
-372
895
746
857
154
-1155
617
-33
362
-183
-99
-458
775
336
-132
-462
151
379
-603
-355
-144
-712
73
-473
-105
670
233
-64
-138
896
213
111
-104
774
-47
-58
433
709
-554
-599
392
10
-43
91
-236
28
121
-817
209
-883
-146
315
-9
-153
-646
-446
-287
-426
-1491
150
253
256
-115
-313
-513
-138
391
175
471
-177
106
-179
-428
-640
365
264
675
-10
383
-400
-474
-219
-177
323
410
203
-515
479
-217
-501
-37
535
46
174
-64
19
592
479
-260
209
839
-228
606
789
-598
-1066
795
72
801
515
-536
285
-15
529
-317
-736
98
189
67
754
385
328
-286
-134
667
337
-575
-114
1013
31
-269
93
95
117
-507
-216
-346
262
-163
7
718
99
427
-102
616
275
-234
-84
919
-311
-347
-229
132
320
259
637
-294
-53
-825
295
-264
-15
-241
470
-50
653
-43
108
-968
-356
469
-98
78
-96
386
543
77
-261
-462
-449
-768
231
-54
558
-285
-515
224
-372
-713
806
-49
-207
-710
-933
-421
47
438
31
36
327
155
-55
-158
528
-236
-20
277
-240
169
-499
-136
-182
405
210
484
413
-419
-116
-726
334
324
131
-180
381
-116
34
371
513
830
-382
421
-155
838
-63
-403
-27
-25
329
16
-799
340
191
193
-96
-118
237
198
-92
-900
706
515
393
-201
-33
-771
12
-16
-428
116
-6
158
322
-173
-165
-92
1039
-374
-5
-316
-57
120
539
458
280
290
-41
-418
379
78
241
-231
190
0
325
7
-396
139
-304
912
47
245
-107
-523
-45
490
-331
487
567
419
515
-139
129
-367
-253
35
-670
-560
-299
-255
243
-174
507
-1277
301
-755
-481
562
-224
122
-293
850
442
742
-108
-808
583
32
-30
-21
742
0
240
189
429
47
380
-409
-126
85
272
-261
220
-379
477
357
-401
-238
-2
121
22
611
-195
394
-81
76
-315
-860
700
367
-1051
227
301
-310
-96
-84
-62
-364
-358
294
117
-88
-20
-286
-274
-514
326
11
-34
376
211
-288
38
-99
122
-189
-253
189
-7
-105
14
169
-217
151
558
-126
25
-720
97
-216
-377
63
-121
186
223
-256
62
-180
281
-283
-59
-647
294
170
-787
-649
-231
1005
-286
-101
-540
109
157
-408
-371
495
-187
1073
-526
-333
316
432
-282
-326
334
258
-1049
-881
-195
73
351
255
617
-25
76
-557
-390
1242
323
-274
583
-193
337
-406
-524
-29
240
81
504
504
-8
-103
-153
179
236
182
-556
371
-2
-641
-256
-24
1089
425
560
222
-585
368
463
-162
-100
-589
-108
-408
254
-68
-374
-890
637
933
244
-191
38
279
-31
113
-609
198
-314
-647
-249
-261
-715
-387
347
-73
113
-276
328
-202
347
-244
1078
-283
-89
998
-71
341
-119
307
101
454
400
874
217
205
-406
-430
-431
64
-161
-496
-334
536
605
-569
-289
627
-406
-27
697
69
-692
367
377
-323
-207
-180
66
-398
318
142
571
275
77
182
82
-218
-382
-530
281
-288
590
247
-157
802
-19
-415
-1085
-151
1287
465
-558
196
68
-100
392
-144
188
327
61
-300
-267
463
-96
505
-334
-130
824
-419
-485
-381
21
-277
-226
-832
227
368
-367
556
297
891
58
-156
-711
-103
648
-677
-470
-673
-511
-314
-1163
952
-389
-16
-107
512
-432
112
-4
170
-96
-70
608
122
357
-526
-747
-71
498
-439
-542
68
714
-325
-437
-608
258
-217
100
-450
-392
339
-747
27
10
280
168
483
-444
428
353
-74
-74
-50
266
396
188
-520
-222
-658
-521
258
338
44
-742
-799
451
767
63
-77
67
128
160
449
-489
83
-100
959
17
381
121
-35
-501
-792
-206
-28
69
-955
-451
-482
279
155
360
435
-118
-763
153
335
-80
161
157
196
-672
-322
1209
384
119
-511
52
61
-189
40
-577
144
135
-625
-513
-650
-376
529
-32
45
-493
-72
-449
-11
571
-712
-1087
252
28
1114
-162
-185
236
-12
-303
-458
516
-386
-674
-905
-358
159
-409
-269
137
-515
393
445
-990
-276
942
-213
180
871
-99
225
832
837
-490
227
516
103
561
434
-60
636
117
-98
-620
-513
483
366
-617
-417
-155
383
57
-149
-98
73
202
-272
176
-783
-505
-559
462
251
158
-591
-795
-198
13
119
88
-370
102
0
-97
-93
-5
558
-440
35
119
-633
-266
172
376
-445
-405
116
701
-786
-373
-467
916
-313
286
-315
-223
-95
-141
-11
61
-1107
-409
397
-797
-218
-512
-217
-290
-85
-56
-171
-35
283
-610
665
-731
-444
-60
-108
570
-852
141
-218
137
191
470
-630
264
-192
153
150
324
-323
444
-713
-579
-749
270
-44
-232
-140
257
248
-882
-230
37
-778
-92
481
464
554
406
-43
-196
240
-286
136
254
-763
350
-388
104
-184
-640
523
281
2
-221
-138
-810
-621
-510
-383
-174
370
-97
-135
532
33
-314
-140
506
137
322
135
388
93
24
337
139
698
99
-704
-139
367
-195
-22
423
395
135
-115
190
-86
553
205
-724
-329
-101
354
6
450
559
485
67
-172
670
-402
-395
248
255
47
-220
405
-20
20
-346
691
-476
275
-99
494
66
178
648
-609
166
-174
-172
312
794
292
473
-560
-515
-451
399
-759
-432
337
399
114
-423
-173
73
-234
76
-344
-243
-145
352
323
-548
1212
585
-309
-1424
367
-82
375
881
110
29
293
48
-720
1260
-61
-215
-619
1145
-707
-902
813
396
757
-405
-490
-102
234
343
-567
-983
-260
-475
428
75
179
-742
-271
-344
580
-214
-607
-537
293
63
-31
603
478
698
149
-601
964
-647
-642
120
80
60
52
-92
572
906
-80
-829
277
85
-721
543
697
-657
238
465
339
879
56
386
36
102
152
378
505
-86
-83
90
47
-76
-301
-8
154
-546
-36
-139
233
3
131
325
351
-399
-684
221
65
164
-198
-478
426
653
430
-812
148
634
-542
2
159
705
168
-822
659
-323
-106
117
-442
-524
549
417
-25
-9
-21
-35
-219
-165
934
71
202
-199
-314
316
-348
-593
-258
-303
-135
951
290
237
760
369
58
364
-36
-625
461
-738
-960
-579
-613
335
568
-17
393
126
645
-162
-620
-566
-576
-28
315
-714
161
839
84
811
108
-144
55
-195
272
465
-28
-264
814
90
69
358
-84
-421
275
443
-312
72
-264
-81
124
4
-321
-9
401
22
1
455
354
-53
43
677
121
28
537
-23
395
51
625
97
1282
67
388
-7
-93
-11
392
-38
716
-42
-301
-897
-71
-648
714
270
262
-549
71
445
-64
283
-465
1141
180
-154
438
-51
-281
92
-455
-180
-454
655
654
27
613
-570
336
197
-181
610
187
333
-454
773
-359
7
-122
418
-518
880
-38
477
629
-462
-547
-124
-529
302
-312
-370
-33
146
416
-218
-421
-661
156
-91
129
-716
790
237
188
-145
592
-390
-269
31
-290
453
510
-516
-25
-161
399
267
-353
-80
1091
282
234
958
644
623
-270
87
406
40
-197
530
-72
79
-476
56
-114
-333
-798
-29
-327
276
-269
728
-106
-71
86
190
-517
-526
33
115
-386
-375
-19
376
127
111
-647
-1003
212
524
-73
-454
684
105
932
732
-827
-364
102
211
312
-554
-588
-215
-775
124
589
437
87
-366
-128
-598
-604
-18
418
-632
867
217
-439
-287
-687
288
-379
595
117
-247
576
-1394
79
255
363
10
-147
-203
1164
507
254
750
483
138
-200
248
-631
346
373
371
-710
-119
152
108
257
-537
-232
-249
529
261
821
-459
-486
347
227
-83
-238
-876
-437
-1018
-32
728
-225
-69
406
-651
-44
382
-95
-285
85
-189
305
-31
-156
-392
289
59
173
271
-181
234
-142
345
92
-197
-349
-163
-261
54
-440
413
23
-200
-480
-431
-230
-572
-379
-216
683
59
-241
-210
-496
-20
-34
-55
-719
429
125
333
-20
-643
47
375
-142
-407
-594
-147
375
-14
770
-4
168
3
402
36
42
-78
-89
94
556
250
57
138
432
566
-533
578
426
576
338
436
487
-292
-607
-239
499
3
-118
-421
-112
89
390
157
-701
-381
-247
88
180
99
-490
-265
465
-818
-549
161
8
291
-372
-50
232
359
-965
-535
-297
-154
170
-36
1141
571
-121
935
-31
230
-406
-724
-319
444
746
-336
376
332
-440
-389
-5
-187
351
-616
45
49
-248
109
-153
-197
-136
-485
-505
395
-23
-365
199
583
284
-147
162
-451
-523
909
-333
-604
-801
-578
-123
252
50
-380
-634
-493
313
-51
119
-272
412
-497
314
-877
261
658
-292
-999
258
-421
382
160
-554
391
208
65
27
-100
178
1000
-443
-160
-192
-206
239
153
605
336
64
761
-204
-3
-394
752
-839
821
-673
-239
-200
118
-228
-478
-232
-393
-181
-533
-261
-508
223
-337
636
-797
198
-352
-301
-425
-274
-7
258
461
229
-472
-459
-186
91
-301
44
-31
-181
690
-120
-16
-370
-418
-164
145
-453
862
-391
-178
1094
-450
129
-423
781
-159
-721
372
-87
-569
542
828
168
245
141
-79
381
252
558
30
213
87
-345
146
104
295
51
112
97
89
-287
40
112
42
290
393
-652
684
544
-51
-544
-652
424
438
24
641
372
-877
272
220
-533
346
-323
-208
51
-778
-250
-173
100
325
543
138
-94
-880
163
181
-333
-128
-7
200
-22
-639
-378
95
239
895
-645
393
-473
1339
503
392
329
-341
210
-986
-520
-119
-431
138
-298
189
724
-149
381
73
-109
-884
-271
-312
-666
188
19
-655
-676
413
183
213
-469
-726
-144
463
148
259
-244
-498
214
-535
-857
234
457
344
415
200
-306
-261
337
405
147
-263
-598
87
295
-454
-418
251
-264
-289
-368
323
-349
199
20
-450
258
-298
-36
86
-87
-5
-311
-675
733
583
263
-921
-90
-412
-400
-102
-19
684
-41
242
-483
240
-250
774
647
1086
397
-92
-328
-433
-206
15
487
308
-788
264
293
690
175
59
-477
-110
-90
223
312
-164
30
170
122
147
-330
197
271
-5
287
-23
354
-499
515
212
153
270
35
501
-186
329
-55
-205
-274
-159
-1073
-299
466
178
-434
12
112
-96
-667
372
719
-128
-130
735
604
361
-590
394
-587
-242
-108
6
-560
483
65
318
339
-306
-272
-103
593
-643
56
-32
-529
-43
-72
332
107
563
-267
-574
-133
-899
-268
-1088
940
-337
212
117
-150
-361
-164
107
59
292
138
912
-590
347
-226
-563
-5
-12
186
-162
-262
-103
442
-311
-614
361
-464
431
-276
264
-327
279
-159
85
-525
170
931
587
987
42
-562
81
13
-114
125
-222
-11
-257
5
87
-619
-483
-286
-844
-473
-68
829
-86
237
-112
-57
-457
-909
345
473
43
-420
367
322
35
-510
-123
350
-501
-401
529
57
-285
-598
955
236
-265
430
-464
-97
733
-498
427
-123
-1277
77
-173
301
-524
-710
58
-395
-242
830
-142
57
-516
-337
22
-454
722
252
-526
793
513
-631
-488
-211
443
-2
-154
-406
102
-154
-310
-953
110
924
-123
-288
-433
-396
684
-625
233
226
130
86
-28
736
336
16
-24
-533
129
-309
-500
244
528
664
-380
441
811
78
412
5
-342
448
92
160
-488
62
-509
-199
298
856
266
126
626
-355
-550
260
232
-12
1113
-189
348
-299
-299
207
-389
-135
593
-46
195
230
-183
678
573
706
420
-257
-357
383
-871
-25
115
259
160
3
-114
172
211
58
-721
17
108
286
-126
-77
27
68
-424
-402
-91
-214
-635
-22
333
81
-126
-632
-139
-555
227
509
-910
753
656
-623
728
84
-569
115
-22
-541
-560
-653
68
-147
-210
14
-18
120
387
-494
50
449
861
-684
319
355
14
-303
-233
126
190
-315
81
-135
77
294
-129
932
-169
-509
580
641
-614
632
439
-52
-55
-894
-186
-408
651
165
909
84
-145
101
80
253
646
324
82
-112
525
-237
22
-545
-180
-206
236
77
-1003
-353
271
419
477
55
752
448
-39
239
125
131
-355
-694
-148
395
-593
-45
-603
-6
-373
-634
-110
80
14
-242
622
-1211
73
-223
274
-499
-579
-509
365
-6
665
6
-329
77
-87
-199
447
-253
-697
240
994
-120
-705
-764
-104
-1066
-405
78
-189
-582
649
-38
-147
250
76
-376
-809
-840
586
-142
-244
538
976
-546
-72
474
-166
396
308
-420
-480
-854
-172
-1295
-747
-403
-134
-94
516
521
448
167
-68
-281
-329
207
215
169
331
-219
-838
401
-647
184
938
369
-248
-88
-613
-417
-410
149
-224
-147
-470
-450
-463
-384
343
-466
-190
164
-721
979
-111
570
-309
-243
194
110
-368
-146
-837
650
125
723
143
-12
123
600
-194
-94
-322
80
56
-408
232
84
-344
272
-142
256
-547
110
-147
-256
769
285
384
-691
-261
-8
704
-379
555
-943
237
92
-277
-1075
-46
208
429
-77
-4
-136
414
180
-442
146
-328
106
611
258
63
27
-87
-337
-402
-213
-134
-38
-701
360
771
-637
-525
-555
-454
-389
528
-168
-678
69
-77
-724
5
256
73
-387
384
614
213
15
-12
-189
-275
89
-252
144
1058
490
-249
-369
148
775
54
121
171
65
-203
461
-107
149
619
97
-77
-303
862
541
-653
-152
202
163
249
-809
-676
288
1059
379
73
-197
-324
-335
-119
143
372
152
334
-250
657
-552
-586
-365
-374
738
212
-296
42
173
206
166
15
-942
148
-565
237
-1006
922
-163
-232
64
466
42
463
-553
-228
505
3
1107
-206
363
-648
90
-120
-135
-843
227
72
482
306
-626
467
544
-603
-1212
-123
174
488
526
-282
-885
730
-524
4
66
-328
171
-368
728
545
-531
-14
932
423
177
197
-221
155
534
-679
-385
-598
-887
570
-492
-212
491
-276
10
-174
-46
77
342
-8
-66
326
349
120
366
-101
275
-846
301
243
311
-461
104
-188
99
-157
72
-562
-270
636
705
120
-581
478
-11
-337
-272
91
98
-84
282
602
59
-601
-966
-537
-27
-493
155
567
-981
468
37
645
-441
204
-398
764
-507
-691
228
-287
-239
96
521
-99
-314
323
21
802
-175
-323
-107
646
-316
-555
689
-391
77
821
459
-412
-426
389
-237
-109
-183
584
22
-672
396
-478
-330
-257
-690
188
-290
1085
-86
-916
-254
-160
51
-686
9
-254
368
145
-452
331
325
79
386
-147
-389
239
-42
-440
159
331
575
323
-84
133
-1147
-658
253
67
-102
-441
-340
-342
-262
523
-196
182
-468
518
-141
142
-253
970
-190
-867
-176
511
-701
329
-496
99
1226
55
-170
132
-798
576
228
2
182
576
511
-246
444
-1433
-311
-263
631
-873
-58
124
-362
-546
319
90
-260
-163
-465
242
686
629
-575
142
-17
-113
-53
-235
161
-1110
769
-360
-380
-598
177
425
801
-139
144
-76
62
1067
-997
475
-908
506
-191
-525
-590
-1015
76
654
-1023
931
-51
-376
-186
-1178
284
484
237
369
208
-598
303
555
377
274
-672
695
252
710
228
606
102
316
159
-401
220
-718
-658
95
-270
-502
-674
-219
208
147
69
748
-60
616
-891
-271
610
-829
-273
305
716
-200
-498
-304
-223
-96
-962
-687
-48
442
172
-349
1124
-30
-225
-78
403
-100
-189
-55
360
122
-391
229
5
-565
-627
-651
512
-675
-701
-322
-40
210
-374
53
827
-33
-649
-74
-349
-643
694
-679
181
-616
-31
-129
146
-633
791
-1060
-689
-398
553
-357
326
-179
-241
186
384
589
-536
-863
-418
1164
-102
315
-355
-111
93
-113
318
-237
599
-212
232
-24
281
527
-508
-392
-279
566
-244
-303
-172
380
-603
-216
578
949
945
-801
624
-373
-453
-637
-334
99
-67
-221
40
218
131
77
156
-66
-55
630
554
34
636
64
505
165
-81
298
470
740
293
318
446
336
554
108
-426
-2
111
-456
-694
-60
-761
-402
58
-540
-30
108
450
288
144
-206
221
226
-117
349
5
-311
-348
179
-682
180
471
80
-465
-179
93
-111
-36
-209
1
392
268
-126
-213
247
-330
369
-131
-750
-244
-433
-533
-1
384
326
383
236
54
501
172
-490
-151
-401
-139
450
-405
44
-91
-284
-494
74
-228
-399
148
92
-52
-232
368
-471
162
-126
-74
-244
-892
-25
407
-512
39
-362
383
-509
837
156
167
250
-438
-502
462
247
266
-786
390
-185
-1
-979
370
-342
-31
-973
176
-268
-334
-429
-298
314
-309
8
346
480
70
73
-133
-142
220
-265
-620
653
-15
267
-423
-440
385
-18
-195
132
11
70
824
850
-188
-57
211
229
393
-410
-249
-76
379
402
265
534
36
-232
248
104
501
558
195
-405
260
-520
-158
-654
24
-570
154
150
-999
488
451
555
-226
-205
-53
885
95
-431
-683
-288
446
-531
-364
-148
560
-120
-69
21
-827
-350
-475
-127
-901
713
-126
-20
-47
-693
-154
276
125
-36
199
120
-206
863
-72
-464
-262
-235
1102
19
679
-144
-108
-32
-703
-641
299
-322
-679
736
-124
-705
679
-37
1006
-295
45
298
-340
469
114
-176
330
56
18
954
-112
287
539
-655
-576
-482
496
137
-227
6
285
-109
191
-205
301
112
-116
136
2
-14
-703
-498
-661
-368
-149
336
765
200
460
443
314
-536
-447
-274
101
117
-217
647
221
351
752
168
-571
212
408
-184
-19
407
341
489
-176
-365
-300
644
-11
495
-630
-238
-750
-15
-452
190
-678
343
-482
-28
413
89
-54
158
690
-353
1035
615
-190
504
561
-105
477
-341
-815
147
-566
3
1158
70
-667
-312
-295
556
335
697
-15
-418
622
10
-738
145
-482
-408
-787
588
1240
431
191
-213
251
331
-35
759
-402
440
488
-359
-199
420
-209
148
-489
-24
-235
420
328
112
-122
96
273
365
-176
176
-583
374
-118
-572
174
-299
226
505
-135
-232
-18
424
-48
-233
-618
-280
-110
-371
689
61
114
-1054
390
642
-727
-83
500
524
120
473
172
-615
-32
-361
38
-861
-164
-184
319
131
-729
54
-418
3
-307
208
105
-19
-507
13
190
-468
-19
-448
-801
-612
-130
-89
-74
995
20
-220
-525
875
-297
-554
446
463
570
-425
-569
-170
-259
-1126
-21
212
-12
-354
197
-49
-675
338
-244
-1382
391
-732
-261
25
281
-182
-547
-311
-7
-815
16
814
-1185
-87
324
-177
223
165
-601
-549
-750
-11
-88
-474
432
-575
120
463
55
123
178
42
-73
298
127
-31
333
-765
-573
330
199
-575
105
-376
239
10
220
277
-127
889
-95
657
-176
-77
-1
134
136
-167
-725
-92
395
-343
-241
-244
663
-800
308
-921
-767
157
37
513
66
655
593
55
642
302
405
225
425
-394
-232
-452
889
-143
-351
87
-221
39
902
-759
134
-44
361
-330
364
848
-215
-282
79
653
276
-48
382
-356
459
-314
263
134
-24
180
258
678
153
-86
316
682
242
-563
555
-537
1024
1169
267
189
117
-201
-242
94
-180
3
122
458
-141
-301
289
-278
418
477
1083
259
-347
40
-777
58
-225
28
635
100
272
-328
-321
210
104
-47
-296
86
458
-396
44
-257
-418
-158
218
55
-377
485
317
-150
197
-129
357
-65
265
195
682
175
27
-697
-166
727
195
170
-256
-759
632
-405
539
534
-670
304
-752
-24
-90
-25
-208
-106
67
13
708
-120
-137
556
-6
-511
349
-58
207
40
48
590
-193
570
250
-311
648
-390
345
63
791
25
-272
-605
-149
490
81
-766
213
203
-84
-1092
251
9
-182
-321
-440
-273
-709
59
121
478
-69
-575
-640
-129
530
-173
235
542
866
367
259
-122
-581
-203
229
-599
129
-210
323
-113
349
57
434
-417
-217
24
-181
928
130
-879
437
-312
271
-819
628
138
179
429
-1039
-621
-474
307
-940
95
-563
647
-240
-599
-650
-518
216
-56
236
263
270
122
124
414
755
641
410
611
536
-355
461
-77
569
-855
546
-1159
-258
15
459
-50
571
300
67
-633
-212
-108
380
-687
-431
653
-76
-779
107
-65
282
559
509
-356
-385
9
-228
-481
957
126
540
981
-219
-117
734
-137
-319
459
-527
230
-165
73
350
65
-326
-442
-52
1003
-218
29
-587
196
-184
269
-15
-405
258
110
161
394
491
-99
-73
426
-388
-65
-363
-110
-148
-373
-621
-177
380
-287
965
-489
506
396
-1132
199
222
-252
328
1009
142
-546
387
-987
-267
409
-310
99
-1
-537
297
371
385
-708
-597
-72
-147
617
553
-478
-83
-161
612
702
231
-404
-364
-809
-923
292
-118
716
-225
54
-1001
-887
635
729
-85
240
383
-463
359
-634
1020
238
-246
-148
102
26
255
450
-327
-431
-1049
-574
704
662
439
383
157
76
136
185
682
-474
-62
-164
175
-396
222
83
-564
-171
470
400
-320
1107
263
-746
553
-369
-60
466
410
-161
-10
-172
127
337
-62
138
664
655
-433
358
-543
-366
-246
-272
-594
744
111
-246
-683
128
153
-1142
-389
211
-20
746
399
356
-166
54
526
-198
57
581
-75
52
-1022
-30
687
104
66
-281
332
-99
-146
-348
-705
-316
2
-562
168
72
-459
592
-287
-916
-600
-95
-285
-285
116
-154
-335
700
343
673
-159
514
16
-198
-48
-240
-351
151
59
443
-365
-382
406
-139
409
-493
130
40
-796
-943
64
-1027
-25
99
440
743
279
587
1393
-63
-344
370
-199
-174
509
-94
-402
244
340
-157
438
-499
844
-747
-578
-961
-37
300
49
103
451
-459
-293
596
-554
466
-957
176
-322
646
-407
-222
190
-676
646
234
136
-882
-155
-625
129
86
96
833
198
-392
761
99
-644
-634
571
543
104
196
-572
-168
-1018
-1234
-715
-316
-461
463
912
-60
210
73
-16
-395
-745
718
368
-580
-233
-55
71
169
164
354
-728
-644
-473
-579
37
316
59
-1056
227
513
-36
-94
-47
-350
138
-262
555
-287
-352
1013
-240
-326
188
156
278
417
56
774
-69
-833
-100
-127
-135
-3
-21
119
-172
754
-387
245
-426
0
519
481
45
-184
-757
-274
-493
-249
40
558
191
371
-58
-28
269
428
617
-968
392
-263
543
-1283
-272
1044
-456
331
477
-855
-10
471
205
54
-353
-25
342
286
-607
429
-542
-95
519
-473
409
-403
86
340
-630
-676
-51
1037
316
205
224
-77
680
-455
320
381
18
343
-615
18
-744
289
402
390
467
-68
-419
-164
346
-387
-377
172
-287
-191
-589
-1409
197
634
-439
-505
-138
100
608
-230
-118
347
-595
454
143
241
287
539
-38
-303
388
869
-398
651
698
-367
-531
613
-42
31
404
160
-105
108
9
305
290
136
255
80
582
-110
229
185
-298
364
-544
-378
272
-249
374
280
-130
529
358
337
444
542
49
650
-559
-436
587
558
-97
-126
48
349
-474
-373
115
107
437
858
68
163
-247
-235
467
-314
-230
-250
191
-477
-43
-876
-513
-304
835
-259
102
874
-353
-209
654
-364
154
149
-327
-756
-110
-926
-184
-104
160
-183
-204
193
216
-447
-354
485
-131
-92
-8
444
-408
-12
28
-82
-277
-287
-319
150
449
-749
144
-66
-1409
-62
-343
-182
-44
-414
-472
-276
-377
156
166
221
357
-85
165
-222
76
70
50
928
-591
-107
183
489
-594
-1179
-96
-372
-38
802
-37
-479
220
64
-258
-494
470
-130
580
782
-198
285
-393
-153
-32
245
279
334
-662
-154
81
-160
-491
-510
502
-219
-206
148
-672
198
660
-417
-516
-158
-577
38
-322
188
241
24
538
-260
-180
-1072
-313
725
-432
361
533
-273
852
160
-74
-356
-521
-328
857
-610
-358
375
130
158
182
579
338
-176
82
-79
758
120
297
-229
265
232
141
-62
288
-802
64
443
-348
-271
83
-102
-191
533
266
48
337
-473
509
193
520
705
-56
635
182
-580
962
153
345
439
707
-680
-714
-276
391
-658
-262
-527
-448
428
389
363
-100
98
-542
106
377
626
516
464
-999
185
384
397
284
-14
-705
-514
-617
653
-367
252
600
-354
-481
-468
532
-455
-213
-58
-219
-321
221
-665
282
-247
-815
914
-393
-91
-478
622
-724
-313
118
98
1001
-481
-1079
392
285
-28
261
40
-307
424
344
541
275
341
15
133
-89
-1182
72
-420
510
357
462
175
-556
-630
160
411
269
805
283
61
-197
-263
-141
87
-167
463
-396
-634
-399
-25
-304
-271
797
-255
341
-120
-883
-299
-5
-341
125
134
-246
165
-301
607
455
-180
-433
591
316
-107
640
-118
-302
-258
149
-205
-1138
-1373
-579
228
-302
-286
165
473
-632
589
-58
6
-155
-262
-280
77
-290
42
223
581
982
-59
-287
-442
-82
-567
-25
440
-33
-737
273
456
-380
737
-57
40
-815
99
-807
-678
-38
92
376
28
677
-429
712
1010
94
-61
-363
363
147
431
-43
-963
-696
-88
-673
374
-306
338
576
-162
-356
1012
453
85
781
754
-148
-1064
-245
140
385
23
-708
1152
35
396
363
-266
305
-265
315
576
-90
-162
-114
996
-449
258
511
372
-672
86
-461
374
878
-495
120
-586
-301
165
-124
-1
-107
-170
-221
-381
-179
310
359
417
-301
-185
194
-564
-676
941
227
-53
-123
47
583
-122
-161
17
-55
116
280
200
-419
35
367
-790
295
1656
-231
735
-386
657
254
-530
875
68
414
-538
-366
303
-236
-423
488
-281
333
131
15
-450
-213
315
-694
-948
-553
-632
-306
385
515
-148
-264
-218
241
-60
99
225
197
301
-1423
721
-395
-156
-255
42
9
-615
685
370
-110
-732
-601
-540
-244
76
-234
521
-119
99
760
-214
-357
-702
-221
536
335
414
96
-261
179
159
1
316
-379
-290
-974
-37
258
205
70
-69
669
357
-380
-446
585
25
-163
486
21
804
-624
-347
-60
-453
-197
-580
-408
267
-900
-332
-173
-302
-53
-759
740
64
-316
585
-173
-779
-353
-35
60
61
231
159
191
139
793
-733
-29
-513
4
48
693
-39
334
176
-654
85
760
451
-780
-385
132
901
-129
-584
-391
-673
-82
-333
446
-66
-32
33
185
-14
420
-430
-25
387
207
16
-358
345
93
-423
-356
603
-933
-432
-443
-44
295
129
-392
-313
27
-382
-730
-233
128
469
82
-973
101
-159
-667
-722
114
229
-1156
64
314
-901
220
627
-459
755
57
-93
457
580
-254
-523
-869
472
176
-176
-175
170
-1098
410
-119
614
-304
-280
217
507
90
-83
306
-141
-822
-469
329
453
-182
119
-626
-191
-176
5
-85
-290
-101
85
-35
102
875
120
212
-683
83
-497
-313
-849
-221
-228
-15
-883
896
312
72
-108
-404
-344
-49
-268
335
440
-485
-105
52
-217
-196
533
188
262
-697
24
675
938
854
-256
375
125
268
702
727
-206
175
-34
55
86
-497
-580
-115
295
107
-600
4
492
-410
-290
-349
-260
963
-371
-989
-777
222
163
345
905
-409
255
382
-241
-115
-155
290
-87
245
625
-188
-659
138
-189
81
-479
165
84
315
675
-471
-207
501
71
-576
675
409
-32
47
286
-94
155
-137
-228
200
98
558
404
-566
-408
127
-920
603
-216
1
954
-55
592
13
-540
-172
-356
-430
357
-590
-209
-247
-714
-716
53
111
-253
308
427
-73
168
551
-210
520
-304
835
496
360
-964
192
405
389
-492
279
114
-426
-528
73
315
-57
-516
306
-144
248
-353
292
398
389
-253
-324
-732
-542
431
-405
228
297
-827
207
168
-394
834
-215
330
-98
-40
-426
-593
-35
-285
551
-888
-283
-168
196
-25
13
-223
-281
-73
-464
-327
228
297
1458
317
543
-212
69
-67
365
-65
179
-5
-719
-392
565
3
72
-293
-776
-91
-212
77
-712
136
72
-430
176
1035
265
1325
-28
46
418
-219
-293
-123
231
-90
-424
-1096
-166
-243
-287
-125
1013
-204
4
74
742
385
-317
37
390
-246
-77
1239
636
350
-193
-415
7
242
-354
643
-454
-19
289
-574
255
-196
264
578
641
-102
-225
-494
331
-459
578
504
747
191
-137
-1
36
-279
113
720
-733
-524
328
160
1091
624
591
-133
-310
734
215
-308
215
103
162
-54
348
-979
74
726
-252
-962
-143
-1272
700
-267
-699
-946
874
232
341
-99
47
316
643
-52
-995
353
-933
-433
4
753
-538
-438
954
240
-767
71
-527
548
-224
-115
800
-388
48
1
-161
736
-867
-225
216
-317
4
-697
-313
18
111
-470
-262
-855
-529
-347
895
409
-884
-153
-278
-985
194
602
-259
-304
-382
415
374
129
400
628
377
50
268
-323
-109
-607
314
332
-236
-18
-115
647
224
-317
-257
-159
239
1101
383
234
-312
258
-575
46
-791
443
49
303
266
643
2
-62
-1293
422
-201
578
-174
2
126
-463
507
-811
-198
536
246
436
-627
-130
-223
35
617
793
303
275
-852
573
257
-451
-742
-743
315
217
-416
688
-46
-204
572
139
-866
-165
-502
-732
-733
829
-430
-347
-247
-345
539
279
168
-10
-124
-918
-421
704
481
491
-63
-322
-258
445
759
40
-30
-216
-857
386
442
191
711
-963
-71
-318
-323
-254
274
-222
805
-768
-341
-282
371
-196
242
384
232
409
-200
730
-254
957
139
-571
531
453
-409
-422
438
268
18
75
267
-614
-374
11
-839
-96
-378
-198
-494
-324
-984
517
-525
700
-84
103
-76
-1148
-452
-77
384
-373
-105
446
-369
202
293
33
-979
-211
335
-118
-123
959
45
696
-206
757
935
549
357
-90
-258
98
-773
95
-174
201
211
726
-371
263
402
-234
-45
642
-320
-124
-376
-81
-312
42
219
798
-51
-566
505
701
-116
-5
624
-806
236
247
-468
88
439
193
272
541
317
176
278
-741
-134
428
-1028
-408
1007
-29
223
-249
82
300
-232
142
-47
421
-626
196
-59
-34
491
-287
-461
433
-91
-692
-325
-83
-221
264
-632
121
-132
530
267
-538
341
-416
212
263
-80
302
-153
585
283
569
20
476
-263
189
-494
518
168
-428
-237
-75
170
-470
-142
284
205
-481
420
-4
-113
-64
518
-532
154
185
164
-289
-40
422
-458
484
-1106
-495
149
283
-315
622
632
582
-692
-138
-145
-129
304
-232
-362
-749
467
963
46
321
-633
312
-151
871
-269
-371
-6
-185
-210
398
-147
136
86
-180
763
138
366
1083
-186
924
364
-5
125
88
21
222
-934
-315
126
-493
-615
115
1117
-650
-324
144
482
-77
-158
1100
-1576
322
57
-172
-360
96
-763
135
-126
-94
28
332
-43
-594
-233
-49
-799
34
48
83
-698
-181
359
-132
-26
-54
567
-416
-199
22
-411
-17
1172
-581
-154
-1280
-454
-207
-206
-186
-538
230
741
-349
-20
-521
179
232
9
39
146
701
-123
93
-638
236
42
-15
-90
218
73
-314
-197
-29
-70
32
-18
-66
795
96
906
519
-122
247
475
-627
244
96
223
-25
745
-350
239
130
179
-39
145
43
-222
471
-15
181
524
74
-690
-527
113
160
-726
-249
862
82
302
-66
-233
-82
106
162
88
486
-142
-249
-77
-458
-795
499
361
130
864
350
-74
82
803
406
-94
-470
-223
442
344
271
-196
55
-226
-522
-279
380
-241
-139
231
754
91
-190
-831
235
-962
-189
58
4
948
491
-525
287
3
41
458
71
135
583
107
92
136
435
810
-195
-202
-386
229
622
354
-125
-410
170
365
128
-434
-389
-351
-213
-82
-200
-849
308
-494
-403
153
-102
1098
-1334
-817
1078
-227
-155
39
433
-390
-620
-25
341
-171
-723
-154
-364
117
127
585
-554
307
969
-110
41
703
-724
-413
474
537
-109
-288
212
-226
-716
100
12
308
821
-31
-445
-416
311
-540
-611
-582
164
375
-356
-110
-397
-94
532
543
65
77
28
-575
-83
149
-81
-183
538
163
541
-231
-361
-518
-225
-703
154
162
-486
406
732
259
-458
-42
13
626
-331
-87
-400
-448
313
411
-971
141
410
-261
-368
87
464
106
182
113
731
-769
335
-210
-343
-248
-968
-396
383
-417
108
-409
723
300
569
-484
417
-367
-107
555
-326
-603
368
299
180
-129
-129
-155
255
619
551
191
658
346
-249
158
-495
356
361
-685
-945
1139
-481
-340
296
-526
-399
819
540
369
-112
291
-307
72
-89
-308
371
300
11
630
340
-414
-1036
17
637
1
409
50
-326
-12
-4
-99
-118
-423
-404
217
-31
-351
-271
-350
-429
546
595
432
-414
261
-421
-350
-149
615
870
809
-188
-675
46
434
210
413
-659
76
-150
-141
275
134
689
219
162
280
527
462
226
-1
146
381
212
785
-517
-52
-3
621
-188
106
-73
-237
-17
-216
-291
-79
-319
-513
-63
338
-281
763
355
794
-1026
-195
-294
2
-482
-186
541
1036
-245
717
267
-81
-328
-134
-65
-403
738
581
-194
17
-19
483
-67
-246
78
118
-547
-563
-711
-318
-189
226
794
-228
-116
-802
-740
-831
-41
356
-19
357
625
705
62
325
314
88
159
146
-72
-842
119
-114
-525
-219
872
-342
225
-266
-137
-701
866
220
-285
853
240
355
304
-368
300
-648
-356
-509
-96
-207
-36
341
-368
478
-815
-86
288
-112
178
221
-433
210
474
504
-722
17
642
-1108
691
-133
278
-1070
189
-338
27
670
-76
680
-550
38
-6
178
-538
18
-4
606
202
253
520
-156
219
199
43
-124
-210
-506
200
-557
-132
-438
-287
52
368
114
96
207
843
-59
25
181
470
331
-7
-769
651
-414
-920
164
-610
795
-153
448
241
-17
-470
-277
-14
-169
12
-263
-172
190
-139
-358
554
315
-23
-93
403
446
-260
73
-185
62
9
796
-406
-463
99
51
945
446
27
522
-295
646
-67
374
-273
-729
-59
-824
241
895
-165
-14
-356
-183
131
-72
-21
-317
67
259
-293
279
-289
182
-61
-56
-744
396
88
-282
-263
1010
321
-722
149
-533
-154
415
-179
153
298
-597
-319
-217
604
-178
-48
317
-433
-432
-382
-14
11
-94
592
424
551
380
-219
238
-116
-91
-833
469
405
-92
87
-117
192
499
-640
24
-935
117
-100
183
-810
227
-182
-735
-9
-183
247
-424
-80
-156
531
-132
-232
-673
268
-715
-226
-574
-131
43
424
-201
203
-153
842
-219
-536
145
-395
-636
-663
587
559
278
-777
