20 16 8
........T..T........
..............T.....
T...................
........T...........
...T................
.....T..............
..........T.........
....................
......T.T.........T.
....T..........T..T.
.T..T........T.....T
........T...........
....................
.....TT.............
.................T..
....................
..........T.........
............T.....T.
....................
...........T.TTT....
16 3
1 7
8 6
8 13
3 1
13 2
16 6
2 5
18 10
10 9
19 2
7 10
6 12
4 7
10 4
10 7
18 8
12 2
14 2
3 7
4 19
14 7
18 5
5 4
4 2
14 16
11 4
0 3
0 0
8 18
19 17
11 5
18 17
18 12
10 1
8 7
17 3
16 18
16 15
0 5
13 13
14 1
8 9
19 10
17 4
15 9
9 11
1 16
4 1
10 5
1 14
17 7
17 10
11 10
8 5
6 9
4 5
4 3
12 9
6 2
4 17
8 2
19 19
12 1
2 4
8 10
13 7
5 16
2 17
5 0
16 0
14 10
6 13
18 13
12 7
0 12
11 9
8 15
10 18
11 11
16 11
5 12
9 15
7 13
15 1
16 9
7 9
15 10
1 13
7 16
7 18
3 10
1 2
18 1
15 11
5 8
6 16
8 12
2 3
18 14
5 14
13 10
2 9
17 12
0 4
11 3
13 6
17 16
14 4
16 5
14 15
17 1
16 8
3 11
12 11
8 19
1 5
5 7
12 16
0 2
17 0
19 8
7 11
10 2
3 6
0 16
5 1
4 16
19 9
7 6
3 9
6 11
16 2
13 3
19 15
12 13
6 10
6 7
16 12
15 7
13 18
8 14
19 7
4 18
15 14
11 13
4 12
11 16
17 8
2 14
12 19
15 5
9 19
12 5
13 19
3 13
9 16
10 17
7 14
3 0
6 5
17 19
9 17
15 2
1 17
17 6
2 13
9 8
5 19
9 2
8 8
15 16
15 12
15 4
10 6
4 8
7 19
10 19
18 9
9 0
10 12
16 4
15 17
1 12
18 0
13 16
14 5
9 5
13 9
1 11
2 0
14 12
14 14
2 12
7 8
1 18
5 13
9 9
10 13
16 16
3 4
17 5
0 7
5 3
17 2
11 12
13 17
18 3
1 19
1 1
6 17
12 6
15 0
8 3
11 17
8 1
14 0
15 8
7 3
14 19
2 15
15 18
17 14
2 6
3 3
12 3
10 16
6 8
3 8
14 9
10 14
18 18
3 15
0 15
11 15
18 16
5 15
3 17
16 19
11 6
5 2
13 8
12 15
5 10
6 0
7 0
5 5
4 10
7 17
11 8
6 1
4 6
19 11
7 5
10 15
18 2
18 11
2 1
12 0
0 9
5 18
13 14
15 6
9 18
9 3
15 15
4 11
2 2
13 0
8 0
9 6
9 12
9 13
9 7
5 6
4 14
12 17
2 19
2 18
14 17
8 11
6 18
3 14
5 17
11 19
1 3
15 3
10 11
18 6
19 4
17 9
14 11
19 18
17 15
0 13
11 14
3 19
7 7
4 15
9 1
12 10
2 11
19 16
9 14
4 0
6 14
10 0
17 17
12 4
17 13
16 10
13 1
2 7
19 6
12 12
0 11
7 12
19 13
0 6
12 8
19 1
14 13
1 6
11 1
0 1
0 18
7 1
14 8
6 19
4 4
1 15
8 17
5 11
5 9
16 14
10 3
13 15
0 14
1 10
7 4
3 2
3 5
6 6
6 4
3 16
12 14
15 13
18 4
19 12
17 11
15 19
6 15
13 4
16 7
4 13
7 2
19 3
12 18
1 0
16 17
10 8
11 18
8 4
18 7
6 3
19 0
19 14
16 1
16 13
1 4
1 8
0 19
18 15
2 10
0 17
14 18
7 15
1 9
9 4
14 3
11 0
14 6
13 11
3 12
11 2
2 8
4 9
3 18
8 16
19 5
2 16
11 7
13 5
17 18
13 12
10 10
0 8
9 10
18 19
