0 0 0 0 0 0 0 0 0 0 0 0 0 0 0 0 0 0 0 0 0 0 0 0 0 0 0 0 0 0 0 0 0 0 0 0 0 0 0 0 0 0 0 0 0 0 0 0 0 0
0 0 0 0 0 0 0 0 0 0 0 0 0 0 0 0 0 0 0 0 0 0 0 0 0 0 0 0 0 0 0 0 0 0 0 0 0 0 0 0 0 0 0 0 0 0 0 0 0 0
0 0 0 0 0 0 0 0 0 0 0 0 0 0 0 0 0 0 0 0 0 0 0 0 0 0 0 0 0 0 0 0 0 0 0 0 0 0 0 0 0 0 0 0 0 0 0 0 0 0
0 0 0 0 0 0 0 0 0 0 0 0 0 0 0 0 0 0 0 0 0 0 0 0 0 0 0 0 0 0 0 0 0 0 0 0 0 0 0 0 0 0 0 0 0 0 0 0 0 0
0 0 0 0 0 0 0 0 0 0 0 0 0 0 0 0 0 0 0 0 0 0 0 0 0 0 0 0 0 0 0 0 0 0 0 0 0 0 0 0 0 0 0 0 0 0 0 0 0 0
0 0 0 0 0 0 0 0 0 0 0 0 0 0 0 0 0 0 0 0 0 0 0 0 0 0 0 0 0 0 0 0 0 0 0 0 0 0 0 0 0 0 0 0 0 0 0 0 0 0
0 0 0 0 0 0 0 0 0 0 0 0 0 0 0 0 0 0 0 0 0 0 0 0 0 0 0 0 0 0 0 0 0 0 0 0 0 0 0 0 0 0 0 0 0 0 0 0 0 0
0 0 0 0 0 0 0 0 0 0 0 0 0 0 0 0 0 0 0 0 0 0 0 0 0 0 0 0 0 0 0 0 0 0 0 0 0 0 0 0 0 0 0 0 0 0 0 0 0 0
0 0 0 0 0 0 0 0 0 0 0 0 0 0 0 0 0 0 0 0 0 0 0 0 0 0 0 0 0 0 0 0 0 0 0 0 0 0 0 0 0 0 0 0 0 0 0 0 0 0
0 0 0 0 0 0 0 0 0 0 0 0 0 0 0 0 0 0 0 0 0 0 0 0 0 0 0 0 0 0 0 0 0 0 0 0 0 0 0 0 0 0 0 0 0 0 0 0 0 0
0 0 0 0 0 0 0 0 0 0 0 0 0 0 0 0 0 0 0 0 0 0 0 0 0 0 0 0 0 0 0 0 0 0 0 0 0 53 53 53 53 53 0 0 0 0 0 0 0 0
0 0 0 0 0 0 0 0 0 0 0 0 0 0 0 0 0 0 0 0 0 0 0 0 0 0 0 0 0 0 0 0 0 0 0 0 0 59 38 38 38 53 0 0 0 0 0 0 0 0
0 0 0 0 0 0 0 0 0 0 0 0 0 0 0 0 0 0 0 0 0 0 0 0 0 0 0 0 0 0 0 0 0 0 0 0 0 59 31 30 38 53 0 0 0 0 0 0 0 0
0 0 0 0 0 0 0 0 0 0 0 0 0 0 0 0 0 0 0 0 0 0 0 0 0 0 0 0 0 0 0 0 0 0 0 0 0 59 31 38 38 53 0 0 0 0 0 0 0 0
0 0 0 0 0 0 0 0 0 0 0 0 0 0 0 0 0 0 0 0 0 0 0 0 0 0 0 0 0 0 0 0 0 0 0 0 0 59 31 38 38 53 53 53 0 0 0 0 0 0
0 0 7 7 7 7 7 0 0 0 0 0 0 0 0 0 0 0 0 0 0 0 0 0 0 0 0 0 0 0 0 0 0 0 0 0 0 59 31 38 53 53 53 53 0 0 0 0 0 0
0 0 7 21 65 65 39 0 0 0 0 0 0 0 0 0 0 0 0 0 0 0 0 0 0 0 0 0 0 0 0 0 0 0 0 0 0 59 31 38 53 53 53 53 0 0 0 0 0 0
0 0 7 21 49 9 39 39 0 0 0 0 90 90 0 0 0 0 0 0 0 0 0 0 0 0 0 0 0 0 0 0 0 59 59 59 59 59 31 38 53 53 0 0 0 0 0 0 0 0
0 0 43 21 33 9 9 39 39 0 0 0 10 63 63 0 0 0 0 0 0 0 0 0 0 0 0 0 0 0 0 0 0 59 31 31 31 31 31 38 0 0 0 0 0 0 0 0 0 0
0 0 43 85 33 33 9 9 39 39 0 0 10 23 63 0 0 0 0 0 0 0 0 0 0 0 0 0 0 0 0 0 0 59 31 38 38 38 38 38 0 0 0 0 0 0 0 0 0 0
0 0 43 25 25 33 33 9 9 39 39 39 39 23 99 99 99 99 99 99 0 0 0 0 0 0 0 0 0 0 0 0 0 59 31 38 38 38 92 92 92 92 15 15 0 0 0 0 0 0
0 0 43 43 43 43 33 33 9 39 39 9 44 44 44 44 44 44 44 99 0 0 0 0 0 88 59 59 59 59 59 59 59 59 31 38 86 86 86 96 96 96 96 15 0 0 0 0 0 0
0 0 0 0 0 43 43 33 9 9 9 9 33 33 33 33 33 33 44 99 0 0 0 0 1 88 61 19 19 19 19 19 19 19 31 38 86 32 32 32 32 32 96 15 15 0 0 0 0 0
0 0 0 0 0 0 43 33 33 33 33 33 33 43 43 43 43 33 44 99 99 99 99 99 99 88 61 68 68 68 68 68 68 68 31 86 86 35 93 50 26 32 96 4 4 0 0 0 0 0
0 0 0 0 0 0 43 43 43 43 43 43 43 43 0 0 43 33 44 44 99 61 61 61 61 61 61 68 76 76 76 76 75 68 48 48 86 35 3 6 26 32 98 98 4 0 0 0 0 0
0 0 0 0 0 0 0 0 0 0 0 0 0 0 0 0 43 33 33 44 61 61 13 13 13 68 68 68 76 18 18 2 75 35 35 48 35 35 3 6 26 32 26 98 4 0 0 0 0 0
0 0 0 0 0 0 0 0 0 0 0 0 0 0 0 0 43 43 33 13 13 13 13 27 76 76 76 76 76 18 2 2 72 72 35 35 35 3 3 6 26 26 26 98 4 0 0 0 0 0
0 0 0 0 0 0 0 0 0 0 0 0 0 0 0 0 0 43 97 13 13 13 80 80 80 80 80 24 18 18 2 14 14 72 3 3 3 3 6 6 52 52 98 98 4 0 0 0 0 0
0 0 0 0 0 0 0 0 0 0 0 0 0 0 0 0 0 43 97 97 97 13 34 24 24 24 24 24 18 94 94 14 8 72 12 12 12 12 11 52 52 51 51 4 4 0 0 0 0 0
0 0 0 0 0 0 0 0 0 0 0 0 0 0 0 0 0 43 62 62 97 55 55 55 42 42 70 70 18 94 14 14 8 72 72 12 11 11 11 51 51 51 4 4 0 0 0 0 0 0
0 0 0 0 0 0 0 0 0 0 0 0 0 0 0 0 0 0 0 62 97 97 97 16 42 70 70 64 64 14 14 8 8 8 72 12 11 11 11 11 51 4 4 0 0 0 0 0 0 0
0 0 0 0 0 0 66 62 62 0 0 0 0 0 0 0 0 0 0 62 62 62 16 16 37 70 64 64 69 69 69 8 95 8 29 12 12 12 12 11 51 51 51 51 51 0 0 0 0 0
0 0 0 0 0 0 84 37 62 62 0 0 0 0 0 0 0 0 0 0 0 62 16 37 37 73 64 69 69 95 95 95 95 8 29 29 29 29 12 11 11 11 11 11 51 51 0 0 0 0
0 0 0 0 0 0 84 37 37 62 0 0 0 0 0 62 62 62 62 62 62 62 16 37 78 73 36 69 95 95 91 91 91 8 8 8 8 8 46 11 11 46 46 11 11 51 0 0 0 0
0 0 0 0 0 0 84 84 37 62 0 0 0 0 62 62 16 16 16 16 16 16 16 37 78 36 36 69 95 91 91 71 91 91 91 91 8 46 46 46 46 46 100 82 11 51 0 0 0 0
0 0 0 0 0 0 0 84 37 62 62 62 62 62 62 16 16 37 37 37 37 37 37 37 78 36 69 69 95 91 71 71 71 71 71 91 8 100 46 46 100 100 100 82 11 51 0 0 0 0
0 0 0 0 0 0 0 84 37 16 16 16 16 16 16 16 37 37 78 78 78 78 78 78 78 36 69 95 95 91 71 71 71 71 71 91 79 100 100 100 100 82 82 82 11 51 0 0 0 0
0 0 0 0 0 0 0 84 37 16 37 37 37 37 37 37 37 78 78 54 54 54 54 54 40 36 69 69 91 91 71 71 71 71 71 91 82 82 82 82 82 82 11 11 11 51 0 0 0 0
0 0 0 0 0 0 0 84 37 16 37 78 78 78 78 78 78 78 54 54 0 0 0 0 40 36 60 69 91 91 91 71 71 71 71 47 47 47 47 47 82 11 11 51 51 51 0 0 0 0
0 0 0 0 0 0 0 84 37 37 37 37 37 37 67 67 67 54 54 0 0 0 0 0 40 40 60 69 69 69 91 58 71 71 71 71 71 81 81 81 82 11 82 82 74 0 0 0 0 0
0 0 0 0 0 0 0 84 84 84 84 84 84 87 87 41 67 54 0 0 0 0 0 0 0 40 60 60 60 60 91 58 58 58 71 71 71 81 82 82 82 82 82 74 74 0 0 0 0 0
0 0 0 0 0 0 0 0 0 0 0 0 84 84 41 41 67 54 0 0 0 0 0 0 0 40 89 57 57 57 57 57 57 58 71 71 71 81 82 82 82 82 82 74 0 0 0 0 0 0
0 0 0 0 0 0 0 0 0 0 0 0 0 0 0 41 67 54 0 0 0 0 0 0 0 40 40 40 57 57 57 57 57 58 71 71 71 81 77 77 82 77 83 74 74 74 74 74 0 0
0 0 0 0 0 0 0 0 0 0 0 0 0 41 41 41 67 54 0 0 0 0 40 40 40 40 57 57 57 58 58 58 58 58 58 58 71 22 22 77 77 77 77 77 77 77 77 74 0 0
0 0 0 0 0 0 0 0 17 41 41 41 41 41 41 41 67 20 0 0 0 0 0 0 40 56 57 58 58 58 58 58 58 58 58 0 0 22 22 22 22 22 22 22 22 22 77 74 0 0
0 0 0 0 0 0 0 0 17 45 28 41 41 41 67 67 67 20 0 0 0 0 0 40 40 0 0 58 58 58 58 58 58 58 58 0 0 22 0 0 0 0 0 0 0 22 77 74 0 0
0 0 0 0 0 0 0 0 17 45 67 67 67 41 67 20 20 20 0 0 0 0 0 0 0 0 0 0 0 0 0 58 58 58 58 0 0 0 0 0 0 0 0 0 0 22 77 5 77 0
0 0 0 0 0 0 0 0 17 20 20 20 67 67 67 20 0 0 0 0 0 0 0 0 0 0 0 0 0 0 0 0 0 0 58 58 58 0 0 0 0 0 0 0 0 22 77 77 77 0
0 0 0 0 0 0 0 0 0 0 0 20 20 20 20 20 0 0 0 0 0 0 0 0 0 0 0 0 0 0 0 0 0 0 0 0 0 0 0 0 0 0 0 0 0 22 22 77 0 0
0 0 0 0 0 0 0 0 0 0 0 0 0 0 0 0 0 0 0 0 0 0 0 0 0 0 0 0 0 0 0 0 0 0 0 0 0 0 0 0 0 0 0 22 22 22 0 0 0 0
