100 20 20 13
00000000000000000000
00000000000000000000
00000000000000000000
11110000000000000000
00000000000001110000
00000000000000000000
00000000000000000000
00000000001111100000
00000011110000011111
00000000000000000000
00000000000000000000
00000000000000000000
11111100000000000000
00000000000000000000
00000000000000000000
00000000001000000000
00000000000000000000
00000000000000000000
00000000000000000000
0000000000001000000
0000000000001000000
0000000000001000000
0000000000001000000
0000000000001000000
0000001000000000000
0000001000000000000
0000001000000000000
0000001001000010000
0000000000000010000
0000000000000010000
0000000000000010000
0000000000000010000
0000010000100000000
0000010000100000000
0000000000100000000
0000000001000001000
0000000001000001000
0000000001000001000
0000000001000001000
5777
9 19
7 10
79 84
41 42
47 62
64 67
16 28
28 40
74 81
37 56
42 51
54 65
44 47
36 41
55 69
28 34
31 35
34 42
95 100
73 90
3 30
62 68
76 88
71 76
25 39
7 15
75 93
81 86
78 96
81 96
27 75
50 87
48 58
5 23
35 46
54 88
12 18
1 14
49 57
26 38
73 84
37 43
9 17
4 22
77 93
85 93
81 91
24 28
14 22
35 43
58 76
27 38
15 50
69 83
2 8
30 33
68 80
14 21
28 36
3 8
54 61
41 50
70 76
61 77
60 82
74 85
69 78
59 71
38 49
19 37
81 86
37 50
62 66
22 23
68 74
36 43
15 23
14 16
13 51
75 90
20 28
8 19
55 73
26 31
72 92
89 98
70 91
43 53
56 65
61 89
45 60
11 33
41 51
31 41
6 12
83 97
13 23
5 16
74 90
35 40
71 86
30 40
78 93
19 33
31 37
49 57
30 42
13 41
8 19
49 75
27 39
70 84
47 66
14 23
10 25
43 59
84 94
7 14
21 35
66 76
60 65
49 60
31 36
37 73
9 41
38 51
75 80
58 61
56 64
7 23
33 49
55 63
8 27
62 79
79 81
40 50
47 51
27 29
91 98
79 88
16 20
6 11
82 94
26 36
39 52
73 84
32 52
12 26
24 30
30 36
50 55
42 57
22 25
96 99
12 21
76 79
70 73
35 55
3 8
45 53
46 59
69 88
3 9
7 22
13 18
29 33
29 37
11 23
42 68
73 75
83 92
96 100
31 68
9 17
27 31
56 72
58 63
22 28
40 44
38 45
36 50
14 18
29 48
19 40
58 64
73 77
59 77
88 97
6 23
82 94
14 52
70 83
47 54
87 89
6 15
1 24
73 84
95 98
6 12
83 91
59 64
22 33
52 64
86 94
76 85
37 56
54 59
1 18
68 75
62 73
50 58
78 90
41 71
93 99
40 51
37 44
13 28
17 29
19 38
50 72
96 99
78 92
72 77
50 57
65 67
45 60
77 86
43 71
11 13
82 91
26 40
61 67
49 56
70 82
5 11
10 14
1 7
63 77
13 75
71 74
5 28
10 20
4 13
87 93
39 52
30 47
71 76
26 37
38 58
94 100
81 92
36 48
7 21
34 56
18 28
92 97
14 17
12 18
12 25
59 69
52 58
69 75
63 66
74 85
75 86
44 47
48 73
34 45
76 80
42 46
39 41
76 87
78 83
47 66
30 51
46 66
3 11
32 68
27 36
62 77
12 18
15 20
10 28
70 87
36 39
13 16
25 29
8 25
16 20
84 94
82 85
41 45
44 69
68 79
37 56
77 83
11 37
69 78
37 46
91 99
24 43
65 79
29 55
40 51
41 81
54 95
32 47
26 28
53 72
73 83
44 53
49 58
58 69
77 81
13 44
32 39
57 64
64 73
60 65
58 61
36 43
4 12
64 89
9 18
51 56
9 18
79 91
72 85
54 58
56 64
44 54
79 88
51 62
32 41
50 65
10 19
12 20
33 38
31 35
59 92
43 48
70 77
9 19
77 86
17 31
26 30
7 10
17 27
44 50
17 23
7 15
5 11
79 93
5 19
35 46
27 34
87 92
56 66
78 83
59 68
39 81
33 44
5 23
49 55
22 29
39 49
27 46
64 71
22 23
73 82
8 20
65 70
20 31
25 55
32 42
11 18
14 26
6 19
52 63
50 59
80 92
66 73
63 78
9 29
22 25
45 50
58 60
18 30
1 17
1 13
34 41
2 11
24 37
89 93
79 83
27 33
2 13
1 5
1 50
67 78
56 59
59 61
29 45
35 55
41 45
77 82
92 94
8 14
19 25
34 53
31 35
53 79
10 33
78 97
38 65
33 34
60 69
9 16
25 43
40 51
28 40
78 92
16 22
93 99
77 84
81 88
82 92
11 26
55 72
20 27
63 67
9 24
63 66
30 41
27 40
56 62
92 98
13 21
87 92
20 30
50 55
12 25
17 25
42 51
39 49
27 31
62 75
68 81
6 24
65 73
46 54
75 84
28 62
76 85
19 42
11 22
8 17
46 50
10 14
62 89
12 15
24 44
54 67
75 78
69 83
48 60
47 60
66 79
43 56
69 76
14 22
89 95
56 67
64 75
46 57
1 5
83 90
78 96
28 41
36 68
65 78
43 47
13 24
16 41
64 73
49 65
8 24
89 97
32 58
77 88
71 88
30 37
88 96
75 86
74 94
31 59
75 79
4 13
40 44
68 76
3 10
6 13
19 27
66 79
44 58
75 83
71 78
53 66
44 49
25 34
31 33
7 16
85 91
19 24
57 76
69 77
69 89
85 91
76 80
29 37
36 39
25 37
48 95
27 37
48 62
63 74
95 97
71 87
31 35
24 32
58 65
48 54
6 33
58 64
47 57
49 75
36 45
71 95
31 86
28 32
1 8
17 23
37 90
74 76
15 42
50 61
27 37
16 28
22 25
24 29
78 82
2 8
1 18
52 65
13 34
16 19
9 11
7 17
56 58
59 90
3 15
60 63
60 90
69 92
67 71
5 13
72 82
89 92
77 100
6 12
81 91
70 84
53 75
26 39
89 100
53 73
9 16
52 54
88 94
16 22
78 82
63 76
47 77
39 46
4 10
35 42
53 79
30 40
57 66
60 72
63 74
59 65
33 35
85 89
24 30
78 86
47 52
71 84
60 69
72 85
7 12
84 88
71 82
56 95
68 70
59 66
4 15
50 61
16 20
57 65
88 91
37 49
92 95
4 8
72 96
15 30
12 42
68 72
47 57
85 92
85 90
10 20
3 13
67 89
60 74
28 37
34 38
89 96
72 79
53 64
88 98
28 30
74 94
25 27
75 83
11 18
85 89
73 86
3 7
66 81
51 64
19 22
18 21
48 57
47 57
88 94
82 95
47 53
58 76
60 72
60 69
4 31
39 45
15 28
7 13
42 47
59 61
28 38
29 52
78 85
38 49
61 64
27 30
25 36
2 17
85 100
78 87
57 76
2 22
19 65
38 59
74 86
12 34
77 82
58 68
79 94
84 91
55 63
15 24
66 79
23 38
9 29
80 89
30 46
15 31
88 99
87 97
40 43
39 56
62 76
59 78
52 58
10 12
32 55
64 72
44 55
51 58
49 61
20 23
53 56
76 86
2 23
17 22
54 65
31 49
75 88
18 23
57 78
70 79
27 37
82 92
4 9
2 14
13 18
70 79
56 84
64 76
69 76
47 56
82 96
86 98
15 22
6 11
9 13
19 22
1 13
36 48
40 43
14 24
22 29
46 61
66 81
63 74
6 17
80 91
64 68
89 93
29 35
20 28
44 47
65 75
13 23
80 90
55 57
46 59
9 25
24 26
38 46
19 21
32 43
47 57
57 66
1 14
62 79
2 19
51 61
67 71
56 59
71 87
48 57
29 35
85 90
45 46
82 84
63 70
30 40
43 49
76 93
6 20
10 19
26 32
22 28
4 30
22 34
18 29
32 36
5 12
23 34
16 20
28 48
73 86
12 16
38 46
82 88
13 34
78 85
70 76
2 9
94 98
88 100
65 80
82 85
69 77
66 76
26 45
62 85
22 34
47 79
57 60
22 40
23 41
81 89
10 21
36 52
73 84
8 22
43 57
35 58
81 90
56 63
51 65
65 69
49 59
17 26
12 24
6 14
3 17
73 78
56 63
30 50
16 29
24 43
80 85
11 18
44 48
85 98
27 30
41 60
43 51
4 16
70 79
18 32
62 93
15 24
47 68
81 91
31 40
76 79
23 30
12 17
64 67
63 83
11 31
41 51
52 59
89 99
20 25
16 26
14 28
82 93
12 28
23 36
63 71
79 84
88 93
40 64
12 25
39 49
6 10
24 33
52 73
89 99
53 64
59 70
4 14
40 50
31 33
11 20
25 31
32 37
39 43
69 88
18 25
8 16
51 58
87 91
65 72
88 100
48 56
25 31
66 79
85 90
46 82
33 46
80 86
53 70
39 58
14 17
85 93
58 69
81 84
51 71
13 37
49 67
23 30
50 55
72 84
90 96
88 94
61 68
37 57
65 73
20 26
54 61
34 47
59 62
25 37
87 90
35 54
21 31
62 73
84 95
68 75
55 63
15 24
21 33
85 91
52 91
41 50
68 74
84 94
2 8
68 72
23 38
52 64
85 93
57 68
69 79
44 58
97 98
7 26
68 98
57 71
18 21
59 70
78 90
36 43
58 78
2 8
60 84
15 24
77 83
44 57
5 11
15 21
2 20
43 47
75 85
5 11
39 44
58 76
48 55
48 51
12 23
41 54
78 89
17 25
16 18
47 53
45 70
28 43
89 97
59 74
79 88
15 29
37 42
79 86
13 16
7 26
83 87
25 34
58 66
4 10
13 22
74 81
73 77
33 40
63 84
54 82
8 26
66 78
53 63
17 24
39 42
71 86
6 11
51 60
30 33
6 11
37 59
65 74
17 30
30 44
4 8
96 100
18 32
8 47
65 72
88 92
75 81
1 20
80 83
27 55
22 29
76 96
54 60
49 65
61 78
18 35
52 58
31 37
63 76
40 45
57 63
24 32
8 17
21 46
2 10
54 66
43 52
58 67
82 89
27 37
36 42
73 79
86 94
24 35
48 59
49 74
22 29
52 60
2 16
71 83
54 70
11 23
36 40
10 31
27 33
61 66
19 37
9 19
51 59
60 83
78 86
88 91
13 22
38 42
70 78
2 19
56 71
49 53
64 79
11 16
15 22
24 31
65 87
36 50
47 53
49 60
49 52
72 84
54 71
7 14
53 65
44 50
17 32
74 77
60 77
62 76
5 10
58 64
44 52
21 27
20 24
62 75
30 70
57 71
65 73
79 97
23 30
57 60
58 75
31 36
12 14
27 42
49 60
29 32
36 58
48 63
76 84
25 39
7 19
67 73
19 29
27 42
30 49
40 51
47 58
52 72
62 80
56 58
78 81
76 78
38 45
53 75
9 16
53 57
39 44
27 41
1 14
4 8
95 97
68 74
4 12
71 74
62 68
61 72
77 86
56 66
40 69
23 30
94 98
83 93
41 47
56 82
40 47
35 46
14 36
25 33
82 85
9 22
21 29
45 61
6 28
87 92
42 50
71 75
81 90
3 18
36 41
20 27
6 17
50 57
30 48
55 63
18 24
15 40
6 20
61 74
76 87
15 22
82 93
72 79
52 57
35 40
53 69
61 85
12 25
21 29
57 66
25 45
75 85
20 33
35 45
71 80
70 85
62 73
85 92
47 53
16 33
5 10
65 72
4 13
30 44
5 9
17 22
77 85
91 93
26 30
13 17
39 59
27 34
16 28
6 13
72 81
15 22
12 20
54 72
54 65
40 47
31 38
51 54
77 80
66 79
56 67
61 68
83 94
85 93
37 47
54 63
14 23
76 88
5 14
52 77
73 93
15 18
62 72
38 61
46 56
26 30
74 79
8 21
18 20
24 30
23 37
29 41
35 55
50 54
26 44
29 44
48 75
74 80
56 63
9 15
71 95
14 17
56 61
83 89
12 22
7 33
74 92
45 54
44 61
73 79
57 61
49 52
53 63
46 50
33 41
61 84
68 74
68 92
62 68
52 59
65 79
62 75
47 60
34 41
74 77
66 84
30 35
3 18
66 82
59 67
15 27
56 95
72 90
75 81
32 43
40 59
35 43
74 79
7 37
67 83
43 56
10 32
91 95
66 72
50 61
20 52
37 51
38 59
74 79
75 89
45 49
74 83
45 63
13 30
43 53
48 54
17 27
2 5
4 14
69 73
82 90
9 14
6 21
26 29
42 47
79 94
90 95
8 23
66 78
32 35
5 9
21 26
25 33
30 55
56 64
94 98
2 11
23 31
59 73
42 49
27 34
86 89
67 73
20 28
7 11
43 53
89 97
64 74
36 51
44 58
34 45
34 44
36 45
68 85
58 72
6 18
52 71
96 100
46 61
24 29
34 39
38 48
37 43
57 77
60 69
58 67
37 51
9 20
76 84
10 24
60 70
85 100
15 25
17 43
74 88
31 38
11 19
53 65
66 72
54 70
11 42
32 39
63 71
15 29
24 41
80 90
81 84
50 74
53 55
13 18
19 36
29 70
40 45
69 73
37 41
71 76
10 53
68 74
17 24
96 100
21 22
47 70
34 64
71 84
72 80
86 100
9 20
72 82
52 81
35 52
61 79
90 98
44 59
66 74
62 74
36 43
71 76
12 16
24 47
10 29
13 21
25 32
15 49
31 40
8 12
11 14
72 80
19 34
36 43
25 36
90 98
18 20
73 83
84 89
10 26
4 19
55 59
38 63
19 37
28 36
75 78
78 84
64 72
18 33
10 18
45 48
85 90
73 99
33 39
5 16
62 71
80 88
39 53
72 85
32 47
80 98
77 80
11 17
50 68
36 43
18 24
71 74
32 37
66 86
78 83
54 58
67 77
72 76
25 33
52 69
22 33
76 81
16 30
47 58
45 50
21 31
76 99
6 18
76 78
64 79
29 31
8 37
54 65
41 45
63 74
5 13
60 72
33 42
65 85
35 56
80 93
58 92
7 16
53 58
11 21
51 70
76 96
21 25
87 94
11 16
10 23
50 60
57 69
74 87
35 41
27 33
75 95
67 72
84 90
77 89
46 56
29 57
38 45
21 42
25 29
1 16
23 27
68 82
13 24
47 62
45 70
81 91
1 5
20 26
43 52
12 23
71 100
89 94
7 18
31 39
69 88
35 39
26 37
73 77
19 28
34 39
81 86
1 2
48 53
6 18
80 87
23 27
86 95
8 14
50 63
43 55
13 19
27 35
20 26
30 40
61 68
39 48
43 61
39 45
50 60
15 18
24 32
9 11
45 51
23 34
7 20
3 18
24 27
21 29
22 27
32 41
74 100
53 69
35 51
18 21
58 76
76 82
64 87
27 35
46 54
47 56
51 61
86 93
69 82
69 85
89 94
30 53
87 99
8 14
67 78
26 33
2 7
48 56
42 53
63 81
65 73
12 28
64 84
90 99
28 32
61 71
37 44
85 92
12 37
47 52
67 91
47 52
39 50
43 50
88 94
58 64
79 89
24 27
8 13
26 42
86 89
34 37
38 48
81 94
59 70
81 88
61 70
20 48
79 90
15 25
78 100
27 36
15 51
53 64
13 22
57 58
87 96
69 73
10 30
90 95
10 12
65 76
17 23
47 60
11 26
40 50
51 56
37 44
62 71
47 60
80 89
60 68
21 27
97 100
49 54
38 47
45 54
50 68
42 47
59 76
62 81
24 52
59 73
18 35
54 58
59 62
19 27
31 37
42 55
8 17
53 69
84 99
38 46
8 26
62 68
52 63
58 60
65 76
17 23
61 81
76 85
57 67
18 28
16 30
32 45
54 73
40 55
26 54
56 68
67 70
27 40
1 13
19 30
92 94
13 27
35 47
44 47
2 15
29 37
25 34
56 74
62 65
16 23
10 21
33 44
86 99
73 93
51 54
36 50
75 84
88 90
64 75
13 24
26 40
5 9
27 60
81 100
58 73
64 67
10 21
69 95
23 32
60 84
79 89
66 78
50 60
20 33
82 92
38 43
18 34
55 68
56 68
5 17
26 33
26 29
87 99
53 58
56 63
45 71
15 17
46 53
23 31
32 41
68 73
10 18
53 62
69 77
55 58
45 49
44 60
67 83
64 71
67 74
59 82
56 85
75 100
35 52
85 95
70 83
73 91
18 19
83 94
8 47
77 93
53 63
48 61
73 80
40 48
85 91
18 32
65 67
5 22
24 31
41 47
42 52
5 13
6 25
85 92
50 60
1 37
36 40
65 95
87 90
58 70
64 77
59 72
46 53
64 70
12 24
57 61
31 54
17 50
51 59
61 80
33 45
29 72
10 19
34 45
78 81
28 38
83 90
80 97
83 90
10 19
29 51
85 95
7 16
70 75
53 61
52 60
68 75
48 61
18 35
87 96
70 81
73 84
81 84
65 70
77 80
12 14
60 81
64 67
92 99
40 49
81 93
30 36
20 26
18 31
36 40
83 92
45 50
48 65
7 30
3 16
59 64
59 70
44 54
77 83
14 23
58 73
13 19
14 22
90 95
76 83
3 9
74 87
11 17
7 13
24 27
17 24
68 94
84 95
15 19
86 95
66 74
14 33
3 15
42 48
16 24
33 37
88 96
15 29
60 63
67 82
59 62
21 34
22 25
39 46
14 25
38 42
50 53
9 21
20 49
17 26
40 46
31 47
25 43
38 46
23 27
29 32
84 94
82 89
25 34
10 16
68 74
35 46
74 91
77 86
79 95
62 68
86 88
44 54
13 38
52 56
59 65
55 68
62 79
40 46
67 78
82 94
45 61
4 19
77 88
39 55
21 68
68 71
48 51
37 55
71 75
8 16
54 72
96 100
39 43
41 65
19 23
48 50
10 21
45 56
3 19
32 39
72 78
17 28
58 64
40 45
74 93
42 53
6 12
16 38
20 28
39 45
30 34
69 74
11 14
30 40
74 100
42 47
58 61
49 55
66 79
54 65
21 32
18 29
25 34
61 63
69 74
39 51
45 53
49 52
88 94
41 55
57 66
82 90
23 37
65 69
80 94
27 35
93 97
71 74
63 79
80 86
63 70
26 45
10 22
23 39
24 43
28 30
85 94
81 89
6 16
10 30
76 93
59 67
85 91
41 47
89 98
84 92
61 66
18 30
32 41
28 29
49 60
77 95
75 87
54 66
25 29
23 26
46 55
21 30
19 27
9 19
64 77
9 13
31 38
30 63
25 39
53 68
76 82
29 45
57 71
49 70
31 84
70 78
57 61
6 19
48 58
72 81
51 55
61 78
28 34
90 99
24 31
46 50
23 39
74 75
35 40
32 41
20 27
92 95
56 66
62 69
82 98
76 82
30 36
69 73
22 41
15 23
63 75
72 77
7 10
41 45
77 85
33 38
8 24
50 57
66 72
70 78
37 42
14 23
59 68
75 80
72 78
21 29
77 83
51 67
64 68
11 20
2 10
81 95
13 24
18 34
84 100
2 13
71 75
19 25
51 67
25 38
62 79
65 81
62 71
70 78
21 44
57 70
27 34
71 86
65 78
12 34
50 58
58 72
14 18
82 89
28 43
27 37
82 90
56 65
66 72
60 76
30 35
59 78
12 20
17 24
58 66
69 72
47 62
80 84
9 14
69 93
66 75
21 24
64 69
60 77
54 64
31 40
61 69
83 95
58 71
53 55
30 47
17 30
56 74
32 35
85 93
89 100
42 46
90 97
50 54
75 79
39 47
58 64
7 11
55 69
85 88
62 68
10 36
49 68
18 33
34 53
49 61
12 43
58 81
2 8
83 96
72 82
65 73
82 88
92 96
53 61
81 85
59 70
80 91
53 58
40 51
3 23
73 79
30 42
68 79
90 100
5 16
8 26
59 63
32 38
28 31
17 32
1 26
40 48
86 100
28 40
65 68
70 82
86 92
76 85
64 87
57 70
71 86
34 43
36 63
71 79
3 6
35 49
82 88
2 12
71 78
82 86
26 46
36 42
33 40
12 23
8 13
79 91
82 88
37 54
79 87
7 15
25 28
74 83
50 59
38 48
50 57
30 38
91 99
36 55
53 70
75 90
8 14
92 95
4 12
35 50
33 41
21 29
64 72
34 40
18 33
98 100
61 67
35 36
55 67
1 16
72 81
33 50
14 38
19 22
26 29
3 10
41 47
84 87
31 57
45 48
61 66
24 33
55 64
56 61
84 91
73 89
21 35
61 73
40 45
96 100
16 20
62 68
32 47
60 72
41 53
8 20
91 100
66 70
81 97
73 77
21 31
59 63
93 100
42 54
17 82
36 43
42 54
27 39
59 64
47 53
90 98
10 12
86 94
68 74
82 85
85 100
30 55
7 20
59 91
32 45
68 71
86 93
42 50
46 57
84 95
7 13
58 65
76 83
3 7
8 22
35 65
29 47
70 80
44 48
79 91
19 30
66 72
68 70
83 88
66 83
16 29
82 99
27 34
27 40
61 67
87 98
64 80
3 14
34 39
80 81
18 44
57 58
12 28
57 62
2 5
71 75
23 60
73 78
44 52
94 96
1 12
68 73
43 83
15 19
34 45
80 88
91 97
29 75
71 82
35 68
51 59
18 44
73 80
43 61
76 89
1 33
23 35
49 55
39 45
19 25
63 87
17 39
57 65
3 17
67 75
82 93
63 68
66 76
56 100
82 85
35 50
28 42
55 59
17 33
60 66
16 24
47 72
67 77
77 85
50 64
8 23
57 71
81 96
32 48
29 35
55 57
23 43
63 90
50 58
45 51
72 100
66 75
33 46
63 71
87 96
48 63
22 27
65 79
48 59
34 41
6 20
3 18
12 37
51 56
11 21
31 45
41 46
85 93
30 50
14 26
21 34
44 72
88 94
71 83
77 91
3 20
54 58
14 21
67 75
68 77
93 100
79 96
69 77
46 58
59 66
77 98
83 96
72 76
89 99
79 93
6 11
93 97
80 91
58 70
80 85
23 68
67 73
52 68
78 86
8 9
1 16
56 79
5 12
82 87
23 32
44 54
25 32
37 70
55 69
72 85
68 78
51 57
3 13
81 87
64 91
63 89
30 40
85 100
56 58
83 90
24 43
84 89
53 68
11 44
17 32
67 79
64 68
56 61
35 38
22 36
36 48
63 70
27 37
58 61
84 96
19 27
57 68
65 76
49 65
82 90
22 26
21 31
5 11
35 58
14 23
66 68
81 90
15 37
15 22
44 48
26 42
47 55
62 75
23 26
68 76
42 49
82 90
3 7
24 34
81 95
83 95
48 58
36 39
26 46
13 19
50 55
63 71
83 100
16 27
29 38
51 68
23 37
56 64
19 29
3 4
47 95
7 28
43 48
25 29
23 60
44 56
32 37
52 72
59 78
80 89
89 97
82 93
11 32
26 38
38 45
23 30
84 96
9 21
83 97
25 33
33 36
52 70
61 69
13 20
68 79
12 32
22 32
31 36
77 83
56 66
19 31
67 84
88 96
59 62
53 73
41 70
29 31
75 86
22 30
36 47
20 37
58 70
61 75
17 21
7 29
92 100
28 40
59 68
55 66
67 85
28 47
66 75
22 36
38 52
55 62
27 54
85 90
40 51
31 39
28 35
35 43
38 43
62 70
46 60
37 44
31 38
66 79
12 16
79 97
35 46
2 18
3 8
37 46
87 89
19 22
28 35
68 71
21 23
32 41
27 37
63 69
24 31
81 83
76 79
17 24
12 21
18 23
21 23
5 9
34 41
37 49
83 89
13 20
76 84
68 79
16 26
6 14
12 33
35 39
81 89
20 38
77 84
68 77
17 30
27 35
67 87
35 39
27 34
85 90
28 33
65 67
37 44
21 27
88 89
15 27
77 86
63 78
15 19
9 21
59 62
48 74
66 81
22 27
83 89
85 92
6 11
80 84
72 77
72 80
31 41
49 69
47 55
95 99
62 67
40 49
42 53
74 94
72 86
51 57
49 55
55 61
9 12
48 70
11 20
75 85
55 71
42 58
1 15
83 85
61 67
52 63
79 87
62 68
28 33
4 20
78 82
66 77
38 50
28 35
35 37
7 51
75 98
45 55
81 99
64 72
39 44
13 20
47 60
73 98
43 47
76 92
36 46
73 89
7 15
1 6
2 6
35 39
43 45
67 83
37 48
85 90
62 70
55 57
76 79
67 69
3 12
26 56
47 62
67 72
82 88
45 57
20 42
1 8
47 53
56 60
49 59
44 52
60 68
20 38
88 93
35 44
89 96
93 98
55 63
24 49
20 24
1 8
76 86
55 64
94 99
81 85
1 5
31 49
53 73
73 87
54 73
21 37
80 88
89 96
18 30
18 29
54 80
64 75
46 55
90 98
75 91
58 73
42 67
26 42
9 38
56 58
5 19
40 44
52 69
1 23
73 80
40 49
24 29
20 26
19 25
69 88
63 81
58 64
26 31
84 97
71 79
57 65
52 76
31 42
92 96
45 52
63 67
40 52
50 59
43 44
8 20
93 98
62 80
45 48
14 20
75 85
44 66
35 51
61 67
58 68
58 63
98 100
18 26
68 75
37 42
4 36
17 27
6 12
60 68
32 41
18 28
41 48
24 32
35 47
81 83
10 20
53 55
24 60
4 10
33 59
15 22
87 95
30 38
35 48
25 30
3 26
86 91
16 34
86 91
86 98
73 94
56 65
9 21
26 30
3 7
47 49
40 60
15 21
43 49
39 44
62 68
16 23
26 28
26 37
26 29
21 27
43 54
75 97
77 82
27 35
35 48
11 16
3 8
58 64
56 64
26 45
80 87
30 34
32 37
83 93
34 46
80 91
66 81
31 41
73 81
55 66
34 48
60 65
74 89
92 95
4 52
27 59
73 88
14 30
63 77
48 56
79 89
78 86
12 23
84 92
78 89
52 78
71 84
75 80
30 45
39 49
31 41
67 100
48 56
58 65
53 59
16 21
82 85
25 57
89 96
73 86
2 27
39 48
84 92
77 93
68 75
20 31
36 39
68 73
91 93
14 15
80 98
66 78
13 22
71 82
54 64
76 90
24 36
74 84
58 62
83 88
13 18
51 60
85 89
2 5
1 9
9 12
56 62
95 99
35 46
59 65
44 50
26 33
73 80
5 20
70 86
87 95
23 26
12 23
29 39
47 53
46 55
74 87
65 91
35 43
28 33
25 36
8 23
44 46
19 39
84 86
46 52
69 100
90 96
64 73
75 85
40 49
67 83
90 95
18 23
28 47
6 12
33 39
26 32
70 85
22 26
36 43
80 86
65 79
7 18
44 63
15 21
58 63
30 37
64 71
56 74
49 58
62 97
12 26
3 26
81 92
76 81
84 87
81 85
34 43
44 50
75 79
66 77
46 52
57 63
18 66
10 14
21 31
53 57
69 76
69 88
11 20
57 67
50 54
87 98
31 38
28 33
21 63
81 84
86 96
14 22
15 21
71 83
2 7
56 71
30 34
23 46
32 37
70 86
29 32
75 95
39 67
25 40
19 35
81 88
3 8
77 84
47 57
3 13
64 70
74 85
29 35
23 30
12 18
42 49
8 15
27 33
32 68
35 42
95 100
23 32
74 76
3 9
58 76
11 15
25 39
45 66
43 62
50 58
66 70
36 41
58 65
80 88
40 47
38 51
83 100
80 84
72 87
23 26
16 37
44 50
38 47
87 93
48 59
27 32
41 48
23 40
49 57
22 44
49 53
35 40
19 26
47 53
36 44
64 68
18 23
87 96
16 56
30 36
40 46
64 69
35 39
2 7
12 19
13 25
43 50
92 97
66 71
80 88
28 39
75 84
82 98
85 91
5 7
83 86
56 63
83 89
63 66
65 71
41 69
65 72
27 38
12 17
44 55
41 45
21 39
1 10
51 66
82 93
40 49
46 56
34 40
29 39
27 39
7 15
5 20
11 24
16 29
51 66
69 75
68 73
87 91
21 36
69 77
34 39
53 58
59 72
14 23
33 38
30 37
50 60
56 75
42 68
82 100
62 74
63 72
23 47
70 82
42 50
1 18
16 36
7 14
40 42
82 92
56 62
28 51
53 68
23 40
89 97
89 96
60 71
17 28
38 59
9 26
75 82
6 8
61 66
42 52
25 31
47 56
76 87
52 56
57 80
70 90
79 87
16 22
2 18
56 71
4 11
27 35
80 83
59 79
21 27
15 32
32 35
2 21
55 82
79 89
56 69
20 29
77 89
22 41
38 42
5 7
81 99
62 73
73 80
59 95
20 25
3 19
77 83
33 63
11 14
57 79
62 67
56 71
78 87
63 69
22 25
26 39
33 36
61 66
79 93
75 91
69 78
90 97
49 54
13 18
51 69
32 49
23 27
30 45
31 41
83 90
35 61
17 46
73 91
26 34
28 43
38 65
63 93
65 82
41 60
74 89
32 36
10 19
76 94
74 85
13 15
11 26
74 96
51 60
31 45
34 44
47 61
21 34
71 72
32 37
3 67
73 78
93 99
7 23
82 97
59 80
22 35
11 19
31 43
55 60
84 90
48 63
91 96
19 29
8 12
75 86
8 17
32 36
90 96
86 94
34 64
78 88
3 19
34 57
59 74
21 36
41 42
48 65
9 16
33 45
20 33
6 31
76 82
18 20
54 71
61 68
1 16
30 39
24 34
53 62
14 16
68 71
29 34
24 33
17 29
97 100
86 93
41 70
52 62
38 46
35 44
63 81
1 18
4 31
83 99
25 44
51 75
31 38
26 31
58 73
56 64
75 80
16 59
87 94
58 68
2 18
31 43
4 11
45 54
76 79
48 52
32 52
42 55
16 34
63 78
3 7
62 71
63 72
83 99
39 50
28 48
28 45
19 33
26 35
74 86
76 83
68 74
34 76
38 45
49 79
10 19
53 57
73 80
81 85
16 29
75 83
2 30
53 61
13 20
30 40
67 84
67 81
11 24
23 39
86 88
84 99
28 39
26 29
24 28
53 65
4 21
40 44
73 93
39 56
71 81
69 77
61 74
62 72
49 51
59 65
54 63
88 95
48 54
11 31
1 13
34 53
47 51
36 39
71 84
21 28
86 93
62 66
23 57
41 61
58 78
4 28
50 73
20 27
70 95
18 25
71 75
40 43
82 91
64 74
61 77
64 79
58 73
42 48
23 28
47 56
53 78
12 26
8 9
32 52
87 95
26 34
35 60
38 53
52 62
67 73
1 18
70 84
43 58
11 31
21 33
61 68
76 81
52 62
39 43
89 95
64 73
54 74
37 49
75 83
63 73
59 69
35 55
67 71
88 92
59 67
10 15
24 30
2 26
12 18
80 84
19 32
70 79
58 74
23 30
4 12
19 27
52 72
24 54
4 10
16 22
65 69
2 23
31 42
45 52
96 98
29 36
44 58
68 72
57 59
87 88
89 97
35 40
74 77
48 58
27 34
68 69
36 52
20 37
83 100
60 68
30 43
24 33
64 79
3 12
70 74
31 43
40 48
58 84
36 63
41 46
31 33
80 81
56 61
60 74
3 8
28 35
94 100
41 80
8 9
44 48
80 98
83 92
15 25
86 91
26 39
32 45
78 84
46 49
9 17
28 30
6 22
13 22
44 54
67 75
25 29
59 64
91 96
94 98
47 60
61 65
94 97
32 44
46 49
14 20
67 96
62 67
24 36
44 59
22 37
7 18
53 76
49 55
81 86
14 20
64 69
73 81
27 52
36 56
73 81
25 40
13 20
70 86
55 66
56 79
73 99
10 16
69 75
34 41
83 98
62 75
30 35
4 15
35 54
63 83
23 35
30 35
82 95
19 26
52 62
72 82
48 61
95 98
10 23
25 27
53 56
63 73
50 53
5 21
86 91
45 56
12 39
61 66
10 16
34 40
88 99
2 14
17 27
63 72
63 72
63 87
22 33
25 29
67 79
28 35
65 72
56 83
40 42
9 26
83 96
32 38
31 38
39 50
12 30
15 21
94 95
5 17
40 52
78 86
66 73
32 37
79 89
45 51
3 21
44 53
51 57
23 34
76 85
43 50
21 38
82 86
60 69
81 85
8 22
16 67
75 80
66 76
73 77
78 90
46 53
71 75
40 48
45 64
81 89
27 33
36 58
55 62
68 79
80 85
25 29
45 54
98 99
72 85
83 93
57 73
64 75
16 33
37 38
29 32
51 54
84 92
72 93
71 81
3 18
72 81
32 46
38 43
76 85
12 15
27 30
82 97
27 31
18 29
40 47
81 95
40 51
41 52
39 42
88 97
11 19
68 83
8 20
42 47
54 58
10 28
86 99
74 80
79 87
2 7
19 29
23 25
27 44
68 77
75 80
2 4
49 58
46 54
20 42
34 35
57 67
34 39
85 95
14 20
72 85
50 64
14 31
11 20
82 93
17 25
93 99
76 79
55 72
3 11
50 59
22 35
23 29
72 81
1 7
79 95
67 73
27 33
85 100
30 40
33 36
71 88
48 58
49 60
84 89
44 51
9 14
46 52
46 66
27 50
96 100
40 67
54 58
85 87
39 54
85 91
62 70
34 39
22 36
77 87
75 85
26 31
77 85
36 43
75 80
79 91
38 44
72 84
19 23
60 73
84 89
33 47
32 39
39 52
17 31
17 19
77 100
28 31
47 55
51 66
47 52
37 49
20 22
39 41
71 89
8 10
22 35
53 62
18 27
16 22
74 85
43 50
65 73
21 31
86 94
45 62
78 85
46 50
48 53
1 7
45 62
48 72
21 35
63 92
51 71
83 100
14 18
16 24
88 93
16 18
85 98
13 25
45 71
84 94
46 56
86 94
27 40
49 59
67 78
90 96
1 17
1 52
70 77
76 98
34 48
22 36
35 41
26 35
67 80
4 13
25 36
58 70
55 61
48 53
13 34
36 43
57 71
32 37
18 45
38 50
49 55
48 54
76 82
27 33
65 68
13 16
84 87
50 58
69 84
42 48
73 91
68 89
41 50
33 39
18 25
88 93
22 26
91 96
65 74
32 42
7 39
7 16
34 37
34 47
47 56
24 42
24 30
18 21
79 87
23 34
42 47
55 64
67 75
25 41
63 68
34 45
35 43
80 88
44 52
27 32
34 46
17 25
40 66
35 46
36 52
83 88
37 49
68 75
66 69
56 61
89 95
49 67
9 17
29 35
94 98
7 22
34 37
73 86
25 37
1 4
60 71
5 19
20 23
18 31
12 25
4 7
27 70
65 77
58 62
68 75
15 29
45 58
30 33
87 96
14 23
92 100
20 29
20 25
15 41
84 99
65 76
10 24
15 51
6 20
20 25
12 18
52 58
71 83
34 41
76 91
90 97
49 69
28 41
10 29
37 42
79 87
21 46
71 80
46 50
23 26
3 17
11 13
9 21
29 35
23 33
6 13
6 25
55 64
17 42
37 41
75 87
42 47
58 73
34 45
89 94
40 72
39 57
45 60
22 28
17 26
86 97
34 40
2 12
80 100
29 40
10 21
91 96
51 63
43 47
70 78
24 33
84 91
64 68
25 47
53 60
7 21
74 80
31 43
58 75
56 62
15 24
39 45
6 17
1 6
79 90
80 86
13 17
86 92
91 97
28 43
25 31
45 51
74 81
26 64
10 13
11 22
15 46
52 58
4 27
18 29
76 84
5 16
31 33
5 16
27 39
47 60
70 81
11 18
21 24
74 83
28 41
65 72
4 13
48 60
29 39
22 31
86 95
66 74
22 27
30 40
13 21
20 25
71 84
32 44
5 31
22 36
81 87
28 34
44 54
32 68
74 79
10 18
40 48
53 99
33 41
60 87
9 26
33 41
40 48
47 58
81 86
52 59
77 84
21 36
45 48
13 32
21 28
27 56
40 44
15 23
3 11
9 24
21 52
63 68
21 25
76 92
17 21
52 54
57 70
23 33
60 68
72 74
53 61
48 67
9 13
82 85
20 25
80 88
34 44
72 81
15 27
10 19
61 67
34 44
34 40
5 19
31 38
19 28
73 85
74 87
87 92
15 29
16 35
1 20
11 18
41 61
80 86
29 47
47 58
33 40
70 79
26 29
14 20
9 23
32 66
90 97
51 56
55 70
85 92
92 96
27 44
44 47
20 36
31 42
72 85
36 43
89 93
64 70
62 89
15 19
75 89
49 52
8 18
83 90
50 51
70 74
34 38
2 8
29 63
32 58
50 85
13 28
68 90
57 66
83 96
60 74
18 20
16 22
40 45
20 33
47 50
3 9
46 57
62 74
23 33
47 70
19 23
41 57
54 61
79 93
90 95
65 71
67 74
33 36
72 90
24 30
10 14
84 89
84 92
20 28
13 24
29 43
58 67
79 88
39 50
4 9
58 68
31 51
55 64
51 59
24 31
22 31
42 51
31 39
27 39
32 46
21 38
63 74
94 99
1 17
61 69
22 31
3 13
49 68
6 13
37 44
49 60
46 63
70 89
6 11
17 25
53 68
8 20
40 47
85 94
66 69
14 28
34 59
47 60
27 30
4 10
19 27
70 73
42 51
36 57
73 77
17 28
6 16
67 71
1 13
89 91
17 21
27 37
43 52
8 26
44 51
42 57
16 24
4 26
80 87
37 42
56 60
45 62
19 25
17 21
21 28
66 73
78 86
69 78
49 54
34 51
18 35
76 83
15 29
67 78
54 73
63 69
15 29
28 31
24 38
51 57
16 36
64 69
13 20
72 84
44 49
22 28
4 25
28 51
25 37
17 18
44 49
68 70
30 39
11 28
45 50
49 62
67 74
8 15
59 75
36 44
58 68
16 21
23 37
86 91
82 90
45 53
10 13
76 85
31 45
6 15
26 32
37 44
55 63
62 71
33 38
60 82
52 70
54 87
25 38
32 44
64 74
52 61
45 48
19 56
60 72
74 82
64 72
26 29
5 10
16 29
67 73
11 24
23 54
87 90
79 97
87 97
37 46
75 90
68 73
38 49
41 45
54 84
6 17
29 40
89 92
56 71
27 32
95 100
23 33
15 24
34 52
12 36
73 80
43 57
28 36
17 25
37 42
9 13
71 78
91 100
21 24
26 39
37 62
62 71
81 87
53 61
16 31
36 44
81 100
6 28
11 25
15 19
49 57
17 33
70 83
70 77
73 81
27 36
24 52
26 33
13 21
23 27
64 71
40 53
19 39
39 62
70 87
92 99
52 58
60 65
96 99
88 99
16 23
65 70
81 91
89 95
46 74
30 56
30 36
80 90
36 44
43 58
35 40
7 14
73 79
72 75
91 100
28 36
30 35
76 84
51 60
58 62
8 10
8 23
27 46
7 12
74 84
63 73
76 85
88 92
50 77
51 59
16 27
82 86
25 41
14 19
9 25
96 99
50 61
79 88
48 66
97 98
19 35
42 53
57 62
49 55
33 37
70 78
1 12
31 40
47 55
50 60
22 33
13 21
65 84
5 12
16 18
46 60
60 97
40 51
91 99
74 79
52 57
24 32
98 100
68 73
19 27
27 30
19 35
45 54
53 63
17 20
10 16
79 93
41 52
27 32
32 37
2 11
22 24
33 38
40 48
71 77
46 47
23 33
77 84
10 25
18 26
8 13
58 66
28 42
74 86
6 13
29 38
52 68
44 71
67 89
39 58
4 13
25 31
5 31
4 28
21 28
3 14
18 31
21 26
46 65
55 56
43 56
41 56
30 46
71 75
39 48
42 53
60 68
62 65
54 59
20 27
20 38
71 95
67 76
40 44
55 58
67 82
38 42
45 60
31 92
22 31
10 22
3 11
24 32
9 16
90 96
61 89
37 41
45 66
86 88
77 87
79 88
86 97
24 34
60 74
88 94
89 99
69 83
16 19
80 87
36 49
68 77
18 22
39 54
65 72
64 71
46 54
33 53
14 28
81 83
72 75
18 38
81 93
21 25
13 17
31 72
27 33
68 71
12 17
66 74
49 54
84 96
60 65
27 34
69 75
79 90
76 93
66 74
42 47
82 94
63 64
54 64
67 92
35 39
56 60
84 99
11 29
65 72
40 45
83 95
66 69
13 20
78 92
22 32
49 54
81 89
12 17
13 18
66 71
46 54
86 97
76 81
85 90
2 9
42 54
93 98
67 82
26 36
53 74
57 60
79 82
72 79
27 51
65 76
7 15
38 45
66 96
47 61
84 100
36 39
38 52
37 40
31 43
62 86
18 22
45 62
13 46
8 19
34 39
32 71
79 98
21 30
35 43
61 68
39 54
29 34
16 28
79 82
34 41
81 98
71 75
33 40
22 32
16 21
3 6
17 20
13 35
73 91
47 51
71 77
64 80
51 91
42 53
65 73
33 56
16 23
71 82
15 43
78 85
58 64
11 27
31 43
33 56
2 7
55 65
29 42
35 47
51 64
39 46
33 39
35 42
81 88
58 72
33 44
52 63
69 84
57 59
53 59
27 40
54 75
27 33
59 66
15 21
41 46
64 73
50 59
61 64
84 97
46 61
63 72
55 59
47 63
59 71
28 48
84 95
34 40
73 84
74 83
1 15
72 84
47 88
36 53
14 35
39 46
36 48
76 89
66 71
51 62
17 37
10 15
21 44
34 54
58 64
70 82
30 57
20 27
15 22
12 17
4 13
53 59
81 94
59 62
3 20
78 82
27 38
72 79
9 13
68 70
20 23
91 96
25 36
81 93
73 85
63 74
46 59
4 9
72 76
7 9
42 50
41 49
9 24
83 91
35 47
46 52
37 49
22 45
13 36
61 66
16 48
75 77
20 29
81 90
21 27
15 42
68 72
6 11
58 64
53 56
6 37
57 60
39 51
29 40
19 25
93 98
82 96
60 76
85 94
65 81
86 92
78 81
82 89
27 34
28 41
25 34
81 87
84 90
49 78
18 22
43 47
69 70
21 56
75 87
67 78
86 99
3 8
72 82
83 96
81 83
59 66
12 16
36 46
36 43
96 99
89 91
27 37
59 81
36 47
63 65
8 19
51 59
18 23
40 52
86 93
46 56
38 64
39 54
32 38
83 94
11 18
81 91
86 90
86 90
40 46
18 24
29 41
7 14
92 98
72 81
81 96
46 52
41 55
53 61
69 82
70 77
36 40
90 94
85 100
23 43
86 94
93 95
26 32
56 74
63 71
76 83
42 63
46 53
49 60
52 68
79 86
45 49
95 99
12 19
78 85
52 57
77 85
23 26
9 11
14 23
48 55
40 53
40 62
67 99
34 45
77 85
12 16
20 29
30 34
12 19
60 69
49 60
67 77
20 28
49 70
12 18
38 43
24 35
8 16
43 51
89 91
79 86
70 90
23 29
69 77
71 82
24 31
61 79
44 48
36 44
85 91
88 97
19 31
18 23
93 96
77 97
90 95
2 7
53 62
74 82
22 37
8 24
60 70
5 12
18 34
73 77
60 74
52 60
19 26
23 33
86 92
14 27
45 60
59 84
78 97
68 77
14 30
26 36
52 56
4 11
15 42
54 59
88 93
86 98
37 43
50 57
32 42
25 33
33 38
78 86
50 57
72 80
75 85
82 96
82 97
41 42
32 88
68 72
67 71
69 75
62 67
75 85
77 84
6 21
12 24
32 36
34 43
50 62
59 67
69 73
16 27
75 81
63 68
8 19
48 61
7 15
70 77
97 100
72 86
69 73
76 81
45 51
55 68
73 89
15 30
22 33
47 61
48 57
29 33
76 86
71 86
48 71
9 13
14 22
2 14
25 35
7 13
39 44
79 83
2 11
31 39
15 19
44 49
9 17
66 74
7 21
55 66
20 44
56 68
81 85
73 83
4 7
57 63
7 19
43 54
18 49
96 98
35 49
63 66
87 96
86 93
75 81
17 29
35 39
44 49
41 57
62 69
64 77
55 69
60 86
57 70
80 82
52 63
5 13
36 43
46 54
26 37
80 83
35 73
25 26
32 36
41 81
68 75
35 42
11 34
19 25
59 82
1 8
57 66
77 87
45 55
59 63
63 72
25 41
23 31
77 81
36 54
38 48
36 58
84 100
88 93
5 23
16 27
9 17
27 36
65 72
87 90
7 13
75 79
16 22
29 32
61 73
73 80
58 67
57 87
35 38
85 95
15 20
50 54
10 18
32 38
19 34
58 72
16 21
29 44
21 27
92 99
32 37
63 67
7 23
74 81
98 100
49 53
49 63
86 91
33 34
20 24
71 81
23 63
38 53
16 19
63 68
2 7
56 92
45 50
18 24
51 87
80 90
87 89
42 52
26 37
15 26
38 42
72 80
57 79
5 28
67 81
15 19
50 68
48 58
4 9
25 30
46 48
14 24
90 96
55 62
32 43
16 29
29 42
21 31
91 100
89 100
27 38
13 42
62 100
21 26
75 88
90 93
18 38
3 14
39 54
78 87
37 44
72 85
13 20
16 33
32 48
2 27
50 61
75 93
41 55
38 48
24 29
14 23
76 84
37 62
8 16
5 10
23 27
45 54
47 68
60 77
67 75
20 38
28 32
55 62
54 61
75 89
21 27
31 36
54 67
44 63
34 40
52 71
25 34
77 85
65 70
63 68
68 82
80 94
13 22
9 36
4 9
38 49
52 58
77 84
29 34
35 38
4 11
98 99
23 34
73 78
47 52
57 85
1 19
37 44
34 40
14 27
71 98
20 32
48 57
85 88
32 36
91 96
41 49
14 24
36 44
36 59
54 66
78 86
56 75
56 71
14 27
57 73
12 19
58 62
5 13
70 86
66 74
40 43
76 84
32 61
30 47
80 96
20 43
11 18
39 48
42 50
44 54
27 31
20 25
12 18
64 84
13 54
33 44
56 70
9 19
48 64
75 86
79 96
18 25
62 71
78 83
86 98
33 42
28 38
85 98
34 37
39 45
57 81
64 72
18 37
57 62
38 46
61 65
55 73
65 83
25 31
62 72
95 98
75 89
31 42
9 12
41 49
30 49
21 40
33 41
81 91
34 39
35 50
69 74
69 76
50 61
48 57
26 38
7 17
43 58
18 25
59 67
86 92
40 49
3 19
13 29
28 35
66 70
8 26
1 26
55 64
42 46
34 46
31 44
57 67
54 59
30 40
64 69
40 48
58 77
70 77
77 87
31 39
45 60
34 46
34 41
55 80
64 70
8 18
81 89
65 80
47 75
49 74
54 62
50 54
57 68
77 85
23 32
70 89
74 87
80 93
65 69
71 83
82 95
3 5
5 15
3 23
7 14
46 58
2 9
33 36
36 57
46 53
73 78
48 71
37 47
15 22
30 44
85 99
77 87
24 35
26 37
59 92
44 53
75 82
65 70
67 76
33 41
25 35
82 93
62 64
84 87
25 34
71 77
70 85
41 66
42 47
15 19
35 46
87 95
45 54
85 92
38 44
49 66
10 16
47 52
1 11
55 64
54 74
40 51
20 29
5 28
86 94
55 70
50 76
38 42
33 41
23 47
34 42
40 53
64 72
80 87
41 56
49 61
26 31
56 70
56 71
63 70
26 48
47 65
15 36
78 97
52 72
15 29
5 13
19 40
70 76
54 69
41 51
5 48
16 20
61 77
66 80
88 98
39 46
5 16
44 53
30 60
76 79
58 64
9 19
92 95
53 56
72 82
40 47
11 19
59 65
89 90
82 93
63 71
76 88
62 70
31 39
20 25
90 97
76 95
15 18
15 22
23 32
9 16
88 98
13 23
79 83
30 34
45 52
10 43
13 21
51 65
17 22
72 95
88 95
70 78
83 87
47 66
39 53
1 3
31 47
22 26
39 44
89 98
74 83
74 89
82 91
43 63
27 35
79 100
60 71
78 80
25 41
58 64
55 62
11 35
3 10
54 63
40 47
18 21
12 35
40 63
49 62
46 59
77 96
43 63
32 56
52 57
60 64
47 49
58 63
49 58
32 46
64 83
57 64
29 42
72 85
40 58
73 87
70 74
37 44
59 69
38 50
61 76
25 53
44 49
80 86
31 34
50 66
15 22
44 55
9 13
57 68
38 46
49 54
62 68
69 74
51 71
73 80
82 96
43 50
25 37
81 97
63 76
84 98
30 32
34 42
70 76
54 57
79 83
19 54
36 48
3 8
81 91
16 22
82 86
2 29
53 70
38 48
82 90
48 59
55 65
18 34
32 38
1 5
62 68
90 97
81 91
70 81
35 38
58 65
12 22
77 81
54 68
58 67
74 84
31 43
21 38
40 54
34 48
63 71
35 46
15 25
90 98
43 63
7 23
4 8
89 98
19 24
72 84
16 28
51 55
33 52
71 92
64 75
27 38
1 26
35 42
41 46
45 54
34 43
74 79
55 58
51 52
53 95
92 97
53 59
37 42
85 95
63 70
15 19
32 57
2 9
75 90
68 81
55 59
5 12
56 70
19 27
36 42
59 70
85 88
10 36
7 28
21 29
34 41
90 94
76 97
46 59
1 12
48 53
64 70
54 69
94 98
61 66
19 24
4 6
25 41
44 56
63 81
12 21
83 97
18 28
16 33
81 94
73 83
30 38
14 31
19 22
23 35
69 79
50 60
46 57
16 25
34 48
24 40
81 87
73 84
18 33
25 33
18 43
72 78
23 48
35 38
83 89
7 19
32 38
27 32
61 65
44 52
38 44
66 86
11 19
6 22
47 58
52 62
17 23
39 48
48 69
77 90
3 9
67 73
40 46
62 65
4 27
19 29
85 91
16 31
35 40
85 100
41 49
36 41
73 94
39 48
24 27
1 51
97 99
87 97
47 51
28 38
89 96
11 22
6 28
27 33
65 78
5 31
61 85
30 33
88 95
56 65
41 46
33 45
7 36
18 25
71 81
66 95
15 100
48 80
64 72
44 49
76 86
69 75
11 18
35 39
49 72
67 86
79 86
21 28
81 83
1 8
65 67
48 53
9 23
67 81
58 71
60 76
54 59
12 17
81 87
76 84
53 69
39 46
77 82
80 92
53 64
44 69
53 68
11 13
40 44
83 88
22 43
32 35
82 91
6 35
73 82
70 76
9 13
60 72
23 38
13 18
43 52
28 44
48 62
14 20
39 49
70 79
67 79
49 56
2 16
12 27
68 79
5 22
12 15
59 62
69 73
30 44
9 16
88 92
51 74
86 89
63 69
1 9
29 45
10 24
19 26
55 66
60 65
22 38
61 73
27 31
1 13
77 93
68 75
95 100
70 87
64 74
63 75
73 77
76 82
1 5
19 42
11 22
78 83
44 64
43 51
53 75
19 30
19 27
41 71
45 58
74 82
80 92
25 31
47 55
69 73
11 20
3 7
62 76
30 37
8 9
1 6
82 92
13 17
15 21
8 16
85 90
19 39
35 44
48 67
57 66
8 14
57 76
57 62
38 48
17 23
57 73
36 51
96 100
54 64
7 9
15 19
58 59
84 91
72 98
73 88
77 85
90 100
30 40
1 15
28 34
49 56
47 56
71 85
66 69
24 36
72 78
93 99
80 88
74 89
39 53
75 85
32 39
23 32
72 84
5 26
57 60
63 75
17 31
66 79
26 32
59 63
88 99
44 54
85 89
82 96
37 42
65 78
51 66
29 35
6 16
19 22
88 92
20 27
7 48
76 86
56 61
85 93
66 73
19 42
85 100
52 60
84 94
68 78
42 55
73 86
61 67
9 13
11 18
17 21
56 76
89 96
18 22
74 94
58 65
74 80
32 44
22 36
65 69
23 31
92 96
40 56
57 75
11 19
19 43
12 16
19 27
76 88
5 14
26 32
31 39
5 48
46 57
32 61
28 57
31 33
38 69
19 28
85 89
6 10
2 9
78 80
22 26
75 85
48 57
21 25
12 21
24 46
49 62
14 26
38 55
54 69
28 42
80 82
67 75
21 28
44 56
72 85
62 78
54 66
44 51
8 27
58 65
70 75
3 7
2 9
48 58
43 64
61 74
93 96
52 57
46 65
47 56
65 75
14 20
37 44
35 47
66 71
42 46
25 37
59 80
4 10
19 22
9 22
78 88
18 30
58 62
65 85
63 89
49 51
90 92
30 39
33 50
84 92
28 55
61 73
30 44
8 22
7 24
1 18
23 27
65 80
16 23
19 24
73 79
74 79
43 60
59 64
39 51
15 22
1 15
34 37
19 28
11 19
46 52
88 91
29 37
92 98
37 42
16 37
11 24
31 46
80 84
56 61
36 47
12 23
53 77
88 96
73 76
90 95
8 18
79 87
56 61
27 34
47 61
57 60
21 27
6 16
60 66
47 57
11 32
7 29
9 16
17 32
82 92
89 95
25 38
80 89
10 20
20 30
26 41
81 87
47 72
53 67
40 44
17 25
13 44
24 29
52 58
57 66
13 20
56 75
18 30
30 37
42 61
54 76
53 55
50 72
82 87
4 12
69 74
69 77
60 65
20 29
40 44
74 80
91 96
21 43
49 67
24 35
50 54
83 87
68 78
55 68
70 79
5 16
35 40
86 89
89 99
13 33
75 80
75 95
6 18
28 34
69 92
10 15
3 11
28 41
79 85
27 39
52 63
31 48
79 87
42 55
22 32
63 75
3 14
27 38
38 46
57 70
3 14
54 80
72 84
87 100
22 33
