100 20 20 14
00000000000000000000
00000001100011100000
11000000001110000000
00001110000000001011
00000000010001100000
00000000000010000111
11111100000000100000
00000000011000000100
00000011100000100000
11000100010011010000
00000000101001001100
00000000000010000000
11111000000001000000
00000000000000111111
00110011111100000000
00000100000000110000
11100000000100100011
00000000000000011000
00000000000000000000
0010000000010000100
0010000000010000100
0000101000010010100
0000101000000000100
0000010000000000000
0010010010001010000
0010010010000010100
0001010010000100100
0001010010000100010
0001010100000110000
0001010111000101000
0000010010001001000
0000000000000001000
0000001000100101000
0001001001100000000
0010010100000000000
0010000100100100000
0000000100010010000
0000100101010010000
0000100101010010000
5071
36 52
43 49
28 32
35 43
66 70
48 77
55 64
31 36
67 85
65 69
48 59
72 87
50 54
24 60
53 67
63 91
14 26
75 84
9 14
3 9
53 61
20 37
75 81
37 47
10 12
54 64
89 92
31 33
51 78
67 79
42 63
25 45
5 10
48 54
49 61
11 16
83 90
32 65
67 72
70 87
83 88
15 33
15 21
30 40
43 48
85 94
73 89
37 69
35 51
4 16
2 8
13 17
40 45
7 12
45 52
29 34
39 46
78 86
31 47
38 77
77 80
49 72
14 24
11 14
51 63
78 84
77 89
58 69
50 55
33 42
77 94
12 34
80 88
23 42
24 32
86 91
14 23
42 57
42 77
88 96
39 42
1 13
56 61
40 47
56 66
71 87
68 72
41 48
45 54
28 36
48 54
82 92
15 22
32 40
27 29
32 46
75 80
71 81
84 88
39 45
80 91
64 68
82 88
24 33
49 57
29 36
84 100
33 44
50 58
63 74
90 98
18 29
54 60
79 88
18 26
45 54
1 4
35 41
25 41
44 51
10 21
30 45
59 68
9 16
20 25
23 34
45 54
88 93
18 28
55 59
20 37
49 57
24 35
14 19
25 41
48 61
14 29
73 84
7 33
92 97
35 52
83 88
52 74
41 54
71 81
85 96
2 5
54 63
31 37
40 50
66 74
65 79
91 94
27 32
3 9
76 97
12 20
12 22
21 28
61 66
15 29
73 100
14 41
5 25
13 21
30 38
41 51
18 24
53 67
57 88
74 91
79 91
73 75
3 20
45 49
31 43
54 57
45 51
67 76
24 27
53 65
15 27
6 20
35 42
7 10
51 79
53 63
43 73
19 41
44 51
23 38
61 68
92 96
3 14
54 69
75 77
14 29
57 63
27 36
84 96
62 72
33 55
18 28
3 11
57 67
65 86
22 34
87 97
19 30
2 15
44 46
24 27
1 8
28 37
24 38
51 66
19 25
7 27
4 14
88 95
98 100
62 67
31 41
39 49
41 44
52 54
54 63
74 81
61 68
71 76
81 86
4 7
51 55
45 57
85 92
54 76
2 12
24 33
24 31
56 66
14 19
94 99
17 26
76 88
51 67
83 100
6 21
82 91
38 43
52 60
19 40
34 52
74 76
40 45
77 93
76 79
73 83
38 42
43 69
57 69
52 59
57 82
69 77
3 8
37 45
56 68
9 16
42 79
21 23
17 34
31 35
30 34
57 65
48 50
77 82
72 80
53 66
8 22
83 92
30 46
55 61
18 45
4 12
38 60
2 9
64 75
54 83
69 79
49 53
59 67
62 74
24 36
27 43
25 28
8 19
83 90
77 86
21 26
50 64
14 25
61 72
7 25
46 59
10 40
21 26
81 90
25 36
94 97
84 90
24 40
83 98
65 75
80 86
35 44
56 64
33 51
21 27
1 13
35 41
17 31
73 83
13 23
66 83
4 9
35 47
65 75
30 31
70 76
14 19
17 19
43 51
85 87
60 69
39 47
76 84
65 70
9 12
33 39
78 85
72 90
93 97
55 65
22 34
37 54
17 25
42 58
32 43
47 54
61 66
57 68
82 96
95 97
72 77
48 78
88 93
93 100
5 16
42 56
87 99
45 61
39 44
38 61
62 63
28 41
39 63
74 81
11 21
42 61
7 12
51 61
59 67
25 40
10 43
39 56
62 79
80 99
4 16
30 40
83 87
16 21
21 24
55 70
90 100
24 39
1 7
83 94
69 90
36 44
20 39
4 6
47 53
40 50
83 91
41 63
25 30
49 57
55 61
85 89
75 83
53 55
83 89
5 10
21 30
41 46
50 64
71 83
12 24
46 52
7 19
20 30
85 94
76 91
23 29
74 80
79 86
77 81
25 31
32 39
87 97
39 57
83 93
4 22
27 37
68 79
64 67
57 61
3 19
77 92
85 99
4 14
56 61
29 37
16 25
58 77
31 47
30 32
65 74
56 61
30 37
68 84
46 59
26 35
22 27
31 43
23 31
15 29
15 35
12 34
79 89
32 47
56 63
37 43
25 32
83 94
2 5
15 43
44 52
56 61
42 65
17 55
78 85
48 62
5 9
41 46
41 50
4 16
10 37
57 69
80 91
66 85
69 80
5 12
82 89
2 3
63 72
46 54
62 67
57 74
54 58
9 17
9 17
52 58
7 14
88 99
96 99
30 40
57 61
69 77
48 57
31 44
22 25
30 32
49 55
44 66
53 62
62 74
46 59
40 49
77 81
36 41
47 52
73 89
67 76
86 91
63 71
17 35
45 49
33 40
32 56
21 26
95 100
87 91
60 66
2 6
47 53
57 67
31 39
5 16
3 10
82 100
73 77
50 56
32 39
37 50
72 87
83 89
8 24
24 36
61 68
70 79
12 21
19 28
29 40
66 88
36 44
44 53
82 94
39 47
5 18
57 64
94 99
80 92
67 75
61 70
91 98
43 45
22 36
62 75
58 63
68 73
38 91
8 12
45 69
94 96
48 66
35 48
79 94
26 35
62 67
63 84
22 32
69 92
29 36
85 97
61 63
45 52
14 22
65 73
81 90
30 36
47 82
51 53
76 80
46 65
49 58
13 21
39 47
54 64
34 54
43 68
18 23
14 18
64 70
47 52
89 92
32 39
39 57
69 88
21 30
47 56
42 48
17 26
21 34
18 20
68 77
6 20
78 99
50 54
45 71
80 98
38 75
70 76
85 90
11 23
28 41
28 36
19 21
41 48
2 14
54 65
39 50
18 22
2 10
13 25
70 82
2 11
65 75
42 54
7 10
41 43
25 30
22 44
62 70
61 75
77 81
43 52
45 46
38 40
67 72
69 82
83 90
40 51
43 49
14 27
91 94
3 10
76 97
36 44
19 45
43 53
64 67
50 60
77 86
64 82
29 30
82 92
67 73
76 81
55 92
37 57
56 62
64 67
19 20
51 56
93 96
15 25
33 42
21 27
30 36
84 96
33 48
44 62
85 96
49 59
60 62
8 14
85 93
75 91
83 97
65 74
53 70
41 51
65 72
53 60
9 24
37 42
80 85
40 48
81 86
51 78
28 97
5 19
9 27
50 64
64 76
71 73
15 28
3 7
47 53
64 75
27 30
24 38
75 79
5 16
46 51
31 33
32 41
89 95
50 63
34 39
60 72
57 63
9 33
61 65
50 62
5 13
58 73
2 15
48 74
60 63
49 59
66 80
79 91
38 42
52 65
43 47
88 100
28 33
74 81
4 9
76 84
27 47
49 64
83 89
52 59
48 63
69 71
31 36
77 86
66 81
59 70
86 94
68 72
54 66
83 87
85 100
26 32
69 73
62 73
37 44
47 61
49 53
2 8
61 73
92 98
2 11
20 28
27 34
68 74
36 47
13 28
37 40
57 64
81 91
89 95
87 96
95 97
75 80
65 82
98 99
57 61
37 55
92 99
14 25
64 67
69 76
43 56
87 93
59 65
51 59
65 72
22 27
14 24
26 39
35 41
65 67
26 31
48 71
5 13
39 43
39 47
24 36
29 35
38 42
34 40
71 84
65 67
88 94
38 46
81 90
17 25
36 92
70 90
25 35
85 94
39 50
38 41
70 96
61 68
57 62
14 34
74 79
25 27
47 57
62 69
10 13
70 78
26 33
67 74
51 55
86 96
28 39
26 34
14 30
34 48
41 45
81 94
38 41
44 58
85 91
16 22
1 10
22 31
41 48
84 91
9 35
86 94
25 41
17 30
34 39
34 41
32 38
41 49
85 89
72 85
73 86
13 25
52 65
65 69
81 89
25 57
52 60
61 69
56 59
74 81
78 84
9 15
54 65
57 65
10 32
78 90
1 8
20 37
14 21
34 51
74 83
64 77
35 39
60 62
71 84
16 36
81 85
78 86
47 65
46 50
73 87
10 18
77 80
49 55
23 32
52 56
74 89
43 48
70 77
23 28
27 41
66 69
50 64
9 25
20 43
57 78
15 44
75 91
54 68
6 11
55 58
40 42
26 45
73 86
24 53
48 50
60 72
49 79
32 44
31 33
21 24
13 29
58 71
15 47
51 55
57 62
12 21
41 51
50 72
21 27
49 58
4 29
13 22
44 80
52 58
26 35
32 34
52 61
67 74
80 90
58 62
75 79
78 89
62 76
86 97
32 55
67 76
66 78
10 17
28 40
63 79
6 27
51 57
51 54
76 79
41 49
32 43
28 37
40 47
83 90
54 69
74 88
23 35
3 6
60 65
44 45
19 29
70 81
95 99
45 58
20 23
64 78
36 46
63 73
63 84
17 23
44 47
19 40
67 73
48 52
1 7
19 23
84 93
17 25
5 20
72 90
77 92
55 71
32 37
79 86
21 32
19 48
68 83
38 44
16 24
65 82
29 38
82 96
79 88
71 74
9 26
44 56
12 20
65 76
52 60
89 92
64 88
31 71
78 80
63 74
64 83
11 17
31 56
39 45
52 56
64 82
85 88
72 84
51 61
59 73
38 54
12 23
15 26
59 82
40 44
79 94
94 97
13 23
71 79
24 28
46 53
26 38
13 29
74 77
80 94
83 91
9 27
20 28
56 67
80 92
72 90
89 98
47 66
54 61
14 17
32 57
26 37
73 78
60 77
19 28
60 68
85 94
73 82
14 21
18 33
6 19
65 68
36 59
9 32
88 95
32 39
12 33
42 50
24 31
12 22
22 47
45 54
76 91
82 86
93 99
30 39
18 29
78 99
38 46
97 100
63 83
21 37
54 77
46 57
13 20
50 66
22 24
67 71
70 75
15 31
49 61
76 84
44 58
51 55
17 41
5 21
83 85
5 13
17 20
41 55
59 73
83 96
44 58
54 58
49 65
77 90
79 89
30 36
73 87
47 57
63 66
73 84
64 71
29 55
26 38
81 92
46 60
4 12
35 55
20 30
36 51
29 35
15 34
34 39
79 85
45 58
48 54
25 37
43 56
82 85
64 69
25 29
63 75
59 68
57 69
79 89
78 94
67 84
56 62
9 23
31 46
44 67
31 39
48 66
9 21
87 94
64 76
27 34
24 41
74 96
83 98
52 73
35 50
20 31
75 88
9 23
32 39
80 90
11 25
17 40
74 91
22 41
5 13
32 43
38 42
2 7
10 17
37 47
32 47
55 67
3 13
11 16
19 34
37 47
7 25
76 85
55 64
31 59
59 79
57 68
27 29
60 69
48 56
30 43
8 20
47 53
48 54
29 44
9 23
38 45
41 43
42 48
20 28
37 39
74 81
86 95
14 24
5 12
42 48
16 28
31 40
39 48
14 27
55 72
22 37
60 72
33 37
19 30
5 17
79 93
39 48
94 97
63 71
95 99
85 97
25 43
27 34
94 100
61 71
36 45
8 12
43 46
27 36
75 94
3 22
67 70
23 32
11 17
51 66
54 64
2 11
80 91
79 82
44 55
18 26
31 39
44 54
15 21
52 59
36 49
92 98
40 54
52 55
14 79
94 97
40 61
50 70
37 41
47 58
45 57
5 22
18 23
66 75
34 42
62 69
16 24
19 25
23 29
84 93
33 43
86 92
11 18
66 73
47 51
14 22
58 66
8 19
4 13
49 60
30 42
17 22
80 91
58 94
73 88
77 93
24 30
88 99
22 27
11 26
48 65
46 58
28 42
3 13
9 12
81 84
67 80
10 28
73 89
79 89
26 39
2 5
1 7
72 80
44 57
31 62
60 64
58 70
1 21
68 93
71 76
82 100
58 87
73 84
52 54
11 20
22 37
30 37
27 32
65 71
21 37
46 61
52 62
81 90
27 30
41 51
29 33
48 60
60 83
59 66
89 97
65 82
31 39
46 60
14 26
31 33
23 25
6 30
61 72
55 74
43 65
70 73
35 44
1 10
4 16
2 23
5 38
69 77
17 29
13 18
42 49
69 79
14 22
45 47
43 55
74 77
14 21
17 23
59 69
89 95
55 59
2 17
73 76
59 64
21 29
76 99
61 69
84 97
9 13
3 7
41 60
86 95
53 59
55 75
75 79
35 47
10 21
65 89
46 51
74 91
60 67
90 95
73 79
53 63
34 36
38 52
47 55
75 97
52 65
16 27
51 60
30 44
80 94
61 68
2 13
79 91
40 43
49 52
10 21
19 26
52 63
60 77
42 54
85 90
65 72
47 54
11 23
19 22
26 33
51 58
71 75
44 87
75 97
7 32
68 75
5 19
33 46
39 48
89 94
10 21
30 42
36 39
11 15
78 82
67 84
84 89
60 71
5 16
7 11
68 81
69 80
86 94
27 30
4 12
75 82
60 73
35 43
78 100
7 11
91 100
59 90
17 33
88 100
41 48
38 61
64 81
37 56
30 50
2 10
57 80
15 21
50 55
31 39
53 65
18 22
23 33
28 32
54 66
47 61
56 61
81 95
21 39
26 35
48 53
70 79
53 57
29 46
73 79
26 37
82 85
67 73
67 69
30 40
34 42
91 95
90 94
1 12
58 65
45 51
30 35
28 36
32 48
55 59
16 22
75 92
10 40
66 71
1 20
32 51
20 28
26 49
96 100
67 74
58 64
59 68
35 47
24 34
90 97
5 8
33 43
87 97
33 44
41 47
59 65
42 46
15 27
67 76
30 60
42 55
17 33
28 31
83 93
9 23
21 25
59 65
85 94
29 37
17 23
71 85
36 87
70 80
53 68
27 54
86 95
22 29
6 14
56 61
34 39
28 44
35 54
33 49
41 47
8 20
71 73
3 22
30 36
64 81
20 38
59 63
57 68
34 50
77 97
22 30
38 50
71 77
1 14
28 38
78 89
7 30
71 74
19 24
41 63
74 90
14 16
82 92
35 47
33 42
27 28
85 95
30 31
1 7
58 67
54 60
4 15
91 97
88 98
39 51
70 89
7 14
78 84
23 31
58 72
19 27
50 57
36 44
44 58
30 42
80 89
7 14
41 45
71 84
12 19
39 54
33 37
47 59
71 75
63 70
14 18
39 44
12 24
13 16
84 99
50 57
36 42
71 75
87 92
74 90
39 56
65 73
15 28
78 85
31 42
77 87
19 25
14 25
53 88
65 91
52 55
59 68
41 48
75 77
72 84
77 82
21 31
40 50
68 76
55 76
15 28
66 87
9 12
40 42
83 91
53 67
5 17
66 79
60 70
65 72
64 83
80 89
28 48
10 15
1 7
5 13
36 48
88 90
4 26
83 96
84 96
38 53
15 18
14 22
68 71
51 58
65 69
64 67
52 71
72 80
89 94
28 41
41 54
39 47
40 50
3 41
55 58
68 76
22 36
7 20
25 41
21 24
54 61
67 80
27 30
25 36
23 40
47 60
31 43
15 37
8 11
82 85
28 37
22 31
38 52
18 34
30 46
42 50
64 72
54 70
61 68
90 99
12 20
48 57
69 75
75 82
14 31
72 78
4 25
21 45
54 59
63 84
56 61
57 63
18 25
9 19
84 94
27 39
56 64
40 45
4 18
28 33
1 5
46 58
94 97
71 81
7 13
31 37
44 54
76 87
10 25
51 71
17 30
50 56
19 80
26 45
48 55
69 77
53 99
50 63
8 22
73 80
42 45
18 34
71 76
24 40
2 12
85 88
23 29
14 20
44 48
15 20
19 24
80 84
17 31
24 27
73 76
64 72
70 91
43 71
12 15
53 68
64 69
15 17
6 14
61 73
7 31
76 80
84 91
59 66
23 25
10 27
54 63
8 26
57 80
73 75
33 40
48 52
40 48
38 56
67 82
10 17
25 49
12 49
73 77
42 59
65 79
37 41
62 71
72 79
70 81
63 69
44 58
47 49
22 47
41 49
61 69
73 81
57 64
40 50
3 15
72 98
40 42
84 91
3 8
52 57
79 85
77 91
1 7
28 43
90 96
64 72
77 81
74 76
29 38
8 11
88 95
83 90
53 64
46 63
7 16
17 27
96 98
91 98
53 69
78 86
44 56
35 45
26 35
65 69
75 80
51 59
37 46
1 10
12 35
72 93
5 10
39 50
28 33
64 71
38 53
42 49
59 73
78 87
54 59
51 59
22 24
24 39
69 73
26 45
18 37
96 99
43 62
87 96
84 91
27 51
39 43
85 88
72 88
3 8
68 86
10 22
69 71
33 43
36 46
16 20
71 85
14 20
60 80
28 36
28 34
57 84
71 92
57 67
28 37
73 80
80 88
93 96
62 66
78 97
9 12
48 64
87 97
42 44
88 97
43 65
25 34
54 61
62 80
16 26
31 37
48 59
66 71
4 8
86 92
62 67
42 47
75 84
4 9
6 10
72 74
20 25
24 45
26 45
59 76
84 96
41 84
57 62
80 85
24 27
1 19
42 53
18 29
12 16
13 23
43 54
75 81
39 58
26 29
65 68
53 67
43 50
37 44
56 67
40 61
18 27
7 12
59 67
43 51
41 55
23 34
84 86
75 80
29 44
40 52
45 51
16 28
74 78
26 28
44 57
66 72
14 26
29 36
25 33
79 87
30 58
18 46
62 67
18 26
30 41
23 28
21 35
63 69
91 95
25 35
6 20
79 98
13 20
80 91
55 69
27 30
53 72
35 41
72 88
1 12
5 10
69 79
35 49
77 81
30 39
72 76
54 58
50 62
23 42
16 20
19 23
49 57
71 87
60 67
3 12
56 62
9 15
4 11
85 87
7 15
60 64
80 94
95 98
6 8
66 85
58 69
59 68
22 29
1 20
62 68
80 92
58 65
53 65
71 82
28 34
9 35
91 98
12 24
38 54
7 17
66 71
69 78
2 27
36 39
10 27
14 21
37 42
12 20
32 37
52 57
44 58
4 15
17 30
3 7
59 73
39 46
77 88
73 82
20 28
48 57
91 94
73 88
57 63
76 86
41 63
58 64
85 90
77 95
65 75
19 34
22 35
51 68
10 32
16 22
19 36
42 61
45 62
71 76
23 41
14 25
11 39
36 40
26 44
58 67
71 78
21 35
25 39
83 88
81 85
79 89
67 78
48 56
36 41
9 13
61 67
57 64
73 83
90 94
28 41
29 38
74 88
73 84
60 68
25 27
52 59
6 21
70 78
10 14
39 41
12 25
3 28
17 43
51 63
46 51
71 81
15 23
35 59
28 34
17 29
28 37
33 39
70 75
48 62
4 14
44 70
38 41
55 60
37 39
81 88
37 49
74 78
32 45
14 16
4 14
47 74
34 52
64 65
17 22
91 97
88 94
27 31
23 27
90 96
13 21
24 30
68 83
2 12
11 19
92 95
7 19
36 42
12 23
24 32
53 58
33 57
31 40
51 68
38 57
19 26
51 68
77 97
2 13
75 85
32 44
89 95
20 43
60 66
24 38
81 89
1 9
2 9
85 99
2 9
7 18
24 32
47 51
25 28
66 75
51 58
27 31
60 66
40 46
12 36
56 65
8 23
59 75
31 49
46 60
3 15
92 98
80 94
49 55
50 58
32 39
48 62
17 26
68 78
68 75
40 48
47 54
9 20
43 66
86 92
58 66
25 29
52 59
13 23
60 79
47 55
57 73
88 91
30 40
59 65
92 97
67 74
37 46
78 85
25 34
8 25
35 45
41 49
69 86
5 9
16 22
83 97
46 51
70 77
70 75
37 47
27 32
40 42
62 89
80 89
37 47
44 54
20 35
33 47
82 97
41 52
18 23
7 30
21 25
88 95
21 26
83 96
51 66
38 43
69 73
73 82
32 48
64 72
62 71
72 90
71 76
25 30
21 37
33 46
8 9
13 17
3 8
39 61
3 12
36 42
69 73
56 77
93 98
64 71
2 7
27 67
8 44
39 55
18 24
88 100
10 17
67 76
62 82
51 72
59 76
67 74
37 49
45 56
8 14
63 69
7 17
11 28
49 58
23 28
14 28
63 74
81 87
48 54
54 68
7 19
63 69
24 46
2 5
79 95
47 54
31 41
85 92
51 56
37 48
88 96
56 85
75 90
51 60
75 89
39 43
32 45
71 86
59 63
5 9
64 77
46 60
2 9
12 27
2 11
83 91
73 76
36 41
48 51
48 52
31 37
12 23
23 54
22 29
55 57
46 52
8 31
29 32
9 24
76 88
63 71
71 81
51 71
2 8
5 7
6 15
13 25
55 69
36 41
39 46
53 58
96 99
44 57
33 48
10 12
44 59
34 43
35 49
29 37
36 40
61 69
29 32
94 97
54 62
47 65
37 41
69 75
95 98
45 53
91 94
88 94
1 11
5 11
16 26
72 87
43 53
50 63
88 97
28 33
25 38
33 39
22 28
35 48
50 67
76 91
49 62
71 74
30 40
34 66
86 98
26 44
44 51
31 46
35 41
17 21
20 25
62 72
15 20
21 40
74 82
22 35
2 13
85 100
13 26
15 18
59 67
25 41
53 71
28 30
88 90
78 88
5 22
43 61
57 64
91 98
82 84
14 32
81 90
17 29
17 23
75 94
24 52
80 97
15 52
62 67
50 63
47 52
12 26
39 51
26 40
6 31
31 37
52 56
3 13
13 23
86 98
43 67
4 15
44 57
61 83
11 17
37 47
47 51
88 97
67 75
39 60
39 47
93 96
26 36
41 49
42 78
72 90
71 80
84 92
36 45
47 50
9 11
36 43
63 71
60 63
32 50
52 57
72 83
5 17
47 61
13 41
12 16
19 28
37 48
52 61
2 19
18 39
3 6
37 53
9 21
17 19
28 38
79 88
24 78
39 52
43 50
76 79
30 62
94 95
59 63
51 60
47 53
83 90
42 81
30 39
37 47
79 86
80 91
29 48
15 30
2 20
51 53
8 14
9 10
34 48
77 82
50 61
74 79
53 63
11 14
18 35
28 40
13 23
74 83
26 32
23 28
10 24
68 77
47 51
12 33
21 32
64 95
41 46
75 85
36 40
24 37
50 76
72 83
20 33
39 46
81 94
63 72
48 50
54 59
49 52
25 35
45 62
43 50
26 31
54 62
78 83
62 72
20 30
83 91
90 92
10 15
93 96
7 12
49 56
63 92
46 50
12 31
56 58
13 29
52 62
46 79
46 52
72 83
42 53
66 78
28 33
1 36
76 86
68 76
78 91
60 65
11 26
44 62
2 6
59 64
59 62
18 28
70 86
39 48
12 23
76 82
17 24
72 92
12 21
84 95
56 91
38 47
54 61
2 7
24 32
3 11
37 46
96 99
9 15
23 35
28 51
54 60
63 90
67 80
54 73
87 93
40 67
3 7
61 69
93 98
50 66
66 81
83 87
22 32
58 71
6 27
70 89
88 100
57 69
87 95
45 54
16 27
3 22
37 43
70 87
16 21
65 75
81 99
86 90
72 79
59 63
54 65
32 40
20 28
65 80
63 79
58 65
42 58
56 80
78 98
80 85
62 75
60 65
4 17
70 82
31 36
22 30
41 59
30 36
37 41
62 69
82 98
4 7
46 61
40 42
11 14
27 55
25 33
87 98
37 42
58 72
25 27
77 85
64 76
58 73
93 100
79 88
39 49
66 90
97 100
60 61
78 87
20 48
92 99
22 28
20 26
64 69
47 52
44 68
54 61
95 100
36 49
54 71
8 12
89 94
11 13
30 38
86 95
57 71
76 83
37 49
57 74
17 23
58 71
76 85
83 86
57 62
16 91
12 24
49 67
59 76
24 42
17 29
18 25
2 14
45 55
43 47
6 10
23 40
58 72
42 50
19 25
86 90
38 47
88 98
77 91
86 95
10 17
37 49
66 77
65 71
84 90
5 15
95 100
77 80
63 72
20 24
21 28
38 50
23 37
10 21
10 18
78 85
87 93
50 64
47 55
27 30
70 80
48 60
74 77
26 36
25 31
84 95
76 82
37 68
77 87
1 21
26 39
60 62
9 24
57 67
72 88
85 91
69 74
58 67
93 100
64 79
34 38
66 73
46 57
43 55
45 50
45 60
68 76
72 84
70 87
31 43
69 73
81 90
41 55
73 79
41 53
54 63
33 48
78 83
83 91
38 43
58 64
54 88
41 51
55 63
77 85
11 18
48 52
88 97
9 27
69 84
23 34
3 7
23 28
80 92
4 12
81 89
37 44
13 16
68 72
37 47
17 23
78 89
68 76
1 7
13 22
49 60
13 39
38 44
37 48
16 31
78 88
82 93
36 40
37 47
18 35
82 88
39 43
10 29
8 12
40 46
72 83
77 98
8 10
40 47
54 59
23 31
31 46
60 93
75 78
20 37
6 12
16 19
71 75
10 21
21 28
24 38
19 37
37 40
40 46
14 40
4 13
35 48
74 82
25 39
18 24
49 55
59 63
70 78
37 47
76 79
71 80
70 79
33 46
68 77
14 52
18 30
82 97
94 97
72 81
1 12
38 42
76 79
21 37
74 87
37 44
20 29
82 91
23 34
29 44
29 36
17 27
52 64
20 31
28 38
33 41
2 28
70 88
74 92
19 26
4 19
38 42
6 8
8 23
69 75
15 26
4 11
24 37
15 25
37 46
6 34
38 50
45 49
11 19
35 42
26 33
72 97
71 90
64 84
78 95
52 72
16 18
62 73
85 88
40 46
16 22
17 21
69 81
41 46
36 40
86 97
41 57
30 60
26 41
61 75
62 95
87 90
76 83
52 53
21 28
18 22
89 98
37 44
59 71
69 92
69 75
7 16
44 58
7 16
29 35
18 42
44 50
24 27
77 88
43 48
7 10
9 14
11 18
79 88
66 75
69 73
51 55
58 62
65 73
7 13
33 47
81 86
24 31
62 74
42 45
44 47
61 67
87 98
17 22
16 22
31 32
94 99
62 77
47 60
11 45
48 53
44 55
44 52
26 30
55 61
12 20
92 98
64 79
34 47
45 56
6 9
16 19
58 67
29 35
78 85
72 98
61 70
88 95
66 74
72 96
68 73
68 74
33 40
66 79
31 45
4 12
1 3
1 12
7 11
86 91
2 8
45 49
82 100
16 30
71 83
12 19
79 94
1 9
11 25
60 88
45 49
53 69
61 78
59 70
51 72
48 69
26 29
33 40
51 57
34 41
54 59
62 67
64 78
85 95
22 33
78 93
65 73
53 72
52 64
68 74
57 64
9 10
26 48
63 69
2 9
31 40
89 98
27 42
55 79
22 30
10 17
22 31
21 24
76 81
35 39
17 26
16 27
65 70
35 45
36 47
44 58
33 43
1 15
33 41
46 53
85 93
60 74
30 40
51 59
51 70
49 64
5 14
16 21
12 18
19 23
69 83
17 24
70 78
25 34
12 22
19 43
21 23
63 66
74 93
93 97
54 63
73 78
20 40
34 44
27 31
36 50
22 26
47 55
80 98
54 64
60 64
18 35
6 19
74 78
8 27
56 64
2 21
61 84
78 88
90 100
7 20
39 44
72 84
54 77
19 23
62 68
95 97
41 58
61 77
19 25
92 94
59 72
39 48
21 39
57 61
18 34
82 94
37 47
81 86
3 22
9 11
48 53
57 68
10 23
51 59
92 97
13 23
28 49
40 46
47 69
45 96
38 56
43 53
78 91
75 89
79 93
73 83
31 38
25 35
47 72
56 60
48 53
29 34
8 19
39 54
44 52
52 58
39 60
17 30
85 90
49 59
1 20
11 17
37 45
51 56
1 4
6 16
5 32
43 56
40 47
46 67
3 16
44 53
14 20
47 55
75 95
43 65
35 39
73 77
89 97
65 92
20 32
84 87
21 24
43 55
79 94
19 30
60 77
24 26
26 42
81 96
17 29
5 15
12 24
38 57
55 67
52 59
50 71
15 20
79 88
20 23
41 51
72 92
71 96
65 72
42 62
38 43
1 11
51 59
61 69
78 82
60 83
24 33
33 53
17 22
29 40
93 99
27 35
48 76
66 77
34 40
38 44
4 12
70 78
26 31
28 33
11 21
56 63
29 43
75 81
9 16
82 90
64 69
18 24
70 73
47 71
59 67
85 90
56 85
57 65
20 25
29 38
74 75
31 45
33 39
82 94
40 50
40 47
11 21
91 99
16 46
4 33
58 64
22 25
42 60
79 80
22 39
72 86
24 35
73 80
65 82
80 100
4 11
57 61
78 89
21 24
89 98
20 38
4 11
62 75
74 82
56 74
33 48
84 89
68 76
11 25
20 35
84 96
60 92
1 8
65 73
30 41
53 63
54 58
21 43
25 29
57 63
67 69
14 22
10 20
69 84
9 19
13 17
61 69
53 57
43 49
70 79
12 23
54 55
95 100
63 85
7 15
14 19
59 69
7 10
73 81
31 33
74 78
36 46
12 27
46 61
63 69
44 52
18 23
79 87
81 84
41 56
28 54
1 2
2 16
74 88
77 86
3 10
3 18
70 98
35 44
24 33
66 78
18 23
61 73
7 18
53 59
64 70
17 47
65 69
33 40
59 65
70 91
59 80
67 88
55 69
62 76
86 96
31 51
66 79
23 29
63 69
16 34
49 54
25 28
63 73
73 100
17 28
68 75
46 57
39 61
5 11
18 27
34 41
47 50
7 14
74 88
8 14
59 63
48 56
31 62
44 58
45 54
4 7
4 14
78 99
21 42
57 72
22 31
45 52
61 68
38 43
28 33
32 46
44 49
14 39
38 40
44 59
15 41
42 62
64 78
32 40
31 49
48 65
80 91
73 80
44 58
87 98
73 81
53 61
4 29
11 21
18 24
11 22
70 75
39 51
68 74
86 100
26 29
21 33
8 28
9 16
37 39
69 77
22 25
20 26
26 31
36 38
24 27
11 15
8 14
81 88
62 73
44 57
30 50
6 18
71 84
10 30
25 36
18 30
83 87
65 76
14 25
74 89
9 12
32 45
15 25
2 17
67 71
51 57
38 42
19 26
2 7
57 76
14 23
60 82
27 33
55 68
36 42
97 99
45 51
29 32
6 12
78 91
60 72
56 59
5 21
35 63
57 73
9 17
54 65
67 77
82 90
93 96
66 70
19 37
19 32
79 85
24 35
19 25
61 69
63 67
60 63
12 36
77 85
71 81
40 57
43 50
91 97
35 37
34 43
85 95
80 84
11 14
3 13
60 69
17 36
61 71
12 22
53 68
81 88
42 53
62 70
54 64
94 99
27 28
74 83
54 81
71 82
79 88
70 88
75 81
61 79
46 50
61 79
48 59
22 33
50 53
26 42
16 36
14 17
46 73
50 73
46 54
21 32
48 65
75 86
88 99
57 62
12 21
46 55
41 49
45 51
25 37
26 32
73 76
48 57
11 24
59 77
69 77
9 17
67 77
76 82
78 93
41 46
26 50
86 99
40 50
10 16
20 46
3 19
34 53
73 84
38 47
47 55
39 58
48 66
12 15
38 48
89 99
35 61
51 65
58 86
96 99
72 79
28 39
71 87
88 97
10 25
45 61
2 5
89 98
47 68
51 62
25 30
24 27
41 55
13 18
14 24
25 33
78 90
8 17
22 23
85 100
61 69
63 66
39 52
81 89
36 43
57 61
44 51
86 93
62 82
13 17
91 99
1 7
16 22
90 99
44 54
88 100
53 80
29 31
47 75
2 15
32 36
26 46
49 53
21 33
44 59
51 56
5 9
18 25
44 58
64 68
84 91
90 98
22 38
40 47
56 64
36 55
37 38
35 40
18 27
64 67
48 51
71 91
34 54
68 76
35 46
29 42
44 61
69 75
70 85
9 26
18 21
71 76
62 78
42 53
49 50
30 39
72 88
55 66
55 74
20 41
31 35
71 80
52 61
67 80
7 24
57 68
14 18
12 26
95 99
10 33
57 66
42 47
7 13
30 40
41 54
69 100
43 63
77 85
56 60
43 47
55 64
32 40
26 33
90 93
55 73
64 67
66 70
88 95
36 41
12 22
27 34
31 37
31 46
73 79
15 35
22 31
75 87
25 43
80 94
23 38
1 11
81 92
48 54
79 85
96 100
37 48
80 96
19 26
71 77
25 32
58 61
25 37
38 47
20 26
82 89
52 66
24 34
83 89
1 13
75 85
47 51
68 84
35 40
38 40
5 21
68 74
49 53
5 23
20 24
73 80
4 41
80 90
72 75
49 63
34 44
49 60
39 43
58 72
6 17
38 40
27 31
15 23
18 30
26 43
50 59
77 93
79 88
29 40
87 93
66 76
47 54
22 32
4 9
34 41
23 29
18 34
87 95
38 46
52 66
52 74
19 74
29 47
12 16
27 37
23 28
20 32
21 26
70 74
24 31
24 51
60 73
48 68
43 61
67 71
77 90
8 15
10 33
42 54
20 23
52 70
57 60
10 25
18 25
15 19
58 69
84 95
58 62
70 75
59 65
47 60
75 88
59 67
91 100
8 24
68 87
41 48
46 51
15 21
90 95
59 74
67 91
61 83
25 27
67 73
89 95
75 83
9 25
41 51
40 47
34 70
12 18
60 71
19 31
47 59
44 48
43 51
17 29
78 99
31 48
57 68
95 97
64 72
59 68
89 97
78 90
86 99
33 40
34 40
75 87
86 91
1 18
12 17
62 81
51 61
90 100
31 39
6 10
62 72
70 80
50 56
75 85
26 33
27 40
33 50
4 12
2 10
3 8
15 38
3 22
49 62
6 45
46 50
81 88
34 43
22 34
4 13
37 45
33 54
89 98
62 74
64 72
13 22
29 31
55 65
44 53
79 82
47 52
26 34
69 74
52 65
21 34
44 50
25 29
48 54
46 55
14 21
8 14
73 80
51 69
25 31
3 8
80 85
26 38
9 15
4 18
54 58
77 84
35 36
11 34
28 50
77 84
64 77
39 53
78 89
2 10
41 46
31 43
49 54
62 67
45 48
61 71
39 47
61 76
23 30
94 100
65 72
39 51
30 39
8 13
79 81
27 37
61 72
52 60
35 44
37 40
40 41
37 42
42 55
21 30
39 44
53 59
62 71
74 85
45 54
25 32
63 68
14 16
39 48
84 86
58 70
18 25
63 75
93 99
31 39
18 39
35 47
26 38
54 61
15 31
8 21
15 27
47 53
74 81
46 54
35 39
88 100
20 34
37 42
67 80
76 84
49 73
22 57
8 28
37 41
56 61
41 55
27 43
3 11
98 99
22 40
80 90
78 81
34 47
71 84
61 62
37 41
60 71
73 84
93 98
72 77
74 84
34 47
58 62
66 74
75 82
65 76
74 91
50 75
7 23
60 74
22 33
36 53
72 78
51 69
68 88
51 62
32 46
55 68
51 54
64 81
39 44
24 30
79 88
22 42
22 38
42 50
61 69
60 68
36 51
73 82
78 84
12 26
68 86
49 55
85 91
81 96
45 52
64 69
93 98
76 81
66 77
23 24
40 47
61 70
31 34
74 78
69 100
69 85
95 100
67 96
11 25
71 99
60 72
3 23
29 39
44 47
12 16
68 77
31 38
6 14
54 63
23 39
47 59
93 99
50 55
15 25
61 73
94 97
56 77
40 45
22 29
25 32
53 60
6 10
94 98
41 70
6 8
19 26
27 35
70 75
48 54
73 87
2 21
22 34
58 70
12 19
38 62
36 47
87 97
66 75
31 43
35 43
63 82
11 14
14 25
3 6
17 21
9 13
8 16
81 92
39 60
1 2
1 9
36 50
72 94
41 50
85 92
41 48
59 74
23 33
66 69
14 40
67 72
2 10
59 78
6 8
30 43
23 47
42 73
38 43
11 26
34 44
19 49
57 73
35 39
84 92
86 92
87 93
74 84
73 82
91 96
43 66
36 39
48 60
46 66
66 78
57 65
74 80
34 54
78 81
43 51
14 19
8 16
42 50
65 74
43 58
53 67
73 89
48 55
73 79
36 44
44 48
10 15
57 60
58 63
66 72
82 84
10 19
3 8
36 42
26 55
60 69
84 85
34 44
34 56
11 20
14 21
45 58
39 57
34 54
72 84
89 95
87 89
22 26
50 56
16 26
51 68
55 62
36 47
50 69
28 42
34 43
10 15
34 46
80 92
46 49
29 48
34 45
76 80
11 21
47 57
50 58
12 20
93 100
65 70
68 82
18 30
12 18
73 86
45 62
61 68
88 94
27 34
86 92
66 77
20 25
66 69
12 18
79 93
16 23
27 33
17 38
38 40
1 9
7 13
44 56
31 36
27 45
53 66
8 19
23 37
66 72
64 79
18 25
33 45
62 71
85 100
61 75
82 86
24 38
24 30
20 23
41 58
76 87
82 90
5 23
33 40
78 87
43 50
87 92
79 98
33 39
56 64
64 74
36 44
42 60
69 74
12 27
72 91
62 83
27 37
32 38
13 16
43 50
71 81
33 36
82 94
39 48
5 12
66 71
64 78
75 89
79 86
86 97
49 53
68 79
23 39
19 27
40 62
35 44
36 40
40 47
48 56
92 96
34 39
33 38
44 50
1 6
18 30
39 58
31 66
62 77
71 89
79 86
15 22
5 17
60 79
18 27
61 73
65 71
61 67
66 74
34 52
57 64
47 72
47 63
29 58
56 60
91 94
38 42
46 62
21 28
31 45
30 39
1 14
3 13
42 51
59 71
73 80
60 68
79 85
57 60
35 47
47 63
26 34
14 16
72 79
60 63
24 31
84 96
35 52
51 62
23 26
80 84
80 90
6 12
66 93
41 53
67 72
79 84
89 95
75 81
52 55
47 61
65 68
80 90
9 32
4 20
82 88
83 98
90 95
88 95
74 82
84 88
45 55
21 37
10 20
56 67
20 23
55 73
13 28
30 33
52 56
2 7
18 36
21 50
7 16
13 19
38 46
73 94
80 92
70 83
22 31
2 6
41 50
41 48
1 4
58 63
37 42
28 37
93 98
47 58
55 71
32 35
98 100
78 96
16 19
29 35
24 76
47 59
30 35
17 24
63 68
79 85
11 15
79 85
69 85
22 33
22 32
43 47
32 65
2 13
10 16
35 51
31 40
41 51
80 88
19 27
33 42
32 37
17 24
41 50
50 59
31 45
56 78
82 94
41 56
41 71
62 74
8 18
19 31
31 48
66 70
35 41
52 58
63 73
93 100
62 69
72 80
35 37
84 92
44 50
49 57
14 17
68 75
48 68
83 89
66 88
9 22
49 89
50 61
85 89
33 47
46 53
51 57
83 85
48 55
82 85
37 44
25 39
63 71
61 73
58 100
60 65
16 21
10 33
37 46
70 75
69 79
7 18
80 94
57 71
13 31
6 20
4 16
9 17
78 79
80 84
56 62
12 30
57 63
81 91
80 88
76 85
7 25
38 44
88 96
8 15
45 48
75 85
75 79
76 100
48 56
38 52
18 21
40 46
66 74
77 85
87 95
18 28
38 54
53 67
46 58
36 47
83 98
68 74
74 82
3 11
12 48
23 28
4 6
37 75
45 59
61 72
41 49
37 43
38 43
75 100
15 45
76 94
88 96
10 21
71 79
20 33
34 37
56 77
78 90
62 88
89 97
19 37
33 37
10 18
32 35
16 21
48 53
56 63
88 93
24 42
67 71
78 96
60 70
6 21
13 21
86 89
59 69
27 30
60 69
54 66
35 46
55 63
87 94
28 75
22 35
76 82
21 29
74 85
89 96
65 71
60 72
30 38
37 42
30 49
83 94
74 83
45 56
37 67
28 30
3 20
38 43
73 78
35 41
7 19
78 90
70 89
35 45
83 90
13 24
17 31
75 79
41 47
55 65
34 41
23 27
91 98
9 23
75 81
56 65
60 82
85 89
6 23
81 87
36 41
25 45
34 54
96 99
14 20
77 78
29 32
14 25
84 92
74 78
12 19
56 65
3 12
76 99
68 79
13 39
32 40
19 31
65 73
1 30
43 48
77 90
32 39
88 89
1 10
70 97
15 32
4 14
8 41
53 59
52 58
2 10
84 85
19 29
63 65
25 33
2 13
60 72
49 69
86 97
14 19
13 18
27 30
11 27
13 39
33 60
36 57
67 70
15 18
90 93
40 43
38 58
80 90
91 100
21 25
3 6
40 44
50 54
34 64
89 99
66 70
62 67
55 57
50 74
22 34
68 80
10 22
26 31
72 82
61 65
42 52
61 70
61 67
86 92
7 14
29 35
77 83
26 29
64 70
80 85
9 39
30 37
29 33
85 88
28 33
38 48
19 30
43 47
56 66
29 46
71 92
14 30
36 53
81 100
7 23
37 44
15 22
12 25
3 29
24 28
1 12
11 22
90 93
2 11
92 97
17 22
84 86
21 23
24 33
68 77
32 34
24 39
26 35
24 35
45 55
42 54
2 10
27 42
32 38
26 37
82 90
57 65
32 36
1 8
47 58
30 35
4 28
2 7
13 25
65 78
4 15
59 66
65 70
40 51
73 79
9 17
73 85
40 45
45 50
2 16
68 72
40 51
83 90
31 59
10 14
60 72
94 99
57 65
23 40
73 79
53 79
83 92
55 68
69 73
64 68
57 72
12 22
61 69
46 61
31 42
15 20
57 59
58 62
65 77
56 67
94 100
38 45
64 76
31 38
35 66
60 74
63 74
19 34
53 68
54 78
78 98
15 42
78 93
17 29
84 96
89 97
62 71
26 39
36 50
24 30
91 98
46 48
80 89
47 58
84 94
83 92
16 29
26 36
56 59
62 71
45 54
80 87
25 48
89 99
62 74
95 100
35 49
54 73
25 31
55 74
46 59
39 50
7 15
66 85
61 67
46 58
65 82
70 80
53 57
69 72
26 36
22 29
49 60
17 28
10 25
19 30
70 82
22 26
4 9
55 59
96 99
16 23
52 58
41 44
15 21
69 74
62 80
21 41
75 93
16 26
91 96
33 37
28 38
11 13
83 88
40 80
35 42
54 87
77 87
72 77
88 96
95 99
56 64
59 76
32 61
13 26
12 15
44 55
26 30
75 82
54 78
41 48
28 56
1 12
52 64
48 68
90 97
41 51
15 23
80 94
24 49
83 97
37 43
2 10
42 63
76 94
82 89
58 61
93 97
69 78
20 50
58 71
65 78
66 78
90 98
8 13
35 64
25 28
93 100
56 71
77 94
59 69
45 57
8 18
60 64
81 88
67 78
14 26
89 92
82 96
52 60
24 27
67 79
46 56
53 77
71 76
22 27
50 61
13 35
73 84
71 87
51 55
30 38
66 81
91 97
65 73
29 39
67 73
43 52
8 20
41 50
46 67
23 31
58 74
10 23
45 55
47 56
83 91
60 78
29 31
38 59
54 71
36 46
28 33
35 46
7 13
40 53
11 20
63 74
48 82
52 56
83 92
86 94
48 60
69 75
58 67
31 38
16 21
6 27
38 47
25 32
8 25
70 85
83 96
31 46
5 14
59 77
17 22
5 22
57 68
36 46
25 39
19 34
67 79
31 40
67 71
5 16
21 30
55 71
38 57
84 93
43 53
18 20
87 92
4 15
26 30
43 61
80 86
6 24
47 57
61 77
61 70
26 32
50 59
12 36
36 57
6 9
31 34
45 62
5 21
15 26
20 43
60 73
35 44
3 18
35 40
73 83
91 98
78 89
55 57
79 90
6 14
51 60
10 27
7 20
71 76
72 76
45 67
4 34
32 35
1 30
28 34
45 60
58 83
73 86
63 75
43 49
62 71
17 25
37 42
65 84
61 65
90 98
20 26
33 42
65 70
23 30
56 61
51 59
24 34
10 19
40 50
19 24
38 67
42 50
23 35
14 24
6 15
78 82
64 72
41 50
46 49
38 46
66 76
25 30
68 72
58 67
42 48
27 45
4 37
63 72
23 36
22 35
15 38
23 35
86 95
17 30
41 44
45 47
5 19
13 22
83 93
32 52
43 51
6 9
63 68
25 36
52 54
83 93
86 91
3 15
35 44
69 73
5 15
12 15
75 91
68 69
29 32
73 91
43 48
24 43
94 100
80 92
27 28
71 73
10 57
78 80
3 12
84 90
28 57
68 98
63 68
47 55
36 40
4 16
33 35
18 25
92 97
80 94
27 43
63 79
8 11
43 53
36 55
94 98
34 55
92 94
80 92
42 47
25 36
37 54
20 26
39 53
20 53
85 96
56 71
32 41
25 32
34 46
16 22
65 76
31 33
36 39
59 65
78 89
57 77
34 42
72 79
84 88
15 29
64 88
86 95
40 45
81 91
5 12
26 74
63 73
50 64
2 15
87 93
52 63
93 97
56 65
31 36
72 89
78 84
78 99
45 51
17 24
28 44
22 25
45 78
67 78
26 31
10 40
83 98
55 63
23 70
51 67
14 22
15 20
71 80
51 56
7 31
61 85
95 98
53 61
6 28
92 99
3 5
61 73
89 95
77 89
69 76
45 59
7 18
43 48
88 92
72 81
87 94
45 49
96 100
12 19
67 68
76 98
59 62
6 19
12 24
59 61
18 24
49 60
54 61
28 33
84 90
26 40
52 59
43 51
39 46
63 90
14 30
63 80
52 61
72 75
40 48
71 75
24 39
68 73
23 46
32 39
57 62
35 42
73 76
78 99
70 89
57 61
50 61
89 98
14 36
14 21
6 13
19 27
13 31
28 39
65 83
23 54
54 66
79 95
14 21
35 48
78 93
60 65
42 52
77 80
36 38
32 41
39 45
86 87
43 48
3 7
46 68
42 49
38 46
48 54
4 15
92 95
71 86
43 49
12 44
58 65
42 48
16 36
2 6
57 73
16 20
44 51
77 83
52 57
41 47
14 16
51 58
69 83
33 54
36 57
84 91
84 95
43 51
26 38
17 29
69 79
75 79
14 18
75 83
49 59
67 85
31 85
73 91
53 63
66 67
9 30
42 61
88 97
65 74
58 65
3 19
12 29
49 66
65 83
71 82
85 87
5 55
52 58
35 51
67 79
20 54
26 37
50 58
76 93
14 19
68 74
10 18
55 60
9 14
28 33
49 74
85 92
67 72
64 77
58 64
36 68
91 95
8 20
78 84
67 80
14 18
36 42
44 54
17 24
