100 20 20 8
00000000000000000000
00000000000000000000
00000000000000000000
00000111000001100000
00000000000000000000
00000000000000011111
00000000000000000000
00000000000000000000
11111111111111000000
00000000000000000000
00000000000000000000
00000000000000000000
00000000000011100000
00000000000000011111
00000011100000000000
00000000000000000000
00000000000000000000
00000000000000000000
00000000000000000000
0000000100000000000
0000000100000000000
0000000100000000000
0000000100000000000
0000100000000010000
0000000000000010000
0000000000000000000
0000000000000000000
0000000000000000000
0000010001000000000
0000010001000000000
0000010000000000000
0000010000000000000
0000010000000010000
0000010000000000000
0000000000000000000
0000000000000000000
0000000000000000000
0000000000000000000
0000000000000000000
5793
42 59
46 52
63 84
33 51
50 88
66 73
60 76
86 96
46 51
79 96
40 49
20 31
84 97
74 76
81 90
46 61
22 26
83 94
13 25
54 61
16 21
19 34
12 23
50 59
67 72
75 82
38 50
26 34
36 41
78 86
28 38
66 78
24 33
2 16
37 55
58 72
65 70
87 89
18 29
19 33
21 39
7 11
73 80
51 54
58 69
47 51
28 57
85 91
10 28
44 61
4 18
39 58
61 63
47 59
65 73
13 21
22 27
90 99
52 61
26 32
2 27
45 52
96 100
1 9
1 16
44 51
8 47
41 46
1 8
24 34
64 75
3 6
15 33
27 37
16 32
73 84
19 26
63 71
64 73
26 39
30 35
47 52
54 60
50 59
88 91
8 14
57 74
52 68
5 12
32 46
7 13
18 29
42 47
64 69
85 91
69 84
59 66
34 47
88 90
12 19
29 36
71 79
42 44
62 71
11 23
32 46
50 53
21 29
10 35
43 61
8 16
27 30
43 59
72 77
92 94
18 29
53 56
83 87
33 48
84 98
54 74
93 94
32 43
6 17
48 59
19 28
60 64
35 43
24 42
48 58
5 28
74 92
10 52
54 63
72 90
73 86
4 16
5 14
41 53
53 55
65 77
70 75
76 79
17 33
83 94
74 83
71 76
52 61
53 61
85 89
47 48
19 28
86 92
51 57
68 95
69 85
38 47
62 73
3 16
38 47
72 76
86 88
47 53
64 75
30 39
74 78
28 39
6 17
88 98
75 88
41 46
96 100
74 78
60 72
75 80
33 36
10 17
23 43
60 65
27 40
62 75
40 45
32 40
58 67
24 35
89 93
44 48
80 96
74 86
90 94
58 66
63 81
39 56
50 59
45 54
46 61
36 47
7 15
69 84
54 60
14 18
76 86
13 18
87 93
43 46
12 17
57 73
39 44
30 46
70 73
26 42
65 78
45 54
21 27
39 50
44 54
67 77
18 26
69 82
59 68
57 64
14 17
17 21
90 100
57 77
68 75
37 54
41 45
32 48
73 76
16 22
31 43
80 82
41 46
26 27
71 78
84 87
84 92
57 61
9 16
53 59
5 11
53 76
24 30
35 49
52 57
39 45
49 59
69 74
74 81
39 47
69 78
42 64
81 89
64 71
44 55
87 91
31 38
39 49
15 22
62 93
39 45
38 45
94 99
59 66
38 53
8 38
63 71
3 12
86 92
30 37
4 11
45 54
37 51
79 80
43 51
62 72
34 54
35 44
88 97
61 72
66 75
1 5
47 65
17 19
34 40
87 96
48 58
27 41
66 75
69 71
28 32
80 86
50 54
75 78
34 37
58 63
27 38
37 76
25 34
61 86
33 42
40 51
75 84
17 27
36 53
21 27
43 61
15 27
50 65
10 15
54 61
91 100
28 42
36 44
46 55
70 75
67 74
13 16
9 20
29 40
1 31
26 39
67 76
13 37
85 90
55 62
2 8
57 65
74 82
22 26
30 42
1 2
9 31
81 89
76 94
51 71
17 21
13 30
36 45
4 8
38 48
50 54
36 46
3 6
44 51
53 82
82 88
73 87
45 52
60 68
19 32
71 77
90 97
68 74
40 44
6 12
37 48
27 41
68 74
72 84
75 81
46 56
47 51
63 83
36 51
10 19
5 18
67 72
21 39
42 53
40 42
19 24
62 69
30 37
50 59
42 69
64 76
76 79
50 59
56 72
7 9
8 19
26 41
65 85
87 97
56 67
70 91
84 95
68 88
71 90
36 60
6 12
2 10
14 20
80 85
65 99
3 10
33 58
80 91
28 33
5 27
72 87
39 54
39 47
1 9
48 74
41 48
32 36
78 82
54 66
90 93
90 97
18 35
1 12
75 80
12 21
66 92
4 12
81 96
2 11
80 82
22 29
32 47
25 35
37 57
10 16
21 22
18 32
5 12
47 58
36 41
66 74
3 16
41 49
17 31
34 42
3 12
77 85
2 7
51 58
79 86
53 66
66 85
50 53
82 85
13 27
90 99
6 17
47 55
22 31
30 39
55 58
66 70
61 69
19 25
17 30
73 95
18 33
73 81
20 33
90 94
24 32
23 50
7 16
25 32
39 57
84 93
87 99
74 91
23 54
17 30
30 40
57 64
65 71
86 96
90 95
22 41
78 83
30 33
3 34
80 90
19 24
33 37
86 90
80 84
94 96
78 88
12 22
73 78
33 42
46 49
27 32
23 34
24 31
45 75
10 23
18 67
59 64
11 22
8 22
10 16
89 95
42 49
5 8
25 60
94 96
36 41
8 13
65 77
26 29
14 23
62 71
69 83
58 74
52 57
19 29
27 37
20 40
68 89
1 5
91 95
15 23
26 40
27 42
31 61
84 93
68 81
78 83
75 95
83 84
61 68
35 41
1 14
53 65
78 85
23 43
76 81
67 69
36 43
28 35
52 59
63 66
40 46
63 70
55 71
67 73
60 82
75 80
7 10
59 82
6 15
3 17
66 90
50 53
65 68
46 58
88 97
77 94
19 29
1 11
20 30
98 100
60 65
19 26
71 86
61 87
34 41
78 87
50 57
15 24
68 72
87 94
80 98
7 27
37 67
57 66
73 84
86 89
93 99
92 97
61 75
5 11
57 89
16 21
42 60
91 97
53 85
46 50
49 54
31 41
51 59
44 47
85 96
40 46
60 61
68 73
66 74
50 53
27 35
44 47
25 39
26 36
1 14
52 68
43 48
27 53
58 72
73 77
57 61
13 21
67 74
22 41
16 27
73 85
67 74
43 63
22 25
32 53
10 25
22 38
30 42
75 100
34 37
89 99
45 53
13 26
44 66
65 75
34 38
2 6
69 77
51 60
67 73
19 23
6 15
8 13
44 53
75 82
41 52
91 95
80 86
29 35
8 15
1 11
10 22
48 63
68 78
70 75
52 74
92 100
55 63
10 23
72 80
13 27
4 11
68 74
67 79
29 38
85 90
4 17
18 24
39 73
49 60
52 59
66 84
12 30
43 46
45 57
40 53
43 48
35 52
52 59
86 94
95 99
48 60
54 58
96 99
22 28
4 16
72 84
9 18
23 37
43 51
46 50
73 78
31 38
32 55
69 74
88 93
42 51
20 43
23 40
80 86
96 100
50 61
74 82
35 36
89 95
95 100
26 77
97 100
27 32
4 15
19 33
36 39
8 48
45 59
58 62
76 88
15 30
44 46
49 59
27 32
59 66
47 56
20 24
45 52
15 24
66 85
64 75
50 65
71 100
75 83
88 99
27 36
40 46
59 68
8 11
68 78
31 44
56 80
5 9
79 93
42 47
40 47
10 12
82 87
34 38
9 22
97 100
70 74
70 78
17 36
62 94
10 14
41 76
62 71
59 68
52 64
40 53
65 86
38 45
27 37
22 54
17 28
73 95
41 54
65 80
58 62
62 76
28 38
2 10
54 58
62 76
7 10
63 82
12 35
23 31
16 33
29 35
31 40
77 91
54 58
78 85
11 19
76 86
63 95
47 50
53 56
39 53
22 33
58 67
39 48
86 93
66 74
59 72
60 75
84 88
33 62
62 67
76 86
66 71
65 74
67 88
69 91
37 47
17 20
51 64
18 22
42 54
33 40
61 76
80 100
17 20
13 23
8 26
88 100
20 23
32 42
60 69
39 46
83 88
12 19
18 29
88 94
39 45
63 87
65 77
95 99
67 78
1 3
21 31
41 45
78 88
23 33
52 62
20 34
30 55
3 15
56 61
47 56
23 37
65 73
55 59
38 53
42 56
32 42
18 23
43 51
21 24
63 84
14 26
32 40
29 35
69 73
8 17
67 77
84 88
21 27
79 86
18 24
73 87
17 35
33 37
58 62
29 34
32 36
85 93
59 74
46 68
87 98
42 56
26 34
77 83
13 18
81 98
64 72
83 91
55 61
88 98
79 83
24 32
22 29
55 60
81 86
75 79
83 87
43 53
12 17
19 27
42 47
41 46
65 72
29 34
26 39
50 55
14 17
71 80
49 59
64 72
3 9
72 86
75 78
53 59
80 86
24 43
9 23
10 19
6 24
7 23
59 86
73 80
42 47
65 68
70 77
65 81
54 60
59 65
79 86
28 46
74 80
51 56
53 59
71 79
66 82
3 6
87 99
58 76
72 80
92 100
62 68
16 48
30 52
85 95
47 54
16 20
44 51
62 82
89 100
86 90
71 77
64 77
93 96
87 99
35 50
32 37
74 84
4 13
45 56
24 40
45 58
67 71
89 95
29 32
45 56
92 100
54 85
40 49
79 83
56 62
53 61
32 47
34 39
70 85
27 39
44 68
46 50
40 48
80 91
85 92
39 60
38 42
81 93
90 98
4 12
16 44
25 31
73 87
92 98
49 55
50 54
81 88
47 53
62 73
33 38
73 97
5 11
39 43
72 83
52 57
34 42
13 17
27 31
68 73
57 68
21 38
65 68
25 35
17 23
6 13
83 88
57 63
29 40
59 62
52 57
14 27
7 10
20 25
10 22
24 31
62 78
88 99
18 35
25 30
81 90
79 84
35 59
76 83
38 41
21 29
44 51
70 76
45 59
39 51
20 31
34 38
78 85
83 90
49 70
81 90
27 31
12 34
63 70
59 75
23 39
17 26
7 20
4 9
13 16
56 59
7 17
8 15
10 18
29 41
10 26
14 23
50 53
56 61
79 94
27 40
95 99
49 65
61 67
11 30
2 17
34 46
43 51
33 43
59 92
92 99
45 48
56 63
19 31
85 92
62 78
60 77
64 80
79 95
44 63
61 77
57 64
74 95
61 77
65 72
26 38
56 72
36 50
75 86
45 58
45 56
76 93
85 87
84 98
43 59
32 49
74 93
45 91
92 95
93 98
4 9
52 74
11 14
64 97
56 65
31 51
43 48
65 85
15 19
65 77
40 49
55 70
48 53
78 92
14 19
66 83
87 99
17 23
1 38
5 13
60 72
49 57
62 69
83 91
28 48
67 70
18 26
14 26
40 62
29 37
68 75
91 100
30 49
12 20
78 84
61 71
42 49
2 12
53 61
21 29
34 47
60 67
1 14
9 13
78 83
18 27
71 85
66 89
53 66
63 77
47 56
10 22
47 50
40 49
76 81
37 43
70 91
26 33
45 57
21 34
1 8
76 82
37 41
5 23
30 38
30 61
72 83
2 5
77 83
73 84
83 90
81 91
83 91
12 19
59 66
22 58
29 42
37 42
43 46
29 71
4 10
54 60
12 16
86 99
18 25
56 61
68 74
81 88
68 92
23 35
28 47
28 40
23 46
1 11
14 26
65 72
17 28
72 77
76 82
28 35
18 34
66 73
23 47
28 50
24 36
27 33
85 93
49 79
25 40
15 63
60 65
71 79
35 40
4 33
12 17
29 33
58 75
39 61
42 49
24 28
49 56
92 99
53 68
68 75
39 42
55 59
91 96
95 99
4 9
39 57
45 53
60 73
64 70
26 50
9 18
60 81
63 73
69 99
3 11
36 48
36 43
14 29
51 66
43 54
66 71
70 86
51 53
18 38
58 64
9 26
21 34
37 41
12 24
68 81
43 50
5 22
62 65
87 94
54 67
24 41
13 25
70 75
35 50
5 12
26 30
11 24
44 49
3 13
88 94
2 12
22 38
67 81
64 77
63 67
79 93
86 93
63 69
18 24
3 4
81 93
28 58
5 37
5 8
15 29
23 59
63 71
51 61
34 51
84 87
1 14
72 86
58 85
95 99
71 78
64 70
20 26
77 84
3 19
37 45
60 75
7 10
41 47
48 54
82 86
17 25
16 24
31 43
77 89
23 32
74 76
3 12
61 72
54 63
16 21
65 70
68 74
66 85
58 77
33 49
41 48
37 52
64 82
96 100
15 24
5 16
56 63
18 21
55 59
65 79
45 54
31 38
37 42
78 83
49 65
71 85
48 62
54 72
3 10
25 40
38 42
84 93
39 54
12 19
26 32
5 12
48 58
30 40
69 73
18 37
32 42
81 90
28 45
5 13
25 37
23 33
62 75
11 17
60 72
20 34
78 93
88 93
9 15
15 26
3 11
11 19
78 83
64 81
71 79
68 81
44 49
16 24
29 65
23 29
5 28
17 23
79 89
16 25
68 82
25 49
75 87
35 64
59 71
2 12
30 36
9 53
78 86
20 33
58 66
44 52
33 38
73 81
69 78
4 6
36 43
62 66
60 67
38 48
21 27
34 48
24 41
23 43
2 30
86 90
57 72
87 100
68 73
37 79
12 21
58 77
15 35
3 7
44 49
32 36
28 39
35 53
53 72
7 15
46 52
47 54
19 24
75 87
70 82
47 57
26 28
66 71
9 23
82 86
19 37
14 22
94 100
86 98
7 15
42 56
42 46
57 58
54 64
32 40
83 97
81 95
20 26
68 75
24 30
78 82
50 57
2 21
47 54
59 65
74 84
71 85
78 86
6 13
8 25
41 45
53 68
30 49
74 96
48 59
72 85
84 95
6 25
91 98
17 23
83 90
60 77
12 27
25 58
26 38
79 85
4 12
77 81
38 50
26 32
94 100
18 27
11 23
75 99
81 93
56 69
24 40
73 84
85 90
72 81
62 81
47 56
16 22
49 54
25 36
63 79
14 34
71 83
93 96
60 76
36 42
12 23
75 89
5 18
93 99
84 92
70 85
41 52
34 39
42 68
18 23
86 94
18 27
35 42
79 90
19 34
78 92
88 99
71 78
60 69
16 28
11 23
50 58
69 76
36 49
86 97
22 43
41 55
61 67
33 40
43 49
80 94
37 48
4 12
79 86
18 36
65 70
95 99
14 28
77 83
80 100
7 19
91 97
29 52
8 20
37 45
48 57
84 94
68 77
60 75
37 61
79 86
9 20
56 78
75 87
51 59
79 91
73 78
19 34
64 72
43 60
67 72
10 16
23 30
49 55
4 20
80 83
25 29
50 64
57 76
6 9
78 85
36 39
33 66
3 27
23 28
95 99
66 76
17 21
87 93
32 38
67 79
50 55
31 37
74 77
4 25
48 52
36 53
86 90
51 63
70 73
11 20
76 84
21 34
22 36
44 51
44 56
37 44
23 34
14 26
51 60
87 90
49 52
35 49
39 51
41 56
93 99
83 89
12 32
29 39
25 38
3 13
6 15
12 16
38 52
49 73
11 20
9 14
46 66
81 85
40 77
19 32
38 48
26 33
14 25
10 55
28 33
44 53
43 49
49 54
19 21
46 52
61 63
70 77
78 89
45 60
55 63
4 37
18 27
47 55
84 87
40 50
71 78
35 39
46 60
44 59
73 82
46 75
70 73
11 22
38 45
21 31
1 13
65 71
69 77
7 13
72 77
4 14
39 59
35 44
23 28
24 31
24 53
81 89
29 38
31 53
20 22
84 91
30 33
79 89
34 37
37 44
81 87
96 100
33 40
68 71
48 53
7 20
26 51
44 47
51 60
77 89
82 88
6 34
26 30
14 27
26 46
27 35
78 90
6 10
33 35
6 12
31 38
39 44
39 60
39 44
51 68
46 51
71 93
29 43
25 39
43 54
62 64
11 24
57 68
67 76
69 81
19 23
79 86
92 98
16 31
72 78
52 71
62 68
4 16
57 63
90 100
1 10
26 34
45 77
2 11
26 33
19 35
16 22
10 18
57 64
69 87
57 67
32 41
3 9
36 42
75 77
18 26
72 84
19 23
83 91
46 68
75 88
52 73
20 61
84 95
86 93
47 53
17 28
31 38
71 77
61 77
67 72
74 85
80 89
12 24
8 50
25 31
46 75
12 16
77 83
13 17
26 37
35 45
76 84
2 13
79 86
17 20
24 37
87 93
2 8
7 11
56 63
25 34
12 24
34 62
16 18
18 54
54 66
10 17
69 76
16 27
16 29
83 90
9 20
7 40
31 37
8 18
82 90
20 80
28 35
71 77
66 75
41 53
10 17
15 25
65 82
39 45
68 79
34 37
44 51
39 44
41 51
74 82
34 41
42 58
43 49
53 59
35 47
59 74
31 47
68 97
65 70
41 59
8 14
70 75
70 76
82 88
33 38
62 72
11 17
39 49
60 85
39 49
61 66
10 16
6 40
36 41
81 89
75 93
9 28
44 67
79 89
61 68
5 15
66 71
41 64
86 89
49 71
25 31
64 86
38 54
39 45
12 43
51 76
51 64
7 13
58 63
49 65
54 64
68 74
23 48
20 26
5 12
65 78
39 56
26 33
91 94
44 55
86 97
29 47
83 93
91 99
79 97
20 31
35 42
69 76
58 78
57 63
47 61
12 36
53 84
66 74
25 32
26 36
60 70
21 43
48 53
43 62
48 69
85 92
38 46
32 34
75 84
1 9
72 81
62 71
19 27
81 90
16 45
75 79
86 98
22 35
2 15
60 63
52 63
87 92
48 51
92 99
31 44
51 54
68 71
14 22
82 87
10 19
84 92
50 58
88 93
29 47
43 61
12 23
23 35
50 54
80 89
39 49
68 79
70 82
87 93
89 94
54 55
50 55
29 39
64 78
54 64
14 24
85 90
46 69
65 70
51 56
61 100
9 15
73 80
66 88
88 98
12 18
68 98
19 43
38 46
22 27
21 29
14 37
6 9
40 48
89 94
13 24
36 49
31 42
16 30
91 99
78 86
1 7
25 82
52 64
12 24
40 68
94 97
15 28
37 41
62 84
89 98
5 9
60 72
9 14
55 59
61 66
80 92
59 71
92 100
77 91
52 68
19 29
73 86
37 40
74 83
37 46
65 72
8 66
33 42
7 11
12 49
36 59
11 15
20 28
63 71
46 53
88 93
63 73
44 51
54 60
14 25
55 65
81 89
76 77
29 34
83 96
51 88
74 82
54 62
13 19
67 82
20 24
29 35
4 16
81 89
49 57
30 37
20 34
8 20
22 27
79 92
22 31
90 96
51 57
62 81
84 93
36 47
33 39
37 45
33 42
65 75
42 53
77 86
35 64
86 90
18 33
29 53
83 98
23 32
11 37
84 91
36 58
68 72
50 63
27 45
58 71
13 32
51 62
62 66
8 12
2 21
40 45
35 43
24 30
40 49
57 65
84 97
56 63
74 78
25 34
51 54
48 61
86 95
1 17
72 87
81 99
25 63
75 85
44 55
51 61
7 21
36 46
51 72
74 83
55 63
69 74
77 87
25 31
49 56
10 15
17 34
11 24
8 33
34 51
44 67
48 54
5 16
45 51
39 49
53 54
41 47
40 49
69 79
84 89
51 63
37 45
62 66
28 32
9 21
71 81
87 93
36 53
56 75
23 30
75 96
25 45
28 42
69 84
20 26
71 86
3 7
26 40
29 52
85 93
1 3
86 92
80 87
47 78
70 74
61 75
36 44
53 56
55 58
55 64
21 35
21 35
51 60
74 82
1 5
45 54
21 36
4 18
8 19
73 77
52 67
91 100
12 19
54 61
66 69
37 43
71 74
63 66
52 54
35 39
50 60
66 75
22 35
88 95
68 76
82 95
42 46
40 52
89 97
48 52
25 38
72 80
28 62
69 88
47 52
51 84
82 87
69 84
62 74
50 65
38 65
42 47
46 54
30 41
77 87
49 75
22 35
48 50
36 42
20 30
87 93
14 23
21 33
42 51
49 61
36 51
7 24
75 82
28 41
84 95
50 64
77 86
9 24
12 19
38 58
18 24
4 9
32 40
87 96
42 52
17 31
15 28
84 90
83 92
46 62
7 23
2 9
59 69
60 69
33 56
3 19
15 20
87 95
6 13
31 33
64 75
90 96
68 77
26 36
5 12
67 77
7 13
34 51
54 64
79 96
87 99
31 46
9 13
86 93
59 74
51 85
81 86
68 77
8 19
88 94
25 36
14 21
12 19
82 83
42 70
34 45
22 25
10 20
39 56
75 93
5 17
42 65
66 79
12 18
60 62
81 89
66 68
23 30
75 81
78 84
30 42
11 19
63 65
74 77
2 28
8 22
20 30
66 75
50 59
35 44
36 53
10 22
47 52
29 32
24 36
74 91
28 35
68 77
56 63
17 30
63 71
65 74
16 21
8 16
70 93
9 18
59 66
33 40
15 40
12 20
5 17
34 57
55 65
3 17
21 28
85 95
75 78
9 15
47 60
72 86
96 100
40 43
76 84
3 23
1 13
19 27
36 46
77 82
22 49
38 54
57 68
54 62
66 84
4 32
68 98
1 18
53 64
24 30
10 18
17 26
12 19
82 91
15 62
2 9
44 47
34 39
31 39
19 33
66 79
32 45
24 28
5 10
73 79
1 10
89 95
71 76
66 90
73 76
73 82
75 88
46 53
62 72
69 82
33 39
69 78
66 74
52 59
46 65
60 65
88 93
10 14
94 96
10 16
45 57
27 56
25 34
68 78
60 74
15 18
39 58
43 52
91 95
90 97
48 53
4 10
22 27
43 53
48 57
51 56
23 33
80 84
75 82
56 72
22 29
5 25
78 84
3 16
85 90
35 41
48 62
8 19
41 64
24 30
10 29
53 64
35 43
31 35
52 59
11 28
36 50
9 15
54 66
71 98
83 94
35 53
38 59
2 4
84 88
39 49
91 95
56 61
73 87
20 29
52 70
9 18
65 70
55 60
5 17
60 77
78 82
21 28
61 71
10 17
86 91
21 26
27 39
19 26
90 99
80 92
47 56
47 72
25 29
76 88
26 32
78 97
94 97
61 86
13 22
26 48
28 47
67 73
66 77
32 43
7 25
93 100
62 69
94 98
54 61
19 35
45 70
31 39
79 89
66 69
73 89
7 21
32 47
25 36
76 83
75 79
24 58
70 81
72 79
64 70
9 15
86 88
86 96
15 45
20 31
79 95
49 65
76 81
59 62
57 64
4 13
90 94
76 86
65 76
74 79
41 47
13 23
78 85
88 92
6 29
32 35
27 31
11 21
59 75
31 36
48 58
77 90
45 57
76 92
46 69
81 85
67 80
72 79
70 74
72 80
20 43
55 76
3 18
61 88
84 98
71 94
15 21
38 48
76 95
33 46
39 70
48 59
82 94
40 47
19 31
3 41
78 87
47 58
64 74
41 48
21 30
76 83
62 69
72 78
2 14
79 93
79 93
19 31
42 49
40 60
88 93
28 48
58 60
27 35
3 28
62 86
78 91
39 62
34 53
73 76
13 21
61 70
41 50
51 56
25 36
95 98
63 64
66 71
66 83
16 21
49 51
17 28
84 89
2 7
45 54
12 18
37 43
65 77
49 58
20 29
19 30
16 20
25 31
26 39
26 41
17 23
13 22
10 15
74 87
78 90
25 26
34 69
60 64
14 19
36 44
51 67
79 95
26 33
12 17
53 64
23 39
64 79
86 92
55 62
42 62
66 76
69 87
54 78
63 76
55 66
18 35
32 43
86 97
78 86
84 93
14 21
74 88
44 51
70 90
11 35
53 58
82 86
27 34
27 35
47 60
87 92
11 29
79 88
85 88
92 100
15 27
39 45
36 56
29 37
80 86
29 40
58 61
4 15
62 68
50 58
45 56
63 74
9 14
78 85
85 90
19 59
55 61
55 62
45 55
41 50
28 34
50 68
60 79
6 28
23 42
66 69
57 61
84 86
9 24
68 88
24 33
13 46
11 25
36 58
35 41
59 76
33 84
19 31
24 31
92 95
8 31
87 94
17 31
51 54
66 72
51 63
22 33
9 19
50 56
41 50
71 86
28 35
83 89
85 91
74 79
3 13
69 94
9 18
66 86
60 81
66 73
90 98
39 52
53 82
76 82
79 97
55 64
65 75
91 98
3 16
51 58
23 35
46 56
20 28
80 91
83 91
16 26
4 23
6 18
41 58
10 21
15 29
45 57
24 61
73 88
87 95
19 27
17 30
7 24
12 15
72 78
30 38
7 18
45 48
45 58
8 14
2 19
19 27
45 49
79 90
54 64
31 43
32 43
64 78
44 53
93 100
69 91
82 93
11 42
25 38
5 86
33 40
44 56
50 61
87 99
10 16
7 24
7 23
34 51
13 17
41 52
53 69
17 27
80 93
94 100
10 15
80 94
67 75
74 87
35 45
85 90
40 54
77 93
27 40
54 61
41 73
58 62
29 44
54 74
56 62
32 36
38 48
49 62
2 12
54 64
14 19
42 46
45 46
70 77
85 88
49 62
81 94
22 41
18 26
14 26
79 97
61 67
34 51
62 87
85 90
79 94
56 69
26 31
18 25
53 74
36 48
59 75
57 64
7 22
78 83
68 72
18 24
5 14
38 48
71 81
52 56
49 60
39 42
13 20
61 81
16 54
72 77
70 85
60 67
67 77
68 72
10 32
85 100
1 2
23 38
58 74
38 56
66 92
40 42
21 35
48 60
7 30
93 97
79 86
24 51
79 86
79 96
56 59
28 100
37 54
38 44
53 64
64 70
10 22
93 100
42 51
39 49
27 38
5 21
77 83
24 27
50 66
74 85
25 30
11 14
70 73
78 86
52 64
51 56
1 19
23 28
64 69
88 99
81 91
76 88
21 38
8 20
18 30
55 64
48 56
44 55
34 45
51 63
30 37
27 35
92 100
23 34
44 49
45 73
12 33
81 91
63 100
85 92
55 58
16 28
85 92
58 65
80 83
18 37
9 15
62 78
17 26
45 54
61 72
56 77
24 37
86 98
57 72
54 65
62 66
22 37
41 45
31 35
59 80
49 70
48 72
43 52
66 71
43 47
2 6
94 95
14 28
90 95
10 18
48 54
86 95
19 24
52 76
47 55
41 49
28 36
84 89
9 20
51 89
20 35
55 69
89 92
28 41
17 26
40 56
20 24
86 100
79 89
44 53
16 19
22 34
7 14
78 84
84 99
61 62
49 56
2 10
43 49
18 29
33 48
29 43
97 99
69 79
9 16
29 41
57 62
2 8
34 36
4 8
22 32
50 57
18 26
48 56
12 28
22 29
74 80
69 78
90 92
56 66
26 39
79 86
82 89
55 63
15 19
54 62
31 39
33 38
13 21
49 54
72 87
55 56
45 57
2 6
79 84
7 12
60 73
5 13
70 78
14 42
69 81
75 95
38 64
90 100
57 64
2 9
18 45
71 78
30 41
5 14
13 25
30 35
17 28
25 31
39 43
24 31
59 68
93 99
25 29
9 18
66 74
59 80
12 21
92 93
93 100
89 91
89 91
62 66
85 91
29 38
29 57
95 98
12 24
85 93
28 51
3 14
68 74
66 74
44 45
55 63
39 49
61 79
54 66
77 86
14 20
88 94
13 29
45 55
49 57
26 37
88 90
72 82
90 95
27 44
82 94
72 83
57 70
25 34
94 100
59 68
35 48
20 34
3 13
72 83
8 15
21 29
31 52
33 44
33 36
87 91
76 89
46 53
47 54
45 48
17 30
29 36
21 42
60 69
10 18
42 56
34 38
48 61
54 60
71 84
74 78
76 85
39 40
9 25
83 89
1 12
56 68
46 74
26 32
85 87
16 24
66 78
25 36
45 47
79 81
48 55
49 65
16 61
63 79
48 58
44 54
76 83
40 48
8 27
61 63
86 97
71 82
50 58
30 42
86 91
90 94
70 94
60 73
26 51
66 71
39 54
82 87
56 72
39 46
8 37
62 88
80 87
29 43
70 76
11 20
7 17
77 80
68 84
44 65
76 92
64 67
28 31
63 75
48 56
43 54
27 33
45 52
46 56
6 12
29 32
31 43
41 51
61 78
49 64
54 68
66 72
45 65
13 18
85 91
60 62
19 26
37 40
87 93
66 73
73 80
64 67
18 41
90 98
51 60
22 52
1 13
87 97
16 26
90 93
33 46
47 51
80 95
5 8
13 27
42 54
42 53
65 97
15 22
18 21
56 75
26 32
75 86
71 77
25 37
13 18
50 69
76 84
85 95
32 38
65 75
34 44
59 71
20 25
25 44
16 23
40 80
22 28
73 86
9 28
70 92
4 11
58 75
28 50
32 42
52 66
53 58
42 47
74 87
76 78
63 74
2 10
46 57
54 62
81 84
45 50
21 25
90 99
75 81
31 35
41 54
32 60
79 87
61 77
68 69
46 56
39 44
68 83
9 15
10 17
2 7
66 70
48 78
37 41
74 95
39 41
87 90
4 25
37 47
43 56
33 37
33 41
37 52
23 31
26 33
16 23
19 31
29 46
27 33
47 50
18 24
59 72
2 33
81 88
83 98
31 34
21 59
7 14
87 94
19 27
57 60
64 79
84 92
86 93
8 21
6 20
5 10
42 58
19 30
1 6
3 14
21 26
40 43
57 74
13 29
23 35
25 48
20 31
67 88
33 37
73 80
27 37
51 58
87 92
44 53
46 50
27 39
31 46
24 29
7 23
3 12
6 12
27 48
8 21
37 47
37 51
53 57
54 59
6 39
71 73
70 72
44 54
34 42
75 98
44 57
61 63
3 10
11 20
2 12
56 62
73 96
10 35
55 60
4 38
78 83
57 64
83 88
40 46
14 21
40 54
16 23
49 64
46 53
28 35
58 67
49 51
84 93
30 35
51 58
77 80
85 91
38 50
51 57
46 60
9 18
10 22
35 40
26 29
33 55
37 41
49 61
55 66
91 98
63 84
26 33
36 56
88 97
61 68
96 100
79 88
73 83
56 64
36 66
20 23
44 52
80 94
47 54
28 45
72 76
6 14
76 89
73 79
6 10
63 76
59 69
50 55
48 83
55 77
51 56
67 76
46 60
48 56
38 43
2 9
61 76
55 71
48 69
26 32
22 28
9 13
13 29
2 10
18 33
75 79
34 45
35 42
48 51
56 63
57 64
13 21
34 59
8 13
93 100
68 69
36 56
37 42
63 75
61 74
53 59
9 21
69 80
85 94
71 78
3 5
83 89
50 57
47 49
83 95
70 75
26 31
37 53
87 94
62 69
85 89
37 41
63 76
12 31
73 92
12 26
71 78
1 75
72 99
64 78
34 49
10 18
63 75
66 81
31 42
39 44
20 31
35 46
52 55
6 14
36 65
44 59
44 46
14 18
26 37
10 14
74 88
10 30
64 70
16 25
51 60
37 51
12 15
46 59
21 55
58 61
93 98
45 51
1 9
49 51
48 61
12 34
10 35
12 36
44 61
20 28
29 39
52 59
45 51
39 46
63 72
18 53
38 53
52 63
78 85
37 48
82 83
9 28
16 19
85 94
9 20
88 91
4 10
27 31
78 82
10 18
78 86
30 41
58 73
50 60
91 96
93 98
38 44
17 23
44 57
1 12
7 11
93 98
79 84
54 59
50 53
53 64
44 53
27 32
45 77
12 27
63 66
70 77
58 77
14 24
17 26
68 75
76 82
23 30
88 92
78 94
61 76
63 82
24 50
9 20
56 69
45 51
87 99
31 34
37 44
16 24
21 36
73 76
61 66
88 93
56 78
24 39
28 46
77 84
24 33
85 92
92 99
54 61
67 73
17 46
12 18
16 25
41 50
89 97
76 80
91 98
83 88
49 54
68 87
53 61
87 94
32 35
37 55
13 22
85 86
21 26
20 27
61 75
6 22
71 75
29 43
16 24
49 57
46 50
15 21
49 60
92 96
37 47
84 91
69 82
38 44
56 66
83 89
30 38
79 89
50 62
19 32
13 22
16 31
3 10
88 96
15 21
57 61
79 82
54 55
69 84
4 17
66 75
70 73
35 71
8 23
5 25
67 70
15 21
63 77
64 71
50 65
44 47
60 67
31 42
58 78
12 23
91 98
93 99
84 88
34 59
37 42
44 50
76 82
16 37
86 98
36 50
70 78
47 58
75 84
1 13
24 31
34 42
44 51
44 52
44 52
46 93
52 55
32 43
65 71
58 60
23 27
77 96
41 52
62 67
19 24
37 56
13 37
14 22
91 95
43 57
19 25
32 36
38 50
27 36
18 47
61 62
52 58
42 49
61 77
31 49
28 34
71 80
19 25
39 46
65 72
24 30
13 30
18 52
4 27
70 87
80 93
46 53
47 60
4 42
49 62
28 37
31 36
22 38
5 34
88 93
82 89
38 43
71 82
81 99
39 60
63 68
5 13
61 76
8 20
44 49
9 12
53 59
59 71
17 34
57 66
55 69
7 19
16 22
45 73
67 78
68 76
6 11
28 49
33 59
74 93
40 46
53 67
20 26
42 57
16 33
1 19
34 40
7 34
34 38
5 14
65 82
82 95
27 28
9 12
71 75
72 76
32 35
18 34
9 13
30 52
4 18
58 60
67 79
70 79
33 40
78 85
43 52
67 86
4 12
5 16
61 67
89 91
9 14
22 34
51 72
81 87
78 99
58 66
59 65
12 16
76 99
64 75
20 36
1 14
83 89
48 62
17 24
79 99
85 99
87 95
76 88
26 37
73 85
70 74
71 82
70 75
60 74
87 94
30 52
87 94
53 64
21 51
97 100
65 83
78 85
34 41
52 71
30 36
26 36
4 14
38 44
6 10
19 34
41 53
72 75
49 54
24 56
39 44
87 94
1 16
4 26
6 12
19 25
39 56
89 92
20 26
8 16
32 37
57 68
90 93
7 15
16 19
72 82
26 36
81 85
76 83
60 68
38 50
14 23
68 80
18 24
23 33
15 23
51 69
32 42
38 42
16 24
64 80
8 13
25 35
76 91
59 74
36 44
41 52
91 100
33 36
57 74
67 78
32 59
55 74
12 33
13 26
28 37
54 57
63 75
21 24
20 38
67 82
67 71
75 88
65 70
13 17
19 26
2 11
19 28
87 96
93 98
36 48
34 46
20 30
11 19
1 9
38 43
55 60
44 59
54 71
71 88
14 19
22 28
33 51
71 81
66 76
3 6
40 46
5 9
2 26
22 32
16 28
69 74
76 83
43 47
1 9
79 97
18 28
60 72
41 59
2 14
25 39
82 89
59 72
33 47
73 86
24 32
83 86
75 81
44 60
7 20
14 45
96 100
73 78
68 73
61 74
43 44
23 28
86 91
34 38
32 38
58 63
67 79
19 26
37 55
81 84
42 53
63 68
43 48
1 27
95 98
76 82
4 24
67 75
72 91
7 23
66 74
32 37
19 27
43 52
18 30
1 5
9 18
72 83
66 76
71 85
93 98
69 72
29 32
52 83
60 81
11 21
27 36
58 61
66 80
29 49
83 88
9 26
22 34
40 86
53 60
68 73
12 17
30 43
10 17
53 65
76 79
61 96
38 47
68 76
60 85
74 79
15 18
76 86
15 23
77 88
53 56
20 30
34 40
80 83
33 44
19 34
56 68
5 9
26 30
24 35
20 29
85 91
61 77
20 28
91 100
64 72
21 27
92 96
32 43
47 55
67 72
61 72
36 44
1 15
48 70
19 25
69 79
59 64
43 58
84 91
85 93
59 67
17 31
7 16
49 62
23 26
63 69
64 69
49 80
1 16
4 7
43 56
21 38
15 34
10 16
71 83
7 14
66 78
4 24
23 25
88 94
11 24
30 78
2 12
11 15
67 86
35 52
77 83
25 36
40 70
21 35
27 35
27 38
67 69
18 21
32 55
86 96
6 10
44 57
69 72
52 55
9 18
35 46
23 34
55 80
70 76
42 57
52 72
51 55
41 50
48 57
46 57
80 91
29 35
80 86
41 53
41 44
51 65
70 74
63 74
87 94
3 9
29 31
18 26
52 69
23 28
36 41
85 93
9 15
32 45
16 19
7 11
38 42
67 87
79 88
91 95
27 32
16 25
40 46
86 94
19 27
32 45
43 49
13 22
48 52
48 64
9 17
85 89
53 68
81 93
76 87
2 5
71 73
72 83
4 24
61 66
78 97
30 39
50 60
61 64
52 70
12 25
4 7
13 15
61 70
78 86
70 76
30 37
6 27
53 55
21 35
83 94
11 19
35 43
18 36
19 25
37 52
7 16
24 30
79 85
4 9
9 15
61 75
64 73
36 56
23 25
1 12
17 33
49 60
38 42
77 86
80 98
73 97
2 13
21 28
74 85
40 45
93 100
78 86
67 74
31 45
91 95
41 43
78 83
88 92
11 14
47 57
59 66
59 74
29 55
74 100
8 11
24 34
39 45
39 56
20 31
18 21
3 7
51 60
4 13
23 41
57 71
75 91
47 55
72 93
14 22
4 26
96 99
88 91
55 73
6 14
17 31
45 49
45 51
88 100
84 87
87 95
27 32
41 54
78 81
29 37
42 44
23 30
70 82
42 51
84 90
41 51
38 46
8 17
44 48
71 74
80 90
10 21
20 34
35 44
86 94
71 77
59 66
8 20
64 94
37 47
65 75
69 77
35 41
56 70
69 87
47 59
9 15
85 95
54 70
58 69
39 60
50 63
21 40
52 58
87 93
69 84
77 78
68 72
67 72
62 88
16 20
92 97
33 42
89 98
38 46
59 91
37 41
34 47
50 67
55 68
52 62
1 11
49 62
39 44
59 74
68 71
3 11
8 14
28 35
58 64
24 48
21 27
10 27
82 85
31 44
67 70
44 51
48 57
6 8
13 31
33 45
20 26
1 7
20 23
21 32
84 87
27 35
27 33
40 50
45 58
16 35
74 80
48 57
20 38
81 91
68 69
50 55
81 85
59 64
3 6
91 94
73 80
3 8
59 66
74 81
68 77
60 66
89 96
79 89
69 75
4 13
71 91
36 42
68 82
9 38
5 10
3 7
73 80
97 99
61 73
61 78
90 98
29 37
65 76
27 41
32 47
18 35
2 6
26 38
70 76
52 72
81 88
85 90
1 16
20 29
63 90
46 51
42 47
52 60
15 20
7 27
79 85
9 12
83 91
64 70
7 25
83 88
30 38
14 17
76 80
77 86
87 90
82 90
84 88
41 52
27 33
15 23
39 55
10 16
82 86
8 90
57 66
26 32
16 25
54 62
82 96
43 54
16 26
37 43
13 34
21 28
37 48
52 70
6 17
2 12
79 97
81 98
19 24
63 72
3 7
42 50
76 90
18 27
77 89
73 74
73 79
3 21
36 42
66 73
30 35
74 76
3 6
37 42
20 28
43 62
71 79
46 57
83 97
14 22
27 37
7 12
35 42
32 37
76 79
14 40
63 67
46 56
6 26
25 33
47 67
32 39
23 38
78 86
5 11
6 10
25 31
57 68
76 80
58 65
19 34
45 60
2 5
57 99
55 63
74 86
3 13
78 83
72 82
67 90
73 79
82 87
26 28
69 73
12 24
76 82
78 96
63 73
43 63
50 62
30 39
39 44
62 79
61 72
50 55
35 51
51 56
43 49
85 96
77 81
32 46
40 62
22 29
23 33
49 63
30 48
8 23
71 88
13 33
83 94
10 19
4 11
80 89
53 63
34 48
82 92
81 88
52 63
36 44
1 12
54 65
85 89
14 22
34 39
11 29
32 37
62 79
68 87
54 56
65 86
17 23
51 94
78 86
15 19
9 13
56 89
32 37
34 49
15 20
58 73
75 91
38 46
71 82
7 26
82 90
41 57
12 19
46 55
34 38
11 26
33 47
52 65
42 53
31 35
68 75
85 98
77 84
34 67
81 93
69 84
65 81
7 11
80 98
43 56
19 34
46 57
32 41
63 70
37 41
39 51
12 26
90 97
49 54
47 55
25 33
60 73
91 97
27 36
8 24
40 49
19 35
55 70
67 81
51 57
20 30
12 28
58 73
23 40
47 50
44 55
69 78
40 46
8 20
71 79
87 98
23 34
49 62
37 42
25 35
87 94
71 87
31 34
45 53
82 91
74 87
3 29
34 42
68 75
59 65
36 42
57 72
48 52
12 19
69 82
90 98
64 74
9 37
11 16
42 48
72 88
75 79
35 54
30 40
80 95
8 33
81 85
72 81
49 73
28 32
29 35
28 46
33 39
46 55
4 24
9 15
28 36
82 100
97 100
64 67
81 86
56 72
16 33
80 89
76 87
28 34
13 22
66 76
57 72
31 35
82 89
78 90
36 53
76 83
3 25
51 70
62 69
9 18
62 73
61 66
14 27
1 8
17 21
93 99
69 81
46 51
73 83
71 96
72 77
18 22
50 70
13 14
51 58
87 95
48 69
18 26
53 65
10 26
85 93
18 32
51 63
80 99
75 82
62 69
41 50
85 88
38 42
10 16
28 38
37 56
4 10
79 93
14 29
16 34
65 72
42 54
5 14
37 48
91 100
44 55
65 78
49 58
92 100
41 55
74 96
20 27
75 97
39 55
52 71
22 34
28 37
69 78
37 45
39 47
50 56
12 28
48 54
61 67
4 14
13 20
23 39
27 47
49 56
26 35
25 31
54 76
36 42
16 23
55 62
39 42
78 98
64 72
30 33
47 56
62 82
82 91
7 9
59 65
61 69
72 75
18 30
70 80
74 91
11 22
17 24
15 27
25 31
80 92
36 44
20 38
79 86
68 72
3 8
22 26
25 39
1 16
40 76
52 58
23 32
37 43
7 11
14 30
4 55
82 94
72 83
78 86
85 90
27 38
66 79
61 65
69 71
47 60
35 45
42 59
28 41
10 17
44 72
53 64
66 68
69 82
10 31
27 36
1 16
70 75
26 32
74 82
35 44
19 26
46 48
10 15
21 42
80 95
33 53
62 66
39 47
62 70
38 50
24 32
14 24
69 75
79 87
49 55
90 97
38 46
51 62
11 13
25 33
71 73
4 10
52 59
12 22
19 45
37 50
23 35
44 54
12 24
26 35
85 99
19 23
66 76
32 49
82 90
2 15
74 93
4 11
59 63
93 99
13 18
85 92
62 80
85 91
47 69
44 59
17 41
22 41
15 25
54 66
25 36
65 77
12 19
31 42
60 69
57 65
12 27
43 51
19 39
29 39
46 55
13 21
6 21
65 75
19 25
75 82
10 17
36 46
14 21
25 37
50 61
36 56
28 33
10 27
22 28
96 100
96 99
60 67
53 89
76 87
45 50
33 68
55 70
47 54
24 36
81 93
51 69
34 39
49 60
62 70
88 100
4 13
63 90
34 44
72 85
2 37
15 22
46 55
23 29
1 12
36 45
4 34
81 92
12 30
78 91
80 85
31 42
73 97
13 32
51 76
96 100
47 63
56 67
10 21
16 37
44 54
75 89
2 11
61 70
16 25
40 46
5 8
68 80
3 27
13 21
43 49
7 14
79 88
37 57
14 29
34 37
43 64
21 33
69 74
25 33
20 35
80 87
41 46
71 91
84 88
65 72
26 30
39 52
54 70
60 73
25 33
11 17
27 30
52 65
20 37
27 42
72 82
55 63
30 37
85 93
77 88
6 13
30 34
78 81
57 70
7 16
39 45
37 41
1 3
38 52
5 24
66 73
86 97
43 59
23 36
52 68
23 35
80 87
6 26
35 41
60 69
53 60
91 93
91 96
17 35
84 91
79 93
11 28
67 74
39 53
53 70
45 63
7 10
26 34
79 89
12 15
70 81
52 62
40 44
9 34
87 91
67 85
55 74
67 76
42 54
46 52
55 62
67 75
2 7
71 75
20 31
50 59
21 39
52 60
43 46
81 93
63 84
73 88
6 12
44 51
71 82
44 55
97 100
63 71
42 57
21 25
31 41
75 83
76 80
84 100
80 87
11 22
11 17
20 41
2 6
78 87
9 22
53 58
39 81
25 41
63 93
56 68
93 95
83 91
82 90
57 63
36 55
66 77
54 70
67 77
76 93
79 86
9 19
8 13
20 42
70 78
31 99
10 24
49 65
27 50
66 73
61 69
59 76
58 71
78 97
2 11
42 55
22 24
61 96
42 53
52 58
8 19
41 45
60 70
77 81
43 57
78 92
70 83
69 77
34 39
61 70
77 79
19 29
38 76
85 88
72 84
60 84
39 43
7 14
36 66
25 35
94 100
87 91
35 43
85 97
7 12
18 38
38 45
62 77
59 76
73 84
32 38
30 40
3 24
8 13
12 16
89 95
56 66
61 70
16 31
4 14
75 92
19 25
58 65
82 94
76 85
87 91
89 96
1 9
29 47
77 88
34 42
28 47
38 44
25 57
35 42
22 28
24 28
31 47
72 80
47 59
22 34
13 18
82 89
53 57
36 44
77 87
53 60
67 74
10 34
57 64
22 52
17 65
65 75
82 91
83 92
65 69
56 64
18 37
69 75
67 82
39 46
61 73
71 82
46 51
53 58
7 16
76 82
17 37
62 87
39 44
64 78
54 65
72 79
86 95
10 49
43 46
42 45
70 78
9 29
39 44
21 48
60 63
49 59
48 69
8 16
2 12
14 21
20 39
16 28
86 96
67 71
16 20
27 34
57 68
20 29
30 36
28 34
7 30
30 44
17 24
55 64
66 75
47 55
90 96
68 95
80 93
87 95
8 17
6 19
32 40
30 34
8 42
48 56
22 56
7 12
18 35
64 69
82 86
14 22
78 90
11 33
75 81
22 34
95 100
18 42
28 42
50 60
55 59
16 31
46 53
47 50
16 20
57 74
70 78
92 96
20 28
1 9
61 76
17 40
1 5
14 27
10 20
64 73
15 21
46 69
23 59
67 86
37 52
22 31
71 85
6 20
57 64
21 24
66 74
19 25
74 79
46 63
6 13
67 80
21 46
83 90
75 84
90 94
42 45
25 30
36 43
55 60
42 47
40 71
46 53
28 58
53 63
47 52
45 60
75 81
79 89
57 72
22 37
65 85
29 48
37 43
46 55
13 20
1 18
39 54
25 49
56 61
31 35
73 83
24 25
94 99
31 36
50 61
2 12
2 10
81 98
11 26
70 78
41 93
10 19
79 88
77 83
78 86
61 97
68 74
48 53
54 63
39 59
18 43
36 65
32 40
15 24
2 11
3 10
13 23
50 72
54 61
23 56
37 43
61 70
25 31
34 41
87 93
1 20
37 54
48 54
17 20
72 83
19 23
49 60
89 93
2 9
61 83
9 12
67 75
10 18
72 84
57 81
12 18
22 29
28 82
66 75
45 57
42 52
59 64
33 40
22 29
84 90
26 42
58 78
56 78
17 24
77 90
77 87
65 73
19 20
17 31
69 78
44 64
46 68
65 73
71 84
33 44
59 80
60 65
49 60
75 85
55 77
79 85
61 79
46 55
22 25
80 91
62 69
72 96
38 42
18 22
52 60
4 19
14 17
80 87
46 55
7 20
80 92
66 70
89 96
43 55
40 59
28 35
80 95
29 36
27 39
42 48
42 49
13 54
42 49
64 71
27 46
21 28
28 38
81 87
27 33
9 21
18 32
19 28
88 91
34 46
33 49
88 93
44 62
55 70
88 89
31 43
26 32
55 75
47 62
76 90
56 89
59 64
61 68
39 43
53 57
36 47
31 36
40 59
73 85
22 39
43 54
35 48
59 73
35 45
9 20
20 28
39 46
23 33
53 63
54 68
6 39
14 20
54 58
4 15
47 51
24 34
51 75
67 71
33 39
38 45
7 18
48 68
21 51
24 35
54 56
43 52
22 43
53 61
43 50
96 100
11 22
31 42
59 67
38 42
34 39
55 67
60 65
48 50
32 50
50 55
19 26
69 72
27 39
49 59
56 68
26 31
84 90
2 7
49 68
20 29
81 87
77 89
18 30
60 70
2 3
52 57
43 45
4 12
30 37
12 20
86 91
23 44
52 72
1 5
74 82
93 98
67 92
76 84
73 77
79 98
57 77
66 85
20 47
5 26
7 19
10 20
91 96
53 74
18 19
15 22
25 37
20 36
33 48
3 9
41 46
60 63
48 72
19 24
30 48
6 10
65 82
89 100
35 44
58 61
16 21
14 24
67 78
49 62
26 36
72 92
92 98
4 28
49 86
29 32
40 55
46 61
67 82
50 61
47 56
90 99
79 88
88 96
58 96
84 93
34 58
64 84
84 92
53 74
68 86
66 76
50 64
2 36
8 22
66 84
3 12
70 82
10 45
45 49
36 54
58 75
55 64
1 10
4 17
12 24
79 89
33 52
50 57
43 64
81 88
49 67
43 65
8 13
61 75
26 35
6 13
2 12
47 62
40 66
81 88
36 43
12 30
9 21
20 24
63 74
78 82
74 91
1 16
70 85
35 40
65 81
21 28
20 25
6 16
74 80
36 63
84 95
31 34
52 59
66 76
9 22
23 30
43 45
49 55
42 52
89 97
37 45
54 56
32 36
93 97
9 16
28 33
53 55
63 100
74 78
16 21
96 98
30 37
15 20
78 86
57 67
22 47
34 41
46 53
51 64
71 91
15 20
1 17
57 70
33 42
28 33
9 21
15 24
41 62
12 25
82 84
84 88
67 76
57 72
24 41
58 90
68 80
80 88
79 83
89 99
58 61
20 27
21 30
22 30
24 29
65 71
21 25
29 43
63 75
60 63
34 44
50 77
56 66
56 59
84 92
37 54
57 64
18 34
59 79
86 99
58 64
48 57
44 49
1 6
88 97
81 86
21 23
39 57
30 38
63 76
34 47
3 14
29 40
50 68
59 80
7 11
31 39
30 45
36 41
44 57
50 68
12 23
20 31
32 51
78 91
8 10
74 84
39 50
52 62
14 39
67 76
72 90
6 11
27 32
68 73
50 58
29 33
78 84
31 35
48 67
80 86
50 61
10 20
68 79
26 41
72 80
9 15
27 38
58 69
4 16
48 56
5 12
61 76
9 20
3 12
18 34
72 74
1 7
81 87
80 90
94 98
94 98
65 71
32 49
22 27
87 91
38 48
44 61
60 79
17 26
77 83
48 62
39 44
69 80
34 42
69 76
1 4
31 39
62 69
21 32
2 7
92 100
84 98
85 95
34 54
30 41
56 69
29 40
55 60
75 87
96 100
3 9
52 59
7 39
39 58
29 42
9 50
7 12
40 44
81 87
25 39
20 32
18 24
1 9
11 44
78 99
46 52
82 88
23 32
40 47
59 65
2 16
81 86
46 50
32 46
54 63
63 73
68 78
61 85
78 84
47 59
39 49
73 84
26 34
68 73
51 65
85 93
8 14
57 68
58 63
75 84
69 78
24 33
54 68
2 16
30 43
78 90
27 41
78 88
27 36
50 63
29 35
73 85
79 93
21 27
53 62
51 54
7 21
25 30
82 95
59 62
16 74
58 73
48 55
18 26
59 67
8 18
56 71
64 74
93 99
31 38
90 96
67 89
18 24
52 62
43 61
65 73
77 82
70 81
86 88
71 85
37 58
19 25
17 25
12 27
52 61
40 51
38 62
22 30
72 85
26 36
6 11
41 55
2 17
5 10
50 68
75 86
1 5
15 29
21 24
51 60
68 70
13 20
18 33
89 100
91 96
16 22
57 65
25 32
43 64
36 50
95 100
45 48
20 25
39 59
39 54
84 90
3 19
61 77
64 78
2 16
73 85
10 17
83 94
68 95
91 100
45 59
2 11
51 55
2 20
23 41
50 80
87 97
57 64
54 58
35 39
42 59
17 21
20 41
32 35
62 70
37 47
15 24
28 41
19 28
17 25
47 50
19 20
24 42
28 53
62 70
78 80
81 86
81 91
82 99
4 25
63 69
14 20
36 48
62 63
75 86
35 39
95 100
38 48
19 22
79 99
50 56
69 72
35 44
36 39
63 83
59 75
11 22
70 73
15 21
3 24
65 73
13 18
5 14
2 57
74 82
32 50
90 96
38 57
47 64
11 14
26 32
54 68
22 31
81 88
70 75
27 38
94 97
83 90
83 88
65 73
5 20
39 66
53 79
18 33
53 67
65 76
90 99
61 66
63 76
6 11
78 81
17 30
9 13
68 98
16 19
23 51
7 16
12 34
67 82
14 21
2 21
73 79
75 82
86 93
55 57
50 53
24 33
41 45
34 38
74 84
16 26
9 22
59 82
91 96
22 34
27 40
70 73
72 81
8 15
24 28
72 87
77 80
40 51
8 15
17 29
79 84
39 62
17 42
1 4
38 57
2 4
20 39
67 83
55 61
38 47
5 12
52 62
7 12
22 31
18 35
66 84
26 35
11 21
38 44
24 41
32 57
46 57
27 34
65 74
88 95
21 35
73 84
54 78
69 77
72 80
45 61
34 48
81 92
37 47
12 18
56 61
53 59
33 36
70 81
48 50
42 47
5 12
39 55
90 96
56 58
41 45
12 17
13 24
14 24
14 20
88 98
26 98
14 20
44 56
73 80
17 33
5 19
23 32
95 98
39 49
50 67
4 13
17 40
