100 20 20 11
00000000000000000000
00000000000000000000
00000000000000000000
00000000000000000000
00000000000000000000
00000000000000000000
11111000000000111111
00000000000000000000
00000000001000000000
00000000000000000000
00000000000000000000
00000000000000000000
00000000000011111111
00000000000000000000
00000000000000000000
00000000000000000000
00000000000000000000
00000000000000000000
00000000000000000000
0000000001000000000
0000000001000000000
0000000001000000000
0000000001000000000
0000000001000000000
0000000001000000000
0000000001000000000
0000000001000000000
0000000001000000000
0000000000000000000
0000000000000000000
0000000000000000000
0000000000000000000
0000001000010000000
0000001000010000000
0000001000000000000
0000001000000000000
0000001000000000000
0000001000000000000
0000001000000000000
4974
53 58
25 34
17 37
70 73
36 45
25 36
45 53
1 11
16 28
88 98
16 30
23 33
49 69
75 82
80 97
18 23
40 52
71 79
58 66
3 22
54 65
8 35
61 73
24 26
49 60
28 38
7 10
83 92
79 97
65 81
64 74
15 31
80 84
5 18
32 38
12 26
10 14
89 93
90 99
65 73
29 31
8 22
39 48
21 34
2 4
33 50
13 19
47 63
40 49
48 58
40 50
80 89
65 78
34 49
15 21
59 83
19 26
4 6
52 63
9 15
9 15
40 55
56 63
53 57
8 13
43 61
44 54
27 31
86 96
8 14
75 96
84 95
32 36
50 52
59 71
5 17
24 42
77 90
91 93
14 41
4 10
66 75
87 95
27 35
70 74
84 93
84 85
40 42
57 70
84 93
76 81
72 82
10 15
5 10
67 75
75 77
11 12
12 32
76 78
22 26
5 14
73 85
50 64
65 69
16 21
82 86
31 46
65 71
90 99
43 54
64 73
22 39
96 98
44 56
3 11
68 83
15 25
56 59
90 94
65 69
33 42
21 59
46 73
58 66
72 77
18 22
7 12
40 43
68 75
46 53
3 21
6 36
71 79
50 76
46 53
77 84
4 8
49 63
85 91
81 93
83 89
61 64
1 8
15 27
58 75
55 60
71 72
11 16
20 33
66 75
4 21
16 32
56 61
25 31
19 26
83 93
43 51
4 17
27 31
58 72
72 83
75 79
90 98
37 53
54 63
18 33
78 82
56 66
48 61
88 92
74 88
82 88
11 23
64 69
65 78
92 96
45 52
47 52
22 28
74 86
7 11
78 86
28 31
20 44
15 21
74 83
26 32
29 32
11 19
58 69
13 19
33 39
78 91
14 28
14 34
56 71
8 14
20 24
34 39
25 33
68 79
92 98
9 24
34 41
13 24
5 14
1 7
49 57
60 65
3 17
56 70
89 95
73 85
43 53
35 59
30 33
32 46
65 70
53 65
32 44
6 20
25 39
84 97
50 55
51 72
13 20
15 50
50 53
25 31
15 18
20 26
29 36
62 65
33 35
47 69
5 18
34 41
45 63
61 72
25 46
3 13
65 69
8 19
59 62
7 29
57 71
78 84
87 91
50 59
40 58
72 88
63 74
23 34
72 88
79 88
77 83
6 15
85 94
56 67
13 23
77 84
57 62
21 31
65 72
91 95
20 32
64 79
60 80
40 46
15 41
75 92
73 93
74 90
44 49
45 58
13 20
11 33
4 12
48 63
74 88
65 81
25 33
62 66
7 18
39 43
74 94
71 85
66 69
94 98
35 41
87 94
42 63
35 43
16 22
38 43
62 66
78 87
80 92
76 78
62 69
38 62
81 90
75 97
57 77
55 68
30 40
52 71
54 61
41 44
5 12
5 24
35 42
28 39
57 63
19 25
7 25
80 88
2 6
15 18
23 28
76 93
32 48
81 89
59 69
5 27
58 72
46 52
10 17
16 32
74 90
18 22
25 43
54 82
19 26
13 20
40 52
29 41
33 44
17 26
18 26
15 44
37 40
65 94
87 94
61 67
28 35
50 64
71 78
77 82
11 18
82 92
14 19
57 63
5 36
75 85
34 49
6 15
57 62
32 35
66 67
42 51
65 70
4 7
12 35
64 77
1 4
78 90
28 33
72 83
9 15
82 86
79 82
11 16
54 62
37 52
40 61
36 59
84 91
78 83
3 9
78 83
82 92
3 16
82 89
16 27
7 19
79 87
40 50
62 66
72 99
70 79
12 32
74 78
51 57
5 9
48 56
39 55
20 47
70 78
27 43
64 73
54 71
61 72
27 42
34 41
12 25
62 67
60 76
34 44
46 58
2 8
48 51
40 53
49 69
46 55
4 9
2 17
5 14
7 12
89 93
10 20
49 60
38 45
23 29
8 17
68 90
57 61
17 31
40 43
67 72
8 21
48 60
62 80
13 54
23 39
42 58
55 66
67 73
46 52
77 89
10 21
69 80
78 83
78 82
27 46
19 29
51 58
76 81
91 93
19 21
67 76
65 67
52 63
4 42
11 27
58 81
84 90
3 9
76 83
29 42
10 21
5 16
80 90
26 36
3 5
46 52
3 8
47 70
50 63
2 9
3 7
84 89
53 96
31 35
63 75
9 29
65 94
58 76
39 44
41 48
70 86
53 68
90 100
45 49
89 96
53 57
80 89
60 67
30 61
64 70
94 100
14 18
58 70
45 50
60 75
65 67
80 91
35 39
44 69
68 84
91 100
3 8
7 19
13 34
81 86
46 51
92 96
62 82
12 25
86 100
38 48
54 74
49 59
26 37
55 82
44 73
47 58
2 11
20 28
3 14
78 93
5 7
62 68
66 76
85 91
84 90
12 25
43 46
25 28
8 21
39 42
61 76
36 38
22 31
77 84
94 100
76 87
26 35
25 39
15 17
5 7
31 33
84 93
6 11
1 9
39 46
77 85
61 64
44 56
10 22
86 96
17 35
42 69
51 61
80 83
41 66
52 66
52 60
40 54
70 78
95 100
34 38
28 47
22 32
14 21
68 97
73 77
33 41
46 57
4 7
53 55
17 34
12 23
75 82
61 64
32 48
7 21
1 4
56 67
80 87
54 61
27 34
70 71
10 19
88 93
49 59
66 73
15 25
39 45
13 34
65 78
43 66
9 28
34 38
89 97
84 88
29 36
41 54
40 45
73 87
20 25
34 42
46 50
82 85
48 50
62 92
40 48
84 92
32 36
5 27
71 80
61 70
73 77
1 21
53 57
72 76
46 54
9 11
21 36
71 79
29 37
28 36
32 39
83 93
53 65
81 89
1 4
20 43
16 24
81 90
60 94
41 51
84 91
94 97
21 26
39 42
9 18
58 75
40 47
40 51
11 20
17 24
14 36
52 65
68 92
77 87
70 78
30 50
4 11
56 60
52 58
53 56
70 74
61 73
59 75
2 11
33 63
65 71
56 61
76 82
85 96
84 92
13 38
9 17
6 14
27 43
15 28
13 24
12 20
58 66
22 31
19 24
83 87
60 78
32 40
59 76
35 46
58 63
18 54
10 15
7 16
26 29
14 20
1 18
43 49
28 33
15 21
4 17
46 58
6 10
17 28
87 90
21 28
44 51
32 33
10 24
72 81
4 29
1 9
22 35
10 20
20 32
23 53
42 47
60 66
8 16
36 61
84 97
5 26
36 41
66 76
58 72
64 70
74 92
30 41
29 32
60 69
52 53
73 87
66 74
30 45
57 63
80 81
29 37
6 12
57 66
62 68
21 24
59 63
56 62
85 98
42 51
33 38
17 23
48 65
13 18
60 71
21 40
59 78
72 85
1 21
1 5
42 59
76 80
10 29
35 42
38 45
91 98
11 21
37 40
32 41
15 22
18 30
82 95
12 17
39 44
6 17
76 83
6 11
74 91
89 95
22 61
65 82
48 54
18 20
62 69
54 65
94 98
58 68
48 56
83 95
20 23
47 54
97 100
50 55
81 84
55 74
20 30
47 58
52 68
28 40
46 55
36 51
29 34
90 99
29 58
43 47
53 72
76 84
57 62
78 82
38 45
58 83
20 30
68 71
43 47
10 23
45 51
65 74
34 40
70 73
92 99
51 64
91 96
53 56
25 28
75 89
86 91
29 40
80 95
68 83
14 34
52 64
44 52
23 45
55 71
81 92
42 58
27 38
80 86
34 48
41 71
28 44
48 56
18 40
76 83
23 41
19 31
72 84
58 68
51 66
17 24
39 53
42 59
14 22
16 18
81 84
36 49
25 39
70 76
32 49
7 22
65 81
84 91
5 12
44 49
72 80
36 40
62 68
5 13
76 81
42 53
19 23
12 33
54 63
36 45
54 61
18 24
90 96
80 95
81 86
81 88
35 50
87 91
49 97
60 74
27 39
79 88
33 41
1 8
59 72
21 28
50 61
3 22
31 47
11 20
8 20
53 62
71 75
41 46
63 79
27 35
22 29
84 92
29 33
59 65
42 51
85 98
87 95
3 15
17 24
69 70
29 44
25 33
1 11
75 85
29 55
31 36
35 47
7 25
58 87
82 87
60 65
96 99
14 35
38 40
53 59
24 38
76 88
18 27
93 99
47 50
62 70
68 87
31 42
13 25
22 28
12 17
44 81
3 15
57 84
54 81
60 64
32 46
65 72
10 16
37 39
66 73
45 50
75 81
49 52
34 40
13 20
52 56
82 96
45 51
48 54
85 94
67 70
50 66
34 50
21 27
19 23
43 53
82 90
59 77
14 23
89 96
10 21
81 89
35 48
57 67
67 72
7 20
64 70
69 79
45 47
38 45
11 15
34 57
29 53
30 43
21 26
49 60
59 77
78 99
26 29
38 51
72 74
51 61
32 39
42 53
79 83
53 66
83 94
92 98
87 92
26 37
6 27
5 27
80 87
3 13
20 25
76 82
51 58
43 55
28 36
81 100
5 12
85 91
14 17
37 59
11 15
26 36
2 5
10 26
5 29
62 72
16 52
86 88
70 75
19 45
84 91
62 87
18 48
25 33
21 26
22 34
26 64
85 90
68 85
13 24
53 65
53 58
12 24
39 51
63 85
34 38
38 50
32 50
43 51
79 99
46 54
53 68
39 47
46 68
11 29
33 47
8 41
85 97
34 38
76 83
84 99
19 49
6 25
40 53
72 90
64 73
20 25
45 53
44 49
77 95
66 70
34 46
68 84
6 16
36 46
22 32
19 23
76 80
84 93
75 82
56 64
56 66
78 87
75 95
39 56
97 99
38 45
65 78
38 45
58 62
40 49
92 94
2 12
73 82
13 17
69 90
88 96
50 53
44 57
36 50
77 81
31 42
60 75
68 70
24 35
81 93
85 88
44 65
38 57
31 41
84 100
16 33
62 65
18 36
9 16
18 29
49 62
83 92
45 92
40 46
48 53
33 43
44 50
15 20
29 40
70 75
59 63
95 97
6 15
28 43
14 24
81 92
44 53
87 93
40 47
63 69
19 33
26 37
72 91
14 22
82 86
73 79
78 84
15 26
54 60
73 81
37 59
65 79
54 80
28 35
59 62
65 79
25 35
15 20
75 81
29 43
43 56
64 81
79 85
84 94
55 64
81 96
35 42
59 94
11 19
77 81
69 76
34 45
5 10
42 69
26 38
50 57
23 40
7 25
36 44
14 25
54 62
10 51
20 30
83 91
14 25
43 45
91 97
13 29
50 55
11 22
56 63
34 50
40 55
67 71
14 20
14 80
6 9
1 9
34 42
31 41
81 90
83 86
42 46
38 56
75 87
91 93
6 26
56 83
74 80
82 86
62 63
49 56
78 83
76 81
24 33
68 93
62 69
83 92
61 84
56 68
21 27
40 49
4 16
34 55
17 43
23 49
64 70
2 16
13 21
3 7
42 45
43 47
3 15
27 35
50 58
20 24
34 49
57 69
27 33
6 11
50 55
25 43
81 86
69 81
88 95
80 97
8 14
89 95
1 47
24 42
83 87
71 96
56 63
55 62
13 61
20 28
93 96
39 44
16 23
58 67
52 57
84 95
56 57
1 5
3 5
1 6
49 58
64 69
73 83
56 62
30 42
88 93
67 74
33 39
62 73
8 16
46 50
24 30
66 77
59 76
5 10
37 42
25 32
51 63
47 54
10 15
82 88
25 49
24 27
21 54
59 69
50 55
62 100
30 53
15 89
22 32
23 64
31 38
26 43
9 22
63 70
83 88
17 29
16 25
49 52
18 20
65 73
50 62
63 66
13 40
24 34
76 95
48 57
60 68
4 21
56 59
75 93
40 51
63 66
22 32
52 60
29 42
55 62
72 76
1 13
22 36
3 24
25 28
12 26
64 74
51 57
56 70
91 96
78 96
94 97
1 22
60 69
74 77
71 77
13 43
58 71
19 25
5 9
20 33
91 98
41 52
27 33
80 95
48 53
32 45
7 19
39 49
8 21
28 35
88 100
86 93
11 28
31 36
82 91
76 78
40 54
6 26
22 27
43 56
55 63
80 88
14 25
52 60
44 60
47 60
33 43
15 39
28 70
47 65
3 9
48 55
62 72
14 19
50 67
25 28
54 65
30 47
4 57
74 85
9 16
16 77
62 78
21 36
63 71
48 63
19 23
36 46
38 51
78 93
53 76
45 53
55 67
65 66
63 74
12 19
53 69
22 41
66 69
26 55
24 34
37 45
71 73
23 27
62 92
49 58
46 57
79 91
16 32
10 24
18 28
77 97
44 64
48 66
28 35
27 50
24 29
15 26
61 65
16 29
17 22
24 39
43 47
47 53
41 51
40 47
84 88
16 19
36 43
1 18
12 28
86 92
91 98
90 96
36 52
58 67
80 96
19 27
18 65
37 47
92 100
70 82
71 78
36 59
10 16
4 15
13 19
12 20
94 100
29 41
44 55
4 32
6 12
75 80
9 28
35 43
68 75
17 26
14 18
4 6
72 81
87 93
84 93
32 36
5 27
87 97
69 75
76 84
82 90
65 67
72 76
71 83
21 34
43 47
22 38
59 69
2 20
75 84
51 55
19 40
95 100
23 48
43 62
51 92
60 75
61 84
74 78
43 48
27 38
67 74
36 47
18 86
43 50
24 31
47 52
32 34
30 83
7 17
33 42
56 66
72 85
75 78
16 25
80 90
78 89
6 17
32 55
43 53
21 35
78 91
5 26
28 38
31 39
8 18
87 98
83 96
53 56
91 96
27 33
18 28
10 28
86 94
29 39
33 48
47 67
81 96
33 53
70 79
43 53
45 49
4 20
45 52
82 100
1 12
90 96
1 13
42 63
19 23
15 32
82 95
55 59
86 91
67 78
89 96
2 7
25 31
43 56
79 95
78 93
34 41
35 47
36 53
91 95
54 75
25 33
15 19
69 74
65 85
68 85
17 35
59 72
40 48
87 91
90 97
61 72
61 72
13 25
15 22
79 87
38 53
56 61
25 34
28 32
12 37
63 69
77 78
87 90
60 65
53 59
67 75
42 50
80 98
52 70
93 96
70 92
86 95
48 53
51 58
55 70
78 91
71 89
24 31
80 85
67 86
16 30
73 89
35 44
22 40
57 69
28 44
68 75
45 52
50 57
82 96
82 89
65 76
7 13
13 15
29 38
13 18
68 76
11 14
8 19
79 90
5 15
3 9
86 90
57 61
25 30
54 60
26 42
76 85
54 86
50 71
51 56
21 28
41 66
72 95
37 45
15 25
48 56
88 99
40 47
73 85
14 18
61 76
85 99
5 15
69 99
11 16
18 35
69 80
37 52
66 84
77 82
3 32
66 70
44 54
39 44
55 64
74 96
4 10
5 16
21 24
50 55
1 4
31 34
82 89
80 93
84 96
6 21
14 26
49 53
33 37
71 84
27 35
97 100
77 90
93 98
16 25
25 28
90 95
44 70
26 29
96 99
26 65
58 61
65 71
14 45
51 68
68 79
71 76
27 36
19 33
29 69
29 34
81 84
11 23
51 62
38 44
90 95
47 63
12 38
67 76
46 50
78 86
66 72
45 62
36 40
83 93
69 90
28 46
71 89
3 8
88 99
56 76
52 61
35 39
1 5
39 55
18 20
84 94
53 58
44 53
83 86
49 69
28 42
49 62
47 54
27 39
53 63
19 26
58 76
85 98
47 52
76 81
56 89
69 74
56 82
60 67
58 64
50 54
31 36
81 90
54 60
79 85
43 72
31 37
39 51
44 63
72 83
22 29
35 53
14 22
54 57
84 100
87 94
38 43
5 26
54 60
17 35
81 87
49 51
68 77
39 53
85 96
57 68
47 70
61 73
51 66
81 88
30 41
48 54
22 32
40 47
23 43
53 59
80 86
32 46
29 34
84 94
18 34
5 16
83 97
88 97
24 29
32 46
22 33
23 29
2 5
37 40
31 40
27 36
82 98
41 74
32 38
67 75
46 51
59 68
38 43
21 38
6 15
61 65
57 62
85 93
82 88
74 82
27 40
61 76
24 37
73 82
35 57
51 68
9 20
70 72
74 80
54 60
35 41
92 98
49 63
67 77
21 37
56 65
52 69
53 57
24 26
88 98
60 71
50 56
29 33
4 8
2 13
37 46
33 35
65 74
62 65
32 38
13 21
72 78
32 36
28 41
12 32
37 39
35 43
77 93
26 32
81 91
72 75
58 63
76 88
20 34
67 72
94 99
56 63
43 51
50 56
10 15
50 64
76 79
13 23
27 36
79 94
71 75
24 30
32 48
54 67
52 66
15 24
41 54
27 36
87 90
71 79
37 48
71 78
93 98
46 51
60 74
33 48
79 95
30 48
70 93
5 12
86 89
38 50
25 32
91 94
83 86
41 49
66 80
27 56
40 46
55 71
37 44
26 32
59 66
35 45
63 77
40 56
38 51
66 68
71 77
55 66
26 29
78 89
32 51
52 67
64 93
67 78
73 98
9 18
12 30
43 54
2 9
48 57
62 76
79 89
47 60
12 23
75 84
55 65
9 21
39 55
10 20
67 78
17 27
17 35
66 87
60 62
60 71
72 90
63 69
5 11
47 54
20 24
26 28
74 89
47 70
69 77
41 51
3 8
16 26
12 20
59 67
52 68
39 48
67 78
53 67
75 88
38 57
63 69
51 64
5 14
61 68
78 90
82 92
68 75
14 19
92 100
57 72
56 73
4 23
65 83
60 73
29 38
64 71
88 93
47 62
17 24
19 27
14 24
84 93
30 47
34 55
37 50
44 53
37 42
54 61
65 77
62 73
89 95
1 13
42 46
3 11
13 15
78 88
30 34
54 60
16 25
63 69
2 9
11 25
55 69
50 55
61 70
21 32
75 88
66 75
70 89
74 88
32 36
7 16
38 45
24 29
69 81
71 78
61 76
95 100
39 68
22 29
17 29
15 19
47 56
85 99
65 75
81 92
80 87
56 69
45 51
90 98
53 64
32 37
55 82
20 35
59 67
89 98
91 99
8 12
64 67
49 51
3 10
62 69
14 36
27 51
6 22
68 73
45 74
51 55
91 94
54 68
61 69
29 37
34 36
38 49
87 98
68 83
70 77
62 72
57 66
59 68
33 46
38 42
33 44
62 72
87 96
73 85
22 26
41 46
74 80
32 47
26 50
54 63
25 30
13 21
64 77
27 35
71 73
49 62
52 68
4 8
91 92
37 47
23 27
29 49
23 33
32 44
5 14
80 85
82 97
24 43
78 90
81 96
65 70
32 91
9 13
55 63
32 44
80 87
78 86
58 65
76 89
5 31
65 83
77 81
72 93
80 99
20 62
44 47
39 42
48 64
52 68
47 70
85 91
42 48
18 30
26 36
52 56
44 51
21 49
10 21
27 43
38 47
25 50
65 80
91 96
35 48
10 14
36 44
4 12
42 48
29 56
28 33
66 85
20 32
85 89
80 90
64 84
77 89
79 96
26 32
88 96
81 90
4 15
31 37
56 62
16 24
65 73
33 45
19 42
76 88
68 70
48 62
65 79
15 21
36 57
60 77
61 67
64 88
47 57
26 36
47 61
14 21
7 19
78 88
48 54
52 66
67 79
52 58
45 84
10 13
78 86
68 72
87 98
76 79
18 29
38 47
17 33
86 90
7 13
71 86
59 82
80 87
41 52
21 30
41 47
20 27
2 9
80 92
15 22
88 97
51 54
38 62
2 7
29 34
7 9
60 70
13 16
73 80
80 89
32 39
23 31
59 77
10 19
18 29
85 100
93 100
25 30
60 66
67 76
20 29
22 32
25 34
58 74
82 92
6 15
59 65
34 36
47 56
4 12
34 41
87 92
58 67
64 76
24 28
6 19
11 24
54 65
45 59
53 58
3 7
1 7
74 92
85 89
40 44
73 90
31 33
33 43
3 19
63 86
53 71
7 23
86 93
61 62
27 38
46 53
56 70
57 64
10 30
16 43
11 25
41 47
92 95
3 5
63 84
6 17
3 13
5 23
37 44
1 31
60 79
64 66
47 64
78 80
9 15
94 97
63 68
23 68
37 45
29 41
62 68
13 21
75 94
64 78
44 47
2 10
43 55
9 21
57 69
75 88
53 59
77 93
49 58
56 66
62 67
27 33
63 68
65 68
14 28
68 77
60 66
1 11
51 58
44 54
58 71
90 99
48 53
19 40
69 83
48 56
43 62
50 56
43 72
62 71
3 16
28 41
72 89
69 75
78 93
43 67
17 45
75 86
3 17
2 27
27 41
71 79
16 33
68 75
58 61
13 34
79 85
21 34
29 35
37 82
17 31
82 95
41 60
42 51
4 30
76 90
5 13
82 91
15 33
77 85
16 27
44 59
29 37
51 85
47 52
67 77
82 88
35 47
25 35
66 79
50 57
95 98
25 34
63 68
76 80
76 93
31 40
39 46
47 50
10 21
72 79
42 50
41 47
28 41
74 81
29 56
12 17
41 52
75 80
57 62
50 66
45 57
69 88
75 80
42 55
22 30
46 55
29 39
42 62
74 86
46 63
85 99
42 64
57 64
16 26
74 81
72 85
61 72
13 32
22 33
31 42
72 86
58 61
4 14
39 49
47 62
30 37
4 11
48 80
40 44
72 82
9 14
47 51
90 97
34 43
94 98
62 71
13 16
79 86
76 87
79 93
79 84
44 46
93 98
92 100
86 94
19 22
84 92
43 74
18 31
46 52
24 34
21 24
5 12
42 47
20 53
67 78
68 80
14 22
64 73
71 90
81 87
65 82
12 21
46 50
4 34
92 98
9 35
11 14
10 19
64 77
7 10
67 73
72 79
20 36
44 59
52 55
55 66
70 86
95 100
79 90
41 56
70 81
69 86
53 73
20 26
76 96
82 86
26 42
39 58
62 84
2 13
83 85
52 68
52 68
17 25
65 73
76 82
32 46
55 56
51 60
83 89
79 84
80 92
20 22
29 39
3 7
25 37
56 64
36 42
53 68
37 48
50 57
21 29
59 75
55 74
84 96
57 66
30 41
59 69
77 93
35 42
82 91
8 11
22 38
63 76
35 47
22 30
12 28
76 92
58 73
43 61
87 90
9 21
83 95
82 96
62 66
19 23
48 78
59 81
31 38
44 57
23 31
61 69
13 20
9 19
81 100
48 90
27 33
8 14
54 60
43 48
52 62
10 16
5 18
86 96
2 9
88 96
91 98
68 74
41 49
20 26
65 78
65 71
63 69
84 99
17 43
66 86
24 41
50 55
38 54
49 62
70 82
3 9
61 69
25 38
91 98
82 88
38 57
21 30
86 94
52 60
5 24
32 34
53 60
46 50
37 49
48 54
20 25
65 75
46 47
9 20
53 61
44 52
80 94
21 31
21 28
59 82
53 69
85 100
22 31
9 16
26 33
37 41
78 80
48 65
51 68
66 98
7 12
34 46
25 38
1 37
27 53
24 55
27 32
6 31
18 46
14 28
37 44
85 99
69 83
82 93
58 67
70 78
51 53
24 30
28 30
57 63
83 95
13 19
58 74
23 39
73 92
25 29
7 32
87 92
13 22
6 16
73 75
20 32
11 22
53 56
55 66
32 44
77 92
81 89
61 76
78 89
65 74
6 21
55 68
70 74
82 92
38 45
68 74
19 32
59 66
18 29
50 63
47 51
68 73
87 89
53 62
39 67
39 45
22 34
43 46
68 75
22 25
61 65
72 76
50 61
28 38
4 15
40 53
41 48
24 32
31 34
14 29
12 25
56 87
36 44
62 67
51 60
8 25
63 75
35 41
27 34
31 39
27 48
69 76
42 56
7 20
70 81
64 80
30 41
96 99
66 76
17 32
5 12
55 69
71 98
4 12
39 58
8 15
3 28
42 50
79 88
32 36
13 23
16 26
42 67
41 50
61 69
79 93
6 25
48 57
36 40
10 30
76 87
29 36
46 58
65 90
83 93
40 47
53 58
82 94
40 51
32 50
43 48
69 74
41 61
87 94
55 66
81 89
59 69
38 54
36 43
79 100
77 80
90 99
50 59
77 83
67 74
58 60
50 58
89 93
94 100
86 96
81 88
2 26
5 10
4 21
90 96
24 62
6 10
4 18
55 96
60 63
6 16
82 87
68 73
5 11
24 44
10 17
66 76
88 97
55 68
39 43
56 67
42 46
17 29
61 64
76 88
58 68
57 68
34 40
31 36
63 65
19 25
44 59
13 21
88 94
74 79
49 55
29 39
44 55
63 70
47 71
59 66
3 15
10 31
13 21
52 58
45 66
79 97
88 94
32 44
47 62
9 14
4 9
33 52
83 89
53 59
64 69
92 97
10 15
49 54
35 40
22 34
33 42
8 23
18 31
43 55
77 85
31 42
65 70
21 27
38 60
46 58
33 55
12 22
88 95
38 44
46 50
4 15
89 95
69 95
16 46
17 37
44 53
13 20
67 72
1 8
77 89
77 86
21 25
76 82
7 16
61 75
14 25
74 96
37 69
7 14
26 46
17 28
2 8
81 85
54 66
10 19
81 87
82 96
39 53
64 72
59 64
34 48
70 85
62 76
61 68
66 92
7 13
15 22
4 15
20 33
39 45
62 71
27 37
8 17
2 24
12 19
55 59
29 37
53 62
82 84
67 78
75 80
12 33
82 88
89 92
12 20
77 90
7 21
54 70
26 34
77 85
81 88
46 64
10 15
26 40
40 55
41 75
18 31
12 50
53 88
46 62
25 30
47 54
77 85
5 42
8 9
5 10
49 55
9 17
19 29
32 41
1 20
3 35
78 100
46 55
3 8
26 29
32 50
17 47
63 68
52 74
51 59
8 51
9 25
11 27
50 56
13 29
7 18
20 25
79 84
21 28
5 8
27 33
62 70
10 24
48 53
88 96
38 49
6 28
10 12
50 60
71 73
77 80
36 45
33 43
24 30
5 22
25 32
94 97
42 53
10 14
41 46
11 15
57 65
83 93
55 73
78 86
30 43
68 76
6 22
83 92
62 65
36 65
33 73
68 76
40 45
86 94
62 69
55 91
24 33
4 8
21 26
33 44
52 60
37 49
38 50
72 79
10 35
32 39
22 43
36 51
25 31
36 45
50 83
25 31
85 89
56 63
21 32
58 73
22 28
2 13
35 49
54 64
92 94
18 41
6 9
73 82
67 90
6 11
64 78
87 99
43 57
10 18
79 86
6 16
4 10
44 67
75 97
18 29
36 46
43 54
79 92
49 54
43 54
7 12
12 15
25 37
17 20
33 63
52 60
83 90
8 15
85 97
39 48
53 64
38 55
36 42
55 62
25 57
69 84
7 20
1 11
46 51
69 85
65 74
29 38
65 69
11 25
34 72
2 24
60 68
51 57
36 65
50 55
90 96
70 78
65 74
34 36
69 81
86 98
78 88
25 28
61 69
49 67
74 88
66 69
42 48
56 63
63 68
50 60
50 61
52 59
85 91
17 27
64 71
9 18
40 50
21 42
36 58
19 31
46 55
92 97
32 42
47 68
6 14
18 28
53 56
1 16
25 32
44 54
75 81
24 28
67 86
73 78
60 65
83 89
21 28
49 56
61 68
3 16
54 63
72 94
13 18
45 53
14 23
13 21
49 61
3 22
7 11
47 69
16 23
53 73
66 74
30 38
11 19
90 98
35 46
88 96
81 93
3 23
46 57
85 95
88 99
88 98
75 84
39 49
69 82
78 95
34 39
86 98
19 38
88 92
12 20
72 81
40 50
54 63
6 22
11 20
21 34
17 22
74 96
63 90
81 89
83 92
33 36
11 20
68 76
76 84
19 28
34 41
95 98
22 32
51 56
38 58
56 60
43 48
2 15
7 17
75 81
34 58
61 70
47 57
86 95
83 89
22 53
60 80
20 33
56 74
62 65
74 95
2 18
2 14
46 54
27 30
76 84
28 35
1 9
48 54
28 34
67 69
3 14
4 43
75 79
91 94
76 89
65 69
32 41
64 66
76 82
46 48
50 68
7 15
37 43
31 45
73 74
87 88
87 91
32 35
73 80
43 61
62 71
15 28
26 38
80 85
92 96
82 90
50 55
20 24
5 13
93 97
91 95
40 46
31 45
23 31
42 44
20 38
17 23
18 37
17 40
44 49
49 63
90 98
41 43
4 9
89 95
84 98
30 38
25 30
87 96
9 20
22 26
10 12
17 37
38 56
49 55
17 42
59 73
37 50
76 84
19 28
6 14
48 55
21 39
52 64
66 78
1 9
21 30
51 56
93 100
34 39
15 20
72 77
70 78
7 34
43 64
50 64
66 82
65 68
75 80
39 49
51 66
80 91
56 60
73 87
39 66
85 95
62 94
38 46
78 90
22 38
92 99
53 62
88 97
55 63
61 72
45 59
57 72
35 55
20 29
86 93
46 60
22 28
65 70
63 72
8 20
28 48
84 99
11 15
57 65
50 56
78 83
56 64
76 84
75 78
59 79
15 20
20 31
90 97
85 91
68 77
64 69
71 77
50 66
72 78
49 53
42 69
78 90
20 33
62 65
37 62
47 54
13 42
29 44
59 62
56 66
3 11
36 39
69 83
3 10
11 27
86 97
7 17
47 57
62 76
47 51
13 22
16 24
44 54
85 94
47 55
19 23
68 74
26 32
49 59
64 80
8 20
90 99
67 78
4 10
58 68
64 75
30 37
60 62
62 74
63 73
65 87
90 96
26 34
31 38
90 100
70 82
40 54
67 76
8 21
28 39
17 57
39 64
42 58
45 60
19 34
36 42
68 95
33 45
41 47
23 25
74 77
28 31
84 95
72 85
34 37
15 28
22 41
5 13
27 38
18 34
49 70
42 53
88 100
35 47
12 17
57 66
22 35
63 72
63 89
48 54
65 71
18 31
39 46
3 18
71 83
30 37
27 36
29 81
26 39
69 76
12 21
66 74
43 63
14 27
53 59
10 14
79 86
88 89
72 80
19 25
63 84
41 48
12 20
67 73
54 60
4 10
62 70
74 83
42 51
40 53
32 40
76 85
4 15
73 89
48 54
17 40
57 77
4 16
26 33
4 18
11 23
81 100
81 85
23 27
49 55
36 46
29 38
43 52
74 82
47 66
92 100
12 32
18 22
38 46
9 16
22 26
64 81
44 59
3 9
85 95
11 22
17 22
22 32
83 91
62 91
57 67
70 82
31 50
3 20
16 29
51 59
63 73
42 45
71 97
76 79
81 98
41 51
79 88
2 21
48 54
30 38
3 15
90 97
99 100
78 85
82 90
57 62
55 66
32 45
77 92
3 14
14 31
42 56
42 50
37 49
45 52
40 49
88 94
20 31
75 85
69 77
22 35
68 81
22 31
64 69
64 71
44 54
53 59
65 76
36 46
60 78
95 98
26 41
22 29
53 58
14 27
57 65
9 13
52 61
90 95
55 74
40 48
16 37
4 9
2 11
1 8
7 26
10 16
30 36
29 36
73 81
32 48
68 73
42 54
18 32
18 28
87 88
33 46
25 39
73 80
1 11
55 65
86 93
72 84
30 35
28 52
27 38
18 29
86 99
35 43
49 55
91 98
58 67
85 90
77 83
67 72
86 89
61 92
89 93
21 30
25 38
15 23
45 57
73 80
77 88
93 97
27 37
60 84
60 75
84 87
73 82
3 9
83 97
65 87
81 86
46 78
32 40
60 67
44 52
10 32
55 70
33 43
31 43
86 100
71 82
25 30
67 72
83 87
35 36
73 88
86 88
62 80
72 84
16 27
46 47
69 82
58 63
69 77
66 71
47 63
8 12
82 99
30 54
38 40
66 75
63 65
68 96
50 55
49 56
56 62
3 16
53 99
49 67
18 20
73 91
94 99
21 39
86 95
21 28
31 64
53 58
25 43
10 19
22 40
74 78
49 64
15 27
66 83
62 74
3 10
17 41
61 68
4 13
42 48
83 86
38 56
4 28
27 35
23 36
22 36
1 18
75 77
21 34
38 43
40 48
84 93
2 6
19 28
12 22
75 81
68 73
68 77
75 81
44 53
79 90
38 45
86 93
31 44
26 39
25 34
8 18
76 77
21 27
55 65
26 33
18 40
67 77
78 81
83 92
30 41
69 75
57 79
55 63
35 41
31 38
64 79
19 27
15 20
65 69
20 23
36 60
86 96
74 84
37 54
33 45
80 90
4 16
4 28
54 60
8 18
46 52
68 87
64 79
60 63
2 10
56 59
44 45
52 70
61 71
70 72
76 83
2 7
33 36
85 91
26 31
83 90
57 86
70 89
6 11
2 13
47 61
9 21
30 41
44 61
41 75
39 54
21 29
10 18
19 37
20 22
67 79
85 93
1 13
37 41
8 17
33 42
22 38
27 38
13 21
70 79
82 86
27 37
64 73
91 96
22 43
61 79
50 62
53 61
69 73
20 32
25 33
68 75
6 12
21 27
90 92
15 22
89 95
41 49
32 36
6 17
4 32
2 9
30 40
55 58
1 21
20 25
84 88
37 41
74 82
92 97
50 60
9 16
50 54
74 87
6 14
12 27
91 96
70 75
23 45
88 94
51 60
51 62
44 51
22 26
60 67
87 92
16 19
4 9
89 99
54 65
22 32
59 65
12 15
34 40
64 74
75 87
33 37
33 38
6 12
50 53
78 93
39 40
30 31
12 18
59 79
66 88
20 32
78 86
51 62
30 37
9 62
42 50
41 66
63 97
82 89
79 88
20 28
23 35
77 88
34 47
29 38
58 90
87 91
13 18
11 37
93 96
45 49
72 75
49 60
23 39
96 100
85 91
15 27
77 84
40 49
64 72
20 39
94 96
9 11
28 40
39 47
6 22
3 6
22 32
12 19
77 99
16 27
25 38
2 11
39 41
19 24
65 76
90 95
72 78
16 32
54 72
50 83
25 32
58 67
34 38
67 80
29 36
46 52
86 90
27 31
13 25
29 38
51 63
77 81
32 37
40 53
8 24
19 76
12 23
16 19
55 79
10 15
87 90
83 88
22 28
76 95
78 92
11 17
3 10
70 83
41 54
74 90
69 79
77 90
27 41
85 89
45 54
30 46
83 89
9 14
86 91
51 57
63 68
20 31
19 22
74 100
48 51
10 15
54 57
56 75
72 94
77 87
47 82
13 32
39 59
21 37
1 7
5 13
24 33
46 55
23 37
71 79
45 51
18 36
52 60
13 23
50 54
55 63
29 51
8 14
4 29
38 43
2 7
59 65
42 67
55 66
77 84
52 60
2 8
36 43
69 84
33 38
8 18
60 67
43 47
90 100
55 74
77 90
20 32
46 51
12 36
59 77
76 86
26 35
15 25
12 17
73 78
70 82
13 27
77 91
75 82
81 94
67 74
76 91
49 63
75 82
86 92
80 92
87 94
39 52
46 66
32 35
10 26
24 30
43 48
58 64
31 50
51 73
2 8
83 100
88 100
28 29
12 21
27 43
49 55
79 93
65 71
74 78
7 41
26 47
38 52
10 24
43 55
15 32
1 14
3 11
81 87
57 60
33 49
4 13
19 24
47 53
49 54
64 73
8 16
74 84
1 12
7 15
1 6
47 56
62 75
53 78
39 61
11 27
56 60
86 96
87 92
69 78
24 36
5 16
37 48
20 27
9 29
11 32
18 25
82 87
36 43
89 97
24 29
24 62
64 95
21 42
45 56
4 16
4 29
76 94
69 87
92 97
33 45
4 10
43 57
87 94
33 39
21 28
43 53
37 50
2 5
26 29
1 17
41 56
25 38
79 86
17 26
18 25
28 37
39 49
84 89
4 12
62 67
81 91
49 58
4 27
59 73
77 79
86 93
8 13
1 12
89 96
42 48
39 49
44 50
32 40
59 72
52 56
72 87
47 65
72 86
14 29
69 79
74 80
37 40
8 12
33 37
11 32
55 60
10 28
28 47
17 23
52 76
12 28
68 81
58 70
55 69
16 39
6 15
30 53
4 6
72 93
7 12
39 60
51 60
63 82
46 71
27 37
60 76
19 25
64 80
8 12
8 30
8 15
44 64
43 85
38 45
4 13
49 53
76 97
18 35
22 27
70 80
40 52
89 97
45 51
81 92
12 19
16 22
88 98
16 24
26 47
9 23
9 18
77 95
85 95
41 51
64 71
48 60
54 74
79 89
40 51
2 6
5 17
95 97
55 62
37 61
39 52
24 33
58 65
49 61
30 52
10 17
78 93
60 65
53 65
95 98
20 34
22 48
42 53
70 75
8 21
42 54
54 60
74 84
77 82
29 39
51 62
29 47
16 29
20 30
90 96
55 63
43 50
11 36
55 65
81 90
58 74
90 93
94 99
77 81
9 18
28 35
24 37
61 63
50 68
9 25
81 85
58 80
78 86
71 75
15 40
47 76
20 25
8 30
12 14
55 60
31 63
55 58
34 44
46 53
16 34
10 17
84 91
31 52
27 37
48 54
63 86
23 28
80 93
15 24
17 25
52 65
60 92
58 74
39 52
59 68
25 41
33 44
50 55
49 65
76 89
37 45
26 38
42 69
26 36
94 96
28 37
12 19
66 80
36 42
22 29
38 52
88 92
8 27
24 29
66 81
21 47
62 66
24 31
79 87
61 71
23 27
50 77
8 29
14 22
66 69
6 37
59 66
82 91
57 74
6 19
60 69
26 31
16 31
31 36
79 88
45 58
26 35
52 55
29 33
76 93
59 75
59 62
52 71
3 12
17 29
43 49
28 42
79 100
79 86
60 67
25 40
39 46
39 55
58 76
66 73
3 12
11 22
40 47
79 85
68 73
33 51
17 21
72 77
63 76
54 77
22 27
60 73
62 64
8 27
63 93
39 52
60 74
80 84
27 43
35 42
64 73
30 38
58 65
49 58
13 27
45 49
54 65
61 84
46 52
55 71
48 56
46 55
34 51
35 41
38 47
12 27
34 62
70 81
14 41
24 37
65 75
21 50
73 81
52 59
30 42
18 28
18 31
62 76
14 24
75 85
57 61
21 61
25 32
23 39
3 15
23 29
85 90
8 20
56 58
54 57
25 45
70 88
4 12
46 54
23 28
83 92
34 50
78 99
8 16
75 78
66 75
70 82
83 96
11 28
78 83
41 47
73 77
24 46
1 6
13 17
51 58
7 17
2 13
85 89
62 71
74 83
8 17
58 65
55 63
85 98
70 77
26 35
16 21
39 58
27 32
4 36
36 40
20 30
46 49
51 57
59 66
48 58
82 85
57 67
28 35
2 9
61 69
26 62
32 62
62 87
58 66
51 60
33 41
3 11
68 82
80 84
75 77
1 15
15 26
92 100
37 51
76 90
31 38
28 41
7 21
12 20
58 59
80 96
66 73
15 22
75 85
47 52
2 14
36 45
35 37
45 55
44 51
29 33
14 24
31 42
11 23
30 47
38 42
74 96
43 54
19 22
48 62
16 24
86 96
64 88
85 90
94 100
83 87
60 67
23 29
2 25
47 62
87 94
68 76
69 84
12 19
35 42
97 98
37 51
63 78
24 46
64 69
79 91
62 76
11 17
8 12
65 78
37 42
6 36
52 72
24 47
57 68
56 80
47 52
69 90
26 47
29 43
28 36
64 83
41 67
60 66
21 34
90 96
44 65
73 86
29 36
9 45
1 18
60 71
9 22
65 67
32 62
48 68
49 58
78 84
37 44
3 5
96 100
17 28
64 79
71 95
12 19
55 57
74 78
46 49
32 39
38 46
66 72
25 34
36 39
3 17
12 24
79 89
26 32
4 25
85 93
87 92
18 21
74 93
80 92
44 74
27 31
74 80
37 54
17 21
81 86
72 84
9 15
61 68
54 55
9 26
25 33
18 27
82 93
82 84
86 98
46 52
28 35
64 67
91 97
49 63
32 45
39 45
86 94
73 87
90 97
69 78
51 72
31 38
20 35
18 21
21 31
46 56
28 36
47 64
86 89
50 60
83 92
67 79
88 100
76 93
23 29
64 80
88 98
6 14
11 17
76 90
45 57
10 23
55 75
2 6
4 8
12 18
12 21
36 55
11 21
39 53
57 72
52 76
74 80
15 30
83 88
56 65
63 71
38 55
7 24
77 85
83 87
5 16
48 57
4 12
33 46
72 82
62 67
54 62
45 49
25 42
91 95
22 30
32 43
11 25
47 53
30 41
46 54
25 34
77 78
47 60
9 14
36 45
34 53
63 71
27 40
13 15
74 92
59 70
40 54
29 32
66 75
93 96
8 21
49 56
48 64
7 13
33 40
60 66
78 90
48 51
37 54
27 40
24 32
27 39
59 80
2 16
51 64
75 97
12 51
11 14
33 71
32 39
21 29
65 87
54 67
71 86
8 90
46 54
10 29
65 76
87 92
28 39
70 81
16 25
64 93
44 50
45 56
79 84
87 96
4 8
9 14
22 27
38 43
56 77
44 49
39 45
76 87
68 74
56 70
73 80
65 89
38 39
48 50
37 48
37 44
3 15
44 52
86 100
60 66
84 99
14 33
24 34
12 20
16 26
81 98
23 31
56 67
82 88
91 99
43 47
31 49
86 97
74 84
85 95
25 31
86 91
76 81
12 17
5 20
79 96
15 23
47 53
74 77
32 46
44 57
31 35
9 17
42 54
57 63
8 22
1 32
15 25
32 37
69 79
40 44
63 82
25 30
64 73
67 87
9 17
85 96
38 43
69 88
5 32
29 47
73 84
62 69
54 79
82 97
43 52
90 98
93 98
76 95
28 47
64 69
15 24
46 57
21 24
88 100
68 80
70 77
19 22
60 89
83 87
58 60
16 31
80 85
67 71
33 44
76 84
80 85
47 60
6 18
42 50
12 18
49 68
70 82
27 32
26 68
22 44
67 75
40 54
91 94
53 60
29 44
68 74
21 30
2 14
71 72
1 12
17 23
31 47
48 70
50 56
37 39
45 65
34 49
61 81
46 53
4 8
13 21
46 83
67 72
72 83
2 14
83 88
59 81
82 99
63 85
72 83
58 82
90 97
75 84
11 27
46 57
75 86
29 49
52 77
63 71
33 36
11 29
1 26
35 55
66 69
63 71
28 40
46 50
8 27
75 87
35 43
7 24
1 9
2 13
77 82
30 56
89 96
5 29
77 80
19 31
57 72
15 23
43 45
43 55
84 93
38 56
9 17
30 78
73 90
26 28
42 57
25 26
58 60
62 66
27 32
11 16
13 46
33 42
7 26
12 26
53 60
11 21
77 88
55 77
67 70
97 99
57 65
32 44
44 62
39 43
84 90
48 63
85 88
78 88
68 75
32 43
50 58
22 49
51 64
20 21
19 21
71 77
51 59
10 17
55 85
18 20
34 50
25 29
49 59
82 94
87 92
17 24
31 36
55 71
81 86
42 50
48 64
3 17
12 31
23 31
74 90
44 49
60 70
54 83
13 17
27 34
60 65
54 56
67 77
41 70
43 56
30 49
69 77
62 75
71 83
69 74
30 34
91 98
45 69
38 45
23 32
35 41
64 90
9 19
26 37
38 50
21 40
53 72
30 37
22 27
91 95
18 22
75 79
46 55
73 79
4 10
12 28
65 86
5 21
69 79
55 70
54 64
60 64
52 72
67 77
7 21
23 30
28 33
59 82
42 59
71 89
31 50
57 63
23 46
46 83
70 78
29 45
72 80
76 88
75 83
54 58
17 28
58 68
64 92
64 76
41 57
92 97
56 72
26 34
48 71
86 95
20 24
58 62
53 68
62 77
12 27
51 58
71 83
90 95
85 98
79 98
37 44
32 42
63 72
49 62
67 73
77 80
41 44
57 66
32 38
37 63
38 61
6 18
76 78
34 40
78 84
17 21
75 88
11 16
69 84
81 94
6 12
90 97
60 99
59 66
1 18
43 49
40 46
39 53
70 79
13 53
57 64
5 14
47 55
34 44
37 61
5 19
60 73
65 82
41 53
33 43
57 63
19 28
35 42
15 22
57 79
37 44
46 53
89 98
67 73
25 41
35 42
55 60
35 44
8 21
23 38
62 73
14 22
46 55
48 60
46 49
76 92
59 71
73 85
42 60
72 86
21 32
71 75
39 42
36 58
6 18
75 80
74 81
70 76
41 56
16 29
1 9
73 78
59 90
6 12
57 63
67 72
27 31
36 43
50 82
64 67
80 99
85 98
68 75
29 41
37 42
46 48
86 90
51 61
13 18
39 58
92 99
73 83
53 65
4 13
5 12
22 31
66 78
78 86
1 29
58 61
19 31
11 14
66 74
97 98
44 52
84 98
4 12
55 70
60 66
16 38
56 67
25 36
72 74
24 31
1 10
78 93
26 30
45 55
86 94
63 90
79 82
42 49
14 23
41 42
69 81
90 96
62 69
46 55
70 75
37 42
58 76
1 6
46 62
49 57
13 24
92 96
67 74
68 82
39 47
77 80
91 100
43 47
45 51
57 76
43 47
73 82
87 97
85 96
68 89
55 64
64 67
96 98
76 78
35 47
6 20
17 32
93 98
57 72
77 85
10 18
69 94
22 28
1 4
16 23
72 81
4 14
