100 20 20 15
00000000000000000000
00000000000000000000
00000000000000000000
00000000011100100000
00011000000011100000
11100011000000011111
00000100000000000000
00000000000000000000
00000000000000000000
00000000111000000111
11111100000000000000
00000000000111000000
00000110000000000000
00001000011100000000
00000000000000000000
00000000000000000000
00000000000000001000
00000000000000000000
00000000000000000000
0000001000000000100
0000001000000000100
0000001000000000100
0000000000000000000
0000000000010010000
0010100000000010000
0000110000000000000
0000000000000000000
0000000000100000000
0000000000100100000
0000000000100100000
0000000000100100000
0000000000100000000
0000100000100000000
0000100010000001000
0000100010000001000
0000100010000001000
0000100010001000100
0000100010001000100
0000100010001000100
5820
22 25
53 63
90 98
89 100
84 95
68 76
61 65
40 46
48 53
54 63
4 12
29 36
86 92
8 17
81 95
25 40
80 88
51 61
44 66
31 36
53 85
46 52
22 46
47 56
11 18
55 61
25 32
64 85
76 81
43 53
53 57
43 49
7 28
68 85
2 6
12 25
8 21
23 34
7 21
37 41
60 86
28 55
40 49
25 30
37 64
62 71
56 62
61 71
67 86
46 57
38 64
64 68
8 24
73 77
51 57
86 95
41 45
3 9
35 40
26 36
32 50
4 27
68 83
53 59
24 40
76 79
21 24
78 85
9 18
51 91
37 44
48 57
96 99
6 21
10 17
98 100
94 99
21 37
91 97
19 30
40 48
67 87
17 22
24 29
67 87
14 32
37 45
12 29
74 87
36 61
73 85
2 12
16 25
83 87
33 45
92 96
5 8
59 72
30 40
70 84
56 64
60 67
64 69
16 25
71 77
53 68
3 13
31 60
70 79
53 69
16 31
57 71
96 99
56 64
69 78
1 16
47 78
11 18
39 64
59 65
87 94
44 63
3 7
10 21
22 29
67 81
1 6
23 38
77 84
71 80
81 87
81 98
39 44
47 57
45 52
15 18
75 78
28 45
33 39
8 15
56 64
64 74
57 63
75 80
77 81
9 17
30 39
14 29
85 92
63 84
61 76
55 65
80 87
36 45
54 60
85 99
46 56
9 23
31 34
43 75
38 51
55 67
2 9
42 56
63 65
13 19
68 72
28 45
87 99
58 62
69 73
31 42
63 77
17 24
21 29
28 42
40 41
7 16
54 66
89 96
61 72
2 12
72 79
46 54
4 8
43 49
80 88
97 99
26 38
32 45
53 55
71 83
81 86
37 44
20 22
51 58
67 77
18 27
64 73
84 91
46 60
61 73
39 47
42 47
32 46
59 68
54 65
69 74
16 28
69 86
18 25
53 58
14 28
34 54
74 95
81 93
45 52
4 7
59 66
67 74
82 90
56 64
62 73
67 99
41 48
43 48
40 47
24 29
45 58
61 68
74 82
69 87
3 23
18 30
18 22
42 53
16 37
45 53
83 97
23 29
77 81
81 85
20 26
26 30
14 38
56 62
31 39
68 71
82 90
14 22
79 87
28 39
35 45
31 38
40 56
86 95
12 20
1 7
12 29
21 28
89 93
43 53
4 26
38 45
41 62
39 45
81 85
15 25
2 8
17 37
57 67
7 14
21 32
63 70
62 76
92 99
92 96
41 59
67 74
67 70
29 48
35 49
68 78
44 67
48 57
41 46
36 41
13 32
48 65
39 42
91 98
59 65
63 83
85 92
25 36
74 85
16 20
73 78
5 12
77 86
72 78
78 90
82 95
30 33
39 45
59 67
3 14
24 34
16 30
58 74
32 41
64 79
20 24
27 39
58 63
86 91
15 18
68 80
94 98
82 88
57 73
15 34
15 22
24 26
87 92
86 92
50 62
19 27
82 97
11 19
58 66
56 72
58 85
42 46
72 83
6 21
35 46
36 53
40 44
90 98
62 71
87 93
11 22
29 37
8 14
24 26
30 36
74 85
15 30
10 13
24 30
22 37
84 91
26 29
27 42
53 62
79 88
80 92
84 92
12 18
14 20
68 74
70 77
26 33
25 32
96 100
22 24
73 81
40 50
70 79
50 67
35 40
19 24
71 76
47 50
36 40
37 64
62 68
35 56
23 34
47 59
52 66
8 21
61 83
16 27
64 70
9 16
22 24
83 97
5 8
30 44
39 47
59 61
79 95
81 86
49 55
26 34
63 83
65 72
68 79
69 71
82 91
47 61
5 11
62 75
64 69
15 20
96 97
91 96
89 100
95 100
77 85
82 87
20 28
18 48
27 34
4 55
39 48
66 81
44 53
24 30
45 54
38 47
44 74
5 23
82 87
46 62
52 69
16 21
48 51
43 49
31 45
5 19
26 44
83 86
31 45
25 30
66 100
81 92
55 62
36 49
60 77
76 88
79 86
49 53
41 48
25 35
70 78
46 61
81 92
17 38
50 55
10 16
14 21
62 69
72 78
43 57
58 62
88 96
40 51
30 39
27 36
58 64
7 14
73 89
86 91
63 81
25 37
35 48
52 56
5 12
50 57
94 98
59 72
81 91
31 40
44 50
70 82
6 8
39 66
20 58
85 95
37 45
72 81
36 43
45 49
20 27
32 42
70 84
34 43
61 71
49 64
31 35
24 26
62 73
6 20
55 61
55 62
78 86
72 81
80 95
4 14
51 70
78 89
52 56
88 100
42 54
18 32
6 13
25 39
82 93
74 84
52 69
27 43
13 33
13 18
26 31
4 18
79 91
38 41
95 100
79 83
18 46
15 24
34 61
52 58
5 11
15 21
70 85
25 37
27 38
59 72
48 69
38 45
27 41
19 28
24 31
23 30
16 24
67 75
32 46
12 15
45 48
46 56
89 96
11 15
27 38
48 49
86 96
62 79
14 15
44 54
45 56
83 92
73 85
54 66
36 95
21 30
73 77
31 38
66 74
3 26
21 40
91 96
71 81
18 29
37 44
5 12
45 52
17 19
57 62
38 60
30 38
70 91
65 73
42 48
19 28
12 15
63 69
5 11
79 87
41 53
96 100
42 50
23 36
8 23
89 98
13 25
14 43
59 69
22 35
51 65
9 24
25 50
34 58
48 53
44 53
57 74
38 44
62 70
6 9
77 81
40 48
88 97
7 17
60 76
19 25
75 88
14 27
62 76
77 83
8 21
3 16
91 97
5 16
24 34
1 9
42 59
71 86
80 90
4 14
24 41
1 17
88 92
19 49
31 42
9 17
13 23
66 71
59 65
44 57
84 98
72 76
10 22
80 85
89 98
50 59
43 47
13 23
12 40
66 69
59 67
20 26
21 31
15 33
36 61
38 52
18 28
76 94
1 17
28 47
54 60
75 87
46 53
7 21
72 96
74 88
77 83
53 58
21 32
37 46
39 51
30 39
48 61
69 73
64 73
30 44
25 30
16 28
86 97
60 69
70 90
46 57
46 55
37 49
49 58
40 52
39 42
32 42
45 81
23 45
75 86
68 75
28 37
13 15
72 79
4 16
49 60
75 79
92 99
84 100
73 76
56 68
20 26
19 31
58 69
23 39
22 49
62 71
73 83
7 12
48 55
81 91
62 68
37 53
59 66
20 26
59 67
16 30
1 9
56 66
68 81
19 27
13 22
35 46
7 19
28 47
1 20
48 57
78 93
32 42
67 78
50 64
35 66
2 15
35 49
35 46
90 93
27 37
83 100
43 50
65 75
21 27
67 70
19 23
59 85
26 36
3 19
78 87
33 40
16 28
23 32
29 33
94 96
16 35
86 96
23 43
7 17
45 60
77 86
74 90
61 71
44 48
18 34
36 42
66 96
74 76
49 63
76 81
43 55
1 6
24 31
45 50
57 67
29 36
40 46
34 41
87 98
86 100
11 21
67 71
10 22
43 81
13 23
12 24
40 46
48 54
47 52
81 94
94 98
43 71
69 71
74 82
22 28
54 56
39 43
60 65
11 24
43 53
87 94
2 15
20 26
70 86
92 100
40 49
84 89
57 62
77 95
59 68
3 44
33 50
53 59
1 8
64 83
29 48
21 37
51 67
76 89
70 77
45 60
83 96
35 57
74 99
61 99
68 72
77 83
66 77
85 90
21 48
10 26
76 84
26 34
74 78
61 99
12 23
81 94
11 35
11 18
40 50
54 63
46 53
83 92
45 77
74 84
20 64
22 34
37 46
75 96
4 7
27 34
65 77
37 44
86 91
58 63
47 85
15 25
59 71
23 33
9 22
96 99
11 15
65 74
63 86
40 49
18 24
8 23
78 90
17 23
57 70
43 70
81 88
13 26
21 34
64 75
31 38
62 72
32 38
24 49
4 14
71 73
86 93
68 92
13 37
21 34
90 94
19 28
42 47
15 23
16 34
10 23
7 16
75 78
4 13
80 90
53 66
55 59
17 36
55 67
65 99
29 33
6 19
23 33
9 13
28 34
22 24
25 54
53 62
43 58
52 71
75 83
64 69
19 28
9 20
31 50
28 35
6 12
80 89
59 68
77 100
98 99
32 52
15 25
74 81
54 60
86 89
81 88
28 30
89 98
48 50
29 39
99 100
64 74
25 39
43 62
74 86
59 62
7 23
27 43
53 68
23 33
6 17
15 25
1 18
52 58
9 27
83 91
34 37
58 63
58 72
85 90
63 89
89 93
87 93
77 81
35 47
95 100
14 24
41 70
72 75
58 63
1 18
27 44
54 69
36 42
59 64
20 24
6 11
34 42
22 35
25 39
37 44
64 76
73 79
47 55
7 23
37 47
45 51
77 81
48 61
82 94
16 18
55 60
3 17
2 9
84 90
72 83
45 55
70 80
62 72
76 82
33 39
30 36
16 20
26 34
19 46
17 32
58 76
15 24
13 20
67 85
19 35
59 61
40 46
8 16
52 82
29 31
25 41
23 42
3 12
23 30
37 48
64 85
74 95
51 59
3 12
35 53
29 39
27 40
44 46
69 70
39 53
20 46
72 84
91 99
69 80
66 84
71 88
23 32
17 21
49 63
23 54
29 36
53 77
47 66
2 6
61 68
57 75
73 81
48 56
21 30
26 30
36 45
21 37
52 67
52 57
61 84
11 15
48 61
36 41
67 76
96 97
25 31
68 79
6 14
73 81
46 50
65 71
1 5
48 78
91 94
2 25
79 88
69 77
45 56
76 98
25 30
25 30
69 91
19 25
1 5
58 68
24 37
70 79
94 98
36 43
24 30
62 72
35 49
35 41
14 22
2 19
42 53
8 16
21 28
33 36
33 54
84 94
35 38
21 31
42 59
18 20
22 26
13 22
25 45
67 74
44 52
32 48
79 86
26 92
11 18
46 48
55 65
38 44
9 17
5 11
8 17
16 34
76 84
64 70
47 66
39 43
68 82
28 45
9 21
57 66
78 100
55 82
44 54
45 56
27 30
35 42
24 30
5 21
35 44
43 53
67 73
3 11
12 25
53 58
89 94
87 95
55 58
60 64
33 37
63 71
88 92
29 44
40 58
86 93
45 54
34 64
61 68
10 16
49 61
12 17
17 34
6 12
66 79
63 78
17 27
52 68
29 32
50 59
5 19
41 47
60 75
35 46
8 28
43 48
8 17
69 94
95 100
3 5
5 26
2 21
5 13
9 22
14 24
66 70
69 77
12 17
15 32
59 68
20 33
31 52
22 28
44 56
50 54
11 30
28 35
51 63
87 94
32 42
32 39
54 60
40 63
19 34
46 50
44 50
58 62
60 93
29 31
27 37
34 38
40 55
40 49
5 14
59 85
60 67
89 97
38 48
48 56
46 65
1 7
68 85
44 52
65 90
66 74
58 64
19 38
72 76
23 26
59 70
80 89
43 59
73 87
60 77
25 35
57 61
11 31
61 66
36 41
80 93
65 71
94 99
49 57
26 53
66 77
89 97
13 25
69 75
27 43
86 95
65 76
77 84
38 51
41 47
79 85
23 31
79 82
61 68
70 75
66 84
5 19
2 9
55 68
58 66
40 52
76 83
56 63
78 83
67 72
79 86
36 43
85 93
53 58
78 89
82 86
71 76
43 52
29 35
92 98
54 76
78 88
12 23
54 64
66 77
33 41
53 58
6 32
33 42
26 41
7 28
72 75
52 56
48 64
4 15
76 86
28 39
54 65
73 82
34 48
19 28
11 28
42 51
45 54
33 43
48 53
65 72
16 36
85 95
24 44
8 14
52 56
81 86
1 5
55 70
56 67
7 24
24 36
10 21
43 57
11 33
59 91
10 14
64 88
4 10
44 52
62 96
33 49
45 52
6 25
65 70
28 35
28 56
24 31
84 87
2 12
32 43
10 17
63 74
39 53
27 41
46 54
53 73
18 25
84 88
10 19
33 67
73 85
17 20
9 25
2 11
51 64
51 67
93 96
73 76
46 52
33 48
54 60
37 54
83 98
7 19
80 85
3 20
69 74
39 52
75 79
93 98
29 31
20 28
31 38
84 96
82 92
3 8
4 19
47 84
51 53
55 65
50 57
54 59
59 64
73 76
6 12
76 81
74 78
39 48
21 27
68 72
66 73
49 63
17 21
62 68
68 79
28 36
48 59
8 16
76 90
48 56
68 71
47 68
74 84
11 25
67 72
26 30
62 72
16 24
58 73
71 73
27 32
28 46
47 52
79 89
54 71
5 15
39 45
26 40
31 43
1 10
24 30
4 18
92 98
12 19
69 74
43 57
79 90
58 70
65 70
86 95
65 89
11 15
67 71
35 45
34 40
34 58
19 26
71 95
36 50
91 92
18 21
13 17
59 78
61 66
66 73
48 61
27 34
63 69
35 37
79 85
19 29
28 36
34 41
68 84
86 90
56 63
6 27
6 12
72 76
22 31
36 41
47 63
11 16
58 69
53 63
71 75
4 15
19 22
10 20
74 88
44 50
32 36
74 89
73 93
12 25
5 12
49 79
26 29
86 92
68 72
59 72
70 77
43 61
25 65
68 76
3 5
65 80
48 76
82 93
50 60
88 100
9 16
31 50
62 68
46 50
78 93
86 94
79 93
15 22
83 92
53 55
21 26
78 90
11 27
82 87
29 53
29 49
80 91
8 11
20 28
81 89
44 48
57 80
74 79
45 50
44 55
63 68
50 62
46 61
11 24
79 87
31 38
68 75
31 36
27 29
9 23
7 53
33 48
31 43
68 84
17 22
28 47
49 59
79 86
40 44
1 16
88 97
81 94
11 19
47 50
80 98
44 56
2 14
12 22
82 95
20 28
66 70
66 82
22 29
46 58
36 51
90 96
84 95
50 52
67 88
61 67
9 14
86 96
42 57
23 26
69 77
52 63
77 89
45 56
91 99
39 48
48 55
53 56
38 44
19 25
86 96
84 93
85 89
26 78
32 48
47 58
80 90
52 68
63 76
3 7
90 97
27 44
9 24
38 48
15 23
4 26
26 37
49 59
63 72
32 39
49 61
11 18
82 87
19 21
18 29
60 77
17 29
59 70
40 51
3 45
43 50
73 82
69 76
28 54
40 51
58 66
32 40
11 23
23 29
18 33
75 79
28 32
50 51
5 14
69 75
48 61
77 85
51 59
72 81
84 86
34 40
80 85
17 51
30 41
19 33
22 25
15 26
81 91
38 50
27 46
24 34
76 80
89 93
20 31
89 97
16 25
33 46
17 34
51 56
7 12
78 81
76 79
44 58
48 53
60 68
47 58
11 22
90 95
74 89
73 77
25 31
72 74
46 57
79 81
50 73
63 70
77 78
66 71
77 82
74 84
38 45
61 67
70 82
46 49
84 92
10 19
11 16
1 4
70 80
41 46
47 53
68 81
72 87
19 31
15 20
39 53
62 65
10 31
51 57
71 79
94 99
36 51
40 44
59 62
60 84
15 25
55 80
43 55
4 7
51 68
28 36
13 22
91 96
52 56
52 57
2 10
8 26
28 32
81 93
21 37
45 54
18 22
43 49
22 34
18 32
66 72
94 96
15 19
1 9
28 42
76 78
74 93
35 57
59 61
84 95
8 13
49 56
11 32
65 81
83 96
2 23
67 75
66 77
7 18
70 90
63 76
14 22
55 59
52 58
21 30
68 69
85 89
90 94
43 71
24 29
41 50
60 72
76 92
57 68
23 56
58 61
4 19
28 52
4 54
26 40
81 84
73 82
68 71
25 43
1 23
8 10
35 56
49 54
18 30
27 30
15 23
70 73
32 36
27 33
45 50
5 9
60 65
58 81
42 48
89 99
56 63
2 7
21 46
63 75
47 60
71 78
27 38
19 26
26 29
49 67
14 18
17 23
68 77
44 56
88 94
23 30
26 32
48 61
88 97
66 77
14 19
41 65
3 33
35 39
53 80
41 48
27 48
15 27
76 94
27 60
17 29
63 84
36 67
27 40
22 29
37 46
35 42
40 45
53 58
42 49
56 60
2 12
70 80
40 50
17 51
45 53
13 19
69 85
3 6
13 19
31 46
54 71
61 73
72 90
18 36
61 71
47 50
68 76
2 26
13 24
55 62
16 39
79 87
79 85
74 95
23 38
97 100
45 48
49 60
19 41
50 62
53 94
19 36
22 25
5 11
17 33
94 100
67 97
48 67
8 25
67 82
27 47
90 95
57 60
30 33
26 39
68 72
65 71
65 69
73 88
90 96
81 88
45 68
70 94
10 36
82 86
79 96
50 57
53 63
85 99
7 19
89 98
25 29
54 67
17 25
63 70
26 31
4 21
33 45
73 81
24 31
48 52
51 71
34 56
44 49
70 77
67 83
18 25
63 69
37 47
86 95
70 81
11 17
74 82
68 71
14 17
91 97
75 78
26 28
6 9
66 75
17 20
23 36
75 85
73 92
36 46
25 29
9 12
44 46
82 92
10 22
7 11
31 36
81 85
37 49
30 45
59 64
58 65
6 8
62 70
32 52
34 41
49 56
84 87
46 72
78 88
82 85
42 69
38 51
7 10
38 59
52 62
78 88
11 29
75 82
64 73
38 50
56 58
25 35
52 57
75 84
33 43
53 65
74 79
26 42
44 47
8 17
16 28
20 25
56 62
44 64
78 93
38 42
48 67
48 84
54 70
41 42
68 71
21 37
9 19
56 70
34 44
86 89
44 48
36 47
31 35
2 13
54 63
75 81
14 19
35 45
76 97
76 96
89 95
18 22
6 8
84 94
34 56
27 42
59 67
91 93
68 74
40 66
63 72
9 16
52 69
72 90
4 31
53 58
45 53
16 22
71 82
30 37
36 70
40 50
29 40
68 81
92 99
85 90
45 47
34 37
69 73
10 17
92 95
28 37
65 71
38 42
8 16
3 14
78 87
57 70
50 79
50 57
10 27
83 93
31 41
86 91
63 67
79 90
66 69
19 24
38 48
56 59
59 88
15 21
61 84
65 83
31 41
80 85
10 25
3 19
52 62
59 68
80 87
74 85
1 19
88 97
20 28
6 20
82 92
33 36
1 22
9 13
35 42
75 85
43 49
25 66
94 100
89 91
36 56
4 13
21 47
18 30
89 95
5 10
28 45
6 14
51 60
9 22
79 86
56 63
51 60
78 87
12 23
54 69
18 25
70 95
48 66
17 70
51 86
34 42
44 52
89 94
86 94
40 47
61 65
62 65
34 45
36 41
34 52
12 74
35 43
56 61
73 96
83 92
46 56
55 74
71 86
48 58
75 91
3 10
43 66
79 95
49 55
46 80
78 92
26 31
64 73
20 37
11 20
86 99
21 42
6 20
22 55
1 11
87 96
79 98
39 45
33 51
79 90
31 48
73 98
44 61
57 62
27 32
67 76
9 17
6 18
48 63
26 30
47 66
73 83
4 14
10 18
10 24
56 72
15 18
38 42
81 83
22 26
30 75
14 19
85 97
36 46
80 90
12 19
56 69
75 80
30 39
4 31
19 34
36 53
93 97
64 69
60 63
32 44
58 62
66 75
43 52
60 77
33 67
87 97
64 70
30 39
28 33
26 29
43 45
33 51
24 34
57 71
70 79
49 53
36 72
74 83
20 26
70 82
28 33
51 56
78 86
44 56
54 80
57 63
24 39
4 75
71 94
45 58
23 28
24 42
51 68
58 66
50 56
12 22
11 18
34 43
54 73
3 6
81 90
30 32
66 71
45 49
35 41
75 96
62 89
45 51
51 70
47 52
7 13
55 61
74 84
8 17
91 99
17 21
2 11
12 18
1 7
92 99
55 68
54 59
19 27
73 83
5 28
45 63
55 62
45 51
16 21
12 26
24 32
1 8
44 48
58 77
22 32
3 9
44 61
63 65
92 99
77 81
50 57
46 55
49 54
82 93
68 77
1 7
44 77
81 89
86 92
56 66
56 62
42 46
83 94
68 85
49 56
8 27
70 80
24 32
83 96
57 74
30 41
26 38
92 100
88 93
17 24
79 87
72 81
9 19
86 92
32 36
25 42
10 17
34 39
82 92
30 40
37 52
49 50
38 47
5 21
62 75
65 81
85 97
17 23
38 46
80 89
22 31
44 49
13 39
29 37
40 45
36 49
52 69
86 98
14 17
14 26
60 86
28 30
62 66
67 73
32 49
8 34
21 31
78 93
64 79
58 63
5 15
33 49
80 85
41 53
31 43
53 62
80 87
59 73
8 35
18 22
77 87
44 48
84 88
6 22
67 88
29 33
14 25
89 98
50 60
49 72
70 89
41 80
39 51
22 31
64 70
15 19
76 90
38 48
55 73
16 26
26 31
45 53
6 15
40 53
75 81
77 87
75 80
15 22
54 60
92 98
35 55
34 44
17 21
46 52
82 92
78 92
89 95
69 80
39 46
67 70
52 63
31 42
48 54
24 33
15 38
72 91
35 40
57 67
85 91
33 40
56 59
69 88
28 33
34 47
89 97
64 65
39 45
14 21
18 57
61 65
66 73
15 18
5 12
81 90
74 79
5 12
74 86
17 37
47 52
43 46
10 18
56 64
71 75
16 23
39 49
11 17
52 71
14 23
70 80
57 69
70 74
37 50
44 50
27 30
40 48
88 94
94 99
37 53
84 96
38 45
31 39
54 58
72 82
93 98
42 47
9 23
71 79
44 48
14 19
88 99
1 21
56 66
55 60
66 84
23 49
48 52
14 32
32 55
37 44
27 33
24 32
32 56
38 56
13 27
48 55
10 43
80 98
43 52
8 26
60 72
76 81
63 69
34 45
34 57
77 82
29 30
8 30
68 73
7 35
85 90
37 53
42 49
10 36
60 71
62 78
93 99
46 67
87 98
44 48
20 27
66 77
74 80
52 69
82 87
47 52
77 88
19 25
41 57
4 12
86 97
21 42
43 54
48 68
52 72
95 98
77 82
9 35
27 41
12 31
58 69
5 12
80 87
85 97
68 81
67 77
62 74
80 94
43 61
17 22
69 74
19 22
33 53
67 73
25 40
80 91
44 46
19 26
5 16
72 87
66 70
25 34
52 74
36 54
70 77
82 92
73 80
32 37
18 24
78 91
37 42
91 98
55 65
79 82
56 64
64 77
25 34
44 49
71 90
73 76
68 100
52 60
10 23
24 32
13 25
55 59
29 39
44 52
31 32
21 34
44 56
39 75
91 99
19 36
9 18
65 72
57 69
52 62
52 53
49 58
69 78
84 95
22 35
19 27
61 64
27 31
67 80
21 23
37 41
75 94
22 27
3 24
7 17
9 14
8 15
4 13
61 72
7 15
20 45
15 19
2 6
16 36
42 58
2 15
84 97
86 93
28 33
24 30
40 60
20 33
51 85
89 97
40 46
10 17
55 65
63 74
12 34
42 47
16 26
77 82
50 60
74 85
10 20
61 84
76 91
20 32
76 79
86 93
40 57
49 61
68 78
40 49
42 54
24 32
76 82
20 30
90 95
12 31
58 66
53 58
46 51
17 27
60 83
26 35
66 72
74 100
80 84
53 70
8 19
67 71
72 87
46 68
26 41
54 60
16 39
39 45
31 46
26 36
14 18
61 73
81 91
73 88
42 46
78 84
74 93
26 31
78 79
48 61
32 48
3 7
5 7
8 12
67 91
22 26
55 59
26 43
87 94
69 81
88 93
36 43
73 81
20 35
63 75
55 61
1 4
38 46
72 86
12 35
35 48
43 53
35 78
31 40
61 70
35 50
38 49
5 9
8 14
13 20
57 63
82 84
66 74
62 81
78 83
34 75
20 40
65 94
46 56
16 34
59 83
57 62
51 66
43 59
13 20
2 29
68 90
28 41
11 24
48 64
31 35
43 48
43 51
55 67
86 93
86 89
4 5
29 44
62 86
32 38
29 39
61 72
54 57
72 79
79 94
46 55
41 55
78 93
89 93
63 71
83 88
43 48
10 22
5 13
43 61
7 11
40 45
46 52
13 22
1 10
92 99
2 7
27 36
76 80
34 42
47 57
24 30
7 15
45 60
45 49
16 20
51 61
79 99
42 46
37 43
23 36
23 27
23 47
30 47
60 85
35 46
83 87
71 88
6 21
55 57
33 40
34 42
41 49
70 74
74 90
75 87
54 56
10 36
18 32
62 86
28 34
48 52
31 38
31 64
24 36
39 45
58 68
49 52
22 24
70 80
16 28
3 5
6 11
64 76
62 70
51 55
77 82
75 81
38 44
58 71
29 35
76 82
94 99
25 31
25 29
89 92
41 76
85 93
40 47
10 14
28 40
4 10
4 8
54 74
48 61
93 96
44 56
14 16
19 29
60 77
80 87
51 61
42 50
44 48
56 60
47 56
70 79
12 18
15 23
44 59
96 100
22 27
51 65
92 98
61 71
89 100
64 72
66 70
9 17
23 27
56 71
72 78
3 17
71 76
56 66
89 97
80 85
24 37
39 75
51 58
41 64
72 79
20 26
3 24
63 80
80 85
89 98
32 53
73 77
57 65
31 36
58 62
16 20
37 49
2 5
21 71
70 72
40 42
36 39
61 68
3 6
55 59
9 19
9 14
28 66
71 79
15 19
50 62
49 53
78 80
22 46
52 54
78 94
35 55
53 61
8 14
40 50
20 29
75 92
36 46
23 33
18 27
27 40
92 97
67 80
52 54
1 13
97 98
33 37
8 26
38 62
63 71
56 64
15 20
64 73
86 90
24 32
2 9
72 87
63 85
75 82
61 64
12 19
47 63
54 68
16 44
26 44
25 45
7 13
10 16
31 40
66 69
8 19
52 57
31 34
14 17
16 19
19 31
41 49
36 46
54 56
53 70
22 32
42 52
84 91
18 22
40 86
51 56
9 21
53 66
90 93
54 75
8 18
91 97
51 54
69 97
17 28
42 53
83 90
50 58
15 41
34 42
27 37
77 93
38 49
65 77
25 34
32 50
3 11
77 86
59 65
26 32
34 38
16 27
34 41
43 47
8 11
98 99
30 43
81 93
31 45
18 31
36 48
19 30
74 92
88 94
46 59
30 33
80 91
53 59
14 28
44 50
57 81
54 58
9 13
9 27
10 19
9 20
87 91
70 88
79 82
55 68
50 57
17 34
21 31
51 58
69 82
88 95
13 14
54 59
47 65
11 25
59 68
47 64
68 71
11 15
53 63
20 45
62 65
9 20
1 29
20 32
81 88
4 18
35 38
29 51
13 22
1 9
81 89
91 92
7 23
1 10
93 99
58 75
15 23
32 45
8 13
26 38
66 100
43 60
86 93
22 45
22 38
91 96
19 36
57 70
24 33
1 12
18 24
21 26
30 39
15 26
88 99
10 27
40 69
25 41
23 32
38 58
77 83
68 82
58 76
15 22
38 44
11 24
32 36
31 37
16 44
79 90
76 91
36 43
74 99
44 53
2 12
72 94
47 52
1 17
12 34
38 45
68 77
59 72
28 37
59 72
29 35
22 26
91 96
78 84
87 94
68 88
88 99
23 30
90 97
72 76
43 46
10 26
18 23
76 92
74 80
29 43
53 71
45 50
56 68
77 86
22 30
33 50
40 53
20 49
24 30
12 16
44 63
14 28
89 98
30 37
18 36
66 79
64 82
76 80
73 83
54 62
70 79
75 94
32 50
79 86
83 89
3 17
57 73
66 71
90 99
59 69
37 44
53 58
35 49
59 69
61 72
16 24
33 53
66 71
13 17
7 11
25 34
9 24
7 17
41 50
42 46
82 86
29 41
69 82
27 36
90 94
35 59
63 70
74 80
22 29
14 30
51 54
60 72
21 28
40 48
61 69
90 95
46 55
58 71
12 16
72 79
7 19
23 30
55 60
45 70
56 60
10 12
85 88
68 73
26 33
91 100
78 94
74 90
19 28
49 55
43 58
62 70
76 86
37 52
84 89
80 87
10 16
45 54
55 69
30 41
82 91
19 26
42 47
55 71
43 49
84 96
70 73
85 91
75 81
49 53
39 41
68 74
95 100
55 68
47 52
48 69
39 58
92 99
79 97
11 62
9 12
58 63
22 25
33 57
1 6
1 17
30 43
83 99
45 47
48 52
50 69
76 84
61 69
24 30
22 39
74 81
74 79
4 17
30 44
55 79
48 53
20 32
13 21
19 29
81 89
2 6
65 72
8 22
7 16
37 60
51 68
33 38
51 61
3 7
45 64
13 16
27 43
58 60
48 57
7 10
19 27
5 9
87 91
1 18
77 83
21 27
50 59
10 20
72 77
45 52
38 52
51 74
32 46
73 90
52 61
94 98
67 71
18 24
31 37
50 65
75 90
66 99
11 15
24 44
79 89
68 71
59 62
79 94
3 13
77 90
36 39
35 49
72 79
54 58
60 64
74 88
88 98
36 47
32 45
82 88
85 89
73 78
12 20
5 9
16 44
53 63
12 29
8 20
67 83
34 44
82 91
56 69
91 98
79 81
56 66
64 69
37 43
12 14
72 93
54 56
9 18
66 100
12 15
27 38
4 15
82 93
28 37
70 78
92 98
20 27
37 57
83 89
35 39
46 52
39 58
70 79
13 22
10 21
56 66
51 58
45 55
46 53
86 94
21 30
84 88
20 23
38 45
50 64
66 74
85 90
34 39
85 88
10 27
32 36
7 25
13 19
50 54
41 57
10 19
17 23
17 24
48 62
61 70
27 38
77 90
41 83
73 84
9 22
69 73
10 37
67 84
12 22
69 74
18 32
3 8
75 91
26 45
92 98
70 75
85 94
28 38
31 39
34 38
73 97
8 16
90 100
64 74
82 97
28 38
27 35
83 92
36 42
64 71
81 95
45 61
32 42
88 97
82 98
5 15
45 48
46 48
79 88
61 80
24 35
18 28
30 38
18 29
18 19
15 25
14 28
30 37
64 68
57 88
34 49
30 34
52 55
57 67
41 44
12 29
35 40
45 55
30 35
12 22
34 44
86 97
18 42
3 32
54 57
45 50
40 42
48 66
53 67
70 78
15 24
31 41
77 93
41 48
19 34
72 98
85 94
48 60
2 16
65 73
15 46
36 49
80 97
83 88
21 30
4 10
59 60
17 37
84 86
28 35
60 69
23 32
28 32
68 71
10 20
32 48
66 78
13 18
33 42
73 82
49 56
38 48
40 53
50 62
78 82
78 92
42 65
2 8
79 97
16 17
50 59
83 90
23 44
14 22
65 78
27 41
35 41
32 43
89 100
35 39
77 80
3 11
33 40
66 70
68 78
83 91
29 32
89 95
63 82
21 32
81 87
46 75
41 55
9 17
81 96
52 77
8 30
24 31
85 95
23 45
2 12
11 16
44 49
8 15
55 70
34 46
71 73
54 70
79 91
8 16
2 13
23 27
10 20
6 30
44 49
45 50
11 18
41 59
69 98
8 19
38 56
26 32
82 88
35 44
34 38
14 21
84 92
32 38
59 67
40 73
44 63
3 8
84 91
9 15
21 50
34 45
34 50
23 53
41 46
3 6
34 43
25 28
17 18
5 15
90 98
70 75
4 14
58 73
66 87
57 70
34 37
8 16
58 89
25 35
16 22
49 64
79 87
39 48
80 97
11 17
73 87
15 24
2 15
40 49
34 49
64 67
52 70
84 92
46 69
22 30
55 78
32 39
97 100
54 66
94 99
26 41
35 51
52 62
46 57
40 50
81 88
81 89
77 89
87 92
69 76
13 22
75 91
41 50
81 94
79 88
47 61
61 68
10 21
63 84
75 82
68 76
31 36
88 91
54 66
68 74
84 95
6 10
3 7
58 64
42 64
36 39
73 98
11 14
54 71
33 43
85 92
35 41
55 58
16 35
46 61
68 75
66 92
51 75
63 70
23 30
16 28
78 89
18 31
15 33
29 45
2 24
33 37
52 58
2 16
29 66
67 77
21 25
67 71
36 45
48 67
17 21
20 26
57 65
39 44
30 33
91 100
25 34
64 73
41 59
38 52
3 12
86 99
40 48
11 19
44 52
21 36
76 84
76 90
11 43
17 35
28 42
20 33
26 33
73 80
21 28
17 29
29 52
10 31
3 14
15 18
9 20
43 57
27 34
50 52
44 48
6 21
37 38
34 42
96 99
30 48
47 52
65 73
18 24
34 47
18 36
72 82
66 70
24 46
1 10
28 32
43 59
35 55
45 47
26 37
63 89
43 55
42 45
44 56
91 96
65 79
49 70
61 72
54 58
44 53
33 48
57 65
19 23
75 82
77 87
52 55
68 70
8 11
9 11
55 58
23 32
74 82
56 78
81 89
83 91
20 38
82 85
62 86
6 24
60 76
12 21
31 42
60 72
38 49
28 36
57 84
54 61
19 27
56 62
62 73
83 98
18 29
4 18
78 85
57 72
35 55
77 84
38 51
78 87
45 49
15 33
84 88
55 67
15 23
77 100
14 25
51 57
23 29
87 93
65 76
48 63
80 90
83 88
14 20
78 83
13 16
20 32
45 80
38 42
67 80
72 85
42 54
43 51
93 97
91 98
46 62
55 57
44 48
68 97
41 47
34 43
96 100
54 60
58 62
4 13
25 32
80 89
13 15
23 31
32 44
14 19
29 34
44 66
46 92
44 61
73 87
45 57
8 12
26 36
67 76
55 63
24 27
62 71
75 86
56 68
8 15
50 55
8 24
20 25
71 87
76 90
19 30
52 68
6 25
58 67
96 99
3 15
77 79
47 59
35 38
85 95
17 31
73 94
79 85
80 96
64 71
30 34
71 80
4 22
33 46
61 70
3 8
73 85
57 66
29 36
26 28
59 64
63 82
81 93
80 87
81 88
20 48
1 23
22 39
41 53
13 18
55 58
75 99
48 72
50 59
29 31
44 51
44 55
55 73
49 68
45 58
67 79
63 70
39 47
64 66
11 19
62 75
48 72
62 67
86 91
36 61
48 61
41 92
53 60
70 76
16 20
75 87
13 16
62 94
32 34
67 87
26 39
5 11
5 11
16 18
44 49
49 76
40 50
60 66
13 17
28 41
14 17
10 19
45 52
31 39
1 13
1 28
49 52
2 14
55 59
32 36
42 57
83 88
49 57
79 90
41 61
10 40
75 91
8 11
79 83
47 56
13 21
14 30
17 32
80 98
66 69
47 64
27 35
74 82
3 7
53 62
25 29
3 8
28 38
80 91
19 26
60 67
40 45
36 46
59 84
41 43
46 48
9 12
3 11
50 68
97 99
17 19
5 20
86 97
93 99
53 81
18 36
85 95
56 71
31 47
31 35
12 48
61 69
37 46
44 51
27 30
60 69
34 53
42 50
18 39
67 88
42 45
3 11
14 18
87 97
71 81
64 68
33 42
61 70
54 65
86 97
41 50
23 45
88 94
82 90
4 12
52 60
33 99
45 51
23 38
9 74
26 35
85 88
80 90
83 88
62 69
37 72
53 60
81 87
75 93
69 73
82 98
58 62
2 8
61 71
26 37
51 72
56 67
80 84
7 17
32 40
83 88
19 37
44 55
34 37
77 80
38 50
65 77
9 20
58 65
52 59
48 51
3 13
55 72
1 10
5 24
54 62
32 76
78 96
11 18
76 87
34 49
4 19
38 51
12 23
69 72
46 52
21 29
48 53
30 41
5 14
63 76
11 15
69 84
50 68
57 64
69 77
64 73
2 23
83 96
66 72
82 90
76 83
50 74
22 37
41 44
61 70
62 73
8 13
73 78
42 58
71 77
36 45
7 23
39 46
37 46
20 32
4 11
68 70
1 18
74 88
11 31
48 65
34 36
49 62
54 63
31 35
71 78
40 44
20 28
30 40
85 97
64 74
16 19
12 19
50 59
75 80
53 58
55 80
20 32
7 19
73 77
55 59
65 73
82 97
28 32
86 89
4 7
64 70
23 25
53 68
83 84
5 16
65 69
7 25
17 19
72 91
87 92
56 65
45 85
50 62
40 46
21 32
80 85
47 73
63 75
4 35
30 38
65 69
60 84
8 20
4 13
13 30
5 12
48 55
30 35
60 66
64 69
32 34
23 35
74 89
34 55
81 94
16 20
2 11
60 65
78 82
19 33
65 79
92 98
79 82
60 63
23 25
19 25
37 80
44 63
36 42
48 54
4 8
51 57
2 7
45 55
7 50
59 63
95 100
72 82
42 55
2 10
34 41
58 82
3 7
64 81
55 63
57 65
91 94
49 61
5 17
84 97
39 48
13 21
78 86
4 21
22 27
8 18
82 87
8 27
47 53
68 78
47 83
28 36
58 66
53 60
33 72
18 26
17 23
80 87
89 95
20 57
42 47
29 35
72 78
30 52
13 49
25 36
83 97
63 69
35 68
37 58
59 65
76 77
85 89
54 61
53 68
80 85
33 39
19 29
17 41
28 37
13 27
66 87
54 58
65 83
6 19
11 28
32 36
20 29
80 86
35 42
25 38
12 17
11 47
53 68
78 84
40 73
35 54
29 48
25 44
15 50
43 60
79 86
44 50
16 22
7 10
18 32
28 39
86 90
26 42
65 74
46 59
20 47
69 82
56 76
73 92
22 34
89 94
71 78
5 10
65 79
76 82
7 29
2 12
31 35
80 89
39 69
78 89
18 30
20 28
38 49
54 98
48 57
8 13
52 71
4 15
6 10
12 33
68 73
45 51
30 49
38 50
23 37
4 9
9 15
73 81
24 25
25 29
76 89
65 99
19 30
29 42
65 70
33 89
4 20
63 71
18 45
45 65
18 25
74 80
74 87
67 84
17 28
73 80
38 44
52 58
14 17
12 23
12 32
4 8
21 31
56 68
89 95
2 19
17 36
6 10
89 94
57 62
26 29
27 34
60 67
64 68
46 59
12 48
56 62
88 97
43 52
39 51
40 51
90 97
30 44
54 76
39 50
51 71
5 27
27 35
25 31
50 70
8 13
91 100
81 86
80 96
7 28
80 97
71 100
41 50
30 38
79 86
7 23
20 28
43 54
57 73
72 82
70 75
29 34
55 79
87 100
57 69
71 79
66 70
51 61
42 56
14 32
31 42
26 36
35 45
83 89
21 28
65 81
3 17
55 59
89 93
35 45
64 77
1 8
47 48
86 94
79 94
61 64
83 95
16 22
35 41
34 53
19 32
18 40
43 60
89 99
38 50
74 88
30 37
31 40
62 83
40 49
45 51
56 63
24 29
45 46
2 5
79 96
84 96
33 43
29 50
63 75
16 23
75 79
16 33
32 35
30 36
18 28
47 64
44 51
8 19
53 59
79 85
73 99
50 71
19 30
28 32
7 22
44 58
60 68
6 17
80 84
47 55
75 87
45 52
53 66
71 83
49 90
81 88
36 48
65 76
65 66
41 43
80 97
77 84
6 11
32 38
13 20
76 88
70 79
22 24
70 76
70 78
36 42
18 25
32 37
3 5
69 76
39 45
14 19
72 73
21 39
51 54
16 21
85 99
54 61
88 96
63 74
52 55
66 79
59 94
15 25
84 95
21 28
5 22
17 58
2 9
37 54
51 54
40 51
20 25
69 84
60 73
45 54
76 86
36 79
55 73
7 26
5 10
49 56
3 6
17 26
5 9
46 53
3 23
33 38
25 36
41 53
34 37
51 62
23 39
73 78
43 64
53 64
72 92
61 64
47 52
54 67
21 34
73 83
94 97
57 76
62 68
16 43
37 47
80 94
68 73
59 87
67 69
82 88
6 14
75 91
83 86
23 31
47 50
48 54
8 26
24 35
85 97
83 91
79 89
78 88
48 52
23 33
61 68
39 44
75 95
21 36
80 89
24 53
51 60
78 83
73 95
63 66
4 18
68 82
5 17
84 91
51 53
68 76
55 63
22 27
8 13
85 90
56 66
35 47
70 73
34 37
45 52
34 43
86 91
4 13
15 36
75 87
53 67
4 11
12 22
22 36
85 89
36 46
72 79
33 38
46 56
10 15
80 91
8 17
58 61
19 26
65 71
33 46
19 40
75 81
57 63
7 13
5 24
55 73
51 61
53 55
14 18
47 61
46 55
15 36
89 91
38 67
36 41
79 82
2 17
37 54
87 98
33 52
36 39
35 51
21 35
43 54
38 47
28 31
22 41
42 47
24 47
84 99
3 9
90 100
21 25
66 99
76 89
48 59
47 53
61 73
67 68
71 80
39 45
42 71
16 25
63 70
87 94
58 79
22 37
72 74
60 79
71 85
8 16
75 80
53 60
44 53
49 76
72 79
29 36
58 69
34 42
25 60
65 71
70 75
44 51
9 21
63 100
24 32
24 29
11 19
47 53
83 94
55 60
52 59
68 70
29 33
74 89
64 72
33 41
80 96
47 67
69 80
89 95
26 30
67 77
46 52
62 70
69 75
47 52
36 38
42 47
86 93
5 15
18 27
22 28
8 15
21 36
25 54
44 49
37 60
62 68
55 78
58 64
48 54
42 46
61 70
71 77
40 51
46 52
11 37
49 60
12 19
38 44
32 42
25 26
19 30
56 61
29 40
11 17
81 97
10 17
33 43
22 28
73 92
85 92
58 89
46 57
4 20
18 31
28 30
51 72
13 19
7 28
43 60
66 82
45 56
43 58
4 18
15 25
5 17
49 63
6 14
28 42
47 54
29 39
38 48
35 52
86 98
24 32
70 75
73 77
30 36
81 95
59 73
46 54
16 31
14 46
94 98
50 68
51 65
50 54
40 51
13 20
42 73
52 60
51 63
4 8
29 37
29 38
66 75
29 33
8 19
52 75
1 8
7 14
54 57
24 36
15 23
83 87
74 80
46 59
52 72
59 63
65 80
27 39
74 86
56 60
56 70
13 20
28 35
40 47
30 34
15 21
94 98
54 70
27 67
92 94
7 15
58 70
72 79
39 63
69 79
14 29
43 67
1 7
64 70
79 87
38 43
30 46
56 66
12 23
75 89
67 83
56 68
36 71
31 35
7 20
23 28
65 68
3 6
44 63
46 49
6 20
83 88
36 38
97 100
6 22
34 51
40 53
29 34
73 84
86 99
39 48
58 76
58 64
71 92
40 63
68 70
12 23
61 67
13 23
25 32
26 41
77 83
37 47
78 86
39 63
73 83
18 25
41 46
84 97
86 90
24 32
41 45
49 61
77 88
35 37
52 55
79 87
47 52
51 65
26 29
80 86
78 94
20 23
8 14
93 99
85 87
7 10
49 73
25 47
8 25
61 76
67 86
78 98
56 64
9 17
38 58
33 46
21 27
79 89
10 20
61 64
59 61
57 60
40 45
9 21
30 43
77 99
13 26
99 100
69 76
44 47
47 63
60 64
86 98
72 77
34 43
26 33
20 31
7 29
40 43
70 81
13 20
35 47
68 77
3 28
13 17
20 25
89 94
87 96
28 49
33 43
35 46
41 46
16 25
35 54
59 68
14 26
26 39
18 23
19 32
39 60
47 65
68 77
22 30
56 64
26 44
6 10
79 84
52 64
26 36
21 25
66 75
69 74
32 56
67 72
29 36
19 29
7 15
54 61
70 78
77 92
60 68
63 68
84 88
56 61
11 18
84 92
53 65
42 57
63 75
57 60
40 46
59 62
81 86
46 60
63 73
3 4
2 11
80 94
34 49
50 86
11 14
25 40
59 95
10 15
30 47
35 42
4 7
78 89
80 94
3 19
2 8
49 61
31 49
1 13
61 64
90 98
88 90
35 38
34 47
37 51
62 73
85 94
51 61
17 32
65 88
12 21
32 41
4 23
10 26
92 100
86 97
43 49
74 78
47 50
31 37
48 60
11 20
30 49
24 26
21 27
83 88
24 27
9 23
5 10
1 8
62 68
39 44
57 66
70 82
28 38
38 46
7 12
16 29
18 25
75 80
20 28
5 39
38 53
55 62
37 54
37 47
8 17
59 68
58 69
68 79
66 78
58 69
8 13
70 77
47 56
80 91
79 97
83 92
8 23
7 14
44 54
47 51
32 42
17 28
44 49
35 55
16 23
36 43
65 70
64 69
56 66
35 46
83 88
65 97
96 99
73 89
1 7
20 30
55 76
6 13
54 66
5 19
81 98
15 31
51 54
89 96
32 39
38 64
79 83
35 47
35 49
56 78
4 18
76 89
76 80
61 63
50 65
79 89
77 94
41 71
80 82
24 36
68 75
76 86
86 93
20 29
6 24
13 20
53 66
66 75
52 54
35 43
23 32
36 43
26 34
73 78
35 57
4 13
34 50
56 62
64 69
39 54
27 38
12 17
40 51
58 66
34 56
16 25
36 48
78 91
7 19
42 63
23 32
61 66
27 38
79 82
27 34
35 43
3 15
29 35
83 97
29 42
20 51
63 65
76 82
34 45
37 56
40 45
23 33
37 47
28 39
45 52
42 51
45 63
6 58
47 61
81 89
65 67
3 18
68 82
79 93
65 68
83 90
5 26
6 23
12 34
74 84
79 85
16 39
42 50
94 98
77 82
9 27
55 60
20 29
14 16
8 12
65 79
38 49
89 100
79 95
30 36
45 55
7 14
60 76
79 82
93 98
84 97
2 7
39 62
20 36
31 55
47 57
77 95
4 29
43 54
50 57
31 46
48 57
22 34
28 32
60 61
47 54
37 45
17 19
45 54
22 28
41 46
82 95
14 19
33 41
4 8
19 71
75 95
39 47
29 36
72 81
93 97
8 23
56 72
21 39
33 36
47 83
16 25
81 86
60 87
10 35
33 45
11 24
17 23
68 81
83 87
11 24
30 50
81 88
59 94
68 75
50 59
23 28
71 80
88 95
63 71
7 42
85 90
64 73
12 18
70 77
45 51
44 56
15 25
87 99
63 78
49 91
92 97
82 93
30 44
38 79
28 49
18 23
44 56
47 53
12 21
51 55
51 63
41 50
3 8
36 52
38 49
74 84
43 64
54 66
9 32
82 88
16 32
52 56
57 91
50 54
4 29
24 30
32 41
43 47
38 57
51 62
20 40
65 91
69 73
7 18
33 46
33 46
17 26
45 86
65 75
45 61
12 40
28 30
50 59
53 75
66 71
29 38
3 18
49 53
25 31
26 32
22 37
36 46
35 38
59 72
16 25
90 95
75 91
81 86
87 91
77 85
5 9
43 60
24 33
63 71
83 91
65 71
6 30
39 44
4 33
39 51
39 46
55 79
67 79
92 98
10 22
61 68
16 22
45 60
43 62
23 35
76 84
41 46
6 45
34 57
5 22
63 75
11 14
9 26
83 94
27 51
86 91
79 90
1 9
73 79
13 28
85 95
68 75
29 32
43 63
26 33
32 41
16 21
47 57
47 57
54 73
7 20
41 45
74 82
39 44
17 36
47 65
53 59
50 54
83 93
32 37
54 63
60 71
75 86
72 78
72 78
37 44
22 33
49 73
24 57
52 65
24 38
89 93
71 84
33 52
51 61
25 28
63 77
28 37
36 40
60 66
23 38
86 97
8 16
25 32
14 30
49 52
44 48
36 39
5 24
87 93
53 93
81 83
58 61
51 57
75 80
31 39
15 24
88 98
20 28
77 81
53 64
2 9
6 14
58 96
89 98
69 78
46 56
12 16
78 95
74 86
3 9
48 54
31 56
43 55
44 47
64 71
13 27
20 25
2 18
72 74
39 47
24 51
55 67
69 82
19 34
3 10
7 12
34 39
31 41
77 89
50 57
32 57
84 94
32 42
87 94
73 78
73 76
11 17
33 49
36 44
3 7
22 30
69 81
43 88
24 30
12 18
90 98
48 51
40 46
88 94
17 21
60 68
18 60
39 49
19 33
73 88
72 79
6 10
20 25
66 81
86 92
26 38
45 49
79 93
21 25
15 20
41 45
6 10
48 54
4 12
6 19
74 85
26 40
13 24
19 30
83 94
53 60
40 53
48 55
20 22
15 17
36 58
65 74
6 9
21 27
58 73
10 16
37 49
58 74
36 50
47 74
87 92
49 75
17 24
14 28
47 63
17 22
67 97
52 54
44 53
34 40
68 79
92 98
62 93
24 27
44 57
22 34
21 38
94 98
30 46
40 47
43 53
63 65
36 44
13 20
52 63
73 86
24 29
54 65
31 41
17 22
63 67
90 100
40 59
43 52
18 24
71 76
57 78
17 20
57 69
80 90
86 92
24 28
72 77
52 67
62 67
51 54
10 43
40 58
83 94
25 38
28 39
46 50
82 85
5 18
43 69
84 92
14 32
33 45
58 70
45 46
26 41
22 29
61 69
48 55
19 26
73 82
42 46
10 18
5 15
68 76
81 86
80 92
35 44
78 87
79 81
70 80
62 69
94 100
6 10
34 35
2 19
61 63
36 49
84 96
55 62
4 16
92 99
74 89
7 17
43 55
64 67
8 10
30 66
90 94
64 91
71 73
62 69
69 74
10 11
79 91
33 45
49 55
6 48
9 27
18 37
95 97
5 19
82 96
84 94
13 40
23 29
7 9
90 98
30 35
34 41
58 65
63 74
47 59
40 62
64 74
13 23
54 63
17 38
27 34
13 34
74 84
16 23
23 26
59 86
86 92
31 57
22 31
8 20
8 19
22 38
54 65
49 54
48 60
81 90
85 94
10 30
58 66
50 55
21 25
70 82
47 64
82 87
62 66
80 86
60 64
70 92
18 22
10 23
81 94
28 42
15 29
31 39
91 98
67 75
83 93
85 93
28 35
63 66
72 80
90 95
37 52
52 68
85 91
48 67
22 35
96 99
35 40
56 87
13 24
83 93
2 17
34 49
9 14
34 49
36 40
41 45
77 86
28 31
63 74
85 89
4 10
62 75
30 35
85 92
6 13
39 54
72 88
45 51
7 15
19 28
68 74
66 73
56 60
15 33
47 56
42 53
24 39
43 64
83 95
21 28
53 57
14 23
21 32
89 92
26 31
66 74
80 85
82 88
50 59
63 76
66 71
66 94
88 97
26 27
62 76
53 57
52 63
28 33
57 67
6 29
35 76
49 59
53 71
11 25
89 91
62 71
68 76
22 31
30 45
87 98
40 53
44 65
10 35
32 53
30 40
16 21
26 31
7 18
30 40
34 42
64 77
38 54
47 64
3 13
85 95
91 97
17 31
77 83
36 44
30 38
45 65
1 12
83 88
66 72
44 47
52 57
14 21
48 78
76 84
66 73
71 87
58 64
46 51
2 21
34 49
18 47
16 25
24 33
46 60
44 73
44 59
61 66
60 69
61 68
45 58
42 51
47 63
71 73
23 33
8 14
60 68
25 30
75 83
21 32
11 42
28 47
26 58
6 32
10 22
32 37
33 40
44 61
30 33
78 87
56 74
4 23
59 76
42 45
22 28
69 76
73 86
24 62
60 67
15 18
46 60
55 70
44 60
20 36
71 78
61 83
48 56
61 67
45 49
79 88
42 49
50 57
3 31
4 10
78 82
26 36
37 51
42 48
71 82
13 21
25 28
22 50
52 54
24 34
56 62
25 37
19 25
72 77
20 31
17 19
46 82
1 10
22 30
7 27
39 50
32 46
54 60
32 46
20 36
89 91
53 63
29 42
18 21
16 45
6 14
21 29
9 18
62 70
78 99
53 61
46 59
98 99
73 81
51 57
63 68
82 83
53 57
23 26
35 43
87 92
26 42
21 42
47 66
10 24
79 84
46 51
10 22
77 85
60 80
18 23
2 16
12 28
76 84
61 68
37 41
82 97
63 69
47 55
21 30
55 59
86 97
5 51
58 65
47 66
49 65
36 41
57 86
48 52
6 11
47 55
70 90
66 78
53 60
23 31
81 89
38 46
28 41
3 14
62 74
29 46
6 12
32 44
92 99
30 55
30 35
45 57
33 50
92 97
40 51
47 57
93 96
72 93
7 19
10 13
56 64
11 23
8 18
57 75
82 94
47 56
93 97
92 100
44 50
88 97
18 58
19 33
61 78
34 42
66 81
45 70
84 91
70 93
10 27
85 94
73 76
59 67
26 33
69 82
7 16
82 94
72 89
48 60
13 27
29 45
63 72
14 34
45 56
74 89
71 83
50 75
53 59
53 57
5 11
86 90
7 19
59 67
64 67
50 55
67 70
67 79
16 23
67 71
11 15
63 81
79 81
58 61
31 38
37 43
82 89
67 76
68 72
43 51
12 24
1 5
8 23
10 17
87 89
64 74
75 78
43 51
78 89
55 72
83 89
82 96
59 66
6 9
14 39
48 52
1 10
51 62
58 72
86 98
76 85
53 78
33 38
21 26
37 41
21 29
31 36
72 87
78 89
90 98
1 12
56 63
62 63
93 100
80 88
83 92
63 69
7 14
9 16
13 22
24 26
62 68
4 16
48 67
33 50
9 15
40 69
18 21
54 90
71 96
