100 20 20 7
00000000000000000000
00000000000000000000
00000000000000000000
00000000001111000000
00000000000000000000
00000000000000000000
00000100000000011111
00000000000000000000
00000000000000000000
00000000000000000000
11111000000000011111
00000000000000000000
00000000000000000000
00000000000001100000
00000000000000000000
00000001100000000000
00000000000000000000
00000000000000000000
00000000000000000000
0000000001000000000
0000000001000000000
0000000001000000000
0000000001000000000
0000010001000000000
0000010001000000000
0000010001000000000
0000100001000000000
0000100001000000000
0000100001000000000
0000100000000000000
0001000000000010000
0001000000000010000
0001000000000010000
0001000010001000000
0000000010001000000
0000001000000000000
0000001000000000000
0000001000000000000
0000001000000000000
6030
87 91
44 64
21 30
22 57
9 22
10 24
82 89
70 80
12 22
23 43
19 27
51 57
55 58
35 48
63 70
6 12
21 48
75 88
65 69
41 50
63 70
73 81
52 55
75 90
47 70
79 93
71 80
29 42
12 22
29 35
1 16
53 71
48 55
8 15
82 90
29 35
83 94
57 97
21 27
87 98
42 60
24 33
68 73
35 43
28 40
35 46
86 89
64 85
18 28
90 96
43 47
45 73
47 58
16 29
7 15
42 54
14 23
66 73
15 20
85 90
42 54
27 35
66 72
14 25
45 49
53 75
75 79
13 17
25 39
17 25
57 60
44 48
51 88
12 19
44 59
15 24
14 54
31 37
69 80
18 22
17 29
64 70
81 92
72 74
10 16
59 62
79 87
66 73
86 94
76 78
74 80
20 21
57 63
87 92
70 79
16 32
60 70
7 17
59 61
49 51
30 40
20 26
82 94
65 76
58 62
72 80
6 24
35 46
10 13
58 72
60 63
39 42
29 41
23 27
27 35
67 70
50 57
72 92
4 19
70 75
32 48
14 28
48 64
66 91
73 77
93 96
87 100
26 29
3 18
84 89
81 84
38 45
38 46
61 66
32 37
27 34
5 45
62 74
82 86
30 39
66 89
57 63
15 18
45 63
60 67
40 58
31 37
53 86
14 19
98 99
67 80
62 68
21 33
85 90
25 45
74 85
61 88
53 73
32 47
63 81
82 90
61 66
46 54
66 80
61 69
21 42
73 89
79 88
63 67
33 42
17 23
72 81
63 68
18 33
77 86
38 56
70 78
44 53
36 44
5 11
78 98
5 11
37 40
85 95
32 57
5 13
17 29
58 69
47 56
44 66
58 67
56 76
10 25
52 58
78 85
17 23
35 54
61 73
88 96
23 38
9 13
25 64
21 29
87 93
27 33
15 34
16 21
19 26
31 41
63 68
46 77
28 46
23 25
55 63
60 98
4 9
51 68
87 94
57 77
55 67
60 64
22 34
8 10
56 65
35 58
75 86
81 85
96 100
84 89
93 95
25 29
78 83
37 45
84 95
26 31
10 19
82 87
52 55
91 93
12 27
57 59
2 10
22 28
56 67
70 72
64 66
14 25
12 37
39 44
53 60
54 60
28 39
75 96
32 38
52 59
14 25
68 75
63 68
29 41
40 53
97 99
15 28
25 38
65 71
22 37
89 96
31 46
68 73
92 100
22 30
57 68
4 31
35 46
40 46
13 26
22 26
24 26
73 83
40 45
6 16
82 85
8 14
78 89
38 53
58 65
36 42
42 49
76 85
35 95
86 90
4 18
49 58
63 70
87 98
39 59
4 22
58 65
38 47
51 76
34 38
26 38
82 97
5 16
25 29
31 43
56 81
17 33
14 33
60 69
46 57
56 67
3 18
32 52
28 38
90 97
59 78
44 49
15 21
78 95
48 54
23 70
47 63
59 99
11 17
85 99
18 34
80 87
14 24
49 64
63 69
13 24
5 11
79 85
45 57
53 76
30 40
46 56
59 63
66 73
71 82
38 75
23 34
85 92
91 94
20 28
72 81
2 6
62 73
45 50
48 56
85 99
90 94
36 74
50 57
44 58
81 85
49 62
54 84
10 16
23 31
44 59
5 8
40 57
30 35
87 93
66 82
1 9
54 64
45 47
17 36
29 43
82 96
71 78
68 94
52 63
94 100
12 21
63 66
43 49
84 86
44 57
56 64
64 67
70 79
25 32
9 12
55 62
77 85
1 7
14 24
36 48
49 53
46 49
50 57
87 96
7 53
3 9
88 99
12 15
78 79
77 82
80 88
84 90
90 96
58 64
81 98
73 82
77 82
46 57
61 81
48 49
7 16
2 8
56 61
25 36
47 60
28 38
29 41
65 87
77 81
27 38
22 33
10 13
17 33
93 95
59 63
5 17
57 64
38 43
45 54
48 52
69 76
82 93
70 82
61 69
3 14
33 38
91 99
87 95
37 44
35 40
51 72
42 51
65 81
28 35
27 38
16 20
68 72
49 53
17 28
24 38
44 64
27 39
50 67
4 12
61 68
38 53
23 33
9 26
29 45
82 84
3 6
43 47
60 70
33 48
81 100
27 34
74 83
25 41
80 87
80 89
3 7
91 96
77 93
38 44
93 96
58 65
18 26
69 82
35 41
56 65
73 77
55 66
54 65
8 18
27 52
2 43
15 20
42 54
53 67
56 64
32 40
23 28
69 71
40 47
23 34
51 59
48 73
69 82
46 54
35 51
41 54
42 49
44 65
29 38
45 51
22 29
10 29
67 86
10 39
81 83
11 14
31 100
15 36
76 98
14 22
73 90
42 55
44 53
21 31
38 53
54 64
72 83
43 53
30 62
18 23
70 74
71 85
40 50
45 65
55 71
38 47
29 37
91 98
34 43
60 65
5 18
21 35
40 50
11 17
52 60
53 79
43 62
60 64
51 56
31 41
34 47
45 71
31 42
42 44
54 64
29 40
42 54
57 67
94 97
39 50
87 99
18 37
7 19
4 14
44 59
56 79
38 45
64 82
25 54
31 41
3 15
30 69
43 56
31 36
8 25
5 12
11 15
11 23
37 50
89 95
58 73
82 87
54 62
82 84
56 67
49 59
16 38
42 56
60 72
57 62
71 88
66 73
31 33
47 57
77 89
21 34
7 9
57 70
78 84
30 34
58 68
29 41
11 23
46 54
68 87
54 65
78 82
66 78
69 81
20 26
45 66
96 99
83 91
41 50
83 89
2 6
78 85
47 51
39 40
39 50
3 5
21 27
69 74
39 57
2 16
15 23
23 42
35 45
83 90
2 6
72 93
51 56
18 23
98 100
22 26
26 35
7 15
45 65
8 49
66 77
91 97
88 94
41 47
5 8
76 81
75 83
40 50
20 36
33 41
37 41
22 33
8 12
56 61
87 91
26 40
35 45
81 86
18 27
13 17
84 93
7 16
37 44
56 68
66 80
72 84
34 53
13 25
69 83
90 99
59 67
51 55
24 36
20 24
69 76
33 42
80 84
4 14
71 77
55 67
18 20
70 76
14 24
54 58
88 100
45 52
25 49
40 65
41 61
86 97
85 90
28 33
64 92
5 11
50 68
35 41
13 31
38 49
9 14
35 42
7 13
8 13
45 58
43 46
52 68
57 74
39 43
61 73
13 16
66 76
14 36
13 28
52 58
69 83
87 91
11 24
34 36
26 33
76 79
89 100
15 22
15 23
74 79
52 62
38 51
69 73
5 13
15 35
48 53
9 24
37 46
34 43
40 48
43 80
86 93
61 75
14 19
96 98
53 57
19 24
2 7
76 85
73 85
89 96
30 40
8 21
29 73
21 43
43 56
93 96
91 93
52 64
61 72
87 95
50 53
70 90
37 62
38 46
77 89
71 77
53 57
27 40
5 10
10 15
2 51
81 82
65 70
80 88
84 96
69 79
57 68
52 71
22 39
16 45
60 64
73 83
9 18
86 95
73 83
31 39
90 97
45 54
34 43
86 95
30 33
45 54
60 68
38 45
56 59
55 72
38 56
70 75
55 61
87 96
11 43
76 80
74 82
8 15
34 42
81 85
35 38
58 71
5 23
82 85
81 89
90 96
16 25
26 33
35 39
78 97
16 25
52 68
75 79
22 26
59 71
72 80
70 83
9 21
42 51
63 80
53 76
6 16
51 64
67 74
11 29
56 63
16 22
12 22
86 89
68 90
9 35
20 27
2 9
80 82
43 56
16 21
40 43
46 51
35 39
14 35
87 90
80 84
89 100
94 100
19 26
1 9
35 68
30 52
21 34
74 84
74 84
80 89
13 15
56 65
32 39
80 88
79 90
76 87
30 41
76 80
24 44
48 55
6 14
32 53
44 55
1 7
41 48
79 94
84 93
10 24
38 46
92 99
58 79
63 76
40 50
50 73
54 67
42 48
55 71
43 49
27 31
59 62
61 88
89 100
62 68
74 82
87 96
72 76
4 10
37 45
90 95
20 25
34 46
1 16
75 88
77 92
60 65
64 65
44 49
79 88
78 92
16 21
14 30
25 29
27 55
43 51
2 9
70 80
40 48
10 15
57 64
33 39
4 23
18 31
9 16
25 39
58 63
46 57
76 97
60 72
78 81
29 33
23 30
90 95
31 49
57 64
85 90
43 53
7 14
69 79
59 67
82 95
80 89
63 85
81 90
65 74
65 70
57 59
15 23
25 34
49 52
34 48
77 90
34 46
26 34
3 8
42 51
39 48
54 67
26 31
12 18
48 54
41 43
43 48
52 63
45 55
62 82
69 95
12 18
46 55
50 63
3 14
52 68
77 88
32 41
84 92
50 57
54 68
57 68
79 85
94 97
88 94
86 96
45 48
87 91
18 23
48 55
92 96
55 67
52 78
70 99
57 69
34 37
82 88
49 52
65 71
40 55
41 60
15 20
83 88
92 98
65 74
83 92
44 48
70 82
88 98
18 33
28 31
55 71
16 22
20 26
12 24
22 25
19 27
51 55
81 100
73 79
77 94
19 25
6 11
60 64
72 80
25 29
27 31
74 89
29 32
81 91
88 99
65 70
56 70
60 68
86 94
47 55
37 55
33 51
81 90
62 70
23 41
67 76
56 63
18 23
46 55
55 58
58 65
37 40
22 39
62 71
66 71
6 35
19 26
81 91
68 74
11 13
45 50
50 76
86 99
83 89
55 61
10 15
87 90
34 43
82 90
88 94
2 9
48 81
20 22
87 93
5 9
42 47
53 56
81 93
83 88
38 60
89 95
3 5
94 97
55 67
10 14
53 66
22 29
57 72
4 20
60 66
41 52
83 90
6 14
8 22
14 37
30 35
33 48
62 65
32 44
81 88
54 61
42 58
91 98
34 52
35 43
36 43
84 92
48 55
68 82
38 42
7 12
31 40
72 77
46 55
31 40
65 73
79 86
4 8
31 44
53 62
42 53
49 55
1 9
62 78
30 53
8 19
72 82
64 69
23 27
56 73
89 95
74 77
36 41
27 42
85 91
38 44
46 50
71 77
6 19
77 94
3 15
40 45
74 76
1 12
57 66
22 29
58 62
59 66
72 81
1 22
74 81
65 75
81 88
27 50
52 56
37 50
17 26
37 44
8 23
78 88
20 23
74 82
17 27
60 71
74 93
52 56
31 46
23 38
40 46
10 20
30 33
14 22
61 77
44 56
33 47
6 7
72 81
24 31
43 51
16 45
61 74
2 48
81 84
24 44
4 18
51 58
37 43
47 59
13 21
88 91
72 81
30 43
26 40
4 12
50 55
41 46
10 18
29 53
66 75
95 100
5 11
17 23
18 30
56 59
65 68
52 62
51 58
79 83
25 33
48 69
49 60
36 41
23 32
67 72
86 92
64 67
4 20
82 96
2 10
91 100
84 91
75 81
55 82
23 26
9 51
50 55
43 48
74 81
91 99
11 18
46 57
93 96
61 84
91 96
64 78
59 65
40 45
36 50
21 35
69 75
13 27
23 28
7 11
21 32
70 98
87 99
54 79
77 92
6 24
43 45
42 51
17 22
18 31
55 64
71 81
14 16
64 74
26 35
93 96
48 51
7 23
22 48
54 65
12 14
60 66
73 82
17 30
68 79
14 31
60 66
22 29
69 74
6 31
13 26
3 12
20 35
44 46
11 15
17 23
17 26
20 55
76 80
81 93
42 64
79 90
5 12
70 75
59 65
67 75
19 27
25 39
58 92
85 93
75 97
93 100
61 71
81 87
21 29
50 53
67 87
13 28
28 66
46 72
74 88
42 44
4 15
73 92
85 93
83 93
83 94
68 73
39 57
25 33
12 24
53 69
22 29
39 51
14 23
52 56
21 34
79 92
50 57
66 81
9 25
79 91
9 23
36 39
8 16
47 54
73 77
27 35
7 15
6 19
59 90
43 50
35 52
44 51
41 52
25 29
13 19
66 73
86 92
55 72
54 60
36 43
13 23
61 72
19 34
46 52
84 88
67 72
7 19
30 44
37 46
55 58
40 50
40 79
63 69
79 86
86 96
45 59
25 28
47 58
49 67
7 12
63 69
50 53
22 25
89 96
11 45
68 77
55 72
37 52
37 51
72 80
49 54
77 83
70 79
15 23
56 65
21 35
30 32
6 13
38 50
8 13
27 38
28 31
11 19
8 17
28 43
12 42
20 42
73 74
15 25
34 41
75 82
71 80
70 76
34 47
46 55
76 84
66 80
58 67
28 37
17 35
59 69
65 82
16 22
4 18
51 61
57 74
28 47
70 82
37 47
32 48
1 17
9 79
38 60
17 34
13 27
5 13
33 41
81 96
70 76
35 55
1 9
29 35
12 28
56 68
84 97
77 83
86 92
6 23
74 87
19 51
73 82
5 10
66 82
22 34
26 41
39 46
77 84
11 20
47 49
77 85
14 22
80 85
6 11
49 62
62 68
81 85
63 72
71 94
84 94
35 45
51 64
76 80
11 17
16 35
49 56
44 55
13 18
39 54
81 94
79 83
50 58
70 81
25 30
59 73
33 47
80 97
27 41
62 68
48 58
71 85
86 88
86 95
56 64
29 32
58 73
36 40
31 36
10 34
56 73
2 6
15 16
72 79
61 63
11 26
29 40
74 92
29 34
11 16
70 75
38 49
41 48
11 16
31 35
74 81
40 50
60 78
68 75
17 36
34 44
7 32
18 33
57 62
85 91
56 59
92 97
88 98
26 33
10 19
31 54
28 36
72 76
76 86
32 62
84 87
91 95
33 50
6 22
68 75
26 40
6 17
44 83
20 28
83 97
82 84
37 45
78 87
68 74
46 57
58 69
4 9
20 31
16 34
11 15
75 81
39 52
88 98
48 60
84 91
63 67
45 49
80 84
65 70
66 72
76 83
70 75
22 37
48 74
26 46
27 39
31 44
17 24
25 31
2 9
64 67
89 97
23 31
10 15
98 100
29 35
96 99
1 4
52 68
29 51
61 71
45 73
90 99
24 32
54 66
47 54
14 25
25 37
81 97
80 87
30 60
39 47
26 34
56 71
31 35
74 83
62 66
84 97
65 74
90 100
72 100
18 27
63 75
19 27
64 79
35 51
57 69
1 8
12 16
16 19
38 60
29 42
38 48
41 54
29 38
55 62
36 45
69 82
14 33
40 59
87 97
44 47
5 16
28 33
68 79
50 57
3 10
41 45
33 52
44 53
31 41
3 21
36 55
89 95
36 40
79 100
78 82
50 57
7 15
74 84
92 94
59 67
26 37
28 41
91 95
25 59
40 44
41 61
31 39
31 38
31 44
15 41
49 57
14 16
22 29
38 45
13 20
77 87
59 69
16 46
70 80
53 69
18 26
10 37
3 8
33 48
65 76
55 64
29 49
10 27
51 58
42 45
86 97
70 79
59 69
74 82
69 78
50 79
56 68
32 42
23 34
61 75
7 17
20 28
76 79
32 35
35 46
77 92
46 58
50 58
23 46
19 30
39 47
16 23
11 25
34 40
61 75
24 33
59 72
10 24
56 67
5 11
36 40
45 53
34 55
39 43
30 48
86 93
8 10
40 50
37 44
83 86
55 87
60 67
50 57
60 74
9 17
29 36
20 32
15 21
91 100
20 30
34 51
34 38
50 59
62 66
61 72
24 30
5 11
47 76
45 58
18 29
56 74
6 10
80 82
8 16
67 72
6 22
34 50
5 21
17 23
70 73
85 95
43 68
71 77
19 28
58 64
78 81
52 81
34 48
61 77
71 83
10 26
61 80
77 99
9 14
24 29
65 71
68 73
87 98
88 93
1 6
18 29
63 73
17 37
15 19
14 24
77 87
30 35
43 61
53 60
2 11
2 20
26 32
55 60
41 54
47 69
26 30
72 80
66 73
87 90
15 27
55 60
59 69
89 95
21 26
56 59
69 79
31 40
14 32
57 62
26 60
69 78
59 64
58 74
51 61
34 57
78 84
21 26
26 46
28 37
53 58
8 16
14 24
73 86
54 60
70 76
24 39
17 22
66 71
51 60
1 15
53 81
37 48
87 92
19 24
72 89
2 26
10 14
55 65
62 70
28 35
59 77
54 63
20 26
87 99
89 96
8 25
51 52
19 23
28 32
24 29
52 55
55 69
59 65
78 86
27 32
68 81
1 13
22 39
8 13
83 93
28 34
47 50
11 14
31 36
71 74
44 84
53 61
29 38
27 41
22 35
84 92
50 61
4 10
16 25
13 15
22 27
26 32
40 48
27 39
30 34
45 50
72 92
10 28
56 67
17 26
26 43
27 32
42 54
54 66
30 44
37 41
29 38
37 41
46 53
9 21
47 58
23 33
72 81
38 41
79 89
64 67
59 66
12 20
16 20
12 28
59 67
51 61
3 12
73 87
3 7
4 15
1 10
50 54
25 30
65 71
56 59
24 35
78 92
30 73
61 90
56 62
17 22
63 71
27 35
14 24
55 78
44 47
11 15
54 60
2 12
72 77
78 85
29 41
78 88
13 21
68 72
34 41
31 49
86 100
18 30
89 96
30 37
10 17
3 19
71 98
17 26
57 61
44 54
78 90
79 88
14 28
60 65
69 81
24 36
9 23
76 85
64 66
25 41
81 97
88 90
31 38
27 35
36 51
25 26
48 52
60 61
42 72
12 30
13 20
47 53
69 73
67 97
8 15
35 45
81 93
62 70
24 28
82 93
43 57
52 57
76 79
37 68
22 32
28 46
24 36
79 99
37 47
44 53
47 51
60 73
24 39
35 43
65 72
84 91
22 41
40 47
68 74
24 36
60 62
1 11
3 14
88 89
54 68
6 13
11 54
29 38
8 24
42 51
50 65
80 92
19 30
55 61
51 64
75 85
41 46
19 38
74 91
71 80
14 37
56 63
44 57
50 62
18 33
77 90
63 78
71 79
15 17
38 56
26 37
49 59
19 25
92 99
4 19
44 49
84 94
26 33
73 80
56 72
62 64
50 59
36 45
35 50
38 53
40 50
65 77
45 63
64 74
38 53
13 21
33 47
31 42
94 100
20 28
47 62
51 91
79 92
10 22
60 68
35 67
47 50
4 12
20 27
80 98
74 79
56 76
37 39
22 30
40 43
47 50
79 100
69 72
76 87
70 75
52 59
53 69
17 25
23 32
41 56
93 97
51 56
72 83
66 74
27 68
72 83
26 34
15 24
13 20
94 100
64 73
1 18
58 76
32 40
65 76
1 8
20 24
53 77
5 17
21 40
18 21
9 20
28 40
5 10
65 85
65 73
15 18
22 33
32 35
25 49
88 99
16 22
35 48
83 87
31 35
28 47
54 81
11 26
5 10
76 84
11 28
81 91
54 59
41 47
25 42
86 90
57 65
10 22
26 32
52 54
28 38
94 98
31 43
64 86
34 54
36 54
77 90
6 10
39 51
15 33
20 24
50 53
24 34
15 19
31 57
68 76
15 19
41 57
35 48
27 35
28 31
56 66
48 64
29 42
61 70
28 33
15 21
37 52
62 68
60 64
42 56
45 57
40 46
37 44
9 11
37 91
11 25
29 31
77 87
26 31
70 88
57 65
66 75
45 52
87 94
75 83
44 83
27 33
1 9
88 91
71 91
50 53
70 73
88 98
84 98
45 51
19 28
78 91
78 86
80 91
87 93
87 93
39 59
4 7
86 95
70 75
26 31
54 67
65 78
59 81
7 15
88 94
65 68
3 6
59 66
4 9
41 52
41 44
69 93
69 76
67 86
51 64
44 62
58 73
81 93
57 70
22 30
59 69
30 36
51 56
42 55
74 77
75 82
47 67
39 49
24 29
81 88
81 86
41 67
59 75
43 61
13 21
55 69
10 19
30 47
21 28
63 72
22 25
16 21
11 20
34 58
7 21
28 35
15 28
27 42
90 99
21 33
69 78
62 70
22 34
50 68
65 91
68 76
77 81
34 41
4 29
89 97
49 68
11 12
6 12
80 95
3 10
49 53
72 89
55 62
30 37
18 30
16 37
33 63
52 67
44 58
62 68
69 91
28 29
58 69
4 17
35 57
84 95
27 31
31 49
21 28
13 19
84 95
52 84
93 97
50 57
81 85
29 30
29 32
95 98
29 40
70 78
36 52
46 57
54 64
29 46
88 95
60 77
62 78
5 15
5 10
14 28
39 53
9 22
49 53
1 8
55 69
42 60
7 20
75 86
83 86
38 43
34 39
70 80
88 91
61 82
78 83
37 68
24 33
68 94
10 24
80 92
1 8
45 51
28 34
78 95
17 21
10 39
81 88
12 16
70 79
37 52
57 84
11 16
91 95
22 27
90 99
27 33
46 51
18 32
52 62
81 92
27 33
62 65
34 54
83 88
89 96
91 95
48 53
36 37
71 91
5 28
32 35
31 48
94 97
8 17
23 25
59 66
47 56
78 84
47 51
36 50
25 38
15 26
45 55
42 59
82 87
58 65
49 67
9 32
53 68
36 43
61 71
14 18
74 87
67 82
9 19
75 87
78 82
9 13
70 87
68 78
35 58
35 70
37 61
45 56
65 93
69 79
8 47
69 81
11 25
26 49
31 40
3 11
26 32
44 50
9 30
44 54
46 56
38 47
51 57
74 83
47 52
24 31
18 24
28 38
41 47
21 28
44 55
45 59
54 62
71 75
8 23
34 44
14 30
54 60
28 32
49 57
26 30
76 83
54 63
65 78
98 100
36 52
64 70
3 11
90 95
24 41
53 59
22 35
4 19
9 45
83 85
82 92
5 14
60 63
56 63
1 9
31 47
73 84
35 48
54 61
50 61
31 39
32 41
83 92
67 77
16 27
32 38
6 18
64 73
1 11
24 29
20 27
45 65
32 37
45 60
7 15
64 72
55 64
80 94
40 58
67 71
11 14
76 84
29 40
13 26
1 10
74 79
82 94
79 89
60 74
89 92
90 99
75 88
9 16
64 72
49 62
2 6
9 30
35 43
56 74
5 9
64 72
21 23
14 18
62 90
34 39
16 23
80 83
68 77
16 20
60 83
87 100
23 43
13 17
91 98
61 66
8 10
61 67
68 73
90 98
27 65
76 90
46 57
84 97
12 24
57 63
60 62
51 54
1 10
62 81
77 89
82 99
63 79
35 38
30 39
54 58
5 21
25 26
50 59
56 62
36 39
82 92
47 61
36 48
38 42
11 23
7 13
12 23
31 36
34 46
68 76
13 18
18 21
11 16
33 46
36 42
22 39
98 99
88 96
4 5
50 70
34 41
19 38
30 34
71 84
43 51
59 64
52 69
6 12
55 63
2 25
85 95
11 20
5 14
1 6
33 42
1 5
13 21
50 59
56 66
32 41
3 26
50 73
13 26
3 18
21 39
65 80
31 37
45 55
68 75
55 62
24 34
45 48
68 92
22 29
63 75
27 37
9 13
37 45
33 47
35 44
6 31
14 26
80 83
14 22
54 55
77 86
9 19
24 40
14 20
10 11
17 26
24 53
1 6
2 28
42 45
19 32
23 26
43 45
86 100
9 24
56 60
23 29
25 37
61 65
19 31
12 27
43 59
67 75
7 11
62 66
40 54
23 28
65 75
49 56
79 94
75 84
16 25
74 82
74 93
49 64
88 91
44 49
44 48
11 27
62 71
79 86
25 48
41 80
26 55
30 34
71 80
23 33
37 48
36 50
41 59
45 60
19 28
22 64
14 19
14 21
5 13
14 42
48 62
91 95
79 86
35 39
8 17
83 99
96 99
70 74
63 77
3 19
19 24
38 43
65 76
76 88
79 100
88 93
2 7
70 85
34 87
60 72
21 25
12 22
34 41
66 74
37 50
7 19
29 44
6 18
29 37
13 21
29 42
46 78
68 72
36 41
4 16
4 9
25 51
26 41
22 38
80 95
58 62
92 98
55 63
49 65
40 49
19 35
12 15
33 36
33 62
37 52
48 62
8 15
14 35
87 91
13 22
43 49
15 32
32 36
22 26
56 62
62 80
71 82
81 100
8 27
39 52
45 56
61 65
4 29
18 26
51 61
20 23
71 82
59 65
22 31
40 49
4 7
65 81
25 35
62 84
70 94
42 50
45 53
7 18
15 26
23 30
79 82
37 42
40 47
1 4
26 32
34 40
35 52
66 74
27 47
62 73
91 96
95 97
21 25
60 92
73 94
86 98
14 20
74 94
54 57
82 98
22 28
87 99
59 68
49 67
50 56
6 17
47 55
4 8
95 98
61 80
77 85
5 23
45 62
45 48
85 95
49 70
20 24
77 81
11 30
79 86
30 51
76 86
10 18
2 7
16 28
69 75
31 52
10 12
12 18
3 24
3 8
57 64
79 99
27 31
58 86
17 23
86 92
78 87
18 24
39 42
77 80
68 78
18 42
86 96
87 96
61 75
97 100
25 34
93 100
29 41
26 29
24 32
63 71
61 70
22 38
69 79
63 79
69 73
66 80
45 51
61 70
33 45
11 24
52 61
9 31
47 51
38 42
61 83
32 54
57 71
18 27
52 68
48 69
45 50
39 62
34 43
34 46
8 11
37 56
70 92
30 35
59 66
25 34
43 49
65 72
36 53
91 99
34 54
29 38
37 45
10 24
6 38
6 12
59 65
68 77
69 72
52 57
2 17
85 93
33 60
27 46
9 13
63 72
37 61
52 69
65 71
68 72
16 20
80 84
69 87
14 32
59 71
7 27
40 63
17 24
3 8
23 39
74 85
49 69
20 46
17 27
34 42
26 32
58 62
63 68
48 67
31 43
32 37
24 36
59 69
3 37
39 85
4 14
85 88
38 42
3 24
3 13
25 29
17 23
41 53
79 87
30 38
50 55
69 76
50 64
21 29
33 55
4 8
14 19
46 56
84 93
34 41
33 37
15 37
9 27
47 53
43 48
64 74
60 70
11 22
76 83
33 59
4 12
43 58
74 76
29 47
37 53
18 31
77 95
28 44
63 69
83 88
63 66
41 46
45 50
52 65
58 62
36 45
47 51
37 45
56 59
39 49
28 53
21 41
79 92
6 13
80 82
15 38
57 99
16 22
35 58
68 73
28 56
74 86
15 33
6 23
46 53
53 65
5 12
26 33
41 49
24 38
18 21
78 81
48 51
8 22
19 26
48 63
49 56
26 38
35 43
22 31
35 41
45 54
50 70
67 83
90 99
64 68
15 18
44 49
91 97
27 49
48 70
74 81
39 45
62 67
52 59
61 71
43 48
7 14
93 98
55 61
63 76
1 7
6 27
23 30
66 84
24 33
27 42
26 30
27 46
53 68
47 59
32 64
85 89
3 10
7 12
37 45
83 95
76 81
79 84
21 36
54 57
20 29
2 11
29 36
38 53
79 91
48 49
42 53
1 19
38 44
45 49
59 74
13 27
7 15
71 77
79 100
48 65
76 83
5 20
18 21
65 71
24 30
63 86
18 37
26 29
89 92
30 41
44 54
16 23
60 66
12 18
79 86
74 76
63 90
51 59
51 56
71 75
69 94
73 84
74 78
16 22
25 30
74 78
77 84
83 87
74 79
29 37
51 72
31 41
52 73
14 29
92 96
86 96
87 97
20 36
57 63
10 23
88 91
86 90
66 74
76 93
61 74
71 74
9 14
89 95
5 22
60 70
52 59
6 11
46 51
48 51
22 27
14 21
52 60
18 32
52 59
11 20
8 25
53 67
68 76
6 11
71 77
50 67
35 38
13 17
8 54
72 81
76 83
67 75
57 97
29 46
18 33
55 58
12 17
61 67
56 62
12 40
16 43
61 69
69 79
91 95
31 36
5 14
47 71
60 64
34 47
65 84
29 45
50 54
66 75
88 94
5 20
69 78
41 46
4 33
38 52
3 6
12 23
31 59
77 88
51 58
30 33
30 42
87 95
2 10
37 41
36 42
44 57
54 57
65 76
51 62
57 94
22 28
44 65
13 14
57 94
15 24
22 32
59 63
50 68
5 54
80 83
18 27
27 42
58 63
64 75
64 85
53 61
42 70
57 69
95 100
70 81
50 72
25 27
25 49
35 40
68 72
59 68
68 75
70 75
70 85
22 35
1 7
69 74
8 12
32 43
44 48
61 89
15 23
60 73
74 84
65 76
63 73
24 36
36 53
68 80
8 18
86 96
83 85
41 54
17 22
46 54
22 24
65 79
13 22
41 49
54 61
74 80
1 17
23 33
82 93
63 69
63 80
37 51
53 75
13 15
6 25
67 75
20 35
3 14
87 96
77 95
47 79
52 60
22 34
58 82
48 58
78 84
69 76
3 37
46 52
84 86
35 44
42 57
88 94
34 41
90 95
15 26
75 78
45 54
77 81
60 74
64 84
74 78
73 82
1 9
33 40
57 79
84 89
41 55
25 34
40 49
35 43
25 29
45 50
58 74
40 46
18 24
62 73
77 99
11 18
6 30
47 60
14 29
73 82
65 76
84 100
15 22
35 42
14 15
91 97
35 47
43 54
36 47
25 30
78 85
30 41
37 55
55 67
43 51
90 99
15 88
37 43
56 63
72 76
5 18
93 100
13 33
49 75
68 75
56 68
44 56
51 62
38 47
86 99
9 14
14 28
13 19
37 43
49 54
72 87
43 54
70 77
2 9
4 15
55 62
11 20
70 75
11 25
50 67
16 24
74 78
70 81
35 43
1 8
57 76
20 27
56 68
71 77
33 43
16 26
18 29
40 43
4 7
48 56
68 88
7 10
4 20
79 89
87 92
63 70
10 23
32 51
23 35
28 47
54 62
50 65
42 55
78 99
69 79
72 81
16 59
1 9
27 42
65 75
87 88
3 12
41 47
7 45
25 42
24 29
25 36
41 48
53 70
54 58
26 49
72 83
31 38
2 24
4 14
66 80
46 49
92 94
51 54
43 62
83 86
1 30
23 26
46 58
58 69
35 68
30 35
23 42
60 62
29 49
12 24
34 38
55 62
24 26
47 52
51 66
64 86
18 25
53 65
39 51
33 34
36 41
48 54
33 41
64 72
21 31
65 77
29 37
91 93
73 92
72 80
16 24
67 76
7 29
13 17
29 35
95 100
43 51
1 3
89 92
44 55
53 58
12 29
24 60
25 34
86 98
25 30
68 76
20 39
70 92
84 93
68 78
47 54
48 78
84 87
19 27
28 42
17 24
69 75
39 44
33 41
60 71
20 29
47 60
10 15
32 35
5 22
84 96
55 81
61 64
61 69
87 96
6 12
80 93
17 28
46 50
18 21
92 100
48 51
50 73
75 87
20 31
11 16
32 36
42 45
59 71
86 90
39 46
2 19
47 68
47 50
47 63
54 68
74 91
24 35
4 12
35 36
64 75
72 77
5 8
51 70
63 66
10 16
55 65
53 63
33 36
59 65
56 69
10 16
83 98
64 74
72 84
71 76
33 40
81 89
58 76
7 11
42 51
75 85
32 45
27 31
77 84
20 42
55 64
42 49
48 67
73 83
38 43
21 45
12 24
28 41
32 43
10 26
94 100
55 81
69 72
32 67
30 36
4 16
6 23
57 66
39 46
84 92
12 15
74 83
39 47
13 21
37 53
36 48
4 28
18 28
74 82
1 13
46 66
27 32
29 91
26 32
43 57
31 40
41 69
54 65
37 44
7 19
12 16
59 83
31 40
54 63
40 50
71 76
85 95
78 93
66 80
40 47
57 76
82 91
1 13
18 43
8 27
10 13
10 14
43 57
76 87
61 65
6 39
68 89
75 82
70 74
51 73
1 12
38 50
40 48
88 95
1 13
69 81
14 18
68 75
29 33
55 78
52 57
36 44
63 78
39 47
14 40
55 66
38 40
30 35
22 34
21 28
65 78
3 19
15 36
35 45
67 79
56 58
58 65
17 20
34 40
42 72
74 84
59 77
33 39
76 79
75 87
81 85
76 82
83 95
37 41
89 100
54 60
34 42
63 70
5 7
29 55
40 50
73 88
29 38
16 31
82 91
66 74
60 72
35 39
51 57
10 40
71 81
90 100
2 17
77 90
28 52
31 35
28 35
57 68
69 79
14 20
84 86
52 69
58 65
26 43
83 94
42 49
79 92
61 78
18 23
16 25
63 74
49 66
3 6
91 94
51 64
51 67
18 24
92 100
3 10
21 38
22 28
4 9
11 17
57 80
92 96
6 13
58 66
62 95
37 39
20 31
12 30
40 49
85 91
19 26
2 6
76 92
47 50
19 30
30 42
58 67
10 14
4 28
79 90
88 94
50 57
43 49
44 57
86 98
55 60
24 34
24 34
58 70
70 79
52 65
38 45
34 40
41 46
26 33
40 50
6 31
24 30
54 60
25 31
12 17
6 15
93 99
90 96
29 35
63 68
85 91
48 58
20 24
49 51
85 91
40 46
44 62
74 88
66 70
35 44
45 63
11 16
43 60
33 47
50 58
32 61
25 31
70 74
83 100
46 63
74 81
86 92
61 64
4 16
86 94
67 80
81 96
18 29
27 31
11 14
46 50
32 40
62 88
1 11
83 86
55 66
37 55
25 33
53 69
43 51
81 87
61 72
11 19
72 78
45 50
48 64
57 80
80 83
21 24
26 43
88 97
5 15
42 53
71 75
11 24
45 53
16 21
36 44
33 39
15 22
30 38
9 21
32 38
9 20
80 88
21 34
19 34
32 35
3 11
4 11
31 46
3 12
10 19
17 29
72 99
18 23
9 20
81 86
73 74
13 24
45 57
65 78
83 92
93 99
84 92
10 15
69 76
39 67
48 71
17 24
2 14
6 11
44 48
79 92
91 97
46 50
53 73
18 29
75 87
72 74
73 84
86 88
30 35
31 37
44 53
30 40
56 61
75 87
64 69
14 22
50 61
22 32
37 45
49 54
21 25
15 21
59 81
6 13
12 34
56 65
87 93
61 87
40 51
58 64
28 41
41 51
44 64
85 98
84 91
49 54
41 58
45 53
9 21
22 36
17 42
4 18
80 90
75 84
93 96
91 96
24 30
2 6
42 48
55 65
62 72
34 42
43 53
52 72
75 95
82 88
58 62
25 36
34 49
10 19
35 51
60 72
2 8
31 44
64 77
40 44
43 56
9 16
71 78
69 74
50 58
4 14
90 92
75 81
50 63
4 15
19 27
65 69
84 87
31 35
50 64
25 35
83 91
66 80
21 76
14 22
49 68
47 62
34 37
3 12
39 52
85 93
80 91
12 21
74 78
52 58
23 37
31 40
82 96
89 94
54 67
61 64
23 27
9 19
70 77
96 100
39 44
9 22
77 81
9 13
10 15
26 32
26 40
81 94
35 98
71 76
72 75
71 82
90 95
60 66
63 65
88 91
75 85
10 15
63 80
79 92
87 91
60 74
43 53
10 39
55 58
53 68
12 22
88 93
47 63
60 69
50 66
85 91
51 60
45 55
1 8
81 88
49 69
63 66
38 40
57 61
71 90
8 11
54 77
30 36
67 76
8 12
8 11
73 78
35 47
82 99
6 21
36 54
69 74
13 22
51 62
45 71
87 93
79 98
83 94
70 80
62 68
69 75
27 38
59 64
52 64
45 54
12 19
58 65
72 82
34 41
83 88
9 11
61 75
25 40
65 70
76 82
6 18
51 62
23 30
82 90
21 36
3 8
52 59
2 11
91 93
23 33
58 72
27 33
58 73
22 35
3 8
52 73
23 45
18 45
17 36
13 18
9 12
66 79
25 57
23 63
25 39
34 42
13 15
23 66
78 92
71 78
72 91
51 52
87 96
72 85
37 45
27 36
6 9
72 75
48 50
52 63
61 64
38 56
71 93
75 78
1 7
82 86
34 48
70 78
55 61
86 99
38 43
46 55
69 77
4 9
68 78
68 85
43 47
16 26
4 17
24 31
77 87
16 49
7 11
91 99
41 75
76 96
51 60
47 63
65 77
15 30
3 12
68 75
59 71
66 80
20 39
76 85
39 45
41 54
19 24
86 95
5 10
53 67
54 58
71 85
50 63
73 80
53 65
25 30
28 42
28 45
24 34
39 43
59 63
22 25
25 31
35 39
11 31
51 56
67 73
37 41
93 98
61 74
80 84
15 33
95 99
11 19
72 100
68 91
60 66
23 30
52 91
66 69
37 46
27 42
37 47
52 61
47 55
35 40
67 95
73 81
21 29
66 71
67 74
75 88
36 40
53 68
72 80
85 88
82 89
81 91
30 34
70 82
15 24
1 22
1 14
35 48
80 91
8 21
7 18
93 99
81 97
61 67
73 94
28 31
78 89
57 77
70 78
38 55
82 91
46 56
56 59
15 29
92 97
95 98
30 31
22 29
81 93
34 41
12 36
32 38
11 20
69 85
56 61
48 53
47 52
27 44
33 75
22 34
6 21
14 31
38 76
43 72
86 93
75 94
77 89
46 57
93 98
62 67
75 82
11 19
8 35
67 74
7 22
8 17
17 21
77 86
27 38
77 98
84 93
27 33
21 26
21 29
44 65
76 87
8 15
16 32
72 88
21 37
20 32
81 86
11 23
17 33
53 85
46 53
60 70
9 17
55 72
19 25
19 38
86 93
2 8
1 29
47 51
8 21
70 75
24 44
93 100
43 62
15 22
13 19
95 98
33 57
91 100
45 60
6 11
60 70
43 58
61 65
61 72
9 26
3 30
27 34
8 29
50 56
30 41
97 99
27 40
89 99
31 45
68 69
85 91
71 96
16 22
19 31
35 39
86 90
92 98
86 92
61 71
1 10
19 23
27 32
31 39
7 15
42 45
26 35
86 87
76 79
69 76
37 39
42 56
9 18
46 55
72 81
9 24
27 41
62 65
33 36
4 9
52 56
33 38
48 52
30 39
43 49
40 46
64 82
81 86
37 60
33 55
71 74
28 58
34 43
81 87
46 56
1 16
89 100
14 24
73 75
12 47
48 61
22 36
16 23
64 86
77 86
41 54
45 53
36 49
73 82
36 54
83 95
79 96
91 98
41 64
4 16
31 36
35 39
27 33
31 37
82 87
86 94
56 60
75 86
49 57
62 68
52 55
21 44
1 5
8 18
77 98
85 96
53 67
85 90
51 54
16 35
46 75
75 83
78 82
82 85
36 43
41 45
66 84
30 32
72 76
61 76
11 13
63 67
27 36
36 48
16 22
8 21
61 72
35 42
86 98
34 84
25 30
15 20
34 40
62 78
34 38
68 82
45 54
87 91
34 43
45 65
26 31
71 79
13 17
74 80
35 47
35 48
11 16
64 74
5 16
25 48
44 52
59 85
51 62
26 37
4 29
24 31
40 42
6 13
76 78
38 46
25 36
45 60
41 48
4 15
48 53
89 99
13 24
59 75
35 68
59 66
46 56
2 9
6 17
76 88
2 20
13 21
62 72
11 17
59 88
72 80
16 23
67 80
62 66
32 40
61 70
87 90
64 80
32 39
47 51
61 83
23 32
18 26
11 18
2 18
23 29
29 38
81 91
12 25
52 64
19 29
38 48
85 92
41 59
15 21
30 47
1 6
46 69
72 73
6 18
3 49
31 43
50 59
54 58
3 11
58 64
52 67
69 73
30 45
56 68
46 59
72 80
43 48
84 94
50 56
47 79
78 81
2 11
59 67
2 6
36 65
5 17
9 24
23 29
61 79
74 85
80 88
5 11
13 32
37 44
63 68
20 25
80 84
39 52
1 4
57 66
87 93
70 74
13 20
87 97
6 15
35 39
68 77
29 51
13 27
24 35
45 55
4 7
49 69
47 66
73 99
67 80
31 50
35 47
8 16
62 87
54 60
77 87
40 51
59 62
15 22
30 44
75 81
80 89
92 97
81 91
1 14
24 30
65 77
68 77
16 23
66 91
80 96
64 73
80 89
71 74
59 71
57 96
63 68
53 64
53 65
75 91
19 22
46 77
46 67
55 61
34 44
10 21
1 7
64 73
40 52
27 34
70 91
75 87
62 66
21 32
51 55
33 70
38 49
24 27
7 13
1 6
49 53
19 23
57 88
17 31
43 65
83 89
84 99
32 36
67 73
80 89
48 57
10 21
71 75
87 98
85 86
46 56
9 18
14 28
90 94
39 42
73 79
77 94
73 90
17 31
2 22
15 40
39 45
55 58
38 44
52 59
9 16
34 49
62 72
65 73
24 39
58 65
86 98
30 46
32 40
24 34
32 38
56 63
1 15
31 45
83 86
91 99
79 96
8 27
35 40
46 57
87 98
38 61
14 21
24 36
77 81
75 85
74 91
22 28
76 80
58 70
40 50
53 56
16 28
79 85
53 65
54 70
73 80
72 77
36 40
6 11
86 92
37 53
71 79
80 87
22 35
37 57
58 64
39 45
14 27
85 87
70 81
23 27
30 38
59 67
8 14
35 62
74 80
83 93
52 53
31 56
64 73
48 67
9 16
23 40
43 46
43 51
43 51
34 39
53 60
16 19
39 44
61 66
29 44
30 43
14 23
5 9
55 63
44 62
25 39
57 61
11 17
33 41
67 80
9 13
15 21
15 22
31 39
15 44
4 36
40 44
77 91
82 84
37 58
76 88
9 22
26 34
5 11
44 60
91 96
48 52
27 33
24 43
18 23
63 75
35 50
73 94
77 88
28 32
92 98
51 57
63 73
10 35
91 97
30 48
53 66
69 74
70 72
47 65
47 54
89 97
18 23
39 48
30 34
60 74
12 18
47 51
36 41
83 88
1 13
48 60
48 59
17 21
75 83
13 24
51 64
55 65
42 46
11 20
95 97
4 17
80 84
73 86
34 44
49 71
6 25
85 89
54 57
71 94
93 100
24 32
26 32
32 56
34 52
44 55
32 59
32 44
17 26
29 45
67 74
15 21
9 21
24 37
51 58
18 35
45 56
61 66
51 68
39 45
7 19
67 76
85 91
4 69
95 99
13 24
62 67
30 43
64 66
49 58
44 50
46 51
69 80
42 51
57 59
56 67
29 53
66 79
64 69
56 62
33 55
20 25
40 50
7 11
72 86
57 66
74 81
80 87
93 100
21 30
44 48
38 53
41 60
41 44
84 96
72 79
48 51
10 13
51 66
67 72
37 64
38 52
49 55
86 88
12 20
7 16
57 64
17 20
72 74
64 71
72 75
7 16
56 67
41 47
86 94
73 74
67 70
38 47
57 64
64 76
46 51
23 34
24 43
22 31
88 94
2 6
76 82
46 50
46 54
89 93
71 91
37 44
16 32
18 23
47 53
4 22
37 44
76 88
2 13
8 17
62 75
62 70
14 26
90 100
17 22
65 83
29 43
39 46
12 29
8 16
33 37
31 45
85 90
46 51
23 39
29 40
36 45
61 81
65 68
84 89
36 42
3 20
6 26
54 64
18 20
62 71
21 32
60 69
51 58
2 30
89 90
56 73
89 94
82 89
82 95
56 60
39 46
16 22
26 61
34 40
28 32
85 99
80 88
10 17
21 27
75 77
70 88
15 39
29 48
86 100
77 96
62 79
32 44
4 13
88 100
15 20
35 54
54 63
43 57
32 39
30 34
26 34
13 17
90 93
4 9
29 34
78 86
16 34
22 29
19 20
3 4
55 67
36 43
11 33
82 87
16 22
21 22
83 94
31 44
50 57
26 38
62 66
15 46
37 49
78 95
31 44
35 41
8 27
71 79
57 65
13 17
84 98
57 64
80 86
83 86
58 67
84 89
82 95
63 89
83 93
38 46
44 54
64 77
35 54
64 68
4 16
28 65
10 19
56 60
34 46
56 67
9 26
72 81
50 59
15 39
61 64
3 6
10 16
89 96
6 9
58 67
27 30
19 29
47 67
39 48
5 10
52 73
36 53
65 81
79 84
36 39
55 58
20 48
63 80
45 51
15 22
67 71
85 96
61 68
25 41
90 96
6 12
58 70
60 63
58 74
27 35
76 87
48 51
39 46
38 47
74 80
65 84
84 94
87 93
35 48
33 45
74 80
85 92
17 37
13 35
40 48
45 55
20 31
73 82
69 78
86 89
47 80
25 36
70 86
58 66
12 27
18 33
21 27
5 31
3 9
62 82
67 70
34 40
50 60
74 94
28 43
91 99
67 78
57 77
23 35
5 30
20 28
60 67
53 62
55 69
8 19
75 93
34 47
71 79
51 58
59 66
56 62
15 25
49 54
22 26
72 82
46 50
56 66
68 80
32 42
46 63
46 55
83 95
1 14
68 76
14 19
55 61
5 12
19 27
64 81
59 82
14 20
48 56
55 72
12 15
49 71
40 52
81 95
32 39
82 89
5 26
69 72
68 83
46 63
76 79
36 51
79 81
50 83
62 65
48 53
43 76
9 14
85 97
40 51
74 87
15 28
29 39
21 28
70 89
20 25
50 54
27 69
75 84
88 92
63 79
53 66
10 35
46 77
53 61
90 95
15 20
20 22
78 81
42 63
75 78
35 39
48 61
87 92
65 70
38 58
71 79
31 40
89 92
30 38
22 28
85 90
66 88
8 17
21 26
56 75
80 86
1 5
23 30
70 79
81 86
16 26
40 48
45 54
45 50
6 40
45 64
55 60
35 41
65 70
7 14
69 79
44 48
11 13
53 67
34 39
87 99
50 59
21 37
77 84
70 81
6 39
81 86
14 21
68 81
72 83
60 64
77 91
14 21
75 89
5 12
83 89
37 40
44 50
96 97
56 61
82 88
34 43
27 34
13 19
7 17
10 19
78 92
83 89
40 76
84 88
48 71
56 72
49 72
42 55
16 47
75 83
45 51
54 66
68 76
91 92
64 92
61 69
76 80
76 84
14 23
85 90
22 38
56 64
36 63
78 90
12 29
89 94
13 17
64 67
27 32
5 9
8 13
60 63
93 100
73 75
12 21
52 53
7 16
30 39
10 19
18 24
20 30
32 36
22 27
52 60
18 28
74 85
90 96
41 49
76 89
61 76
7 9
23 36
43 51
49 56
12 25
19 40
32 41
15 23
40 58
2 12
93 96
90 92
77 82
40 45
54 61
58 63
95 100
62 69
41 46
38 60
30 38
15 25
62 69
52 58
47 52
72 77
72 87
31 45
60 69
92 97
43 49
37 44
25 31
16 28
75 89
81 87
10 38
32 48
38 48
79 88
4 8
30 41
70 77
73 85
24 35
27 36
23 31
50 60
78 91
61 72
79 88
2 21
93 100
56 60
72 98
35 37
47 53
3 8
38 49
71 80
54 66
78 90
82 90
33 40
64 71
4 16
5 20
20 29
94 97
60 77
55 64
55 64
73 84
65 77
45 66
62 67
74 84
18 36
32 52
75 82
63 79
44 50
24 26
80 87
87 96
85 91
86 89
1 22
79 84
40 45
66 77
81 86
67 76
58 72
20 34
74 77
60 66
83 97
72 80
60 66
9 16
27 29
17 27
64 88
62 72
67 73
68 80
20 31
88 98
33 47
83 88
10 24
57 62
93 99
48 62
41 60
15 27
67 77
10 23
77 93
19 20
8 20
28 36
66 72
84 89
64 75
88 96
36 50
81 86
80 88
8 14
36 40
60 79
14 31
63 86
52 58
48 58
36 42
1 15
16 29
79 100
10 17
40 58
70 89
12 20
32 43
81 93
47 64
79 85
66 74
46 52
26 46
9 14
66 82
69 92
77 86
49 52
8 27
85 90
18 39
14 19
8 11
71 76
34 50
45 65
34 45
11 14
14 39
46 57
8 17
17 21
5 12
28 38
10 26
61 69
58 75
36 44
36 52
46 51
18 25
77 82
17 46
63 75
23 44
34 39
78 88
41 49
7 23
81 87
3 20
16 24
32 44
13 22
67 89
54 67
37 57
63 74
23 28
34 41
24 45
52 77
40 65
22 30
86 97
17 30
45 47
13 27
87 98
22 52
45 50
23 36
44 54
64 81
17 28
40 56
41 50
52 63
42 50
1 9
34 41
79 82
78 87
47 56
70 86
78 80
66 74
15 23
59 90
36 41
16 20
25 33
72 82
40 46
97 100
30 39
62 74
91 94
21 39
78 89
34 39
35 45
79 94
7 26
67 79
45 55
14 26
29 40
87 92
45 51
90 93
69 82
28 44
72 88
70 80
56 60
51 65
40 55
8 15
12 23
14 39
74 96
76 84
41 43
16 22
53 67
39 49
5 19
14 25
10 22
74 80
85 92
57 80
7 17
90 96
84 92
51 62
73 79
62 65
73 80
71 87
45 81
75 88
81 92
50 88
27 33
16 34
4 10
25 31
23 28
72 73
33 43
61 64
87 90
17 31
6 18
27 32
48 57
54 62
57 59
47 91
41 63
70 88
15 25
41 69
18 28
14 37
72 79
54 71
73 88
60 65
75 79
16 18
34 82
87 91
62 74
15 31
15 19
29 39
23 40
55 72
54 67
2 15
64 86
7 18
37 43
12 22
69 80
18 21
20 27
2 7
27 38
67 75
63 67
58 65
83 87
76 80
99 100
48 56
82 100
34 54
89 98
37 61
21 29
80 84
17 29
32 38
31 42
72 84
86 94
42 66
45 60
54 71
38 40
78 88
26 51
42 51
82 85
17 23
34 38
37 43
53 59
2 12
40 51
71 82
5 12
83 95
18 25
22 45
94 96
90 95
70 73
85 100
25 34
40 46
22 41
47 64
72 76
27 43
13 32
35 41
33 57
37 49
57 60
83 91
68 75
58 63
62 77
83 89
67 84
47 56
22 23
28 46
45 56
69 86
33 38
46 70
72 73
15 30
50 54
41 48
85 96
49 53
37 43
56 58
14 24
6 8
82 92
58 81
25 34
75 91
80 91
29 33
54 66
3 21
27 42
25 38
80 86
13 30
82 90
25 40
64 79
22 34
46 56
72 85
46 62
25 34
52 60
16 38
12 15
35 47
51 61
7 19
26 57
67 76
44 50
39 47
64 71
75 79
9 22
6 16
18 38
82 89
20 37
43 68
14 19
55 85
29 39
4 21
22 26
63 78
68 77
61 67
32 41
91 94
54 58
63 71
30 46
29 34
89 98
5 24
85 87
41 50
60 80
43 66
41 53
36 74
54 69
65 72
46 58
75 86
32 44
30 37
90 98
79 91
56 73
40 41
71 76
61 75
51 64
18 24
33 39
24 29
80 85
16 29
84 92
31 45
18 32
83 87
78 85
73 79
95 100
45 48
5 11
6 40
52 58
33 40
56 71
73 95
29 41
90 97
8 22
33 51
6 18
86 100
68 71
21 31
86 90
74 88
5 11
41 47
33 36
2 9
94 95
15 34
3 12
12 15
2 32
16 24
26 30
29 38
51 57
89 100
56 77
83 94
88 100
2 18
79 83
10 15
25 33
75 97
16 20
40 64
26 27
11 21
53 61
74 90
74 90
20 24
36 43
93 95
53 58
66 77
59 64
24 71
43 90
59 81
9 13
13 22
46 51
82 88
75 97
48 65
67 76
29 43
87 97
85 91
46 57
66 71
83 97
84 92
74 76
62 65
43 51
96 100
70 82
13 23
21 26
6 12
90 100
24 33
58 65
77 84
68 78
83 99
14 34
23 28
12 20
35 42
38 41
81 98
1 18
87 98
32 43
49 68
3 7
6 24
25 41
10 15
76 87
78 92
65 75
62 89
60 67
29 42
46 48
11 21
72 76
31 53
86 92
34 45
47 60
29 35
27 35
48 56
42 49
16 24
27 33
62 71
80 92
43 58
54 65
47 54
69 73
20 32
12 15
49 77
46 50
16 21
16 28
21 63
64 77
40 51
22 26
68 76
67 83
86 93
49 60
78 82
86 92
2 16
32 38
27 42
25 38
61 69
5 21
74 84
78 85
85 90
93 99
54 62
74 80
62 69
26 31
55 71
67 87
71 88
9 19
46 50
2 14
82 95
9 17
82 96
37 63
18 30
52 61
40 60
20 39
60 64
92 94
17 29
48 61
90 100
23 36
1 9
16 23
8 13
52 56
31 38
32 61
58 68
25 44
29 34
28 31
90 98
29 36
27 34
74 88
29 38
62 76
61 74
56 71
25 30
79 85
68 76
45 68
21 22
18 43
86 93
54 67
14 27
80 89
75 90
20 26
55 61
21 33
69 78
85 94
43 53
7 26
42 48
81 85
20 30
5 20
45 57
13 42
75 86
30 41
87 98
72 92
57 67
17 22
70 94
54 62
1 5
54 73
74 83
42 45
69 77
78 86
40 47
16 22
58 63
64 69
27 35
64 75
49 59
31 39
54 64
78 86
79 99
93 97
20 30
9 18
38 48
80 89
67 76
46 56
56 61
14 23
78 87
30 35
60 66
47 56
6 25
49 66
59 63
74 79
59 67
38 52
24 31
66 91
32 41
88 94
10 27
58 65
23 41
13 21
88 98
21 33
86 95
9 26
28 38
56 70
75 94
3 7
11 12
56 64
55 66
92 96
12 21
50 55
80 91
57 79
25 45
21 34
78 85
54 71
85 92
32 45
84 95
37 52
63 80
94 99
41 55
41 52
16 29
35 41
86 100
30 44
8 27
58 65
33 69
62 68
71 74
87 96
90 95
82 84
21 29
94 97
49 57
84 87
28 35
49 56
11 29
34 50
20 26
25 45
82 95
19 25
56 69
74 79
69 77
24 32
94 97
78 93
79 85
22 28
7 14
13 25
27 49
34 39
76 86
34 43
13 16
50 56
13 23
72 93
48 50
64 73
73 86
48 55
52 76
80 84
39 70
87 94
5 15
88 98
25 37
68 77
69 75
5 16
39 46
20 31
87 92
11 20
90 98
34 52
75 78
70 76
21 36
30 37
20 33
21 32
38 57
75 90
33 39
79 88
87 97
90 95
85 87
75 78
6 10
18 24
55 68
67 90
13 28
1 4
66 75
22 39
39 42
29 57
16 51
34 37
53 59
70 73
63 73
72 85
55 63
37 46
82 86
71 78
54 64
7 24
24 43
33 44
7 10
14 21
31 38
72 75
44 52
80 93
32 37
58 76
30 48
78 88
33 46
5 22
81 85
52 65
56 62
4 18
2 20
85 90
51 54
43 52
10 15
36 50
17 57
53 72
29 37
75 79
54 60
25 33
33 45
66 70
64 82
15 24
29 38
59 65
64 69
30 37
66 99
70 83
69 71
18 38
77 84
86 95
4 12
46 50
48 74
80 89
28 37
8 28
68 72
40 50
65 83
69 73
14 17
45 57
55 63
9 26
18 30
35 41
40 44
74 84
88 95
76 98
78 83
58 78
74 93
60 72
60 67
43 50
40 55
76 88
34 41
56 68
24 42
79 88
7 26
33 38
49 61
25 30
60 72
68 71
