100 20 20 19
00000000000000000000
00000000000000000000
00000001110001110000
00011000000000000000
00000000000000000000
00000000001111111111
11111110000000000000
00000000000000000000
00000000001110000000
00000000000001111000
00000000000000000000
00000000000000000000
11111111111000000000
00000000000000000000
00000000000011110000
00000000000000000000
11100000000000000000
00000000000000000000
00000000000000000000
0000000001001000000
0000000001001000000
0000000001001000000
0010000000001000000
0000100000000000000
0000100000000000000
0000101000001000000
0001000000001000000
0001000000001000000
0001000000001000000
0000000100000000100
0000000100000000100
0000000100000000000
0000100100000000000
0000100100000010000
0000100000010001000
0000000000010001000
0000001000010000000
0000001000010000000
0000001000010000000
6577
79 85
45 53
22 27
51 62
88 95
25 49
90 94
51 64
62 70
85 99
71 91
72 81
53 57
65 76
41 51
63 95
81 89
29 34
63 68
44 69
63 74
74 82
40 65
9 15
50 54
41 43
93 99
44 47
55 60
40 59
64 82
72 79
17 61
80 96
31 45
81 100
44 48
70 77
58 70
81 85
7 12
27 33
7 13
53 60
31 44
69 81
21 25
37 42
20 27
51 60
16 27
84 93
17 26
82 96
16 28
32 50
71 83
27 57
89 96
55 64
24 35
6 8
10 24
21 26
54 59
91 100
7 13
26 35
2 52
66 69
64 67
30 41
13 22
79 92
70 72
45 51
59 68
87 98
77 80
18 38
21 38
15 35
81 85
47 53
52 55
11 31
49 67
82 97
72 84
26 32
55 60
85 99
6 20
61 75
58 69
25 46
36 45
2 10
71 77
46 53
1 11
77 89
81 90
58 69
41 45
38 49
33 37
15 30
42 49
22 30
93 97
40 45
6 23
43 52
88 89
80 83
11 14
68 82
1 17
80 84
54 59
60 71
89 94
84 89
7 30
93 100
57 92
24 34
65 69
30 43
67 72
8 18
45 56
70 96
67 79
34 42
42 62
68 80
82 91
14 22
71 85
82 88
12 22
90 96
33 39
86 95
16 29
86 91
61 67
51 57
12 16
43 53
6 9
75 90
83 94
15 20
32 35
10 26
90 95
15 45
45 65
58 66
89 96
4 16
29 43
83 87
45 47
34 79
39 48
84 88
29 36
66 70
43 61
39 47
38 49
80 88
54 60
34 39
87 92
2 5
26 34
50 73
92 98
31 40
48 64
7 9
1 19
17 24
38 49
73 95
64 68
86 100
44 52
29 37
3 15
51 58
59 65
6 24
84 91
5 10
27 32
54 65
37 41
3 7
29 46
9 33
79 88
10 37
60 76
28 60
39 40
88 99
52 68
63 85
17 23
90 100
60 63
92 99
17 24
50 54
60 65
31 36
83 89
21 31
81 95
94 95
2 14
10 14
69 73
46 51
54 61
18 22
25 38
39 48
47 50
49 56
49 57
72 76
86 90
76 80
8 26
22 28
72 77
2 13
7 23
8 19
53 56
83 92
86 92
23 28
83 91
8 11
27 49
69 81
61 66
53 57
62 71
30 38
64 74
71 74
7 27
64 68
3 7
35 45
79 89
92 96
69 73
69 94
73 86
42 46
40 60
13 22
46 55
86 88
30 36
37 52
60 68
57 67
14 30
4 5
57 69
30 72
50 59
13 17
23 32
50 61
72 77
9 20
24 26
76 80
67 74
49 55
48 58
90 94
87 94
33 46
19 28
86 94
79 99
41 45
20 50
75 86
21 36
15 20
47 71
7 65
3 23
14 22
90 92
2 32
61 65
43 50
26 35
32 37
2 16
80 85
1 9
81 85
80 92
23 49
37 47
76 90
45 50
58 68
46 56
81 91
80 87
3 10
21 30
47 69
21 29
86 100
90 96
40 50
32 39
48 52
83 93
42 58
21 24
16 25
50 61
12 23
58 66
85 94
15 29
17 40
82 93
71 74
71 84
39 59
64 84
87 93
20 42
41 52
45 62
7 18
93 100
29 39
52 55
4 14
45 62
29 34
40 44
6 11
13 21
16 23
42 49
68 86
9 21
33 40
64 77
31 36
36 48
56 59
34 75
31 46
29 30
42 45
19 49
34 53
44 61
77 90
44 47
6 11
43 51
70 74
17 26
37 62
5 19
61 66
85 99
38 41
86 92
57 70
53 64
80 90
77 89
23 37
6 12
44 56
36 43
54 57
53 59
85 97
7 16
91 99
31 36
18 23
11 20
71 86
50 77
25 32
84 92
18 28
20 30
5 10
65 74
30 42
2 5
43 56
65 72
43 47
44 55
73 84
90 93
30 39
24 30
31 40
68 81
75 79
63 71
90 97
70 84
94 100
25 26
37 46
1 8
47 64
15 22
7 18
78 82
20 23
70 79
21 37
33 38
76 96
58 91
23 64
2 11
77 80
64 82
19 32
2 10
13 17
54 66
66 70
62 67
4 8
6 16
87 92
46 52
35 52
49 52
20 26
5 23
77 80
35 43
45 69
63 90
61 69
5 11
77 86
66 81
74 82
43 47
69 80
15 27
61 67
31 47
44 51
40 41
10 12
63 90
11 31
11 27
5 12
21 30
64 73
77 83
62 68
69 85
22 26
40 70
16 20
22 40
22 37
31 36
36 50
12 27
75 86
27 36
53 84
91 95
48 51
51 57
32 38
35 53
39 54
36 54
55 63
1 19
65 71
75 83
75 85
62 75
44 56
13 40
47 56
68 83
70 75
80 86
35 62
57 69
40 44
53 61
93 99
8 19
6 16
42 61
71 84
78 83
1 8
4 13
10 19
17 23
5 12
44 52
68 88
90 94
68 75
28 30
93 98
57 64
81 94
74 81
3 11
11 25
77 82
23 30
6 15
54 83
48 51
80 92
35 43
35 47
79 92
71 78
96 100
11 20
22 26
49 61
2 16
70 77
38 40
56 63
31 38
74 82
17 22
66 78
37 45
96 99
75 80
29 42
6 15
10 17
75 80
29 44
87 91
86 98
16 24
83 91
36 44
7 28
41 62
20 24
83 91
22 28
22 42
7 19
4 14
56 64
10 21
74 86
27 38
79 96
71 77
65 69
45 58
47 54
36 60
45 50
5 14
32 36
40 54
71 75
73 91
67 78
89 98
22 31
55 60
43 55
71 87
79 84
66 80
65 73
65 79
45 48
15 34
30 34
66 72
66 96
41 57
62 85
67 82
80 88
42 52
74 85
70 82
54 63
88 99
62 76
62 67
10 18
61 72
30 34
66 71
45 55
89 95
30 72
62 84
46 50
68 71
9 18
16 21
65 89
88 90
55 67
14 30
33 40
77 95
33 39
24 31
77 90
41 51
59 66
74 96
43 49
18 46
91 97
30 56
8 21
23 31
32 38
67 78
11 42
25 35
40 45
60 69
19 31
43 62
73 92
41 64
20 29
71 78
38 44
40 47
35 38
19 26
77 87
8 11
43 57
26 49
56 78
24 34
66 77
18 20
2 14
30 60
4 10
65 86
52 53
32 40
56 67
48 53
1 6
72 78
90 99
15 19
26 34
17 23
49 50
76 98
41 44
23 42
90 97
30 34
83 96
78 88
40 45
13 39
7 32
81 89
59 82
69 82
73 78
5 12
37 50
67 72
66 68
50 62
69 83
63 73
39 62
71 90
65 80
1 23
40 50
24 34
87 100
79 89
34 35
55 66
79 91
3 14
33 39
45 51
22 26
51 59
5 15
28 36
6 24
35 47
6 17
18 25
75 89
24 35
23 33
14 24
28 49
41 46
3 14
71 82
51 71
54 65
27 40
14 21
47 63
7 19
18 23
79 87
8 16
33 40
20 34
71 86
32 40
28 34
51 52
5 14
14 28
75 81
15 27
57 65
47 69
28 44
28 32
19 23
80 84
65 75
41 53
68 89
84 96
31 49
47 58
26 39
61 69
25 34
31 40
13 49
6 21
1 7
92 100
35 48
60 63
9 28
66 79
25 41
74 83
35 54
31 46
23 32
72 81
62 74
59 75
32 49
74 80
3 7
59 66
15 29
48 59
57 70
30 35
82 93
72 77
73 80
53 65
7 13
25 37
67 75
43 69
57 67
4 9
33 41
1 24
79 83
49 56
54 76
69 80
50 62
86 99
70 89
30 34
70 78
89 93
92 98
15 26
39 55
11 68
32 48
22 38
7 15
1 5
60 72
6 20
23 37
68 76
64 68
60 70
72 79
89 93
51 56
43 51
4 15
32 43
66 81
42 51
21 26
28 36
67 77
11 30
31 40
71 98
65 79
44 65
41 50
59 77
39 42
56 71
37 45
40 44
63 96
4 12
34 44
64 76
15 29
70 75
86 98
29 35
55 62
40 46
23 34
70 80
93 97
91 98
53 67
8 33
74 80
47 68
57 75
20 25
37 43
60 70
25 41
25 57
36 59
61 65
57 61
21 28
7 18
7 88
66 92
58 66
68 88
50 62
65 70
88 91
78 88
45 56
73 78
70 80
10 43
5 12
84 91
36 47
10 17
15 22
76 83
86 94
6 7
15 28
89 96
44 56
8 21
36 45
33 45
4 17
1 3
61 65
35 81
12 21
88 99
87 93
76 85
68 86
29 46
71 77
81 86
81 97
44 50
22 31
65 77
20 30
2 13
40 58
25 45
30 42
31 37
42 47
42 52
33 45
25 31
79 82
26 44
36 44
56 68
33 48
16 23
57 73
80 89
93 98
77 98
13 34
31 43
84 99
66 72
67 77
60 75
49 64
87 93
1 4
33 41
49 59
27 51
26 41
46 53
89 96
82 89
2 16
14 23
81 86
20 33
83 91
86 91
37 41
60 76
17 30
64 92
67 73
82 91
67 82
31 37
21 32
42 50
40 61
1 4
79 87
32 36
48 56
64 86
9 19
23 52
18 31
1 4
41 49
68 86
45 49
41 55
14 76
66 74
8 26
69 75
37 40
48 54
22 29
31 39
75 76
81 86
23 36
46 72
83 94
58 60
72 86
18 26
70 88
16 21
75 85
41 42
3 10
29 34
16 30
7 18
40 48
68 80
76 84
16 21
26 32
45 53
31 41
34 40
92 98
43 53
86 98
43 51
39 49
40 54
67 93
51 64
65 84
90 96
35 65
36 54
64 67
20 25
61 80
75 90
16 32
34 38
86 95
88 93
29 61
89 96
23 39
13 16
94 99
10 26
32 39
20 41
2 10
89 96
13 20
87 95
34 47
6 14
69 86
80 87
18 28
25 33
45 50
76 96
92 98
53 72
9 10
64 83
90 97
16 23
50 53
6 14
80 85
24 32
67 96
77 81
10 14
4 15
60 75
51 69
59 92
43 49
30 40
51 52
75 80
46 64
72 77
16 46
22 27
25 36
81 90
10 36
27 33
20 30
10 37
58 67
3 8
59 80
36 50
71 74
24 28
23 34
13 19
7 16
25 32
39 57
59 79
35 45
22 37
26 35
47 55
69 84
84 97
75 83
7 17
5 16
9 17
88 96
28 36
46 74
66 73
17 34
55 60
62 67
38 48
69 74
76 83
61 67
78 85
18 30
3 17
36 51
44 57
70 79
71 79
81 89
4 26
10 23
75 87
65 69
54 67
42 44
65 79
2 8
80 89
54 61
1 9
68 81
39 42
64 81
84 90
73 82
29 38
45 72
58 65
5 7
2 25
91 97
22 28
80 95
34 37
18 54
1 7
66 83
82 85
28 34
49 60
32 44
87 100
63 78
62 68
80 83
41 52
5 7
1 23
72 77
77 87
81 95
5 25
76 79
73 78
61 79
35 48
16 31
68 77
15 32
85 90
31 42
13 25
63 69
25 51
70 87
20 45
66 72
2 22
65 79
92 93
68 78
50 62
28 58
17 20
55 65
12 19
19 40
67 74
34 43
69 75
82 95
2 19
3 8
69 74
63 73
30 38
72 76
82 90
62 73
85 91
58 61
35 43
25 56
72 77
42 51
69 81
88 95
75 94
20 33
68 92
72 77
40 44
33 38
62 81
83 87
81 84
19 21
10 25
56 63
51 60
42 47
68 70
43 49
10 15
68 71
60 77
92 95
82 99
66 76
87 99
70 95
74 79
85 100
56 74
36 43
4 12
9 19
15 21
64 68
2 11
58 59
33 39
5 28
91 93
39 45
10 19
73 87
53 81
74 92
88 97
1 8
51 54
36 43
44 71
22 25
33 42
4 11
10 32
6 32
2 12
30 41
36 48
34 40
44 49
56 83
48 52
41 55
1 12
46 64
58 68
18 30
36 49
15 28
67 78
78 85
87 99
78 80
63 68
77 79
24 44
45 53
52 65
76 78
44 50
29 36
25 34
74 78
75 84
72 87
36 43
39 63
52 62
32 37
13 17
32 41
62 75
10 25
18 31
70 78
48 57
92 99
25 72
42 61
17 25
49 88
74 80
41 47
37 49
35 41
42 47
38 47
22 39
51 56
34 39
89 97
74 92
3 15
54 65
70 83
44 59
81 93
48 64
7 10
43 54
79 96
31 36
12 16
36 60
17 22
41 49
26 30
58 67
62 63
77 86
18 24
30 36
54 69
16 19
38 51
7 11
36 39
73 82
3 19
29 57
8 23
76 87
18 22
4 5
37 52
24 37
49 56
50 59
33 40
23 34
74 85
17 27
17 30
68 83
87 100
12 18
67 75
1 14
53 74
51 71
70 90
38 42
50 70
29 56
71 88
30 36
77 80
22 31
36 50
3 12
56 75
25 28
23 34
29 34
16 19
62 85
20 37
3 9
82 85
77 90
30 41
7 18
79 91
56 64
13 43
12 21
20 24
42 54
43 66
92 100
85 92
62 66
47 53
64 77
10 16
63 72
2 8
35 63
79 82
39 67
73 81
66 95
26 46
77 78
5 22
82 89
62 70
32 89
60 66
24 35
54 58
86 91
70 78
16 18
39 49
31 42
20 29
6 11
69 88
47 50
68 92
33 41
38 61
14 19
33 36
30 35
43 55
71 83
31 45
42 64
44 47
55 62
50 61
12 17
30 42
24 32
74 99
42 67
33 61
87 91
25 37
1 8
72 92
50 59
2 10
84 98
75 80
11 22
88 95
69 76
11 21
59 96
71 81
7 17
26 35
9 16
77 99
20 74
54 62
34 43
12 20
15 18
61 65
81 84
56 69
73 77
30 37
8 11
29 45
51 64
44 54
73 86
52 66
39 46
76 85
51 62
11 16
35 40
54 64
71 79
27 29
63 76
93 97
65 94
29 47
10 17
95 100
81 92
22 43
16 23
68 73
10 15
26 33
93 99
3 13
57 60
58 75
62 64
49 55
49 60
30 38
2 10
34 71
19 28
1 26
80 90
41 51
32 54
11 42
11 36
27 33
83 88
43 45
38 39
51 56
91 96
51 58
18 29
37 45
44 47
72 83
49 54
37 43
48 54
48 53
60 71
68 77
12 16
38 50
79 98
2 18
22 32
19 23
10 73
1 12
69 74
44 47
37 40
36 44
93 98
76 83
10 14
28 37
34 37
18 23
12 23
61 65
30 39
4 12
72 83
42 59
66 81
2 6
63 68
60 71
55 59
34 58
91 99
5 27
73 77
39 47
55 60
65 77
75 79
13 19
17 29
41 46
55 80
45 47
79 84
5 23
78 83
1 3
67 87
69 78
1 7
67 70
6 28
5 18
80 85
39 57
81 92
29 38
18 29
65 72
43 50
93 96
83 94
21 33
16 21
46 51
3 26
76 81
52 67
46 57
10 22
1 7
4 6
91 98
94 100
56 72
22 29
78 96
73 85
20 32
15 42
43 51
9 12
30 39
69 74
82 86
25 30
53 64
89 98
43 53
28 35
46 51
54 67
32 43
56 69
1 7
57 64
22 25
65 73
65 75
43 59
78 88
49 53
85 90
33 36
59 66
25 33
31 34
45 55
47 58
33 38
57 73
35 43
20 25
55 61
26 33
18 47
35 45
9 21
46 50
13 27
79 85
83 89
10 18
13 17
77 88
15 23
42 46
7 14
31 51
33 51
76 91
2 26
49 63
24 27
9 16
88 91
58 65
3 12
32 35
88 93
35 40
65 75
85 94
91 93
38 45
75 81
84 88
37 41
27 38
41 56
87 91
92 99
49 69
20 32
64 82
22 26
14 25
59 64
22 67
42 46
35 59
34 47
32 46
48 53
41 52
1 14
87 94
57 61
55 59
20 26
71 80
66 76
37 46
16 35
4 12
38 44
86 95
15 22
38 45
2 18
27 29
49 60
17 32
9 24
79 85
56 73
94 98
48 52
26 50
30 36
34 37
63 68
58 76
49 53
61 67
85 97
92 99
25 52
19 35
39 44
26 35
68 78
7 21
61 67
71 97
69 73
17 27
43 47
47 60
25 42
76 96
17 20
48 52
73 82
68 72
25 39
59 65
2 10
78 90
89 100
67 73
93 97
42 43
5 16
8 32
56 65
25 29
28 31
63 89
16 45
64 75
50 58
1 16
11 22
53 60
3 15
81 86
3 19
86 92
86 90
89 96
66 71
65 97
78 86
20 38
33 36
74 89
18 28
72 89
18 53
85 99
27 46
1 16
2 5
44 51
74 86
29 32
26 31
55 70
12 31
68 72
50 77
82 97
78 81
42 56
85 96
5 15
77 89
89 93
11 14
29 34
88 99
18 27
31 35
3 17
34 45
74 81
22 57
78 90
15 22
74 83
22 33
78 84
38 44
85 91
78 85
58 63
34 52
74 81
39 55
73 80
77 81
43 54
8 34
38 70
67 96
31 41
42 59
46 50
66 69
2 7
7 8
42 69
89 96
6 10
21 37
37 47
45 50
46 70
31 41
3 29
93 97
87 91
14 20
53 64
25 34
52 63
58 81
59 65
20 34
62 70
77 85
47 53
28 43
16 17
74 76
62 88
39 43
19 33
19 62
51 68
40 56
22 50
69 77
33 49
71 78
72 81
66 70
14 26
41 68
3 10
4 8
86 96
94 99
68 91
92 97
44 57
91 95
69 78
64 76
77 92
4 12
58 63
26 44
44 56
32 52
53 60
2 10
57 66
12 28
33 56
50 68
84 89
10 23
8 25
24 29
79 85
40 50
27 62
9 14
48 55
36 69
90 94
74 84
11 19
88 97
8 12
12 38
52 59
19 37
37 40
89 93
77 87
43 46
67 71
62 71
59 61
12 26
54 68
21 31
40 45
93 99
18 24
50 71
13 21
89 92
69 76
34 45
49 54
77 86
38 61
69 76
65 76
84 91
73 78
1 18
41 59
1 14
21 31
53 61
52 57
48 52
37 40
59 71
71 76
16 24
50 53
60 68
37 43
3 17
20 26
66 73
60 70
67 72
1 14
1 9
70 78
8 16
43 46
1 14
85 99
79 88
56 63
54 61
49 54
49 50
24 36
13 21
2 29
39 67
31 49
45 54
60 73
13 17
49 78
83 90
85 91
26 36
72 75
32 38
60 71
47 51
20 35
77 81
16 22
30 39
45 58
79 92
28 47
34 37
14 27
55 61
62 78
13 20
81 97
35 43
46 49
7 13
44 71
77 82
54 67
8 12
16 57
69 83
82 92
56 58
19 27
81 86
9 17
3 32
19 36
25 29
66 90
57 78
67 73
46 59
61 75
35 61
96 100
48 80
25 32
39 58
31 64
38 45
91 97
52 80
50 74
23 37
15 26
68 73
12 15
41 44
50 56
56 68
71 79
5 16
15 35
77 83
46 57
6 15
81 88
53 64
40 45
84 94
49 52
34 50
87 97
8 17
89 91
33 37
1 22
34 50
36 42
24 37
44 55
11 18
50 69
27 49
61 84
30 43
84 96
10 14
46 56
76 85
14 38
24 34
50 54
36 61
58 67
86 93
20 38
13 22
78 84
38 45
66 87
77 84
53 60
3 7
15 22
25 34
70 79
1 4
56 61
34 49
83 87
22 29
62 74
27 42
71 80
61 70
54 58
4 11
69 74
91 96
34 40
19 29
41 50
62 67
10 32
80 94
84 100
9 25
49 61
55 68
58 64
30 48
11 20
84 87
6 12
4 14
67 73
58 72
63 74
54 63
30 46
58 76
22 30
18 22
4 13
78 80
62 78
78 96
83 93
86 93
20 34
23 25
3 10
30 36
45 55
3 10
90 98
47 77
35 39
61 64
10 17
20 34
70 81
41 55
44 50
57 63
34 39
11 21
8 30
30 41
47 53
73 89
46 49
4 13
8 15
54 62
77 82
53 64
29 37
26 43
71 79
82 87
18 27
34 37
86 93
20 27
10 53
60 62
79 95
7 21
54 66
20 54
34 48
92 98
88 95
57 78
31 37
28 38
88 96
61 66
46 58
79 96
19 33
57 65
46 55
19 29
81 94
43 64
44 54
29 37
19 27
28 43
50 70
13 51
39 55
51 76
48 58
16 45
80 88
84 91
13 16
14 24
10 12
55 72
24 42
62 64
15 19
85 91
96 99
57 62
72 93
45 56
27 32
52 60
29 32
71 86
56 61
87 92
33 36
2 19
68 81
87 97
76 85
65 75
25 31
38 51
33 43
7 11
74 82
80 86
34 41
65 79
58 65
94 100
69 75
1 11
76 81
27 44
46 89
26 29
15 17
59 69
26 44
11 18
59 77
26 41
64 71
33 51
1 12
14 44
46 50
24 37
63 73
45 59
72 78
79 84
40 53
14 21
10 33
37 53
57 70
48 67
52 57
16 23
42 55
25 27
74 95
66 71
64 70
38 43
81 88
38 39
57 73
21 34
34 47
34 44
76 84
65 71
14 18
87 93
43 54
61 65
27 32
83 98
89 97
33 37
58 75
86 96
7 17
85 90
52 59
3 9
52 61
23 27
7 16
33 43
27 37
23 38
42 48
79 87
78 92
3 18
75 79
81 97
35 51
42 58
47 60
45 55
13 24
35 55
34 36
49 70
5 33
44 56
83 91
17 22
21 32
39 51
34 39
11 17
49 60
7 17
39 43
10 21
1 12
54 62
60 65
10 27
71 88
52 64
24 31
78 80
6 25
52 54
2 5
9 24
8 10
80 85
67 77
69 77
56 68
86 98
30 40
82 88
92 96
54 69
43 50
31 51
22 32
37 41
4 24
59 63
45 66
56 66
24 36
37 49
42 48
8 22
65 74
28 39
73 96
19 23
63 66
42 49
15 24
73 84
47 70
62 69
65 74
92 98
67 94
24 26
48 55
88 96
44 63
63 81
21 26
77 87
84 90
57 67
84 92
41 55
82 96
79 83
55 64
15 31
84 91
12 21
53 99
16 38
45 52
89 99
51 61
27 34
34 42
55 59
48 63
48 61
55 59
39 57
28 34
51 61
70 79
95 98
4 9
37 58
30 52
35 46
43 53
6 13
62 68
77 83
17 23
81 98
60 63
20 28
40 63
65 66
68 74
74 81
81 92
83 93
22 29
70 93
2 32
10 16
64 72
81 90
57 63
83 93
81 95
64 81
41 63
15 29
30 43
37 42
49 63
34 39
10 14
39 43
50 60
35 54
35 53
25 38
85 96
51 72
77 88
83 91
57 72
75 83
73 83
75 89
81 95
41 51
69 76
83 94
49 56
52 59
43 67
45 69
31 39
63 84
18 35
58 62
73 93
5 28
40 46
81 92
67 75
26 36
50 75
17 23
23 24
44 48
54 57
11 17
14 21
94 100
30 37
66 79
50 52
48 52
57 67
23 38
4 19
39 52
9 19
59 71
32 48
55 78
75 85
29 33
16 22
82 88
38 48
61 65
12 29
2 16
37 43
33 36
63 86
79 86
78 85
90 93
42 48
72 80
15 41
36 42
71 74
4 7
69 82
64 76
23 54
37 46
85 91
69 75
25 39
27 37
14 25
68 88
44 48
6 15
97 98
50 55
26 28
43 44
29 43
27 37
55 63
47 62
24 31
10 13
84 92
46 53
62 66
33 46
22 35
55 62
24 30
34 43
7 18
54 62
17 22
75 93
58 70
20 54
69 99
41 50
5 15
18 38
39 59
7 11
6 17
19 30
37 40
4 12
8 20
18 25
36 48
39 51
9 19
73 100
3 12
2 19
69 76
59 71
45 51
81 92
21 34
23 39
84 90
63 73
78 89
43 53
91 97
57 62
68 80
67 69
69 76
41 64
14 24
44 49
81 95
27 39
4 12
38 42
64 71
9 11
51 57
36 50
87 99
97 99
10 18
42 46
28 37
9 16
83 86
14 22
53 72
45 56
95 100
62 70
66 71
32 35
33 39
47 62
84 96
94 97
24 35
42 44
76 85
12 18
34 41
41 46
6 11
71 78
62 69
24 31
51 83
19 38
40 47
15 23
68 91
71 80
57 64
16 36
57 59
56 73
47 52
9 24
20 30
54 61
31 34
86 94
63 69
51 60
65 85
37 57
46 64
95 99
26 42
20 32
9 14
50 62
67 83
61 74
3 7
6 12
28 46
14 19
77 88
7 13
29 45
52 59
54 81
26 40
83 98
30 38
19 21
51 64
79 83
73 80
80 84
76 93
79 90
6 21
70 78
63 86
70 86
12 20
44 56
43 52
96 100
21 28
65 73
79 88
44 61
85 88
38 53
65 85
76 81
76 92
34 42
68 78
54 63
82 90
32 40
4 10
10 13
59 65
75 100
7 16
3 9
27 37
81 88
16 25
70 78
76 83
15 27
91 96
17 22
3 12
58 67
44 61
58 82
51 67
64 69
5 12
7 28
41 49
57 65
93 100
68 71
3 36
66 70
59 74
6 9
13 24
57 63
32 46
71 81
72 77
59 65
73 85
53 75
64 78
55 87
94 98
40 54
4 12
58 87
82 92
46 92
85 96
88 92
42 49
31 35
9 16
89 98
77 92
16 22
50 57
17 26
67 92
69 72
62 69
11 15
8 10
26 51
11 25
19 32
20 29
61 70
23 42
32 41
88 90
84 90
38 47
89 92
71 78
4 14
21 22
5 30
16 28
22 28
35 47
79 100
82 100
56 66
87 91
26 37
94 100
83 96
63 74
9 25
67 68
57 63
56 65
44 61
9 13
52 64
3 14
17 31
3 51
11 22
53 65
47 55
76 86
94 98
8 16
56 62
30 38
17 24
59 69
13 17
16 23
9 19
7 18
50 58
2 10
81 89
53 64
66 77
71 82
69 82
43 49
28 71
19 25
65 68
61 63
4 25
2 5
13 35
40 51
58 65
19 24
68 74
18 23
30 39
48 51
63 84
26 49
72 82
52 59
69 75
6 24
38 58
5 32
41 47
79 95
10 21
83 89
18 25
54 72
81 99
56 75
20 31
66 72
12 33
4 40
10 15
66 70
41 51
81 92
50 57
19 33
29 38
1 9
15 25
74 98
78 81
43 51
24 28
57 61
48 65
31 41
28 35
81 89
49 66
44 66
93 98
81 83
28 39
12 19
9 14
65 77
6 10
31 42
10 17
46 56
51 60
90 100
1 17
81 86
44 64
48 66
31 36
38 45
74 86
21 28
54 70
30 39
10 35
4 66
26 46
72 78
44 67
97 100
80 95
3 21
9 24
30 37
45 53
39 51
27 31
5 8
31 38
72 77
5 16
42 54
76 88
22 29
14 33
38 43
27 42
49 84
47 61
33 43
77 81
46 66
29 43
54 56
5 21
28 44
21 43
61 73
78 91
14 20
41 46
84 90
65 71
8 12
18 29
56 63
69 73
74 87
9 20
27 34
59 70
78 84
55 61
43 48
13 23
13 15
20 36
72 83
50 63
13 22
49 53
55 77
62 71
45 56
58 65
45 69
5 8
7 34
80 88
96 98
62 67
35 36
79 88
78 84
57 61
71 75
30 33
53 56
72 83
38 56
64 78
68 81
72 89
65 70
46 49
2 14
65 71
53 68
74 86
4 25
13 22
4 10
88 93
87 96
6 24
22 31
3 9
76 80
10 36
19 24
2 11
92 97
83 99
36 39
43 54
4 17
40 45
21 27
16 27
50 54
47 71
52 59
8 21
35 41
54 59
91 95
24 42
61 69
43 50
59 80
51 69
4 32
54 63
66 71
40 51
35 57
62 73
58 78
7 35
40 48
4 8
26 38
3 14
54 74
86 93
73 77
93 100
63 79
27 46
32 35
61 67
43 50
43 50
51 63
87 96
85 93
19 23
77 86
91 95
64 69
55 62
64 70
59 62
4 15
69 73
49 68
25 35
45 58
42 50
66 74
2 6
80 92
10 24
20 33
4 17
52 64
72 83
25 28
71 86
64 79
84 90
51 59
33 52
87 95
44 54
24 31
30 36
67 73
72 74
46 52
68 74
61 76
56 72
47 61
5 14
22 25
88 99
42 51
15 23
80 85
10 21
14 22
39 43
71 78
88 99
57 74
65 70
7 20
54 59
62 78
65 80
18 31
68 76
59 69
64 69
64 73
44 79
64 74
29 34
3 19
25 46
5 12
15 20
57 82
82 96
2 18
8 13
75 85
25 31
20 50
71 76
67 76
31 39
49 70
82 90
13 21
87 93
17 34
90 100
59 72
46 97
47 57
63 68
56 62
66 71
17 19
52 65
38 50
11 20
71 87
48 55
67 73
25 46
61 69
25 43
44 75
64 81
70 76
12 21
53 56
58 69
3 5
56 62
45 51
21 45
59 68
45 65
64 77
43 49
65 68
37 40
48 58
28 35
83 93
48 52
11 23
34 41
32 57
81 88
8 15
61 66
47 60
68 88
93 97
33 49
28 32
36 44
34 44
38 44
88 97
91 99
77 80
24 41
3 17
38 63
10 21
14 17
38 47
41 74
25 34
83 91
5 19
57 73
46 51
71 77
11 30
56 58
18 37
20 27
21 27
23 31
56 63
68 71
3 5
51 63
40 46
89 92
16 27
12 20
39 47
10 17
67 72
20 27
15 22
22 44
18 31
60 70
38 47
66 72
48 57
15 34
3 15
83 91
15 24
38 55
34 49
68 71
44 55
78 85
65 69
65 71
9 12
78 89
14 40
41 52
61 72
65 75
21 35
59 68
50 53
26 36
64 68
2 16
7 28
93 100
18 29
72 82
91 100
82 91
14 48
12 39
29 43
24 30
40 46
10 16
73 79
28 37
80 92
52 63
8 17
66 86
60 68
67 77
36 49
32 44
45 54
48 58
6 13
20 28
44 47
84 92
20 45
9 20
54 62
51 65
58 67
21 26
52 55
64 80
22 37
25 32
86 95
56 70
5 26
22 32
26 41
31 43
18 24
90 98
73 87
98 100
6 13
30 69
75 84
80 95
18 39
67 69
15 40
33 37
87 94
32 47
58 74
80 88
1 13
71 74
49 64
80 87
93 97
37 43
53 63
6 12
34 38
87 94
18 29
30 35
83 92
11 20
74 91
70 83
89 98
74 81
25 28
79 99
66 70
13 35
25 46
85 94
69 77
70 85
85 97
77 88
33 44
24 27
9 23
17 24
40 46
86 96
75 78
6 10
87 91
82 84
79 81
66 94
31 48
42 54
42 45
75 83
67 75
63 67
9 18
83 91
30 51
72 81
67 74
36 54
76 80
85 87
27 38
37 49
44 50
55 67
82 89
65 73
83 89
92 98
71 88
74 77
73 82
60 78
66 69
23 30
31 56
3 16
86 92
32 50
66 76
5 24
67 85
32 43
72 80
15 26
26 34
16 19
53 60
37 47
28 39
91 95
57 63
36 41
17 26
26 35
68 77
42 55
27 57
4 10
92 99
58 76
60 63
37 44
76 88
57 61
65 75
88 93
83 99
52 63
18 23
21 33
10 17
59 96
47 61
64 84
55 86
13 28
42 61
39 73
67 79
25 28
62 78
54 99
72 79
92 95
59 62
17 41
29 33
12 22
35 44
34 39
30 43
14 21
86 94
78 90
32 45
40 50
76 92
82 87
30 43
20 26
27 38
53 57
66 96
72 78
1 12
74 84
41 58
75 85
45 58
21 32
72 81
67 87
15 47
49 54
71 75
45 56
31 37
63 84
49 73
65 72
95 97
45 60
65 93
3 10
54 65
79 90
80 94
61 67
93 99
46 61
9 14
87 95
27 36
52 73
53 73
30 35
4 9
41 47
88 97
22 30
46 76
56 63
19 34
70 83
42 47
87 100
12 18
71 80
48 55
1 21
48 54
31 45
5 25
40 47
10 25
58 75
29 45
23 28
31 43
19 30
23 29
42 70
5 19
70 85
42 49
56 67
56 62
92 99
90 94
32 42
40 49
25 30
69 75
41 52
29 61
55 76
18 29
45 64
79 82
40 48
32 47
85 90
82 91
12 21
30 45
35 74
48 65
44 49
55 60
89 92
45 51
13 22
80 86
63 71
35 57
15 25
72 81
37 41
2 19
25 39
75 87
63 77
79 83
51 84
38 42
71 94
67 69
39 47
49 54
54 81
7 22
9 12
55 84
90 99
75 78
65 76
85 93
16 25
8 12
70 78
30 39
65 68
31 33
93 95
45 53
52 61
8 15
79 83
72 80
17 29
65 71
70 74
36 45
50 58
45 55
24 48
42 56
92 100
6 23
92 99
41 50
25 44
79 91
9 17
55 61
62 100
66 81
73 75
63 89
46 54
14 42
78 86
62 69
66 82
62 75
6 12
60 67
80 83
21 31
30 37
65 77
49 54
63 66
67 71
81 89
21 29
70 82
23 27
63 82
51 68
9 18
76 83
87 93
16 25
57 65
67 69
52 98
35 45
19 28
91 97
9 14
14 16
28 43
58 62
49 51
20 23
76 90
61 70
10 23
93 97
9 24
46 49
29 34
13 25
93 100
32 45
72 81
56 70
72 80
63 67
32 47
41 43
78 81
49 59
8 23
9 14
69 85
74 83
60 62
1 17
20 43
40 52
30 37
27 41
14 24
29 42
82 91
69 88
18 32
16 22
50 54
19 21
50 54
38 55
50 60
16 23
9 31
1 20
33 49
25 40
71 84
65 72
20 24
8 11
4 9
3 9
63 68
23 34
85 89
59 72
27 45
66 99
47 54
33 35
48 54
56 66
35 50
42 49
24 32
18 39
42 47
37 49
89 93
67 74
91 94
53 59
1 14
75 83
50 59
9 20
55 57
36 43
30 37
30 36
80 91
47 53
51 61
31 45
90 97
41 46
82 93
17 24
71 77
45 69
9 19
33 44
55 65
53 65
20 23
76 84
55 77
15 21
2 7
22 39
11 21
75 78
52 63
27 59
23 30
38 59
60 78
30 35
50 57
9 32
5 14
37 41
55 69
45 54
6 13
40 49
86 93
37 43
79 82
78 83
66 71
4 9
25 30
86 99
1 12
26 30
9 53
73 78
59 64
12 24
59 63
31 35
26 34
46 65
75 77
23 35
74 94
65 73
33 79
22 64
38 47
51 63
36 44
55 66
14 20
57 66
1 17
23 38
32 36
39 42
7 17
11 39
21 29
8 13
25 34
41 57
19 26
60 64
64 76
6 16
13 42
53 60
50 55
58 62
61 65
37 44
84 87
47 51
68 73
5 19
49 65
79 89
32 52
16 18
9 11
55 64
2 10
58 72
6 17
95 100
42 58
74 84
68 76
36 59
20 31
64 73
19 24
37 58
67 75
93 98
16 21
7 11
28 47
58 65
72 80
79 90
79 87
31 38
88 95
24 37
60 65
80 85
28 38
65 81
58 67
14 20
17 23
71 87
36 54
46 55
56 72
59 71
14 19
67 78
43 48
88 94
71 97
73 94
59 64
31 36
9 17
18 21
11 41
31 38
90 94
11 17
1 3
93 100
5 17
24 53
36 46
84 99
58 64
46 68
59 67
50 75
27 43
39 45
22 25
17 22
63 72
21 25
68 83
62 77
49 55
49 54
53 62
20 30
39 43
35 41
64 82
18 24
28 33
6 19
17 45
17 34
36 55
58 66
2 7
75 78
59 90
53 57
22 33
35 38
23 38
52 59
17 23
51 59
3 11
72 82
75 78
21 46
75 80
56 61
87 92
70 72
61 65
30 35
2 13
9 15
2 6
58 63
81 90
48 61
40 42
45 50
31 40
54 63
32 36
55 76
15 17
91 100
25 30
69 86
51 58
38 68
53 60
65 73
14 19
36 57
41 56
20 32
31 39
31 42
52 57
69 76
75 96
11 20
51 60
96 100
30 42
7 11
44 52
45 49
7 10
7 11
59 81
66 72
81 93
25 28
7 30
41 43
57 76
16 27
62 69
34 64
22 27
38 52
73 85
33 49
40 55
78 84
62 70
49 60
35 56
2 4
31 56
70 74
38 42
43 51
13 30
56 62
75 82
51 54
93 100
66 84
38 48
36 47
39 52
68 98
2 28
75 79
15 23
23 43
2 15
77 92
33 43
41 47
53 65
2 11
11 25
6 21
23 32
40 44
9 17
64 68
49 65
40 43
84 93
67 75
76 81
16 25
60 68
47 60
28 45
86 94
83 89
49 54
57 92
59 71
7 12
59 62
20 35
26 30
63 74
16 29
5 13
15 35
16 36
32 38
93 97
60 62
78 83
28 39
39 42
51 64
45 58
31 32
50 53
21 27
40 69
10 14
11 61
59 64
43 54
77 82
60 82
9 23
33 40
31 35
4 10
23 34
22 25
1 5
71 74
23 37
86 94
20 23
21 30
77 99
73 93
78 92
67 73
70 76
27 36
32 38
54 65
62 71
69 82
10 20
42 57
87 100
12 25
53 68
78 89
48 58
77 84
69 82
36 42
76 99
62 74
92 94
29 37
50 54
59 97
69 82
70 78
13 19
81 86
19 26
50 57
2 6
8 16
79 87
36 44
27 79
4 7
85 96
42 57
11 15
40 49
41 57
43 48
25 37
48 56
41 48
77 84
70 90
24 27
49 83
73 83
23 33
67 71
42 60
80 89
26 41
54 64
52 64
64 75
40 48
61 72
90 97
66 70
16 25
61 71
28 41
97 100
73 80
21 32
41 50
40 42
33 39
32 57
64 74
33 40
56 62
76 92
90 94
36 46
15 21
39 53
84 93
63 73
23 26
56 61
89 99
43 46
34 44
14 18
20 27
1 14
30 33
81 86
19 32
55 73
32 39
18 31
68 70
57 81
16 25
68 71
9 23
34 43
74 90
50 53
17 22
50 62
36 55
58 65
54 60
5 8
72 78
59 63
71 77
23 48
32 50
4 6
11 18
19 26
28 70
4 18
32 43
67 76
68 73
54 63
30 36
42 47
7 11
46 54
34 53
5 23
40 50
23 38
5 12
50 62
19 30
75 88
26 34
12 21
23 27
85 88
58 64
72 81
10 26
60 73
50 56
36 41
24 31
1 13
74 90
10 12
77 82
29 45
68 77
1 13
9 14
68 82
54 70
11 19
1 10
77 79
85 98
90 96
83 95
50 55
60 64
53 58
8 13
4 10
28 34
46 59
83 86
1 6
1 8
37 53
64 67
13 37
36 39
9 19
15 28
39 50
85 92
61 66
38 41
24 34
75 84
50 59
31 44
13 26
25 33
35 38
1 6
46 58
61 70
9 14
6 17
59 74
77 80
36 42
18 24
67 82
57 65
7 11
45 59
46 57
23 33
43 47
75 89
47 49
55 78
81 86
72 95
13 19
62 68
2 8
11 19
79 85
75 80
3 15
35 48
84 91
32 38
67 72
27 41
2 16
25 32
89 97
48 77
47 54
57 69
80 88
23 57
3 13
3 9
92 95
29 62
76 92
84 94
62 78
22 26
77 82
35 48
67 74
1 6
59 67
40 53
12 18
75 87
23 38
84 94
17 21
63 70
66 76
38 50
95 96
56 61
38 50
38 50
27 46
27 34
4 12
94 98
71 95
45 53
73 78
83 86
51 66
26 33
63 96
40 44
27 50
37 81
5 10
38 40
34 48
10 18
25 34
95 99
26 42
8 28
43 47
80 83
39 46
68 76
45 58
5 17
93 99
85 91
44 59
22 65
23 34
7 9
26 33
69 90
20 44
33 44
27 51
11 21
65 75
88 94
58 76
73 84
1 6
31 37
23 38
55 67
14 26
10 19
86 90
24 41
38 49
42 46
36 71
44 47
40 49
56 66
46 56
4 9
12 19
67 72
20 37
26 40
17 27
52 65
85 97
69 86
16 24
76 80
33 44
48 77
79 82
30 38
14 27
4 9
50 63
38 48
89 100
42 57
10 21
34 41
58 64
27 37
18 31
29 45
58 67
88 92
31 32
49 55
59 72
16 35
79 88
61 73
74 98
35 42
12 28
58 62
27 42
83 94
81 89
3 25
6 12
92 97
48 57
75 80
64 74
70 86
43 53
19 34
24 28
47 52
58 73
84 94
55 60
64 84
61 79
16 33
75 78
54 63
58 72
65 85
51 56
31 45
20 28
66 71
3 18
91 95
90 97
57 64
90 97
66 74
55 62
72 74
10 20
59 66
65 69
14 24
44 56
57 71
53 86
29 31
5 65
66 70
25 37
50 55
59 65
46 58
12 30
47 49
32 45
54 64
10 15
84 92
70 82
28 40
23 35
16 24
79 94
49 60
64 69
25 29
4 15
37 44
40 55
6 11
18 32
7 12
54 62
88 91
9 21
34 42
24 32
12 23
14 54
45 49
18 45
46 56
72 81
85 98
25 37
4 18
17 30
2 10
79 87
49 55
6 13
68 76
35 87
15 30
50 61
56 60
82 89
90 92
55 72
2 13
26 35
1 5
80 96
39 51
18 30
58 71
37 46
52 61
59 79
61 84
29 41
62 73
20 28
71 97
11 29
38 46
85 94
77 93
53 59
89 95
85 94
43 53
88 92
10 23
36 43
68 74
14 27
76 92
35 50
14 24
55 62
65 76
86 94
61 78
77 79
74 82
53 63
62 65
44 75
57 59
67 80
57 75
38 44
75 84
46 65
26 60
7 17
8 11
26 56
15 16
15 27
11 15
36 73
69 80
87 93
3 18
34 43
79 87
33 36
53 55
22 29
26 37
8 22
9 20
18 30
89 97
61 72
77 92
59 64
64 73
31 39
54 71
64 73
3 17
54 65
36 50
69 86
78 98
19 31
11 14
33 56
50 94
33 40
92 99
2 11
57 67
26 41
61 69
34 39
56 81
54 70
25 35
39 46
60 72
28 39
41 49
56 68
30 34
50 61
49 61
28 39
59 63
56 74
80 92
49 67
5 19
13 30
90 99
38 54
90 99
89 94
70 98
72 84
71 82
24 26
95 100
4 19
31 38
52 65
19 37
73 88
93 96
76 81
75 86
14 18
65 84
32 40
55 74
82 88
84 89
39 51
19 36
52 81
25 33
55 57
44 55
57 92
6 23
35 51
77 91
28 30
67 92
13 35
25 30
15 43
54 61
28 35
37 53
23 47
49 57
64 68
13 27
33 46
72 79
72 78
69 78
58 61
86 96
41 64
88 99
83 91
29 37
10 15
89 95
57 61
10 16
35 46
62 68
91 98
66 75
88 100
12 15
83 96
54 75
18 22
27 39
81 85
11 17
11 18
24 31
50 54
23 36
60 72
79 95
17 21
6 19
27 36
73 78
50 65
52 80
11 16
85 87
43 60
55 62
22 38
4 25
49 61
84 93
93 100
79 85
62 67
52 62
46 54
30 34
15 21
20 32
70 74
85 93
62 71
30 34
33 40
82 86
32 35
83 87
30 46
62 66
14 19
81 90
80 88
42 48
32 36
62 77
80 86
62 82
88 91
4 9
82 91
45 55
35 46
79 93
9 22
24 33
3 6
89 97
85 98
36 65
8 36
12 21
68 70
64 76
7 16
17 38
37 48
1 12
9 17
25 37
33 42
3 23
77 88
55 58
73 78
10 45
35 42
9 20
43 47
62 74
35 39
12 22
50 56
60 67
49 57
63 77
65 67
3 22
47 55
29 46
63 68
16 20
73 94
28 34
9 19
26 39
51 67
20 23
38 47
10 19
46 59
76 83
18 34
11 22
91 97
82 92
23 25
12 22
4 13
24 36
37 79
37 53
13 26
43 70
91 99
26 39
69 78
45 56
82 90
5 20
11 18
2 23
37 44
79 88
77 98
86 93
46 67
31 41
29 37
48 76
32 39
68 93
61 70
25 27
52 57
50 51
89 99
65 73
18 29
47 58
29 38
55 73
52 67
20 26
62 68
77 85
25 50
81 86
13 44
70 77
48 57
55 65
21 41
65 90
46 82
1 22
80 86
83 91
52 62
25 32
82 92
41 47
11 14
40 44
17 25
27 40
3 11
81 89
61 81
16 28
5 12
8 17
28 34
75 87
76 82
78 81
68 86
25 30
55 69
52 58
45 56
14 25
92 96
20 25
82 85
69 77
27 31
80 99
46 49
27 43
47 56
67 77
6 19
20 22
52 55
44 54
48 61
62 68
13 18
43 57
50 53
41 56
27 61
12 15
88 93
88 94
48 53
63 65
81 93
38 53
86 97
74 86
11 19
17 24
19 23
5 6
39 50
86 90
16 32
15 29
22 34
24 39
47 54
57 66
51 64
62 65
50 53
5 22
68 81
53 63
12 47
69 90
9 13
1 8
25 37
22 51
28 37
40 57
39 56
77 82
8 12
58 64
34 58
77 86
56 65
39 70
5 9
27 30
17 22
38 52
91 100
13 18
82 88
52 77
35 47
57 70
79 81
58 78
29 42
54 63
49 64
36 43
18 25
72 79
28 42
51 67
87 94
4 16
36 46
15 21
3 16
40 46
55 63
5 15
21 25
56 69
2 13
33 56
63 70
47 59
64 78
23 32
87 100
51 54
67 88
15 38
21 31
47 54
17 26
17 20
15 20
39 51
8 21
83 90
66 70
53 63
10 24
39 50
15 17
14 30
53 65
17 35
68 80
30 39
3 8
73 86
7 17
78 90
68 71
71 77
34 53
15 23
36 41
23 39
84 90
6 9
23 32
23 29
82 87
14 21
4 31
12 14
52 60
9 21
39 55
82 99
67 75
5 22
46 50
62 69
24 33
61 68
42 46
80 83
1 25
48 54
72 76
4 11
82 86
35 48
75 80
52 59
64 73
71 85
67 75
16 38
15 31
58 63
13 20
35 39
16 23
46 78
11 21
75 81
75 88
28 48
86 96
2 9
80 86
55 66
31 42
5 18
30 38
60 67
92 95
83 87
58 68
69 77
5 14
21 25
81 88
12 42
90 99
44 51
7 10
5 11
26 34
49 56
41 53
6 14
52 61
26 35
78 95
56 63
46 64
9 21
25 34
55 58
68 84
28 36
68 79
3 24
26 35
54 63
43 55
45 65
31 36
71 87
40 51
76 84
32 60
35 39
29 37
8 20
53 57
90 100
8 33
48 52
29 50
12 22
62 74
19 27
21 28
82 89
38 47
82 88
68 83
63 79
48 61
84 100
2 7
16 26
15 23
78 85
61 79
1 19
2 27
4 19
73 82
21 26
73 79
88 90
56 81
40 62
6 10
22 26
59 64
61 70
91 96
63 70
10 16
77 88
90 96
23 25
30 32
82 86
53 56
41 59
53 58
26 43
9 33
49 57
25 42
6 19
84 93
69 70
22 29
3 13
86 88
34 41
71 90
79 85
7 19
13 19
58 86
10 15
57 63
29 43
23 36
38 43
42 50
14 19
48 61
37 58
83 93
63 69
13 16
60 70
89 93
10 24
9 24
14 27
3 7
82 96
88 93
3 17
2 8
16 33
58 71
49 57
32 44
56 60
4 27
78 95
21 30
43 52
23 35
51 58
88 94
16 21
44 55
71 80
52 76
10 18
39 52
70 79
83 85
74 96
11 22
75 89
52 64
84 91
12 22
57 65
6 15
28 37
4 19
85 95
57 75
17 26
22 31
58 76
89 98
21 43
31 45
59 69
68 76
63 71
7 25
53 64
42 57
77 90
79 87
40 43
9 13
62 70
17 27
71 77
86 93
24 33
26 56
7 15
5 11
52 61
37 42
65 78
4 20
17 25
5 9
11 17
14 24
62 69
2 15
47 54
50 57
67 77
2 10
37 44
23 28
31 37
17 23
65 77
9 33
10 14
45 59
83 92
66 73
35 79
47 53
18 24
81 89
11 19
29 47
83 91
13 19
73 78
6 31
31 58
86 96
50 100
31 52
5 11
90 100
55 66
40 46
52 72
57 59
3 13
2 6
1 9
69 78
5 15
5 15
10 13
58 84
43 64
49 60
7 25
20 58
25 44
72 84
2 13
66 92
6 11
51 62
2 6
11 28
62 83
80 91
24 32
57 65
50 75
80 85
61 78
45 48
54 66
32 36
7 20
39 56
76 83
50 63
34 63
62 78
56 79
33 41
80 88
42 52
33 70
65 69
38 42
28 41
39 51
22 38
52 60
75 80
2 13
22 42
31 35
25 35
42 51
77 82
66 91
69 71
7 16
9 13
66 84
69 97
80 98
25 28
24 30
93 100
85 94
11 35
4 17
16 22
18 24
40 47
6 23
18 36
43 52
13 36
79 86
41 50
93 98
82 86
75 84
77 87
71 96
24 30
19 22
35 41
67 91
18 25
36 49
2 34
1 9
41 53
11 26
43 53
14 32
30 38
12 19
1 19
33 47
49 61
61 69
9 25
21 30
36 68
27 35
29 52
34 41
7 13
84 89
30 37
24 34
37 46
44 56
34 53
8 19
67 91
33 43
79 96
77 81
53 66
75 76
72 83
23 31
82 96
62 77
9 14
67 78
4 16
30 35
53 84
51 58
13 23
39 44
67 75
20 30
84 94
56 77
52 54
39 46
19 49
57 81
41 50
79 99
66 78
77 82
21 48
42 45
70 79
28 54
24 31
73 78
35 38
16 27
87 99
35 44
1 16
29 54
6 25
85 93
69 89
31 44
44 55
75 83
97 99
39 41
19 23
54 58
22 37
72 79
80 82
42 69
36 41
87 95
70 72
14 20
51 78
18 44
71 84
26 31
91 99
76 82
10 33
44 59
48 60
51 61
26 33
54 64
53 60
24 29
17 31
36 51
50 69
9 12
11 31
46 49
52 64
50 61
14 20
79 98
62 66
23 31
31 41
50 52
47 53
19 22
14 20
47 65
63 64
77 86
4 43
13 24
13 19
15 19
22 25
19 30
78 84
44 60
30 34
65 91
86 90
47 62
64 67
2 12
48 52
21 28
85 93
25 31
32 38
14 42
92 100
42 50
87 94
34 41
58 73
79 89
44 57
9 19
29 36
85 99
11 35
17 25
86 89
42 57
12 16
60 71
80 90
59 64
48 54
44 54
51 59
7 17
87 92
10 29
13 17
24 31
60 68
37 54
34 43
76 82
70 78
21 24
23 32
83 85
57 76
60 66
21 29
42 54
80 85
15 34
47 55
16 27
3 10
59 81
71 87
27 38
89 92
85 94
42 55
15 28
35 38
80 96
65 72
51 69
1 21
56 58
8 12
42 48
58 72
8 27
13 18
48 53
18 35
6 21
48 52
92 95
11 21
9 13
82 86
17 23
14 16
6 20
75 83
85 98
69 81
46 62
74 79
52 100
67 92
58 86
37 50
30 33
24 32
9 13
92 96
48 54
50 61
68 71
30 39
69 75
2 10
11 37
67 73
82 90
62 70
83 98
6 31
31 45
1 6
40 52
41 49
49 84
43 51
23 29
59 67
70 82
43 52
71 91
41 50
52 63
15 20
59 70
52 65
82 93
8 10
45 55
70 79
7 12
23 39
71 85
82 92
59 60
16 24
80 96
29 32
26 32
31 40
57 68
83 88
8 19
1 11
64 77
12 25
69 81
32 45
88 96
78 84
33 42
68 73
24 28
73 79
79 91
38 48
30 39
67 70
3 19
72 75
82 90
55 66
31 47
43 47
85 96
51 84
46 64
49 54
66 71
11 20
52 60
18 22
8 18
14 19
46 59
80 83
10 18
23 30
68 84
65 70
42 53
60 69
66 82
80 86
10 19
31 71
50 53
79 85
56 66
94 98
37 49
76 80
36 68
60 71
56 62
2 10
86 99
19 30
47 67
37 41
22 38
38 45
80 83
34 44
65 71
47 58
12 32
91 95
85 93
67 72
4 15
78 81
58 74
45 49
2 15
34 39
64 65
34 38
57 66
16 19
44 48
71 88
77 93
9 19
2 17
44 53
68 80
61 75
92 97
4 8
40 47
23 50
81 88
27 28
7 12
62 83
80 90
25 28
34 42
20 25
4 15
47 54
64 75
74 79
20 23
43 63
67 85
42 63
48 52
3 16
16 21
48 51
36 52
39 53
18 22
82 88
50 62
42 52
93 100
48 67
20 37
6 12
44 54
67 75
46 57
11 27
12 14
60 72
27 40
24 30
62 78
33 38
60 67
46 60
13 14
68 81
49 59
11 20
13 21
41 54
52 54
11 17
10 17
83 91
92 93
24 31
83 91
30 35
36 48
47 62
26 52
46 56
24 76
4 7
75 88
32 41
54 72
43 57
11 18
78 95
13 20
79 86
38 55
72 80
63 100
11 23
4 10
48 58
81 86
71 86
62 74
93 100
38 46
80 87
45 56
42 54
70 73
19 33
24 40
41 52
62 81
81 87
2 7
81 93
26 32
79 85
38 48
46 56
52 68
9 21
34 43
91 99
70 78
79 93
83 89
91 95
75 94
22 31
19 23
86 100
42 49
48 55
76 92
63 69
14 23
30 37
46 49
60 66
25 36
69 77
22 27
11 24
23 43
23 28
83 89
73 78
7 13
54 61
50 61
85 94
88 92
71 92
75 79
3 19
30 41
80 89
82 86
26 55
80 88
11 20
84 95
91 99
37 46
74 84
53 57
89 93
92 99
85 92
30 38
9 17
3 18
53 58
28 32
31 38
22 28
7 25
77 82
31 39
69 83
33 41
44 55
15 35
17 25
7 30
8 11
78 84
63 70
58 72
32 48
4 16
45 58
47 55
75 87
89 95
48 54
4 28
8 9
55 61
56 65
51 73
87 93
40 49
31 33
83 84
30 59
40 47
22 28
24 45
79 82
37 39
23 68
68 73
33 46
20 57
88 97
54 58
72 82
67 70
49 55
22 44
32 43
60 67
26 68
22 55
32 51
1 13
28 43
73 89
75 82
23 27
70 76
75 90
37 61
43 49
81 89
24 39
5 17
10 23
70 83
63 67
10 14
66 73
75 83
14 24
48 56
86 94
33 70
8 15
70 77
65 74
87 96
59 67
73 79
12 24
64 79
33 40
58 68
19 29
14 34
62 67
27 51
22 36
75 82
53 65
43 50
24 25
14 22
50 80
45 50
85 95
5 13
76 87
82 93
27 31
41 76
31 35
81 94
75 79
3 10
20 33
80 90
61 69
12 33
28 32
73 84
33 44
26 64
66 74
16 30
28 39
8 24
14 25
26 40
14 18
80 100
29 35
72 86
54 67
58 59
31 38
7 18
56 61
30 38
72 94
33 40
12 18
80 93
39 41
22 50
38 61
37 45
53 65
35 39
74 78
20 36
14 29
65 74
85 96
29 30
42 55
70 78
47 51
46 50
63 82
14 18
54 56
76 88
19 38
90 92
79 91
19 23
71 80
24 31
31 37
54 64
31 32
19 22
93 99
24 30
19 23
17 26
29 41
5 14
19 23
39 68
74 81
13 25
57 65
54 68
65 72
6 16
22 37
38 42
38 47
18 29
41 46
50 71
1 14
32 38
53 69
81 95
47 52
12 20
55 67
80 88
54 71
77 82
50 57
76 86
64 71
15 22
16 22
17 26
38 48
7 10
73 84
47 54
12 22
89 93
82 90
40 63
75 88
96 98
59 63
72 82
58 69
60 68
64 84
91 96
72 80
64 79
80 86
96 100
15 20
42 45
30 48
49 62
80 85
54 60
11 16
97 99
36 48
9 19
17 18
61 70
83 95
74 89
6 16
8 18
3 24
64 80
81 87
33 41
30 46
69 81
79 82
65 77
15 29
76 94
54 58
65 72
5 16
32 36
43 50
83 92
64 67
17 25
36 45
80 86
14 25
36 51
27 46
20 35
14 18
9 16
2 10
57 62
25 37
40 43
66 72
34 43
62 76
56 68
24 41
69 81
11 15
40 70
21 35
44 52
38 53
7 22
27 42
54 62
45 58
37 44
45 49
41 83
65 69
7 30
91 99
59 70
47 57
81 85
62 70
39 50
62 80
32 39
60 74
50 63
7 19
27 37
85 97
8 23
69 87
79 84
72 87
18 28
71 80
31 44
59 62
29 34
20 27
84 94
6 9
71 80
24 37
39 44
19 35
78 84
5 27
79 94
50 55
61 66
11 19
91 98
53 77
36 44
54 60
28 40
3 27
33 37
13 22
25 29
29 44
85 90
46 54
15 18
87 94
73 85
87 95
51 59
88 97
1 20
26 38
63 70
42 48
36 42
4 13
68 72
6 12
17 23
66 75
61 70
82 89
29 38
41 58
13 27
34 38
14 18
32 42
29 40
77 94
13 31
25 28
18 23
35 62
56 65
12 18
22 34
57 72
57 72
58 66
52 59
27 35
38 47
58 85
12 25
67 84
10 24
72 78
17 20
58 63
48 53
29 47
4 10
17 30
12 19
20 33
72 76
82 86
68 73
77 83
9 18
15 28
67 84
76 100
87 97
15 18
36 60
2 21
79 95
72 79
11 43
76 80
40 45
1 24
49 67
1 7
42 45
30 44
93 97
77 91
40 57
80 85
91 94
46 57
35 40
3 10
18 31
81 91
85 96
57 66
20 23
34 41
38 40
5 12
48 54
50 60
47 59
81 96
93 98
10 23
53 60
54 59
1 20
35 46
87 95
85 89
34 44
85 93
54 72
59 65
90 97
89 93
38 52
71 76
23 34
23 45
15 25
89 98
30 35
28 32
19 27
39 59
39 42
79 84
9 14
34 41
80 82
61 85
80 89
33 44
2 9
77 84
67 82
68 80
74 78
26 33
89 94
12 29
18 36
87 98
6 17
87 98
67 72
48 60
15 49
18 28
49 60
54 63
80 98
8 24
47 60
25 34
14 21
76 99
55 59
43 51
55 65
24 40
2 16
51 71
57 59
23 30
28 34
3 11
28 36
31 37
20 28
90 95
74 82
92 99
96 98
63 68
46 55
66 78
67 75
34 40
83 91
34 60
48 53
37 44
36 51
47 52
81 86
33 47
44 51
58 67
24 46
23 29
74 85
61 68
15 42
58 65
75 81
27 51
56 79
87 94
7 29
65 75
56 63
69 73
40 52
20 49
15 23
59 74
49 55
38 42
23 38
78 90
10 17
3 7
10 15
84 92
64 74
24 28
88 94
8 10
14 20
40 61
6 21
52 58
69 72
58 80
38 45
57 62
73 87
82 86
43 56
74 80
16 31
81 99
8 10
86 93
45 61
13 17
3 12
74 78
74 93
69 86
74 83
27 39
10 56
73 90
92 96
62 80
3 14
3 15
90 93
52 61
5 15
12 28
51 57
10 13
85 98
68 73
7 29
79 85
79 91
26 42
36 41
79 88
60 64
2 7
9 15
30 33
48 59
44 59
75 80
24 30
7 40
71 82
61 72
72 78
80 93
47 57
26 30
18 31
47 56
67 69
5 12
36 47
43 56
44 53
80 87
45 49
61 75
51 57
46 54
17 27
26 39
70 72
3 8
30 45
31 43
71 96
35 44
2 10
6 13
12 25
85 96
30 32
53 66
58 66
56 64
14 23
38 75
81 85
25 34
51 58
83 89
64 80
57 74
31 42
84 99
88 92
64 79
9 15
80 83
21 23
11 28
6 10
21 33
56 63
27 41
78 88
13 31
68 94
21 29
48 57
39 42
43 50
27 34
19 36
46 54
72 86
60 69
65 70
84 90
73 87
22 27
60 68
64 65
58 63
5 14
60 63
6 11
2 13
39 44
32 45
9 20
87 96
66 74
55 65
44 68
39 42
35 58
14 28
89 94
12 15
72 77
72 85
71 81
84 96
86 100
46 52
4 8
6 12
46 52
15 23
47 91
17 34
34 51
29 45
72 79
43 47
10 14
77 86
14 20
37 48
3 12
84 91
64 85
54 67
29 39
26 31
9 16
90 99
13 22
9 18
4 17
33 49
