100 20 20 14
00000000000000000000
00000000110001000000
11000000000000111000
00110000000011000000
00000001100000000000
11000000000000111100
00000000111100000000
11111111100000000000
00000000000000000000
00110000010000001000
00000000110000000000
00001000000001110000
11000000000010000011
00000111100110011000
00100000010000000000
11000110001000000100
00111000000010000011
00000000110000011000
00000000000000000000
0001010001000000100
0001010001000000100
0000010001000100100
0100000000000100000
0000000000000100010
0000000010100100010
0000100010100010010
0000100100100010010
0000010010100000000
0000010010001000100
0001000001001001000
0001000001001001010
0000101000000010010
0000101000001010000
0000100010001000100
0100100001001000100
0000100000001010010
0100100100010010000
0000100100010010000
0000100100010010000
6189
93 94
42 48
83 93
12 45
80 87
85 100
22 24
1 11
34 54
89 95
40 64
85 98
36 51
55 63
54 60
19 24
75 92
47 63
66 74
63 72
45 91
5 14
26 31
29 33
38 53
13 19
26 31
16 17
14 28
59 72
34 45
47 54
21 28
20 27
75 98
3 6
3 16
51 74
24 32
31 42
49 55
83 96
29 33
49 52
49 59
64 74
76 82
79 82
91 96
2 33
26 30
43 54
25 45
69 77
61 68
23 34
7 32
25 50
16 29
79 84
49 64
40 43
38 47
40 49
24 35
20 32
29 54
6 15
45 50
51 61
72 88
47 69
84 98
13 16
26 37
36 40
42 49
56 67
1 6
14 16
32 49
13 24
30 34
84 92
24 31
62 71
78 80
64 70
65 72
52 58
14 22
10 23
84 92
1 8
11 22
72 78
79 84
38 52
70 77
49 56
22 29
4 15
27 36
37 54
72 86
46 53
59 80
30 41
48 66
41 46
11 70
71 95
55 69
15 22
66 75
16 20
56 68
32 37
89 90
87 90
39 43
56 62
82 90
3 15
12 16
74 84
60 75
22 35
77 84
8 27
18 30
77 98
38 86
13 24
59 69
37 49
15 18
59 83
74 80
42 47
34 46
87 95
82 99
47 54
65 80
87 91
12 31
70 82
76 85
16 20
15 74
2 6
29 36
35 46
61 74
10 20
11 14
58 67
40 57
1 10
62 66
11 15
44 55
24 37
53 57
36 44
4 8
68 83
85 92
47 53
60 71
49 64
34 48
26 31
48 53
15 22
20 34
30 38
41 54
31 37
59 68
47 73
29 36
32 36
27 33
61 66
36 48
24 40
33 52
81 85
87 99
19 27
47 63
64 68
70 77
77 94
22 25
22 32
77 83
72 79
45 50
42 53
8 20
8 46
76 82
23 31
1 20
71 91
73 88
76 78
2 22
18 23
90 94
19 27
45 51
41 48
72 77
25 37
85 88
57 64
69 73
21 26
48 53
38 48
16 43
62 71
60 68
80 82
29 33
13 19
36 41
5 25
60 77
25 37
95 100
32 45
82 85
31 44
15 29
20 30
18 24
1 18
11 31
18 23
77 87
67 71
72 87
61 66
74 78
87 90
37 52
31 44
36 43
24 42
38 48
97 99
5 30
20 30
22 48
96 100
44 64
49 50
49 55
47 64
67 81
2 4
59 68
87 97
35 47
56 60
59 66
37 48
46 54
36 38
44 53
57 84
31 36
70 76
3 11
20 39
76 82
45 70
46 58
35 38
10 41
9 14
58 68
30 33
45 55
17 24
5 11
42 46
91 97
8 21
37 52
11 20
63 66
57 64
17 31
17 36
46 61
42 45
8 23
25 32
2 5
35 43
52 63
10 29
34 46
37 46
25 44
74 76
80 88
57 65
94 98
60 70
17 24
94 99
11 26
80 82
42 52
46 60
71 89
22 30
13 20
20 33
44 54
34 40
33 48
66 84
46 65
60 69
62 69
36 41
62 68
13 22
37 43
13 24
4 9
23 28
11 22
67 79
30 41
73 80
53 80
66 81
59 69
57 65
16 24
53 64
78 84
21 31
68 88
24 33
10 16
14 58
74 87
5 8
30 40
55 66
18 31
62 75
26 66
47 56
51 69
2 9
42 50
68 90
10 14
65 76
62 70
32 52
8 23
92 96
75 83
4 9
15 20
8 19
29 33
79 90
10 19
93 97
19 22
50 57
80 93
75 91
59 66
90 96
79 83
30 63
22 51
26 34
61 78
44 57
63 81
5 19
75 90
50 61
74 81
41 43
7 21
6 12
21 28
44 49
44 50
63 77
11 19
43 60
42 45
17 26
5 19
5 74
40 47
36 75
26 39
4 11
81 98
45 60
13 23
68 78
45 52
79 92
64 72
80 83
71 79
36 48
78 86
65 68
86 97
95 98
78 86
56 69
60 73
45 52
19 36
87 95
68 74
33 46
12 20
53 55
69 73
14 19
75 90
15 28
5 18
27 41
81 89
35 44
2 14
54 68
33 48
41 54
46 52
91 96
69 86
29 37
13 18
65 88
79 84
65 75
21 29
13 44
50 54
87 100
66 70
8 19
88 92
70 76
93 99
44 69
20 34
41 80
75 94
47 53
35 50
59 76
25 36
61 74
53 64
67 83
42 45
91 93
21 34
17 29
16 19
3 13
49 53
70 75
23 31
21 34
1 8
50 55
2 6
2 15
49 62
77 82
72 80
79 98
58 67
63 79
94 97
32 42
8 16
20 24
71 81
1 30
13 20
35 49
87 95
10 20
54 63
51 56
33 38
25 28
77 87
76 83
25 33
25 30
34 76
65 74
15 39
77 93
62 75
30 37
69 85
3 9
60 75
42 46
16 21
53 60
51 55
45 53
26 36
88 97
70 82
52 59
73 80
22 37
15 23
63 94
75 98
44 50
48 51
17 24
47 53
64 70
50 77
55 59
55 61
28 31
70 76
90 98
59 65
13 26
59 63
86 93
55 62
37 45
30 36
28 39
86 92
28 36
12 28
66 77
41 56
20 45
69 86
49 70
42 76
72 89
71 85
66 86
48 53
26 32
43 45
66 74
15 37
86 98
58 64
46 61
80 90
66 74
28 39
18 28
40 44
79 84
47 54
41 47
65 74
31 34
10 14
8 30
26 43
71 81
5 20
23 33
28 53
97 99
38 44
79 86
65 81
77 83
13 26
35 41
70 80
82 91
25 31
81 87
23 40
66 78
68 71
54 68
50 64
70 83
21 28
19 32
78 80
55 60
24 49
86 91
79 82
57 64
44 47
15 38
21 27
9 13
65 76
4 11
61 76
54 66
26 32
22 30
54 60
40 45
38 41
4 12
54 57
51 58
49 69
81 87
31 43
33 39
3 6
53 59
33 40
27 30
86 90
38 54
55 62
72 81
64 79
20 45
37 43
77 81
24 33
45 72
48 64
33 57
31 47
3 7
92 97
16 23
57 75
63 67
74 83
41 46
6 12
37 42
49 61
62 72
24 29
67 79
23 44
75 83
19 27
89 99
40 49
50 60
57 68
75 80
55 64
74 80
53 63
58 71
8 16
33 43
34 40
8 13
26 30
28 46
10 42
35 42
57 63
70 76
28 37
49 59
46 60
17 25
82 92
87 96
57 64
76 83
68 83
18 21
49 60
50 63
1 11
4 12
39 58
83 88
5 26
91 98
48 63
10 64
31 44
28 34
30 38
28 33
40 52
34 45
52 72
22 37
7 12
11 16
76 89
11 17
55 57
78 89
62 76
8 22
58 95
39 49
53 69
54 59
60 79
39 45
64 82
37 47
71 73
72 73
72 95
38 66
72 90
67 80
77 84
95 99
85 95
42 53
22 33
56 59
88 96
47 60
19 25
65 83
73 84
61 67
58 87
34 43
69 99
49 60
36 40
50 75
30 39
85 92
50 68
89 98
43 51
72 87
68 74
20 21
41 50
51 67
83 95
39 53
16 23
51 58
14 32
8 13
52 59
69 79
19 39
84 92
69 73
24 28
77 94
43 59
3 8
65 73
6 25
37 42
35 42
67 84
60 71
10 16
54 61
11 13
67 83
81 90
50 52
85 96
25 30
87 95
60 64
27 43
61 67
88 94
59 80
9 45
67 72
85 91
35 56
62 92
9 13
81 86
71 76
12 26
42 48
9 25
38 46
25 43
13 23
46 56
55 65
64 87
27 31
69 76
45 55
54 57
92 96
80 84
78 87
50 62
8 62
46 51
75 85
33 64
37 90
34 47
23 31
87 89
71 76
12 22
71 82
22 23
28 48
22 35
19 22
72 95
12 17
54 63
55 69
60 65
23 28
66 77
84 87
20 51
13 33
91 96
49 53
65 78
50 62
77 92
87 94
25 31
29 40
88 97
64 70
46 53
74 83
31 39
71 88
1 14
62 73
39 57
29 45
63 70
2 20
64 74
76 81
77 83
24 29
35 50
26 39
23 50
88 97
32 46
35 42
40 47
70 72
73 80
19 32
6 12
63 87
58 62
92 96
42 46
54 61
63 93
40 53
15 16
81 99
5 7
49 57
21 29
81 88
89 96
62 75
91 95
82 97
54 59
54 59
7 19
24 26
1 6
92 97
35 45
73 83
71 83
4 44
48 56
82 89
16 46
39 47
17 27
26 43
54 59
84 90
95 99
75 86
40 53
9 16
89 96
41 72
6 32
8 23
15 20
26 54
74 77
58 83
77 96
86 96
69 77
43 47
76 88
80 95
16 24
39 45
43 68
61 66
78 82
18 35
11 17
69 76
49 51
45 54
44 96
91 97
41 47
54 58
18 26
3 14
67 81
31 61
40 46
64 78
58 70
74 77
93 100
71 86
24 31
28 40
56 64
49 57
40 45
78 89
81 89
73 77
88 95
60 71
4 7
17 31
2 14
44 55
32 34
54 66
54 80
9 11
17 34
9 12
19 45
61 83
94 99
36 42
9 23
54 71
81 93
50 57
6 18
43 59
83 90
33 44
10 20
79 85
77 90
62 66
10 16
17 27
22 36
77 97
92 95
53 58
29 48
5 8
58 59
79 94
30 41
22 25
33 47
7 40
63 81
21 28
24 33
5 16
65 69
25 54
67 71
87 97
8 30
25 45
93 99
27 42
73 79
62 70
31 43
55 77
59 77
11 36
78 83
20 27
62 95
6 28
56 74
39 49
50 57
82 86
67 85
44 58
41 53
81 91
95 100
36 45
16 25
14 20
33 39
74 86
19 23
85 92
28 32
85 87
22 26
70 88
51 62
54 97
87 96
25 28
31 43
64 74
77 82
17 25
60 64
52 58
55 74
39 42
88 95
29 40
52 56
43 48
8 13
68 77
79 86
3 16
42 47
12 21
14 35
31 42
76 79
1 3
1 14
4 25
7 14
57 65
26 47
65 68
24 40
76 90
44 99
8 15
10 16
16 19
47 56
80 83
42 52
59 64
15 23
7 22
75 80
54 58
30 40
88 96
26 67
76 84
14 37
57 65
84 96
58 69
51 68
72 78
38 46
5 7
43 56
41 46
21 23
67 85
16 65
81 89
68 73
76 79
20 44
31 49
19 35
30 56
45 59
62 74
74 86
14 22
67 73
74 76
50 55
93 98
46 56
65 78
83 87
65 68
35 38
26 30
25 37
7 18
2 8
1 15
62 77
82 95
41 44
63 76
65 76
30 43
28 44
73 74
39 45
47 53
49 58
64 83
65 71
21 27
78 88
70 81
48 53
74 90
78 90
89 96
5 12
20 33
19 27
70 76
63 72
33 44
20 28
72 78
2 9
36 43
75 79
20 27
29 34
88 96
34 40
3 12
13 21
69 88
19 43
62 66
47 68
19 25
14 42
27 31
66 69
32 34
78 82
56 64
90 99
63 85
50 57
62 64
41 47
29 50
55 65
32 37
10 22
15 37
53 60
24 34
57 63
64 77
43 45
78 89
90 100
69 80
84 94
76 84
91 95
70 82
52 59
20 48
77 99
67 81
47 55
88 92
86 89
44 53
30 34
32 38
83 99
44 56
62 66
8 12
40 73
18 31
61 67
79 83
9 10
59 67
42 61
37 44
36 41
41 80
43 64
52 57
52 58
19 31
75 93
72 79
16 25
21 24
43 52
37 47
80 85
59 68
62 76
86 96
55 72
11 27
90 93
53 62
83 86
71 77
11 20
83 90
44 47
16 38
35 44
31 55
27 30
59 79
8 20
59 60
72 82
74 97
70 81
50 60
21 50
27 35
41 45
12 29
23 36
24 42
55 66
39 49
57 67
39 55
9 20
2 8
53 65
12 21
41 75
56 68
18 35
49 55
38 44
22 30
1 17
5 16
75 80
11 18
88 93
28 35
19 33
36 42
75 84
3 15
30 41
27 33
56 70
67 72
84 90
81 93
57 61
56 69
20 27
39 44
73 83
78 93
51 57
26 41
60 69
2 6
69 74
15 20
26 36
25 32
61 63
6 20
66 72
42 49
72 82
1 14
29 33
42 52
54 59
54 67
37 43
57 74
44 62
39 55
47 84
25 36
46 54
6 11
53 63
18 31
84 90
52 61
12 16
92 96
6 10
76 84
33 41
72 85
90 98
41 59
68 82
54 56
23 36
14 23
84 90
5 16
10 18
56 74
58 64
53 71
78 85
13 21
38 51
81 88
16 27
41 50
14 32
27 59
37 46
76 92
51 55
59 69
79 94
28 33
34 54
36 50
86 90
66 68
71 87
15 25
6 18
81 99
10 20
48 61
65 73
86 93
17 38
76 91
40 45
57 74
70 80
72 90
65 70
81 100
44 52
31 45
31 42
18 42
49 56
35 57
5 15
89 97
73 83
52 73
45 56
60 84
1 25
8 14
85 94
24 32
72 82
65 73
60 66
86 93
19 41
59 69
60 69
54 60
43 55
64 80
37 41
47 56
6 12
22 29
78 85
19 29
4 16
46 57
42 53
11 16
76 93
44 54
86 99
5 18
53 70
10 14
4 15
8 17
16 41
81 97
63 69
11 16
7 17
14 32
85 91
63 71
14 36
85 90
22 41
49 72
53 58
44 52
74 78
68 79
29 36
42 55
51 57
26 34
1 33
58 64
88 97
42 52
64 71
72 76
68 78
74 78
47 53
3 10
20 28
50 62
30 35
53 68
2 8
86 90
42 57
19 22
79 92
44 48
93 100
28 33
79 83
5 12
79 85
58 88
14 24
33 40
18 24
73 99
39 68
16 21
8 20
65 71
54 83
37 42
26 43
23 30
53 62
62 66
9 13
28 32
59 64
15 21
44 84
73 83
33 71
69 71
53 58
26 48
14 21
77 81
45 56
88 94
57 62
31 34
34 64
72 85
42 51
90 94
78 100
18 28
11 30
1 14
59 62
47 54
89 97
2 15
48 71
63 64
60 65
61 68
25 31
71 83
84 98
89 99
37 49
79 85
19 23
36 40
54 62
29 46
79 92
89 100
54 59
83 88
31 35
25 29
68 92
5 6
30 38
30 40
15 22
14 29
14 24
52 76
86 90
49 68
84 98
77 81
55 69
10 16
45 50
72 84
58 72
82 90
58 95
4 9
8 21
45 59
21 26
41 71
14 21
62 72
59 89
89 96
71 72
31 52
30 44
54 63
31 46
29 47
45 60
49 56
31 55
44 63
48 52
14 26
12 27
66 88
74 92
43 48
34 39
70 73
77 91
47 67
13 20
20 61
41 66
11 15
29 32
80 95
11 16
25 42
25 29
34 45
21 29
17 19
24 29
13 26
30 42
40 44
48 55
32 46
20 30
38 44
59 66
22 32
67 75
31 36
17 46
42 49
68 79
3 13
23 32
71 87
23 34
69 78
47 56
79 95
55 68
83 88
17 28
61 66
60 69
61 70
25 65
95 100
28 34
19 37
25 32
36 40
23 29
90 93
5 18
4 24
64 76
86 98
87 94
13 28
72 76
42 71
15 23
39 45
52 59
65 69
21 40
7 17
12 17
87 94
63 74
13 31
71 73
26 38
78 83
62 69
75 92
22 32
36 48
44 47
85 96
29 33
54 88
41 55
70 80
39 63
21 26
73 93
20 27
86 93
85 87
48 51
2 10
37 43
47 72
39 46
25 34
55 61
67 70
39 50
69 78
63 78
8 26
60 69
9 18
25 55
75 86
59 65
7 19
58 60
85 95
45 49
81 95
62 70
13 22
25 34
51 60
9 17
17 37
9 13
8 39
20 27
37 47
9 30
3 6
73 85
84 95
79 85
26 32
52 62
61 81
88 93
88 98
82 90
31 38
46 61
80 83
75 79
1 19
71 76
60 68
36 41
57 63
87 100
33 70
38 52
92 98
46 52
8 14
74 84
18 25
76 87
24 27
64 75
45 51
81 87
30 36
7 13
22 30
43 56
44 64
13 50
44 53
46 55
57 63
21 29
34 49
56 69
38 41
53 62
4 11
92 96
32 42
49 60
70 83
49 60
11 15
15 27
6 20
52 60
16 28
32 52
61 75
82 94
2 10
94 98
50 57
77 96
12 22
49 53
67 74
65 88
79 85
55 60
89 97
15 28
76 87
44 49
21 26
52 66
9 15
63 72
76 84
42 54
83 90
58 64
64 69
8 16
33 41
40 62
78 83
67 76
62 69
29 40
23 30
17 23
71 77
1 9
85 94
33 51
31 51
51 62
71 89
79 88
77 83
44 53
87 93
8 27
35 40
28 39
40 52
43 47
42 52
52 69
3 20
49 53
44 50
39 52
59 75
48 51
5 19
63 78
43 62
77 84
44 47
65 96
29 40
77 81
31 44
32 45
68 84
12 17
67 80
78 100
32 39
36 39
86 90
72 88
60 90
17 30
18 22
21 26
8 18
3 32
21 47
29 47
32 39
54 62
67 75
2 20
64 70
86 93
54 60
19 25
63 67
81 86
61 68
13 19
81 88
27 41
1 25
60 68
68 73
58 69
50 62
2 55
60 66
56 82
41 47
20 33
28 42
10 15
61 64
65 74
11 49
70 92
9 27
13 22
69 78
18 24
28 34
43 54
6 16
59 67
21 27
90 98
42 54
35 52
40 43
46 52
50 62
77 85
93 98
61 66
60 68
95 96
46 50
12 30
71 99
73 83
78 86
57 65
70 81
25 69
49 67
19 40
2 24
40 49
73 78
46 55
10 30
24 31
73 83
59 64
87 90
18 29
43 52
59 67
22 38
22 33
45 64
91 98
81 89
96 98
75 83
50 57
28 31
27 33
81 95
74 98
47 54
74 81
33 43
32 48
28 44
31 46
24 43
77 86
42 53
22 33
23 42
19 30
83 86
41 61
45 54
10 40
55 65
35 47
95 100
46 59
12 22
51 54
15 22
23 25
95 100
29 35
36 42
35 48
5 46
66 70
79 84
19 21
78 88
46 51
78 84
85 92
80 85
77 85
24 36
15 25
8 17
51 61
21 25
72 77
4 23
40 45
6 47
37 43
13 20
66 95
50 56
38 44
49 82
54 96
71 77
20 42
57 64
25 34
46 71
19 24
14 31
41 46
40 45
47 62
28 41
86 88
40 50
25 34
59 65
65 70
2 18
91 98
57 72
27 42
80 100
28 37
55 65
96 98
18 30
30 35
23 28
56 68
62 70
55 59
15 36
36 47
46 58
19 29
59 63
12 31
29 40
27 58
27 35
62 79
26 30
18 31
25 45
72 79
20 40
29 37
9 17
38 43
48 57
42 52
1 7
54 71
15 24
72 74
60 77
65 71
75 86
88 98
5 16
16 31
28 73
21 50
55 62
21 34
20 27
17 20
73 92
51 74
70 73
5 7
23 47
57 75
68 79
58 60
62 80
29 36
32 39
35 38
72 87
10 17
67 86
80 93
55 63
42 53
35 39
13 26
51 55
19 20
11 20
79 95
30 36
42 51
93 100
32 36
67 80
65 84
23 35
46 70
17 27
88 91
74 89
88 98
63 81
30 38
54 65
6 14
64 77
89 95
68 76
88 100
52 58
10 17
6 8
38 45
58 63
48 59
63 75
67 83
82 86
48 60
13 16
49 67
1 20
26 42
35 58
74 97
3 23
39 52
74 80
48 51
74 80
38 40
59 68
70 90
61 69
40 44
26 31
43 59
74 86
85 91
50 56
36 59
45 62
94 100
17 27
10 13
83 98
31 52
40 43
57 63
56 77
25 29
84 94
23 28
15 28
54 64
20 26
80 91
59 77
14 25
13 24
72 79
63 68
7 34
76 83
73 91
35 45
10 19
18 23
81 85
18 28
23 29
50 62
93 97
49 60
5 15
5 11
73 79
72 78
14 24
62 66
61 71
42 48
27 36
28 32
70 75
24 26
73 87
59 80
2 6
53 66
88 93
50 68
20 31
54 60
43 52
71 79
10 24
6 8
56 72
27 29
30 38
66 71
71 79
16 33
26 36
8 13
86 98
59 64
5 13
68 93
38 43
49 66
96 99
32 41
4 6
49 54
16 23
54 68
29 34
23 30
29 48
64 72
84 100
42 52
47 55
55 62
42 45
1 21
68 83
52 60
25 32
2 10
72 80
78 95
2 16
85 99
37 51
4 11
7 18
54 60
62 78
12 23
70 88
34 47
30 45
12 18
42 69
30 41
86 95
70 75
19 23
82 90
12 15
64 68
36 40
24 71
8 34
30 44
84 95
19 36
46 49
41 45
75 99
79 84
34 37
28 42
1 9
2 17
20 33
63 85
14 22
37 45
44 48
65 79
70 78
31 43
42 59
30 41
51 60
20 24
70 73
59 62
88 94
50 57
77 82
31 55
65 72
31 36
49 65
17 26
17 28
5 9
68 81
6 13
56 71
84 88
40 53
6 8
18 31
86 99
58 63
93 99
49 51
60 68
79 85
84 100
26 33
81 89
67 91
32 52
36 46
3 15
16 25
63 75
37 53
38 54
53 60
28 32
69 94
66 87
20 40
48 55
12 16
78 83
67 69
54 64
88 93
45 46
20 25
26 30
48 71
7 12
70 76
22 27
18 24
57 61
34 46
21 25
38 60
85 92
21 26
29 46
56 67
40 51
16 23
77 90
19 56
57 71
33 35
36 54
40 49
16 22
77 86
83 93
89 92
41 64
91 98
42 48
65 81
4 14
18 27
80 88
29 33
34 47
10 21
19 68
67 72
34 37
19 22
23 29
14 16
32 40
3 16
82 96
18 39
84 96
4 13
83 95
11 27
46 58
28 32
46 66
27 33
16 35
40 66
12 31
52 57
13 38
36 51
58 68
52 71
40 47
38 43
72 82
2 14
70 75
29 56
70 82
75 88
16 24
27 28
46 56
4 35
27 70
82 87
14 25
18 29
57 78
67 74
73 79
51 65
4 14
7 17
50 56
44 54
35 40
64 78
5 16
41 47
62 73
47 62
27 30
2 6
58 76
17 23
77 82
12 27
38 58
19 28
77 88
14 30
80 85
29 38
21 39
71 79
38 60
78 89
23 30
82 98
86 89
24 35
19 23
84 86
47 51
67 85
32 41
41 57
80 83
18 24
25 27
2 22
32 48
86 91
63 68
18 56
27 31
34 41
41 45
79 80
34 52
84 94
22 33
44 53
40 50
38 58
92 99
37 65
10 14
75 77
82 93
81 97
80 84
39 45
34 44
64 70
44 45
31 35
50 54
33 59
49 61
47 56
49 64
34 41
82 93
29 72
50 74
40 48
19 24
19 34
40 59
31 35
29 31
52 81
55 64
23 30
40 46
73 85
73 81
57 63
19 23
87 92
21 36
58 66
91 98
81 90
39 44
40 49
30 47
95 99
31 44
21 37
2 8
57 70
84 95
23 27
46 51
76 86
44 49
13 38
62 73
66 73
37 41
92 100
66 70
28 62
59 66
32 38
80 90
6 23
84 92
42 61
58 73
94 95
35 43
1 10
83 91
80 93
11 19
3 10
24 31
79 90
37 53
20 24
21 33
44 56
3 8
77 86
35 43
41 49
44 49
45 67
49 62
42 47
50 79
41 46
38 46
15 36
55 60
93 98
93 100
34 40
69 75
59 73
35 40
24 33
29 42
56 66
64 67
14 19
67 74
85 97
47 77
84 92
41 58
95 99
75 88
52 54
5 12
26 34
78 92
69 80
48 55
30 38
7 14
66 78
64 73
46 58
76 81
12 26
53 55
44 56
75 81
20 32
33 39
82 95
21 40
13 23
20 32
25 39
69 72
34 43
53 65
79 93
13 25
70 74
80 87
59 71
41 56
57 79
40 55
69 79
51 56
20 30
78 88
22 36
16 49
9 22
68 75
34 75
82 88
17 18
61 87
35 40
54 67
56 65
18 24
15 21
38 65
30 42
88 91
53 68
12 18
19 25
4 30
6 18
83 90
58 64
1 10
48 63
86 98
58 72
6 9
88 98
88 100
55 76
61 71
67 71
62 74
20 27
7 19
63 65
14 21
77 95
7 11
15 20
2 15
52 65
78 86
44 69
52 57
45 49
29 38
50 57
8 21
56 67
46 50
19 28
51 56
18 22
35 50
78 85
23 35
76 83
36 41
31 37
18 41
8 16
36 41
48 59
12 19
22 40
61 67
85 92
19 39
49 57
52 65
24 29
52 77
61 63
91 98
33 54
16 34
24 30
69 90
17 28
35 40
50 72
5 33
91 99
12 22
11 17
82 98
38 53
2 9
48 58
92 95
81 90
86 93
85 96
21 31
39 40
42 46
28 48
65 70
57 59
1 9
21 27
15 39
24 32
23 32
39 50
18 20
27 50
2 12
27 36
54 64
76 83
27 50
57 81
47 65
10 24
68 75
26 28
14 23
42 54
39 58
84 93
86 97
68 78
76 86
62 66
6 10
86 100
49 81
83 90
56 71
19 54
15 29
47 72
39 52
29 35
20 27
42 45
6 16
42 71
46 51
73 74
37 42
20 32
35 54
21 29
8 11
27 36
14 24
16 27
3 9
9 25
85 95
66 67
6 22
15 27
29 33
63 67
94 99
50 60
75 83
46 55
52 62
81 83
79 86
52 72
34 46
66 78
82 95
43 52
13 16
44 56
67 75
76 80
38 43
28 48
16 44
35 44
56 75
54 60
13 18
42 55
58 77
75 93
44 56
50 54
34 59
45 49
76 96
33 42
17 46
34 46
6 26
14 23
27 37
61 66
57 70
64 65
40 58
44 49
93 100
78 94
10 16
46 49
20 25
63 90
54 62
78 84
5 21
81 88
40 60
25 34
20 36
17 34
68 74
83 89
50 55
66 71
71 85
36 77
78 82
50 51
78 86
29 35
25 39
37 47
62 75
37 45
16 44
6 12
69 80
14 52
80 90
76 83
17 24
40 48
11 69
58 65
65 80
85 96
14 24
60 64
26 33
65 77
88 95
9 19
49 56
25 37
27 37
63 66
58 64
77 92
12 20
46 47
71 80
20 31
4 32
51 61
58 68
28 39
62 76
39 43
44 51
63 78
20 30
44 51
10 17
40 45
48 73
80 86
41 48
24 36
30 36
71 98
20 30
9 26
62 66
8 18
65 73
77 97
83 89
6 22
49 59
71 84
45 53
20 40
19 30
12 23
84 94
79 87
46 54
33 39
43 51
23 32
18 21
16 36
89 96
46 59
43 88
14 23
44 50
65 68
76 88
8 36
27 37
84 98
69 76
28 36
45 53
28 37
17 29
32 39
79 87
47 55
55 61
4 16
73 82
1 5
59 81
26 34
63 74
60 85
72 83
55 65
27 52
39 56
28 33
15 20
42 53
44 46
19 47
12 23
26 35
59 66
77 91
30 44
88 96
49 57
30 50
61 65
27 42
40 52
4 12
22 44
84 88
72 76
82 85
72 76
72 81
28 38
45 53
44 54
16 23
87 91
53 66
48 54
18 46
26 30
79 83
30 42
41 54
66 74
32 44
55 59
58 74
38 45
11 23
49 66
60 70
60 65
54 66
62 63
16 20
10 19
71 77
18 28
32 45
76 93
32 38
10 15
36 42
26 37
45 61
43 55
54 63
63 65
71 88
4 14
2 8
82 88
65 75
53 60
38 41
86 90
31 37
79 88
75 77
56 74
37 46
16 21
41 55
11 16
21 32
60 68
13 20
33 39
15 18
47 52
91 96
71 89
76 96
54 67
87 99
63 78
24 58
31 37
74 87
41 43
1 9
9 18
20 24
38 50
33 49
47 55
27 34
24 30
13 19
67 72
76 95
20 24
74 79
2 8
15 31
81 86
59 68
32 55
37 51
16 27
49 78
30 35
55 60
2 4
84 99
32 43
39 61
78 87
61 63
68 84
26 43
57 79
65 68
93 99
5 8
68 97
5 13
82 88
59 64
24 46
64 65
83 90
79 84
72 74
71 74
32 49
52 56
20 26
34 38
67 82
3 7
59 75
20 21
73 78
51 53
69 87
26 35
59 68
32 38
48 53
87 92
29 35
30 39
38 44
31 48
42 51
79 86
57 68
35 43
71 77
86 93
36 43
78 84
34 42
62 79
71 76
15 20
39 47
11 22
64 76
77 78
50 52
59 66
29 38
20 26
51 76
72 84
26 35
46 57
73 75
37 51
89 95
68 74
34 44
8 14
24 31
4 7
5 17
86 90
76 91
53 61
65 74
29 41
84 94
14 28
31 39
38 45
7 13
66 68
52 61
11 14
15 18
53 57
2 10
73 81
78 84
50 62
69 78
52 65
39 49
57 66
17 22
69 77
82 90
82 86
49 54
11 31
83 86
79 83
3 10
72 80
21 29
17 26
13 34
86 90
47 62
74 95
43 47
6 15
58 70
14 35
39 54
45 48
10 16
79 86
4 15
59 65
33 47
28 39
55 65
72 75
19 25
54 61
11 19
50 60
22 26
16 19
79 85
17 33
51 59
22 38
54 61
31 50
36 44
28 31
19 25
48 63
57 71
47 61
78 83
62 77
84 100
90 99
90 94
56 74
24 32
12 21
5 11
34 37
43 47
8 20
38 49
15 19
31 47
76 90
25 32
86 91
33 36
64 82
52 55
84 99
50 59
82 87
79 91
27 45
4 16
69 77
9 21
71 77
93 100
89 95
55 65
12 32
57 58
89 99
76 83
11 25
27 37
81 86
60 74
10 15
38 50
40 49
57 62
62 85
62 67
34 53
86 88
64 68
34 38
10 40
59 61
82 87
89 93
65 74
62 70
17 37
23 47
8 15
67 74
37 49
47 59
52 58
32 42
59 74
1 5
91 100
85 90
5 24
2 10
80 86
12 19
27 40
60 66
78 83
91 93
79 83
73 81
7 37
45 61
20 28
43 57
49 51
49 53
24 37
50 54
94 100
37 44
80 96
12 16
35 39
46 69
57 83
4 11
13 18
54 61
36 42
88 99
65 73
10 31
21 24
10 23
9 11
30 37
28 31
76 82
15 22
76 83
16 20
18 22
9 13
86 93
43 58
37 42
42 61
39 47
26 28
61 72
24 26
17 23
2 14
89 91
70 72
93 97
32 45
70 90
59 79
57 83
61 67
27 39
24 32
31 41
41 53
19 21
62 89
37 45
61 74
89 99
79 97
28 34
7 42
71 86
90 95
2 8
42 55
60 65
68 71
59 66
53 61
25 45
83 97
63 67
26 52
2 11
55 59
67 73
52 73
28 40
83 85
33 41
50 67
3 8
83 95
39 67
91 95
64 74
17 21
48 54
29 42
26 32
58 63
64 78
92 96
7 10
70 83
61 69
58 73
58 88
19 45
86 93
10 12
17 21
86 93
71 79
13 18
53 57
80 88
18 26
19 67
27 39
20 25
66 77
50 56
24 32
46 57
60 69
37 55
3 6
52 72
51 63
10 19
7 17
31 37
36 50
47 63
72 75
29 40
28 41
77 79
43 50
31 78
5 10
31 50
16 26
13 17
44 71
77 88
48 56
78 84
3 13
82 90
74 83
55 59
3 10
66 83
13 22
58 63
23 35
68 78
48 50
48 56
63 69
4 14
32 39
3 30
73 99
60 65
56 90
45 78
5 11
51 55
44 52
54 60
83 97
48 63
69 80
69 76
70 78
8 15
45 51
12 26
15 26
87 89
72 77
85 88
50 61
70 78
28 34
19 25
71 77
60 71
70 76
43 49
59 72
73 82
64 77
3 25
44 63
8 14
31 63
19 31
53 64
52 60
68 76
90 95
14 23
5 11
2 9
75 76
49 54
48 52
64 73
63 73
45 54
52 67
82 93
62 67
18 34
49 53
21 31
53 72
88 95
34 39
16 28
61 68
60 85
15 23
31 43
56 72
63 73
74 80
82 88
54 64
19 25
5 16
20 39
63 73
46 74
83 91
41 50
73 81
55 66
61 67
39 45
11 23
78 80
90 92
32 43
1 29
75 88
40 50
63 71
62 67
57 68
10 12
34 88
61 68
87 96
48 55
53 57
57 90
44 71
26 34
31 42
42 50
70 83
73 84
7 32
29 46
47 59
60 69
26 29
21 24
20 23
56 59
17 20
9 24
73 77
69 80
42 49
33 40
18 20
55 64
54 64
54 71
68 77
47 55
83 91
16 18
14 23
2 7
19 28
80 87
73 94
6 21
87 93
49 62
41 52
40 53
26 39
35 39
55 68
29 41
79 85
80 96
75 78
29 40
14 18
10 19
32 35
62 70
59 68
28 40
16 24
80 90
82 90
16 19
62 69
92 98
47 55
41 55
32 39
61 67
74 88
71 82
39 46
22 31
33 35
11 21
90 93
2 7
93 100
3 10
88 100
22 30
42 54
48 51
16 23
56 72
15 27
42 48
63 70
4 22
39 58
50 58
2 5
1 8
1 8
16 20
43 47
30 39
7 14
8 20
43 49
27 33
89 92
5 13
52 54
47 56
43 54
32 51
9 12
54 78
82 85
43 45
79 85
57 98
37 55
58 62
49 58
66 73
69 87
49 59
30 38
88 94
7 14
56 82
68 83
9 21
67 76
70 86
17 36
85 98
6 29
72 82
66 93
8 20
12 20
64 87
25 52
24 30
47 56
66 90
7 15
32 41
46 54
68 72
46 72
18 26
86 92
89 96
63 65
42 56
82 91
36 47
93 97
81 84
65 76
62 66
32 45
5 11
59 68
81 94
39 44
39 45
49 65
87 97
6 10
13 18
49 65
17 33
67 74
81 96
62 72
93 97
17 23
56 62
88 92
16 20
40 55
90 95
17 26
82 85
39 48
5 12
12 22
77 83
27 39
7 14
26 84
17 35
73 94
80 91
13 36
27 34
14 23
74 85
65 68
43 74
69 77
41 48
6 8
37 43
21 32
28 47
34 45
46 48
33 37
37 52
18 31
36 52
39 53
73 89
42 46
8 16
17 25
27 35
36 51
57 79
1 12
75 86
68 79
4 9
40 41
51 62
35 47
80 93
43 50
93 95
20 39
35 38
62 84
26 38
4 12
49 58
3 9
64 78
73 79
11 15
79 81
55 69
32 52
13 18
73 80
25 31
91 99
29 42
30 36
35 65
14 21
17 24
54 66
21 25
49 61
28 45
13 21
80 89
32 39
38 51
59 64
46 62
43 54
40 45
49 54
94 98
79 85
74 91
52 64
77 95
23 39
22 40
84 90
72 78
28 53
35 39
12 18
47 51
91 99
15 25
64 75
26 39
1 7
76 98
20 32
48 63
46 84
49 58
38 47
73 80
70 85
11 22
42 56
7 24
23 48
43 47
76 87
75 88
52 56
90 95
1 8
82 98
74 85
22 31
26 45
72 85
81 85
58 62
8 23
78 96
57 71
9 39
24 40
20 27
13 26
12 20
37 47
3 8
1 5
15 25
81 85
5 34
30 51
53 61
58 82
30 34
43 48
33 39
15 35
90 97
32 42
58 69
73 86
64 75
89 91
68 70
11 20
58 65
91 97
53 82
27 39
72 77
35 42
46 54
66 76
30 40
58 76
61 65
48 57
48 52
76 82
6 15
18 47
65 75
26 37
1 8
75 80
88 97
11 32
91 94
43 48
84 94
95 97
35 42
48 56
22 28
36 43
48 58
11 26
15 22
47 51
24 29
2 14
80 92
31 40
19 36
9 13
56 63
69 75
60 69
37 43
67 74
18 23
61 73
59 61
74 85
57 67
53 65
39 64
29 44
57 64
12 38
61 72
17 22
27 34
13 21
55 61
52 65
8 33
35 43
12 27
8 18
45 60
11 22
93 95
24 41
11 29
71 89
88 99
46 60
75 82
43 58
73 80
26 28
33 37
31 43
52 60
18 34
37 51
2 9
29 42
64 74
66 79
13 17
64 76
96 100
15 21
79 84
15 21
82 97
62 67
3 6
42 60
72 91
5 12
69 72
71 81
36 41
77 96
91 94
58 64
11 17
54 61
58 61
83 95
36 41
91 95
1 3
5 27
82 87
2 16
32 36
19 31
45 54
23 27
55 79
46 51
66 76
43 58
38 44
32 46
67 74
53 59
39 48
60 67
66 82
73 76
51 58
54 57
27 34
18 23
20 26
27 34
37 43
27 31
27 48
65 72
36 46
56 68
88 98
76 82
70 84
40 45
14 39
93 100
43 54
2 15
56 60
56 64
63 75
24 32
52 54
75 84
74 100
57 66
69 77
64 72
28 32
11 17
79 91
7 13
84 89
36 40
58 65
69 92
8 18
8 14
26 29
64 68
72 84
34 45
86 87
32 46
51 57
22 28
55 64
26 35
11 22
51 61
31 38
64 68
60 75
92 96
62 76
38 47
34 49
58 62
61 78
29 36
35 43
86 93
21 23
33 51
79 87
17 75
31 44
4 14
48 65
64 76
10 15
45 51
28 32
62 74
58 68
42 56
23 29
19 28
21 35
3 7
38 53
70 83
84 96
52 66
81 94
5 20
6 12
3 21
16 34
9 32
24 37
14 18
54 64
36 39
57 76
17 25
76 88
21 43
25 41
67 74
76 89
1 9
1 28
82 97
63 84
23 39
28 29
56 64
32 34
2 9
15 32
82 88
48 57
65 73
50 61
65 84
77 82
20 33
67 76
30 43
19 36
26 43
37 46
27 44
77 86
75 79
7 21
42 64
35 42
12 20
79 88
41 55
4 24
11 15
26 49
44 48
73 79
72 80
82 88
29 49
41 50
54 72
74 99
34 51
34 44
87 96
79 85
46 63
33 51
22 28
1 6
92 98
35 67
41 71
28 38
26 32
25 31
84 96
86 91
53 60
28 33
58 79
10 23
68 89
46 54
66 70
12 16
19 30
26 47
59 65
17 24
36 46
62 69
7 18
62 71
67 76
65 77
16 24
44 68
33 55
78 82
21 26
94 96
45 53
84 87
54 77
27 39
68 87
88 94
53 65
15 22
70 87
55 65
54 71
42 45
62 68
19 29
40 46
63 89
15 25
31 39
73 78
41 44
15 18
64 85
94 99
42 60
86 90
54 66
74 77
14 19
77 85
55 77
44 56
64 75
73 81
59 66
20 29
59 65
47 52
34 36
12 19
49 60
93 96
31 40
81 84
86 92
9 13
22 31
65 70
37 51
89 97
20 27
78 96
23 37
60 67
70 79
83 92
2 16
88 96
90 93
10 38
68 85
17 25
77 92
6 14
65 76
41 51
56 60
81 91
19 30
20 29
56 70
53 63
54 58
70 80
72 78
17 22
38 57
71 78
92 93
64 71
31 46
56 65
1 7
8 16
10 33
12 19
34 59
34 45
57 64
57 63
92 98
70 78
56 61
42 58
61 73
83 95
56 64
91 97
4 28
85 90
35 45
83 89
77 91
23 32
35 62
24 64
41 46
36 48
75 94
88 89
32 37
29 42
30 36
85 88
71 83
80 84
42 53
44 51
15 23
38 50
9 19
40 58
43 48
55 62
50 60
5 28
81 84
1 7
81 83
31 41
74 86
55 66
16 23
6 16
10 27
18 44
50 67
67 73
53 67
13 21
68 79
87 91
86 88
59 64
32 47
85 91
24 40
13 17
2 29
1 25
68 76
11 43
34 42
5 7
31 37
55 59
62 80
22 24
34 44
36 44
22 37
41 54
34 40
43 51
15 21
45 60
34 51
95 100
65 78
48 54
53 64
14 25
16 37
10 26
8 11
62 71
62 64
46 53
10 14
14 22
40 46
26 28
48 66
49 52
60 64
99 100
68 80
75 94
23 37
45 73
17 34
15 24
10 21
68 75
67 87
12 52
41 45
56 65
19 23
24 36
51 65
37 77
59 66
58 66
19 34
46 56
28 30
63 71
30 35
55 63
41 67
89 97
17 24
70 79
27 46
14 21
54 79
22 32
64 87
33 39
60 79
26 33
63 90
65 74
55 87
41 50
92 100
4 29
75 84
71 81
30 33
75 84
34 54
73 77
93 97
50 54
66 77
35 85
75 87
43 52
42 45
28 41
30 48
12 17
75 87
6 20
14 23
63 75
39 54
43 55
38 43
79 96
37 66
66 79
86 93
36 50
13 20
15 20
92 98
59 64
21 27
75 82
16 23
61 64
18 36
96 100
84 95
60 66
23 32
14 20
39 46
40 56
10 27
12 27
35 42
54 63
28 34
34 38
62 76
77 88
38 50
41 55
41 50
41 47
31 47
79 97
66 70
29 39
49 64
21 46
62 75
33 38
35 46
67 86
60 65
18 22
71 78
52 56
81 97
21 31
30 39
89 94
65 89
59 92
5 17
44 54
81 84
67 70
87 96
82 98
77 84
38 41
45 63
61 77
22 35
83 94
72 91
21 42
16 38
6 14
3 47
65 70
66 70
44 50
32 63
93 99
49 59
70 74
33 47
20 27
51 66
7 15
47 96
65 72
65 83
5 9
5 14
45 50
67 82
86 89
14 32
50 65
93 99
78 87
46 52
88 100
58 63
61 64
52 59
86 96
86 91
17 26
46 65
35 45
32 35
67 92
63 80
84 91
4 22
43 46
12 15
8 13
49 60
16 36
75 78
24 31
47 55
81 88
24 51
15 20
68 73
52 61
79 89
56 62
70 75
18 46
25 63
8 22
1 6
71 75
37 51
15 22
3 11
94 99
40 44
58 63
63 69
50 65
14 16
29 37
77 82
26 39
97 100
22 32
46 52
56 75
53 73
60 78
33 44
42 53
47 58
27 38
34 41
40 47
82 90
56 70
91 98
6 14
26 37
40 48
52 65
86 92
50 60
34 40
4 53
36 65
61 68
7 19
33 42
37 44
47 60
82 92
21 28
87 94
31 43
66 74
40 52
3 9
54 60
64 79
17 31
46 61
19 24
35 42
33 42
26 37
79 83
46 67
56 80
2 10
77 89
7 16
62 65
57 67
42 77
58 60
76 82
50 56
60 71
11 39
53 71
10 23
35 42
45 51
76 85
73 78
23 31
16 29
2 13
90 96
70 91
30 42
30 36
54 64
96 100
83 99
68 76
38 45
54 70
2 14
70 81
32 39
39 52
15 18
60 63
58 70
37 50
10 20
85 99
27 32
49 61
11 26
60 64
1 40
72 81
15 27
33 41
41 64
78 97
9 12
61 67
60 66
14 32
6 11
24 31
18 26
43 47
65 68
12 15
53 74
26 31
11 26
1 9
41 47
31 40
33 42
79 85
16 28
61 68
52 68
38 44
79 88
16 22
32 46
41 43
1 9
82 90
26 33
1 10
77 92
29 40
44 52
46 78
26 43
48 49
45 52
14 21
71 96
58 76
5 34
75 77
15 18
55 61
86 98
25 32
12 20
24 31
25 55
72 74
69 74
13 20
46 63
59 71
55 64
83 86
52 74
33 39
77 82
47 51
22 25
2 5
85 93
62 70
22 26
7 25
52 64
28 44
82 86
21 35
53 57
84 95
64 75
76 81
76 84
87 89
62 71
27 31
84 93
40 43
30 42
83 98
81 97
30 39
10 15
3 21
24 37
35 47
62 77
27 35
30 37
83 89
75 90
67 73
22 31
2 14
68 77
92 96
48 62
68 80
41 60
25 27
74 75
42 45
75 80
39 50
7 29
45 55
51 65
82 92
32 55
7 16
26 38
66 72
89 99
5 21
28 45
29 34
41 49
67 90
44 55
77 90
6 14
10 18
29 44
90 95
60 66
50 62
28 37
66 80
33 39
3 13
78 85
48 57
87 93
47 53
57 61
45 67
44 55
73 78
34 55
45 57
63 64
12 16
63 68
46 54
29 42
68 87
36 52
74 79
91 98
67 89
38 40
32 43
2 4
73 82
60 66
42 58
90 95
67 76
63 90
38 46
65 71
49 52
73 82
42 51
73 80
70 84
89 96
6 16
85 91
4 20
56 64
25 28
42 45
76 88
58 68
13 19
58 63
87 99
65 76
17 24
9 18
26 41
50 57
4 5
5 15
42 46
30 48
70 74
78 96
87 93
45 64
79 94
86 89
64 66
6 16
33 37
39 52
49 55
67 82
5 8
59 89
57 64
80 88
70 77
43 46
22 29
5 18
26 44
26 36
74 77
60 71
14 24
40 52
86 93
23 31
4 9
96 99
52 59
5 16
57 80
9 18
33 54
14 20
34 39
6 10
46 57
50 55
44 59
46 53
27 30
31 35
80 88
35 42
5 11
75 86
32 52
69 85
35 45
43 49
29 48
24 34
29 34
5 26
37 44
47 51
63 69
12 20
42 49
35 43
12 23
42 46
60 67
65 78
86 98
63 72
63 75
54 59
83 100
81 91
18 45
54 60
51 60
48 52
17 29
43 49
71 76
46 66
22 33
10 14
67 71
15 26
6 13
45 61
67 80
76 82
58 92
68 82
71 87
10 22
16 19
84 97
53 70
50 59
28 36
16 24
15 37
37 43
68 74
86 91
46 48
5 9
22 39
15 25
27 29
48 68
13 28
28 34
17 31
16 23
35 43
49 63
17 28
51 58
14 29
83 99
24 35
84 95
20 32
43 49
36 41
4 20
8 16
10 29
71 84
82 89
49 52
81 88
75 77
16 22
88 98
53 99
64 76
30 38
87 100
72 98
21 28
52 58
32 51
27 40
3 14
66 70
21 33
38 42
54 72
15 30
31 50
87 96
82 95
48 63
49 54
2 9
85 98
88 95
11 16
81 88
31 43
35 51
42 45
10 69
49 56
2 16
92 98
93 100
84 88
79 93
29 37
34 49
71 89
74 80
31 39
58 86
34 46
42 54
66 71
28 36
71 73
17 28
18 37
7 23
22 45
4 31
17 28
55 71
47 55
16 22
67 75
27 35
53 60
53 59
25 38
28 76
90 97
39 55
94 100
26 40
80 94
25 32
41 65
78 89
39 62
24 30
76 85
58 64
86 96
12 19
86 93
58 66
27 51
38 45
64 67
10 17
58 69
35 59
45 72
73 82
10 19
17 27
72 80
41 50
15 34
31 45
46 51
55 57
63 67
22 35
24 43
15 24
71 79
39 54
22 32
30 38
5 8
72 85
78 83
68 75
69 78
9 19
18 27
56 59
56 63
21 50
28 31
72 74
43 54
69 96
35 40
58 64
59 76
76 90
4 10
26 33
77 96
10 16
11 16
52 65
83 91
59 72
54 69
30 35
65 76
3 11
7 26
87 90
67 77
56 67
40 49
95 99
52 55
1 8
64 68
69 81
36 54
4 19
55 75
56 66
72 77
87 92
89 95
8 19
68 74
39 46
18 21
7 15
1 17
33 39
1 15
55 79
40 42
78 87
66 76
66 73
12 34
34 39
87 90
40 51
63 71
15 36
92 97
41 55
53 63
63 73
73 81
69 75
69 82
74 84
6 10
70 75
2 8
44 51
22 35
23 37
20 33
60 97
72 86
58 66
36 46
10 31
35 62
78 86
52 58
13 23
21 28
36 42
25 40
6 9
35 51
80 97
11 20
40 48
8 10
49 51
82 94
72 80
28 35
36 42
26 51
32 49
71 83
44 67
57 87
20 30
39 55
85 97
28 32
5 7
14 24
31 43
72 96
27 46
2 7
19 22
57 61
2 9
67 81
81 88
1 9
45 54
67 72
72 75
25 35
29 32
59 66
89 95
55 63
60 77
42 52
52 74
28 42
14 22
1 10
73 76
68 77
14 18
44 65
51 60
33 39
34 47
54 61
4 10
37 51
9 22
64 76
23 30
32 36
81 91
7 17
3 10
50 68
30 32
89 98
32 40
19 25
51 62
4 16
69 82
57 98
16 27
49 53
28 50
44 50
31 32
68 94
36 72
46 54
62 71
30 33
61 94
19 30
47 50
66 74
73 82
62 76
42 47
59 62
57 64
81 89
15 22
90 92
66 77
74 86
35 40
70 83
9 31
1 15
5 9
4 15
36 46
94 100
25 30
8 35
70 100
7 10
41 56
78 88
65 81
90 99
13 20
75 86
88 100
68 82
39 58
26 34
67 73
6 10
39 44
62 67
63 69
68 72
26 30
35 54
10 24
37 42
15 37
59 67
54 61
40 53
41 50
83 96
75 99
72 78
49 54
94 99
45 73
33 53
8 16
59 66
62 78
81 92
54 83
28 34
13 30
74 83
63 70
26 43
74 77
1 14
28 33
54 68
3 13
60 69
31 47
4 8
33 45
54 71
8 16
46 55
39 53
10 19
74 79
78 85
48 52
67 75
63 72
41 45
15 31
2 36
63 75
70 87
25 29
59 76
36 46
83 88
36 43
57 72
30 38
51 60
59 90
61 64
81 86
15 20
33 78
90 97
4 9
15 37
72 82
55 59
42 50
51 56
96 99
16 27
98 99
7 9
54 58
58 69
45 56
68 80
47 61
35 53
23 43
77 89
59 74
23 27
9 16
90 95
67 77
20 33
5 11
75 80
59 67
7 13
84 88
55 64
61 67
72 79
73 82
59 66
50 59
27 39
24 46
5 14
5 10
75 89
6 19
5 13
85 98
3 16
58 82
80 95
73 82
41 56
7 24
89 100
23 31
70 78
73 82
49 71
32 39
41 54
53 60
76 86
46 66
4 15
22 39
26 33
67 76
46 59
39 51
10 28
11 30
79 83
5 24
47 55
67 85
74 82
45 61
88 99
40 50
6 21
62 84
13 20
17 26
79 86
60 77
4 10
56 75
49 60
71 77
55 73
10 36
58 67
48 53
39 43
30 39
10 21
76 89
3 16
50 72
47 52
3 12
22 24
64 66
69 84
59 65
48 60
72 81
5 25
75 81
3 10
29 33
71 82
91 94
25 29
36 59
58 63
3 8
28 32
60 72
63 83
12 21
37 63
7 18
76 85
73 80
34 49
91 99
36 56
55 60
54 59
49 56
18 33
92 98
70 72
89 96
31 33
22 30
22 38
74 82
55 62
34 46
77 85
66 85
48 59
83 94
14 33
38 48
67 95
98 100
49 66
62 70
23 27
24 35
31 40
10 17
49 58
90 94
97 99
26 40
60 84
47 66
9 36
35 48
78 80
51 58
36 40
94 100
73 86
42 56
62 67
29 35
23 28
28 43
70 86
52 66
42 51
34 47
39 54
86 99
66 71
55 68
55 64
58 62
72 88
77 83
5 15
84 91
5 22
74 94
41 45
47 54
80 86
54 59
45 51
56 71
3 16
41 50
76 81
51 61
1 12
1 16
38 59
67 90
31 35
57 67
64 70
37 45
44 47
69 76
68 84
25 32
55 62
36 77
91 92
71 82
9 22
37 52
34 44
45 55
84 86
31 44
9 26
25 32
40 57
73 78
28 49
83 92
25 44
76 84
12 16
25 34
74 80
18 23
54 64
33 58
4 14
83 100
22 34
81 99
90 100
47 54
31 44
54 59
13 22
86 97
30 31
80 86
15 27
45 50
9 39
41 62
59 65
24 34
83 96
33 37
19 29
68 71
54 58
59 64
86 97
32 44
62 88
4 11
33 39
92 96
3 33
49 68
23 43
26 35
29 33
55 62
21 28
74 81
53 60
89 97
76 80
11 16
29 44
57 73
75 83
41 52
2 6
76 83
73 99
30 45
80 90
44 56
17 25
7 11
63 72
68 71
51 54
5 11
59 70
32 40
92 95
80 92
44 62
18 27
91 97
15 37
51 59
17 19
34 91
5 17
58 77
55 59
48 51
65 69
2 5
28 30
94 97
4 14
70 88
32 42
48 81
25 28
46 55
3 17
2 4
52 56
54 74
71 91
12 53
63 81
80 87
74 86
86 94
41 47
3 17
35 53
66 73
58 74
85 89
87 99
30 39
43 54
35 43
81 89
83 96
8 12
60 73
40 48
44 54
65 70
7 8
26 31
2 8
46 60
45 50
69 79
76 96
77 85
90 97
27 44
47 54
62 73
52 55
41 51
2 16
38 43
48 58
86 91
20 24
58 73
53 62
12 35
21 38
62 71
51 58
23 32
49 56
37 61
68 71
11 22
45 56
40 55
35 59
23 37
49 67
59 63
5 7
62 67
88 98
75 84
22 38
7 15
23 32
41 45
51 60
1 12
54 72
25 55
31 39
85 89
34 54
19 35
28 40
79 89
19 23
73 84
57 64
38 43
59 64
28 31
12 39
2 9
14 25
74 85
66 71
55 62
93 98
34 43
17 26
16 62
80 92
36 54
52 56
90 100
71 87
28 33
62 68
3 8
57 70
5 15
59 77
58 71
28 38
68 76
34 51
26 39
61 82
30 41
27 34
88 90
55 59
62 65
53 63
2 34
8 15
22 30
24 36
58 71
29 46
57 66
35 48
61 70
41 63
12 35
28 42
60 72
76 83
30 53
85 94
86 90
2 22
47 54
20 56
63 81
28 35
21 31
65 76
11 17
68 86
69 82
46 53
74 79
1 10
12 20
60 64
91 99
22 29
94 99
25 33
37 42
46 58
91 97
13 18
46 51
21 29
53 72
56 63
68 89
34 49
46 60
76 84
57 81
42 52
89 96
74 81
71 75
43 57
28 42
73 81
26 32
62 65
8 22
75 79
4 37
75 80
19 24
14 27
63 66
60 74
60 67
42 51
34 63
57 70
72 73
25 52
33 38
65 71
52 59
46 54
15 35
43 57
5 23
79 84
16 23
78 91
60 85
12 22
4 11
18 23
64 70
82 97
84 87
46 55
34 46
37 41
36 59
66 77
26 43
46 53
86 92
74 85
92 100
63 76
49 66
46 51
38 48
96 100
20 28
37 45
27 35
86 91
63 79
33 47
41 47
16 23
34 40
4 28
86 90
12 26
82 88
75 91
57 64
2 11
85 94
48 55
41 49
11 21
48 58
2 10
68 70
56 60
3 17
26 35
27 38
22 32
20 39
90 94
6 17
79 81
54 57
59 74
24 28
37 40
81 84
88 99
77 93
47 56
12 27
57 68
32 53
24 33
66 79
74 85
37 40
77 83
59 64
10 13
82 88
39 52
12 18
67 70
33 35
42 57
10 32
29 42
55 58
15 21
19 27
91 100
8 19
29 51
41 52
38 53
58 71
18 26
3 5
8 13
26 28
90 93
80 91
51 56
24 38
5 33
47 59
85 96
15 29
89 97
26 37
62 92
5 22
25 33
49 52
75 86
83 89
88 95
75 83
41 46
88 94
43 50
28 39
87 90
12 21
65 76
34 55
81 92
18 22
76 86
11 20
76 80
20 42
74 100
13 17
57 68
16 22
45 50
71 75
39 56
23 41
55 64
23 35
13 15
33 43
69 83
2 6
18 22
15 21
47 63
45 52
88 98
67 70
80 88
52 58
22 29
8 18
40 44
25 33
82 90
66 80
83 89
5 18
29 45
22 36
6 20
43 61
54 61
81 99
69 80
24 32
63 78
30 39
67 70
38 61
34 38
55 60
33 38
5 10
65 75
63 82
32 56
7 25
48 68
51 56
83 86
65 99
53 63
1 7
5 16
25 28
84 89
1 10
17 22
71 80
71 78
30 37
55 77
56 58
51 60
31 37
61 73
56 62
39 50
43 47
83 91
82 91
24 29
38 44
37 48
25 32
66 81
46 52
5 22
21 27
87 95
55 61
58 71
16 30
60 70
24 50
50 65
65 82
74 80
48 54
49 63
81 84
6 12
71 77
70 86
16 32
61 70
86 100
2 13
43 47
85 89
5 10
13 26
72 77
15 31
27 35
41 47
14 19
10 46
81 98
21 29
33 36
77 81
57 72
13 24
25 40
77 84
37 44
42 47
27 40
60 69
71 82
55 62
60 63
52 60
5 10
18 47
59 67
45 52
47 58
78 99
50 56
52 65
51 54
16 33
40 54
20 26
9 12
34 42
34 38
29 32
46 59
37 46
72 77
41 46
59 66
39 52
96 100
54 59
86 92
5 19
79 94
69 80
25 38
42 48
25 63
70 83
2 11
45 53
69 76
29 40
67 97
63 67
29 31
14 18
50 53
50 56
73 76
61 63
80 94
30 33
1 8
27 37
87 99
94 98
24 30
15 24
15 26
36 49
86 92
