100 20 20 10
00000000000000000000
00000000000000000000
00000000000000000000
00000000000000000000
00000000000000000000
00000000000000000000
11110000000000011111
00000000000000000000
00000000001111100000
00000000110000000000
00000000000000000000
00000000000000000000
11111100000000000000
00000000000000000000
00000000000011111111
00000000000000000000
00000000000000000000
00000000000000000000
00000000000000000000
0000000100001000000
0000000100001000000
0000000100001000000
0000000100001000000
0000000100000000000
0000000100000000000
0000000100000000000
0000000100000000000
0000000100000000000
0000000101000010000
0000000000000010000
0000000000000000000
0000000000000000000
0000000000000000000
0000000000000000000
0000000000000000000
0000000010000000000
0000000010000000000
0000000010000000000
0000000010000000000
3973
61 75
16 21
40 58
45 54
69 95
83 89
82 86
86 92
54 59
24 31
73 78
23 28
18 27
47 57
36 40
69 75
76 92
67 76
84 95
53 59
67 72
19 31
22 36
81 95
19 32
16 31
33 41
61 72
2 18
55 60
36 47
7 14
86 90
11 35
88 97
68 72
55 72
69 80
58 62
15 30
61 71
42 50
82 90
41 49
36 61
32 41
17 22
93 98
40 63
19 28
42 44
30 39
64 72
75 81
41 50
57 61
40 57
18 25
30 70
49 54
83 91
69 84
7 19
80 91
16 21
70 77
7 14
45 49
67 78
11 21
55 57
34 39
26 44
70 87
18 27
77 97
26 38
15 17
48 63
76 87
5 24
84 96
78 81
89 99
11 25
43 67
14 38
78 80
25 34
38 41
52 61
34 42
30 71
33 54
48 62
50 63
71 81
39 47
23 30
59 64
58 66
89 98
86 91
13 21
50 55
46 56
43 51
56 76
16 20
63 72
63 73
56 70
43 51
95 100
27 46
48 55
86 96
55 67
90 100
34 40
48 69
67 75
75 84
34 64
56 74
2 10
7 13
10 17
7 26
77 83
14 20
71 83
61 75
54 60
9 26
81 88
23 37
25 31
19 28
6 9
24 39
96 99
5 14
43 51
23 37
76 92
42 49
91 92
54 66
35 38
16 21
41 49
52 66
76 82
6 26
71 83
1 9
76 79
46 54
82 94
59 64
58 65
4 31
44 57
59 72
10 15
39 42
45 50
31 49
15 23
11 40
20 25
87 90
23 33
67 72
44 49
6 15
56 58
59 72
61 63
21 24
46 57
46 47
63 66
25 43
98 100
8 10
82 94
40 51
76 87
41 47
29 40
8 17
91 100
18 24
93 98
62 68
81 89
36 42
11 29
28 32
71 99
71 73
66 68
46 58
9 15
16 21
26 40
60 86
82 96
7 19
42 58
41 48
16 22
76 96
24 34
34 41
89 95
11 25
51 64
41 65
24 50
30 36
23 30
7 14
32 42
73 79
10 21
44 46
78 81
26 34
67 73
1 14
13 24
6 9
85 89
91 99
50 73
8 23
26 33
46 49
41 48
17 22
48 53
81 94
24 30
36 68
90 95
36 49
34 58
65 79
47 56
78 81
87 90
1 5
73 88
27 41
38 39
31 36
20 30
43 53
41 58
12 33
25 46
15 34
73 83
40 42
88 97
78 83
66 75
5 10
1 4
73 89
25 30
29 39
12 14
76 95
70 80
36 64
33 51
70 83
21 28
24 35
59 77
36 45
18 41
72 76
17 23
46 59
5 12
27 29
60 71
60 69
65 83
12 34
36 45
31 46
2 28
49 60
50 57
18 28
71 99
52 69
3 8
8 36
4 8
10 25
41 49
42 62
56 63
86 98
10 21
82 86
40 51
62 68
86 96
56 75
6 21
29 32
49 66
69 80
87 99
37 45
11 25
41 44
21 70
61 64
12 49
7 23
89 91
74 86
15 23
20 30
66 84
17 25
94 97
8 19
44 46
11 13
21 29
65 76
35 44
44 49
65 73
25 39
44 51
48 82
34 40
90 98
88 96
54 84
5 12
60 63
20 39
75 86
67 74
58 62
3 6
50 56
6 11
29 54
4 17
87 96
62 76
14 47
26 42
44 48
51 55
84 88
62 76
38 50
75 77
59 67
17 29
49 66
80 92
69 73
19 22
80 95
66 79
40 54
87 96
33 44
54 63
15 17
57 69
29 43
98 100
3 15
81 95
53 57
7 13
25 29
57 61
56 62
48 61
14 27
1 34
66 74
68 79
77 80
79 83
89 93
64 69
67 91
72 77
76 89
54 63
90 94
24 38
43 64
78 99
1 12
22 27
27 36
91 94
89 99
74 80
19 23
58 70
36 42
77 99
17 27
21 40
7 12
5 9
28 39
67 78
48 59
34 42
65 75
4 11
28 39
69 76
19 30
55 63
61 74
26 32
10 14
85 97
52 60
54 55
8 10
61 65
54 64
17 21
28 50
29 32
33 47
56 61
37 42
15 22
54 66
46 65
51 55
79 94
70 75
52 69
41 45
1 5
49 63
33 42
61 77
19 25
45 61
4 19
70 75
28 41
13 30
61 73
33 45
69 75
59 66
49 54
39 46
69 82
78 94
63 78
78 87
52 60
78 98
52 70
79 84
19 34
90 96
18 27
50 68
53 60
64 74
11 23
81 84
47 53
75 84
47 69
20 32
40 52
1 6
40 62
41 48
20 26
72 83
52 63
65 71
17 23
48 59
37 43
91 97
39 42
24 43
11 16
79 91
20 26
7 15
51 62
2 16
58 65
26 51
74 77
67 76
31 47
78 85
75 84
7 18
63 69
27 52
68 80
46 60
16 28
37 49
47 52
57 76
42 48
49 55
58 68
11 23
39 48
78 87
29 39
77 82
31 56
81 87
70 75
32 50
65 74
13 16
70 77
41 44
46 50
27 34
93 95
86 97
52 67
54 71
15 31
36 39
2 16
28 50
69 77
87 91
52 73
85 91
69 86
14 21
80 87
80 87
36 41
96 100
50 66
19 29
20 23
66 80
31 64
47 69
45 47
5 9
88 91
93 96
74 81
56 74
36 42
33 39
51 54
44 82
14 31
32 44
52 59
28 39
89 96
83 90
59 71
79 92
3 34
12 16
63 67
27 54
48 84
23 35
49 55
79 86
21 34
17 30
37 51
44 52
17 24
24 57
66 70
10 16
44 52
51 59
38 45
97 100
38 44
38 49
25 32
77 81
68 72
47 52
85 95
46 62
41 45
51 58
81 87
76 78
47 49
68 74
57 66
44 52
42 61
86 96
58 65
72 74
82 95
93 100
72 78
90 95
61 70
33 44
24 29
42 53
37 49
77 83
53 66
30 33
42 63
28 38
33 37
55 75
3 6
80 99
12 19
57 85
11 24
76 87
18 23
85 91
42 46
1 22
17 33
75 76
56 64
19 24
79 89
55 71
62 74
40 50
69 77
36 65
48 57
69 73
56 99
12 19
57 66
85 93
78 92
16 19
52 60
86 95
60 78
73 76
43 54
71 95
76 92
70 83
28 47
36 40
37 48
13 23
82 94
4 8
29 40
8 22
22 31
46 54
34 55
15 50
46 53
44 52
84 90
62 73
87 94
6 10
24 44
66 80
87 95
53 68
91 97
73 80
78 85
24 38
26 30
25 49
59 75
47 60
46 58
23 42
4 6
19 27
9 12
13 18
43 54
28 49
19 29
79 84
8 21
27 32
29 73
32 42
92 98
53 56
80 86
77 88
11 18
8 13
6 8
57 63
14 22
1 6
1 5
33 59
61 69
57 67
74 78
54 55
44 47
92 98
44 68
18 30
30 48
48 57
74 81
48 65
29 33
43 53
20 49
48 53
68 76
45 53
22 33
9 28
57 62
42 49
4 10
87 90
30 48
1 12
70 75
10 19
92 100
54 64
56 63
37 51
48 58
71 79
78 90
50 60
34 49
75 89
28 40
75 88
65 66
95 100
29 43
9 35
25 28
13 16
57 75
52 66
81 95
79 85
52 60
31 42
83 88
70 81
55 61
67 80
35 51
2 14
22 28
23 39
26 32
33 46
10 13
55 61
68 70
18 24
84 95
54 62
43 54
67 76
85 91
5 11
44 53
61 71
25 34
9 24
66 72
24 47
13 19
72 95
25 30
9 16
78 84
49 54
83 88
20 28
56 65
75 84
15 27
77 95
52 61
21 33
95 100
22 26
52 67
22 27
28 43
55 59
16 28
59 69
13 19
60 87
18 26
86 97
75 96
11 25
92 99
5 17
39 42
89 91
52 67
25 40
55 71
75 82
69 77
2 15
76 94
48 56
49 67
3 14
75 84
33 63
35 41
16 25
78 92
24 31
53 58
71 73
56 64
62 84
60 76
64 69
84 88
71 78
62 77
41 46
38 45
23 28
38 52
20 40
31 35
29 39
24 36
4 13
17 25
36 46
84 99
34 38
65 78
12 18
52 60
57 67
20 32
53 100
80 84
65 74
67 83
50 58
30 44
33 55
27 48
35 40
88 94
47 57
72 80
76 87
34 44
74 77
79 82
66 70
39 42
51 65
92 100
10 24
6 12
64 71
56 63
58 74
71 78
38 54
20 26
7 13
29 37
33 39
63 68
16 27
46 55
82 89
57 63
86 97
55 83
29 42
52 59
11 21
20 39
58 66
79 90
49 63
47 51
37 56
94 100
50 63
45 55
22 34
47 51
56 65
21 29
61 76
62 82
59 67
4 16
61 71
1 8
79 95
18 31
71 82
15 32
24 61
46 58
55 67
33 48
58 75
4 23
24 32
83 90
46 48
3 24
79 88
12 22
10 14
44 58
8 14
71 85
80 92
64 77
36 48
25 37
20 27
54 66
8 15
7 19
18 22
64 72
27 34
55 67
12 19
31 33
73 79
13 20
12 34
74 81
69 76
88 91
42 57
54 63
26 36
13 28
57 63
70 80
34 44
10 16
74 97
19 26
25 33
6 14
54 62
78 93
1 11
64 70
45 54
42 56
15 22
46 61
74 83
8 13
91 99
57 69
47 52
23 26
89 92
55 72
42 47
8 11
54 91
8 24
44 49
42 55
25 34
66 78
45 50
55 69
10 22
56 66
80 87
59 72
55 69
90 91
37 47
42 77
26 29
24 30
84 89
40 55
29 36
41 55
9 24
26 31
1 9
38 81
80 89
71 74
53 81
31 58
6 12
25 56
56 62
94 98
19 30
10 25
39 42
66 72
9 23
90 99
46 51
23 35
86 91
1 11
62 75
21 25
71 78
3 14
27 42
17 33
58 66
64 71
38 51
12 24
71 78
22 29
8 16
30 36
52 71
17 31
70 79
45 59
37 43
56 64
34 53
13 26
12 17
80 83
57 65
63 69
74 88
34 40
36 54
82 100
32 37
44 49
56 61
81 92
23 25
83 88
50 62
36 47
11 19
69 71
53 57
85 95
53 59
2 10
80 86
29 50
54 59
39 48
81 93
79 86
78 93
4 8
2 15
2 31
72 75
49 69
54 62
31 49
45 47
46 53
45 55
90 98
61 80
52 58
13 26
82 86
45 57
31 44
34 45
70 83
82 92
16 26
2 22
7 10
2 11
90 95
6 21
57 66
93 98
77 88
32 39
52 59
48 75
36 42
36 42
62 69
43 48
11 19
7 20
96 100
66 75
62 83
38 49
42 61
53 69
49 55
17 46
87 93
54 73
60 62
73 86
59 73
30 35
81 99
65 70
4 9
39 61
25 31
9 10
45 56
80 94
47 81
30 39
24 31
41 46
46 61
35 54
52 63
27 30
67 75
19 44
37 48
97 99
27 39
9 33
32 35
74 80
78 94
17 49
33 38
31 46
3 20
55 66
57 76
69 74
28 37
24 36
87 97
27 33
98 100
42 46
84 93
9 17
65 71
17 22
28 39
74 80
54 59
92 97
56 59
81 83
44 69
6 13
35 44
51 73
31 35
89 96
40 54
63 79
28 39
41 62
19 22
27 39
43 52
60 66
64 83
82 85
20 26
13 26
43 61
19 30
25 37
5 9
26 30
78 82
55 74
31 51
58 70
74 88
2 9
66 70
29 37
39 45
28 48
17 22
11 18
28 33
65 76
66 71
2 7
84 91
62 68
53 60
67 81
31 43
86 89
15 33
6 13
21 26
36 44
44 46
65 74
2 9
52 67
56 64
33 41
9 25
37 40
60 77
54 64
23 37
15 40
17 27
83 97
67 75
74 78
30 45
73 83
71 87
25 30
56 61
7 17
59 74
19 26
3 14
34 48
80 86
32 35
27 45
7 11
60 64
59 69
89 99
73 77
30 38
23 27
40 45
65 75
58 81
65 71
14 40
37 43
25 36
66 80
1 5
9 20
10 23
95 99
85 88
57 60
75 87
87 99
62 78
69 75
37 73
23 29
33 38
5 14
41 46
21 38
37 60
64 67
9 42
93 98
68 77
41 54
74 85
27 55
15 20
80 86
22 35
30 36
46 72
10 25
66 76
69 86
85 98
54 81
13 20
63 78
37 41
58 62
29 36
32 38
79 90
94 99
89 96
42 64
14 29
42 61
22 33
60 73
73 77
62 68
53 67
80 85
69 83
63 80
33 54
8 29
63 89
90 98
26 43
21 40
25 49
55 66
26 36
80 85
34 49
52 60
78 93
22 34
10 24
75 93
35 45
73 85
6 18
66 88
77 93
49 58
12 24
82 85
67 72
79 92
69 83
90 96
50 87
38 52
29 41
68 71
5 31
59 63
29 34
28 37
24 27
28 42
59 63
63 65
29 36
33 49
83 91
20 40
67 76
41 54
77 87
81 84
46 58
4 12
30 56
69 76
84 95
30 62
46 55
22 26
86 93
52 57
56 74
82 90
80 86
14 38
19 67
4 20
50 76
56 68
23 38
60 67
18 41
58 66
3 8
52 73
81 92
70 76
67 90
76 90
55 66
42 80
88 100
62 68
90 100
14 40
8 23
74 91
18 54
87 100
55 68
60 72
4 15
4 22
77 96
31 37
48 56
74 77
74 83
67 86
22 29
76 87
80 95
41 51
42 45
17 33
20 27
27 41
48 56
22 27
91 95
43 47
75 78
43 48
61 99
16 44
83 91
25 37
19 48
56 63
37 42
26 40
79 90
52 72
9 35
90 100
24 46
11 14
52 60
59 66
74 81
40 48
55 68
53 71
27 34
1 13
10 22
93 100
2 23
54 60
55 66
71 78
45 51
7 30
25 38
84 88
64 70
47 54
42 51
61 66
13 25
50 57
57 64
55 69
51 54
62 67
83 99
10 19
18 24
8 17
85 91
43 66
41 60
25 35
30 35
45 54
75 83
20 24
58 65
40 43
47 55
72 83
83 91
33 81
52 65
58 64
63 71
42 61
13 22
88 90
2 17
23 32
40 54
17 30
10 13
46 58
4 19
57 66
8 11
85 89
49 63
60 67
70 74
14 19
80 85
57 85
31 54
2 28
14 23
4 19
62 70
13 20
31 37
77 86
95 97
78 82
63 79
13 26
73 78
85 90
53 60
19 22
63 77
85 88
67 69
81 88
30 42
89 95
28 34
16 38
37 54
77 90
25 37
90 99
1 13
42 48
94 100
57 60
54 69
18 39
55 77
75 90
78 84
75 88
60 88
14 50
40 49
19 35
73 84
57 67
63 73
17 28
22 29
18 29
57 64
8 11
47 59
15 25
5 15
55 64
15 20
81 92
19 24
34 48
36 44
87 93
58 65
10 20
10 14
9 21
59 68
25 35
50 86
25 42
14 16
75 78
15 23
93 95
18 28
11 43
33 38
72 82
20 31
67 77
54 62
69 92
59 72
42 44
71 83
67 73
27 41
10 22
49 69
32 43
29 42
75 96
65 72
35 40
44 66
12 37
14 17
6 14
20 30
45 65
3 7
8 18
73 77
58 87
24 27
35 50
79 83
24 33
69 81
23 43
12 22
33 42
34 40
46 56
58 92
55 59
33 37
11 22
46 65
97 99
77 92
81 89
73 80
77 79
43 50
43 50
38 75
37 53
83 92
46 55
86 89
5 31
78 86
22 43
25 41
6 10
47 58
88 99
16 23
22 28
16 21
55 73
44 47
81 88
70 77
37 54
74 85
62 70
42 61
84 96
63 80
7 15
46 56
57 64
31 49
40 50
20 26
19 24
78 86
53 60
68 75
24 32
66 80
48 60
31 53
66 77
44 59
32 42
40 47
75 77
19 30
13 24
48 57
76 81
38 41
4 13
9 27
27 47
53 65
15 22
44 47
51 84
65 85
18 32
51 67
24 29
4 10
5 22
27 51
80 93
13 69
58 79
81 94
67 73
21 23
2 9
80 90
63 80
22 38
8 32
48 72
40 50
28 33
27 44
66 75
50 62
75 82
43 44
83 84
34 39
81 83
59 64
48 63
36 47
88 98
28 39
74 76
92 98
4 16
18 29
43 50
8 16
38 42
38 46
23 26
62 67
34 48
50 59
22 25
36 43
66 71
59 62
85 95
4 19
28 31
68 82
52 57
93 100
56 67
29 45
87 97
38 41
33 40
52 57
71 80
30 35
39 43
22 34
67 81
15 23
37 41
74 81
71 77
85 95
79 81
56 69
16 37
45 52
81 98
2 20
68 83
78 98
68 82
17 21
72 83
85 96
32 56
10 17
63 66
10 22
12 25
4 8
19 23
24 29
56 68
4 24
3 7
81 86
41 52
24 38
7 18
43 63
51 59
10 25
17 18
55 68
93 100
50 63
65 87
62 71
67 85
29 37
67 83
22 37
44 48
1 7
64 66
75 79
84 96
62 74
27 32
3 30
67 76
58 60
39 50
73 88
71 79
7 17
32 44
11 17
49 61
4 15
80 88
80 98
47 57
4 18
78 89
43 50
53 62
91 100
56 77
46 49
17 33
14 17
62 71
49 57
32 44
22 31
91 95
44 52
70 77
74 96
11 21
10 15
35 42
10 20
51 52
24 33
87 97
74 98
35 68
46 53
11 62
58 76
35 60
36 46
50 72
61 80
71 83
3 12
27 47
77 88
55 58
71 84
78 88
13 37
87 97
90 100
9 17
11 24
56 60
2 7
24 36
79 88
53 58
1 15
66 72
71 99
9 19
3 23
9 19
82 97
47 54
45 63
1 29
37 50
8 37
83 85
92 96
61 69
47 82
21 28
15 31
45 54
65 96
80 87
39 51
35 59
61 99
34 39
41 49
55 62
59 67
24 35
8 20
69 83
29 39
40 54
71 78
6 14
63 74
38 45
67 87
26 34
3 11
21 32
38 47
34 40
29 73
57 66
7 17
92 100
47 67
89 94
80 94
46 58
1 23
19 45
90 98
54 60
26 44
31 35
68 69
50 56
11 24
47 57
48 55
48 51
52 56
22 28
78 82
26 28
87 100
56 61
29 37
73 79
87 97
83 93
34 54
75 81
71 84
60 70
64 78
16 28
29 46
58 64
63 72
17 24
63 69
91 98
21 26
32 52
80 94
75 81
45 51
73 81
41 48
2 6
51 57
35 40
10 13
64 74
26 36
71 88
9 15
43 64
42 58
41 63
48 64
12 21
95 99
33 44
31 43
89 96
52 82
36 42
83 100
90 97
6 10
1 4
42 44
59 67
15 30
15 36
42 49
89 97
32 42
69 73
30 46
1 9
56 60
15 21
60 84
34 45
35 43
40 51
91 98
64 85
24 30
22 31
23 26
48 57
70 76
24 54
66 75
63 79
84 96
17 62
54 58
27 40
33 42
84 93
49 66
62 73
20 24
71 88
87 98
49 75
28 38
76 85
15 25
64 69
21 37
33 45
46 62
49 54
28 50
57 68
12 20
11 22
86 95
48 52
78 84
41 51
63 94
24 30
38 56
56 72
93 100
31 45
36 61
79 85
66 74
81 92
66 70
78 84
26 37
30 33
54 64
70 76
23 28
44 49
54 68
8 18
34 44
58 60
14 20
4 8
39 51
55 77
18 22
27 36
48 51
76 85
64 77
54 59
37 53
46 63
21 30
16 27
25 31
31 54
23 30
60 77
58 65
27 34
87 95
73 89
67 78
65 72
19 23
64 84
53 58
63 67
32 46
68 76
80 100
80 84
27 30
60 64
3 8
13 24
28 34
75 88
81 97
15 24
40 52
32 39
31 39
76 88
41 47
87 91
28 38
47 62
26 43
33 38
32 48
36 46
54 59
77 85
36 38
15 21
35 44
70 83
9 18
39 46
53 60
18 33
46 56
83 97
10 14
37 48
84 89
53 62
11 16
10 16
60 90
71 87
7 28
41 45
11 13
58 67
6 27
67 81
81 87
52 59
38 41
3 11
12 22
74 86
37 46
82 87
63 85
58 60
65 76
88 95
32 37
26 34
44 49
20 37
69 78
67 83
45 50
17 29
5 9
65 71
67 82
59 63
22 28
47 72
45 49
71 78
67 74
6 13
64 72
1 9
87 95
71 74
77 97
58 68
81 87
65 72
45 54
25 30
56 67
70 80
46 58
13 27
16 21
5 10
61 71
51 60
16 40
50 72
51 65
54 62
39 49
13 25
22 54
46 50
66 73
71 94
10 24
62 68
21 27
7 10
76 97
38 45
52 58
66 74
46 62
58 92
64 76
77 84
44 48
69 77
13 21
70 78
60 65
22 34
50 64
72 85
72 76
69 72
12 18
32 55
36 41
12 25
32 42
37 40
65 79
71 80
33 49
89 98
26 43
27 33
70 82
54 63
58 68
11 14
16 25
31 37
34 40
6 12
49 54
7 21
34 45
60 80
23 32
62 83
11 26
38 44
22 35
97 100
52 68
28 35
34 42
69 78
47 51
10 19
87 100
9 11
69 76
51 56
73 77
28 30
43 50
69 92
57 62
14 28
12 25
31 44
87 95
33 39
18 28
43 53
71 84
38 41
69 78
49 64
58 63
6 16
59 71
13 19
47 59
56 77
73 75
36 59
38 45
50 75
82 98
21 32
30 36
11 21
56 74
74 89
2 22
22 36
27 38
78 87
47 57
85 100
37 38
73 78
30 52
14 18
70 72
82 92
72 82
28 42
74 84
78 81
82 89
69 88
66 74
9 15
79 87
75 81
25 31
63 68
42 51
6 13
81 86
32 41
52 58
13 25
60 66
28 34
15 25
79 88
60 88
46 68
7 12
35 43
4 28
63 66
74 84
7 16
54 62
62 66
75 93
90 95
74 80
55 62
64 82
63 71
58 95
4 20
24 63
43 50
33 48
1 11
62 66
57 63
59 66
22 53
67 77
52 89
52 56
95 98
54 65
2 16
79 92
40 67
19 24
23 26
5 14
44 66
17 45
45 52
30 37
65 85
22 28
75 79
10 12
71 84
48 62
46 61
55 71
66 73
11 42
10 22
42 53
67 78
4 15
41 56
6 17
81 86
72 82
33 45
4 13
61 63
63 79
45 47
22 30
16 28
17 49
83 92
30 37
31 50
80 91
51 61
6 25
61 66
49 56
29 48
83 90
73 83
17 21
13 23
89 96
20 45
28 37
44 48
80 96
89 98
36 41
27 30
3 5
52 65
87 98
51 65
68 76
43 51
10 16
4 18
22 32
94 96
50 57
3 8
20 23
51 76
20 30
19 25
60 71
38 44
70 77
61 65
65 92
61 83
24 36
34 47
86 97
60 70
33 41
55 60
63 88
14 23
88 95
71 81
47 56
51 52
13 28
83 85
53 65
71 83
46 52
55 64
18 24
22 44
44 51
18 31
19 28
5 21
80 84
68 74
9 18
68 82
48 67
51 56
6 14
9 26
44 53
35 39
17 24
31 50
5 22
11 29
57 73
44 63
36 44
61 70
86 94
49 55
39 45
66 71
79 82
19 29
13 26
77 99
40 51
2 16
37 58
65 75
36 40
68 89
40 47
8 22
17 28
28 40
36 48
22 29
88 97
14 25
78 95
70 82
25 37
17 32
87 95
10 32
53 66
74 83
72 93
79 84
63 69
28 42
31 47
91 98
32 49
47 64
14 19
46 75
74 85
42 57
52 75
40 59
22 26
59 63
62 87
87 94
57 67
60 66
61 72
53 63
77 86
27 40
73 78
37 44
68 74
61 72
1 31
64 74
76 94
60 76
22 38
63 82
60 71
81 97
21 32
89 94
88 96
88 100
20 31
6 20
51 64
33 42
69 71
44 68
72 81
43 46
66 71
56 60
12 23
33 47
17 23
68 73
56 74
4 12
63 70
1 25
87 100
76 83
71 90
19 27
41 58
13 19
68 75
46 61
81 88
4 28
29 36
3 14
75 85
65 94
28 33
11 20
26 41
59 74
86 92
85 98
13 20
57 71
32 43
72 93
2 10
40 44
50 70
69 77
36 44
19 51
44 50
13 29
33 35
40 49
16 20
54 67
83 89
16 24
5 11
14 30
48 59
19 26
43 62
70 83
80 89
51 57
7 9
32 45
20 24
85 99
31 40
1 5
46 66
13 20
52 59
1 14
12 14
26 29
73 80
46 53
59 62
48 53
93 97
43 88
93 97
32 39
7 17
22 26
79 91
14 22
20 31
70 83
76 93
37 54
60 75
14 44
64 68
78 83
38 43
47 55
73 75
77 91
67 74
19 33
25 49
13 24
26 69
25 36
43 46
24 32
31 41
62 71
43 53
11 26
73 81
8 20
8 24
61 67
82 98
80 89
26 38
80 87
15 28
22 41
68 79
86 96
30 42
16 36
43 46
39 51
77 97
71 76
39 56
16 29
30 36
7 12
11 19
41 47
92 98
45 54
47 58
43 49
60 64
33 44
16 20
67 73
67 75
57 74
8 17
27 39
40 52
40 54
86 95
28 58
22 57
58 73
70 91
75 84
2 65
44 48
17 35
40 49
68 73
23 33
64 81
26 35
14 19
55 64
25 35
49 52
48 60
86 89
36 53
47 54
39 41
80 88
3 8
51 58
36 51
7 10
6 31
89 96
76 86
1 8
34 44
20 24
4 11
49 68
81 97
47 54
12 37
23 33
77 79
5 13
28 72
25 32
29 57
20 30
23 29
12 15
38 43
33 41
2 12
88 94
18 20
71 79
58 64
59 62
28 47
78 84
34 42
88 96
80 90
18 23
13 27
42 52
83 86
84 99
7 13
58 64
48 52
21 32
11 18
57 71
30 44
26 34
29 38
37 52
19 29
38 66
18 33
49 54
16 25
22 30
72 97
65 76
76 83
60 70
36 46
51 63
37 77
30 39
47 62
63 67
25 38
3 23
75 98
5 14
84 87
8 30
94 96
60 62
3 9
81 83
37 40
26 37
68 97
5 9
35 61
80 84
6 9
18 21
71 87
66 69
20 27
20 23
54 64
77 95
24 36
47 51
33 42
58 62
57 63
92 95
39 66
54 63
47 53
16 21
41 49
47 56
28 36
32 71
16 24
8 54
45 51
41 46
27 35
43 52
73 83
20 27
18 25
14 21
51 56
31 39
70 92
69 78
59 78
85 88
16 37
9 18
60 71
3 14
26 34
73 76
36 39
62 79
81 83
3 11
68 86
10 15
13 22
43 61
23 38
77 89
8 13
54 56
91 99
38 55
81 97
11 26
28 32
35 40
95 100
46 61
7 32
26 42
73 86
43 49
49 54
46 71
86 100
22 36
10 15
75 92
43 51
46 52
65 82
52 70
40 49
8 28
10 15
6 18
57 68
13 15
15 24
82 86
78 84
54 57
30 46
3 6
85 93
10 15
62 66
42 51
86 99
79 91
33 37
78 97
10 19
77 92
2 7
31 35
52 59
18 23
23 31
71 76
47 49
12 35
5 21
70 78
32 48
52 58
51 55
8 19
24 29
92 97
19 29
63 92
2 5
32 38
9 14
73 81
52 69
32 43
43 51
53 61
79 90
37 40
14 27
13 22
25 35
52 65
29 36
36 40
17 25
26 40
85 92
40 57
33 50
24 29
40 46
35 62
88 94
1 5
25 42
29 34
64 74
15 18
13 16
51 58
37 53
12 50
66 74
87 96
40 55
17 32
7 14
6 13
10 24
22 49
1 6
4 14
70 91
78 91
37 42
36 48
50 83
39 52
35 39
78 83
41 80
70 77
91 94
14 41
80 97
23 38
94 100
5 8
2 6
50 71
57 69
26 32
45 59
54 56
12 24
26 35
13 19
51 70
29 48
21 31
30 64
63 84
4 18
86 89
37 41
24 30
65 90
60 71
62 75
41 70
28 37
20 35
77 98
6 26
52 70
22 26
39 44
53 66
51 56
6 13
7 16
49 56
11 17
26 34
41 47
10 13
37 44
91 94
13 30
48 55
24 39
41 49
15 21
70 78
93 99
75 84
94 98
96 100
32 35
60 64
37 44
15 24
28 34
30 37
23 28
65 69
4 7
24 28
78 81
9 14
42 74
38 44
69 82
63 77
82 98
83 97
64 83
38 46
44 78
13 19
30 33
94 98
2 18
90 97
54 69
69 81
60 72
82 89
41 47
45 67
54 56
54 57
85 99
40 67
11 17
66 73
64 77
86 91
58 66
14 28
74 80
50 62
8 9
77 78
36 46
86 90
21 28
82 97
85 93
21 24
81 92
32 38
56 67
21 40
20 23
5 14
25 32
78 81
57 64
17 28
44 47
70 81
25 52
32 36
63 65
58 66
7 9
75 88
2 28
28 31
82 89
75 87
17 28
50 61
9 13
8 12
33 42
86 93
59 63
34 47
79 88
73 77
11 19
19 23
46 52
39 42
56 60
46 62
33 38
18 21
31 42
63 70
87 96
23 33
63 72
55 61
51 65
16 19
57 64
30 44
18 28
51 56
7 14
19 25
81 93
60 68
43 53
15 21
33 44
26 41
65 81
49 61
25 30
36 40
7 29
21 28
34 57
57 62
55 60
59 71
50 65
5 12
38 48
31 42
24 35
26 32
43 49
94 100
51 62
45 58
21 40
83 85
84 87
87 95
68 76
47 54
33 41
36 41
70 94
36 52
33 36
61 68
24 28
61 71
77 90
52 62
30 38
82 96
68 80
50 54
88 93
31 44
20 27
60 69
31 45
16 29
11 52
38 44
61 78
29 34
85 98
32 35
90 98
22 32
23 30
76 83
28 39
11 28
59 79
4 14
82 85
55 61
56 63
79 85
85 89
1 9
5 38
82 89
28 34
76 82
31 35
73 87
39 59
55 73
36 91
61 70
20 26
65 68
74 85
93 99
8 19
86 97
65 79
5 13
80 91
72 84
48 61
64 70
83 98
39 46
51 60
73 93
54 60
42 56
89 93
65 75
20 28
8 33
70 87
12 31
52 64
40 53
71 78
14 33
85 94
88 99
68 76
56 57
45 59
1 5
4 16
39 47
58 68
84 87
51 57
25 27
89 96
3 40
33 58
55 68
54 60
4 23
63 74
91 98
27 49
20 32
16 22
85 88
91 99
73 78
31 53
68 71
1 17
55 59
71 73
81 92
51 67
2 96
23 25
54 62
8 98
64 68
68 78
61 75
2 12
53 77
33 40
73 81
56 81
14 20
68 72
66 73
6 25
97 100
17 28
12 21
39 50
30 36
67 78
84 89
89 91
64 67
43 48
23 31
59 73
83 95
39 45
50 63
28 36
10 18
23 31
33 41
45 49
27 51
71 81
36 42
84 95
92 96
68 76
74 77
15 23
37 39
73 80
29 69
7 22
72 78
47 56
62 73
12 15
10 38
68 73
69 75
8 13
71 75
67 76
75 82
44 50
57 82
7 10
80 87
71 75
70 84
93 97
58 66
89 99
60 69
5 14
59 81
40 45
9 11
35 43
82 87
36 45
83 89
64 83
71 82
21 32
77 86
82 97
56 72
19 24
36 62
15 22
8 13
71 74
63 74
31 41
12 26
21 56
67 79
38 50
70 82
54 67
67 80
76 90
15 18
6 19
46 54
40 47
78 82
17 25
4 9
34 41
42 51
49 64
9 34
85 92
8 38
78 87
70 77
65 71
15 26
25 28
64 97
32 39
56 72
58 65
35 40
69 75
10 39
40 45
60 70
35 44
73 78
45 81
67 75
85 98
42 44
38 47
9 14
60 78
59 66
35 47
39 48
9 16
2 14
91 96
28 32
74 78
50 60
69 84
78 87
5 13
60 70
83 92
24 34
91 96
91 96
63 72
79 94
37 51
75 81
4 17
23 53
33 44
61 66
93 100
57 63
71 87
78 87
62 75
22 31
34 41
57 79
18 43
10 22
78 91
5 8
33 66
72 80
86 99
76 87
21 31
47 51
29 37
51 61
32 36
80 82
12 16
12 24
77 87
17 20
2 14
55 67
89 98
76 88
77 81
56 64
43 49
79 81
64 95
23 45
15 25
50 60
41 48
51 59
91 93
12 26
35 59
6 26
46 65
43 46
29 35
88 93
28 32
17 23
20 30
36 44
74 83
29 33
13 21
27 38
75 85
2 20
22 33
4 16
80 88
4 15
33 45
67 81
1 20
37 50
34 47
81 88
82 94
48 68
63 71
47 59
68 71
30 37
4 10
63 97
44 51
47 63
52 68
24 31
59 68
19 27
12 23
58 67
80 93
73 80
42 60
80 93
16 22
94 98
47 62
69 77
41 58
10 11
5 33
39 48
34 46
52 60
30 32
37 44
62 73
36 41
81 86
89 96
70 83
62 70
76 90
49 53
25 33
32 36
37 51
68 72
25 41
74 87
55 65
86 90
27 31
33 38
74 89
23 26
3 5
42 58
4 16
74 79
14 58
84 92
42 52
43 46
59 64
48 64
62 67
78 87
6 33
67 86
14 19
25 31
20 24
40 49
44 52
9 16
46 58
66 73
29 34
88 100
48 51
19 50
29 42
42 46
23 30
1 6
35 47
68 82
17 30
82 91
85 97
18 27
2 10
96 100
24 29
17 18
28 37
18 23
35 50
45 51
59 63
90 95
86 93
62 66
27 36
29 38
22 34
94 97
58 85
63 85
5 13
7 16
63 69
63 65
47 57
11 21
38 53
50 69
4 16
66 75
40 56
52 57
62 69
49 73
11 34
9 18
62 74
83 93
54 62
80 83
66 71
14 17
46 51
71 76
62 71
74 85
6 18
58 77
84 89
49 52
69 90
14 21
36 40
86 89
11 26
24 39
31 39
66 74
2 7
14 25
28 38
38 46
91 98
62 78
50 56
63 84
57 65
15 23
72 99
66 72
17 28
12 18
84 89
34 43
12 20
23 38
14 25
91 97
80 93
29 31
58 65
74 98
61 74
18 23
54 77
52 58
16 20
34 38
19 31
47 57
28 41
9 12
10 23
5 14
7 14
60 65
14 42
27 67
26 56
39 49
9 34
32 35
20 35
73 81
55 80
71 85
25 42
50 61
16 21
94 96
71 84
69 75
12 26
18 27
10 26
91 98
45 59
34 42
61 71
1 11
42 84
57 64
61 81
2 9
31 43
54 68
52 60
17 20
13 19
87 92
18 22
33 47
73 87
27 34
7 20
36 42
74 95
46 48
31 42
27 37
21 31
62 71
87 93
20 25
88 91
18 20
35 52
23 28
11 21
57 61
41 46
61 66
79 91
19 27
31 39
46 77
73 80
60 63
50 62
69 83
69 73
72 80
92 100
60 83
62 68
72 77
17 21
21 28
26 33
81 94
3 13
2 12
68 76
72 82
17 24
44 56
72 74
59 61
27 36
7 18
17 28
13 44
54 58
24 32
64 85
78 82
62 66
6 19
80 87
32 58
1 8
15 19
60 70
34 44
17 28
23 30
74 89
86 99
64 66
90 93
9 19
49 58
96 99
56 65
35 50
79 82
70 85
80 100
6 37
87 91
58 70
81 89
75 88
33 42
7 17
58 72
83 94
84 96
39 52
52 56
41 55
64 71
72 78
86 90
56 60
26 34
47 50
43 74
51 59
28 59
51 56
7 17
37 43
12 17
75 86
32 47
55 72
29 40
1 14
50 54
78 83
59 64
33 48
1 8
21 43
88 94
13 29
92 95
44 53
82 86
78 85
11 37
42 51
12 23
79 94
64 72
31 35
21 24
29 36
33 50
49 62
32 62
86 99
61 73
59 76
37 42
60 93
21 29
70 76
85 92
33 49
47 51
82 91
74 80
51 58
1 28
44 48
46 58
45 47
50 57
88 94
16 29
51 62
77 88
81 87
57 64
2 9
54 65
90 98
50 69
17 24
71 83
91 97
47 50
64 78
72 86
5 12
27 34
7 11
22 47
93 97
29 48
24 30
40 44
69 71
6 16
47 53
7 12
57 68
40 55
83 92
19 25
67 86
44 54
30 34
32 38
54 62
64 75
55 91
70 77
78 91
40 44
40 64
11 22
41 50
68 83
17 25
69 74
20 47
