100 20 20 5
00000000000000000000
00000000000000000000
00000000000000000000
11110000011110000000
00000000000000000000
00000000000000011111
00000000100000000000
00001000000000000000
00000000000000000000
00000000000000000000
11110000000110000000
00000000000000000000
00001110000001100000
00000000000000000000
11110000000000000000
00000000000111100000
00000000000000000000
00000000000000000000
00000000000000000000
0000000010000000000
0000000010000000000
0000000010000000000
0000000010000000000
0000000010000000000
0000000010000000000
0000000010000010000
0000000000000010000
0001000000000010000
0001000000000010000
0001000000000010000
0000000000001010000
0000000000001010000
0001000000000000000
0001000000000000000
0000000000000000000
0000000000000010000
0000000000000010000
0000000000000010000
0000000000000010000
4027
85 94
3 8
31 37
14 20
90 99
26 43
75 86
16 24
36 51
86 100
73 79
78 86
42 48
8 16
44 56
47 50
11 20
64 75
24 28
79 85
51 60
68 87
18 38
85 100
16 26
78 97
65 66
88 92
40 44
41 44
70 76
56 59
32 45
24 26
38 47
51 67
37 53
38 44
14 29
69 72
64 71
40 41
56 81
56 60
24 35
29 36
37 50
20 32
73 81
70 95
14 26
42 60
1 6
34 79
12 17
73 79
46 74
60 66
20 36
37 64
15 23
68 72
53 63
70 77
56 67
34 39
5 31
56 62
64 73
13 44
35 47
40 44
61 69
9 24
31 43
19 22
9 15
88 93
73 75
26 38
56 78
81 85
15 22
5 9
18 27
94 99
29 37
31 43
35 49
41 81
65 71
73 81
2 14
81 95
19 31
34 37
80 97
40 43
14 19
70 85
58 63
75 82
60 64
47 56
3 7
55 60
55 75
2 6
96 100
18 33
50 60
54 79
30 31
56 65
78 86
9 24
84 100
32 46
27 41
16 18
48 71
77 82
8 12
50 78
60 68
21 33
7 12
26 35
78 81
27 32
66 84
25 40
51 87
1 8
82 90
30 40
70 96
46 60
51 60
68 88
80 97
28 37
1 27
15 23
12 47
22 38
27 44
22 24
88 99
23 26
5 12
59 65
20 27
77 87
80 100
63 77
5 15
25 29
64 67
80 90
43 56
6 16
22 41
68 76
40 49
50 55
31 42
1 21
84 98
78 95
84 93
88 92
11 50
5 12
35 41
20 35
40 50
48 51
38 52
82 97
33 45
90 98
90 95
52 58
84 98
80 84
66 100
86 96
23 32
19 34
57 67
81 91
49 55
24 32
43 53
77 88
29 47
51 69
6 12
9 22
48 63
13 28
67 78
23 29
30 36
87 94
46 49
17 22
1 7
89 99
68 78
68 80
37 44
26 42
65 70
34 45
78 89
30 40
86 95
20 50
38 42
80 96
14 40
32 47
66 74
32 38
33 49
24 37
78 84
10 14
64 72
84 92
2 14
67 70
58 78
48 60
78 93
13 18
4 15
13 26
86 94
80 95
68 73
39 50
65 90
78 85
10 22
90 99
62 69
85 88
12 27
41 46
27 57
59 64
81 92
54 61
72 89
61 69
2 5
77 90
65 81
37 40
24 39
89 96
3 15
59 63
68 91
22 27
51 61
1 6
47 66
19 42
80 97
34 50
13 22
21 34
39 53
8 13
28 67
11 19
15 19
26 32
41 48
19 36
31 46
57 66
31 41
17 20
38 48
21 26
71 90
89 99
96 98
29 37
20 30
21 33
3 11
14 23
38 42
75 86
13 19
83 93
73 84
7 15
61 74
30 37
81 93
17 22
68 74
5 9
46 56
83 86
15 19
3 27
50 56
75 85
23 30
70 85
51 58
39 62
41 50
8 19
60 64
53 75
44 74
69 84
39 65
93 99
7 11
54 76
90 96
5 27
85 90
9 14
51 55
44 51
30 50
84 91
41 57
72 76
57 97
31 43
68 84
79 88
83 85
75 77
53 57
81 88
48 73
91 98
83 90
41 98
84 89
18 26
76 78
33 42
15 31
16 22
48 60
1 23
60 71
69 72
26 32
18 22
42 46
26 43
59 66
33 35
60 71
35 45
19 29
46 51
48 56
1 9
52 59
2 8
58 88
85 91
94 98
14 23
57 73
23 35
14 50
59 65
4 13
4 24
90 99
10 19
50 59
31 43
60 65
31 49
60 75
78 87
44 62
14 30
45 63
34 39
56 64
11 25
65 81
89 92
49 56
47 54
41 49
15 20
59 62
3 20
42 65
6 27
81 92
36 48
93 98
38 50
16 28
1 15
76 85
82 84
68 83
84 93
2 14
65 70
56 79
76 91
21 30
63 69
34 62
39 58
65 71
24 43
80 85
20 42
14 26
4 18
78 96
48 70
61 76
35 49
35 46
16 35
89 97
6 8
4 13
87 92
79 95
24 32
52 55
75 92
46 56
25 41
26 42
50 68
79 91
44 51
27 32
70 74
67 75
15 25
11 17
53 63
40 47
68 79
27 37
68 71
56 66
50 69
5 22
44 68
55 73
28 36
54 58
67 81
39 43
93 97
47 53
26 35
21 38
48 51
26 36
4 16
80 86
14 18
14 26
81 83
14 17
38 52
91 98
36 45
3 18
44 58
11 16
42 46
60 68
85 91
1 19
82 85
39 47
98 100
58 69
28 36
71 76
30 50
94 97
64 78
82 94
52 62
20 33
20 27
88 97
78 82
9 13
54 57
43 46
34 39
11 15
16 21
71 79
35 38
83 98
5 17
85 91
33 38
80 94
47 53
54 58
31 58
59 71
21 28
26 32
90 97
29 36
12 39
23 43
1 26
62 68
2 16
1 12
39 49
55 62
20 29
18 34
6 16
61 71
11 32
61 68
49 74
37 61
56 66
82 84
46 59
15 23
10 44
1 14
92 99
56 72
68 76
2 6
45 59
23 40
83 89
53 68
41 59
47 62
5 19
58 63
69 71
19 38
94 100
68 78
8 46
25 40
32 43
55 58
36 50
37 44
55 71
9 19
62 81
57 68
41 56
49 61
21 32
13 19
53 66
6 13
78 81
64 70
63 70
53 56
70 80
53 60
20 24
50 58
8 11
75 78
75 82
55 65
21 27
18 61
73 87
49 57
31 38
93 96
12 28
45 57
41 43
41 66
13 62
30 39
44 51
46 58
18 31
66 75
6 15
26 40
49 64
38 49
32 43
58 83
35 41
49 65
36 63
8 25
73 85
34 46
47 71
21 34
43 45
59 62
55 64
3 21
47 61
49 58
70 76
55 60
15 27
77 89
34 50
24 31
84 99
4 17
68 77
40 49
35 57
74 82
9 23
57 84
55 59
58 64
63 67
11 19
19 24
58 75
62 69
4 18
28 39
34 40
15 25
47 59
36 42
25 29
1 13
39 50
71 77
62 83
20 25
87 94
87 93
22 33
40 56
87 95
88 94
56 71
55 66
74 94
23 39
28 52
28 40
66 87
10 18
68 80
69 72
50 53
89 100
52 65
50 56
40 42
59 63
13 32
38 44
7 10
40 45
41 53
9 12
76 90
14 20
68 73
81 91
81 88
7 17
49 66
10 27
23 29
20 26
45 75
19 26
6 10
81 88
96 100
64 73
5 23
54 67
36 41
39 63
23 34
38 46
57 64
38 46
70 79
2 9
19 30
9 27
71 79
50 74
51 60
75 82
49 53
74 85
50 63
32 46
10 13
26 44
62 70
71 80
48 67
29 39
32 39
64 78
61 70
5 36
44 47
20 35
62 70
10 26
63 64
41 59
2 24
50 57
83 89
61 71
81 92
89 94
17 30
48 66
51 60
84 97
36 55
27 36
24 33
11 28
22 36
78 94
1 7
56 66
11 31
87 94
64 87
27 30
38 60
84 92
34 48
8 13
32 54
20 27
15 21
6 16
43 63
80 84
63 74
39 53
39 49
67 69
59 91
3 23
57 63
4 14
44 54
60 70
84 93
68 78
23 42
77 88
62 76
65 82
58 64
12 27
91 93
40 43
23 30
69 74
12 22
26 51
79 83
27 42
78 88
51 58
66 69
12 20
63 67
6 9
52 57
51 56
90 93
49 59
37 40
54 61
53 63
72 92
28 39
67 76
84 97
1 10
32 37
37 50
84 85
19 34
76 84
34 41
82 85
27 40
68 76
67 73
23 34
64 84
17 23
73 84
40 42
16 29
35 40
18 27
56 68
26 32
15 19
95 99
36 46
45 51
74 78
36 46
11 28
29 65
54 62
36 62
26 47
61 65
44 47
78 89
75 84
59 65
29 49
47 62
43 53
73 94
55 74
8 23
56 58
63 84
66 76
59 72
13 27
80 89
20 27
50 71
32 56
43 50
76 81
12 30
71 87
80 87
12 22
1 14
32 34
68 73
45 60
71 87
19 27
72 79
71 82
50 56
55 68
15 26
26 31
62 78
58 60
66 71
2 16
35 50
13 27
8 21
22 30
2 14
1 18
79 83
63 100
24 26
82 98
38 41
7 11
95 98
77 92
14 23
3 6
46 54
27 28
70 81
44 55
30 41
59 65
25 37
75 79
33 57
18 21
26 44
31 43
21 30
12 39
79 83
31 43
26 32
13 22
73 79
11 16
46 57
29 32
66 69
53 59
80 83
78 100
56 73
88 94
17 26
92 99
57 61
83 88
65 74
85 94
63 80
67 74
51 74
13 17
38 44
71 84
62 83
23 39
36 40
62 66
34 38
82 92
62 65
59 64
10 19
9 26
31 46
33 46
16 19
59 70
13 23
6 9
65 78
82 93
54 58
27 36
66 74
8 25
36 46
80 89
66 76
33 40
36 46
58 61
58 81
56 78
5 16
56 82
27 39
1 15
90 95
70 99
80 90
82 90
52 69
50 71
4 18
12 19
52 63
84 91
8 33
96 99
71 90
87 93
52 78
42 53
75 82
28 42
88 96
2 12
23 26
21 30
19 40
79 93
30 40
8 11
12 21
1 27
12 18
94 95
1 21
58 66
85 98
1 8
61 71
81 95
24 32
78 84
32 55
50 65
21 35
41 56
37 66
90 96
76 81
52 67
8 17
46 62
50 58
9 20
51 60
13 34
79 87
5 12
83 91
39 51
82 88
83 99
40 79
44 50
36 40
23 41
26 34
91 96
10 23
49 63
5 37
22 32
94 99
82 93
53 63
2 6
13 15
56 84
26 29
67 83
3 6
52 66
25 42
91 94
1 20
53 60
5 10
31 36
79 84
67 87
32 55
77 83
68 74
53 64
5 18
31 37
69 79
78 92
47 60
75 91
10 15
57 66
45 51
37 42
82 94
77 90
49 69
4 17
53 86
54 57
28 33
16 39
48 60
4 7
43 68
56 70
79 89
20 39
12 21
46 60
5 14
73 78
27 31
54 65
16 22
53 65
27 31
48 58
33 51
49 58
84 96
72 76
47 55
35 42
77 85
4 13
54 73
64 69
24 37
58 66
29 43
48 56
16 25
59 65
42 52
1 8
59 89
7 19
35 43
13 31
25 30
26 39
87 94
76 79
41 71
24 34
73 83
24 34
77 84
35 38
33 44
50 63
19 26
80 93
23 35
36 71
22 36
29 42
71 86
32 37
13 42
38 59
92 98
14 25
68 73
94 97
48 56
36 46
13 21
46 51
87 97
4 6
15 26
11 17
72 76
26 31
43 54
79 88
41 53
4 11
39 48
82 91
25 41
24 29
61 66
44 47
19 40
62 77
73 83
31 34
72 78
6 8
56 70
79 91
63 98
21 24
59 67
41 54
30 40
42 49
6 18
29 46
47 58
59 65
66 74
22 52
73 81
68 74
39 42
43 47
46 64
57 72
42 44
12 21
41 58
28 32
71 83
86 91
63 76
75 87
39 50
66 78
23 36
88 94
77 85
75 80
57 66
97 99
34 37
76 81
72 81
55 58
14 21
61 74
26 38
53 71
25 50
46 58
25 33
67 86
10 26
4 10
8 14
82 91
44 49
47 63
21 26
29 37
17 37
82 84
11 16
30 35
57 66
26 53
57 82
46 58
33 44
72 92
39 44
56 74
34 68
45 60
87 98
45 55
30 40
22 38
92 100
46 59
68 77
7 35
93 99
20 40
27 36
18 29
89 100
63 68
28 39
5 19
8 19
77 88
19 20
15 26
2 7
91 96
55 66
1 23
20 24
20 31
2 8
7 33
74 76
59 65
39 49
70 80
49 56
30 43
2 7
49 55
1 8
58 75
27 32
34 42
25 38
24 38
65 77
50 67
59 67
9 23
88 98
73 82
51 74
51 72
81 94
58 70
48 61
51 53
18 30
44 62
16 21
11 15
73 76
61 98
9 20
79 98
16 20
15 31
27 44
64 67
10 14
79 86
8 15
31 37
56 69
70 93
74 83
2 17
62 67
34 47
64 68
69 91
22 68
12 34
78 97
62 72
34 42
53 79
74 90
10 16
82 88
2 25
30 47
25 35
5 14
72 76
48 73
27 40
56 62
65 78
65 74
19 25
1 7
30 33
48 52
42 49
82 85
38 46
83 90
39 55
74 82
16 33
53 65
35 53
45 53
81 90
55 65
34 46
51 70
7 15
35 41
23 29
47 61
42 48
3 16
41 55
54 61
52 59
3 18
42 58
19 40
21 26
41 58
30 44
78 100
8 43
53 73
27 42
21 63
65 70
20 23
39 59
93 95
15 17
49 60
83 87
48 57
11 24
67 74
9 20
14 38
46 51
26 31
18 23
19 27
23 31
2 21
32 43
35 65
96 99
41 64
60 65
4 10
27 86
56 77
17 37
86 94
88 93
62 76
21 25
88 97
98 100
86 91
59 80
20 26
5 10
29 48
47 52
53 58
92 94
45 62
71 82
75 82
24 38
71 92
15 33
3 6
89 91
15 19
34 38
85 92
72 77
71 84
47 53
16 21
87 93
46 51
74 82
9 21
25 45
34 51
89 91
1 31
47 53
94 99
84 94
23 35
95 100
71 76
15 30
71 75
90 95
7 22
51 62
29 40
87 92
21 29
71 76
8 13
50 73
85 96
71 88
52 66
36 44
69 90
37 42
91 96
14 23
5 20
11 36
17 21
15 24
3 13
76 87
89 91
64 74
4 14
91 93
71 79
50 53
65 80
81 92
77 85
81 98
15 22
3 5
21 31
70 76
63 68
65 78
30 41
42 61
8 24
52 64
31 42
45 50
27 30
14 28
4 11
78 93
5 47
70 84
92 98
60 66
18 23
85 100
49 54
54 58
54 67
75 90
86 88
79 84
64 75
51 56
64 88
20 24
17 32
85 98
96 98
33 38
33 36
5 19
16 27
75 87
10 16
48 67
92 100
1 28
62 65
27 34
72 77
11 17
3 12
8 9
93 98
32 44
49 66
73 78
86 92
76 91
54 61
48 57
77 87
77 88
35 40
46 59
18 23
71 93
37 45
55 64
8 22
4 12
32 41
32 35
55 95
79 83
16 28
37 59
81 88
29 31
43 54
66 76
42 43
52 58
13 35
9 18
25 43
78 93
48 55
23 52
36 59
65 72
71 86
47 53
56 62
73 80
53 76
59 69
90 96
77 85
50 65
7 16
10 14
86 91
79 90
76 85
89 92
73 80
84 92
10 14
22 32
86 98
4 7
84 94
50 62
31 41
22 28
73 81
29 35
65 69
3 18
25 31
31 44
49 62
71 78
75 82
66 80
6 13
34 39
70 75
23 26
82 91
17 26
57 76
28 38
65 70
20 29
23 53
37 54
75 79
76 99
74 85
55 68
7 31
84 89
23 34
33 38
94 99
73 82
76 89
10 23
63 66
76 80
38 41
73 95
1 6
73 80
55 75
86 89
72 84
62 69
20 39
41 71
40 52
68 89
84 89
56 66
15 43
56 63
84 94
85 91
2 9
4 24
5 12
57 67
60 84
37 55
85 91
41 54
39 48
14 18
46 56
84 89
65 95
65 71
22 28
34 63
33 36
79 85
19 28
65 70
8 14
65 80
26 44
25 64
91 100
92 99
51 54
5 9
22 27
41 58
3 11
67 72
19 35
37 47
21 42
59 64
5 12
96 100
63 75
79 98
48 56
4 14
28 35
59 80
55 66
26 37
47 60
86 92
36 47
41 75
15 19
23 34
64 87
35 37
79 85
78 85
1 8
61 86
1 22
44 78
76 86
18 32
49 55
4 10
45 47
1 10
8 21
39 44
17 27
89 100
22 34
30 41
26 39
40 49
71 86
2 11
50 64
49 60
60 70
6 9
77 85
31 65
97 100
50 57
33 40
85 88
55 60
60 80
91 97
28 57
4 12
39 61
66 91
67 71
1 32
46 55
68 75
67 74
75 89
56 66
7 14
83 94
34 39
16 44
68 70
62 76
59 70
40 56
72 75
53 64
39 52
14 24
7 24
64 95
95 96
10 16
17 34
49 59
9 19
9 26
45 84
13 20
29 31
68 100
22 28
57 64
79 94
40 46
71 78
28 40
33 44
41 45
40 50
16 41
38 51
76 84
48 57
64 81
80 92
37 46
18 24
56 62
19 35
73 90
87 96
8 29
67 84
9 17
17 19
43 56
5 7
78 86
59 63
55 69
23 40
90 97
34 57
34 47
40 48
33 48
72 76
75 99
41 47
45 60
39 74
9 29
65 73
31 35
31 35
66 71
48 53
44 97
19 35
44 48
12 18
73 80
12 15
12 22
26 41
6 12
10 11
57 73
52 66
41 63
69 92
77 84
78 87
3 14
50 52
8 14
29 59
26 32
32 52
49 57
48 57
25 34
69 80
46 58
35 40
39 54
80 92
1 9
43 48
16 21
83 91
31 46
44 66
95 100
32 38
4 11
20 46
42 49
74 83
53 68
30 44
38 47
77 85
58 66
38 41
28 35
62 73
57 61
40 52
78 85
55 70
21 25
86 99
28 36
73 82
5 12
58 75
82 99
6 16
53 55
65 70
79 96
13 15
79 83
78 84
1 33
66 68
16 49
82 87
11 31
33 44
42 48
35 45
11 30
19 25
59 66
25 27
15 17
75 79
12 19
94 99
95 100
38 86
58 96
39 45
78 84
33 37
28 37
13 26
23 28
21 35
51 81
32 50
13 16
72 90
71 76
74 86
62 76
29 34
93 100
81 90
47 55
91 98
72 92
51 57
73 92
85 100
33 40
8 26
25 39
56 67
41 47
9 23
18 23
39 48
42 49
85 89
32 45
21 33
82 83
59 70
20 43
62 87
54 61
82 90
5 13
51 58
51 61
12 19
19 34
31 45
29 40
69 79
30 47
57 65
70 75
78 86
45 52
23 32
17 20
2 7
87 93
13 47
8 20
88 93
23 35
31 50
41 46
32 52
45 60
72 75
22 43
55 61
51 58
20 38
46 94
35 41
63 72
52 64
22 57
57 62
13 22
76 83
81 95
26 33
64 74
50 63
59 67
78 84
65 70
88 91
61 74
28 36
31 33
31 47
36 49
62 79
66 71
63 73
6 13
30 38
46 60
90 93
34 45
19 24
96 98
28 33
57 63
13 16
78 89
78 88
29 35
34 44
15 25
84 94
28 34
21 47
13 22
76 87
88 91
20 30
39 44
80 85
28 31
38 44
50 70
24 29
31 37
75 86
67 69
18 22
20 33
35 45
9 13
54 57
85 95
25 45
66 78
78 82
43 52
52 60
27 37
30 40
18 21
22 26
27 50
94 96
27 33
68 76
83 86
33 42
80 85
18 29
15 20
55 65
26 38
90 93
39 44
60 72
82 89
41 61
33 38
16 38
45 65
16 25
36 57
29 38
32 63
39 61
54 60
26 41
50 60
56 63
49 61
74 81
50 79
88 95
47 58
60 67
27 48
55 70
68 84
48 65
60 64
40 76
11 16
71 74
14 26
21 30
41 50
23 31
26 38
65 77
8 18
8 18
4 13
29 46
43 46
48 58
24 34
86 91
53 63
43 65
28 40
76 85
28 39
51 57
52 72
29 39
52 65
41 54
72 100
58 74
14 26
16 20
37 43
40 42
49 62
69 81
77 87
79 90
66 92
49 60
67 75
45 48
93 95
47 55
54 75
1 7
12 18
3 15
22 76
51 61
73 79
30 39
27 41
67 72
8 15
41 46
63 72
65 77
16 26
17 24
15 24
3 11
5 11
41 56
92 97
80 88
23 29
60 76
72 83
52 58
28 35
8 15
8 30
49 68
13 20
33 52
46 52
50 61
86 91
80 87
51 69
15 22
9 30
44 49
72 77
47 56
9 23
50 56
2 6
1 3
63 67
58 70
95 99
84 94
64 72
17 29
32 40
57 68
76 87
46 74
25 32
1 16
56 62
56 63
43 51
31 36
9 38
26 38
45 53
12 23
37 46
52 65
74 88
17 27
76 88
68 84
22 29
16 22
33 46
70 73
66 79
37 43
86 90
56 60
84 90
80 87
9 14
87 96
3 17
66 77
23 45
59 64
79 86
68 79
74 82
40 67
15 28
18 38
83 93
72 77
58 72
53 60
34 38
71 84
50 66
61 70
85 96
35 47
94 99
64 89
37 45
19 43
52 59
49 59
17 22
55 62
11 22
70 76
81 92
5 11
89 93
72 84
37 43
5 17
71 81
30 38
48 54
9 21
58 75
55 65
23 71
53 62
22 35
34 53
40 69
45 55
70 75
31 62
71 82
51 59
62 71
57 79
65 83
90 97
4 15
18 56
20 79
5 9
30 35
36 47
30 38
82 91
2 12
74 92
46 54
45 65
48 59
64 77
78 86
59 67
55 72
17 21
52 65
35 38
33 61
58 67
17 38
28 62
66 67
76 92
57 75
69 76
82 83
38 47
15 35
25 29
39 53
39 64
29 34
42 64
58 69
50 62
20 27
26 33
16 27
68 81
47 68
63 69
64 71
12 20
39 46
17 27
1 9
71 79
56 60
33 61
82 97
63 72
27 36
69 77
78 92
85 91
81 87
53 59
10 18
49 56
9 21
73 88
20 23
79 84
19 29
3 6
83 91
26 71
48 60
67 69
21 31
67 71
32 41
12 24
61 65
83 94
7 18
57 82
61 84
1 9
69 88
40 42
47 69
41 64
39 43
38 47
21 33
14 25
28 40
67 70
37 57
7 27
81 96
7 21
26 33
32 40
10 37
45 54
10 18
14 22
17 22
65 79
45 53
17 24
61 73
38 50
81 93
25 38
29 32
23 36
40 59
66 70
30 44
34 51
34 54
5 9
40 42
71 74
58 63
55 62
39 42
62 68
16 28
54 61
58 65
30 41
27 35
49 58
7 20
86 100
12 18
8 23
27 35
58 72
56 75
56 64
57 79
5 15
66 78
31 58
42 50
62 67
48 58
46 56
14 29
69 75
66 73
41 47
41 47
33 50
38 55
24 35
7 17
34 47
16 29
89 94
4 15
62 74
12 17
36 51
83 90
87 90
23 39
1 8
4 7
32 46
44 87
62 75
56 66
48 54
3 26
59 70
48 50
29 36
18 52
11 23
55 84
45 59
20 40
86 95
34 44
71 83
75 93
49 55
6 23
54 57
16 22
23 44
61 70
43 53
37 46
36 40
46 62
74 83
46 50
68 73
38 41
77 88
58 78
21 29
54 69
49 64
87 97
53 65
27 48
70 75
93 100
32 35
80 83
6 9
66 95
52 60
80 94
56 59
41 91
65 70
33 42
80 89
33 51
88 95
11 20
23 29
8 30
40 55
69 77
33 52
29 39
27 33
90 100
53 57
94 100
2 12
34 44
26 32
32 50
25 34
28 40
31 33
50 57
37 55
14 25
42 49
1 19
12 26
73 88
96 98
81 99
68 81
36 62
75 98
35 41
76 90
10 26
31 34
26 38
6 12
4 10
57 69
90 98
71 78
70 74
57 69
40 43
77 96
42 77
58 63
8 22
82 95
51 57
46 50
84 91
58 73
40 58
6 30
12 52
25 42
85 96
43 58
41 53
5 14
54 69
31 41
29 31
9 28
70 77
30 58
15 52
32 44
28 35
25 28
5 26
17 23
25 28
30 32
3 7
9 16
70 79
58 69
30 38
19 28
32 49
67 85
5 15
1 19
95 97
64 78
54 59
32 38
81 89
43 53
25 35
40 57
39 43
18 31
14 24
80 86
44 53
6 12
78 88
52 62
57 58
80 92
70 90
25 34
85 92
9 15
38 60
28 44
28 43
79 87
29 31
55 65
46 54
89 95
76 92
3 18
31 38
33 45
7 26
75 83
1 8
57 66
62 74
72 83
73 84
1 9
2 21
6 11
23 46
2 11
86 100
24 30
87 99
45 53
43 56
21 47
57 68
65 71
51 60
81 87
11 21
9 35
8 13
7 22
78 80
32 42
24 48
60 72
93 99
24 42
53 74
26 45
41 64
80 93
9 16
18 43
67 76
82 97
69 83
13 24
44 53
67 75
56 71
77 80
45 48
32 38
88 96
26 29
6 15
57 77
64 82
27 32
50 60
1 13
34 47
25 32
30 39
28 56
28 45
2 7
44 47
33 42
45 58
25 42
66 75
57 94
59 68
89 94
4 30
77 89
58 70
74 80
65 88
35 46
65 72
71 78
41 59
73 93
42 63
4 11
16 33
66 78
69 84
2 18
50 56
53 57
54 60
22 31
68 76
77 90
40 51
64 72
41 52
61 94
85 94
60 65
65 76
17 29
51 55
81 98
85 99
59 64
64 68
2 17
48 64
19 31
64 86
85 91
84 88
13 19
13 27
38 48
77 86
73 77
29 36
56 60
18 34
43 57
26 35
33 47
1 13
64 70
70 81
50 60
9 19
41 48
71 79
38 42
68 80
54 61
56 63
77 83
30 33
42 43
69 97
82 93
52 58
69 77
19 37
58 62
3 11
50 61
40 53
48 57
29 41
64 72
55 59
76 81
92 94
58 64
36 45
43 50
39 44
90 95
54 60
54 64
18 23
4 12
30 35
78 88
85 89
26 33
66 72
25 38
72 80
89 100
17 44
92 94
59 70
64 79
66 76
14 24
50 70
29 44
56 60
43 51
39 58
72 79
36 54
6 30
35 49
86 98
26 55
55 63
52 60
70 78
43 84
36 50
2 14
36 43
5 12
52 59
17 31
6 8
62 76
46 70
53 58
85 93
65 87
83 100
11 19
79 85
56 65
31 53
58 61
33 36
55 62
7 15
5 12
12 21
60 76
57 74
60 73
40 46
45 67
43 50
55 61
54 58
56 69
62 73
32 43
36 40
22 36
81 85
73 82
32 38
25 30
9 26
61 72
45 56
1 25
45 51
78 80
22 28
49 53
7 22
26 43
50 98
17 26
8 16
31 39
27 43
37 58
15 22
38 45
34 38
80 85
59 63
46 49
17 33
23 30
59 74
73 80
80 89
68 77
14 20
26 32
43 54
78 87
33 45
33 39
37 52
47 53
1 7
20 26
43 51
38 43
81 97
10 22
3 6
61 70
1 14
79 86
84 87
6 17
4 24
57 61
11 19
55 71
71 80
52 58
76 87
28 35
73 91
45 56
39 43
49 68
17 32
54 87
69 85
86 97
51 70
43 55
28 40
65 69
27 41
63 69
25 45
41 69
44 57
55 61
44 54
2 11
79 91
43 53
70 82
48 64
43 50
23 26
10 25
34 51
2 10
14 20
2 11
46 74
40 52
34 41
70 77
11 24
80 85
14 19
14 29
17 29
38 44
24 36
22 44
3 17
47 62
23 31
6 18
16 26
35 40
43 53
32 42
13 22
42 49
40 46
68 78
8 16
78 93
13 27
60 91
93 97
31 38
8 14
13 20
87 90
34 45
41 42
20 32
1 15
32 35
1 15
22 28
40 62
40 65
75 88
71 79
63 74
86 94
70 79
39 54
90 93
6 20
79 90
70 77
78 84
40 44
21 26
19 44
43 47
35 63
25 29
50 84
63 71
24 36
13 19
87 94
32 52
28 38
68 77
37 46
61 75
48 51
15 27
53 59
3 67
46 49
64 76
42 63
71 82
4 14
21 30
35 39
68 72
74 80
17 24
46 52
36 47
41 48
22 25
6 28
70 80
66 84
6 10
78 88
25 32
68 74
26 33
85 97
26 38
20 26
58 71
47 63
27 38
74 95
74 81
12 17
6 14
35 40
30 46
3 14
80 95
39 43
92 99
60 75
23 32
52 68
33 46
74 88
24 38
4 13
9 25
50 73
2 5
6 25
40 65
84 90
12 22
59 70
16 44
66 72
60 64
63 79
64 67
43 53
28 37
82 90
29 49
55 62
20 26
35 83
24 31
67 77
54 58
7 78
14 26
69 71
28 42
27 37
48 60
49 51
70 74
40 49
29 34
84 93
52 71
65 74
46 49
88 98
31 41
97 99
83 91
26 33
67 74
49 53
71 85
70 74
52 60
89 92
57 70
79 91
34 46
58 82
83 86
79 99
67 76
70 85
53 60
15 23
54 71
27 47
73 83
48 60
57 60
10 13
35 46
28 70
20 23
37 66
20 29
17 28
38 50
21 23
5 12
6 8
7 11
27 31
54 61
31 46
35 56
16 47
15 20
54 61
11 25
25 32
53 59
70 82
35 66
5 8
22 28
60 80
94 96
68 79
18 25
84 90
83 88
62 68
69 70
4 27
17 40
73 84
33 50
65 80
33 36
75 85
68 75
67 74
57 62
27 34
89 92
64 81
42 48
67 77
7 14
77 83
94 97
49 61
26 40
39 63
82 87
47 70
79 87
1 8
19 37
13 30
13 29
80 93
19 25
9 17
56 60
6 23
46 62
51 56
69 98
4 20
11 32
2 15
89 97
6 20
85 94
33 46
53 60
63 72
27 35
79 91
56 72
64 75
22 42
15 26
85 92
58 81
34 42
43 91
44 69
73 78
14 25
12 26
23 27
21 29
77 85
30 34
23 31
27 41
43 46
52 54
21 32
17 39
70 90
50 86
5 16
62 91
41 48
62 76
17 27
36 44
72 77
59 76
85 88
26 29
79 84
40 51
14 32
57 71
73 75
77 99
39 52
9 19
4 20
68 77
1 8
29 43
79 97
35 50
45 57
14 23
44 57
85 87
45 60
69 77
58 72
38 47
75 85
14 20
58 67
25 38
83 92
7 13
5 25
36 48
48 60
31 36
61 65
7 13
87 98
73 96
16 28
74 80
59 99
82 85
72 86
19 31
68 76
83 89
72 82
27 34
31 37
60 82
70 71
54 68
83 92
36 69
17 29
40 56
49 64
21 36
79 99
55 60
37 61
53 59
3 18
26 39
54 81
51 57
33 43
75 82
22 38
44 69
28 40
88 94
43 45
13 24
48 58
26 61
10 24
54 57
10 20
23 35
61 65
56 82
81 89
30 36
20 27
40 47
31 56
27 32
66 79
35 41
82 92
30 35
48 58
3 10
46 61
8 18
61 72
25 41
59 65
5 20
65 67
39 44
55 74
35 38
66 69
42 56
89 97
72 84
62 78
66 77
77 87
14 18
6 10
63 98
89 93
21 28
84 88
82 87
76 81
8 21
77 79
69 85
17 31
61 64
69 96
5 24
12 29
12 23
86 89
46 67
70 80
4 58
5 9
30 44
46 68
49 58
5 18
53 66
74 80
14 23
41 53
16 32
85 96
39 60
54 58
70 76
43 64
1 15
24 36
57 66
44 49
1 15
87 93
80 84
26 35
63 70
31 38
3 7
4 26
4 14
18 30
58 69
4 11
60 71
49 65
73 80
75 95
74 100
35 47
10 24
84 93
26 30
76 88
26 40
3 25
50 56
65 68
76 86
1 10
23 29
76 89
37 49
63 94
29 34
37 47
14 25
23 32
18 28
86 88
28 36
40 47
33 42
85 87
7 14
52 58
73 84
57 61
6 12
11 28
61 72
3 28
56 67
6 35
60 72
3 19
65 70
52 54
76 86
69 78
65 85
52 67
40 48
69 77
19 27
67 71
79 98
50 71
78 86
54 71
35 40
44 52
78 90
36 51
8 10
84 89
88 95
10 36
42 48
69 74
25 29
72 81
35 37
95 100
31 38
9 16
63 68
81 88
33 42
8 31
39 42
51 67
58 72
83 93
53 61
71 81
73 79
75 85
63 69
47 56
41 90
47 59
39 70
9 25
4 9
77 88
90 99
18 59
47 53
60 75
8 28
30 34
63 72
36 47
27 60
48 54
89 98
97 99
42 48
24 29
67 95
53 59
3 7
92 96
62 71
88 94
54 61
56 67
33 46
69 77
23 30
23 29
70 80
69 75
84 92
3 10
37 40
75 81
34 43
13 22
24 39
32 44
43 66
81 89
38 51
31 36
64 73
69 96
43 55
75 87
74 98
35 51
12 22
9 18
56 70
15 22
53 75
39 68
64 84
29 46
14 28
2 5
35 43
35 46
70 73
73 91
30 39
39 49
24 33
25 49
50 63
68 75
21 29
30 31
13 35
40 42
14 33
41 47
45 48
35 43
36 50
69 74
66 86
24 33
71 82
55 64
18 31
33 41
18 35
9 19
11 18
71 82
46 50
3 13
23 31
23 50
84 91
61 71
84 97
19 27
43 57
2 6
11 15
53 65
11 24
23 41
22 34
66 81
41 53
67 84
22 48
50 59
49 62
65 89
66 76
80 97
39 45
34 56
1 11
39 46
43 48
54 63
15 24
52 58
12 26
9 19
86 96
7 17
14 23
86 92
45 52
26 36
39 45
73 80
59 67
32 46
43 47
38 53
51 61
8 15
79 84
5 9
55 63
76 98
23 70
74 78
95 99
4 13
18 24
66 82
73 81
31 44
13 27
64 79
48 65
38 66
24 39
27 37
52 59
79 95
39 58
50 79
16 20
70 78
10 12
82 86
48 56
23 41
30 36
19 26
52 77
60 69
32 36
20 33
23 27
21 29
3 46
44 74
80 84
59 89
6 15
36 46
82 97
1 17
8 18
9 31
61 77
1 10
32 40
11 16
65 74
61 70
3 16
40 42
18 31
78 82
67 80
26 35
38 54
57 61
49 84
20 38
18 25
33 37
84 88
28 35
50 56
88 94
51 63
54 69
69 81
16 33
87 95
62 73
40 48
85 94
72 75
30 46
36 57
60 79
89 94
7 12
85 89
66 74
65 74
38 49
86 97
55 70
8 16
6 16
67 87
36 40
86 99
54 81
67 74
39 61
57 62
26 39
56 63
64 77
56 59
19 41
51 60
35 56
23 26
2 6
3 11
80 99
42 50
73 78
92 99
66 74
55 57
34 40
3 28
33 45
65 71
56 74
78 84
89 97
27 35
22 25
3 7
51 52
81 84
44 52
5 25
86 98
75 81
68 80
16 32
12 15
77 88
23 27
52 77
78 81
81 91
90 93
49 55
26 29
65 71
32 56
1 13
65 73
85 94
31 66
5 12
81 95
12 15
19 61
45 48
6 12
51 65
1 16
3 18
13 31
85 94
3 43
59 71
25 39
84 91
42 50
94 99
44 54
37 50
86 90
4 16
47 58
18 28
22 30
27 30
2 12
66 73
63 69
44 47
12 19
80 87
46 69
68 75
70 79
12 14
75 90
27 33
73 88
39 45
76 84
63 72
48 62
88 93
82 90
82 89
96 100
33 37
8 15
43 64
1 12
4 17
71 85
30 35
33 41
91 93
2 10
42 46
80 89
70 83
70 94
35 65
15 22
12 26
4 12
71 81
92 100
85 100
66 71
17 26
5 12
59 66
39 43
73 81
77 94
39 60
52 66
49 59
34 54
56 74
36 55
73 79
62 82
49 59
43 58
15 21
2 8
76 81
34 40
36 52
46 72
67 70
43 50
24 34
64 79
5 20
59 72
6 14
53 59
21 35
44 51
33 45
91 94
7 17
64 73
16 21
39 55
24 30
76 92
9 24
27 43
38 53
41 50
87 93
86 95
82 94
44 62
77 87
43 59
44 58
78 82
37 40
48 50
36 44
43 50
79 92
52 55
61 70
30 45
60 73
22 31
50 67
17 27
43 65
91 94
26 43
87 93
70 78
36 40
53 56
35 77
56 72
40 56
3 14
70 76
3 11
75 80
39 47
26 39
21 27
44 50
14 28
24 35
59 64
62 70
18 28
51 56
84 99
65 67
1 2
34 45
38 43
10 31
34 48
78 92
22 42
56 81
64 92
77 83
11 21
88 94
71 76
2 11
9 13
18 31
82 87
42 60
32 44
59 66
61 72
88 94
50 86
16 22
41 55
2 7
65 82
34 37
48 68
83 99
55 69
75 82
5 31
93 96
78 96
3 9
13 20
58 66
70 76
53 56
34 40
64 68
55 86
37 46
95 99
42 62
22 31
34 45
25 36
47 57
43 58
85 95
8 24
46 50
94 100
85 94
25 30
75 85
13 26
69 78
22 26
87 97
4 11
12 18
77 82
12 14
20 34
2 12
64 68
16 23
41 51
63 74
78 90
38 47
78 84
1 17
60 70
81 97
72 94
89 95
53 85
6 21
90 95
58 70
68 81
74 79
91 95
45 53
65 74
52 54
6 10
65 81
18 22
19 25
37 49
86 90
46 50
81 89
27 29
63 74
1 9
50 64
6 31
