100 20 20 13
00000000000000000000
00000000000000000000
00000000000000000000
00000011100000001111
00000000000000000000
00000000000000000000
00000000000000000000
00000000000000000000
11111111111111000000
00000000000000000000
00000000000000000000
00000000000000000000
00000000000000001111
00000000000000000000
00000000000000000000
11110000000000000000
00000000000000000000
00000000000000000000
00000000000000000000
0000000000000000000
0000000000000000000
0000000000000000000
0000000000000000000
0000000010000000000
0000000010001000000
0000000010001000000
0000000010001000000
0000000011001000000
0000010000000000000
0000010000000000000
0000010000000000000
0000010000000000000
0000010000000000000
0000000000000000000
0000000000100000000
0000000000100010000
0000000000100010000
0000000000100010000
0000000000100010000
4027
26 36
8 16
18 29
86 92
35 48
88 90
26 33
89 97
81 86
58 65
50 63
79 100
17 32
70 82
63 72
84 87
78 83
4 7
25 34
18 36
45 53
7 22
11 19
38 41
34 52
12 28
84 88
5 16
38 46
34 49
65 71
2 30
49 53
9 16
90 99
29 34
21 24
58 74
77 88
46 52
7 22
47 59
29 39
58 62
89 96
80 96
79 90
18 37
63 70
9 17
12 21
10 21
60 64
10 25
8 32
46 59
51 79
68 79
69 78
77 90
28 37
3 9
24 33
38 47
84 95
59 64
83 95
33 65
32 39
4 28
12 26
25 38
37 40
71 84
66 93
37 51
32 45
13 31
47 63
70 77
52 73
2 23
78 80
62 84
15 26
49 58
61 83
64 81
49 56
66 72
41 54
55 66
34 44
83 90
9 24
19 31
27 33
82 85
12 28
11 31
68 80
55 69
82 91
21 31
52 71
66 79
61 77
10 16
67 91
51 62
72 80
38 70
94 97
84 89
77 80
42 59
56 84
87 98
17 87
16 22
65 79
27 43
28 38
10 24
52 64
12 41
37 40
74 88
7 21
68 86
60 97
78 82
87 97
45 48
34 42
8 23
60 64
29 38
60 65
90 93
2 6
84 93
58 64
25 38
34 53
90 92
34 43
88 97
37 41
90 97
13 19
65 81
34 41
65 72
29 35
33 44
59 65
57 59
83 86
75 83
65 67
28 44
33 51
18 26
23 41
28 78
71 92
12 29
52 60
10 16
85 91
42 51
30 36
64 100
10 23
80 98
61 81
91 96
68 78
12 36
7 59
7 32
13 23
33 63
52 65
11 23
65 75
64 74
9 23
7 13
18 21
42 50
70 85
64 74
5 25
3 17
17 30
82 100
8 18
19 36
36 47
77 81
91 97
54 63
65 76
5 9
69 82
20 24
58 64
89 98
33 44
55 61
45 52
37 52
60 94
50 78
12 34
31 38
3 21
37 50
35 51
22 28
28 34
64 92
4 8
83 92
7 25
28 42
82 89
10 13
21 37
67 70
11 26
85 100
41 56
87 92
64 70
17 22
73 79
91 92
2 14
90 97
35 45
25 28
81 92
77 96
20 31
51 55
67 80
49 62
48 51
71 74
61 68
79 86
82 91
40 52
46 70
70 75
16 37
3 13
90 92
32 42
41 59
72 81
18 34
47 73
33 58
83 92
13 26
27 37
20 27
74 82
50 62
57 67
74 87
7 12
22 36
84 90
2 29
74 86
15 19
39 52
77 92
25 49
57 62
1 15
20 47
51 68
41 45
69 78
12 22
8 13
81 91
10 21
50 55
14 22
1 3
44 52
24 54
6 11
55 63
7 10
8 30
4 30
66 71
58 60
3 13
83 96
43 62
33 44
37 47
65 68
57 71
12 14
34 49
19 37
64 71
48 62
48 53
69 82
16 23
85 95
89 97
14 15
15 31
13 25
38 43
11 18
71 82
70 79
26 42
64 68
67 76
67 75
56 70
69 78
45 57
18 26
19 26
36 41
59 67
18 41
58 67
32 38
35 43
19 29
17 31
22 48
8 12
10 22
36 53
22 39
82 95
16 23
7 25
7 28
11 18
55 65
41 60
38 47
22 46
83 96
10 21
13 30
12 28
78 88
32 35
83 97
85 91
26 31
64 71
62 88
73 82
73 75
1 9
42 48
72 78
12 25
38 64
6 27
51 58
77 87
21 50
83 97
3 13
49 56
3 8
76 82
15 27
5 19
18 28
44 51
18 29
34 42
31 35
33 37
8 15
8 10
29 36
14 30
22 39
1 15
34 41
24 29
77 84
51 60
35 47
88 95
63 73
30 34
47 53
83 92
69 77
19 26
90 93
66 75
10 14
36 52
39 45
16 25
17 20
27 34
21 25
21 25
48 60
3 7
35 70
77 87
11 24
25 39
76 80
46 50
34 51
38 43
40 53
69 81
68 84
65 71
85 89
53 56
67 77
36 40
15 47
52 64
73 81
80 82
32 65
35 37
5 22
18 24
31 37
29 35
75 83
89 98
3 10
62 74
27 36
1 15
45 51
8 13
54 68
40 49
52 56
56 84
56 61
8 12
20 27
18 60
11 17
86 97
15 21
19 26
49 57
71 76
64 78
75 96
61 66
46 53
26 53
48 54
87 95
88 96
73 82
71 75
31 44
25 33
12 19
61 76
19 23
25 41
41 52
44 60
75 97
58 72
55 90
80 91
31 38
6 11
21 34
51 63
20 30
20 22
73 80
7 14
14 34
42 46
32 47
63 71
39 41
24 40
73 78
9 20
52 71
72 89
13 35
2 13
16 28
94 100
52 57
21 25
59 71
80 85
51 55
18 23
86 97
17 18
10 21
65 73
77 90
9 18
24 26
3 20
23 37
39 49
34 40
9 15
12 22
48 65
87 100
33 43
57 86
1 16
58 71
6 10
31 43
46 68
44 48
56 68
70 88
22 27
79 89
24 33
35 42
76 93
88 92
20 25
74 79
12 18
5 15
59 73
61 63
28 57
80 84
51 60
40 59
3 9
69 78
69 77
62 75
86 90
41 56
6 21
37 41
89 91
82 90
77 86
54 84
6 15
92 96
68 72
58 64
65 91
34 42
14 27
8 15
41 64
42 43
63 68
73 83
42 53
33 38
67 80
47 51
3 9
76 83
29 48
2 10
39 50
67 70
24 51
52 71
38 44
67 82
51 97
25 43
15 24
66 72
47 51
16 23
59 66
38 45
21 27
70 86
80 91
50 61
74 89
40 43
47 84
21 35
50 58
44 60
1 12
52 63
35 37
38 46
88 100
6 30
4 17
69 71
60 73
68 98
33 50
59 66
91 96
59 66
59 67
29 32
33 37
8 13
13 23
78 81
5 23
6 20
60 66
21 24
58 90
48 59
2 9
49 58
92 100
81 89
56 63
65 67
28 32
1 11
14 22
68 77
51 82
38 49
40 44
12 30
9 17
91 94
53 62
41 59
31 63
12 29
34 44
84 92
33 42
6 13
20 33
26 34
5 15
88 97
54 58
94 98
58 83
24 35
2 11
3 12
18 25
62 84
95 100
47 54
56 60
40 47
84 88
21 28
57 72
88 96
77 82
59 72
71 96
17 32
43 49
4 19
39 47
3 7
10 18
74 88
82 93
60 66
64 76
39 55
13 26
10 18
47 53
74 82
88 94
11 38
71 77
58 63
55 62
1 7
8 19
64 82
29 37
33 40
49 58
7 28
5 14
4 16
32 75
28 41
56 64
54 64
17 22
59 78
34 70
24 37
8 10
23 28
59 66
29 40
45 57
23 29
55 72
42 50
78 85
63 72
23 26
77 88
7 12
34 37
86 94
36 40
55 71
8 20
44 58
65 87
83 89
20 37
27 29
8 10
7 13
6 11
64 73
54 67
6 10
26 42
10 14
60 66
27 33
62 65
67 96
84 97
47 57
50 59
56 61
17 37
79 87
41 59
46 57
58 62
37 42
64 77
80 85
40 44
69 78
88 94
92 98
61 76
1 8
14 32
71 80
84 94
43 52
3 17
30 32
41 58
92 99
65 87
78 89
81 89
36 53
84 97
89 100
1 11
89 93
25 45
62 76
83 90
87 92
13 26
25 34
82 85
54 78
13 23
88 100
16 21
58 63
29 35
26 43
3 13
47 51
48 56
21 26
91 99
82 87
6 8
2 20
51 66
27 47
86 90
60 80
75 91
38 46
50 73
5 25
34 40
69 90
26 60
42 48
81 87
27 33
56 68
12 37
75 80
35 45
77 87
42 48
13 31
59 74
51 58
53 76
40 46
17 36
6 20
55 71
5 18
37 57
17 50
58 81
6 17
67 77
24 27
1 4
46 56
86 89
15 53
47 61
30 38
52 54
10 29
27 31
46 67
74 90
20 37
37 42
71 90
14 23
31 39
44 53
7 16
80 88
74 87
66 70
55 68
46 51
48 54
24 29
74 97
92 97
6 13
92 100
29 48
53 81
2 9
26 45
65 68
23 41
83 92
85 95
24 33
75 81
55 64
41 58
55 77
58 62
1 8
39 45
48 53
8 15
71 87
60 76
63 72
77 83
15 24
22 26
69 74
41 53
14 25
3 18
49 66
17 48
34 51
29 33
79 82
17 55
50 62
61 69
31 57
3 13
72 78
38 48
15 20
28 54
56 64
61 66
18 29
23 40
46 56
90 93
66 76
36 43
39 52
94 98
20 23
13 23
4 13
5 24
34 46
42 45
1 5
63 82
13 26
7 15
62 67
5 10
94 100
53 69
61 66
41 52
60 71
41 56
32 52
81 91
53 68
32 45
24 32
34 43
88 94
8 14
45 60
39 49
56 76
38 45
64 68
28 55
60 67
63 74
9 20
57 73
13 62
94 97
28 49
18 92
6 17
1 26
34 59
44 59
58 76
25 38
80 91
42 53
55 60
6 16
4 13
86 93
23 43
19 48
23 33
61 66
24 52
69 85
11 20
66 70
60 68
33 39
73 79
28 32
25 28
42 52
38 43
65 77
13 23
21 38
28 36
69 79
66 83
76 85
88 95
40 56
62 70
7 14
13 18
48 90
60 63
83 91
44 49
45 68
8 29
31 47
86 98
50 60
79 98
19 26
89 91
82 87
61 84
21 31
53 65
65 77
85 92
9 36
20 44
20 41
38 45
21 29
57 76
46 59
57 88
63 73
32 37
45 80
38 50
36 46
83 93
66 72
13 19
13 30
62 70
18 29
18 30
49 67
41 50
52 58
83 92
42 77
22 35
24 37
88 99
11 20
38 44
26 33
73 87
27 33
30 38
15 17
28 41
88 92
36 38
87 92
87 94
32 46
13 24
47 53
46 62
89 98
72 82
74 77
51 63
54 63
85 92
2 11
6 14
89 94
43 46
90 95
7 11
41 50
74 79
13 20
40 46
8 33
14 22
82 88
48 61
21 28
65 76
25 30
19 33
40 57
41 50
66 78
91 97
20 25
64 90
38 43
40 49
60 67
72 91
47 61
44 62
47 53
24 29
73 81
17 29
68 74
68 76
21 33
73 87
33 44
47 50
34 47
11 21
82 93
48 51
69 83
15 25
53 71
57 81
46 54
12 25
23 43
39 46
42 50
69 73
83 92
40 46
4 19
72 84
90 97
9 18
54 58
56 60
22 44
4 17
9 41
22 31
74 78
40 45
12 26
82 99
46 50
18 27
85 90
10 18
2 6
88 96
21 30
66 78
45 48
11 18
44 55
5 13
33 44
9 16
9 11
5 16
24 47
28 33
64 67
62 64
75 82
53 58
65 74
84 100
70 72
8 16
56 72
64 97
3 6
5 11
34 38
26 39
39 75
10 27
27 44
8 29
53 58
49 60
67 71
33 49
52 57
44 54
1 6
24 39
81 88
16 43
59 64
38 56
21 34
24 30
20 30
50 76
8 19
42 47
71 83
41 51
42 65
2 25
44 60
43 54
19 42
13 23
15 21
67 74
75 87
17 28
53 70
58 63
62 72
43 57
54 63
10 22
79 88
47 53
66 97
89 94
63 76
27 38
21 28
82 100
71 75
1 15
48 55
46 56
14 29
74 95
21 44
64 81
24 32
78 94
51 59
49 59
23 36
39 43
24 33
8 17
81 91
27 45
70 79
48 54
34 41
59 77
77 88
33 39
52 59
54 63
95 97
83 88
73 76
40 51
77 97
62 69
45 75
9 14
20 26
2 10
11 25
37 46
41 55
24 41
50 65
8 14
2 4
82 92
79 85
97 99
62 75
13 96
87 95
4 13
57 62
71 77
6 18
32 34
79 83
83 96
22 31
16 22
62 71
13 17
55 70
51 87
34 43
21 24
61 85
38 39
90 99
77 86
44 50
79 88
11 15
8 17
41 52
23 42
17 24
41 54
14 25
11 37
57 59
1 8
50 56
50 67
88 94
56 78
70 75
47 60
71 81
32 39
22 47
60 65
55 71
50 53
82 92
82 90
24 47
14 22
26 47
73 83
17 23
40 43
5 61
10 35
41 45
49 64
11 20
71 87
79 92
71 87
8 14
77 87
42 50
29 31
22 34
5 22
7 21
63 72
45 53
15 25
83 96
54 60
62 69
61 71
76 81
23 25
26 33
48 50
83 93
72 78
82 99
83 91
12 21
35 51
73 84
57 66
4 15
9 21
72 91
38 57
15 23
19 39
4 6
10 15
22 33
42 63
55 64
94 98
21 36
52 71
46 52
25 36
83 89
27 65
59 74
53 60
84 98
29 45
19 21
13 27
10 24
87 93
73 79
35 48
17 28
34 46
6 12
17 25
5 8
26 34
4 9
23 37
78 85
75 93
72 75
65 94
13 17
78 86
32 46
37 44
63 68
54 71
39 54
24 54
45 79
47 53
16 23
45 58
66 80
77 85
44 69
72 81
23 27
2 10
30 53
14 31
8 15
18 29
73 89
62 75
26 31
43 55
68 75
85 96
19 22
78 92
66 79
84 97
17 27
11 21
60 78
6 10
45 66
59 66
15 25
37 41
92 98
60 67
5 9
74 79
61 68
48 57
46 49
85 90
11 20
26 29
74 90
76 87
43 52
90 98
60 77
37 63
2 6
55 66
68 79
53 62
19 37
11 20
74 85
21 30
27 33
43 48
33 72
16 27
89 97
50 60
18 29
18 34
58 60
91 100
37 58
69 95
21 24
64 68
21 24
53 56
48 72
36 48
90 99
65 74
53 62
20 28
44 54
50 73
72 78
36 60
7 21
56 60
22 33
46 62
63 80
24 78
76 84
67 73
71 82
62 85
59 63
82 87
55 70
13 27
29 37
7 12
1 3
14 27
20 46
6 23
15 23
22 29
9 16
12 28
51 62
18 44
2 13
5 16
83 93
73 81
18 24
60 76
25 32
62 67
30 42
57 74
11 17
77 87
33 57
21 28
63 75
12 19
65 80
63 69
92 95
19 36
23 43
62 73
78 96
33 38
44 50
49 69
71 82
41 65
82 93
54 69
29 34
65 78
13 18
25 28
79 84
53 66
6 16
74 80
12 32
19 54
59 75
80 88
48 60
80 92
50 80
13 17
28 32
80 84
67 86
66 71
55 59
47 51
64 88
52 60
55 69
3 10
4 26
33 47
82 93
24 26
63 84
10 45
4 11
87 94
91 95
28 56
55 61
15 34
60 66
67 82
10 20
27 34
32 39
68 83
8 14
56 78
5 22
53 56
29 34
82 93
21 35
5 19
69 81
44 59
30 39
17 21
73 81
55 70
16 19
10 12
84 86
83 90
93 99
32 45
48 57
7 11
71 85
18 24
25 32
23 29
78 83
30 39
43 49
12 20
9 13
38 47
2 6
67 80
44 57
78 84
34 52
9 15
2 15
18 19
14 26
63 72
37 41
92 98
24 31
52 71
70 82
45 53
38 48
80 84
56 62
63 69
38 46
78 83
86 90
15 19
87 98
34 36
55 59
73 83
84 87
40 46
1 21
1 34
69 74
73 92
21 31
68 75
51 55
37 47
24 41
21 30
75 94
11 21
10 39
41 60
77 91
86 100
79 93
3 10
67 100
10 22
45 57
23 27
25 33
43 59
64 95
84 99
20 32
19 24
72 78
80 86
7 14
5 13
80 92
26 30
69 76
48 57
77 95
68 75
40 66
5 13
12 16
5 13
21 24
51 72
37 41
14 25
25 31
53 62
8 22
66 77
37 54
3 8
27 35
21 32
87 92
43 48
54 60
20 27
46 50
81 96
9 29
23 39
37 39
56 60
48 70
70 80
17 29
39 51
71 76
18 39
9 25
61 69
47 67
22 29
50 60
43 56
1 6
16 24
25 40
55 70
38 49
29 42
74 84
11 29
75 87
28 80
62 75
4 22
45 59
18 24
17 33
35 42
9 18
91 98
23 46
51 68
23 33
3 6
47 57
36 49
44 48
5 15
64 72
75 80
20 28
67 73
9 20
37 70
85 91
15 19
60 63
64 71
38 41
23 37
47 57
21 31
44 99
72 96
45 47
48 61
91 98
80 85
65 83
84 87
26 45
49 56
59 63
31 49
47 80
69 85
85 99
80 84
73 81
24 52
43 50
11 28
9 19
59 77
86 91
58 73
94 98
23 44
79 94
43 52
4 35
15 25
68 76
51 66
72 81
2 14
78 84
64 67
10 33
32 37
58 80
11 27
30 32
59 67
79 91
9 12
13 20
55 68
20 32
43 55
13 19
62 66
72 80
59 89
44 57
91 95
47 50
58 90
65 68
21 24
6 18
11 14
54 63
39 48
37 42
95 97
62 80
40 45
32 39
37 45
83 96
68 76
5 25
30 38
9 21
47 50
40 57
64 68
5 15
39 43
29 44
8 19
89 97
70 84
71 83
49 55
31 35
71 80
86 89
83 94
49 55
58 69
50 67
14 22
65 71
85 89
49 59
11 18
83 99
44 47
67 73
78 87
70 76
70 86
77 97
32 36
9 24
53 65
62 76
68 90
32 41
71 76
12 41
79 85
82 92
63 68
85 90
21 41
80 96
1 5
65 85
41 52
11 13
24 43
72 83
62 75
44 52
50 88
6 21
22 26
63 73
66 78
1 16
2 13
57 71
42 62
16 22
10 21
13 20
32 53
88 93
40 52
89 95
10 14
60 66
44 50
18 25
87 98
77 86
10 14
70 77
70 83
28 39
34 92
57 73
28 30
85 91
48 60
49 58
68 75
69 73
17 30
36 41
40 53
32 38
79 87
41 63
84 87
81 87
57 72
76 90
68 80
21 25
47 60
64 75
67 93
34 39
43 52
11 21
34 53
70 85
57 63
27 30
78 93
29 34
33 40
72 78
88 91
64 79
22 31
21 24
83 94
17 33
71 76
78 86
30 43
64 89
27 42
71 74
78 81
16 23
3 34
12 24
39 55
53 73
76 82
36 44
79 90
29 36
6 16
55 67
70 90
28 43
88 100
24 32
28 38
2 14
53 58
1 33
79 89
20 23
20 26
78 86
45 58
41 49
65 75
30 60
55 75
27 36
88 93
51 61
73 77
62 82
21 37
1 18
61 87
39 45
49 60
7 14
31 35
66 73
78 84
60 100
74 82
69 88
37 43
8 12
11 17
75 82
77 84
5 7
47 59
43 47
29 45
51 60
49 59
66 74
37 48
17 23
66 73
9 13
92 98
5 15
57 81
51 59
79 85
40 47
32 43
72 82
94 98
4 32
73 81
31 46
94 100
35 45
31 44
28 44
31 36
12 29
32 42
57 70
91 100
23 40
84 93
34 44
45 53
88 94
33 53
43 50
53 56
52 63
68 71
91 97
11 19
72 79
45 54
2 6
68 85
77 82
36 43
90 100
50 63
23 32
32 47
65 70
18 33
75 82
42 53
3 6
20 46
1 7
34 38
38 54
95 97
42 56
18 37
62 66
84 97
87 92
13 32
81 91
32 38
30 35
80 85
65 74
26 39
39 55
33 41
6 15
8 22
11 32
4 26
59 83
37 71
38 47
9 13
60 67
23 30
32 46
34 42
30 39
57 67
70 76
41 50
57 62
2 10
64 79
75 94
8 24
10 23
67 81
59 65
57 74
12 28
92 100
34 54
51 59
15 20
29 37
13 19
18 37
82 90
42 61
8 16
23 26
66 74
75 77
74 83
53 65
85 88
79 88
75 82
53 59
65 86
61 70
35 49
15 26
13 25
93 100
22 29
41 45
9 12
78 84
75 88
70 72
33 57
58 60
59 69
92 99
10 15
64 76
39 52
27 36
90 96
54 59
25 38
72 80
53 72
4 10
13 31
32 58
67 70
29 39
23 28
55 62
60 66
69 73
20 27
20 30
50 55
77 86
74 79
42 46
71 85
70 75
13 21
59 74
77 87
30 37
61 80
14 32
74 87
93 96
29 45
85 98
69 78
81 83
19 36
57 60
69 84
51 69
28 55
57 69
28 33
86 97
8 15
41 45
40 54
21 31
3 6
75 93
10 17
39 57
49 60
71 95
59 73
71 91
62 71
30 43
19 38
30 44
59 66
53 74
81 87
7 13
18 24
16 21
45 59
18 37
81 93
87 92
11 20
57 61
27 38
50 58
27 41
43 76
36 49
2 20
19 33
78 89
23 41
33 41
33 46
11 18
64 70
85 90
76 82
30 50
73 78
64 69
88 94
10 18
84 95
32 73
14 22
45 63
55 72
74 84
29 37
55 65
11 19
26 40
72 91
26 30
31 41
41 49
60 66
86 95
48 54
46 55
63 71
54 89
61 70
74 83
47 57
59 68
28 36
57 66
74 90
27 32
60 70
58 62
17 22
42 52
38 49
84 97
11 21
68 77
6 11
21 34
26 30
74 77
36 59
68 80
60 66
75 82
90 95
66 75
36 45
6 19
72 79
95 96
28 38
42 58
84 89
47 54
87 97
37 45
21 30
74 89
95 99
45 67
23 31
44 59
58 70
85 91
24 32
59 62
7 13
15 20
56 62
29 31
62 74
89 100
47 67
29 36
30 36
11 16
42 70
69 76
27 46
66 73
73 77
68 80
83 92
63 73
28 60
63 69
68 76
69 76
75 85
76 81
80 92
72 80
59 62
39 51
7 32
78 83
58 76
45 48
26 33
4 38
14 19
49 72
21 38
9 15
49 65
11 24
80 83
80 90
76 80
86 91
6 12
50 59
56 61
20 35
67 75
70 74
62 69
97 100
26 34
11 20
84 90
80 89
25 41
78 94
15 25
81 95
39 45
22 37
41 43
47 52
5 11
68 87
15 18
49 54
25 60
12 40
7 39
19 23
84 87
40 45
2 13
48 59
62 78
7 13
13 16
56 68
26 41
8 13
62 71
2 8
57 72
83 93
86 91
8 16
51 62
46 54
48 49
4 36
72 77
42 49
33 37
73 97
29 51
87 94
91 97
33 45
12 21
18 66
11 20
6 15
87 95
25 33
75 84
12 25
54 57
28 33
40 42
35 55
20 28
86 98
41 52
65 72
4 24
53 62
27 33
37 42
13 28
27 55
62 75
59 62
76 86
73 78
41 57
52 56
68 75
20 25
58 79
52 62
5 13
92 98
72 77
7 18
90 98
31 38
29 41
31 33
94 96
31 50
25 37
76 84
46 49
80 96
12 28
14 30
35 50
16 29
69 83
60 65
62 76
5 12
29 41
2 19
67 84
41 69
2 18
14 19
22 32
23 42
32 38
64 80
72 88
57 66
47 54
10 16
74 86
64 77
78 81
81 99
77 90
57 62
34 37
2 16
65 74
56 63
52 73
83 99
48 67
2 6
10 31
35 41
13 23
42 52
58 93
94 98
52 64
77 82
85 88
53 80
27 44
10 16
66 79
47 54
68 81
43 48
15 29
53 63
15 33
69 91
42 53
27 55
2 23
1 4
89 94
1 14
25 31
52 67
1 8
71 78
74 90
46 58
3 15
41 47
51 56
18 24
73 80
11 15
58 63
57 68
81 87
25 42
56 65
19 30
53 72
34 39
29 43
76 79
90 97
13 31
34 49
38 58
83 86
53 62
1 15
3 11
34 43
78 91
89 91
29 68
16 30
9 19
74 81
58 73
76 79
27 31
33 42
10 28
20 28
57 66
92 97
30 38
23 42
13 21
3 13
19 30
1 38
81 89
74 96
69 82
6 20
1 12
47 56
22 32
34 46
13 24
88 96
46 49
33 46
21 24
92 100
35 47
44 57
42 46
23 46
78 83
24 27
8 12
11 27
1 9
76 84
40 44
14 21
58 70
69 74
12 33
6 14
43 51
4 6
15 20
18 24
15 21
31 41
31 37
18 24
77 82
30 37
9 21
52 71
81 89
8 9
62 65
30 33
69 76
12 21
66 69
25 33
3 13
29 45
71 75
16 36
60 77
67 71
17 28
30 39
58 67
53 57
88 93
87 94
22 29
68 75
37 41
60 66
38 54
43 52
34 45
30 54
7 31
58 64
89 91
43 64
83 92
79 88
21 31
2 22
50 72
31 42
9 20
84 92
49 61
18 28
73 85
37 50
27 47
81 99
16 18
45 52
48 54
55 77
71 93
19 30
6 16
55 70
28 35
91 95
44 47
76 85
83 98
64 82
4 11
11 15
51 59
58 66
76 84
84 100
38 44
50 73
83 93
30 41
43 47
29 46
94 100
33 50
19 39
42 56
73 79
18 43
72 79
38 44
10 29
27 32
6 25
35 54
28 40
78 95
19 22
39 44
20 26
1 7
14 27
65 70
93 98
56 60
76 85
64 85
56 61
66 75
7 13
42 50
29 64
59 83
18 26
51 55
12 16
19 27
1 10
11 16
41 73
72 83
23 92
84 87
55 63
14 19
69 77
43 47
62 78
79 82
59 63
49 58
31 34
16 19
75 90
4 41
47 57
81 90
20 39
87 99
24 35
24 45
48 51
46 56
92 99
19 29
89 97
92 98
80 88
65 71
48 53
39 42
46 57
76 83
71 83
80 95
24 39
6 20
52 57
46 57
39 43
4 10
18 23
43 45
47 55
85 99
73 82
14 17
55 62
4 7
34 45
67 79
8 23
34 39
18 53
32 43
39 42
4 10
20 29
75 79
88 91
81 88
8 14
44 71
19 22
50 71
35 51
91 96
29 45
70 81
46 50
72 79
73 90
76 92
11 23
72 80
48 61
67 82
67 70
60 73
68 84
39 52
50 61
90 100
30 37
84 97
82 88
57 60
31 36
20 27
71 75
85 94
26 31
95 100
66 83
25 40
42 54
50 59
28 39
70 74
7 19
59 67
74 85
28 31
19 37
6 11
20 38
47 57
55 63
88 95
25 29
54 61
44 68
60 68
11 21
60 69
37 45
33 44
2 64
60 70
47 68
29 34
44 62
13 20
77 91
47 53
42 65
64 74
10 21
77 82
68 74
85 89
49 51
58 63
80 97
58 74
61 70
18 30
44 66
73 89
41 43
94 96
47 53
87 96
78 80
70 79
74 89
20 24
1 8
16 19
70 78
92 100
84 87
84 91
44 64
37 41
60 67
66 74
36 48
1 7
40 53
53 61
47 56
85 97
18 29
38 44
18 22
81 84
26 37
16 24
60 63
56 65
57 65
79 89
31 50
31 46
33 39
72 79
13 18
56 59
44 52
15 23
46 68
84 99
13 30
28 34
29 32
70 87
23 44
11 33
43 55
47 51
7 16
12 18
83 88
57 71
72 82
61 72
4 11
69 90
44 53
90 97
87 98
65 91
34 40
48 56
56 60
2 12
86 91
24 31
66 72
62 68
76 86
21 40
19 23
68 76
52 60
39 54
3 9
3 15
48 59
15 29
15 21
6 17
86 93
25 58
48 55
60 74
58 63
24 33
42 54
79 90
56 63
39 45
84 88
79 83
16 33
64 71
52 56
15 28
28 36
21 32
35 48
19 44
66 75
6 12
5 19
51 61
31 55
23 32
53 58
35 51
42 55
49 57
26 37
4 17
76 84
53 66
14 35
73 75
16 36
57 63
79 83
91 94
53 59
51 60
82 92
84 88
71 82
47 59
2 13
32 42
34 46
38 58
27 44
35 44
94 100
2 15
19 32
86 92
63 70
60 89
14 38
48 55
80 87
54 61
69 80
33 46
18 37
71 94
2 15
55 60
45 49
51 57
41 51
77 96
38 61
44 56
72 79
93 99
36 59
46 57
3 9
73 80
15 21
36 52
31 49
5 11
89 99
22 34
79 93
75 84
48 60
35 47
69 74
10 12
49 81
85 94
90 92
66 91
42 56
19 26
25 43
15 16
12 16
17 34
86 89
50 54
24 32
9 13
72 80
5 25
34 39
29 43
79 100
7 13
71 82
11 15
29 35
71 75
36 50
84 94
14 20
67 75
27 31
62 67
65 76
82 90
61 62
91 98
80 89
53 59
51 55
53 68
25 30
32 59
3 13
58 65
73 81
13 17
2 11
46 56
18 34
20 31
70 73
39 43
79 85
11 15
83 94
83 90
87 92
28 41
47 86
28 41
54 70
24 35
88 100
41 47
66 72
85 92
50 54
26 38
6 33
16 61
17 33
51 58
85 93
47 52
54 80
86 100
30 35
93 99
60 71
13 32
85 92
59 70
48 54
93 99
71 81
10 16
17 46
39 49
88 94
70 73
60 65
30 31
52 62
63 77
4 17
42 55
53 63
4 14
72 90
40 53
56 59
64 70
50 54
12 17
4 7
5 18
72 83
70 77
81 88
56 69
69 78
3 14
69 76
9 16
34 51
8 17
13 17
35 40
7 21
22 25
26 32
92 97
91 97
29 36
10 16
8 14
49 57
50 58
17 45
25 35
9 16
9 22
62 69
89 100
37 66
80 86
18 20
7 67
49 56
12 25
32 47
22 36
33 47
52 71
69 84
73 78
80 83
31 37
51 64
27 32
24 37
37 62
77 80
40 60
82 99
5 10
52 56
89 92
80 95
15 42
91 95
78 86
44 47
82 99
64 76
8 14
58 80
72 89
32 39
70 80
85 100
53 68
78 94
63 76
66 77
33 43
66 82
68 73
27 37
80 89
3 8
54 65
19 26
63 73
58 70
45 64
70 81
75 86
84 88
81 89
21 25
8 19
11 17
73 81
72 80
52 55
2 18
22 29
88 95
80 87
61 71
3 7
15 36
18 33
21 37
27 32
63 68
55 59
25 44
55 67
69 72
14 32
47 61
33 44
37 42
50 69
65 81
73 78
71 90
29 40
3 10
91 97
32 39
89 94
49 69
48 55
39 63
43 49
66 72
84 88
60 64
43 46
40 43
91 100
50 54
3 7
58 63
66 83
39 56
21 31
20 28
2 12
27 32
23 31
26 39
58 66
84 89
19 43
67 76
25 43
76 87
85 92
12 19
18 21
39 69
73 80
9 13
78 85
56 65
7 11
71 81
46 54
56 62
9 22
89 90
33 39
60 78
37 50
29 31
54 82
26 30
41 57
34 65
46 59
12 18
71 77
43 55
31 45
25 35
49 69
69 82
60 85
5 34
58 64
49 77
52 61
48 59
36 46
17 20
36 56
45 72
81 93
28 33
20 47
66 77
68 81
47 65
8 16
2 12
55 73
5 13
40 48
80 83
41 52
46 52
20 22
51 56
6 18
32 45
27 32
24 37
85 95
55 70
22 53
82 98
37 53
16 38
9 19
15 31
28 72
72 79
48 68
86 93
66 78
64 73
41 64
42 49
73 91
49 56
55 63
50 67
67 78
55 60
4 16
61 73
21 41
83 88
26 61
37 40
30 34
30 40
8 10
56 81
30 50
36 42
17 26
2 8
80 91
3 11
19 29
42 55
7 11
76 83
70 74
15 28
35 69
38 45
34 70
24 30
78 90
57 74
74 81
82 96
69 88
56 88
47 51
83 98
28 30
78 95
54 82
89 96
44 46
36 48
79 91
71 81
29 64
76 91
71 78
75 88
37 57
15 20
14 17
6 12
48 54
58 61
28 33
2 4
90 93
17 30
10 13
49 58
77 83
57 73
85 89
8 19
55 62
38 52
51 62
59 64
16 20
56 79
77 88
1 17
25 32
75 87
22 23
62 71
36 41
6 26
37 40
89 98
38 47
74 81
50 57
30 33
45 61
15 22
78 89
84 96
38 65
41 59
12 42
35 39
33 49
51 60
60 72
72 89
1 7
16 33
43 93
1 8
72 74
39 53
10 36
7 35
53 61
31 55
35 47
6 12
34 42
55 86
49 70
12 20
57 59
72 82
14 32
66 76
86 91
9 11
55 70
33 41
44 56
62 79
59 66
43 52
27 38
71 81
90 98
72 80
17 25
6 35
10 14
39 43
50 61
52 61
49 53
4 30
30 51
11 19
50 56
15 17
43 61
24 49
27 38
22 33
19 25
63 76
28 47
20 29
15 27
43 57
34 44
19 31
83 86
23 33
1 11
14 24
25 31
68 75
76 86
21 32
67 80
70 77
4 6
28 38
94 98
8 28
33 38
16 27
53 56
40 46
30 37
67 77
74 77
44 52
2 7
7 21
9 20
21 35
37 44
56 77
19 32
68 81
4 9
49 59
14 26
67 100
37 50
80 91
37 46
16 22
13 22
86 92
9 24
62 76
64 70
24 31
19 33
53 62
19 31
15 43
32 42
67 77
53 78
55 62
5 15
20 26
61 72
49 65
53 75
43 53
24 30
86 92
17 25
41 44
96 99
24 52
82 94
58 72
31 36
78 93
31 33
31 42
56 66
79 88
40 48
37 50
22 49
80 99
12 17
12 23
53 60
82 98
39 46
21 33
8 23
9 36
12 21
32 51
17 29
30 35
11 15
64 72
1 5
8 19
81 99
76 87
52 59
57 70
68 82
25 34
93 98
25 62
71 76
95 97
34 39
58 80
58 67
75 82
63 80
41 47
6 10
78 95
21 29
17 30
34 49
56 73
25 42
77 84
74 77
55 63
3 13
35 43
4 17
8 16
68 81
64 67
56 64
11 29
69 76
87 93
15 20
21 37
66 79
16 27
82 89
12 18
15 24
27 33
75 83
54 58
49 69
20 24
92 96
29 38
76 92
46 55
9 24
19 28
44 51
42 47
7 23
90 97
31 44
18 31
55 65
41 61
77 94
19 29
71 84
45 48
42 55
49 56
29 40
81 91
96 100
48 57
5 16
71 86
8 27
1 6
89 100
32 41
21 33
56 65
73 83
62 68
15 25
43 50
27 42
77 81
57 68
76 90
65 67
11 29
2 12
20 31
37 49
70 81
61 73
12 32
74 85
15 30
64 67
13 16
25 28
55 64
16 28
6 31
73 78
12 23
84 86
47 52
49 59
46 54
81 95
54 55
77 88
20 29
4 13
37 46
69 74
75 90
14 18
3 20
53 55
62 74
93 100
8 15
56 90
85 95
83 90
41 50
70 75
6 24
82 86
59 63
85 87
44 58
4 26
25 28
32 58
40 49
80 91
34 42
81 88
19 28
73 89
37 71
72 76
25 28
8 20
60 68
17 24
43 56
79 85
10 14
45 79
84 88
17 39
55 58
56 69
80 89
2 20
42 64
58 73
41 56
31 36
71 74
92 100
12 13
62 74
29 46
41 48
14 23
37 39
60 67
62 69
58 62
79 88
6 8
73 78
9 13
61 68
8 29
69 83
6 22
47 58
53 57
48 59
88 93
8 35
76 78
29 51
7 37
62 72
70 77
6 33
43 47
65 72
71 87
56 60
34 45
63 69
21 33
28 44
37 51
2 8
51 70
42 47
82 89
16 29
12 19
14 21
51 58
81 85
54 71
78 88
29 44
79 85
50 57
11 14
78 85
22 47
10 15
60 74
33 41
57 64
22 35
29 37
76 87
39 47
2 13
91 95
72 77
72 77
85 93
22 42
36 41
39 46
79 83
19 30
33 43
6 20
33 38
65 72
27 31
79 86
33 37
3 16
80 94
66 70
42 49
40 49
4 19
23 40
29 41
60 73
5 22
62 67
3 25
38 43
70 78
78 85
11 37
78 84
42 51
31 41
15 27
49 54
34 36
56 70
19 23
6 15
50 58
79 81
18 20
2 6
51 60
26 29
42 48
68 74
34 41
30 33
71 77
11 51
68 71
76 79
33 44
85 89
54 58
1 9
72 89
20 28
84 94
30 54
4 20
54 65
89 96
10 15
25 29
42 51
90 96
92 96
70 72
26 57
8 17
2 7
3 10
58 68
26 32
86 96
48 57
54 64
26 32
79 89
20 29
6 17
53 58
33 46
41 64
59 68
68 82
59 62
88 95
92 100
18 25
18 46
86 97
50 56
67 73
59 66
33 44
9 33
3 52
75 89
50 58
68 77
52 67
61 75
14 33
70 78
66 80
43 51
22 39
15 37
49 60
56 62
72 79
72 79
51 55
28 39
65 72
79 87
26 28
13 24
16 28
61 68
66 73
53 58
67 79
24 38
11 28
30 56
17 22
54 58
38 43
25 31
33 51
60 71
64 70
17 39
6 16
83 91
19 27
14 23
16 20
25 34
1 6
75 85
59 68
51 58
8 17
67 80
10 26
75 82
78 93
81 89
2 7
21 36
57 67
38 50
14 23
47 58
20 27
38 54
77 84
6 16
8 21
36 49
92 94
38 43
6 15
1 8
31 46
10 23
36 50
11 14
26 43
44 58
