100 20 20 19
00000000000000000000
00000000010000000011
11111000001110000000
00000011010001100111
00001100000000001000
00000000000000010000
00000000000000000000
11111111110000111111
00000000001100000000
11001111000010000000
00000000110001111111
11000000001000000000
00100000011100000000
11000010000001111111
00001100001000000000
00000000000011000011
11010011110000011000
00000000000011000000
00000000000000000000
0000001010000101000
0000001010000101000
0000000001000000000
0100100101001000000
0100110000000000110
0001000000010001010
0000000100010000000
0000000101010000000
0001000000010100000
0001000000010000000
0001010100001000000
0000010101000000000
0000000000100000000
0100100000000000000
0001110000000000000
0001010101000000000
0001010101010000000
0010010000010000100
0000010000000100100
0000010000000100100
6190
11 36
87 94
34 55
32 45
19 25
27 40
72 80
76 89
22 27
13 26
18 38
79 96
84 94
6 27
43 60
5 24
59 65
8 19
80 87
80 95
89 97
6 24
20 39
44 47
80 100
16 29
24 29
6 23
6 30
10 27
72 94
37 49
35 48
42 49
89 98
16 21
46 64
3 7
47 51
7 14
6 26
84 94
14 22
19 28
46 57
43 63
12 30
24 33
33 36
26 39
71 78
81 99
30 41
23 32
2 10
38 48
29 36
42 50
84 91
63 77
77 83
37 46
46 56
36 50
88 92
57 67
1 30
38 43
12 15
16 28
64 68
35 63
12 21
32 51
49 53
50 63
54 77
73 81
48 52
10 34
30 43
33 39
1 9
85 88
38 49
29 32
19 27
96 100
69 74
56 61
60 63
13 17
16 22
15 29
3 10
21 37
12 19
86 97
47 51
72 92
74 83
78 92
72 87
5 21
32 47
73 80
23 26
86 93
76 87
58 71
50 60
57 93
50 54
6 9
36 41
62 75
29 34
96 100
4 44
54 56
22 33
43 58
4 9
74 90
75 79
58 64
82 88
65 73
18 23
55 58
79 100
98 100
53 66
82 94
48 68
32 36
2 5
55 60
32 55
73 81
2 18
36 46
13 17
34 38
3 38
44 51
3 8
73 83
89 95
32 41
15 27
19 23
14 40
13 35
73 78
38 43
39 43
58 64
53 69
82 92
15 22
11 19
68 78
49 55
50 52
68 80
69 72
82 97
13 34
77 88
48 50
42 55
52 58
6 35
60 75
46 61
22 53
65 78
21 23
93 100
83 91
3 10
43 53
48 67
36 79
78 81
10 18
80 87
43 50
19 24
9 13
5 24
53 61
39 54
53 66
12 87
92 99
48 54
14 17
31 40
4 16
13 21
75 82
81 90
45 50
89 95
44 56
22 34
43 57
23 48
75 86
20 28
1 8
32 52
76 90
34 36
31 38
36 45
44 54
47 60
83 89
45 59
67 70
89 97
22 30
51 73
4 13
7 17
44 52
59 70
70 95
63 74
71 80
63 78
82 89
70 82
22 34
43 48
22 35
17 40
80 100
9 13
57 61
36 46
36 38
63 66
34 39
54 68
75 91
68 74
40 44
33 43
16 29
8 14
71 84
60 89
34 52
25 31
5 7
27 43
39 57
84 92
25 31
82 86
13 21
4 8
79 84
52 57
34 43
30 41
60 75
1 9
45 67
6 43
1 9
76 92
67 74
8 15
35 49
76 84
3 11
18 24
28 43
13 23
81 89
64 74
23 27
12 14
24 57
21 37
81 92
61 67
82 94
49 57
21 32
74 82
25 58
48 56
21 29
28 33
7 16
47 50
87 96
54 56
74 81
66 84
29 51
8 15
25 27
40 57
24 29
9 14
27 37
13 25
93 96
82 88
21 25
38 54
17 27
19 44
4 12
75 82
52 60
56 59
60 69
59 94
37 67
69 86
17 31
31 43
51 71
89 97
56 64
56 74
68 83
19 34
24 34
82 88
42 50
44 55
77 84
71 87
22 46
28 36
54 69
39 46
8 27
9 29
88 97
22 26
6 8
20 43
41 53
85 100
93 99
64 76
80 84
3 34
40 48
86 99
59 72
23 39
2 15
44 45
72 79
28 37
83 87
4 23
45 50
17 41
42 49
81 94
34 40
18 26
93 100
83 87
73 84
60 69
21 30
88 97
48 61
95 100
59 65
22 31
48 58
8 42
33 47
27 47
15 23
61 71
27 47
37 78
19 27
78 84
33 44
29 42
66 85
14 29
90 100
74 95
94 96
81 87
94 100
2 10
10 16
30 40
90 97
51 66
67 85
50 71
15 33
25 54
15 22
38 59
73 96
40 49
38 48
55 58
45 66
26 30
27 39
9 15
25 28
12 20
44 59
9 17
69 74
43 50
7 18
8 18
20 28
54 65
19 24
19 69
54 62
7 14
48 60
21 30
80 83
32 42
11 18
59 62
96 100
50 79
2 16
64 67
2 9
68 84
12 23
61 79
87 90
51 61
1 29
73 88
27 30
95 98
1 7
23 27
63 71
61 72
33 37
92 97
53 70
85 89
1 11
29 33
14 17
6 8
28 31
7 13
88 90
60 67
46 67
92 100
64 72
32 43
21 25
82 96
10 19
52 63
34 49
71 76
18 21
13 56
50 57
28 50
9 12
42 44
64 74
10 12
52 67
26 33
36 43
13 22
76 83
45 57
34 39
17 28
18 24
49 57
93 97
72 81
72 91
22 29
82 89
77 94
22 54
30 46
22 29
55 58
64 69
48 57
73 80
18 22
74 100
56 62
80 99
79 83
76 86
74 82
21 24
48 56
69 75
15 22
41 45
37 47
70 80
8 31
4 7
63 67
44 83
58 59
19 32
25 31
55 83
1 13
71 76
92 95
59 66
42 55
62 76
10 47
80 87
36 45
44 46
9 10
37 43
71 76
46 55
11 29
46 64
1 32
52 59
20 31
26 47
60 87
21 43
82 85
65 74
61 68
32 44
20 43
46 61
7 33
20 33
59 66
42 46
87 98
37 42
14 18
36 45
70 81
2 25
8 13
23 30
34 40
49 70
79 85
44 53
19 35
82 85
58 71
23 32
49 51
52 54
92 97
62 73
50 53
48 57
1 19
67 71
48 53
7 22
69 74
78 82
44 58
71 74
19 27
66 90
78 85
23 32
12 54
12 30
66 72
23 27
53 64
47 55
73 81
43 61
42 50
22 31
43 61
42 49
23 32
72 78
90 98
72 82
77 84
2 10
33 35
30 38
29 42
23 29
53 62
20 38
52 61
44 55
46 61
36 53
54 68
58 79
46 50
47 52
1 9
32 50
19 25
50 69
65 71
50 53
70 93
48 61
75 82
26 39
75 80
15 20
41 56
4 8
72 86
6 18
40 51
92 100
64 80
91 96
71 74
42 67
74 87
57 67
42 51
29 40
3 16
77 83
75 82
60 74
53 60
76 86
24 36
72 86
90 94
27 38
95 100
16 66
15 20
30 51
75 78
11 25
33 56
66 78
9 17
14 17
14 26
83 92
11 33
35 41
86 91
80 94
55 75
47 50
9 31
16 38
6 8
79 87
20 37
20 24
43 58
91 97
42 56
11 14
24 31
33 39
21 36
84 93
1 14
25 39
79 89
12 24
82 93
81 88
35 55
45 52
9 32
33 41
12 27
56 68
7 13
14 23
34 56
13 18
92 98
49 51
63 68
77 89
42 47
9 17
26 32
53 56
15 55
15 34
76 87
2 30
35 43
58 79
29 60
21 50
7 26
61 81
62 70
16 22
86 94
50 85
65 73
18 22
46 53
3 8
35 42
53 61
26 38
65 82
8 12
51 66
52 59
82 90
7 11
29 43
56 62
25 31
9 18
75 92
41 46
81 87
54 63
7 23
86 93
30 38
35 40
8 11
57 64
79 97
65 72
19 33
32 48
19 31
8 46
38 52
33 39
25 47
38 44
29 36
53 67
86 91
68 77
40 71
60 64
48 59
41 47
63 71
68 85
66 82
67 77
57 73
28 37
54 81
3 17
24 29
23 36
87 99
22 43
48 58
19 24
33 46
46 64
44 73
53 57
21 42
14 17
61 73
6 19
90 96
45 56
66 69
46 52
39 41
2 12
71 84
69 75
12 23
16 44
69 72
8 23
23 33
90 96
28 45
2 12
24 26
48 57
4 24
16 23
12 23
24 28
44 66
55 60
16 27
16 22
55 63
70 82
44 48
15 21
10 18
28 50
47 58
68 87
64 67
86 90
78 87
93 99
60 70
8 12
50 70
2 14
13 26
10 23
15 28
1 11
77 83
84 89
54 75
76 95
11 21
6 15
70 93
86 97
13 46
30 42
66 75
64 89
39 50
43 62
63 89
54 83
55 57
28 32
34 35
49 56
26 34
25 31
45 55
25 51
33 42
71 78
60 65
16 29
46 58
93 100
54 67
46 68
61 68
72 80
48 75
67 69
17 37
19 25
36 42
56 74
43 52
51 63
48 85
3 6
58 89
15 29
82 90
12 23
55 65
2 7
46 59
23 33
68 76
12 15
96 98
43 59
62 67
12 21
76 100
67 76
52 66
57 75
41 59
37 43
28 31
12 23
37 43
75 84
15 23
29 42
28 51
12 16
66 71
62 76
80 86
56 67
42 52
61 70
62 68
49 56
57 69
49 89
32 46
76 85
66 96
52 61
32 41
11 34
74 83
77 83
46 51
79 81
86 96
48 65
91 98
14 22
58 78
84 95
73 88
74 86
4 30
35 56
84 99
74 79
22 34
72 76
64 95
23 31
49 53
18 40
18 25
37 65
62 71
33 46
51 67
4 9
78 84
21 38
24 43
31 38
62 77
67 71
31 42
88 100
20 51
7 17
47 57
16 25
18 30
63 73
2 7
16 20
84 95
29 38
47 52
5 9
48 68
34 45
24 30
14 31
62 81
53 59
17 34
62 67
77 85
87 100
78 87
18 33
89 99
91 98
39 52
42 59
29 36
87 98
24 27
18 23
68 73
12 23
40 49
32 38
5 14
82 93
71 88
37 48
20 29
57 65
56 78
38 50
75 92
20 30
37 43
32 48
18 25
62 68
63 76
72 77
66 81
44 48
19 27
6 25
28 40
12 19
28 50
49 59
43 49
38 40
20 25
23 34
42 55
57 80
7 33
44 51
92 100
57 61
1 12
58 67
61 72
79 86
19 36
9 15
41 46
72 83
15 20
81 93
87 90
51 56
43 46
30 44
18 27
45 57
55 70
20 29
11 16
28 30
52 66
11 13
10 25
48 52
27 36
29 34
90 92
58 67
54 65
56 72
14 26
50 70
56 70
56 64
28 45
49 59
2 16
77 86
44 76
3 15
16 21
67 90
63 73
40 46
71 77
82 91
61 69
25 35
53 61
27 60
58 63
18 22
79 84
14 29
70 82
63 74
79 83
67 100
62 71
28 58
32 44
57 64
25 37
65 67
46 57
11 23
64 70
67 76
33 42
1 13
75 85
69 92
75 83
40 50
61 73
4 9
26 38
70 88
2 34
80 87
57 65
1 4
43 50
3 12
11 24
77 84
7 15
68 74
63 72
17 28
90 97
84 97
38 42
29 33
57 67
40 58
11 19
37 43
46 53
5 18
86 89
79 94
27 48
69 76
88 96
3 10
53 66
72 81
79 86
77 78
22 43
74 79
77 89
11 18
46 53
1 6
2 28
7 20
48 66
15 20
28 56
46 55
22 40
3 7
82 86
75 88
51 63
38 44
21 37
60 79
44 50
7 11
74 100
70 79
18 22
16 25
25 42
85 90
89 96
22 26
56 73
80 90
49 54
33 54
10 16
11 26
52 75
65 71
77 97
13 29
49 70
52 60
3 16
32 44
60 62
69 72
90 93
17 32
23 34
51 58
61 65
51 55
69 82
3 7
6 21
16 22
58 65
37 54
59 70
68 71
93 100
5 12
42 65
14 34
49 55
52 67
69 82
21 26
44 50
68 82
93 98
22 31
34 40
84 92
57 72
47 59
12 31
63 72
79 96
28 37
49 76
53 58
71 91
83 87
18 28
89 94
42 48
65 74
30 42
78 88
55 78
41 47
30 41
43 56
26 53
12 30
88 96
14 33
8 13
84 88
82 94
45 56
58 65
73 94
56 62
62 88
4 13
77 85
32 37
6 17
83 94
88 94
3 16
24 33
88 98
11 19
87 88
17 32
54 67
46 68
29 38
38 44
52 56
59 75
79 90
87 98
39 44
70 79
51 65
18 25
43 59
52 66
96 100
7 12
29 43
56 58
31 42
39 48
5 17
62 97
27 36
43 51
61 76
8 25
36 53
88 93
52 58
31 40
17 26
25 40
18 28
24 46
84 86
76 81
63 73
5 23
89 95
76 80
57 68
10 29
25 54
73 89
20 29
9 15
23 26
80 85
91 97
54 83
16 34
53 65
29 45
57 67
6 16
4 18
23 28
71 84
25 28
88 93
83 88
3 10
38 47
45 75
83 94
54 61
50 61
67 73
76 84
60 66
72 80
75 84
11 19
15 22
70 79
74 80
30 46
56 64
40 43
76 84
28 35
66 67
24 30
53 81
52 73
25 35
1 4
16 30
83 90
52 54
78 97
77 86
2 6
83 92
83 94
6 9
65 73
73 78
52 69
30 36
3 13
8 13
1 15
28 33
68 74
2 7
24 30
49 54
43 46
33 37
27 33
22 46
35 42
43 51
9 14
23 29
73 75
9 17
1 10
4 11
42 46
42 47
89 95
36 40
35 42
9 64
79 91
8 24
14 29
89 95
42 63
38 42
87 100
34 50
47 59
55 68
49 57
45 51
85 95
23 31
17 32
88 93
8 45
54 60
4 6
58 70
44 52
41 61
92 98
80 89
89 91
45 57
10 69
83 89
53 64
38 47
8 23
29 41
60 69
85 97
51 56
4 23
9 17
12 18
78 93
35 44
50 55
2 5
54 58
83 95
36 46
91 96
58 75
58 72
61 67
83 88
72 83
9 18
76 98
62 76
18 34
37 58
72 83
45 47
46 61
66 76
31 39
37 68
93 98
35 51
3 12
4 10
51 57
60 80
67 71
62 68
19 31
16 36
32 37
21 29
85 89
65 79
85 87
52 59
72 81
27 30
82 91
31 37
30 32
63 74
71 94
34 51
5 11
83 99
16 26
4 6
39 45
15 18
42 51
89 93
21 32
56 66
15 21
87 95
87 91
41 69
36 44
51 64
62 73
46 58
82 95
76 85
61 65
77 83
59 70
60 71
2 18
27 35
80 83
30 44
5 8
54 61
26 35
75 85
18 28
80 91
11 18
73 87
53 72
31 38
10 37
33 48
21 25
23 34
2 16
55 74
35 48
90 100
40 51
50 55
5 7
18 23
79 87
82 92
1 9
37 44
8 14
8 35
6 13
54 65
84 86
69 83
78 88
17 28
46 64
86 89
20 23
9 17
18 32
9 13
12 16
65 74
70 79
41 61
8 23
43 50
67 87
51 55
59 69
54 63
6 11
89 94
21 54
55 68
64 72
25 38
69 80
15 49
42 58
6 16
42 49
36 47
78 84
16 26
28 45
7 15
47 66
71 79
69 76
52 58
93 97
47 55
39 43
95 100
44 47
60 73
8 20
38 43
11 15
44 49
83 90
34 40
7 13
54 59
24 35
24 39
12 29
65 93
9 15
37 53
56 64
84 93
5 24
36 43
7 11
15 20
37 42
12 15
63 69
68 71
80 89
3 13
75 100
87 94
17 26
55 68
62 76
87 98
55 72
90 96
37 41
34 37
80 88
44 49
49 58
73 77
50 64
55 63
44 61
57 63
7 13
46 54
21 30
37 43
33 42
71 95
49 63
15 26
64 87
87 96
49 67
32 36
53 61
29 41
54 58
41 51
20 28
7 14
50 58
44 49
89 100
49 67
50 56
87 92
57 63
66 76
18 27
79 87
50 56
61 76
24 35
76 85
60 86
75 81
13 18
1 11
63 68
66 79
67 83
65 78
68 84
58 65
20 27
12 21
90 100
49 72
38 41
44 54
26 35
51 55
77 87
34 52
30 41
70 77
53 57
22 28
9 12
29 35
85 91
73 97
13 19
4 9
89 95
86 91
60 68
22 31
86 88
25 34
69 81
86 91
6 9
68 85
29 36
2 13
36 47
73 100
8 12
42 56
3 20
76 79
38 69
42 66
80 84
58 66
13 18
26 33
4 11
50 53
62 77
65 68
14 21
8 16
65 67
55 62
14 22
30 44
88 98
12 18
52 61
50 77
25 32
39 69
4 14
11 15
38 48
1 3
62 81
4 7
49 73
55 59
11 16
86 97
49 74
63 69
9 13
57 67
66 78
8 25
22 46
56 72
45 70
11 27
42 45
68 93
36 53
78 84
22 31
84 87
43 49
72 89
36 45
16 45
48 68
54 60
22 34
39 51
23 30
66 71
69 76
6 11
62 66
32 62
91 100
53 66
34 43
96 100
70 74
65 75
34 46
33 42
12 22
65 72
11 28
65 92
7 16
58 80
19 30
70 83
16 21
14 26
73 83
18 27
93 99
28 60
76 88
51 56
68 74
31 40
40 69
63 68
69 78
87 90
77 83
57 59
38 44
70 78
78 85
36 44
55 60
19 33
67 90
12 17
79 85
42 57
37 48
31 37
85 94
72 79
56 63
41 52
79 84
38 41
43 52
21 27
53 60
55 65
69 82
22 33
4 20
89 93
79 90
72 81
38 58
86 93
43 55
80 86
62 78
25 33
12 31
13 24
80 81
39 43
12 26
61 80
21 40
66 69
33 53
44 51
83 95
23 24
52 58
20 22
54 72
29 41
62 67
29 35
69 74
45 57
40 51
78 93
63 81
26 33
72 76
43 63
61 71
42 54
47 63
43 45
26 53
43 54
30 59
76 83
87 94
36 53
40 43
16 27
62 69
72 79
81 99
2 4
28 35
71 75
66 73
53 63
63 80
39 43
59 61
60 74
43 44
11 18
29 43
79 86
73 82
67 76
18 33
72 81
11 24
53 75
70 98
93 98
21 42
64 81
83 95
59 94
76 86
63 71
56 65
33 42
13 30
75 87
22 37
6 18
85 91
34 42
1 13
49 56
30 41
23 48
62 67
31 40
89 93
39 43
14 23
8 39
67 81
73 84
10 20
8 13
19 26
66 70
96 99
1 8
64 73
25 42
93 99
80 88
32 41
53 59
31 42
77 86
64 71
70 84
67 81
33 39
58 62
22 30
13 26
32 62
46 59
38 61
80 89
71 82
81 91
75 82
32 55
57 68
50 61
74 87
37 43
63 71
56 61
77 98
69 71
80 84
24 31
79 86
89 100
54 70
35 43
38 48
57 74
40 43
48 51
17 23
92 94
21 32
5 16
86 100
72 90
25 37
64 69
60 90
44 50
7 15
53 74
84 95
83 93
8 22
24 29
26 28
92 100
87 97
10 17
54 67
48 59
31 38
37 49
64 83
14 20
69 85
84 92
34 46
30 47
21 35
30 33
79 87
56 67
24 36
93 100
60 64
62 66
76 88
3 14
56 63
92 99
6 18
27 30
45 56
44 50
67 80
10 11
10 17
52 58
91 97
50 52
77 87
3 18
52 65
61 65
24 41
34 73
8 26
21 51
49 54
29 51
75 80
41 50
2 8
67 76
54 57
12 21
65 71
1 16
29 59
84 89
17 42
42 70
3 9
52 55
45 48
31 38
31 43
46 49
18 23
66 84
66 72
34 50
19 23
80 82
45 50
56 67
37 53
36 50
32 35
53 59
24 36
46 54
18 30
76 80
12 16
60 66
10 21
43 49
42 57
36 57
61 89
75 95
59 70
53 63
15 30
90 95
38 53
40 54
34 39
4 12
16 23
34 43
7 10
44 60
85 99
58 63
23 30
28 49
53 63
56 63
19 30
35 49
30 37
6 32
63 66
74 77
18 20
22 33
66 78
50 74
22 27
48 59
53 63
3 12
9 20
60 76
18 35
13 19
67 85
60 65
25 37
65 71
71 77
6 36
73 78
52 58
22 28
72 90
45 60
65 78
60 65
43 54
10 17
33 40
30 56
57 61
71 91
75 82
16 26
41 90
47 50
77 82
72 80
81 89
31 35
8 24
20 22
68 74
75 88
72 79
56 66
71 80
35 56
79 96
8 22
54 70
66 68
43 56
30 50
22 32
87 94
5 23
66 69
9 18
66 73
3 14
57 71
68 72
45 62
60 74
17 29
6 28
49 75
43 56
53 63
5 17
14 18
63 77
71 74
86 87
27 32
7 14
18 23
24 33
27 29
44 62
81 84
54 68
10 13
91 96
23 32
85 94
61 68
79 85
87 93
21 27
8 17
51 70
54 65
71 79
85 92
56 70
73 77
69 76
30 43
48 54
29 37
84 92
25 35
67 73
29 37
10 16
44 51
33 42
71 89
18 26
87 100
19 59
29 37
4 14
16 29
67 75
1 21
4 18
59 70
17 25
7 23
61 66
34 38
70 73
62 78
4 16
73 83
92 100
60 73
51 60
92 100
51 59
88 100
80 88
63 76
30 74
32 41
86 89
1 8
38 44
61 70
85 91
42 73
18 22
29 33
45 64
68 74
57 61
67 74
13 22
54 74
86 91
14 22
95 99
9 15
61 71
69 79
80 94
76 79
51 55
25 33
43 51
89 99
69 75
70 77
19 32
32 42
12 20
77 89
18 50
47 63
5 12
52 59
53 77
75 77
82 86
69 74
14 24
50 66
79 81
33 38
66 90
40 45
24 30
3 13
49 58
37 50
80 97
48 50
20 50
36 46
16 23
13 24
84 99
36 45
4 23
60 67
37 45
83 87
50 55
25 33
15 23
47 55
66 70
31 40
64 70
58 76
44 54
61 69
73 82
28 32
56 67
16 29
79 85
85 100
56 67
56 68
73 84
14 21
2 10
51 65
45 54
25 28
1 8
69 82
51 55
67 97
83 96
65 70
81 91
51 71
8 13
50 56
8 21
26 37
97 98
32 36
33 48
60 63
16 27
39 42
47 53
62 91
60 71
45 56
56 66
14 23
86 97
1 2
43 55
51 57
60 85
88 95
5 12
81 89
60 66
18 23
26 36
73 83
65 77
9 21
81 85
68 76
38 41
86 97
42 78
62 67
37 44
65 69
9 28
71 85
38 49
52 68
50 61
75 88
61 65
63 70
19 36
56 62
25 62
25 40
86 92
69 91
37 50
63 82
62 72
53 60
90 93
65 79
35 43
19 39
27 65
21 29
17 22
40 48
8 20
6 31
79 89
77 80
8 24
7 22
24 26
87 89
15 32
65 69
80 86
19 23
91 92
76 93
3 9
6 13
91 94
33 64
42 55
21 35
29 51
39 44
9 22
52 57
31 42
73 83
70 76
48 50
10 14
93 95
71 73
4 28
21 36
17 27
60 72
30 34
49 57
9 10
38 42
75 83
11 16
46 61
70 74
50 69
38 58
61 67
1 18
4 14
30 44
19 43
85 92
44 52
27 29
39 52
25 42
6 11
43 56
3 32
59 67
28 34
90 100
7 12
92 99
42 50
39 47
46 58
69 74
29 36
11 14
72 94
80 85
36 45
55 72
28 40
75 87
49 61
63 74
81 97
67 71
59 82
13 22
74 91
35 46
21 31
5 17
67 79
21 24
8 40
34 39
28 33
4 9
56 63
15 33
17 35
27 41
80 91
89 99
20 31
34 42
16 26
8 23
80 96
78 88
20 27
8 19
56 65
6 15
45 61
61 93
35 39
18 89
41 52
86 97
19 34
65 87
34 41
6 17
88 100
28 43
20 26
21 23
78 87
46 60
50 57
66 77
6 27
4 11
52 62
73 91
31 43
10 51
13 22
52 64
21 46
57 64
43 55
88 100
57 62
94 98
21 42
72 78
21 26
33 43
38 46
88 94
52 71
28 43
50 58
10 22
42 58
48 57
36 42
75 81
97 100
52 94
59 61
32 37
39 56
79 88
12 47
75 83
72 87
47 51
50 58
88 97
57 64
93 99
65 89
38 47
28 44
80 85
67 80
8 26
23 29
82 87
1 7
54 68
49 66
57 67
52 65
26 35
38 48
51 55
82 98
10 14
63 73
49 52
30 42
51 72
39 50
24 33
52 56
32 36
19 31
88 98
48 57
55 83
54 59
40 43
4 21
2 6
66 69
91 96
35 54
62 66
21 41
89 93
39 56
63 68
83 87
80 90
49 63
5 18
67 95
33 39
48 53
2 17
38 49
69 77
42 46
30 44
66 75
38 47
53 64
63 79
70 81
26 31
43 59
13 34
35 68
80 84
67 76
59 66
93 99
41 56
74 78
64 70
30 40
19 32
88 92
43 52
42 47
28 33
71 81
78 91
71 83
11 19
36 48
39 48
61 71
2 20
85 93
32 46
4 18
79 87
59 70
48 58
17 28
52 62
27 34
65 74
8 23
86 90
72 90
56 87
90 93
90 93
80 93
48 52
22 39
22 34
63 89
57 80
26 36
49 57
67 86
63 70
36 48
24 46
63 67
14 18
42 52
66 70
67 72
38 50
10 36
21 29
17 43
66 70
10 21
95 100
60 77
65 69
33 42
75 98
36 47
8 29
61 72
12 16
79 84
74 86
15 21
19 44
46 51
38 51
66 81
35 66
43 57
50 64
96 99
73 80
29 35
47 62
87 94
85 89
61 63
57 69
60 73
8 30
86 96
47 71
20 25
81 99
24 32
93 99
85 91
45 49
18 26
17 22
16 34
73 85
53 63
43 57
8 34
42 60
66 75
9 11
23 32
34 82
46 68
39 49
82 88
30 37
41 62
82 91
33 50
72 82
75 95
29 45
59 64
10 22
66 72
45 57
42 55
66 75
9 13
44 49
14 28
8 18
14 26
93 97
40 72
77 81
47 54
77 80
85 92
46 49
22 32
71 76
53 74
19 33
28 32
54 60
67 77
49 51
41 46
38 41
53 71
28 38
25 35
14 42
11 22
47 61
58 69
12 19
35 45
50 74
16 36
33 59
61 68
34 50
11 20
48 53
7 14
4 13
37 48
44 72
81 88
41 49
13 19
30 33
38 45
23 26
82 90
57 65
71 77
3 10
32 37
20 31
52 59
53 59
11 23
51 56
53 70
78 94
61 76
61 63
51 56
24 43
89 95
16 21
49 54
57 62
58 73
74 86
5 11
62 65
80 93
17 42
14 25
55 68
52 65
56 73
61 69
21 28
59 63
24 36
26 51
30 70
32 38
36 38
2 7
70 75
47 60
2 21
7 13
75 87
63 70
29 35
59 68
46 47
37 53
59 69
4 11
48 64
13 29
14 27
85 100
43 55
28 42
26 36
35 48
2 15
21 51
43 48
36 57
72 76
43 50
33 42
84 93
20 26
34 42
82 89
57 65
2 18
29 32
73 80
80 87
79 87
34 37
47 54
75 81
73 79
14 56
58 68
4 10
65 79
28 32
90 94
50 62
33 40
14 18
70 82
32 40
60 65
26 59
46 53
65 76
79 87
40 50
47 54
29 46
67 71
73 89
95 99
33 48
25 32
47 52
89 93
92 97
24 35
36 47
50 62
43 46
6 18
14 17
3 21
16 28
48 83
25 30
20 31
17 26
84 92
84 95
15 26
64 70
12 16
20 36
71 84
7 12
44 51
38 44
68 77
57 66
51 64
77 97
2 5
3 12
39 68
92 98
55 68
71 86
67 69
25 38
24 39
45 54
81 86
50 52
63 68
89 92
5 21
51 59
77 92
74 81
66 71
75 85
60 71
13 17
47 62
79 88
31 38
66 74
45 57
25 39
9 12
43 55
46 53
5 19
84 88
25 28
13 28
1 7
65 74
85 97
54 71
24 31
86 95
52 59
76 88
68 80
21 58
31 40
24 31
78 100
9 19
12 20
56 62
41 49
37 44
54 72
64 70
28 37
66 72
66 100
30 36
15 26
90 99
88 94
26 29
22 28
10 23
64 68
3 7
55 96
87 98
41 48
70 78
43 56
2 7
77 95
24 36
39 50
28 74
82 89
79 86
74 87
13 25
52 53
22 28
72 82
45 51
3 11
33 44
59 66
57 64
77 80
59 71
44 51
49 53
34 51
32 37
42 49
1 13
58 70
1 20
76 80
61 73
34 52
55 67
2 35
74 86
2 5
76 81
77 82
78 87
38 49
10 19
41 43
85 86
35 50
13 37
87 95
46 66
82 87
29 47
96 100
21 30
21 37
24 47
7 25
43 48
32 44
47 56
70 76
55 89
48 66
19 26
42 45
15 24
91 100
64 80
80 90
7 18
30 38
55 63
18 26
68 75
1 3
55 57
49 62
23 26
28 42
67 74
56 67
17 25
44 50
21 26
54 58
58 66
40 50
18 35
58 62
86 89
7 12
60 65
9 13
43 59
58 68
70 83
20 45
51 54
32 41
77 94
19 32
62 68
93 99
97 100
70 76
35 38
19 34
72 76
35 63
85 89
85 88
74 91
27 38
73 80
82 89
88 97
81 96
2 12
22 38
91 96
74 83
42 49
69 72
4 12
23 31
1 5
36 43
35 47
76 94
37 47
67 83
20 31
71 83
27 40
4 22
24 38
39 51
50 73
52 63
79 89
4 26
71 81
53 66
16 23
23 38
15 26
58 63
23 29
1 5
42 45
4 8
59 74
33 37
59 69
48 57
37 89
35 43
80 86
1 13
40 57
3 19
10 15
8 13
37 46
1 10
54 92
25 39
46 52
22 27
12 18
93 98
45 52
19 29
16 25
64 69
4 11
10 19
65 80
71 87
18 25
68 74
78 86
49 82
14 22
28 36
16 33
57 65
57 60
40 45
2 55
67 85
14 22
45 50
67 78
33 35
68 87
59 73
14 20
47 85
61 68
1 12
7 12
47 49
72 78
71 77
57 91
92 98
31 38
68 76
72 90
89 93
10 28
66 71
21 24
46 61
16 28
61 68
43 70
31 43
23 37
95 97
33 38
9 38
51 59
1 7
33 50
67 78
73 77
1 10
5 14
79 82
15 21
39 44
85 88
11 20
29 35
54 62
69 79
2 10
65 74
25 37
24 41
10 23
63 65
58 61
64 68
34 39
67 81
67 72
62 81
42 55
88 99
5 17
71 77
81 85
55 67
89 95
3 10
74 83
70 89
83 96
25 33
88 98
87 90
30 44
83 87
84 94
29 33
57 68
55 69
63 70
12 25
1 7
7 16
30 45
34 44
34 56
74 97
35 61
48 58
19 29
88 94
87 90
86 96
15 39
80 88
12 20
81 87
59 66
16 30
13 33
16 22
87 96
63 73
21 51
3 5
25 32
68 84
1 13
53 64
6 15
82 87
1 13
41 64
2 10
40 49
30 35
58 66
8 24
19 35
14 20
85 98
11 18
21 29
31 44
58 62
80 88
41 61
18 22
26 27
16 26
12 22
39 54
39 46
49 62
51 56
7 13
74 80
58 68
93 97
62 67
66 76
74 85
62 71
22 31
19 24
32 54
18 38
43 57
4 18
32 45
64 68
44 49
51 64
24 35
59 61
70 79
24 37
95 99
26 32
76 78
75 86
4 8
15 23
80 94
21 33
22 28
77 97
75 86
29 32
53 57
3 40
64 84
46 59
7 10
87 91
76 88
60 64
46 57
13 21
32 45
21 35
79 97
52 62
42 53
87 93
59 68
13 18
23 30
33 36
32 36
34 37
19 40
65 86
68 74
50 66
65 75
22 44
1 12
60 66
63 74
74 80
1 6
76 87
7 12
18 39
71 81
30 55
52 55
30 33
86 92
84 90
24 27
10 19
23 35
68 80
3 10
13 20
79 85
46 50
30 45
89 99
77 91
47 50
11 16
69 82
5 21
49 56
51 68
8 17
71 81
37 41
15 22
19 30
36 50
70 81
20 29
50 82
33 41
41 51
72 78
17 34
36 44
39 59
68 77
6 16
17 24
93 96
88 100
81 84
38 47
60 71
4 10
26 32
71 84
9 18
14 18
64 77
47 52
22 34
68 77
17 23
54 72
79 98
1 26
49 57
79 95
1 10
8 13
20 24
65 74
44 65
67 72
66 84
57 73
67 73
22 32
33 45
32 47
80 92
23 31
48 76
30 42
33 40
87 96
65 93
78 80
60 75
61 72
18 30
43 64
40 49
10 16
67 74
32 40
51 83
26 40
4 35
41 53
52 55
3 14
88 99
65 69
94 100
40 52
40 43
71 90
84 93
32 43
12 19
68 84
52 60
76 83
63 72
83 90
75 96
77 87
93 100
39 44
41 46
20 24
41 55
74 85
38 45
68 86
91 96
66 75
18 29
19 22
28 33
67 70
39 44
33 42
67 79
88 92
89 97
13 27
45 53
50 63
76 79
54 62
61 63
36 49
15 45
77 79
61 65
40 46
79 89
29 35
69 75
58 88
22 25
26 36
62 72
57 74
52 65
51 65
31 44
51 60
65 85
65 74
23 41
10 19
36 47
53 75
53 57
54 67
15 21
11 30
55 63
64 80
57 69
76 99
56 59
12 16
45 51
22 31
3 14
55 62
16 23
36 43
34 44
63 75
20 34
41 50
74 84
29 36
6 11
28 50
32 43
76 79
28 40
36 51
49 62
86 97
30 40
64 75
96 100
32 40
54 59
44 57
63 95
22 27
18 28
44 52
60 67
42 51
8 35
81 91
8 11
53 59
61 68
70 72
80 95
30 33
1 5
84 91
13 23
1 12
52 65
78 92
56 68
88 93
48 62
68 74
2 9
54 69
65 91
47 66
28 40
39 47
61 73
35 67
2 6
53 66
48 62
13 26
49 53
29 37
53 61
64 73
36 45
21 22
1 8
61 74
5 21
53 61
31 46
7 13
36 44
68 74
9 19
46 78
88 95
30 50
14 32
56 62
79 91
50 59
21 30
20 31
38 57
69 78
51 57
22 25
60 64
68 80
22 25
74 85
5 14
85 94
32 50
30 33
21 29
13 18
6 27
82 92
79 85
66 74
59 61
68 78
48 55
25 32
4 20
83 86
67 69
78 82
35 41
26 64
57 69
2 4
15 27
45 53
13 16
42 46
21 28
43 49
52 57
36 37
25 58
6 16
9 24
20 37
55 69
54 64
70 75
79 87
8 19
43 50
1 14
49 66
79 93
92 99
70 82
3 8
68 85
17 34
11 15
8 15
48 60
66 74
69 84
82 95
3 14
89 95
8 21
90 100
81 100
51 71
8 30
38 49
38 66
77 81
3 6
30 46
34 42
30 35
72 89
70 89
6 10
53 63
9 32
39 50
62 77
93 97
38 46
2 6
92 98
39 53
52 60
28 72
20 31
63 78
62 73
9 17
28 43
39 45
66 77
40 42
79 93
62 71
23 26
46 57
22 38
44 48
29 38
53 64
46 52
46 70
20 38
39 44
68 82
25 36
47 51
20 29
78 94
28 49
54 59
38 46
67 85
83 87
50 54
37 54
13 14
90 97
25 40
82 95
40 44
6 26
62 67
10 30
11 18
69 84
87 98
49 55
22 28
12 15
57 71
71 76
38 48
41 51
13 26
93 98
62 69
22 28
52 61
81 88
72 94
38 45
90 96
51 59
21 29
22 27
48 65
36 46
70 96
87 91
2 14
36 56
48 58
10 20
53 67
70 76
75 91
25 34
74 90
83 88
82 87
91 94
25 42
34 41
49 62
82 85
51 58
83 95
69 71
24 39
16 30
32 54
8 30
87 92
44 52
87 91
50 58
70 75
4 10
86 91
88 97
2 11
61 82
47 52
18 32
56 71
5 16
31 48
83 87
75 86
9 16
13 20
52 60
69 72
37 100
11 24
67 70
22 31
60 70
64 67
14 70
91 100
11 16
86 97
90 97
39 46
9 23
36 41
25 33
91 95
12 24
18 29
11 23
27 35
85 94
76 96
5 17
42 48
53 58
77 90
20 29
54 91
16 22
44 52
60 65
84 95
62 73
61 76
33 39
44 48
86 97
52 65
10 19
61 69
76 87
29 38
15 24
84 88
71 87
52 59
46 55
36 48
11 26
88 98
51 57
33 43
21 37
5 15
63 68
40 57
10 28
47 56
52 59
16 25
77 86
57 67
64 68
9 26
58 67
72 81
88 97
54 69
50 63
60 68
8 16
34 46
75 84
89 93
86 100
87 97
6 13
6 9
24 31
79 90
44 56
31 34
64 71
39 43
34 35
41 52
51 52
45 58
26 45
89 93
69 78
61 67
82 94
41 72
66 73
77 92
87 100
81 86
30 41
57 65
7 16
4 26
16 22
28 32
40 63
52 61
91 95
86 99
32 49
48 59
57 66
77 84
52 57
95 99
25 32
16 22
79 84
41 55
15 19
18 22
83 90
69 76
2 10
6 11
32 41
52 63
31 36
48 65
85 89
52 65
7 16
66 69
35 40
34 57
76 88
6 24
71 77
94 99
66 78
90 96
20 30
41 48
58 62
21 26
37 45
21 30
16 18
62 67
72 80
3 13
1 12
9 16
65 71
46 50
28 30
26 32
27 29
36 63
64 77
71 81
78 93
80 93
47 68
22 32
2 25
55 61
44 56
23 29
50 61
53 55
54 60
70 85
23 43
18 27
12 22
48 70
60 71
50 71
75 82
9 53
5 8
19 70
18 27
62 72
44 62
39 47
70 91
25 33
1 8
67 75
66 85
31 37
56 63
12 33
69 77
19 25
75 84
71 82
3 25
77 87
39 48
61 65
68 78
27 37
45 58
50 56
5 18
50 61
27 35
25 39
49 57
19 29
91 94
49 64
48 60
25 29
1 22
78 94
61 71
38 63
28 42
63 80
75 93
51 68
64 70
37 48
66 90
10 22
84 92
85 89
63 68
28 32
5 16
54 66
35 46
43 51
48 69
13 35
86 98
50 64
7 24
42 53
60 87
24 31
42 62
91 94
33 53
17 24
51 59
7 22
87 94
60 72
6 14
83 90
71 85
87 92
69 82
8 16
34 41
3 14
26 34
62 76
45 56
63 68
97 100
91 96
22 24
44 52
1 18
46 77
74 77
56 61
63 84
89 94
26 43
27 42
55 57
45 57
15 23
45 48
94 100
50 61
65 73
5 16
26 35
3 8
57 60
10 67
64 85
5 75
15 29
3 14
44 49
74 83
79 91
14 18
24 34
36 43
93 97
76 96
18 22
25 26
45 51
74 77
70 75
74 86
49 72
34 36
33 37
34 49
61 63
51 56
70 74
41 78
76 87
22 33
79 87
11 26
62 68
45 52
74 80
88 90
63 72
21 31
37 43
78 83
32 42
21 47
13 21
14 19
74 85
9 21
83 88
68 71
27 35
45 59
89 96
36 48
72 75
31 46
85 86
19 34
58 68
89 97
48 57
81 87
49 91
42 47
10 27
58 65
75 81
30 43
76 84
63 72
65 77
21 29
48 56
51 58
46 59
14 24
3 18
9 19
18 26
79 88
38 45
53 63
52 64
28 36
27 33
44 51
55 71
86 96
18 23
81 83
21 27
8 14
67 68
58 65
69 83
30 49
57 68
50 58
75 84
6 11
78 86
21 24
34 39
53 59
26 32
2 17
12 24
29 43
74 89
31 41
20 31
68 69
47 59
33 42
24 33
10 13
48 53
37 49
44 67
15 25
34 46
44 66
15 20
57 71
27 44
44 56
76 97
35 46
33 40
47 61
7 13
60 72
73 85
89 98
27 42
76 78
66 70
9 12
64 73
85 92
25 29
17 26
50 57
47 58
75 90
22 38
35 56
72 81
33 50
20 36
14 34
32 55
4 7
45 50
81 89
85 90
20 28
69 75
64 80
64 84
13 24
73 80
9 17
2 7
11 30
46 59
24 30
10 15
7 16
18 23
72 85
10 21
36 51
41 54
77 100
12 35
72 78
37 43
85 96
3 11
73 83
33 37
84 91
57 66
92 97
18 27
8 23
61 69
37 43
74 83
26 32
46 53
30 38
34 40
31 65
24 30
3 10
56 63
53 59
2 83
7 12
58 75
8 17
33 44
48 62
25 34
78 83
41 49
21 30
33 39
80 82
61 65
89 98
68 91
26 40
75 84
81 93
75 82
39 41
49 65
14 18
81 86
60 64
38 40
84 94
18 20
80 89
20 24
9 13
88 90
13 19
46 49
89 93
56 64
97 99
66 69
31 63
68 76
68 70
12 24
75 90
62 76
72 82
68 76
56 64
47 52
12 19
36 52
22 28
68 70
56 78
60 87
3 16
1 26
81 88
54 71
78 88
12 24
36 61
36 38
48 59
12 23
34 45
87 98
85 89
32 46
2 8
17 27
10 23
52 64
12 13
21 30
26 30
91 98
91 98
24 62
3 8
4 7
47 55
34 37
78 98
88 99
16 29
42 48
57 63
74 84
33 39
83 96
63 70
87 98
8 18
62 69
12 16
47 49
27 42
83 93
3 18
69 73
3 6
61 83
75 82
33 47
54 75
36 47
75 83
34 44
55 67
86 91
75 89
12 25
75 84
87 93
40 53
71 86
11 14
52 56
46 50
81 88
71 80
51 53
70 88
9 32
59 65
76 97
61 67
35 53
65 70
79 84
26 33
30 36
52 71
60 69
55 73
30 44
68 85
18 42
60 86
91 95
67 79
1 3
82 89
3 35
1 18
56 71
1 3
52 55
30 40
1 8
59 76
61 70
55 87
16 27
17 30
23 45
34 39
59 78
35 43
10 45
21 37
73 81
10 40
7 24
51 66
28 57
32 38
87 97
62 71
86 89
88 97
39 50
31 43
9 15
99 100
57 99
3 21
16 18
52 57
58 69
28 42
75 90
86 96
38 49
71 90
48 65
61 79
31 50
3 16
44 55
13 24
44 54
56 97
21 30
79 91
8 17
68 80
6 19
86 94
27 35
90 95
30 36
38 40
78 83
48 60
7 13
79 90
37 47
68 83
29 35
31 43
51 61
81 93
29 45
44 74
89 97
61 68
76 82
75 78
38 56
2 21
20 30
64 72
39 42
20 29
10 26
87 95
50 54
21 28
60 61
15 29
41 79
64 70
15 30
93 98
60 67
17 30
29 37
43 66
18 25
16 23
11 13
80 96
44 59
81 94
86 100
49 60
42 57
92 100
2 17
12 23
10 28
16 47
87 100
81 91
78 88
12 14
51 62
15 33
13 18
9 23
30 40
56 64
58 76
44 61
86 88
4 19
81 87
39 45
78 81
78 89
92 100
60 63
65 85
2 6
31 38
10 15
78 97
65 69
58 73
68 82
77 89
3 11
48 61
4 12
25 32
48 61
14 38
48 56
35 46
80 89
49 55
4 13
16 37
80 90
45 50
19 39
88 97
67 78
7 12
38 66
88 95
82 96
55 78
18 21
94 99
45 60
72 88
13 19
74 84
39 66
7 15
60 69
12 16
74 87
55 70
88 97
87 100
44 49
32 43
68 77
79 94
41 49
23 36
39 47
74 88
83 86
43 52
13 23
82 93
75 93
61 70
34 42
50 85
76 81
52 59
35 52
59 83
19 35
6 22
34 47
52 72
1 6
76 82
84 98
62 78
58 76
53 74
38 48
14 26
69 72
51 61
6 7
13 18
60 69
29 31
95 99
75 95
24 39
69 79
27 36
62 74
82 89
9 43
50 64
69 73
11 15
61 77
60 65
40 56
30 46
25 36
55 93
59 63
82 84
42 48
33 53
10 18
27 35
66 71
96 100
69 77
94 98
52 72
41 53
65 81
67 95
85 88
44 51
2 16
37 61
23 27
29 42
49 58
96 100
88 90
54 58
68 86
64 76
58 72
24 30
65 79
54 70
65 80
54 57
3 12
56 69
1 12
95 99
71 74
35 52
83 90
32 39
56 59
10 12
7 18
51 65
79 87
44 49
66 69
86 92
13 24
29 40
49 86
13 17
67 96
91 96
50 87
4 16
79 88
50 56
65 76
65 83
78 84
21 31
80 90
76 94
26 37
22 26
22 31
44 55
87 98
29 48
28 32
33 59
4 13
70 97
90 100
64 74
59 62
72 81
74 81
68 81
60 66
66 75
8 12
71 90
24 29
23 32
3 11
16 32
20 27
85 95
79 96
30 35
67 75
54 60
2 12
32 43
13 24
63 73
46 59
9 13
58 86
74 87
41 44
79 85
23 26
57 63
61 75
50 54
43 85
60 84
81 91
15 27
22 38
4 9
85 92
32 39
8 17
56 67
9 64
50 54
47 63
47 59
83 97
42 57
17 28
36 44
57 65
58 79
44 61
39 43
70 93
31 39
75 91
39 49
76 89
45 48
23 57
51 67
7 22
33 53
53 62
40 68
8 26
34 41
48 58
58 68
60 75
35 44
62 75
86 93
49 62
77 81
35 47
73 80
49 58
1 6
28 43
38 51
56 67
61 70
39 60
60 64
64 73
30 34
10 12
12 18
9 31
68 89
30 37
86 99
1 18
32 37
65 77
46 53
50 63
13 15
48 55
2 15
15 27
92 97
49 52
12 44
61 75
31 37
50 64
44 58
1 19
26 34
92 95
11 23
65 75
9 31
46 53
26 32
56 81
63 69
75 85
56 61
68 70
79 90
34 44
37 53
41 44
60 82
81 93
72 78
20 36
74 79
89 92
36 48
51 58
84 89
10 24
62 73
21 25
27 34
55 58
33 43
30 36
83 92
8 27
10 19
29 38
21 23
36 37
51 78
73 82
17 29
34 50
42 48
74 82
21 44
63 73
45 62
74 98
84 91
29 36
73 84
66 77
49 60
68 81
2 6
38 51
53 69
9 19
4 14
54 68
21 30
45 50
76 77
57 63
39 51
8 15
67 87
28 36
9 22
1 23
2 6
34 38
72 83
53 56
23 32
73 77
67 70
75 91
18 30
22 33
7 18
26 33
5 18
58 67
94 99
56 57
48 58
39 51
25 31
2 8
9 31
32 40
14 25
90 97
80 89
54 72
49 53
88 95
78 91
43 58
9 15
68 84
20 31
20 23
89 99
46 52
42 60
95 98
14 29
15 32
24 36
89 95
8 15
35 48
27 42
15 17
52 55
17 67
51 56
23 29
41 60
4 22
53 61
66 74
20 37
80 90
2 24
16 28
50 58
38 44
40 54
68 78
42 44
10 16
55 68
17 27
51 55
85 93
36 43
73 78
72 77
18 29
36 44
61 67
37 46
55 63
40 47
66 76
87 95
60 79
48 58
28 38
38 59
72 87
11 20
8 17
37 55
12 16
22 40
57 62
61 67
18 26
32 38
70 81
76 84
30 32
39 42
52 77
93 99
42 52
57 76
39 43
68 82
25 35
73 95
16 24
9 20
7 12
43 45
3 8
81 88
7 12
41 58
45 57
69 73
54 62
29 36
67 75
58 66
70 89
4 13
69 91
50 54
27 35
61 71
19 37
65 72
64 73
40 44
8 13
46 57
8 19
62 64
25 32
77 81
9 49
86 94
63 68
9 22
76 80
9 19
61 74
60 84
69 72
54 61
21 29
67 81
21 30
3 16
72 83
82 90
35 38
15 22
19 47
66 72
32 55
35 48
47 54
40 46
55 83
24 45
52 63
25 28
28 48
82 92
26 38
70 97
73 96
21 27
38 46
10 18
45 55
25 34
19 28
20 26
54 69
75 95
7 16
63 70
1 8
8 21
56 78
82 87
8 29
20 26
61 69
16 40
88 95
8 12
26 32
27 37
46 70
33 41
12 28
66 84
56 59
77 91
61 64
83 90
68 77
16 25
23 44
32 43
47 58
1 7
76 89
33 35
1 31
15 50
54 73
6 12
60 62
62 82
6 47
30 34
93 97
2 9
23 29
3 7
90 96
26 30
28 41
26 33
45 55
10 26
75 83
45 59
30 42
63 74
61 82
39 41
78 83
7 16
23 40
32 45
80 85
59 64
8 23
26 37
55 59
15 21
35 42
71 99
37 40
47 65
65 71
30 35
80 84
5 21
17 41
17 32
84 94
37 45
85 88
20 28
89 93
53 56
67 75
11 21
30 34
69 76
90 93
56 69
7 26
30 35
69 84
45 48
58 60
12 17
81 88
62 85
57 98
13 26
51 58
88 100
31 51
12 22
41 48
45 52
43 51
1 38
24 27
7 12
76 80
22 25
31 41
54 64
87 95
60 74
75 86
46 50
2 6
58 66
55 76
19 32
30 46
93 100
9 22
76 85
44 52
80 84
7 14
36 45
62 64
46 53
37 40
83 89
44 50
12 18
37 66
8 15
45 50
47 59
91 100
88 89
31 61
41 45
28 35
23 32
60 80
8 19
59 66
75 84
39 43
83 89
63 81
18 37
8 42
12 20
75 87
56 74
18 22
32 41
53 59
87 89
24 38
13 23
56 63
74 86
42 52
51 55
67 74
43 50
64 72
2 13
7 17
54 69
61 71
85 89
93 99
47 61
23 34
44 57
34 42
8 16
70 98
77 83
26 43
40 44
81 89
47 56
9 15
52 61
75 82
80 86
47 58
77 96
19 25
66 88
83 98
39 43
26 29
11 41
50 51
87 95
46 63
16 26
43 60
9 19
30 35
43 48
46 80
50 65
78 84
9 20
11 27
4 23
9 15
61 69
80 89
15 34
45 62
19 24
55 63
9 15
13 20
43 50
4 38
72 93
23 41
9 50
32 37
45 54
79 89
76 86
78 87
27 33
41 45
69 77
36 48
46 55
39 42
57 60
43 48
77 81
9 16
77 82
20 28
84 91
43 53
89 99
31 32
27 42
44 55
43 48
5 18
69 82
25 31
42 66
12 19
87 91
55 74
79 84
59 68
43 54
49 59
2 14
34 39
19 22
20 32
34 49
80 83
1 5
38 49
25 53
14 21
60 67
58 66
46 54
4 10
2 10
39 44
66 82
17 29
30 32
61 73
4 14
60 69
52 55
22 32
64 77
15 22
84 90
49 59
36 41
71 82
49 52
13 18
9 14
76 89
68 80
77 81
65 71
52 71
31 60
91 96
92 98
19 28
74 78
76 94
46 66
44 50
9 15
38 51
40 45
14 28
36 42
13 26
13 33
11 18
57 64
76 82
4 27
24 32
14 25
61 78
14 19
41 49
63 72
43 57
66 74
22 31
57 61
78 89
84 94
50 59
71 80
57 67
40 49
77 89
64 90
73 96
25 33
55 61
41 54
16 28
7 18
2 8
83 93
3 7
68 74
6 9
69 76
2 44
54 60
45 49
9 23
88 96
85 89
29 36
79 85
40 45
20 51
59 72
11 34
33 38
62 73
9 12
47 53
43 54
14 34
43 49
85 96
68 74
73 80
22 29
71 79
86 93
56 61
79 95
3 18
81 86
8 32
1 8
75 81
76 88
47 58
31 42
36 43
69 74
86 90
5 9
85 90
85 89
77 83
40 42
69 75
78 81
74 81
70 90
67 73
57 72
57 71
49 67
48 55
46 64
51 54
30 37
39 52
5 22
20 23
58 62
83 85
57 75
4 32
29 32
59 60
86 94
68 76
68 75
14 28
17 27
61 76
7 13
5 9
13 24
23 27
23 36
41 51
30 50
19 34
24 30
95 99
76 90
73 82
64 69
72 75
17 35
49 53
41 60
80 97
28 47
82 88
57 71
32 37
62 66
34 39
42 52
52 61
78 83
11 27
31 36
4 10
64 69
63 65
11 19
58 61
27 34
83 94
52 57
76 80
60 68
53 58
79 83
14 24
25 30
47 50
54 61
56 74
88 90
61 73
6 13
81 84
42 50
13 21
37 46
60 69
31 42
68 87
91 94
18 21
12 16
86 90
9 16
7 36
77 87
43 45
39 45
81 86
48 50
38 40
52 56
57 75
58 70
48 56
49 56
52 59
18 29
34 52
28 37
54 63
54 67
52 72
95 97
19 56
47 61
39 63
50 53
38 56
9 18
52 57
1 12
22 45
14 19
46 65
59 76
85 96
6 8
39 53
65 86
81 93
23 27
8 20
29 37
71 85
84 93
19 28
60 89
52 56
5 13
15 22
68 78
57 64
67 75
68 81
34 46
73 79
85 90
40 50
48 53
51 91
48 63
53 59
92 97
39 41
30 34
2 17
77 92
55 68
51 67
91 95
93 99
74 80
81 87
33 37
72 86
6 18
51 60
11 15
6 33
14 27
16 32
56 66
76 82
6 22
7 18
4 15
15 37
54 69
5 21
47 54
71 86
83 92
69 78
26 36
66 72
50 71
4 16
13 16
68 76
17 31
29 41
55 70
50 58
65 77
44 52
57 61
3 12
28 34
45 51
90 99
84 91
32 59
40 48
72 89
55 63
86 97
28 37
57 67
71 83
67 82
80 90
38 56
56 63
60 77
49 59
86 92
35 43
43 52
49 62
53 67
32 50
54 81
88 94
52 65
7 16
38 41
40 48
11 28
37 50
19 27
55 68
79 87
32 54
10 16
37 41
81 85
46 53
27 35
39 57
9 20
45 53
51 86
8 13
58 75
69 85
53 68
56 66
79 95
82 89
4 11
76 81
25 37
41 51
12 18
5 14
74 84
32 72
23 36
32 37
41 56
79 91
53 65
37 52
7 13
76 89
44 62
38 44
32 46
66 69
69 81
55 61
32 44
15 26
11 17
53 75
71 81
36 42
66 67
40 47
86 94
19 26
38 44
14 22
52 57
62 72
85 91
17 42
25 29
92 99
79 83
74 82
54 65
39 48
2 13
51 72
58 69
76 86
14 23
1 20
61 68
86 96
13 22
69 75
21 28
23 32
11 14
69 76
62 83
53 73
3 17
55 68
58 62
35 37
71 76
69 84
34 36
4 7
81 86
19 23
62 66
13 22
93 97
38 59
12 20
56 63
6 25
49 58
13 30
88 99
52 61
21 25
65 67
60 75
67 74
50 62
78 80
84 97
84 89
56 62
82 87
63 87
34 47
1 9
32 43
45 58
58 61
24 37
84 97
10 13
51 63
49 52
2 6
22 32
34 59
76 96
11 17
93 99
3 11
6 12
37 45
71 89
51 61
25 32
22 26
61 67
45 49
24 28
26 31
74 80
68 72
28 47
8 23
89 99
29 38
35 42
19 22
69 74
62 74
70 87
63 72
31 40
37 47
74 81
54 56
85 96
2 26
86 98
9 16
61 66
68 79
48 51
12 16
34 36
69 76
68 78
41 46
60 80
48 70
27 31
32 46
23 35
38 48
80 83
14 24
58 64
40 47
37 42
43 52
36 50
63 78
88 99
9 15
27 39
2 8
93 97
56 73
15 47
26 39
85 94
20 57
3 17
75 82
31 43
12 31
87 90
15 28
28 35
42 57
11 22
25 27
40 46
18 23
11 32
34 46
14 22
50 70
37 45
18 20
11 19
76 88
44 56
37 52
54 59
57 74
3 22
79 88
16 33
38 45
90 100
32 40
9 16
43 46
96 99
48 78
90 94
92 100
24 34
38 49
12 18
56 70
40 53
19 30
43 49
48 57
56 85
59 75
17 32
15 19
80 85
58 61
32 40
7 23
46 55
73 86
16 21
24 46
4 12
88 100
2 14
61 71
76 85
75 87
30 33
78 86
52 67
14 36
88 92
46 54
12 26
76 83
54 61
95 100
8 12
42 56
22 38
49 76
35 46
42 48
1 10
20 39
32 39
29 35
67 73
51 56
51 55
78 90
33 37
86 94
84 96
64 69
71 77
82 96
29 39
65 70
89 97
10 25
18 29
13 27
41 60
41 48
94 97
69 77
77 82
68 72
10 22
67 73
80 89
21 26
44 52
20 44
38 50
58 69
28 35
91 95
3 9
80 85
93 95
31 36
85 87
56 70
63 77
31 33
66 73
50 55
82 84
27 31
21 31
31 35
68 79
5 20
62 73
16 24
91 96
82 87
16 21
32 43
13 21
35 46
46 68
20 30
51 58
21 38
28 30
25 42
73 79
71 79
49 55
44 51
6 10
47 59
53 65
44 52
48 79
54 70
83 98
47 65
73 84
25 26
30 50
6 10
61 66
49 52
46 57
48 56
49 55
76 80
33 42
29 43
33 47
12 31
35 40
72 82
82 85
5 33
8 26
42 53
69 80
72 78
79 88
75 97
9 13
43 67
26 41
20 26
47 60
56 60
81 88
65 73
96 99
76 87
22 34
82 97
34 41
89 95
27 30
79 98
20 44
42 72
69 81
34 44
56 59
66 90
20 23
88 96
24 37
92 96
81 93
18 26
64 77
42 48
51 63
50 56
59 76
64 73
40 42
17 26
10 19
9 25
92 100
84 93
1 13
37 43
9 16
59 70
36 48
21 47
54 64
19 27
81 87
54 67
96 99
9 25
79 83
90 93
57 69
17 28
19 30
85 93
46 50
23 31
43 59
23 32
55 64
