100 20 20 0
00000000000000000000
00000000000000000011
00000000000000110000
11111001111100000111
00000000000000000000
00000100011000001000
00000000000000000011
11110000000000000000
00001000111110000000
11000001000000011100
00000000111000000000
00111110000110001000
00000000100000010011
00000100000000000000
11000000011000000000
00000000100001100100
00110000011000000000
00110011000000011000
00000000000000000000
0100001000010100000
0100001000010100000
0001001010000100000
0001001010000100000
0000101010010100100
0000101010000100100
0100011010000101000
0100001000010001000
0001000000010000000
0000000001000000000
0100000101000010010
0100000000100010000
0010100000100011000
0010100010100010010
0000010010101010010
0000010010101010010
0001000000100010000
0100000000100010000
0100000100101010000
0100000100101010000
4886
22 27
71 73
16 25
14 23
76 99
67 72
34 42
53 54
59 62
59 90
4 20
46 51
70 75
39 42
2 12
68 85
36 63
32 40
11 17
57 69
28 38
17 25
28 40
45 56
73 87
37 42
83 94
84 99
6 16
9 18
22 27
8 12
67 80
70 80
73 79
50 54
73 87
91 98
8 13
56 68
60 68
10 24
26 33
29 36
81 90
75 88
30 39
6 14
20 23
5 17
63 75
11 15
88 91
47 57
21 29
72 74
45 71
64 77
16 30
58 78
76 83
28 33
88 93
62 71
61 65
50 62
48 67
27 57
43 71
8 19
41 46
27 29
71 78
85 100
13 20
44 53
46 78
7 22
24 36
70 82
27 33
77 86
67 71
71 90
55 73
4 18
31 56
75 99
4 23
16 22
37 45
26 49
35 44
17 19
56 68
41 44
2 15
22 29
67 72
84 87
48 65
61 75
10 19
43 50
40 52
56 65
71 75
41 47
44 57
12 24
7 14
25 29
54 80
22 30
12 26
64 79
52 61
21 26
13 36
65 69
21 77
65 85
70 99
14 18
89 100
87 97
89 100
52 77
81 83
14 15
45 54
2 12
57 61
31 44
76 92
2 14
48 84
16 32
17 19
91 100
31 57
28 33
65 76
29 40
20 26
56 67
45 63
72 77
10 13
23 27
82 99
55 68
39 48
65 88
54 65
20 25
59 74
28 41
16 40
27 32
21 29
63 66
8 12
40 48
4 15
73 79
20 35
17 21
45 52
55 68
12 21
22 35
71 78
75 80
28 42
47 57
71 95
22 26
23 26
88 89
30 39
67 72
33 41
64 81
88 93
90 93
73 80
43 51
21 36
11 15
54 58
28 49
64 76
59 70
68 76
5 46
67 84
44 52
86 96
51 62
54 65
77 85
6 14
68 78
61 73
15 21
19 24
56 69
97 99
29 36
5 8
81 89
45 63
2 9
76 93
64 74
51 58
3 7
20 32
75 80
29 38
67 71
75 80
10 16
75 79
73 79
43 51
33 47
6 17
34 42
16 23
56 67
4 7
87 93
51 58
27 44
24 27
77 83
54 79
93 98
91 97
38 54
25 35
5 31
79 85
70 80
66 73
75 83
48 50
50 56
83 98
55 57
13 22
24 41
50 56
43 57
26 35
58 61
12 13
21 61
12 20
26 38
43 50
36 47
12 33
32 37
20 83
58 65
43 47
28 35
50 57
14 29
22 25
94 99
75 82
25 38
28 35
50 59
7 21
54 70
58 69
73 82
79 91
27 51
38 45
11 15
78 83
60 69
38 46
34 47
27 44
26 50
60 66
9 18
74 91
62 69
60 80
20 33
35 42
10 12
70 88
10 18
80 90
20 34
34 45
66 72
34 38
65 70
63 70
46 78
48 64
77 80
57 65
52 59
51 54
6 22
40 57
13 66
67 83
11 24
77 95
44 64
79 83
60 74
62 68
90 96
6 14
68 78
79 92
13 26
13 19
55 57
31 44
51 58
1 6
94 99
66 69
8 23
45 64
83 90
72 78
18 33
28 44
64 69
20 26
75 83
53 70
52 62
6 17
44 52
55 65
40 55
7 11
72 75
52 67
90 94
31 32
29 43
59 71
37 51
7 10
83 95
68 72
21 29
73 89
16 31
80 88
32 46
83 91
11 14
28 33
14 28
39 54
58 63
17 62
3 10
33 41
13 25
40 62
4 11
15 26
9 20
88 98
63 74
86 90
90 97
51 88
14 21
37 44
40 48
62 80
85 92
86 97
47 70
84 87
17 37
62 88
76 100
1 8
60 71
7 11
61 82
42 48
32 37
32 39
39 44
69 78
54 68
36 55
55 82
66 69
3 13
44 52
16 28
88 94
46 52
90 97
46 51
53 63
43 47
63 76
57 73
18 29
6 13
54 67
48 75
79 86
2 26
48 57
2 18
28 34
66 69
19 22
51 90
31 47
54 58
27 71
8 16
46 59
6 14
63 69
42 48
21 27
68 74
54 65
21 37
27 47
40 45
22 33
94 99
48 52
79 99
40 50
61 99
53 61
84 95
69 78
63 69
4 8
39 72
42 46
78 93
70 74
18 23
27 39
84 96
20 44
3 16
31 46
63 66
38 40
1 12
80 97
31 41
3 7
62 65
67 75
40 48
11 22
57 65
87 89
27 35
45 55
9 11
36 85
31 39
8 14
60 69
1 19
27 36
15 27
31 33
24 28
15 22
95 99
78 84
1 6
87 100
93 100
35 69
47 53
14 21
26 32
12 20
25 33
36 47
88 100
12 29
74 85
82 100
37 45
24 33
84 90
11 27
56 64
39 50
69 74
19 28
14 25
41 80
17 22
59 67
27 40
31 41
51 63
52 71
61 66
85 89
33 41
25 37
6 12
58 67
24 28
24 27
2 13
59 73
72 91
84 94
15 24
12 15
33 73
43 57
58 83
70 79
69 84
91 100
44 53
29 35
94 99
18 26
12 29
83 88
77 96
40 51
19 22
56 90
30 42
23 41
28 37
38 49
12 19
62 64
90 100
30 49
25 29
25 58
19 29
34 52
6 11
33 45
64 71
8 20
35 48
13 30
22 31
45 54
63 70
10 36
52 65
39 90
81 91
15 20
18 29
16 20
57 61
55 64
5 16
93 95
69 78
56 72
74 81
19 41
74 85
48 56
68 78
87 96
67 79
61 74
49 54
8 17
78 86
53 60
59 68
73 85
62 66
75 84
67 71
4 11
8 13
78 87
19 28
44 62
3 5
63 70
32 47
61 65
12 22
52 58
35 42
10 18
67 83
58 84
35 46
26 30
95 99
56 58
63 73
50 59
77 90
38 46
63 77
85 95
91 96
21 30
79 87
53 56
28 38
29 33
41 68
21 32
8 43
52 59
33 57
17 24
62 72
31 44
82 90
4 28
44 59
87 91
87 100
60 65
60 88
55 70
14 31
13 19
8 11
6 10
32 48
19 22
39 63
72 94
33 40
82 91
39 63
82 99
30 46
43 51
53 64
30 41
47 54
41 45
26 53
58 69
23 39
19 20
4 19
79 86
6 16
79 82
87 93
54 58
5 14
32 41
50 63
55 58
44 67
41 43
41 66
7 21
23 34
47 58
35 80
32 37
10 26
37 58
72 83
85 93
9 19
67 71
23 36
14 24
93 97
45 63
73 78
1 11
32 38
76 83
80 90
44 59
43 47
3 14
54 63
58 67
82 93
63 64
47 52
6 13
61 66
42 58
30 42
55 67
5 12
26 34
76 83
40 46
38 42
34 50
39 52
64 84
26 29
17 40
26 41
31 32
42 47
46 55
60 71
11 24
50 52
52 58
96 100
90 94
12 20
58 67
47 60
29 42
24 30
76 81
55 59
1 10
42 44
72 87
33 52
50 53
35 44
4 33
92 95
38 62
3 9
56 74
57 83
10 20
17 22
27 30
1 18
38 48
61 67
55 86
82 92
83 100
22 40
28 33
13 23
64 77
12 19
36 41
51 55
48 52
79 96
46 82
64 77
76 83
40 61
69 88
64 79
89 98
55 60
16 25
86 97
57 64
80 90
84 93
93 99
57 71
6 13
28 31
57 77
71 77
56 64
26 32
92 99
26 29
13 30
68 83
61 69
24 27
55 63
31 37
36 54
2 7
14 20
53 63
19 25
29 39
69 74
34 41
48 54
25 33
56 62
83 95
86 94
20 38
22 27
37 51
76 83
87 94
73 90
14 26
57 65
62 70
25 53
11 25
14 17
41 51
67 74
6 19
51 58
13 25
5 20
39 61
38 49
46 52
64 67
96 100
32 39
26 35
73 86
16 22
57 79
67 76
20 25
47 63
43 47
66 77
81 87
72 79
19 41
81 98
45 52
50 56
15 19
78 91
2 19
45 54
40 57
43 48
51 89
14 32
2 13
1 30
63 69
50 55
41 53
33 61
53 58
20 29
20 35
82 94
34 40
26 40
94 97
20 58
13 19
13 29
57 64
43 47
86 90
33 43
31 42
52 67
67 72
34 41
31 40
34 63
61 73
5 12
26 39
25 37
86 91
62 70
83 98
53 57
23 33
57 63
56 63
60 65
50 70
61 88
31 43
81 91
90 96
80 87
18 31
49 60
60 72
3 12
79 88
29 32
30 33
41 46
71 84
60 72
88 98
26 37
61 75
89 96
60 65
12 21
13 21
98 99
20 23
22 31
36 40
42 57
49 59
65 77
15 20
80 86
27 33
89 100
41 48
21 32
54 58
44 53
34 58
68 73
42 51
5 36
35 50
68 81
19 30
1 11
10 36
74 89
37 52
68 76
27 40
72 83
29 34
7 8
36 54
54 60
33 41
62 65
86 99
38 49
77 80
11 25
13 26
35 46
54 57
13 29
59 65
16 29
10 33
89 95
54 60
61 71
45 61
61 70
68 71
57 67
63 84
14 27
74 81
49 75
4 10
65 75
8 48
25 55
9 15
68 90
39 60
66 86
95 97
35 40
5 16
7 13
22 31
39 47
21 27
57 76
47 81
58 63
38 50
37 44
77 93
52 59
7 13
72 79
75 78
39 65
93 98
63 68
47 57
38 44
70 79
43 50
70 75
32 52
58 65
16 18
59 62
71 84
70 81
69 73
8 30
27 34
76 100
2 27
92 94
62 69
28 30
68 72
15 22
19 28
68 88
1 6
11 16
19 33
42 50
45 50
80 94
74 81
86 100
72 75
55 64
56 62
59 64
72 83
41 59
29 38
50 54
41 44
2 11
5 14
29 36
67 81
67 77
8 17
5 7
62 78
43 46
6 8
37 60
8 18
17 29
34 55
39 49
50 54
24 46
75 84
40 47
84 96
30 64
11 17
26 36
83 89
59 68
78 93
65 80
39 45
90 97
77 84
96 99
46 51
19 25
6 17
13 23
46 53
61 67
70 74
80 87
50 58
83 91
52 58
38 66
80 92
3 19
10 25
52 64
38 49
15 27
85 98
89 97
65 74
57 68
13 25
90 94
8 12
58 74
88 93
52 55
81 85
85 98
70 79
58 71
29 33
72 81
55 56
49 60
53 79
39 48
57 80
5 10
72 76
84 97
51 92
32 37
56 60
48 66
17 27
10 14
31 39
54 63
78 81
53 58
30 36
23 31
22 28
20 25
43 66
78 84
8 14
26 36
26 32
48 61
15 23
65 72
3 15
65 74
85 93
70 81
29 34
38 44
88 92
62 96
84 90
29 35
14 29
17 47
23 32
23 27
66 79
44 56
33 44
54 66
15 33
60 72
62 79
79 88
32 68
32 41
25 42
58 70
59 66
1 8
32 40
47 59
24 32
37 54
91 95
11 28
49 71
8 14
32 38
43 57
9 14
42 56
18 26
81 100
49 57
82 89
51 62
22 28
2 10
56 67
12 18
20 27
28 40
55 69
51 61
14 24
37 43
25 33
58 77
90 94
58 69
72 83
12 17
45 58
42 58
6 15
63 76
80 92
85 95
11 15
29 40
55 62
16 37
7 11
64 77
35 43
21 35
59 75
76 85
2 12
47 54
29 41
1 3
11 20
72 76
53 57
7 27
78 80
29 37
74 81
52 63
73 77
24 32
76 80
15 19
74 86
85 90
21 32
43 48
60 75
32 43
52 54
13 23
62 70
33 51
64 70
13 18
47 53
15 22
79 95
59 70
18 24
27 60
55 62
77 80
46 62
72 75
40 53
52 71
71 77
55 62
63 69
72 77
83 94
56 61
23 42
73 86
16 22
88 96
9 37
83 88
68 77
26 28
40 44
18 39
53 61
37 46
11 39
83 90
34 46
65 72
14 25
37 50
77 91
35 43
81 90
57 68
65 67
24 41
24 42
83 91
15 18
88 96
46 56
90 94
83 90
64 76
69 89
93 99
41 46
46 52
32 41
62 93
77 83
53 56
54 69
15 26
80 90
64 72
89 95
85 94
67 72
91 95
48 61
5 15
95 99
11 26
36 63
11 23
31 39
21 30
78 85
70 94
28 33
69 74
69 80
63 69
38 46
30 33
11 18
51 60
27 37
24 30
65 71
66 75
66 71
69 77
27 43
26 33
13 17
16 20
1 31
85 94
34 40
71 83
10 23
87 95
20 24
12 28
42 53
20 23
12 34
81 95
48 65
82 87
57 62
61 66
60 68
68 80
69 73
94 99
57 67
35 44
15 58
24 38
55 59
40 43
1 12
55 60
62 74
38 41
58 71
37 49
91 99
90 100
62 76
1 4
22 34
67 70
1 13
62 84
42 56
81 88
23 38
74 87
13 21
28 35
81 87
89 100
59 67
59 70
67 72
79 95
27 49
29 59
72 88
68 79
84 94
92 98
90 98
71 77
65 70
1 10
42 49
19 29
37 43
41 69
85 92
11 26
75 84
80 95
48 51
22 25
65 76
65 74
27 43
16 44
86 88
61 67
63 68
12 38
31 47
52 62
51 56
13 59
22 26
12 18
6 14
53 59
3 17
87 91
39 50
38 58
66 71
20 35
10 21
56 64
94 99
55 91
78 94
79 83
44 66
24 33
46 59
52 67
26 31
37 47
39 56
75 83
19 30
83 87
59 86
56 59
2 13
67 71
95 99
59 66
23 26
12 30
87 99
51 77
2 19
69 82
15 20
82 93
29 35
3 8
75 83
1 14
66 76
80 85
67 72
73 82
36 39
76 85
91 97
44 49
30 41
82 96
41 45
21 29
11 18
47 52
11 25
11 23
21 28
63 73
42 52
31 40
18 35
2 17
75 81
27 41
17 22
16 26
35 66
6 22
19 29
44 53
82 96
21 28
13 21
67 74
16 32
36 49
5 15
9 12
74 79
88 96
28 31
42 51
2 17
40 46
74 94
46 50
47 52
83 98
72 78
21 38
39 41
21 33
85 94
70 77
40 50
51 53
9 20
11 14
37 42
38 49
57 60
33 39
49 55
71 77
53 56
67 79
55 72
44 51
70 73
80 85
86 99
21 28
64 74
50 61
1 12
14 20
11 13
54 60
71 75
57 64
61 64
1 2
72 92
47 49
72 78
76 83
75 78
75 81
11 23
72 86
88 97
29 41
37 43
28 35
26 40
16 19
73 82
36 45
1 8
92 97
4 9
11 16
53 58
35 40
48 53
10 17
75 82
6 21
10 15
41 62
21 38
36 62
37 51
85 94
61 87
31 37
30 62
55 59
42 76
42 54
16 27
8 16
64 66
48 62
66 76
1 14
86 97
72 82
47 51
86 95
45 64
24 38
19 30
49 56
26 46
34 41
80 85
27 37
81 89
31 42
24 28
62 87
52 59
42 48
26 49
23 33
46 53
62 75
87 94
39 40
6 18
17 23
9 10
18 36
49 52
20 25
1 5
29 49
54 58
65 74
66 77
8 15
78 86
23 30
62 65
22 26
10 25
73 79
17 21
15 28
95 99
2 36
21 26
33 48
67 78
45 48
95 100
4 19
2 9
49 58
65 68
72 100
67 71
8 13
19 56
55 67
51 62
30 33
29 35
47 55
20 27
48 53
72 79
82 93
38 46
46 65
89 98
30 35
79 88
44 49
31 41
81 85
7 17
73 86
21 25
40 45
4 15
13 24
1 12
24 84
75 82
82 88
40 70
44 60
30 38
25 30
89 99
37 40
18 29
64 69
91 95
7 21
54 56
36 61
87 97
59 71
16 29
71 91
80 94
73 78
63 72
58 68
93 96
41 50
7 13
67 72
36 54
85 95
35 39
80 87
66 75
45 55
35 48
56 64
50 62
32 38
79 87
92 98
75 92
69 72
24 38
38 59
15 37
7 16
28 41
24 30
20 24
57 77
73 80
24 32
40 53
81 92
9 14
69 84
41 71
17 29
32 41
78 83
73 78
9 15
16 18
31 40
32 37
45 65
1 7
1 7
75 95
65 69
49 56
6 35
19 25
66 70
77 96
67 70
43 93
70 80
84 100
7 71
64 66
44 50
23 35
14 21
81 90
63 68
24 27
68 86
88 99
62 71
48 78
77 81
46 63
19 27
82 85
38 43
49 55
20 24
55 61
53 67
53 72
90 98
33 48
7 17
75 76
44 60
18 23
63 72
72 84
9 18
26 39
75 85
28 31
27 35
63 79
79 85
19 26
1 5
1 7
90 96
16 21
47 61
57 66
31 45
46 60
4 20
83 88
80 97
13 22
58 90
60 76
21 53
31 44
24 31
7 34
68 73
41 56
69 75
77 92
69 91
23 28
86 100
72 77
35 39
55 67
74 86
16 32
8 19
15 23
60 63
47 75
35 42
10 25
53 65
23 48
65 97
50 56
76 85
3 18
45 60
26 39
67 73
16 27
28 33
10 13
57 59
10 23
62 81
50 55
26 40
58 80
81 86
5 17
47 52
80 88
85 91
27 75
85 88
35 39
50 66
12 20
42 52
58 60
50 63
10 17
12 18
51 62
72 79
78 91
7 18
49 61
18 28
13 31
15 39
56 59
36 48
55 63
28 43
69 75
41 45
67 70
24 48
71 77
81 83
82 83
30 39
50 55
95 100
68 79
12 20
69 75
10 24
3 7
55 61
53 60
60 78
85 89
85 90
3 13
39 55
3 21
50 53
83 88
59 76
45 48
43 50
59 69
41 52
43 46
13 19
11 22
21 41
4 12
33 39
27 31
63 65
2 17
9 34
58 72
55 73
48 53
39 55
60 82
79 87
81 90
59 61
13 17
48 59
10 15
29 35
75 83
18 43
4 14
65 91
41 44
58 62
21 26
2 14
50 60
59 64
74 79
97 100
63 81
20 28
74 81
77 86
34 42
6 34
63 74
12 27
64 80
15 21
6 16
16 35
53 61
26 33
56 63
82 84
41 49
71 76
71 92
19 87
18 32
54 68
15 20
7 15
73 78
44 64
31 39
47 54
29 39
55 70
16 33
7 13
26 28
44 50
20 26
5 22
39 46
50 58
75 82
71 84
11 24
50 54
62 68
40 45
13 19
28 37
10 13
13 20
68 80
96 100
4 22
16 26
27 31
70 72
19 27
7 20
42 61
12 23
55 59
14 22
55 63
4 15
58 69
19 23
56 61
25 35
34 43
51 71
6 15
86 92
81 87
48 57
65 75
6 28
81 93
20 29
90 94
2 5
2 12
41 63
60 71
37 48
27 31
96 99
93 99
62 74
14 25
62 73
30 41
75 86
89 92
52 84
39 54
1 6
65 75
6 18
69 75
13 17
39 49
71 80
24 40
80 90
30 46
81 90
94 98
13 30
19 26
78 83
9 16
16 23
20 26
6 20
27 35
90 100
75 87
21 40
56 69
31 55
58 66
22 30
66 72
24 28
50 53
47 55
84 86
25 36
22 25
7 25
58 62
15 42
58 67
52 54
91 99
57 64
87 100
61 70
22 33
22 27
55 65
87 98
27 38
12 30
58 68
62 69
29 35
29 60
96 100
77 82
52 69
21 28
33 40
29 40
67 78
74 89
5 12
15 29
65 71
14 17
25 31
23 59
43 58
64 68
67 73
65 79
29 32
37 67
39 43
42 67
74 86
12 14
92 99
31 56
26 54
26 31
21 30
60 76
61 63
33 46
46 49
84 94
69 80
17 33
73 79
4 25
54 64
10 18
9 14
44 50
74 85
3 8
51 80
3 4
17 21
4 11
11 15
82 99
68 79
85 99
48 66
67 79
37 50
76 80
69 77
52 69
80 93
4 18
41 47
43 48
4 7
12 25
10 23
60 66
70 88
1 6
21 25
64 76
49 59
59 70
55 63
26 29
11 21
48 71
7 9
33 35
40 52
42 52
77 95
72 79
43 47
47 54
9 18
27 29
53 76
31 39
18 27
2 11
61 73
12 22
1 30
47 56
32 40
78 83
92 100
78 82
84 93
17 25
21 39
79 86
28 41
78 84
19 29
24 40
20 36
82 87
81 85
17 20
20 22
66 80
66 85
58 62
73 78
71 85
71 98
42 46
51 55
66 79
16 26
60 66
57 64
94 99
27 42
64 79
32 36
25 28
30 32
91 94
12 17
76 94
37 49
12 26
59 65
40 42
10 21
59 67
84 91
81 97
88 96
71 76
12 19
74 80
43 54
49 52
96 99
64 73
3 8
44 51
41 57
72 89
71 93
33 41
38 49
27 33
17 38
79 95
88 95
66 79
10 31
84 89
85 92
50 62
59 69
91 97
92 98
16 21
30 34
37 39
63 77
10 21
76 83
17 28
10 23
72 78
86 91
33 46
23 34
44 48
86 88
29 34
64 75
55 72
14 20
88 92
6 11
4 16
16 39
33 37
9 13
76 79
59 74
45 62
31 41
72 75
32 49
71 78
35 46
17 28
72 87
46 63
88 98
3 10
57 86
87 91
14 20
54 68
56 68
4 8
66 71
54 64
19 22
65 77
34 44
93 100
53 62
25 36
16 25
40 60
72 75
10 15
2 21
5 16
69 74
70 76
81 87
8 21
48 69
47 62
17 23
45 57
77 81
34 44
41 47
87 95
24 44
34 40
31 40
24 33
76 92
83 86
39 51
75 86
91 99
91 95
33 46
42 57
75 94
1 3
66 76
45 49
68 75
64 82
68 91
28 45
31 42
87 93
72 81
87 95
18 40
49 58
14 21
20 27
37 58
90 96
71 79
88 97
35 39
71 76
77 89
32 42
46 55
22 35
42 49
73 87
3 15
47 54
25 33
30 38
33 37
71 79
80 82
85 94
56 69
80 87
23 32
66 79
38 42
77 92
91 99
19 29
39 44
69 79
56 70
65 87
74 83
5 15
8 11
34 46
8 20
41 51
9 16
36 45
66 83
29 40
20 26
11 16
46 69
35 37
20 25
37 41
13 26
60 63
22 31
7 11
70 81
31 38
28 34
30 56
12 20
27 39
78 85
78 89
42 48
11 43
73 86
43 54
36 41
51 61
8 19
17 31
42 66
2 6
54 63
58 68
37 65
29 42
48 62
63 75
47 60
21 24
76 81
83 93
62 65
71 88
69 71
96 99
49 67
25 41
81 88
54 56
33 45
34 38
33 51
9 18
4 15
12 19
90 99
45 58
56 68
45 63
13 27
26 36
49 62
16 24
87 97
3 9
66 74
61 65
50 56
37 40
66 79
43 47
75 80
82 85
1 34
75 83
8 17
57 67
6 11
38 44
79 99
37 69
13 28
60 66
38 44
73 76
57 78
61 80
47 51
79 95
59 68
12 19
47 64
43 57
43 48
67 70
65 74
15 23
8 15
42 52
63 67
39 46
52 56
3 12
15 23
19 26
13 25
14 50
46 54
66 89
14 23
29 67
88 99
42 57
53 59
53 56
32 38
7 17
78 89
64 67
45 60
67 81
71 79
25 38
52 59
5 19
19 23
82 95
65 73
5 8
12 16
40 45
27 37
85 92
5 15
67 71
16 37
50 65
81 99
17 38
23 35
79 90
81 91
34 41
66 77
86 100
82 88
62 73
55 78
42 53
35 54
17 27
75 87
70 83
21 30
27 34
10 16
82 90
72 77
20 30
36 43
79 85
40 48
81 94
46 53
52 59
85 90
70 87
50 56
85 98
54 63
62 68
28 53
83 87
56 60
29 37
31 39
18 30
73 85
68 84
18 25
26 36
28 59
94 96
85 97
13 23
39 42
26 40
69 77
16 31
19 31
81 84
68 82
37 49
9 26
39 56
34 45
78 90
51 69
69 71
15 21
7 22
25 59
89 97
40 50
79 85
68 77
11 16
17 26
13 42
89 96
61 72
1 15
82 85
54 60
56 59
50 57
84 96
13 24
6 16
38 44
53 61
70 82
11 25
33 38
55 69
14 24
9 14
21 47
26 37
17 24
11 21
28 37
43 52
43 56
58 71
2 12
49 60
70 74
13 28
13 26
2 11
10 34
2 5
89 98
81 89
66 77
90 93
29 38
94 99
27 48
6 15
86 95
80 83
49 60
59 72
16 35
64 80
11 21
78 93
59 68
33 39
26 42
38 78
64 83
29 40
92 100
47 56
5 15
88 91
63 67
2 14
68 71
43 64
33 47
81 98
48 53
26 34
43 45
37 44
46 52
41 56
17 26
44 50
7 19
17 25
88 94
21 29
39 55
7 22
53 63
38 65
50 61
14 27
31 40
18 24
27 51
22 40
27 37
35 42
40 44
42 50
18 46
42 48
56 68
15 20
30 39
77 94
73 84
24 34
30 32
11 33
28 38
61 65
70 94
63 68
4 29
38 43
19 22
74 80
46 50
31 63
48 55
72 78
41 55
41 46
76 89
30 52
43 78
7 30
54 67
47 54
1 20
35 47
23 39
47 60
81 91
84 91
37 43
48 65
29 33
8 19
28 37
85 89
54 62
6 22
55 64
8 26
37 53
73 79
54 67
37 78
40 44
20 32
49 55
22 31
40 48
93 97
44 50
78 84
21 30
23 28
60 78
17 40
20 26
49 59
62 86
6 16
76 84
6 22
53 60
86 89
31 37
85 94
16 26
35 39
22 26
82 94
3 15
16 23
9 21
44 47
23 31
74 94
7 13
43 46
67 97
11 33
15 28
9 21
16 22
59 67
35 51
5 10
17 21
14 18
19 28
69 80
44 54
27 29
80 100
31 37
24 32
79 89
70 77
56 66
43 55
92 98
63 68
38 41
86 99
62 74
79 89
83 92
62 71
79 92
39 46
40 50
27 40
69 84
42 45
61 67
22 27
4 15
81 88
73 74
55 61
12 13
61 95
16 32
30 39
3 19
42 47
59 73
62 90
77 93
31 39
27 53
41 45
43 67
93 100
4 15
17 44
60 73
44 65
91 98
88 90
60 64
37 51
86 95
81 97
20 29
41 60
32 35
73 87
51 57
7 16
79 80
77 84
41 48
11 15
68 78
16 26
58 71
36 50
22 40
12 23
5 11
59 69
95 98
53 57
53 64
88 91
80 87
22 24
66 90
57 79
67 77
42 54
87 99
93 97
75 83
11 26
32 43
15 39
36 44
61 71
15 22
52 57
71 82
11 21
66 71
44 54
25 31
32 40
30 39
52 58
56 61
4 20
53 58
31 37
31 41
6 12
53 77
6 8
38 46
25 35
38 42
61 65
46 53
6 14
41 50
25 28
37 44
37 38
13 22
56 59
29 49
15 35
69 88
68 80
20 26
17 29
6 30
49 58
71 74
31 38
10 23
15 34
41 54
48 71
50 60
86 93
3 10
55 63
59 73
55 64
19 27
69 71
1 15
5 22
35 60
7 38
62 83
78 82
63 76
72 78
50 63
17 25
5 10
21 31
16 19
42 48
54 61
73 79
54 76
10 22
24 28
74 79
25 30
11 18
47 69
11 16
45 47
92 97
31 41
61 68
69 72
69 74
90 100
54 60
59 75
57 71
16 30
44 48
13 20
68 79
41 65
90 92
63 65
10 18
28 53
15 21
29 34
76 82
37 46
48 69
14 18
66 75
69 85
67 84
75 95
84 92
89 92
18 23
90 94
37 44
17 20
18 36
58 61
49 60
70 97
74 96
76 83
3 25
16 21
79 85
64 96
27 42
43 53
21 27
48 54
65 70
59 62
16 29
23 33
21 30
52 56
53 65
62 67
81 94
40 52
12 28
72 91
25 98
46 52
1 9
17 35
67 83
44 77
94 100
34 45
30 49
34 41
63 68
82 88
84 88
87 96
53 64
87 96
48 54
6 16
49 69
76 87
36 46
33 40
73 82
78 90
80 88
89 96
76 84
71 74
9 35
91 96
41 45
4 13
5 15
62 79
8 13
58 78
49 56
74 80
48 55
66 74
19 27
84 96
43 60
65 80
6 9
9 12
2 6
30 31
50 59
58 70
47 61
31 38
57 63
11 25
37 41
4 12
14 31
22 33
58 64
15 24
88 92
4 24
19 33
96 98
44 61
42 51
35 40
34 43
46 48
85 93
15 32
59 68
58 65
9 34
19 34
76 92
42 45
16 26
57 68
12 21
28 35
67 70
58 68
43 55
49 53
15 24
74 85
31 41
44 60
16 25
28 36
84 91
28 38
25 31
78 93
5 12
66 80
42 67
51 62
42 52
8 17
19 28
46 62
81 84
61 75
9 27
54 60
48 53
73 82
3 8
62 71
22 32
26 48
74 96
11 17
49 61
79 100
44 47
74 83
18 24
39 48
24 36
84 87
26 31
16 27
88 95
50 71
10 40
32 51
79 85
25 37
42 55
57 70
66 70
15 20
52 76
16 20
72 87
96 99
23 32
10 24
12 30
56 70
59 70
65 69
13 18
81 83
37 45
61 86
84 96
9 33
13 27
71 91
54 56
26 32
7 18
89 92
4 14
62 77
17 28
17 31
16 26
14 44
42 55
65 70
88 92
17 20
17 21
58 68
34 49
13 19
63 78
39 53
52 89
7 14
78 97
74 85
25 32
85 90
46 54
37 41
4 18
12 15
70 78
28 40
80 86
2 12
72 94
59 64
34 39
32 53
72 74
25 30
17 24
28 32
51 62
32 44
7 17
20 45
10 19
36 45
77 96
25 38
87 93
94 99
44 49
34 42
74 100
8 27
76 81
37 51
23 30
85 90
16 41
71 84
3 22
48 61
78 88
90 100
37 41
66 74
52 59
5 14
30 33
8 10
23 38
79 96
41 44
96 100
1 6
27 47
13 24
25 32
2 14
55 66
62 67
14 19
37 54
73 80
47 57
9 18
75 84
48 61
86 95
94 99
33 44
44 48
11 24
74 78
25 36
63 69
48 54
50 53
80 85
61 68
39 49
60 65
81 90
41 61
58 71
59 68
33 36
29 32
82 87
19 31
65 78
36 51
26 46
60 79
79 91
58 64
44 55
6 26
28 33
11 18
83 87
53 63
5 11
11 15
79 87
23 31
74 88
9 23
18 24
32 45
27 51
71 73
10 14
60 82
21 22
42 49
81 90
18 30
20 33
77 91
11 24
14 20
83 89
19 26
57 59
62 70
69 84
76 85
14 26
35 42
51 64
79 94
25 36
18 21
42 47
1 12
59 63
12 22
13 18
69 83
64 76
83 91
36 47
24 31
43 49
65 73
42 74
17 22
10 20
5 14
3 8
11 21
71 79
43 59
63 67
93 98
79 82
62 69
50 55
39 43
55 68
32 49
39 49
19 23
74 80
5 10
45 50
35 41
1 25
44 77
58 68
42 84
58 65
34 54
6 13
4 7
22 48
39 47
74 89
73 87
35 42
68 77
30 39
22 29
66 72
9 18
47 54
84 91
28 34
58 60
93 96
5 20
84 93
68 69
1 25
90 100
91 100
20 52
75 86
94 100
63 92
51 57
14 18
2 8
3 8
9 20
14 32
50 57
24 27
21 41
97 100
4 23
70 90
35 49
39 44
68 78
84 98
66 76
57 98
43 56
8 26
60 69
28 30
63 72
13 49
61 67
68 74
11 15
38 41
37 41
1 20
67 81
47 52
21 29
47 55
37 57
72 77
76 87
64 70
70 85
68 72
38 45
94 98
49 66
89 92
37 41
19 24
70 74
47 55
35 40
8 18
23 32
61 73
68 79
15 21
28 44
54 64
54 57
64 69
92 97
73 76
17 23
12 20
58 61
26 31
47 50
15 22
44 51
63 66
55 65
31 46
56 63
70 80
78 100
42 54
43 50
32 41
37 39
24 32
85 97
34 37
64 68
77 86
4 9
12 18
63 69
56 65
66 76
47 53
46 74
54 57
11 18
31 35
50 57
26 38
53 64
23 32
39 50
56 63
83 91
21 46
24 27
81 94
88 94
18 27
84 88
20 28
77 82
86 90
51 64
53 54
7 17
5 13
36 64
81 92
82 94
36 50
73 82
76 87
47 67
3 13
59 71
5 15
55 65
44 52
31 45
74 80
59 98
67 72
10 16
44 47
49 57
43 52
76 85
27 30
52 61
7 13
64 72
69 82
13 18
57 74
16 23
42 49
8 22
43 60
88 92
87 92
45 52
12 22
40 45
54 64
41 55
64 77
2 6
62 71
48 57
23 30
19 28
38 44
71 75
48 56
39 56
49 59
29 52
43 49
4 15
72 91
66 71
70 77
36 39
42 51
11 22
61 66
87 91
69 73
51 73
61 74
77 84
69 76
70 97
20 29
48 51
33 39
20 31
59 66
7 16
79 84
53 61
51 62
28 32
52 61
65 82
38 50
87 88
55 68
19 23
38 58
27 38
41 55
53 61
64 74
38 45
53 59
17 28
76 91
26 38
93 100
23 44
4 21
33 46
22 34
33 51
89 96
76 88
30 53
24 34
55 69
39 45
19 27
88 91
72 78
43 51
81 97
56 63
39 43
12 28
75 89
15 22
90 97
24 32
12 14
82 93
47 52
51 62
46 61
29 36
24 45
16 26
78 84
75 84
40 50
3 9
85 90
23 31
77 84
69 74
16 30
57 70
27 34
73 85
37 50
23 58
69 75
43 50
69 76
50 61
17 22
32 39
60 76
66 77
60 64
53 61
26 41
46 50
20 34
35 48
44 51
46 51
25 32
29 36
89 93
79 98
6 50
78 86
91 94
13 27
43 50
13 17
1 12
83 89
60 71
3 11
12 15
25 33
25 31
62 86
29 39
79 83
74 89
2 7
73 80
4 12
61 63
66 72
33 43
13 18
29 31
73 79
65 98
39 46
31 41
82 86
42 45
53 67
56 64
29 44
44 63
14 19
75 92
60 68
28 39
20 45
30 36
7 16
75 93
94 100
43 49
91 99
71 74
33 35
52 56
34 51
22 27
81 88
11 19
43 46
77 92
48 62
2 14
81 95
53 73
32 35
58 73
45 71
56 80
36 40
41 50
12 19
11 55
38 45
86 87
49 57
70 100
44 48
28 31
7 12
74 94
66 78
58 73
13 18
51 84
53 77
44 55
13 15
41 54
59 67
54 81
25 32
63 71
76 87
1 6
65 71
39 45
6 17
8 23
15 26
70 74
56 67
80 90
80 90
40 54
52 55
37 49
86 95
12 19
49 60
39 42
9 11
23 27
21 28
30 34
61 72
7 17
22 25
82 91
3 7
74 80
13 20
4 16
33 43
18 20
38 43
66 86
37 50
53 64
53 55
72 81
4 18
64 70
3 27
60 76
72 80
12 15
20 25
48 56
67 79
20 26
71 90
93 99
11 29
47 52
24 76
49 55
2 14
73 81
65 75
49 55
35 45
26 29
69 83
7 13
17 24
15 19
28 58
66 69
19 36
6 26
84 100
62 74
79 95
70 76
68 73
70 78
61 68
51 66
76 81
22 26
14 26
36 62
80 86
1 13
79 85
35 45
56 65
61 83
24 43
34 46
77 81
40 56
3 12
72 84
1 3
92 100
49 55
85 90
52 58
76 83
74 80
14 41
56 65
67 75
87 90
61 71
90 92
19 24
88 95
50 61
9 14
58 66
40 52
68 72
50 56
19 30
24 31
63 68
27 30
29 53
14 26
90 96
92 100
36 39
31 40
72 77
39 53
90 95
23 43
11 22
56 61
72 78
78 84
69 81
81 85
2 12
24 31
20 45
86 92
73 78
41 59
8 22
35 43
75 89
33 42
30 38
1 8
71 74
78 98
68 89
15 36
5 17
2 23
23 35
3 13
73 96
80 98
87 95
79 87
2 4
51 62
46 57
71 74
70 79
38 44
85 93
7 34
45 47
47 52
28 36
2 17
77 86
43 63
95 98
67 82
55 65
81 85
16 36
12 30
57 60
27 31
16 23
19 41
74 89
48 54
80 92
51 58
36 46
51 56
28 31
3 6
17 31
72 94
20 31
71 78
24 45
68 76
14 36
41 46
71 83
10 20
24 43
87 90
39 49
20 33
56 71
95 98
46 53
79 92
42 46
36 48
87 92
80 92
68 92
66 89
78 84
81 88
19 33
87 91
86 92
52 61
7 15
24 29
81 85
50 60
11 22
14 42
57 73
5 10
7 21
78 99
61 74
76 82
8 17
25 30
57 77
58 73
19 25
81 85
87 97
71 76
8 12
49 55
73 88
37 42
8 11
83 96
47 51
56 58
28 35
22 27
82 88
51 64
49 59
43 54
22 29
35 50
21 34
60 65
70 77
67 73
45 54
64 73
9 16
11 17
65 75
74 93
91 100
36 52
47 58
2 13
45 50
68 76
58 73
69 84
33 49
66 79
87 99
27 35
22 27
10 18
22 30
88 98
79 92
19 25
79 93
55 66
24 34
14 30
1 11
61 81
63 74
15 21
15 19
15 27
7 12
25 32
35 43
42 48
29 41
33 47
58 70
76 92
50 59
77 88
59 66
49 65
51 55
64 82
60 62
54 72
35 37
44 49
72 81
15 28
21 27
57 67
1 7
75 87
28 48
36 42
69 85
3 6
32 44
37 39
43 59
92 99
76 88
45 49
20 25
90 99
8 21
1 8
23 29
15 35
18 38
73 80
73 81
81 87
72 94
35 51
55 88
4 31
64 71
55 57
57 64
50 56
29 63
53 57
55 62
14 22
13 19
42 85
93 99
54 57
61 67
75 82
56 70
85 92
41 52
80 90
59 64
56 70
29 47
83 97
20 31
6 16
8 76
33 42
19 26
56 64
86 87
37 46
36 49
74 80
59 76
87 95
57 63
77 81
51 58
66 80
7 19
32 50
44 55
6 18
2 11
9 29
30 43
86 96
86 96
68 79
30 34
59 68
54 80
48 59
27 37
9 16
87 93
86 96
61 70
15 19
43 49
41 47
62 68
52 69
9 21
1 14
41 66
35 42
29 36
60 69
10 16
45 51
53 59
24 34
53 58
73 96
9 23
17 21
93 100
21 30
57 63
29 51
37 54
31 34
18 24
13 25
86 92
19 31
25 64
72 84
56 65
34 53
93 99
71 94
19 33
87 91
2 9
87 100
23 27
71 82
64 84
78 90
67 70
74 96
38 53
17 40
39 41
24 33
11 20
86 95
70 78
74 81
19 32
60 64
57 66
50 73
20 38
5 15
33 43
12 29
41 44
60 71
69 74
39 44
29 32
26 29
14 22
46 55
21 27
56 82
5 14
71 76
56 63
62 96
54 80
48 70
21 35
48 68
74 87
25 30
48 67
10 20
37 45
29 32
68 71
21 46
5 12
30 44
6 26
5 21
56 65
44 57
51 59
88 100
35 38
26 30
77 81
67 77
29 54
43 47
43 51
66 73
65 73
83 89
62 74
74 100
71 85
9 12
27 35
58 64
39 45
35 60
30 37
45 50
3 16
18 26
86 88
40 79
37 48
22 26
27 30
25 40
37 45
50 54
36 38
57 94
56 75
44 48
55 73
63 65
16 30
94 99
2 8
57 71
62 69
47 55
29 49
57 65
1 6
45 56
40 55
15 24
38 46
45 49
64 71
6 10
77 92
41 51
49 55
44 49
52 77
82 89
20 23
60 66
62 70
48 72
28 48
64 72
12 25
60 79
43 56
59 65
62 67
53 61
42 52
42 46
42 50
38 54
40 54
9 16
18 33
7 25
84 89
52 61
85 99
20 26
81 93
16 60
11 19
22 31
32 44
54 57
54 61
8 17
51 70
72 80
85 92
78 91
22 35
92 99
3 9
88 98
64 74
32 38
46 60
14 27
57 70
55 64
57 63
28 32
44 53
76 82
45 62
64 68
29 39
7 13
85 99
90 93
2 40
4 9
51 55
52 59
75 82
65 78
57 76
19 25
30 37
86 94
86 93
32 35
12 25
37 49
28 38
49 56
81 88
13 18
66 71
30 66
6 15
23 70
57 63
85 90
64 70
31 41
18 23
79 92
22 29
21 31
13 18
69 75
38 40
24 31
81 89
22 65
65 71
59 72
90 96
46 53
33 38
55 61
27 62
55 71
73 76
7 31
43 83
6 13
1 9
23 41
87 99
3 9
34 46
71 86
19 30
53 60
42 54
9 17
1 9
25 37
21 36
57 71
5 16
32 38
7 16
11 20
9 21
24 33
22 41
74 85
91 95
70 88
71 76
83 92
14 20
6 12
5 16
6 13
39 82
62 86
93 97
10 44
78 92
28 39
72 89
22 29
6 12
74 86
2 16
46 55
93 99
75 76
38 51
29 44
61 63
40 48
53 73
93 98
74 77
68 78
89 95
42 50
81 95
29 46
16 29
7 12
35 43
19 28
81 97
66 76
76 90
86 92
87 91
45 63
48 60
77 81
32 35
26 28
8 10
87 93
79 98
78 81
7 20
4 33
13 28
33 41
57 69
66 76
18 24
62 88
41 51
83 91
33 41
24 31
2 11
93 97
76 81
75 97
54 64
49 56
55 61
84 89
9 43
43 51
6 14
19 38
61 70
18 25
66 79
34 37
77 93
70 78
12 29
50 75
4 27
93 98
49 51
63 73
70 87
20 30
3 29
58 87
52 58
39 52
79 82
16 27
2 8
34 48
66 75
46 51
79 91
94 96
38 47
36 52
48 71
30 47
14 29
69 76
1 4
25 40
31 44
48 71
65 70
41 46
10 54
29 44
75 84
75 87
78 93
60 69
93 100
42 57
24 31
24 33
70 83
9 24
70 82
57 61
45 66
15 24
41 59
43 49
4 14
45 51
11 40
53 63
48 59
53 61
53 79
29 48
8 12
41 45
77 84
1 16
1 6
66 94
42 45
88 100
13 18
46 63
3 13
33 43
64 83
22 30
26 54
65 75
44 50
78 82
69 74
66 73
81 99
29 41
76 91
37 44
95 98
52 60
69 78
9 16
58 65
33 50
44 50
37 66
60 78
8 15
21 33
32 34
13 17
4 30
64 72
22 33
19 36
53 74
45 83
39 57
3 34
68 71
10 24
90 100
22 26
36 55
43 48
82 91
40 48
9 23
58 67
56 72
15 29
80 81
57 59
42 46
3 14
28 35
23 30
49 63
69 75
70 74
31 48
3 12
1 8
13 23
70 74
24 59
3 19
46 60
56 60
19 27
82 94
89 96
34 40
44 47
55 60
77 84
56 62
5 34
74 92
15 26
39 47
24 28
86 97
16 21
79 85
75 88
20 26
56 61
46 56
46 58
70 79
18 30
2 8
41 51
11 17
86 90
62 68
71 100
43 59
71 80
49 89
45 51
2 23
42 75
79 82
37 60
79 98
77 83
38 46
28 51
90 98
77 89
35 49
21 26
48 63
61 66
31 54
66 73
2 6
4 15
52 88
48 57
67 72
5 18
7 25
52 69
44 69
68 78
65 78
80 94
53 61
21 46
44 61
91 99
7 20
10 32
84 100
64 76
68 73
67 82
54 77
2 7
30 41
44 62
26 40
50 57
47 64
78 91
68 70
37 64
22 30
79 89
38 48
50 68
48 56
22 28
69 80
2 9
2 13
97 98
21 30
84 95
70 77
58 76
44 57
26 34
5 18
50 62
51 59
27 32
10 22
85 92
55 60
48 52
37 50
6 16
90 95
43 58
4 21
40 56
38 42
44 59
39 50
19 25
31 44
12 20
38 43
64 72
32 47
49 61
19 25
67 77
75 79
81 92
4 19
22 26
91 99
53 65
30 33
23 28
23 39
51 60
75 97
27 32
75 78
48 71
29 38
23 32
66 79
64 81
32 45
83 88
22 31
13 15
89 95
15 18
9 15
76 81
77 83
82 89
59 94
63 68
43 44
13 33
26 33
6 12
21 25
45 50
88 92
13 26
16 22
44 53
86 94
8 11
63 72
72 82
65 93
25 28
8 12
16 25
54 67
38 56
76 82
50 61
38 47
74 79
66 74
72 82
72 85
74 87
84 86
59 67
70 79
56 69
16 24
1 4
26 50
13 26
14 21
26 34
68 77
14 21
74 78
76 83
12 38
59 67
53 63
8 31
4 8
27 47
92 100
28 45
85 98
85 90
21 30
10 18
11 15
22 36
49 72
6 18
23 33
71 80
69 80
42 50
58 59
87 88
26 53
14 22
59 77
88 90
18 35
34 39
69 75
84 99
30 32
16 32
13 15
46 48
72 81
41 44
95 99
50 53
67 74
81 92
30 33
86 90
79 91
87 93
35 40
22 44
11 27
