100 20 20 8
00000000000000000000
00000000000000000000
00000011100000000000
11100000000000000000
00000000000000011000
00000111111111100000
00000000000000000000
00011000000000000111
00000000111000000000
00000000000000000000
00000000100000000000
00000100000000000000
00000000000000100000
00000000000111000111
00000000000000000000
00000000000000000000
00011111000000000000
00000000000000000000
00000000000000000000
0000000010000100000
0000000010000100000
0000000010000100000
0000000010000000000
0000000010000000000
0000000010000010000
0000100100000010000
0000100100000000000
0000000100000000000
0000000100000100000
0000000100000100000
0010000010000100100
0010010010000100100
0010010000000100100
0010010000000100100
0010010000000100100
0010010100000100100
0010000000100100000
0010000000100100000
0010000000100100000
5151
91 97
18 27
70 74
24 34
42 57
23 41
82 95
15 23
12 20
48 56
65 77
17 20
43 54
81 91
27 36
1 24
70 80
51 95
4 45
16 25
19 31
89 95
36 44
14 24
77 90
45 51
10 18
45 52
51 93
70 85
37 59
54 58
9 17
17 32
23 34
77 85
60 62
50 57
2 20
62 79
75 79
39 55
88 93
1 11
5 10
35 43
67 80
95 97
43 97
55 77
63 66
33 44
80 86
83 91
7 24
58 61
54 69
51 59
55 64
40 41
86 100
9 18
68 73
75 89
74 79
87 91
69 87
41 50
32 45
30 35
83 93
39 45
46 54
19 26
12 14
16 24
7 13
74 93
83 92
6 14
1 5
59 67
47 56
22 26
22 28
69 83
4 11
71 76
40 44
80 86
7 23
6 18
24 28
58 68
15 25
68 81
52 68
42 50
79 99
15 21
53 69
38 44
62 64
46 54
32 37
28 54
72 89
63 77
93 97
4 21
33 47
2 21
32 45
47 55
7 23
45 52
79 87
78 81
52 64
44 58
27 36
35 44
55 73
42 53
26 39
44 64
21 36
58 78
31 35
68 80
28 32
22 54
56 66
40 50
16 25
44 53
57 63
68 79
84 88
15 24
33 37
60 74
74 79
76 92
33 34
89 95
60 66
70 77
35 48
14 26
94 100
84 93
51 63
91 100
26 30
19 29
86 89
56 75
40 47
6 24
54 78
17 46
54 60
16 19
54 68
31 49
31 35
33 40
69 76
6 32
76 84
75 97
79 85
49 65
39 47
61 67
10 22
58 78
35 55
74 86
64 71
16 22
51 58
56 63
65 77
92 95
84 94
43 50
3 13
69 79
13 24
44 54
39 47
17 34
46 55
51 73
43 54
7 20
69 96
76 90
11 17
33 38
60 83
7 19
38 46
90 92
94 97
26 32
40 49
77 92
74 91
8 14
12 17
77 90
59 72
55 69
58 67
80 96
32 50
65 89
14 33
34 40
48 69
74 83
86 95
18 24
52 57
51 59
77 85
8 22
95 97
9 13
56 64
87 99
27 36
22 33
37 42
69 74
32 42
70 98
85 90
22 36
44 54
32 52
73 81
73 90
50 53
59 64
11 15
65 70
14 26
58 61
21 39
47 52
17 24
86 93
97 99
9 18
95 99
58 68
84 88
95 98
21 50
66 79
58 60
69 80
49 74
90 95
62 75
73 80
14 20
62 69
16 38
51 58
46 51
56 90
1 14
74 81
72 79
62 71
64 70
72 79
81 87
1 17
55 60
5 20
8 22
50 69
38 49
74 85
87 96
56 63
27 35
72 88
23 34
13 20
40 47
12 27
41 44
78 90
83 87
58 75
62 66
30 53
33 46
54 61
47 79
40 55
47 55
32 48
82 92
37 49
79 82
77 84
16 27
57 69
14 22
90 98
46 72
25 48
58 64
88 100
36 61
15 18
48 61
17 52
43 49
5 14
54 63
33 51
21 26
5 17
89 97
5 31
16 27
30 38
8 19
63 76
76 88
39 64
18 23
40 49
68 73
1 12
20 35
59 70
44 46
18 52
79 88
79 88
9 12
88 94
19 25
63 71
57 60
57 63
65 76
50 55
74 85
7 16
1 22
18 27
34 41
42 52
88 92
48 76
69 88
55 59
67 81
81 89
6 7
30 41
56 72
46 59
37 56
58 65
49 57
26 31
18 33
14 27
56 61
90 99
90 98
38 47
15 21
81 85
25 35
66 71
18 52
54 61
23 49
44 49
21 32
60 73
73 83
66 76
12 24
83 90
13 18
25 33
77 85
87 95
47 59
3 16
36 38
13 21
56 72
79 81
52 53
59 67
37 49
55 59
23 29
57 63
53 62
44 52
46 50
78 91
68 81
27 36
59 66
28 37
3 13
22 29
29 38
28 42
51 65
55 60
90 94
51 54
51 63
71 74
26 34
26 35
36 47
23 30
24 29
3 28
72 74
4 13
48 57
68 73
90 92
41 43
46 65
24 29
38 47
22 32
80 95
73 79
22 28
66 72
68 93
11 19
14 24
29 41
64 72
91 95
79 98
71 84
47 54
21 31
8 15
23 32
61 70
34 41
47 63
68 76
65 72
17 30
58 73
3 7
51 58
60 66
32 48
87 96
82 93
7 13
75 85
55 59
49 75
15 36
60 68
15 25
40 57
2 20
24 46
44 67
81 89
35 49
90 100
60 79
5 16
19 29
64 67
55 72
44 52
85 98
61 64
20 36
10 24
60 64
28 43
64 82
81 84
63 75
58 69
89 95
12 31
59 67
85 92
61 86
42 45
71 74
62 76
53 62
88 97
58 63
52 75
24 30
44 47
89 92
76 91
22 32
44 56
19 42
72 80
41 48
77 81
66 68
22 45
21 36
3 10
54 74
7 20
62 66
9 17
45 52
68 71
6 7
1 12
68 76
46 69
37 45
86 100
82 94
46 56
66 71
33 53
32 51
50 63
24 41
18 36
25 41
43 94
16 37
17 29
41 57
43 52
74 83
10 21
80 100
16 25
9 16
13 43
92 96
13 17
33 45
56 65
32 37
42 54
66 87
81 93
15 24
48 60
12 18
61 75
29 36
44 47
73 82
47 53
75 81
80 83
16 20
35 45
45 51
24 41
64 76
11 28
20 27
16 21
72 82
74 80
41 45
19 29
62 74
70 77
46 48
32 48
71 81
59 87
39 50
27 44
28 42
39 55
38 54
10 22
57 60
2 7
15 21
31 43
60 64
40 53
39 49
5 12
21 32
62 66
4 25
64 75
31 37
46 57
51 54
22 30
37 51
26 43
47 54
58 69
71 84
39 49
24 39
80 93
5 24
10 48
72 80
45 66
72 88
87 92
55 71
32 35
6 19
9 16
24 31
55 58
30 34
53 71
69 73
88 91
69 70
82 93
13 17
59 67
35 41
67 86
1 27
29 32
54 61
79 90
37 48
87 99
75 84
66 69
87 96
34 40
30 35
60 66
72 77
84 97
83 98
75 81
20 30
76 88
28 41
64 73
68 71
29 35
63 67
45 53
44 46
72 77
86 99
6 16
18 21
66 71
25 41
76 80
59 68
70 80
5 13
31 36
82 93
40 51
67 79
54 82
65 75
42 61
54 67
59 73
36 43
73 76
67 70
55 60
32 44
16 26
69 73
6 11
34 39
33 41
94 98
71 76
32 40
38 44
17 27
87 93
35 50
5 12
38 42
77 92
22 37
17 53
38 57
4 23
26 42
73 82
76 78
32 40
32 44
16 77
43 45
66 78
14 18
64 75
93 98
12 18
7 15
40 47
91 92
68 69
41 48
68 74
82 87
29 40
47 57
90 98
47 51
53 58
86 90
28 33
1 16
2 7
14 23
47 51
61 67
32 51
21 27
31 36
57 63
61 67
41 53
4 15
13 25
29 50
30 39
73 86
15 41
64 76
76 91
72 89
76 87
59 66
16 22
64 69
44 74
6 13
3 16
1 7
3 15
44 69
76 83
17 29
33 39
45 50
16 29
59 61
27 29
76 85
40 45
85 96
30 32
22 27
5 10
81 87
44 49
60 64
36 54
75 87
31 36
40 46
67 81
49 59
16 24
54 74
64 70
2 20
68 72
40 51
36 52
51 56
52 59
93 98
23 30
71 79
17 34
26 29
31 45
12 20
9 13
34 44
39 43
58 62
79 83
4 35
29 38
72 91
22 26
38 42
37 42
7 40
34 42
94 100
62 68
2 18
58 63
31 50
60 69
24 88
35 49
58 75
49 52
20 26
16 25
72 84
33 36
64 92
25 26
68 79
2 11
59 71
33 46
69 73
55 58
34 42
9 15
76 87
37 50
60 66
89 98
63 77
62 74
62 64
70 94
28 36
58 88
25 31
52 59
83 93
25 36
40 57
24 31
28 52
55 68
32 38
13 28
4 22
85 95
59 63
60 69
87 88
52 63
4 11
61 71
20 33
56 87
62 78
33 46
53 59
18 29
83 92
7 11
2 7
46 60
46 53
78 84
27 33
75 89
41 60
79 99
48 51
71 75
47 66
61 73
55 76
39 46
58 74
34 36
73 81
95 98
60 66
28 33
69 84
35 48
40 49
83 98
52 55
21 37
53 67
57 61
52 72
60 73
86 94
78 84
3 23
31 40
88 94
11 14
82 88
10 29
52 56
34 53
64 69
83 94
54 59
55 61
75 88
79 92
12 17
63 77
42 49
22 35
61 66
11 14
11 37
72 78
47 60
1 2
42 53
77 83
25 52
34 47
81 93
69 76
60 71
30 54
59 65
70 80
13 25
37 42
38 48
24 28
40 45
62 68
38 51
29 44
38 49
53 56
3 8
30 75
74 100
62 90
58 74
94 98
49 53
56 68
66 89
64 68
46 51
81 87
32 39
9 14
75 82
28 53
59 71
11 21
59 81
83 96
8 31
85 97
49 62
33 47
95 100
8 12
15 24
79 82
4 13
28 36
82 88
62 67
11 33
88 98
57 73
25 32
21 27
2 19
36 45
40 53
14 24
5 11
15 21
43 53
21 30
55 68
80 86
27 30
6 46
53 61
75 81
89 94
76 85
88 95
5 13
70 72
18 21
61 68
15 22
1 10
12 24
6 19
93 100
64 81
65 68
41 43
36 43
41 51
49 61
41 47
30 64
85 90
25 28
21 30
74 77
19 37
50 58
37 40
53 58
33 40
72 94
36 44
29 35
24 33
5 16
25 48
34 44
61 85
77 91
64 76
4 16
87 91
82 89
55 69
83 91
81 95
14 25
13 22
55 70
5 8
16 23
35 42
35 42
18 22
65 73
54 64
24 34
14 19
32 34
70 95
4 13
7 15
65 76
18 26
43 48
72 84
29 36
84 90
87 99
26 47
93 99
43 47
21 30
27 35
38 63
29 33
23 39
54 59
13 38
42 61
43 44
18 27
5 21
36 48
59 74
36 52
21 28
8 29
79 89
12 20
44 49
14 18
10 15
4 13
57 74
15 23
22 28
60 68
9 12
84 88
28 45
43 45
3 11
63 67
62 68
70 75
61 71
46 56
11 14
68 75
37 95
74 99
95 100
35 50
88 96
51 65
44 48
51 71
26 34
11 26
52 57
65 72
28 42
70 75
35 43
6 11
69 86
33 35
13 28
42 52
36 41
4 10
75 87
43 49
85 90
16 26
6 17
11 32
83 88
77 91
1 20
89 96
81 84
53 78
26 30
57 64
53 57
42 47
81 96
50 73
8 22
36 42
34 43
36 47
62 70
75 78
75 78
81 87
5 7
9 15
13 18
34 44
48 52
8 19
44 63
60 73
70 80
81 86
55 58
53 58
87 98
37 64
23 31
5 32
48 54
98 100
57 72
69 78
10 24
50 60
33 51
39 48
52 55
48 60
90 99
46 59
85 94
7 11
82 88
43 47
32 46
13 22
43 56
76 80
71 79
53 62
1 26
3 7
93 100
79 92
82 96
50 62
28 41
7 13
14 19
47 55
63 71
90 93
77 89
36 42
18 30
92 93
2 7
24 36
63 71
69 84
44 61
44 49
18 29
39 45
24 38
3 17
41 55
84 90
64 69
35 45
5 15
59 61
59 68
78 93
23 30
32 36
77 82
3 17
79 86
14 17
13 17
9 16
67 99
78 94
43 53
17 27
1 11
63 69
49 59
21 34
27 36
26 42
53 66
89 98
5 13
3 8
78 81
5 10
46 51
88 99
72 96
3 29
15 28
69 76
48 75
71 84
61 73
53 57
83 90
20 38
37 41
85 87
17 28
46 63
60 75
60 66
76 95
11 16
60 70
12 22
17 21
2 21
90 91
33 37
79 92
4 18
20 27
87 98
44 55
11 22
43 54
43 49
49 65
84 89
11 23
43 54
37 54
71 91
28 45
71 79
63 76
19 28
16 20
68 78
70 74
95 98
55 73
52 60
44 50
71 80
14 20
65 80
41 53
75 89
4 20
45 56
55 59
87 97
32 46
91 98
48 54
16 24
27 33
59 65
43 48
85 98
22 32
18 26
89 93
9 14
59 69
22 47
27 34
42 58
46 57
50 66
80 87
48 68
46 58
32 41
70 73
10 18
85 91
35 53
33 37
59 71
6 11
28 39
87 92
78 86
68 74
60 75
84 89
35 58
78 82
9 27
24 34
38 56
19 32
5 10
60 65
12 22
21 46
67 71
51 57
79 88
8 18
89 94
20 28
49 61
8 10
79 83
91 97
55 58
91 97
11 48
58 77
40 48
61 68
14 23
22 35
54 67
77 89
13 28
81 87
33 40
39 47
62 81
66 74
58 63
80 91
36 47
60 74
9 13
55 70
24 26
5 21
37 50
15 25
88 90
55 77
22 26
31 34
15 23
40 49
82 84
14 23
67 73
17 22
23 31
21 27
62 71
57 65
36 47
56 68
45 62
72 79
8 20
48 76
19 45
78 86
46 58
17 30
78 84
2 12
64 73
31 43
89 91
90 94
61 68
43 46
24 29
71 81
50 65
73 78
56 68
40 50
32 42
50 64
38 47
44 47
54 66
68 92
2 11
56 75
2 26
52 55
36 48
74 80
72 88
59 65
38 50
83 95
15 18
10 16
29 44
76 85
54 60
32 46
88 89
87 93
50 61
29 51
43 55
35 40
62 67
60 64
65 85
5 10
39 42
51 71
81 91
4 16
26 44
30 34
87 88
78 87
23 56
62 95
36 41
81 93
54 65
92 100
17 32
29 41
4 25
4 20
25 29
30 35
52 56
32 44
14 24
25 34
4 12
29 35
11 22
15 18
87 94
23 36
26 35
17 32
1 5
27 31
91 99
38 48
38 43
49 56
74 77
80 94
33 47
83 86
74 79
35 50
61 74
58 71
50 73
11 19
51 78
22 26
85 97
57 62
48 86
36 49
39 44
36 57
93 98
59 63
40 49
32 48
86 94
6 19
17 25
41 44
33 52
27 49
63 69
52 65
58 64
32 44
50 65
72 77
95 97
55 62
89 100
30 32
52 75
74 96
44 59
89 98
9 14
32 36
76 87
14 20
66 75
63 68
5 14
50 60
5 14
25 35
61 81
35 40
10 18
60 81
86 98
6 20
73 81
1 10
70 74
34 58
17 22
21 24
11 18
35 40
41 63
87 91
82 97
18 28
14 16
35 43
28 38
25 34
35 44
15 33
74 83
52 65
40 48
74 89
11 23
77 81
20 26
4 16
82 92
45 56
36 48
35 48
73 86
48 61
53 60
92 98
43 55
12 19
21 29
13 21
75 83
21 26
66 78
50 56
53 57
39 57
20 58
49 55
22 26
16 23
18 35
16 17
49 68
21 34
58 66
34 42
88 92
43 68
45 49
21 39
6 10
64 66
20 53
77 81
8 17
51 63
50 69
16 20
4 9
46 48
75 84
53 75
62 69
52 62
45 50
28 36
43 45
36 52
88 96
44 61
21 33
59 65
72 78
19 28
93 96
2 15
40 45
64 71
28 50
55 83
30 34
64 73
95 98
40 67
21 33
35 52
49 55
89 98
55 66
12 19
59 81
77 96
15 40
16 32
41 45
57 70
54 59
67 99
16 26
60 66
55 69
59 71
18 28
70 80
49 53
56 70
69 73
89 94
69 83
7 35
31 40
67 76
75 88
3 20
43 78
34 40
43 54
10 13
9 21
63 69
67 72
17 27
21 43
26 54
77 83
25 44
62 71
2 11
12 17
52 71
34 48
19 24
55 64
72 77
72 76
32 44
45 49
62 71
20 33
17 20
43 63
58 66
4 22
3 5
31 37
74 82
12 23
89 97
68 72
13 17
24 35
59 71
47 66
2 21
32 57
3 8
87 100
72 81
41 62
55 60
13 16
32 51
19 22
51 72
58 78
54 60
45 54
71 90
46 65
15 43
56 72
32 38
25 30
59 77
7 13
51 63
72 91
69 86
36 73
67 99
50 53
28 31
88 95
1 13
12 24
33 38
9 12
59 72
77 87
63 77
89 97
5 18
18 23
41 59
21 38
63 73
44 52
23 36
65 68
41 60
3 18
31 42
43 68
36 67
3 7
79 84
28 36
81 91
3 36
26 52
69 72
80 99
73 90
35 52
81 91
75 81
7 12
67 76
92 98
56 61
71 78
42 61
45 53
55 63
8 16
30 40
41 49
76 83
86 96
75 86
83 85
39 54
19 24
5 20
51 59
1 22
54 57
65 68
14 20
7 20
76 91
50 68
82 92
7 30
32 37
73 76
43 48
37 58
81 87
10 36
44 49
38 42
37 45
79 87
82 95
1 7
11 14
19 27
22 28
4 20
76 96
78 99
61 75
2 10
84 95
25 34
47 53
73 79
12 19
30 35
53 63
73 80
42 71
22 43
79 100
77 86
66 71
53 64
68 77
3 28
66 95
38 43
16 35
9 22
11 14
5 9
66 96
66 71
23 41
40 49
17 24
24 31
93 100
15 35
88 98
36 44
71 81
44 80
59 67
75 90
41 48
13 29
65 73
17 20
37 41
51 57
86 93
46 53
25 35
61 66
13 14
50 59
37 46
36 38
51 60
2 13
44 51
81 97
51 55
44 61
36 63
60 69
71 83
93 100
44 49
15 19
86 89
17 28
45 56
19 25
95 100
3 12
11 14
41 58
4 8
11 25
5 21
47 57
21 34
9 21
3 43
51 54
82 96
50 58
43 59
46 48
89 95
47 51
72 79
14 25
60 66
11 14
87 98
7 13
41 44
74 83
64 74
91 100
62 68
49 53
57 95
74 98
72 82
55 60
31 35
85 96
41 50
59 80
82 89
27 37
76 92
75 81
36 41
77 83
14 33
4 23
77 92
17 36
11 28
8 14
46 61
26 33
30 45
54 62
69 74
4 16
63 67
39 57
75 82
11 15
47 57
9 25
6 14
47 68
38 48
83 91
34 44
90 100
34 41
77 85
86 92
60 80
73 86
74 79
21 41
73 80
18 23
41 44
10 15
74 86
74 84
66 74
78 95
45 86
13 29
39 45
34 45
64 81
60 67
52 65
86 100
54 60
24 56
88 98
14 33
83 87
42 47
66 78
31 36
15 39
85 94
52 67
5 8
74 83
49 56
66 78
22 42
26 37
70 77
74 85
47 58
81 94
30 43
35 42
79 87
40 56
73 89
43 48
15 27
46 52
58 64
40 50
22 31
79 92
29 38
19 32
75 80
29 34
55 75
88 96
90 94
41 49
81 86
12 45
32 41
52 65
28 39
73 77
50 57
4 22
24 32
71 84
35 41
18 38
81 92
76 91
63 90
32 47
81 88
41 64
74 90
6 13
83 97
38 47
10 16
9 15
59 64
9 17
25 44
77 85
7 16
47 50
73 76
3 16
91 93
81 92
49 57
70 76
35 45
44 58
3 11
31 36
66 70
76 81
51 69
39 42
74 82
55 72
3 12
34 47
10 23
65 80
51 67
25 42
75 77
78 83
55 61
46 58
2 11
1 17
18 29
29 39
68 71
89 99
30 33
53 56
75 82
45 66
90 95
44 48
7 20
25 40
4 9
27 49
32 51
24 32
44 54
83 93
80 88
14 42
28 37
13 16
7 30
9 25
4 11
21 37
10 13
66 80
78 86
10 20
63 71
74 78
56 69
12 17
92 98
38 51
49 59
61 71
32 49
3 19
39 63
2 6
56 63
53 54
38 44
66 69
43 44
20 26
41 48
43 49
7 19
78 87
41 74
56 62
74 81
67 94
27 33
55 67
89 97
1 6
76 87
12 19
75 80
62 67
12 35
44 49
19 27
33 43
66 89
10 45
72 79
7 11
10 23
20 36
63 69
67 75
79 87
62 69
25 41
29 50
80 94
12 17
72 79
72 74
75 82
4 14
11 19
34 50
8 16
83 89
23 25
91 98
10 15
8 16
51 68
41 46
23 31
63 72
1 15
70 84
71 77
24 30
35 41
79 80
84 88
62 69
62 71
47 71
20 23
52 75
32 35
32 43
44 56
80 89
42 51
63 69
51 56
41 48
48 61
22 25
55 78
74 86
11 27
24 31
56 69
82 90
88 98
5 17
22 27
71 81
49 56
29 39
85 92
9 44
56 69
78 95
51 54
66 74
18 28
75 82
62 68
36 39
71 78
70 75
66 96
24 31
41 53
35 43
52 66
25 47
79 87
6 22
64 65
88 94
51 57
2 11
81 85
15 45
52 71
62 72
20 28
16 27
63 67
90 96
85 96
57 62
72 76
39 43
44 74
4 10
4 17
54 62
35 58
78 82
17 29
91 98
56 62
56 75
81 86
91 96
22 28
55 59
85 94
6 9
87 92
7 10
66 78
63 66
10 17
31 33
70 79
6 21
76 93
29 49
34 53
31 47
7 28
79 89
48 57
43 50
14 28
74 79
79 87
58 63
61 69
26 36
59 65
59 76
61 66
35 58
32 45
42 54
86 95
6 44
13 17
76 94
54 67
3 10
59 78
22 28
67 74
58 78
54 61
60 68
43 48
44 56
57 64
2 40
45 58
23 30
34 40
43 69
24 29
20 27
17 21
72 88
2 11
68 73
43 52
68 71
52 59
88 92
73 80
48 58
85 89
48 77
23 37
18 38
48 59
50 65
33 46
24 36
24 37
25 37
85 90
12 47
52 57
70 82
23 26
41 45
36 59
66 75
83 89
78 87
21 26
75 84
53 66
37 46
45 58
5 14
74 78
70 79
6 18
51 61
66 72
35 50
44 46
58 63
18 21
6 13
78 81
43 50
85 99
24 29
86 97
88 91
16 22
25 35
85 96
58 67
87 99
25 31
71 81
21 37
10 27
53 61
55 63
4 9
14 28
28 34
60 66
7 13
48 79
65 78
8 12
77 85
76 88
44 46
17 23
3 7
36 41
3 10
86 91
76 80
5 12
60 76
57 61
15 28
68 74
3 12
28 41
8 21
33 49
35 54
67 73
9 19
79 85
36 49
77 87
72 85
26 37
29 37
54 62
19 24
94 99
50 62
28 32
1 12
16 28
26 36
40 50
15 27
80 86
12 16
27 47
4 17
13 23
37 61
6 19
22 29
80 83
85 91
52 58
42 49
39 69
29 32
75 91
73 77
16 36
13 20
61 75
3 7
78 95
84 94
54 81
16 27
42 49
27 34
1 9
65 81
57 62
95 99
77 89
7 22
59 90
19 25
87 100
3 14
87 94
15 19
7 21
66 97
45 57
86 96
13 18
55 56
68 75
19 47
46 58
92 100
30 39
65 72
15 40
56 59
43 49
41 45
58 69
33 65
41 51
2 27
90 97
31 40
64 74
41 63
87 94
18 25
73 88
73 87
25 43
51 66
40 73
56 61
1 19
23 27
52 53
85 95
85 88
58 60
24 28
27 33
7 36
36 44
47 58
80 84
73 83
34 36
76 80
79 82
7 18
67 89
43 52
16 20
74 92
63 76
22 29
46 60
31 37
77 81
11 13
15 25
3 16
29 36
73 98
30 39
77 85
9 21
69 84
38 56
38 46
93 99
17 20
30 58
83 89
52 86
27 40
80 90
2 7
50 61
74 86
17 31
86 98
42 51
4 18
6 19
66 75
85 97
18 24
35 42
90 97
28 36
23 31
16 22
20 22
6 11
8 16
65 83
17 28
89 93
41 58
88 91
25 34
37 54
81 86
2 14
86 92
68 73
21 32
86 100
40 50
44 51
43 58
9 18
16 29
19 22
29 36
13 37
6 26
48 63
14 24
83 98
37 49
39 45
18 30
38 56
22 23
23 31
60 68
14 19
30 42
79 97
53 57
19 26
66 72
92 97
55 61
54 64
61 74
17 27
74 98
34 45
72 84
23 28
50 58
36 39
1 6
62 76
3 16
33 48
37 44
62 78
17 39
30 49
49 56
39 46
22 30
28 46
35 48
76 80
40 63
32 40
23 32
17 31
18 54
26 44
68 89
44 52
58 75
34 46
79 88
2 73
55 60
75 83
35 40
1 34
41 57
10 19
62 69
71 95
80 92
79 90
67 76
38 47
62 68
18 24
27 40
16 31
70 74
60 63
74 81
61 76
46 53
29 63
92 97
30 44
53 61
74 95
42 48
32 45
55 67
70 72
41 49
33 43
58 59
65 79
47 53
21 33
53 79
68 75
31 33
64 68
62 78
50 58
7 14
70 78
2 26
71 81
3 38
63 100
97 100
30 37
76 88
72 82
33 36
61 70
46 51
7 10
79 83
18 23
9 18
76 81
27 42
4 10
20 35
69 73
46 62
3 14
36 41
63 71
48 64
61 74
25 28
12 19
45 55
75 87
5 14
19 32
89 94
87 92
58 75
26 39
92 95
44 57
93 99
51 68
79 85
80 91
7 20
81 87
65 73
43 58
64 72
25 48
39 50
77 79
56 64
85 99
37 49
57 62
73 92
46 60
56 62
92 99
19 34
79 89
64 69
39 47
71 85
62 70
77 87
45 55
85 94
43 45
48 88
54 56
88 92
29 33
33 39
39 51
94 100
47 58
49 55
28 45
14 21
66 75
69 79
23 32
12 29
10 31
43 52
22 42
6 17
90 98
32 36
67 81
90 92
6 23
30 38
2 12
58 66
13 22
10 16
66 83
40 48
42 60
31 44
30 36
71 88
70 76
81 86
79 86
60 64
91 100
85 99
59 74
10 15
49 54
80 90
65 83
61 63
5 19
6 24
58 82
75 93
66 73
57 79
63 66
47 61
3 8
5 18
8 29
24 36
3 16
21 24
38 44
13 16
63 86
5 17
70 88
62 68
40 51
2 14
37 39
40 46
56 66
76 82
76 79
50 59
67 76
32 44
13 27
31 43
60 64
36 40
59 69
80 84
70 85
77 78
34 59
16 52
68 69
72 90
81 92
7 15
91 100
53 73
28 31
47 54
88 93
70 92
71 82
10 20
64 70
4 8
27 40
90 94
55 62
28 37
6 12
5 15
79 89
11 18
85 92
16 31
25 32
17 24
43 52
55 61
10 22
31 37
83 95
6 16
83 94
75 83
26 31
88 93
54 62
50 56
75 90
65 89
62 70
2 9
56 66
7 22
91 93
4 16
46 50
30 32
17 35
79 95
72 84
12 25
48 54
36 43
18 41
17 28
68 76
47 55
34 46
18 21
11 25
61 77
56 75
85 100
78 97
37 47
4 16
68 93
54 64
9 17
70 80
64 76
62 98
51 63
82 88
30 43
33 40
79 90
7 14
19 37
50 60
70 75
13 33
45 67
57 63
58 65
43 49
8 25
19 29
52 58
33 41
74 90
49 59
88 93
36 42
47 55
60 95
29 40
76 85
90 95
34 55
12 21
94 95
88 91
83 86
15 20
4 12
77 91
79 88
24 37
15 20
86 90
70 74
64 67
1 19
74 83
5 18
66 77
46 60
66 71
24 32
74 87
12 26
68 96
67 70
25 48
62 75
4 23
58 68
8 35
20 31
11 13
28 48
61 68
77 86
41 44
76 82
25 29
53 62
3 28
42 64
17 28
77 99
49 55
13 31
35 60
61 70
82 92
87 93
46 55
51 55
92 99
6 26
83 95
90 99
35 44
56 67
22 34
2 7
76 81
39 47
8 19
22 30
32 47
54 65
16 24
9 24
95 100
64 68
34 75
22 32
76 96
87 98
80 84
10 23
5 16
44 50
43 51
3 10
81 84
61 89
27 37
42 61
43 48
23 31
30 32
72 78
78 89
6 20
76 88
86 99
93 98
29 31
19 24
21 29
51 87
92 100
69 74
21 30
62 74
45 58
55 61
21 26
16 36
41 48
52 60
51 75
35 45
48 83
77 92
61 71
65 70
61 62
44 59
92 98
19 58
14 41
54 87
64 81
11 26
57 85
42 46
58 67
30 41
27 34
15 25
40 54
77 100
20 27
39 49
58 65
5 49
54 65
63 68
50 64
19 31
48 51
89 93
81 92
1 19
4 9
59 72
81 96
76 89
72 97
57 65
86 98
33 47
89 98
55 72
13 18
20 25
21 31
9 68
1 7
10 21
37 39
93 99
73 82
15 25
77 79
22 65
3 11
10 29
65 77
50 58
81 86
39 46
21 35
8 19
58 64
67 80
1 11
40 61
32 41
80 83
47 84
70 71
91 97
47 60
62 76
49 56
80 86
64 69
77 98
88 92
62 75
21 29
24 30
50 52
51 57
12 20
88 90
23 36
32 45
57 61
53 62
33 62
97 99
48 51
28 36
21 34
34 46
81 87
6 13
20 36
45 60
30 42
94 99
81 87
79 90
61 69
40 47
76 84
32 41
72 86
47 55
86 91
76 89
60 66
18 26
81 92
45 53
86 97
26 44
20 26
51 66
9 19
44 75
37 52
15 29
66 74
77 87
15 33
16 23
34 40
61 72
52 60
77 80
49 60
67 76
23 26
86 99
73 85
5 26
27 32
69 76
80 82
33 59
30 51
70 88
57 73
2 7
59 78
52 58
1 15
30 43
24 27
37 51
77 84
31 53
77 92
72 81
76 92
35 48
77 83
22 25
4 17
18 23
72 83
36 50
26 43
51 57
26 38
32 48
3 22
36 38
38 46
42 49
74 81
87 97
50 65
23 31
43 49
30 40
86 97
85 97
60 70
82 95
31 44
71 95
82 89
69 81
84 96
42 54
52 55
16 19
5 53
30 36
87 93
27 44
48 72
39 49
75 80
22 27
85 92
74 86
5 9
59 67
26 40
51 64
11 19
58 76
67 86
63 77
37 73
69 78
4 8
65 80
71 78
41 62
64 78
71 87
8 19
7 14
45 58
82 96
63 68
75 79
69 76
14 29
38 48
7 19
84 89
57 83
46 52
22 24
26 39
21 27
19 31
24 54
12 16
81 95
28 37
84 90
44 61
63 67
76 78
93 99
35 42
86 94
50 56
54 71
42 47
35 41
83 90
45 52
11 17
19 24
47 53
47 53
22 31
14 17
46 59
29 37
90 95
16 21
8 12
63 67
10 16
66 96
2 20
6 27
13 27
79 97
52 67
28 59
84 93
47 55
52 54
10 21
74 75
28 35
48 57
78 80
86 91
79 89
27 72
3 12
1 11
37 55
32 41
71 85
75 78
79 89
60 69
91 93
80 93
11 14
64 76
91 94
85 94
70 74
52 66
3 7
9 18
81 86
80 82
66 70
38 45
58 61
7 28
33 44
30 37
84 90
17 45
85 91
10 20
62 66
16 20
63 66
11 17
20 22
73 80
58 64
20 35
9 24
32 36
64 68
55 65
20 44
13 17
70 73
26 32
10 20
53 77
84 91
51 59
18 28
20 29
87 90
33 40
37 39
55 76
92 100
71 77
7 31
41 49
28 38
2 16
66 82
61 67
42 59
72 89
35 54
72 85
13 39
57 64
67 72
25 35
50 69
53 62
21 28
26 35
56 62
41 59
7 13
57 83
5 11
11 16
41 50
68 79
3 9
44 51
31 43
43 51
47 58
4 13
87 91
24 41
32 47
22 28
45 65
70 75
1 19
54 60
53 58
28 34
24 36
60 61
83 86
70 81
29 35
80 90
33 44
52 62
74 86
40 67
75 87
78 86
35 55
39 50
53 62
74 81
33 42
12 17
23 35
25 30
51 60
3 28
68 75
39 61
71 76
27 40
40 56
85 91
87 93
84 88
81 86
63 68
13 25
10 21
18 22
50 59
6 12
52 63
6 11
31 36
19 21
38 60
37 42
13 27
71 78
45 53
1 18
52 54
66 82
78 84
62 74
61 69
66 73
64 78
77 86
23 30
67 78
79 89
45 55
59 65
86 97
18 32
34 37
61 78
22 31
39 46
3 13
59 80
21 53
84 91
44 51
40 42
11 20
54 72
19 28
71 79
89 98
35 40
38 44
32 34
7 13
41 45
18 39
58 69
79 84
67 78
78 92
12 14
78 84
55 65
7 15
1 16
18 22
21 25
42 67
48 55
37 40
2 11
4 27
74 78
41 45
13 32
59 70
47 68
52 54
54 61
8 19
73 78
39 44
68 73
43 52
68 73
41 64
42 45
63 68
42 45
76 81
39 44
35 39
69 79
44 61
28 33
3 19
31 44
71 74
87 92
61 66
58 69
92 96
17 22
40 54
7 24
86 95
88 96
48 59
88 95
30 36
52 68
16 19
68 74
28 62
34 50
28 35
14 28
34 40
78 88
91 95
85 92
2 11
30 37
72 84
80 91
42 51
11 16
47 50
48 63
92 95
18 30
54 61
18 23
9 18
58 64
52 76
60 63
53 58
26 30
77 87
79 99
73 78
86 97
70 74
36 46
64 71
28 43
82 99
3 6
9 14
38 60
28 40
15 28
52 68
37 41
10 12
64 71
23 30
91 96
74 86
42 61
89 98
64 71
51 58
15 26
41 44
18 30
57 90
79 89
51 60
52 54
30 40
39 56
64 70
85 95
42 46
9 21
7 16
51 70
11 24
59 79
49 63
23 28
38 52
6 17
72 84
65 71
9 16
44 54
23 29
37 47
75 79
55 66
7 16
60 71
69 72
54 67
7 10
32 38
63 73
85 90
22 37
79 88
44 59
66 87
62 76
3 5
39 46
47 55
61 64
77 83
61 75
74 81
86 96
14 30
48 52
48 63
47 66
30 38
38 48
8 27
87 98
32 44
31 36
18 39
49 54
45 50
24 30
84 95
47 57
48 56
31 46
61 67
68 74
48 51
12 15
15 43
29 36
36 64
22 27
44 53
74 86
45 87
15 27
20 22
3 16
41 49
16 24
43 90
34 46
66 74
47 63
24 31
40 47
45 50
41 45
47 54
31 50
3 10
48 71
8 37
21 34
46 63
45 64
30 51
34 39
79 84
36 42
67 79
89 97
52 74
53 62
6 23
6 12
68 84
78 93
41 65
83 87
84 97
76 85
56 58
79 85
81 91
49 66
54 64
24 36
75 78
71 76
7 36
58 66
78 91
67 75
5 22
55 68
25 36
77 94
5 13
77 80
8 16
38 66
28 37
16 20
90 96
93 95
58 73
16 25
39 47
46 56
68 73
52 61
36 46
13 24
31 46
94 100
25 37
7 22
23 26
65 74
15 21
21 34
40 61
75 87
24 37
26 37
94 98
7 14
16 30
56 66
42 46
36 43
16 36
48 60
73 82
36 38
21 36
40 56
59 62
90 95
30 39
61 92
33 46
59 63
14 19
24 45
6 12
59 75
22 31
36 46
18 26
41 45
48 55
84 92
4 13
34 57
58 69
49 56
81 87
6 13
12 16
71 81
52 60
1 9
73 78
74 79
33 42
47 57
80 85
62 67
73 77
52 54
12 25
2 5
59 77
18 27
26 52
39 78
5 11
52 54
19 32
34 44
75 89
25 35
68 76
50 65
76 79
81 86
51 59
86 94
40 52
20 29
10 15
51 70
40 52
59 66
77 87
95 100
43 52
28 36
63 81
53 56
84 91
6 14
61 78
18 22
95 98
7 31
20 41
27 46
19 37
82 92
20 29
18 26
59 67
74 85
47 59
37 41
82 92
63 69
19 44
57 61
58 63
73 98
44 48
49 59
97 100
67 71
25 38
25 35
13 19
86 89
64 68
69 77
71 74
37 55
38 43
52 80
45 53
44 57
77 92
8 13
23 35
23 43
84 88
64 70
64 72
70 76
51 63
27 32
18 28
67 76
85 91
70 78
45 52
91 97
18 27
49 58
5 34
45 67
70 84
43 66
16 20
68 81
13 20
82 89
65 67
71 83
25 32
80 83
10 17
52 59
60 66
86 92
75 81
42 45
16 24
50 91
78 91
47 56
43 73
29 39
3 11
21 40
39 46
42 53
75 84
19 24
40 57
29 41
78 87
21 48
20 26
67 75
64 71
19 38
32 49
19 32
6 24
66 91
27 32
9 12
28 37
56 62
23 32
3 7
44 54
12 14
40 54
83 100
61 66
47 55
93 99
1 21
15 23
74 85
2 17
4 17
38 48
48 67
50 55
2 12
5 8
41 45
12 24
47 58
74 86
72 80
62 68
45 66
42 59
67 73
59 76
40 46
38 52
61 65
39 57
25 34
45 56
30 33
35 44
64 71
83 92
53 67
10 16
53 59
20 49
30 36
48 54
92 100
29 46
10 24
66 74
58 63
26 36
37 45
2 9
57 68
63 74
37 41
47 59
48 52
40 51
51 57
52 55
25 33
38 55
71 75
15 30
35 46
61 71
58 62
21 35
20 24
40 53
27 32
76 80
43 57
76 79
29 45
7 25
27 36
79 90
56 67
18 22
7 12
41 50
12 18
14 27
86 91
65 78
76 78
53 71
77 87
11 19
85 96
34 43
35 45
89 94
6 26
47 58
62 71
19 27
8 17
43 56
44 56
68 84
33 39
54 60
70 81
83 86
18 31
23 29
51 60
39 60
53 58
29 46
18 43
67 69
11 29
72 85
39 49
45 51
48 60
88 97
69 78
41 45
85 97
26 36
32 40
2 24
86 89
36 42
83 89
60 73
75 87
57 80
66 73
29 37
13 15
30 42
87 98
30 45
72 84
70 85
69 83
38 47
47 53
73 85
3 17
46 62
19 27
83 94
21 25
24 27
60 67
16 22
14 20
71 83
10 17
33 55
22 30
19 31
54 61
10 25
44 60
41 45
84 93
10 33
68 76
35 38
76 79
73 78
44 61
14 39
92 97
81 87
75 79
79 82
67 84
40 53
45 66
48 68
72 76
47 57
28 36
48 68
80 92
10 22
14 24
34 36
81 89
24 27
68 80
22 47
43 49
34 38
41 50
91 95
18 30
71 95
67 72
90 99
43 47
27 42
34 41
45 46
4 17
87 91
43 51
53 62
36 79
72 87
64 79
67 71
9 14
48 60
57 72
63 81
17 28
57 74
71 84
82 84
8 23
45 61
21 39
41 46
41 45
82 90
23 29
50 56
64 73
71 77
74 80
1 26
96 98
16 23
35 48
59 69
86 97
74 83
80 90
29 38
53 64
20 30
9 22
78 92
45 56
50 62
9 25
74 93
86 89
55 74
46 57
80 87
41 68
17 23
45 53
36 64
88 97
37 61
72 82
89 92
37 50
81 84
51 70
19 36
53 68
2 6
85 88
9 24
18 33
44 47
81 99
20 28
68 78
47 52
13 24
3 5
42 72
56 61
78 80
85 99
27 33
68 79
37 43
9 17
33 42
94 100
79 82
38 53
85 91
71 76
95 98
39 59
85 91
18 27
43 57
75 81
45 52
46 57
26 34
75 80
65 67
91 96
76 84
36 48
78 88
42 55
40 51
12 36
30 41
87 96
27 44
55 63
21 39
54 63
86 98
23 30
45 52
9 15
54 80
75 87
39 55
10 21
60 63
69 77
42 68
33 38
77 90
60 73
83 100
22 33
10 18
63 68
60 65
85 94
51 65
21 26
46 58
37 54
77 94
82 93
81 87
12 20
4 30
29 49
50 61
61 65
50 55
19 38
49 57
3 21
24 30
23 36
23 32
64 76
48 60
16 27
1 18
22 37
83 95
38 46
1 11
58 61
18 36
1 19
76 87
6 21
63 77
19 23
38 55
56 70
62 69
21 29
28 36
72 88
55 57
67 72
27 31
34 47
39 44
56 62
40 48
36 48
13 23
61 95
87 90
15 24
42 58
45 53
40 49
44 53
18 31
26 35
79 83
18 34
70 77
23 38
11 21
88 94
64 73
26 32
90 95
66 73
8 11
65 70
76 93
83 92
85 92
10 12
38 55
79 94
36 42
62 71
87 98
45 49
32 39
28 33
15 23
3 5
19 25
57 64
97 100
44 49
61 66
85 99
59 77
55 61
40 59
86 98
92 100
49 68
15 20
8 17
56 61
85 94
37 46
16 18
69 73
36 48
84 94
16 47
65 71
78 93
56 72
13 26
71 75
74 94
65 70
51 53
83 98
5 23
73 100
76 87
7 18
41 45
63 90
33 36
83 87
86 94
21 39
47 62
13 16
9 16
69 82
34 42
69 79
64 75
63 73
44 55
26 46
52 69
31 40
68 91
2 4
43 57
33 35
30 37
9 20
96 100
26 39
86 94
27 42
52 60
45 51
61 80
22 38
92 98
35 40
80 99
26 34
33 62
74 91
51 84
10 17
2 9
40 42
35 49
47 98
21 35
18 23
40 48
46 50
72 82
4 8
33 63
44 62
16 23
22 32
38 43
15 18
5 16
26 30
87 88
58 74
34 42
2 14
56 76
1 10
76 83
63 75
4 18
28 32
48 52
53 94
71 86
37 45
29 31
36 43
20 41
64 81
36 39
27 63
17 22
86 99
31 46
6 19
58 93
14 20
28 54
41 46
69 83
27 44
65 85
62 77
54 69
55 60
60 66
5 14
65 98
65 82
96 99
64 66
87 98
19 27
27 32
67 78
61 65
81 85
68 75
85 88
39 47
26 31
44 56
74 81
1 4
68 76
40 56
86 92
71 81
52 68
91 100
4 14
50 56
14 21
63 71
68 82
19 59
74 95
17 28
73 79
35 39
73 87
8 25
18 27
78 84
56 63
56 59
37 44
21 24
37 43
11 22
38 43
51 69
33 45
47 51
60 71
48 54
83 91
48 59
34 46
82 95
67 91
77 89
16 40
87 96
74 78
37 49
45 62
21 41
62 98
46 54
86 90
30 61
60 68
85 87
63 67
44 61
27 31
1 8
44 61
37 50
44 59
75 84
37 40
37 42
64 72
29 34
52 58
84 98
66 76
38 49
4 12
76 85
63 74
88 96
43 57
28 40
20 25
9 15
63 77
47 54
64 73
27 38
3 16
82 85
93 96
69 78
79 92
50 57
30 38
89 94
73 81
35 48
6 12
11 27
39 55
86 88
86 92
16 20
5 17
53 63
13 21
81 86
75 91
56 72
36 41
78 85
33 59
67 77
35 50
48 62
41 50
90 98
63 68
14 22
32 47
72 91
47 69
5 44
53 65
68 69
53 60
16 43
89 96
45 63
35 57
16 18
88 97
96 98
14 19
64 84
38 46
40 71
13 26
82 98
47 63
43 47
80 96
89 98
90 95
17 28
50 54
13 23
19 31
4 11
42 56
45 56
84 98
69 83
11 27
14 18
34 39
82 87
55 62
12 28
94 99
78 84
49 54
10 16
93 100
73 82
9 12
62 91
15 18
11 40
14 54
65 71
59 80
41 59
80 88
1 4
54 57
33 46
31 42
60 67
25 33
66 85
58 95
39 52
67 73
22 88
2 7
27 39
12 20
23 35
40 60
50 54
56 65
13 25
57 60
24 30
70 73
26 30
20 51
55 67
21 34
13 20
53 61
9 16
75 88
81 87
73 86
59 91
35 39
8 12
61 75
74 81
4 12
59 69
22 24
12 49
92 97
80 87
53 80
27 43
10 19
80 87
25 41
83 90
65 83
20 74
8 15
78 81
64 81
53 57
65 68
81 91
35 45
22 44
2 5
24 38
71 78
68 83
48 51
3 12
24 26
40 45
19 25
1 10
6 26
75 88
54 60
34 48
47 48
43 59
6 16
61 86
44 56
53 62
33 41
85 88
37 46
73 83
3 8
12 17
35 37
31 51
32 41
35 45
42 46
56 64
47 57
3 12
67 85
57 64
86 92
38 54
26 31
25 46
8 11
25 32
29 44
57 66
64 83
39 46
31 39
83 89
30 40
53 58
4 25
27 47
37 45
28 45
77 94
77 87
9 14
55 72
32 56
15 26
18 26
59 83
29 32
41 54
31 39
59 64
38 57
73 84
55 65
48 84
32 38
14 26
32 36
57 60
27 34
58 99
28 44
29 34
8 13
13 17
8 30
65 78
38 46
22 30
19 28
50 54
60 79
86 88
32 38
83 90
13 15
46 70
89 97
76 92
28 33
82 90
21 26
2 6
45 64
20 35
8 16
36 70
61 70
43 50
36 51
60 68
79 88
86 91
20 26
46 53
28 33
33 35
42 51
34 46
72 80
10 26
50 59
18 25
48 57
56 63
61 70
75 92
54 57
77 98
55 69
50 68
20 30
31 47
12 17
29 33
65 70
63 72
68 99
24 53
15 25
88 92
63 67
60 73
45 50
2 9
22 30
22 32
78 92
20 28
44 82
53 54
42 58
38 47
66 68
78 95
83 99
42 51
63 68
7 11
14 21
2 40
30 32
42 52
82 99
56 60
65 100
33 55
22 34
84 91
6 9
37 52
17 20
28 36
55 74
34 41
50 54
48 52
51 71
52 64
28 38
44 82
50 53
3 4
48 59
15 19
49 54
31 45
73 89
50 55
46 66
95 99
1 11
30 36
71 89
23 29
37 48
15 27
58 69
27 42
79 83
66 79
51 69
80 91
37 46
19 37
31 47
75 83
2 6
9 14
59 64
70 80
57 66
31 37
57 66
85 89
26 30
90 99
59 69
39 47
62 79
26 57
29 44
58 67
52 55
24 36
77 83
21 41
68 74
24 30
37 60
41 45
10 26
70 92
34 59
73 98
40 53
18 25
4 17
29 37
51 54
38 46
92 94
70 85
40 49
85 92
18 37
62 69
19 24
60 68
75 85
37 44
89 93
75 83
32 86
27 46
20 43
2 18
37 49
41 59
11 22
70 79
15 21
65 91
81 84
74 78
53 56
16 27
64 76
22 31
86 100
62 69
19 22
55 65
24 38
73 82
68 73
16 24
51 58
81 85
26 35
22 30
88 93
53 74
13 19
58 65
6 15
32 38
47 51
15 23
73 79
38 44
62 68
87 92
57 69
68 71
32 34
40 58
24 61
32 39
45 53
76 81
58 64
57 64
28 32
79 93
26 32
1 8
95 96
87 95
89 92
58 97
96 97
77 86
13 24
33 48
31 37
38 40
21 28
28 36
62 91
18 20
10 43
1 10
5 14
65 70
67 78
32 40
64 71
11 42
24 29
4 22
36 44
46 61
34 57
55 65
52 56
36 48
65 94
73 78
37 40
12 15
83 91
41 50
48 88
40 57
39 47
59 63
13 26
32 37
40 56
8 15
43 54
5 24
62 69
10 19
41 65
43 59
22 30
78 90
38 45
8 22
60 75
47 71
4 12
84 88
30 41
31 40
82 89
58 66
28 40
41 61
69 81
18 30
21 35
88 91
47 57
21 34
5 10
22 34
70 74
62 72
4 7
31 48
81 99
83 89
65 80
83 91
32 78
2 14
46 49
63 78
29 36
43 53
86 95
86 94
19 37
77 85
19 28
40 46
35 37
