100 20 20 6
00000000000000000000
00000001100011000000
11000100110000000000
00001000000000001111
00110011110001110000
11000000011000000011
00000000000000000100
00001111000111110000
00110000000000000000
00000000100110000011
11000000000000011000
00000011111110000000
00000000000000000000
11111000001001111000
00000000000000000111
00011001100001000000
11000000000001100000
00000000000010000100
00000000000000000000
0001000010010001010
0001000010010001010
0000000000000000000
0000100100000010000
0001000100100011000
0101000001100001000
0001000010100000010
0001001000100000000
0001000100100001000
0001000100100000000
0000001000001000000
0000011000001000100
0010000001001000100
0010000001001000100
0000101000100100100
0000101000100100100
0000001000101000100
0000001000001000100
0001001001000001000
0001001001000001000
5914
80 95
71 86
39 67
23 35
1 7
7 12
86 93
3 20
7 10
38 48
55 59
48 55
14 28
94 99
47 53
21 41
20 35
38 41
44 65
8 20
77 90
69 90
7 16
86 96
13 24
24 29
43 57
67 82
74 86
32 44
69 81
35 51
56 70
38 61
94 98
67 70
42 65
57 63
20 39
71 79
46 56
19 29
57 66
19 23
17 28
45 50
3 15
69 72
9 23
69 91
35 43
61 68
25 60
72 78
22 38
19 27
16 22
8 17
5 16
22 37
3 10
6 9
69 75
38 47
44 64
26 37
33 38
21 34
82 85
5 12
61 65
82 89
2 6
88 91
59 78
38 41
30 36
46 48
50 59
12 17
80 87
45 51
89 99
7 14
65 70
56 68
37 49
83 97
53 71
69 84
58 66
90 95
29 46
7 11
10 24
32 35
79 83
45 51
25 35
28 30
31 34
42 51
75 88
81 89
27 28
48 75
23 26
36 48
65 75
63 68
3 10
62 72
42 46
35 50
37 51
75 90
24 34
12 23
10 21
8 20
57 63
16 23
60 66
68 88
27 51
68 77
45 48
73 75
59 65
73 99
47 50
42 45
43 57
21 25
71 87
12 18
44 73
4 12
45 53
48 57
84 86
80 86
38 67
17 34
89 94
72 82
78 84
21 37
44 49
16 22
32 62
50 79
30 32
33 49
38 47
69 78
47 54
28 33
35 42
89 94
61 65
15 22
32 40
26 38
71 78
86 92
29 40
72 87
35 54
3 35
76 85
13 40
76 80
54 58
81 92
24 28
69 84
2 11
79 87
51 56
85 89
18 21
31 46
61 70
20 33
13 49
53 57
71 79
60 66
76 86
40 53
5 21
92 98
11 21
51 59
28 33
8 16
67 76
67 85
55 64
71 74
49 55
68 86
7 14
36 40
77 84
51 68
57 63
32 40
80 85
93 97
71 74
11 20
20 23
79 98
30 55
15 26
89 93
44 48
25 30
75 89
79 93
69 75
43 52
18 23
37 46
93 100
73 83
70 80
90 97
83 85
10 14
67 74
88 90
4 22
53 60
15 26
63 75
7 28
90 99
21 42
62 67
62 89
35 41
46 55
79 86
73 85
10 17
74 91
80 89
23 48
30 41
59 68
32 37
52 82
26 34
24 44
19 28
48 56
58 66
77 94
45 50
4 5
57 70
14 32
41 53
23 28
67 77
42 49
12 14
6 19
19 24
12 41
60 76
25 59
26 33
44 55
79 87
42 53
54 60
73 92
62 69
76 80
76 85
2 6
18 54
37 60
87 94
4 20
26 41
12 19
45 52
66 86
4 21
47 54
54 61
55 62
20 29
3 17
51 75
8 18
45 50
73 82
23 28
2 11
49 57
81 82
83 96
78 88
81 91
4 14
16 23
69 90
29 43
42 46
55 75
34 43
70 91
58 67
1 5
84 89
21 35
33 41
34 45
67 84
61 71
73 76
12 30
53 58
35 41
38 45
70 75
75 86
77 96
57 61
13 18
73 77
22 34
36 47
70 77
44 54
40 51
71 87
16 19
41 52
55 64
26 29
80 89
34 63
22 26
7 44
71 85
56 63
11 33
75 85
32 42
78 94
63 65
78 96
12 27
26 41
2 7
36 49
28 35
25 31
13 30
68 84
37 45
15 27
38 45
57 66
8 18
46 70
48 51
7 13
89 93
2 15
27 36
41 54
74 81
56 61
14 32
7 22
52 62
57 81
18 28
11 18
13 29
82 85
85 94
13 19
63 70
52 59
57 83
45 56
15 19
5 28
27 36
48 65
54 71
27 33
8 21
14 22
63 88
84 93
60 65
66 78
55 64
66 80
31 41
27 33
78 97
44 58
81 100
80 95
52 64
92 100
90 96
62 64
23 29
7 11
74 78
66 73
49 67
39 51
55 61
62 73
34 40
70 76
74 80
14 17
80 87
2 18
17 44
49 62
33 40
56 71
8 22
36 54
20 25
4 14
47 50
61 74
75 80
72 82
27 42
62 77
42 50
61 65
12 27
53 59
39 47
84 93
6 7
37 55
70 77
33 38
14 21
40 47
34 44
8 24
56 63
29 44
59 67
37 57
31 36
23 40
41 53
13 18
44 66
55 94
36 45
41 61
81 99
87 100
79 84
11 27
53 63
39 45
62 70
3 15
22 26
10 15
3 10
78 93
3 24
14 20
70 90
7 15
51 71
36 54
77 91
3 5
44 57
70 82
63 68
68 80
84 93
59 69
87 93
71 76
74 80
5 21
31 43
17 24
30 77
55 63
71 85
81 97
91 95
30 34
88 93
57 63
23 46
18 23
45 56
88 93
70 79
18 21
32 43
23 31
60 79
7 28
57 64
58 60
74 95
81 96
36 48
62 73
81 92
50 83
69 84
28 44
26 32
19 39
80 93
63 78
64 68
14 17
25 37
43 52
59 61
86 90
84 98
63 71
52 75
33 40
60 64
72 92
11 21
7 55
84 90
38 43
75 93
52 64
74 81
83 85
27 34
40 50
67 91
91 97
28 43
52 75
23 27
68 73
77 90
26 32
56 63
81 85
83 88
69 75
41 53
45 56
88 94
46 73
59 79
27 32
66 70
53 64
90 95
92 97
70 72
32 36
61 72
5 17
51 57
58 70
34 57
35 37
9 29
98 100
46 59
22 30
84 91
46 56
67 84
45 54
21 37
7 25
13 25
54 61
1 5
52 64
14 29
23 29
12 47
21 36
40 45
49 59
89 99
84 94
42 51
29 51
42 54
81 89
8 52
71 78
39 49
30 35
42 49
22 25
46 58
82 91
10 20
24 29
23 33
31 40
72 74
51 58
38 61
43 52
27 34
70 74
5 13
60 70
1 18
20 25
5 14
82 87
60 69
85 94
68 91
34 40
41 60
83 96
25 37
11 17
64 72
73 77
4 9
87 97
35 53
69 71
97 99
28 32
76 98
16 19
19 31
9 14
12 23
64 69
77 85
7 16
13 19
65 69
35 43
70 80
60 73
67 73
25 66
68 78
81 87
85 86
56 66
38 50
60 79
73 85
70 79
1 11
50 63
22 42
78 92
1 7
54 73
8 15
44 61
63 79
26 43
91 98
53 62
30 34
20 24
83 87
73 87
16 23
76 86
47 53
26 37
19 23
8 12
75 90
57 71
4 17
53 57
79 83
49 61
4 16
84 88
84 92
13 18
83 86
30 35
30 34
25 31
46 65
5 12
51 53
2 11
48 63
13 31
54 65
51 52
14 24
55 62
21 38
49 65
47 64
9 18
71 83
24 38
41 54
74 89
43 59
73 78
32 42
65 85
8 19
18 29
12 26
29 33
52 67
64 74
83 98
48 52
8 14
59 67
1 14
23 38
22 28
25 41
70 79
72 76
46 51
51 57
70 80
44 50
56 60
64 72
94 97
24 31
56 62
23 34
9 41
87 94
57 63
26 40
13 25
63 85
80 89
50 59
43 47
78 86
74 78
37 45
69 75
34 50
22 33
91 99
29 46
63 70
81 93
87 100
65 77
45 54
89 98
45 50
83 84
40 50
11 27
58 62
40 50
35 53
20 34
50 57
78 87
10 13
93 100
23 34
49 59
50 72
7 12
9 17
9 19
76 81
23 25
84 89
15 20
59 65
21 32
49 54
38 47
74 87
62 74
48 53
72 77
27 36
27 36
53 63
57 62
48 71
11 26
42 44
22 29
87 91
12 20
26 33
9 26
41 51
37 49
37 46
92 96
86 95
90 98
81 86
45 49
50 56
66 78
36 50
84 92
61 71
71 86
61 65
75 87
40 59
53 88
57 87
54 69
94 99
42 47
90 98
18 28
84 93
15 62
29 42
20 37
26 40
45 61
69 77
77 90
41 50
52 63
49 56
75 80
17 27
16 33
1 20
1 5
74 90
78 89
8 22
53 63
66 84
42 57
73 99
80 91
12 17
72 84
56 70
50 66
81 90
4 13
31 36
79 85
38 48
77 80
40 48
37 54
7 12
13 22
1 25
84 87
54 56
66 73
62 72
32 37
30 38
30 33
65 84
13 29
58 73
41 59
20 23
61 66
39 52
51 58
58 62
55 65
11 16
45 62
50 76
17 22
82 88
8 17
31 32
1 7
14 20
38 49
22 38
32 40
56 70
64 71
28 42
62 80
63 75
12 17
70 89
8 36
59 63
63 80
86 91
74 82
19 27
14 28
63 71
67 82
66 71
63 69
78 86
17 28
25 32
84 93
11 15
16 36
4 8
31 45
52 62
43 48
16 22
75 85
34 40
72 81
89 99
10 77
17 31
27 30
88 99
89 94
77 89
96 100
51 61
32 47
11 19
94 100
89 97
41 52
45 64
55 87
84 95
32 37
92 99
74 83
88 92
34 58
78 81
85 93
66 71
21 69
59 74
19 26
49 57
70 80
71 93
74 86
39 68
46 66
54 65
70 75
54 77
50 61
85 92
50 55
85 92
36 45
70 82
11 18
35 47
83 93
90 95
60 75
29 40
71 75
74 86
47 53
2 6
29 30
3 18
66 74
63 66
37 42
34 59
55 64
3 12
23 27
37 41
29 43
68 83
34 40
62 68
63 71
66 87
1 10
30 43
81 99
56 61
23 35
60 74
17 23
35 50
22 26
30 35
70 85
25 31
17 21
88 94
76 79
64 75
18 34
4 22
39 56
34 43
34 54
2 8
90 94
82 100
79 87
20 31
74 75
9 24
73 84
34 39
80 88
58 73
1 28
74 83
86 98
19 25
72 90
17 31
92 97
46 55
6 19
27 40
60 76
49 77
89 98
86 98
74 84
35 46
89 95
66 86
31 39
14 21
37 45
45 50
25 33
57 69
43 81
58 70
39 46
11 14
70 78
59 62
18 28
80 92
1 13
78 80
18 31
81 88
78 81
65 75
14 18
79 94
25 32
69 81
77 87
5 26
7 20
9 18
25 27
54 61
1 15
32 40
66 75
45 66
13 19
55 70
42 49
31 40
74 98
15 25
28 37
86 92
78 95
8 20
43 63
70 79
68 91
72 79
83 96
51 69
83 87
77 84
82 97
47 55
13 25
39 46
84 88
77 85
63 76
91 96
17 24
14 21
29 41
17 24
12 22
91 99
7 14
90 98
80 94
3 15
91 97
57 62
58 67
11 18
46 50
78 85
14 36
82 93
56 64
37 49
66 74
5 13
74 81
61 81
32 43
25 40
15 34
45 72
59 68
29 43
84 91
50 57
36 45
35 49
82 95
12 27
57 62
88 93
59 62
69 80
17 22
84 89
4 6
31 40
10 18
55 63
32 42
40 51
14 28
67 76
58 75
85 90
49 67
36 43
21 32
62 65
48 73
16 31
22 28
46 89
50 56
73 81
22 43
44 51
94 96
39 47
17 23
82 88
18 30
46 57
10 21
18 39
20 23
16 25
39 48
6 17
5 12
59 65
45 53
39 48
77 85
13 24
79 86
16 30
63 76
37 42
55 61
59 69
84 89
49 57
74 92
20 33
47 78
25 45
63 73
41 45
34 40
25 34
28 49
53 70
10 16
15 23
37 53
61 71
20 33
54 59
53 56
84 92
56 61
3 31
70 84
4 18
68 74
17 21
73 79
68 82
2 27
7 22
9 25
52 61
60 73
69 74
83 88
2 18
94 100
55 77
3 16
68 79
78 93
30 42
9 18
10 35
92 97
40 45
12 19
55 61
32 41
6 23
2 6
29 89
60 77
9 11
59 67
86 93
16 24
60 94
4 10
36 50
79 97
22 29
1 18
34 38
86 96
11 23
22 40
28 37
52 58
73 82
58 75
70 80
43 79
37 61
6 14
4 6
4 10
36 43
96 100
35 60
56 65
35 45
47 56
36 43
8 14
70 82
62 73
68 76
2 10
69 73
46 61
67 79
90 96
4 16
34 49
58 63
52 76
19 29
22 54
86 91
22 31
70 98
63 83
38 57
44 56
31 34
48 51
57 76
14 19
60 76
20 24
29 58
90 98
58 63
12 20
69 75
36 38
29 46
84 90
36 38
64 69
29 57
88 95
21 27
52 59
27 29
81 97
26 32
84 100
85 98
4 8
29 47
93 97
17 23
38 60
17 24
55 61
66 76
48 50
10 14
27 53
3 47
17 36
48 61
54 68
9 61
5 11
27 47
53 96
32 66
46 51
93 99
80 93
18 19
19 22
3 7
13 20
78 86
18 25
7 24
65 71
2 4
74 94
43 55
41 47
62 74
10 20
50 52
57 73
65 80
60 63
58 62
34 38
49 67
76 85
10 12
76 78
46 59
29 36
34 50
33 41
49 61
24 28
52 64
20 24
56 74
79 95
81 87
27 31
76 95
11 27
39 50
90 98
61 83
84 88
60 68
61 72
8 13
36 42
14 24
25 42
5 28
23 27
12 29
55 71
52 88
11 26
55 72
85 89
34 41
18 40
14 17
88 95
81 86
58 67
58 79
45 55
52 68
74 80
25 31
76 78
25 38
15 26
84 90
67 86
79 96
66 75
78 88
83 100
43 67
37 67
95 99
8 36
86 90
15 23
72 95
5 12
48 58
30 31
34 41
48 57
70 86
87 94
60 63
63 73
81 97
67 77
20 24
26 31
11 16
81 89
79 88
38 44
3 19
16 30
35 44
57 63
12 18
6 13
21 48
2 10
53 68
7 19
31 47
49 59
51 71
67 73
12 30
78 90
50 58
23 27
4 23
74 79
51 54
23 25
55 66
88 94
15 20
53 60
4 18
16 22
29 45
46 68
43 50
20 39
81 88
2 10
33 52
73 78
5 20
2 8
15 26
41 55
59 78
28 34
49 58
64 82
17 26
59 68
43 58
5 57
3 19
64 67
40 50
88 95
56 79
90 94
5 12
13 48
12 20
53 65
34 45
74 75
1 8
54 68
80 91
7 15
52 67
8 36
23 29
49 60
57 67
29 35
55 66
54 57
82 88
11 25
50 54
60 77
47 55
70 85
52 56
32 47
39 48
36 61
27 30
33 36
33 43
80 84
86 93
94 98
58 82
40 43
41 49
26 31
38 45
22 26
85 98
16 26
53 54
11 19
23 30
5 13
7 14
33 35
32 45
6 25
58 63
35 45
50 75
4 13
42 47
80 94
86 95
40 50
12 17
51 65
27 34
15 27
19 37
30 44
76 97
5 23
11 19
49 56
71 78
48 55
61 82
85 90
35 41
56 61
37 47
85 91
59 65
74 78
84 90
78 92
84 99
23 30
70 90
65 74
75 90
63 72
29 35
43 56
11 22
35 43
79 87
21 33
47 62
22 37
15 33
64 75
15 22
56 72
17 31
44 54
34 42
87 95
46 59
69 80
65 75
20 25
73 78
42 46
46 56
46 61
81 84
78 95
40 47
50 63
32 45
73 86
49 74
28 36
93 100
41 62
5 13
65 84
28 36
22 46
27 34
70 80
61 76
20 38
53 65
16 29
43 48
71 79
71 74
75 86
75 80
35 44
79 99
80 84
62 67
10 15
43 47
63 75
45 62
20 36
52 67
62 72
30 48
5 19
81 92
4 17
79 93
40 47
17 24
21 29
54 64
69 90
66 81
2 15
40 42
68 73
4 24
77 84
16 31
81 88
16 33
29 36
48 59
1 10
42 64
34 44
68 71
11 17
31 34
7 13
62 70
89 92
72 84
29 34
63 69
79 94
73 99
7 22
18 26
7 20
86 91
77 84
76 99
80 89
68 77
17 31
86 92
81 98
33 42
85 89
54 63
65 79
11 20
71 94
90 100
53 57
6 32
45 53
17 21
66 80
90 94
68 72
53 63
44 56
43 46
79 89
85 96
38 42
33 62
1 11
70 80
18 43
51 52
11 17
10 18
93 100
83 87
90 96
48 63
20 23
5 13
35 39
44 47
56 59
65 74
77 88
57 62
53 75
34 46
95 100
17 23
27 33
8 39
84 96
48 55
41 48
57 60
65 69
86 94
88 96
60 66
31 36
92 98
27 49
97 98
70 89
53 60
81 88
5 18
15 21
75 80
23 30
72 77
72 100
70 79
7 21
48 52
26 31
67 80
8 16
73 89
76 83
10 28
79 83
92 97
28 42
14 17
31 38
28 51
10 12
3 9
19 29
80 82
56 61
79 97
84 91
35 40
58 90
54 64
86 97
46 58
36 42
77 93
29 42
44 58
70 83
17 36
31 60
16 25
23 25
28 43
79 85
54 61
75 85
74 81
15 28
26 31
35 40
58 66
74 92
85 89
34 44
66 76
18 65
77 85
30 32
50 61
47 54
64 74
66 77
27 39
6 16
49 59
41 56
84 93
24 33
83 91
70 84
75 83
65 77
63 94
64 74
63 75
35 45
81 88
50 79
77 84
16 27
27 43
13 24
52 66
27 40
29 68
11 22
1 8
25 37
5 19
4 12
84 98
26 45
7 24
28 39
70 73
55 64
74 79
52 71
57 77
45 61
37 45
67 80
34 44
52 61
78 95
32 50
62 83
76 84
91 92
86 92
48 61
66 77
37 45
46 52
28 34
74 82
23 29
31 46
56 60
53 65
15 29
52 62
51 58
52 62
5 13
67 74
44 49
78 90
72 78
29 42
62 70
51 59
76 80
17 22
20 31
41 57
50 62
8 16
35 44
53 86
59 67
18 22
46 49
1 12
2 16
75 77
61 78
64 83
24 31
83 96
88 98
2 11
40 49
56 60
28 40
10 12
3 13
65 69
60 85
2 8
50 52
32 43
55 65
55 63
18 25
88 91
86 90
51 57
28 32
15 28
60 72
11 28
80 85
24 39
16 32
30 38
46 59
18 29
3 11
17 55
95 99
16 43
45 62
20 40
32 41
35 37
33 38
94 96
32 40
42 54
69 76
71 80
1 10
25 68
61 72
58 83
57 68
11 24
25 34
26 34
19 32
58 68
63 67
27 40
71 95
24 28
53 66
66 78
68 78
85 95
18 29
73 86
63 94
92 97
34 41
61 87
23 37
29 37
52 56
46 60
42 56
11 24
48 54
37 49
60 62
13 18
7 15
87 93
26 31
41 53
63 72
49 64
85 88
91 98
2 9
69 78
82 91
53 73
71 84
12 28
19 28
21 24
26 39
93 95
6 21
42 68
2 8
14 21
50 55
27 37
77 85
40 42
22 37
70 93
8 13
85 87
66 69
77 93
90 95
3 6
62 66
42 64
10 36
50 61
57 79
87 100
64 68
62 71
42 50
15 36
27 33
6 17
53 57
86 97
60 77
67 85
87 94
15 17
51 65
43 50
12 17
45 64
86 92
40 60
10 14
54 63
68 84
30 34
3 10
40 63
5 21
27 34
28 41
77 97
36 53
89 100
80 95
36 42
45 49
59 67
13 17
59 67
45 59
35 43
85 97
32 70
75 93
54 71
66 84
33 47
43 56
86 92
39 42
24 31
21 26
58 63
35 42
66 71
52 61
28 39
69 74
19 35
4 14
32 40
9 15
49 55
77 83
91 96
22 36
57 81
59 65
84 96
1 7
55 59
34 44
73 77
67 75
78 84
3 19
21 37
65 68
18 23
31 50
91 100
79 86
30 51
64 75
52 73
15 23
94 97
63 71
53 67
43 64
54 64
63 71
68 80
73 86
70 84
80 83
25 30
27 35
48 58
41 51
77 85
4 10
53 62
90 94
49 72
20 27
56 61
48 59
37 44
45 62
77 93
7 16
77 91
64 91
10 14
26 36
11 24
34 41
32 51
16 21
30 34
60 72
65 73
81 84
68 79
58 81
42 73
43 53
61 75
48 59
53 56
22 41
91 96
65 74
20 25
56 59
22 49
62 90
18 29
94 96
30 43
39 51
5 22
13 19
40 46
38 68
54 71
17 27
15 21
76 85
17 26
77 88
22 25
40 59
19 60
40 52
49 58
82 86
49 59
14 22
9 20
47 71
3 10
87 96
12 31
60 68
16 22
34 42
24 39
82 94
8 20
41 59
48 54
80 89
31 59
31 36
81 85
76 78
68 78
46 55
44 63
11 28
89 98
60 65
13 20
13 21
59 64
18 27
44 46
7 34
40 46
69 95
59 68
76 86
46 56
76 88
84 90
57 64
9 18
46 51
19 31
13 18
15 26
5 9
10 22
74 76
64 74
67 78
79 87
6 11
92 99
2 10
46 53
90 92
6 11
85 96
23 31
21 34
34 42
51 82
88 95
19 25
7 10
5 14
55 62
94 98
30 53
90 99
99 100
25 34
69 74
51 54
65 74
51 56
42 51
42 60
17 38
24 31
26 29
31 45
17 34
63 73
45 51
95 99
6 22
36 37
24 27
27 30
19 54
53 57
56 71
44 59
64 70
63 70
24 31
86 96
55 59
90 95
7 11
5 12
50 64
56 60
25 55
81 96
27 34
42 48
75 82
60 66
23 31
86 98
10 34
62 70
19 35
26 36
65 72
52 56
13 29
61 69
91 98
29 48
98 100
52 61
3 22
49 55
55 64
41 53
53 64
44 49
35 48
7 33
22 33
25 29
61 65
16 57
42 54
25 30
2 14
71 75
57 62
88 100
23 28
70 79
44 63
28 36
19 22
71 76
46 64
77 95
54 61
19 27
58 62
24 30
57 81
77 81
58 71
14 33
7 17
14 37
12 25
26 33
26 30
63 79
52 72
73 75
1 41
29 31
54 68
26 32
92 99
21 47
55 71
50 63
79 91
48 55
89 99
25 34
38 51
78 84
6 10
75 86
45 58
5 32
20 31
20 22
17 26
8 14
65 78
64 75
28 31
41 47
68 78
70 98
79 89
59 78
84 89
3 10
56 65
30 61
77 82
77 96
50 54
60 69
46 54
4 11
83 92
66 85
17 20
11 33
69 75
93 96
91 95
80 91
50 56
59 76
19 29
43 48
78 81
68 80
58 89
24 32
14 21
20 23
89 93
81 90
36 41
41 47
30 31
71 80
26 34
55 68
79 88
58 62
29 39
70 76
21 27
44 54
12 17
46 63
60 63
11 26
12 35
33 42
56 61
17 27
31 40
9 11
84 88
52 56
74 89
9 28
21 25
25 28
90 94
84 99
6 14
86 95
27 47
82 90
49 61
75 81
6 29
8 25
89 93
89 93
88 99
13 25
54 64
37 41
31 34
6 24
13 17
58 75
12 15
6 14
51 68
24 35
7 28
57 59
48 51
58 61
73 89
69 88
77 82
16 36
46 55
23 26
5 37
58 70
73 92
29 53
83 90
4 16
51 60
39 46
65 73
80 85
64 72
46 49
21 29
79 88
20 27
52 55
95 100
60 67
56 61
29 35
64 72
11 14
66 75
52 59
78 95
27 51
49 53
80 84
69 79
32 48
21 43
29 40
1 5
9 19
12 30
79 90
56 67
30 54
68 76
78 84
66 70
8 28
26 31
45 57
85 90
39 60
62 68
74 81
56 67
34 41
49 53
66 78
27 44
25 46
54 64
69 75
77 81
9 12
58 74
44 57
35 48
49 70
48 72
59 61
7 16
22 26
19 20
23 26
21 35
89 96
77 89
58 70
30 36
75 96
40 54
3 17
3 7
87 92
83 90
36 52
33 49
34 44
53 57
40 46
47 53
14 23
65 76
87 95
40 47
16 27
64 69
41 56
56 68
22 29
24 38
18 25
47 56
30 34
6 26
21 30
5 17
69 78
95 96
44 53
36 54
73 93
22 28
21 28
12 22
4 33
83 90
3 10
48 58
72 79
11 19
7 18
25 33
55 88
27 32
46 51
13 15
18 27
71 82
78 97
19 22
80 84
16 31
77 78
74 80
66 70
64 67
37 47
81 97
63 64
64 66
70 76
14 24
35 57
24 28
51 57
12 25
14 24
14 27
26 34
45 51
82 91
67 71
82 85
19 26
52 69
14 30
15 27
18 23
44 53
39 44
57 76
92 98
44 50
4 10
7 8
23 50
15 21
69 78
24 70
21 41
48 53
30 43
85 97
10 36
6 13
21 24
63 80
4 20
40 55
60 73
66 74
26 36
56 67
11 20
71 83
34 42
28 32
1 6
64 67
69 76
11 16
91 96
61 78
90 97
27 36
71 79
69 76
70 74
59 70
7 13
65 79
87 98
6 15
66 72
30 40
6 11
56 76
31 42
25 32
59 78
43 47
50 66
27 48
8 13
58 63
71 75
20 30
39 44
65 75
78 83
47 59
57 72
70 80
47 69
23 34
92 99
15 26
6 22
87 98
27 35
11 25
72 82
42 45
45 54
61 65
77 88
93 98
12 29
59 62
52 56
8 17
29 37
31 35
68 92
13 22
6 14
54 63
85 87
74 82
29 39
90 94
3 11
54 72
62 71
13 20
1 6
89 96
5 25
26 42
74 92
5 13
81 86
46 50
77 80
43 53
4 12
95 99
81 87
90 96
30 55
10 16
17 21
27 34
72 92
85 90
62 68
95 100
92 96
62 79
80 82
6 22
12 23
45 54
12 22
25 58
88 95
82 92
48 60
89 97
69 76
51 56
40 44
7 16
77 85
66 81
9 22
77 87
54 70
49 58
9 15
31 54
73 82
39 54
27 70
19 32
35 39
17 26
76 83
10 16
52 55
71 89
82 85
25 30
81 100
28 44
76 92
74 95
20 23
57 82
63 70
71 80
18 26
60 64
4 14
74 83
5 22
91 99
43 49
64 79
16 42
67 70
49 73
50 54
8 21
74 76
26 59
11 28
72 92
72 88
97 100
45 53
36 75
54 60
60 65
61 73
70 74
33 45
59 70
85 91
49 52
40 45
20 31
93 98
19 27
65 90
80 91
36 43
42 48
49 54
70 75
50 57
75 86
36 41
75 84
50 62
52 55
12 15
35 43
65 73
40 47
76 88
13 16
11 17
13 30
17 26
86 94
73 83
66 69
77 83
36 66
52 71
17 19
69 76
90 100
26 35
73 78
77 80
13 18
28 39
60 74
73 81
84 95
70 92
45 71
48 50
58 61
82 98
90 97
20 27
23 36
42 49
38 42
52 56
24 37
39 41
61 68
59 72
7 16
22 26
74 96
87 91
11 15
90 96
19 26
11 24
41 44
72 77
8 19
19 28
93 98
72 88
78 93
39 44
17 29
95 97
66 99
46 58
36 47
32 50
63 69
2 7
70 79
55 62
31 34
32 42
86 95
46 62
29 45
16 46
31 38
29 34
85 93
40 49
8 15
8 14
61 69
74 91
23 38
87 99
72 78
85 91
41 52
59 79
19 25
5 15
54 61
43 50
72 86
36 41
30 40
47 69
78 82
8 28
79 90
62 69
72 88
29 34
37 49
3 15
38 45
13 32
63 65
43 51
5 8
27 43
63 77
43 50
60 77
33 42
69 76
15 22
9 21
75 80
34 52
63 76
32 34
81 87
37 39
5 24
46 58
8 26
67 72
73 82
86 100
7 15
16 40
45 53
34 43
9 17
68 82
75 86
23 36
68 82
21 38
39 46
51 62
18 26
69 73
56 77
61 80
61 72
10 34
93 99
6 12
26 35
25 46
15 23
72 76
92 100
28 46
52 58
77 90
19 28
40 43
67 70
18 25
16 24
78 94
70 83
16 31
92 95
39 48
39 47
37 44
71 97
28 34
59 83
35 40
89 95
48 57
32 34
75 83
2 17
83 96
56 65
64 80
13 39
37 40
82 99
22 31
77 81
7 9
76 83
74 85
20 28
11 16
4 17
63 69
65 71
60 66
38 45
68 84
9 23
71 78
17 34
56 73
55 62
31 36
22 26
55 70
55 59
34 47
4 16
19 26
51 64
85 92
20 21
49 58
47 63
45 55
27 34
39 52
38 49
12 20
60 63
87 90
36 59
96 98
54 64
84 86
93 99
28 38
68 79
47 57
29 39
44 51
37 58
26 34
1 18
54 55
1 30
9 18
83 84
89 97
91 99
60 63
91 96
41 53
6 27
7 13
89 98
2 8
33 39
7 20
9 20
63 71
45 50
58 73
1 8
3 7
35 42
66 77
20 32
71 76
14 32
51 55
75 81
62 72
75 89
84 92
37 43
66 78
18 22
18 51
74 80
29 55
63 72
51 70
48 53
33 48
48 54
19 29
39 51
13 25
67 72
18 30
34 39
8 17
53 54
11 28
44 49
20 27
10 27
46 73
69 79
41 53
23 33
89 92
85 100
62 69
14 25
80 85
46 50
76 84
79 90
74 88
61 78
3 16
83 90
66 92
84 97
65 71
34 40
80 90
63 67
82 84
42 50
16 41
32 57
59 64
73 80
63 74
7 21
34 47
47 62
11 15
51 59
9 17
21 29
86 97
41 61
81 98
74 92
19 36
2 17
4 24
27 33
10 21
86 97
78 82
68 81
8 23
59 73
17 21
32 40
29 43
3 7
55 63
72 80
10 14
14 19
73 76
36 59
68 75
61 65
74 91
21 26
11 17
77 90
72 83
9 17
28 33
58 72
15 19
23 44
51 58
65 75
15 32
95 97
54 65
22 28
26 31
70 82
30 44
12 21
68 72
32 63
56 66
11 18
77 81
97 99
31 42
72 82
49 57
3 8
87 91
44 76
21 40
77 91
42 47
24 41
51 61
75 89
20 32
26 40
67 73
57 83
40 46
42 56
49 79
78 83
36 44
83 91
88 100
75 79
50 59
33 39
50 57
15 29
10 31
65 87
87 90
66 72
54 62
68 84
30 35
18 31
66 88
5 27
1 18
49 74
64 82
17 25
66 78
88 100
67 74
42 60
7 11
81 87
65 73
74 86
82 91
38 45
34 58
27 37
57 61
10 23
19 24
6 18
38 43
10 27
15 30
59 64
14 18
50 58
58 75
6 23
31 38
57 74
29 37
87 98
51 61
56 65
90 99
39 52
66 74
32 37
10 21
46 48
30 43
7 27
89 97
83 85
39 45
19 32
68 70
44 48
81 91
6 26
15 21
52 58
68 76
61 70
1 3
32 57
74 76
10 15
57 62
37 54
28 53
14 30
2 17
3 9
81 99
3 19
37 64
21 37
17 24
52 58
60 86
21 55
71 82
40 45
71 79
90 99
49 55
9 21
24 47
70 88
14 19
43 51
48 61
66 74
14 18
69 79
45 61
84 98
26 44
31 39
46 61
53 68
22 25
27 49
67 82
58 63
11 13
48 69
57 65
73 87
25 32
14 17
73 80
26 29
23 33
66 91
63 72
87 95
6 10
34 46
48 55
37 43
28 34
56 64
51 60
12 34
8 29
81 88
16 27
18 34
85 89
41 46
40 56
38 45
60 81
13 33
48 70
42 49
14 21
37 44
52 62
7 27
17 29
87 94
38 49
38 54
55 69
15 18
71 77
1 4
11 18
43 51
16 23
13 33
58 64
32 56
1 13
18 26
36 41
9 21
87 91
42 48
15 23
87 99
22 28
83 84
58 66
10 15
63 68
68 77
78 97
44 48
64 85
10 24
46 60
39 82
5 12
17 22
43 53
86 96
58 73
43 52
65 80
32 37
86 91
88 100
35 49
88 95
52 60
20 22
62 68
47 58
11 21
49 59
70 75
38 50
85 93
22 32
63 68
57 69
8 11
69 78
87 100
84 88
85 93
68 82
49 55
31 41
95 100
28 38
66 76
39 62
30 40
27 33
56 77
1 15
15 19
30 34
81 95
8 19
56 68
41 52
44 59
79 84
95 100
81 84
27 35
85 91
68 76
62 71
93 97
59 73
35 40
55 64
59 68
47 61
46 68
57 61
30 34
74 88
5 12
37 41
6 18
45 68
68 93
1 8
52 61
43 45
67 74
80 94
80 86
36 55
67 78
14 20
57 66
34 64
53 55
82 86
55 58
82 91
77 91
43 50
67 76
46 65
21 36
22 35
58 64
31 42
12 26
81 93
73 78
83 92
8 16
56 75
31 36
46 57
48 57
9 34
46 72
56 68
63 67
51 70
11 21
70 78
4 14
38 45
84 91
36 39
8 17
35 63
50 58
29 74
16 17
64 75
7 19
60 71
33 41
78 83
50 62
50 64
59 76
32 36
17 42
64 74
82 87
57 79
81 84
40 62
35 47
27 31
28 43
68 77
76 83
15 28
12 14
43 46
18 29
85 88
40 56
2 35
73 77
26 36
86 100
3 23
76 83
28 35
40 47
67 72
29 38
17 32
55 71
45 48
71 81
60 74
1 8
27 55
28 39
1 5
49 55
32 49
56 78
67 79
38 45
79 84
24 42
49 53
88 97
20 25
83 99
16 26
38 42
2 11
68 70
24 35
82 86
65 79
85 94
37 42
27 34
9 14
17 36
49 72
23 38
13 34
73 80
48 57
31 35
15 22
30 41
21 28
94 99
92 99
24 44
72 97
42 59
25 28
91 99
38 46
15 26
39 43
40 47
95 99
90 95
19 34
82 92
52 63
55 72
23 27
12 15
76 84
37 42
54 59
44 60
89 100
62 63
38 51
30 38
32 52
4 18
32 38
67 73
6 12
70 95
21 28
42 51
2 19
71 76
36 44
30 50
48 57
32 38
29 37
13 21
48 59
41 55
22 32
37 42
23 27
47 65
74 84
79 88
18 24
4 18
3 17
36 44
32 83
27 66
6 17
7 36
28 54
84 98
12 16
23 33
11 25
49 54
87 94
65 71
68 82
36 42
8 19
39 54
7 23
13 18
52 60
45 75
64 69
58 65
52 56
77 86
80 81
8 18
86 89
58 71
93 96
30 35
17 45
19 46
25 28
5 28
65 69
72 81
47 55
14 21
68 73
38 47
63 73
50 56
30 34
61 76
11 18
44 53
50 64
18 27
49 54
49 78
40 56
57 68
38 54
25 28
80 85
53 57
14 23
30 40
23 43
8 13
43 52
62 83
74 82
54 60
5 18
34 39
47 56
65 75
68 83
30 41
38 47
79 83
35 45
22 29
76 84
10 13
31 38
20 24
89 99
20 26
39 45
44 54
66 94
54 58
25 31
39 47
40 82
21 28
58 81
69 81
44 57
82 87
63 92
35 40
59 65
8 34
32 45
9 17
47 57
58 69
93 96
85 89
63 80
29 32
22 46
30 49
3 17
33 39
80 84
6 8
62 69
41 67
91 99
83 88
73 84
57 66
36 45
34 38
18 22
78 91
54 66
66 88
17 33
84 91
36 43
62 65
62 69
27 37
46 59
48 54
21 40
7 24
41 48
27 34
4 19
41 53
88 94
90 99
76 81
19 75
79 86
3 18
10 27
88 93
66 70
38 52
35 42
58 70
5 10
26 45
13 19
55 78
3 12
14 19
85 91
70 77
19 34
34 43
5 26
88 99
57 68
14 26
43 47
62 74
26 38
81 87
57 64
35 54
77 79
59 69
37 58
27 44
74 91
13 19
38 46
28 37
10 15
71 99
53 65
53 62
86 96
15 24
60 68
21 25
68 97
26 32
75 81
53 68
12 27
20 41
27 37
57 92
12 13
5 24
8 17
75 82
85 97
11 23
38 47
20 27
26 32
26 35
41 49
9 24
42 82
71 89
77 84
73 79
10 16
48 74
52 58
77 87
38 46
55 67
33 44
22 38
83 93
38 54
73 82
58 64
8 38
5 8
54 65
44 54
89 95
12 16
6 15
69 86
52 58
87 98
52 59
66 78
19 30
59 68
52 62
65 85
75 86
62 76
25 43
49 58
38 44
44 54
82 94
10 21
91 96
74 97
41 48
54 71
64 69
72 87
14 38
46 56
34 66
11 16
32 43
52 67
76 84
73 82
37 42
55 100
44 80
84 92
9 14
52 61
37 60
77 82
47 58
13 32
30 40
12 17
70 74
19 30
45 55
10 46
79 93
36 42
20 40
67 88
5 15
83 91
37 54
3 9
40 53
66 81
39 43
75 87
24 37
11 26
57 64
15 27
21 37
59 67
73 95
7 21
8 24
48 53
23 28
40 49
38 57
18 40
32 49
3 17
65 72
14 26
22 37
46 53
53 65
14 29
66 71
41 52
40 42
36 39
24 33
37 41
53 65
41 45
34 43
31 38
28 37
48 52
83 94
66 74
31 47
21 37
74 96
38 52
80 95
53 59
12 36
50 63
73 91
10 17
28 38
64 68
8 13
70 89
16 42
86 90
59 88
67 88
55 70
31 34
22 35
86 91
55 60
66 83
84 87
42 59
15 16
68 77
26 35
93 95
69 85
22 37
65 95
28 33
38 49
3 13
32 43
81 85
29 40
90 100
4 11
28 37
42 51
92 98
93 96
19 31
21 25
6 17
77 89
54 60
63 69
91 98
83 92
18 37
12 16
16 50
53 60
8 23
1 6
39 44
87 93
66 68
37 49
64 81
53 72
63 82
84 89
41 50
23 30
8 36
74 80
52 61
45 59
76 91
51 59
6 13
42 55
82 86
21 37
5 28
91 96
1 3
40 50
55 71
44 54
68 88
14 19
29 36
48 66
36 48
11 14
2 15
35 43
78 82
33 42
52 59
78 97
24 26
7 16
31 49
82 87
67 81
42 47
43 49
55 63
28 34
37 57
89 97
12 18
64 67
87 95
41 65
35 39
24 26
34 49
40 42
82 91
87 99
83 87
23 49
89 97
79 90
22 33
4 38
35 50
72 85
51 57
1 45
41 52
76 80
61 71
54 60
3 12
64 69
27 39
13 25
44 55
75 87
64 71
56 64
33 44
35 60
94 99
52 56
3 14
9 13
86 91
59 67
2 10
48 55
66 72
43 61
3 11
40 70
70 74
84 91
50 58
51 59
24 39
53 64
85 96
35 43
84 90
46 55
77 96
29 37
60 63
2 13
71 73
87 98
63 84
92 98
3 16
36 51
84 89
79 85
20 27
39 43
21 41
69 78
1 10
68 91
67 78
7 9
88 99
82 89
85 94
2 8
93 100
88 93
87 95
35 52
94 99
1 14
84 95
75 94
64 86
60 81
34 45
22 29
89 91
53 57
60 72
55 65
12 69
43 52
42 44
38 47
26 32
83 94
50 66
83 95
39 54
56 59
95 96
69 71
29 35
57 62
48 67
84 93
37 52
54 58
87 96
25 30
62 75
74 81
30 73
5 12
94 97
87 95
90 99
2 11
56 68
76 80
94 98
76 86
23 30
12 33
56 65
44 47
48 53
85 98
45 53
8 18
43 50
76 93
23 40
65 74
24 33
58 63
41 59
6 10
36 45
43 48
72 83
67 75
78 86
91 98
27 31
64 70
37 44
21 33
19 30
66 72
55 81
4 6
4 20
15 20
40 55
80 89
10 13
22 34
2 12
55 66
35 38
12 29
39 60
90 92
13 28
57 87
76 87
43 57
12 26
2 7
85 95
50 54
50 53
85 89
77 83
14 24
56 60
61 80
73 81
37 40
29 39
56 73
51 63
35 43
65 83
25 46
45 57
24 35
63 68
5 29
63 74
27 37
28 44
85 93
12 18
20 32
16 28
22 28
20 25
53 55
33 49
32 52
91 95
79 88
71 76
19 24
25 31
84 90
18 35
5 19
25 62
29 37
30 40
57 70
54 70
8 17
88 93
42 50
82 89
46 51
40 59
63 64
49 58
15 31
49 58
72 83
22 29
86 91
31 36
64 69
35 45
92 99
79 96
20 33
10 14
52 60
30 34
76 90
52 63
34 39
75 79
32 50
42 52
20 22
46 62
29 41
71 75
7 23
95 99
81 96
28 51
74 84
38 54
82 94
65 73
85 89
76 94
12 26
49 55
57 67
93 99
40 44
49 66
49 56
6 17
61 88
64 85
62 65
85 97
48 69
60 64
52 59
24 31
65 73
2 10
3 9
1 20
84 88
42 54
61 77
19 26
52 61
19 23
62 73
8 23
65 77
76 80
68 75
27 39
48 51
44 51
22 31
10 18
3 14
82 86
13 29
6 21
21 29
38 49
73 85
48 68
55 65
67 76
80 86
1 16
47 55
91 100
59 66
56 62
30 35
15 19
59 67
50 57
38 42
85 96
30 42
51 57
72 78
87 100
28 36
59 79
11 16
61 72
30 38
28 31
61 71
73 77
81 87
60 70
3 6
15 39
95 100
36 41
42 54
12 27
16 32
41 54
71 78
78 80
72 77
53 66
43 52
65 80
56 61
1 18
62 76
63 75
24 36
35 39
24 51
42 47
61 77
9 16
50 72
10 32
9 22
51 64
52 67
67 72
19 31
66 72
48 72
58 97
42 51
57 64
11 21
10 17
72 78
81 89
42 57
3 14
13 22
73 85
69 80
78 95
60 66
6 10
57 75
78 89
19 22
1 13
93 100
52 66
16 21
14 21
46 67
71 99
3 13
8 23
46 51
68 82
69 88
62 93
73 88
19 31
33 67
57 63
60 66
91 100
82 93
50 68
3 8
45 59
12 15
64 71
4 9
25 31
90 96
43 50
29 46
41 47
21 32
8 12
74 80
24 32
40 49
48 53
70 77
73 87
2 8
44 47
66 69
30 44
61 68
9 16
28 35
75 95
38 48
16 27
9 40
52 79
67 85
80 89
61 73
47 60
25 47
45 54
79 83
62 71
86 96
41 48
10 22
77 83
25 37
40 58
13 15
75 90
33 54
33 43
77 81
35 41
8 18
59 68
48 55
85 95
62 68
73 82
83 89
58 83
68 78
66 93
50 58
37 52
29 48
50 59
17 26
35 65
55 69
75 90
42 58
55 59
81 87
87 91
86 98
1 9
80 85
57 82
33 38
26 33
71 86
69 83
20 26
14 35
48 58
9 36
10 93
5 10
8 18
55 59
6 13
93 96
80 90
40 51
66 78
51 71
54 60
82 97
42 52
64 79
12 22
54 57
45 47
85 93
48 67
83 90
17 20
64 66
64 74
34 50
29 42
38 47
46 70
8 30
19 28
6 23
5 31
54 65
17 20
9 21
78 86
88 95
65 71
12 19
49 57
41 75
50 57
88 94
33 50
43 49
8 30
25 32
14 26
23 31
18 22
76 82
31 42
1 5
80 87
1 9
11 14
56 65
5 15
81 82
19 48
45 54
69 85
82 98
61 67
79 87
55 67
18 21
43 56
57 60
18 23
90 93
36 60
44 47
1 47
47 56
37 40
5 10
72 82
63 66
4 14
81 91
93 99
62 77
11 26
5 9
31 38
50 57
54 56
85 91
70 77
64 70
11 16
82 94
38 44
4 16
47 58
71 80
31 49
27 37
60 62
3 23
16 45
57 68
35 41
43 49
10 29
34 55
85 91
78 86
12 24
48 59
77 90
8 20
80 87
69 86
32 55
79 94
24 28
62 79
93 97
21 26
64 78
50 54
30 77
67 77
46 53
78 86
52 57
59 82
86 100
87 97
33 44
76 89
17 29
33 36
82 90
50 62
41 47
13 19
37 60
6 19
32 63
25 34
9 15
91 97
18 25
17 22
6 27
9 17
50 69
91 97
41 50
12 22
19 24
83 96
51 56
18 27
54 60
38 48
52 58
46 50
54 77
4 9
18 27
1 24
60 85
51 57
24 34
36 45
7 20
17 25
68 79
27 39
56 65
17 23
32 57
76 88
17 28
39 52
30 37
19 38
42 51
45 57
41 46
60 66
71 80
86 93
74 79
54 73
61 64
65 73
8 39
63 78
5 9
79 91
41 56
64 89
83 95
6 23
74 86
88 94
56 66
24 43
39 44
19 31
46 53
14 23
47 50
25 28
68 77
20 28
12 14
79 83
15 25
56 68
32 48
17 25
17 32
45 60
44 48
26 40
3 7
23 30
52 62
82 88
93 96
80 90
20 24
20 33
72 79
56 63
33 44
7 13
86 90
40 51
19 30
28 40
37 40
48 57
85 95
22 40
85 94
56 60
84 91
81 88
49 54
76 80
33 50
82 84
79 83
20 24
58 68
54 59
6 26
9 19
27 45
31 51
75 90
30 32
36 39
30 37
28 35
61 85
68 81
65 72
45 48
84 92
26 31
57 61
83 97
89 94
50 52
50 59
76 86
60 65
1 8
13 21
32 40
72 86
27 36
73 98
23 24
12 22
40 58
68 88
32 41
17 24
72 79
84 92
48 65
45 54
21 35
39 47
32 39
50 59
41 59
44 49
54 60
59 65
1 6
11 27
41 52
19 32
66 74
34 51
40 57
22 37
73 79
86 91
45 53
4 13
52 63
31 63
86 93
41 57
48 58
5 26
45 50
40 65
83 90
93 100
29 37
81 95
23 30
71 78
79 85
63 70
27 35
51 66
44 53
63 67
52 59
78 86
21 47
61 67
32 64
73 79
24 90
47 58
63 81
28 43
30 47
69 77
8 24
38 46
8 14
56 74
55 70
71 80
78 83
70 87
34 44
85 91
27 36
56 72
24 29
33 67
2 4
41 54
62 67
65 72
75 79
43 50
22 25
41 65
32 48
33 35
21 36
55 64
20 45
52 62
16 24
16 36
59 62
10 21
50 57
20 26
83 88
13 16
19 25
25 54
46 50
2 4
67 73
17 30
40 45
20 27
86 94
24 37
57 68
81 94
54 66
69 80
81 95
13 34
76 88
71 86
85 88
32 34
59 63
67 75
10 24
84 87
30 36
38 57
48 62
24 29
78 91
27 42
18 23
30 47
83 95
52 57
52 55
19 24
81 89
45 51
93 99
90 98
51 59
72 77
36 47
75 82
10 19
71 83
63 70
58 62
20 29
33 50
77 83
2 10
60 67
22 34
32 42
7 10
42 47
14 16
84 95
30 33
72 83
49 51
84 90
81 87
24 29
29 36
34 42
63 72
50 58
84 99
14 33
5 20
69 82
46 56
44 54
9 13
44 54
69 80
69 81
30 45
37 46
55 63
20 31
11 31
27 29
23 30
61 73
8 33
57 73
6 18
17 28
42 47
29 36
9 29
39 49
17 26
51 59
65 75
31 44
23 38
82 92
26 33
26 29
60 80
24 37
39 48
96 100
59 78
85 95
2 8
11 29
12 18
66 74
5 14
90 96
92 97
35 54
68 85
42 54
47 61
54 63
45 59
49 64
57 63
69 76
48 63
10 24
66 79
17 34
73 80
22 37
8 20
76 93
10 27
3 11
65 76
43 54
37 52
78 84
88 92
85 100
67 73
33 38
80 82
71 83
67 72
84 98
33 35
29 34
28 36
15 20
56 74
32 55
6 10
26 37
69 93
3 8
81 96
43 54
13 27
43 54
83 95
20 27
27 33
55 64
22 32
2 22
69 79
18 36
43 65
2 25
34 45
50 56
2 20
64 71
30 44
79 82
12 20
37 59
82 85
37 51
65 78
2 6
70 80
80 94
74 79
85 97
62 71
36 61
15 18
27 37
61 79
85 93
7 24
39 44
78 89
20 51
49 61
2 14
22 50
52 65
8 18
16 23
29 32
34 45
41 55
25 30
75 79
3 12
42 63
72 83
85 97
49 75
76 90
71 100
78 87
43 49
49 72
31 59
76 98
24 30
82 90
29 36
71 88
34 36
32 91
30 32
61 72
1 8
8 17
43 56
69 73
71 75
39 53
15 30
93 97
9 16
21 37
8 18
56 64
2 5
28 32
81 91
65 69
54 63
56 62
35 41
34 46
52 66
48 54
10 15
70 73
84 91
19 29
62 74
38 58
59 66
58 62
17 22
44 60
66 77
20 25
21 30
70 75
31 34
17 32
66 82
5 13
45 72
92 100
77 97
50 62
47 51
69 99
3 21
36 54
21 43
79 83
61 76
23 39
13 27
68 79
56 61
3 12
35 53
69 77
12 20
21 36
60 70
77 92
77 91
74 89
43 47
84 93
43 51
44 60
39 46
62 74
19 24
57 72
70 77
69 82
20 36
49 53
73 83
44 49
67 92
14 21
1 23
10 16
80 98
5 32
70 75
43 48
55 73
20 42
4 8
18 24
25 35
94 95
27 35
62 78
73 76
41 58
72 81
12 28
64 75
66 73
68 87
69 81
48 57
80 84
81 94
53 66
28 37
42 54
85 97
79 82
59 65
11 16
19 26
52 56
29 33
55 66
9 31
38 46
66 75
2 3
42 48
44 52
14 28
24 37
54 66
16 25
79 81
69 83
12 30
38 43
85 92
63 69
8 20
79 85
70 83
85 87
14 40
9 78
55 67
37 42
60 68
11 14
52 59
69 87
67 78
17 24
52 63
17 21
68 78
35 58
68 76
49 74
1 18
68 81
20 30
81 87
6 40
79 94
91 99
10 13
53 66
42 66
55 64
18 34
14 22
83 92
19 28
6 9
32 42
70 74
33 64
23 36
61 69
83 95
74 79
18 28
35 55
65 70
67 83
28 44
33 41
39 50
69 79
72 77
38 47
96 98
49 67
1 10
2 19
79 100
47 58
52 68
35 47
19 37
64 81
56 60
15 22
47 50
70 83
55 77
16 19
52 77
24 32
14 19
45 53
59 84
58 76
31 41
65 82
23 34
31 40
24 37
51 58
4 22
48 60
11 13
83 86
93 99
12 19
85 97
41 54
71 87
4 10
3 9
3 17
81 90
6 31
45 56
38 41
75 78
11 17
12 18
5 11
66 72
37 50
31 36
28 43
17 26
14 28
6 8
35 50
61 73
27 37
10 34
65 69
23 42
36 50
81 87
3 7
25 36
14 18
80 86
39 44
30 45
72 87
82 87
52 61
15 26
62 75
58 75
58 69
14 32
56 60
5 9
84 91
75 92
14 20
64 70
50 58
38 43
40 45
53 60
67 77
78 97
88 100
67 71
66 88
72 97
52 60
66 82
66 71
25 70
86 89
40 46
48 70
22 30
46 58
19 25
45 51
54 62
46 55
3 18
79 93
18 28
54 57
74 89
14 29
17 94
33 40
33 45
66 70
68 87
41 48
54 65
7 21
47 62
78 85
66 78
4 20
37 43
2 15
85 89
34 55
5 17
55 66
88 95
25 30
69 95
49 63
42 49
71 97
37 42
60 95
42 54
32 55
17 47
58 61
6 19
41 51
62 69
80 94
48 59
38 51
75 88
76 80
14 35
43 45
15 27
67 91
78 80
28 58
37 45
51 57
46 61
59 65
32 40
66 93
31 39
95 98
59 64
41 46
60 67
82 86
93 98
43 55
72 83
4 9
45 51
63 98
59 65
78 83
33 41
41 55
8 11
7 19
53 72
18 23
27 31
29 35
70 88
25 42
20 24
38 46
41 49
44 53
21 38
37 47
26 41
68 80
11 19
40 44
34 37
17 32
62 68
61 66
26 32
37 49
14 26
73 78
50 56
76 82
48 53
72 97
14 23
3 24
48 50
3 11
48 56
22 36
58 71
19 26
23 31
30 49
45 53
44 53
10 18
46 51
91 100
16 28
68 78
27 34
67 81
39 56
12 16
51 56
82 93
76 90
59 65
39 52
58 77
33 49
59 67
30 45
57 69
95 97
31 53
88 95
3 10
52 55
48 57
44 56
17 33
39 46
28 38
67 82
86 92
64 76
50 76
45 53
85 95
16 30
61 73
33 37
30 42
12 15
87 92
17 23
82 87
90 94
25 28
58 72
45 54
69 77
1 12
78 93
83 96
35 46
13 30
29 40
12 19
82 89
65 88
80 100
53 70
69 80
81 89
49 61
25 44
33 49
57 71
36 50
76 94
57 62
95 100
83 97
76 95
1 9
23 29
10 21
57 71
34 52
40 60
69 77
63 82
65 72
19 26
55 64
78 82
52 56
2 8
63 74
13 18
13 24
11 21
53 69
17 22
31 54
75 100
6 20
18 44
12 19
77 88
4 14
29 37
31 37
1 16
9 13
74 78
35 48
74 78
59 66
58 61
5 16
67 74
28 53
29 56
36 40
92 95
10 18
60 88
35 40
10 18
56 65
79 98
30 53
18 22
12 28
40 48
8 16
27 47
18 25
53 67
71 73
16 32
26 30
32 62
85 98
1 15
90 97
19 35
71 88
63 71
82 87
55 72
60 83
62 75
79 87
32 37
62 80
9 45
78 98
4 25
68 70
46 83
31 45
89 93
63 82
65 71
28 40
39 53
31 35
62 74
34 48
93 96
24 35
55 60
54 69
50 54
56 65
22 28
66 72
70 79
12 25
34 38
76 92
10 32
75 83
9 15
67 70
26 36
56 68
23 38
69 79
8 31
31 37
37 42
69 89
15 24
28 39
55 73
70 99
22 74
86 98
63 91
21 30
39 55
22 30
27 45
55 69
52 67
92 95
15 30
28 42
36 50
37 41
31 38
89 100
11 24
37 52
19 27
70 77
34 41
67 70
16 47
52 64
77 84
48 52
46 56
2 14
47 52
21 32
12 48
36 43
63 75
86 94
66 74
69 72
27 32
63 65
44 48
71 81
25 28
15 21
85 100
46 56
52 66
12 38
25 34
19 37
75 78
22 26
77 81
9 13
9 22
67 76
66 71
16 21
6 13
13 14
3 12
15 40
91 94
50 61
69 75
39 79
82 89
17 44
38 59
24 29
27 47
58 74
76 94
66 79
16 36
74 80
47 66
76 78
10 12
79 85
40 45
6 13
80 87
32 34
89 95
9 24
14 21
20 24
50 55
73 84
58 61
21 35
19 27
19 27
21 30
1 11
28 38
84 89
48 57
30 36
76 87
41 48
73 79
12 21
10 16
74 82
72 80
50 58
58 71
31 40
18 38
62 78
75 87
23 27
31 41
9 41
25 42
83 94
70 78
53 59
21 31
61 64
1 22
