100 20 20 6
00000000000000000000
00000000000001100000
00000110111110000000
11000000000000001000
00000010000100000000
11111100010011100011
00000000000010001000
00000000001001000000
00011100000000000000
00100000000000000111
00000111100000011000
11100000011111000000
00000000100000000000
00010000001100011000
00000110000000000000
11100001100011000000
00000111001100000011
00000000000000110000
00000000000000000000
0010010000001000100
0010010000001000100
0000000100001000100
0000001010001000100
0001001000001000000
0001010000011000000
0010000001010000000
0010000101001000100
0010010100101100100
0010000100101000100
0000000100100000100
0010010010100000100
0000010010010000100
0000000000010000100
0010000000010000100
0010001000010000000
0100000100010000000
0100100100010001000
0000000100010001000
0000000100010001000
6172
30 39
62 75
83 99
58 72
61 66
70 89
17 30
53 60
47 57
22 34
15 19
43 83
51 58
20 36
56 73
18 29
38 47
78 88
9 20
10 13
12 24
15 19
29 36
38 58
83 87
35 42
3 21
82 95
69 78
54 66
77 83
29 35
57 68
92 96
23 30
78 89
58 72
26 32
71 81
22 54
28 36
87 93
36 45
92 98
8 30
76 91
47 52
4 22
1 11
73 94
49 59
56 64
55 70
23 49
48 69
63 69
18 26
33 44
50 74
16 41
5 21
15 35
14 32
56 67
9 19
13 20
20 27
60 77
76 85
80 90
41 56
41 49
37 45
14 19
33 43
17 45
65 77
12 17
34 56
62 71
35 43
10 16
64 99
11 43
21 30
44 52
53 58
70 79
43 49
80 83
26 49
76 82
71 90
44 65
66 74
4 24
20 59
35 42
91 97
44 55
6 21
26 28
11 20
80 89
6 18
37 47
58 81
25 31
89 99
10 15
7 10
68 77
12 31
50 72
71 89
63 66
50 69
6 17
80 86
75 77
11 16
31 36
77 85
58 63
11 13
4 18
71 91
78 84
24 36
72 84
95 100
23 30
18 24
6 14
34 48
67 79
59 73
31 51
64 90
61 74
62 82
46 63
81 94
48 67
30 32
74 83
93 97
14 21
39 45
11 15
17 27
71 75
43 51
54 64
6 24
43 52
52 54
93 98
63 75
40 48
69 81
66 71
81 85
14 43
33 39
26 30
44 48
21 25
79 85
68 78
16 25
61 78
79 84
11 16
69 77
48 57
47 54
53 62
12 37
49 57
42 50
10 14
34 50
67 81
2 19
32 39
29 33
67 82
2 10
31 36
55 73
82 89
62 73
50 59
31 46
6 21
39 47
3 9
37 52
17 26
77 94
7 13
10 24
79 85
51 59
16 30
79 89
25 28
53 68
35 37
67 86
81 96
57 72
54 76
37 82
24 34
11 24
8 20
92 100
27 29
43 81
58 66
32 42
45 50
60 75
46 51
8 15
79 85
39 50
46 61
25 35
81 90
17 32
15 22
11 21
7 14
6 13
1 9
67 75
71 81
27 39
77 86
20 26
19 27
51 61
21 26
4 14
91 93
9 20
27 36
87 90
56 79
31 41
86 94
58 72
6 16
37 49
78 92
91 95
75 77
65 70
64 83
9 29
57 63
15 27
58 80
12 17
64 81
16 27
67 71
18 31
96 100
77 94
84 94
68 75
78 87
9 19
1 22
93 100
66 70
15 18
72 96
2 21
7 11
20 31
37 59
35 46
14 19
20 26
89 93
59 62
15 31
45 55
45 50
91 96
1 14
30 54
21 33
38 47
61 70
7 24
27 41
39 52
36 39
76 87
87 94
33 59
67 89
81 93
32 41
29 37
83 92
9 14
92 98
57 81
54 72
13 21
48 51
46 67
90 100
1 16
73 80
20 28
6 19
38 42
51 72
75 91
20 36
91 99
7 14
13 27
70 78
33 43
81 91
41 45
14 32
43 56
39 47
65 71
75 78
85 100
32 56
25 42
6 31
43 48
22 35
21 33
48 59
32 40
3 9
5 8
78 90
41 48
93 100
70 75
56 64
35 41
37 45
24 47
82 87
75 86
20 28
26 33
74 79
75 83
1 10
18 32
25 33
13 17
29 37
3 8
4 16
26 47
74 84
93 97
82 86
58 68
69 94
51 70
86 90
56 62
18 31
18 33
53 60
55 65
82 91
13 35
49 59
75 96
14 15
55 60
22 36
84 91
62 67
20 27
25 33
83 93
53 60
67 71
53 62
16 26
21 28
73 91
66 73
49 57
60 71
77 90
49 55
46 52
71 84
10 13
57 63
17 23
83 98
53 58
42 54
82 89
47 56
11 20
44 57
69 85
4 13
58 67
81 92
70 76
82 97
21 27
43 48
25 31
60 66
46 51
17 20
18 32
31 35
66 71
52 59
5 12
41 59
74 85
29 36
36 39
34 41
61 76
5 15
87 99
91 95
65 69
65 76
70 89
35 37
24 40
12 16
56 80
30 62
25 29
31 45
23 29
24 36
17 39
66 72
44 52
68 83
38 50
6 15
82 88
12 27
27 45
45 58
17 60
23 30
17 21
2 9
13 26
54 63
71 85
87 99
11 32
37 47
56 68
88 96
61 70
81 91
75 82
4 22
1 28
20 43
30 36
19 26
29 52
76 86
49 53
8 14
12 20
95 100
47 62
2 8
45 55
15 37
16 33
7 14
21 45
94 96
57 64
30 34
69 73
42 57
31 33
25 33
54 62
13 19
31 45
10 11
82 90
22 29
55 64
33 35
17 22
55 73
59 69
51 63
61 70
82 89
75 81
96 99
43 48
42 70
67 84
24 34
68 81
53 62
40 45
4 14
1 5
41 47
46 60
59 64
17 24
71 77
71 79
59 67
49 61
9 18
25 44
77 95
78 81
75 82
27 31
31 49
1 5
55 66
70 84
76 82
57 81
20 50
5 21
66 84
86 97
44 68
22 27
51 56
49 59
17 23
76 99
39 70
66 72
83 97
1 5
51 62
40 48
52 68
57 77
73 81
69 73
31 45
59 73
58 69
59 65
78 95
61 65
59 65
94 97
20 27
47 67
12 18
73 85
26 34
47 55
50 61
86 91
40 56
34 39
96 100
4 13
68 83
12 22
52 56
59 63
10 16
31 42
16 38
30 31
82 99
35 65
53 60
3 9
78 87
25 28
51 55
82 87
12 22
84 93
10 17
17 28
64 93
68 82
83 95
49 53
24 32
21 31
89 97
37 45
65 83
6 12
32 44
10 16
10 24
56 65
90 98
53 78
10 24
13 18
19 26
86 90
42 53
77 78
42 48
29 39
10 19
31 34
59 81
80 97
70 87
96 100
84 93
62 72
12 15
46 64
52 56
36 51
32 39
87 90
27 38
61 69
58 65
86 97
76 81
73 80
6 23
62 83
14 19
73 81
6 8
20 39
43 59
82 93
6 13
61 73
83 92
67 80
49 61
19 26
81 96
83 96
39 53
70 92
60 70
35 44
60 78
72 81
37 45
67 72
56 61
77 84
27 45
56 63
62 80
54 60
85 96
53 75
47 71
65 73
56 64
12 19
69 76
59 62
69 79
7 13
19 31
56 71
2 22
59 67
64 66
80 99
49 66
40 52
67 77
60 66
27 59
86 92
58 80
46 51
90 99
37 53
34 38
1 46
73 80
87 91
62 79
53 80
30 38
14 19
49 56
27 51
67 71
1 8
60 70
36 45
75 80
88 94
16 20
4 22
53 60
54 67
78 84
10 21
60 70
18 32
9 25
22 33
10 15
72 78
23 28
37 45
62 68
51 59
32 48
74 80
35 54
96 97
52 54
31 38
65 68
70 85
92 97
36 39
42 52
57 61
13 27
40 43
82 95
85 100
85 88
91 94
40 44
13 30
36 42
77 92
19 38
4 12
78 86
46 60
40 48
55 58
60 75
83 97
71 80
16 34
65 70
30 38
28 46
77 81
77 81
90 98
57 64
2 6
21 40
54 61
47 54
84 88
71 89
91 100
30 40
40 57
41 50
36 51
1 3
74 86
79 81
22 27
61 72
71 96
9 24
87 91
12 21
82 89
77 88
17 28
53 60
88 90
58 78
36 40
4 17
14 18
80 85
18 26
81 99
17 24
83 89
53 57
80 94
92 96
74 83
43 60
4 14
33 63
79 82
34 43
63 69
75 87
30 42
73 78
28 36
49 58
13 18
64 66
70 72
78 96
77 85
65 68
50 55
79 100
50 65
55 62
8 16
21 43
3 10
32 44
81 92
13 22
2 10
29 41
33 43
45 47
88 92
87 92
31 48
69 72
74 83
41 49
73 83
34 48
40 51
14 31
39 56
57 81
61 83
83 88
55 63
19 30
78 85
65 76
12 22
82 85
31 44
16 23
61 68
34 47
50 58
19 22
29 32
71 86
70 77
28 30
30 41
68 72
13 18
53 62
7 8
56 65
91 96
80 91
15 18
89 95
3 9
4 14
45 52
21 36
75 77
74 89
62 69
3 12
12 16
55 62
26 32
4 29
64 71
86 91
2 8
75 80
79 86
44 55
28 37
84 93
16 37
5 6
86 94
22 37
52 61
47 57
33 51
56 70
26 41
35 39
59 71
49 73
80 92
66 68
79 93
87 90
15 36
17 28
50 53
26 39
80 83
2 10
66 86
60 71
6 13
88 97
23 54
86 90
74 85
41 66
52 75
4 35
43 51
7 19
6 20
1 10
25 29
51 66
59 75
76 85
92 95
46 49
9 17
65 77
47 64
19 34
36 44
78 87
35 41
10 16
9 11
14 20
9 14
20 35
26 33
4 8
35 45
32 40
50 54
13 19
69 90
18 26
23 27
61 91
44 57
10 16
45 50
41 45
20 63
8 27
29 38
37 49
81 90
62 65
2 9
11 12
20 38
81 92
88 95
24 32
25 33
39 47
66 85
74 89
78 87
71 83
65 74
49 54
73 84
31 34
93 96
59 67
68 74
74 80
3 11
31 36
42 51
16 23
91 96
66 73
61 65
51 66
39 43
24 29
55 66
3 20
59 66
6 11
80 89
45 49
19 25
78 99
18 24
3 40
20 34
51 53
15 21
54 62
3 19
43 49
53 76
48 66
48 53
2 4
8 13
16 19
55 64
68 74
21 38
76 89
21 32
15 22
76 83
30 37
5 38
21 24
56 63
70 93
59 63
6 12
10 17
59 69
49 54
47 53
69 88
82 85
3 11
84 91
35 42
56 70
14 28
81 97
39 55
84 93
64 70
40 62
15 19
58 63
20 29
10 15
57 70
25 33
16 41
22 27
53 57
50 62
21 31
57 62
66 76
27 47
79 85
33 41
90 97
64 69
27 39
74 90
42 47
53 59
45 50
5 7
83 97
53 61
52 58
18 23
60 74
35 38
14 17
40 51
26 44
4 32
70 97
64 88
75 83
72 75
64 73
5 6
82 89
50 58
34 36
44 52
45 50
72 89
8 13
13 26
12 20
31 39
65 73
19 28
10 24
4 16
51 57
53 64
15 27
12 25
66 73
2 16
46 49
8 18
41 54
28 45
33 36
12 30
6 14
59 73
40 50
38 47
58 67
71 73
73 88
94 98
85 95
78 82
32 40
74 89
18 22
44 73
46 58
39 58
67 85
17 38
1 13
14 15
43 48
74 88
31 44
6 9
27 35
5 11
46 51
5 28
47 53
20 26
79 88
37 54
4 22
68 82
40 61
13 23
66 84
89 92
67 74
67 73
1 8
77 83
44 48
52 61
67 73
61 63
8 21
41 48
37 43
4 9
40 56
26 38
49 54
1 7
81 94
80 82
88 98
33 41
22 28
11 23
59 76
47 54
42 49
8 18
32 45
1 5
77 86
49 56
66 77
30 44
82 91
75 82
32 37
52 58
33 53
76 89
60 64
81 87
62 68
22 36
93 99
61 79
62 69
70 80
2 6
56 63
38 42
89 99
75 86
42 54
62 77
38 48
58 69
57 59
21 46
15 35
50 81
77 100
24 42
34 36
11 21
83 86
91 95
41 45
7 14
35 44
9 28
60 66
17 40
32 50
58 85
51 69
52 61
52 60
71 73
61 71
81 88
30 41
21 29
51 64
56 86
24 30
83 95
49 53
53 63
31 37
44 68
9 19
11 19
64 75
91 98
48 52
24 37
22 45
29 36
45 59
27 29
75 94
41 61
62 71
55 58
47 52
2 9
25 32
43 48
42 51
76 85
46 48
71 78
47 60
66 78
82 89
53 63
69 84
69 74
41 54
89 100
62 68
12 31
47 55
18 46
26 35
38 55
93 100
53 66
41 52
56 61
79 96
66 79
70 86
66 74
59 65
43 54
10 16
22 28
36 42
32 39
11 18
33 41
67 80
27 45
89 94
64 68
64 83
48 52
83 86
40 45
68 95
15 50
4 18
67 76
52 69
4 20
9 47
2 10
74 96
57 60
19 31
11 14
30 35
90 99
56 63
38 48
56 59
4 15
5 35
5 13
78 82
40 54
30 37
90 98
58 66
40 41
44 62
27 43
7 18
33 44
7 13
31 38
87 93
86 90
43 60
8 10
30 58
77 87
72 85
53 59
20 34
41 49
51 56
50 55
85 94
40 65
7 25
81 86
83 94
1 21
26 34
3 16
5 21
84 88
34 45
34 43
35 41
11 21
32 37
90 95
76 85
23 40
38 42
5 18
62 64
77 85
49 59
76 84
2 15
74 92
24 34
2 11
47 80
65 69
77 96
43 58
62 68
40 45
74 93
35 52
25 29
84 89
58 70
40 72
45 54
57 76
79 94
41 53
61 83
37 47
82 92
21 60
9 16
13 22
21 42
68 84
45 55
67 72
32 47
48 56
9 25
79 93
69 81
26 29
8 22
79 84
83 91
11 23
90 95
46 52
66 72
38 55
40 45
8 17
48 52
25 37
9 20
55 62
30 41
57 70
64 75
13 19
13 17
81 85
80 93
65 90
74 82
2 38
72 79
18 25
55 69
84 96
41 46
64 78
38 49
11 23
75 76
86 100
14 23
22 28
82 87
87 92
47 52
86 98
73 76
54 66
5 12
85 92
68 69
30 59
31 39
49 52
93 99
90 94
35 46
51 57
57 59
15 29
2 7
8 22
10 16
7 10
32 39
53 56
16 20
20 25
13 19
10 19
91 98
20 25
58 75
6 18
78 81
5 19
32 37
8 27
70 81
16 29
52 80
45 51
4 9
74 95
87 95
23 43
39 47
64 76
58 66
64 71
53 58
14 25
93 97
12 15
58 90
76 88
70 78
51 55
74 91
70 85
69 79
62 73
50 59
26 31
9 17
15 19
15 30
39 53
1 24
26 53
54 64
11 23
17 28
74 81
11 25
38 46
29 46
74 88
46 55
1 5
23 36
3 13
44 64
34 39
51 52
31 36
25 31
39 41
49 54
91 100
8 14
13 37
30 39
49 53
9 14
38 54
54 66
59 68
78 87
43 51
33 48
73 85
51 61
17 25
88 95
72 92
86 94
19 22
83 93
3 32
37 39
65 72
40 49
11 20
15 57
13 20
33 39
72 78
40 55
16 36
58 61
21 28
30 51
44 47
77 88
18 24
23 28
33 40
84 91
7 11
28 44
34 38
92 100
41 45
72 96
78 86
18 24
30 40
5 26
51 64
10 14
38 62
45 50
40 45
20 31
70 77
74 80
30 41
18 37
1 6
45 60
53 62
17 27
47 49
48 64
90 91
71 83
51 56
23 27
78 95
10 19
36 56
31 39
46 73
79 92
91 95
7 25
47 61
10 19
72 75
91 96
24 25
43 59
45 73
60 69
64 68
57 69
14 20
38 45
52 58
68 74
49 83
21 39
63 68
80 86
69 82
54 64
4 7
77 87
62 68
48 65
52 54
85 93
12 20
47 55
19 57
43 59
23 39
92 100
10 15
9 20
23 30
15 39
81 85
29 39
65 77
46 65
79 97
16 25
69 80
32 38
32 49
82 92
46 58
50 62
47 56
37 45
8 10
63 69
22 32
5 19
21 34
89 98
60 68
42 59
48 52
74 82
16 21
61 75
51 67
59 67
56 70
88 91
17 20
19 35
7 20
90 96
43 49
54 62
57 68
60 69
24 53
37 39
13 20
75 88
38 67
63 75
38 58
68 87
79 86
45 61
80 88
40 61
3 11
15 24
68 72
58 64
3 8
39 55
33 39
69 75
18 46
14 35
35 46
80 93
65 96
56 60
25 47
3 16
20 27
7 15
9 13
45 49
80 100
56 79
79 84
58 59
41 46
46 64
47 55
88 99
33 40
55 60
90 98
60 79
4 24
23 36
31 39
17 32
3 14
58 68
6 14
31 57
31 46
52 72
88 99
37 41
4 24
10 18
23 26
49 65
65 95
72 78
14 26
60 64
50 58
71 79
42 60
40 53
48 61
22 29
38 46
43 44
80 85
75 84
72 83
43 50
3 5
77 97
40 45
20 26
28 42
28 31
62 81
59 75
78 95
52 59
84 94
29 45
30 40
39 45
38 52
48 63
4 17
65 73
80 84
59 74
3 6
22 31
89 96
77 82
21 34
57 60
30 40
85 93
49 55
46 62
55 61
81 94
27 42
62 81
37 54
23 30
89 100
97 100
43 68
2 5
82 88
6 13
79 98
17 48
35 41
85 97
34 37
42 49
47 55
22 40
30 36
12 21
22 29
23 36
37 47
24 34
17 23
88 90
44 68
74 84
24 33
14 23
28 71
15 25
11 23
59 100
30 40
84 89
47 64
37 42
32 37
5 10
29 35
69 77
70 76
63 72
60 68
62 71
35 59
53 62
3 17
39 70
49 62
58 67
89 92
74 83
38 50
61 66
70 98
71 80
21 28
37 53
68 74
80 91
53 60
21 36
55 67
80 85
40 52
18 41
5 10
70 81
44 58
79 92
89 95
33 43
36 43
29 36
13 28
78 83
75 82
87 93
78 82
85 91
69 98
63 73
68 75
56 67
23 35
30 41
34 47
5 10
69 79
1 13
86 94
90 98
21 40
55 65
64 72
8 28
93 98
32 43
56 60
81 98
91 97
5 9
38 44
4 21
74 85
7 16
37 54
43 46
62 80
58 66
87 94
20 27
47 60
84 97
16 21
12 28
63 69
68 87
6 14
83 92
29 40
41 45
25 31
76 92
16 30
7 17
34 38
60 72
33 37
8 21
21 29
69 76
47 55
4 17
66 80
44 48
45 56
65 83
32 38
37 45
77 90
35 46
17 33
6 20
30 33
78 84
41 54
74 89
71 77
69 74
36 47
95 97
37 55
23 27
80 84
30 41
64 73
36 44
85 97
25 40
80 94
60 70
30 50
37 47
69 94
31 33
66 89
9 26
39 46
26 51
47 52
20 36
50 63
78 84
35 42
37 48
70 85
83 100
87 100
46 67
50 56
48 59
15 18
75 79
51 60
19 27
33 51
53 60
74 85
80 95
26 30
17 23
73 90
49 65
11 16
6 12
59 67
76 86
92 94
27 32
19 25
17 19
36 43
46 77
30 34
35 40
22 29
52 54
22 39
75 91
85 89
46 70
33 35
81 86
78 94
41 65
37 57
53 60
68 74
11 18
41 54
25 35
12 15
58 70
35 39
61 83
27 35
81 96
44 60
39 45
7 10
60 63
22 31
45 58
66 91
74 80
81 86
58 64
35 44
37 50
67 77
20 25
81 91
79 89
31 50
24 26
57 68
42 88
21 28
17 26
85 90
51 58
70 82
37 44
9 22
44 82
76 80
91 100
56 83
8 12
52 61
91 97
15 32
50 57
4 7
69 93
32 42
77 94
18 29
42 50
4 17
74 91
8 15
88 95
94 98
49 53
12 19
31 40
66 73
12 17
8 12
37 39
20 26
33 48
70 83
6 16
22 26
58 65
11 15
76 85
86 92
8 30
38 44
43 47
68 70
38 43
41 52
15 24
88 99
56 63
78 83
50 55
55 78
78 90
60 67
10 16
75 89
31 36
32 37
49 58
60 72
54 59
19 51
29 35
58 68
30 35
10 19
93 100
84 87
48 69
21 26
13 20
58 67
75 78
38 56
48 74
88 92
44 69
21 30
42 55
28 34
27 36
22 28
59 70
3 13
71 76
32 38
59 62
36 44
72 97
6 29
43 55
86 92
60 81
76 88
89 99
70 85
9 26
8 24
78 86
82 100
81 98
32 45
54 66
64 71
3 20
34 41
70 88
2 11
8 34
74 80
5 12
7 16
46 64
62 64
62 80
47 56
48 53
2 5
58 65
76 77
6 32
80 93
76 89
63 70
68 77
33 34
35 48
2 18
52 56
28 33
70 80
44 47
55 77
69 75
28 32
72 77
75 83
60 65
13 19
38 47
78 85
37 52
54 64
44 49
30 44
32 36
34 46
17 20
67 68
29 49
70 89
59 64
56 79
53 57
11 16
40 48
43 60
92 98
40 60
74 79
82 94
62 69
48 65
10 20
71 90
46 60
9 21
48 57
19 21
22 33
17 22
21 25
73 79
66 77
40 45
33 38
23 39
64 73
58 62
87 91
74 86
80 82
5 12
25 29
79 100
43 58
31 43
37 44
23 25
32 42
17 23
19 28
62 71
52 60
12 18
69 76
10 26
19 30
4 10
14 20
29 40
73 78
37 44
54 74
15 24
45 51
39 43
24 34
6 21
63 65
65 73
5 9
12 21
65 76
26 46
14 31
25 39
72 87
15 24
21 27
54 62
44 64
46 49
33 38
13 22
42 65
56 61
11 26
87 95
17 46
43 52
11 16
17 37
30 39
70 78
53 65
1 7
52 58
32 41
31 54
39 45
14 52
22 30
37 54
59 63
23 36
46 49
34 43
54 62
79 85
20 41
75 83
38 42
27 42
75 85
74 85
25 32
88 99
62 78
80 88
81 95
56 62
77 87
18 27
86 100
72 83
13 34
37 43
75 88
27 63
67 76
83 91
18 19
58 60
15 24
45 49
20 25
60 63
76 85
30 37
80 100
63 70
46 50
65 82
18 27
38 48
52 63
15 28
63 72
28 42
80 84
41 46
46 57
90 92
41 46
35 45
41 81
48 69
40 56
7 12
56 75
35 38
18 31
9 20
10 33
17 23
61 81
74 78
13 20
16 18
61 80
24 58
1 6
56 70
82 93
87 93
11 20
75 94
29 56
82 92
3 44
61 66
67 72
42 56
8 23
46 49
44 52
41 47
69 95
55 61
68 72
41 70
18 35
53 57
51 67
42 52
51 57
4 12
9 17
7 19
64 80
66 77
33 64
85 92
73 81
68 85
28 39
80 85
80 95
53 84
25 48
82 88
35 43
10 15
67 70
39 54
62 70
77 93
57 74
41 55
71 87
58 78
25 28
39 43
63 67
35 78
30 44
21 38
76 91
32 38
89 96
53 68
27 34
74 86
18 25
92 96
70 82
10 14
62 77
35 53
38 50
23 35
56 59
51 53
20 28
61 66
4 21
48 55
78 94
74 94
88 95
1 15
79 92
22 31
73 83
28 36
93 100
79 92
66 67
81 86
37 43
83 88
43 49
8 27
15 22
59 65
34 48
73 83
82 87
62 69
78 91
14 22
72 78
72 93
44 52
71 86
1 7
7 21
73 82
77 85
7 21
1 15
58 63
58 67
81 100
29 40
42 47
71 81
91 100
17 23
2 14
42 52
64 73
32 50
38 56
35 39
59 63
23 27
37 47
24 29
55 64
90 96
70 83
1 18
14 28
45 69
2 13
43 46
52 59
1 8
62 69
33 44
8 19
3 5
16 25
41 48
16 30
89 97
78 82
41 59
1 24
15 24
33 38
5 13
23 33
20 24
33 43
39 46
25 42
91 97
4 8
59 61
38 53
6 12
39 46
64 68
39 54
29 32
59 67
15 19
86 98
78 87
39 67
25 41
57 68
24 34
53 60
67 70
10 22
60 67
82 88
62 100
1 16
23 39
85 88
44 76
61 72
83 91
13 38
74 79
82 95
21 33
43 52
68 77
77 88
30 43
7 14
67 74
66 86
58 68
55 57
62 67
45 56
25 42
8 25
44 55
82 96
70 73
86 93
75 83
43 63
1 10
43 48
72 98
3 8
19 24
79 83
82 92
16 26
86 100
16 28
62 80
50 59
19 35
71 91
75 93
87 93
85 95
46 51
33 43
69 73
93 97
78 95
63 76
58 68
50 74
7 19
9 12
8 18
54 72
23 28
35 56
70 82
80 84
80 88
41 55
33 44
6 16
64 70
79 83
49 72
45 49
96 99
18 31
17 52
60 66
81 94
34 41
74 80
77 85
60 70
27 45
33 43
62 72
82 95
20 26
56 66
15 20
22 24
29 37
39 44
57 64
37 40
50 60
8 15
60 68
39 46
23 36
90 100
75 86
84 94
37 40
49 59
33 48
74 79
16 20
83 95
93 98
7 31
52 55
86 91
57 66
78 90
23 51
44 54
69 82
39 56
58 69
17 41
48 53
37 43
95 99
49 56
1 10
73 84
22 25
7 23
75 87
13 19
70 74
63 72
6 11
68 80
33 45
38 50
45 74
69 75
63 70
17 23
6 25
6 16
24 26
9 11
88 95
21 35
47 73
53 60
81 88
82 88
67 69
76 92
27 29
16 20
71 82
51 54
84 87
29 38
41 65
67 70
26 58
45 56
17 22
40 43
56 73
30 32
40 50
26 36
51 58
15 30
12 32
10 17
64 78
93 99
4 7
37 43
54 61
88 93
25 40
66 73
50 75
20 28
66 75
24 30
50 61
54 64
24 30
15 30
67 82
88 96
6 16
24 36
8 15
78 86
72 81
13 26
16 26
46 58
69 98
66 75
23 27
48 54
90 94
22 31
24 36
20 26
26 39
69 76
96 99
51 55
23 28
4 10
49 65
25 61
2 7
75 84
61 66
23 31
46 64
88 92
69 73
18 30
26 32
77 94
33 43
46 64
24 42
37 43
1 22
72 78
63 77
55 85
87 94
56 68
33 40
44 49
64 68
42 47
76 84
29 40
17 36
32 38
29 41
57 68
56 66
18 22
28 31
46 57
91 97
11 32
13 24
88 97
54 64
22 46
11 17
16 26
93 97
37 44
66 86
70 84
68 74
38 51
38 60
79 88
9 31
3 11
35 53
10 35
47 54
77 87
92 99
33 56
26 33
27 35
33 42
13 17
74 77
29 43
57 66
50 57
41 55
87 100
45 57
5 24
40 49
24 37
6 11
70 85
11 17
49 57
44 68
33 47
16 22
33 41
71 83
11 16
13 18
16 18
53 80
85 91
41 48
3 23
91 98
52 57
62 68
34 50
44 58
14 41
36 58
11 20
29 51
14 26
44 54
25 50
26 42
2 13
22 38
91 96
19 44
89 99
36 64
12 23
29 49
23 29
52 67
64 71
88 95
11 15
44 58
37 53
81 88
76 78
68 84
11 15
31 62
80 86
27 32
65 77
21 37
49 52
74 79
27 31
22 41
27 34
83 98
44 53
84 92
77 85
57 60
49 55
72 88
18 27
73 76
6 26
68 89
75 82
65 75
53 89
39 51
59 78
64 80
18 25
16 24
57 62
57 64
61 70
19 29
2 3
66 70
73 81
53 82
40 48
14 21
47 85
21 36
67 88
92 95
36 42
51 56
18 25
15 34
51 69
30 34
27 40
42 56
60 66
14 28
69 84
82 88
76 91
51 59
21 40
71 85
66 75
43 46
52 66
8 14
20 39
78 91
35 50
35 42
74 83
53 60
17 20
21 26
39 77
61 67
35 43
98 100
21 25
15 19
50 51
10 21
23 43
36 44
53 67
59 66
27 36
8 38
42 59
2 12
78 97
69 70
5 14
82 90
1 11
7 22
62 71
41 50
63 74
75 95
49 67
60 68
68 95
44 54
69 86
35 55
85 100
16 29
28 38
84 90
46 54
30 47
72 85
13 17
28 39
10 21
71 86
73 81
65 74
61 71
23 28
79 87
63 68
6 11
79 86
53 73
15 26
54 63
17 26
6 22
37 41
4 10
58 69
61 69
61 78
51 61
33 40
28 34
87 95
30 42
53 56
7 21
93 98
5 61
91 96
75 82
8 36
22 43
22 29
73 78
29 38
1 9
82 92
1 22
5 13
48 59
88 92
40 48
78 87
4 12
3 10
22 31
29 40
30 36
5 15
32 36
8 15
59 67
12 23
85 94
73 94
58 63
93 98
34 44
32 42
55 71
63 72
61 68
63 81
37 46
51 77
37 49
54 58
81 94
46 63
71 82
48 50
32 36
29 37
76 83
71 82
89 96
77 87
39 50
53 67
79 97
4 8
56 64
66 73
20 28
12 24
69 76
74 83
76 89
52 58
70 84
93 97
83 87
28 50
52 69
75 87
84 97
65 75
12 20
36 45
47 50
68 74
34 43
60 74
49 52
10 40
52 64
52 59
87 92
82 89
12 18
84 96
54 79
97 99
50 55
14 23
56 64
65 93
68 78
55 57
16 28
71 87
35 43
42 45
55 68
64 68
85 94
34 40
7 19
44 50
58 69
44 50
40 92
23 39
24 36
30 36
28 36
13 20
92 97
53 74
43 59
10 17
14 22
59 72
25 35
56 87
59 66
73 96
67 75
28 34
51 59
35 38
36 53
42 47
52 60
44 49
53 60
14 33
25 30
64 70
65 71
46 59
11 14
8 20
28 64
45 51
31 46
2 17
14 20
56 75
80 89
49 75
12 18
21 35
76 83
78 84
47 57
28 38
67 75
84 87
63 72
19 26
28 36
24 67
85 91
64 72
66 83
55 63
85 95
64 71
28 41
53 69
88 99
64 82
68 78
10 13
13 24
49 68
81 98
65 84
38 44
46 64
94 99
87 98
86 93
57 58
5 41
54 60
23 32
65 75
40 56
93 97
2 12
42 59
61 67
58 66
69 88
79 100
3 7
46 49
53 70
58 76
63 82
49 55
53 60
18 25
32 43
45 48
44 54
23 41
41 70
21 27
12 38
76 86
67 92
39 55
87 96
69 77
25 31
85 90
75 95
72 84
52 57
14 18
55 76
16 42
4 10
4 11
45 56
65 82
3 34
68 86
49 91
17 24
33 43
54 62
88 94
8 24
6 25
17 31
44 54
12 22
61 69
27 33
57 76
3 20
44 51
19 26
45 50
13 27
54 68
35 51
3 13
62 74
44 58
44 57
5 14
57 60
95 96
45 52
50 68
26 45
43 59
43 50
66 84
45 65
44 57
21 25
33 57
61 68
37 40
3 11
10 20
33 36
16 30
3 9
38 75
81 87
37 45
7 10
57 85
79 86
21 25
16 49
73 83
5 12
11 23
67 69
6 13
9 24
92 98
86 97
46 50
59 65
14 25
9 24
9 25
31 39
90 98
22 27
41 48
18 21
49 56
63 74
21 25
69 81
47 49
4 34
85 93
97 99
33 38
38 40
55 69
70 85
59 69
5 24
92 99
75 79
9 23
27 30
91 95
42 68
93 100
34 68
90 97
16 20
3 4
69 85
73 83
56 63
27 36
6 16
64 76
63 75
23 28
84 97
47 91
8 15
2 6
58 63
69 76
25 35
33 40
60 65
60 71
33 37
24 27
34 36
28 31
23 54
74 81
24 32
69 72
65 68
58 76
14 29
46 48
67 74
28 35
38 42
6 29
23 27
4 8
62 71
72 96
69 73
79 82
28 38
29 38
14 27
82 89
67 84
49 75
81 85
68 74
46 56
12 13
69 71
39 53
79 91
69 78
32 34
69 82
42 52
48 53
30 35
2 13
13 31
43 57
56 79
53 79
38 47
10 17
75 79
10 31
2 8
71 79
45 56
33 39
35 40
52 63
9 20
74 83
4 13
63 75
18 27
23 30
63 72
68 81
85 97
22 40
80 83
68 77
7 33
89 100
50 60
70 78
18 36
41 53
28 43
85 91
28 35
33 39
74 79
42 89
28 34
83 92
24 26
66 79
17 23
68 77
69 85
68 80
22 34
14 32
35 41
1 10
44 49
46 58
84 87
84 99
36 53
25 37
23 36
60 72
70 80
26 35
8 19
44 49
53 95
61 78
51 64
33 38
65 68
52 55
17 23
56 65
30 44
87 93
24 55
3 17
11 13
79 84
30 37
75 95
38 66
48 57
46 51
10 35
31 37
24 43
8 15
82 95
70 89
56 66
76 79
16 25
17 27
53 68
20 23
7 26
33 42
17 31
12 20
24 35
35 47
5 12
12 19
84 93
15 25
41 48
31 33
89 96
57 66
1 13
54 56
29 33
68 75
30 61
13 25
62 94
79 86
68 71
33 51
24 32
30 38
19 36
75 82
68 74
77 84
36 41
87 98
66 76
51 66
84 94
21 29
46 67
76 81
26 31
75 88
80 83
85 94
24 40
7 20
43 53
70 74
19 22
67 74
12 16
72 75
62 72
17 27
3 16
22 30
34 41
89 96
72 80
69 79
3 13
72 78
83 91
24 38
8 31
70 81
14 24
21 39
18 38
28 34
15 23
90 99
43 57
24 36
34 46
80 99
73 81
81 85
61 63
51 65
37 45
24 57
88 98
74 81
77 84
26 33
58 70
64 68
2 8
76 85
88 98
59 66
88 100
41 50
11 19
59 64
37 43
49 65
47 60
3 19
18 26
64 69
60 67
12 21
67 70
75 92
22 33
22 39
90 97
37 48
85 91
58 65
36 42
48 54
91 96
77 91
7 23
64 74
1 6
52 82
8 21
48 55
16 31
59 66
89 96
67 85
37 57
74 77
34 46
73 81
74 79
30 44
3 7
23 55
9 17
79 98
26 37
54 77
92 95
80 86
38 50
75 80
17 40
17 34
75 93
27 38
60 75
83 97
89 94
47 57
47 54
66 76
83 94
26 32
14 30
56 63
56 62
37 64
44 59
1 8
57 71
37 42
63 78
28 36
27 59
63 67
49 69
22 26
9 23
30 38
4 14
42 81
29 37
43 61
94 99
78 88
13 14
72 93
28 34
17 23
17 26
43 55
81 89
64 68
4 12
32 60
88 99
49 53
2 8
10 23
10 16
87 99
70 79
63 82
21 31
14 16
87 98
61 74
5 18
21 31
17 22
69 78
35 44
11 38
4 12
58 62
28 46
26 32
52 67
23 39
16 25
72 82
30 35
74 90
82 92
91 99
37 48
11 19
20 48
88 94
66 83
50 67
76 79
62 72
49 54
73 77
39 45
6 20
47 71
82 93
12 18
51 59
83 88
51 91
27 33
37 44
55 64
37 43
4 6
40 42
31 37
34 44
5 20
18 23
30 44
83 89
20 21
12 26
62 69
65 79
41 54
80 86
34 39
82 87
66 87
19 26
24 40
79 81
85 95
14 22
81 93
3 7
79 95
2 12
67 72
83 94
14 25
2 13
62 65
60 64
26 34
3 14
65 73
21 48
77 92
44 51
67 78
11 24
59 70
37 57
87 94
44 61
61 68
12 26
56 70
52 56
28 34
12 16
32 59
66 79
59 70
10 21
42 66
19 34
4 14
63 72
5 8
65 77
20 26
82 95
25 28
43 46
86 91
37 66
68 75
49 57
7 13
74 97
28 36
70 77
53 59
5 7
23 29
73 86
13 22
8 23
3 13
96 99
71 74
74 80
79 90
6 21
90 93
61 69
53 62
12 20
19 31
52 59
14 50
37 52
67 80
93 98
46 65
78 86
67 75
44 49
64 76
34 46
59 75
73 77
46 67
21 42
74 81
66 72
76 78
43 50
70 74
54 58
70 76
14 19
43 62
49 61
71 99
28 35
80 82
77 84
13 27
70 86
22 53
71 96
6 15
60 78
19 30
7 16
8 11
75 89
26 30
37 49
31 44
55 61
25 36
87 98
21 25
94 100
28 34
90 97
85 89
39 57
55 65
96 99
70 87
53 65
3 18
52 55
51 61
44 52
26 48
65 74
11 13
33 39
69 72
89 92
32 42
18 20
4 11
38 43
19 21
5 14
58 62
46 57
20 46
4 14
87 94
30 34
36 47
8 22
73 95
77 89
60 66
14 18
76 81
36 41
78 80
17 28
7 16
82 88
53 62
9 25
75 88
55 68
72 85
60 66
12 29
53 74
21 43
55 58
47 59
54 57
68 77
70 80
26 41
3 12
20 33
55 59
8 29
73 80
83 95
33 42
43 60
44 54
87 97
27 34
41 52
85 96
86 98
84 92
58 69
79 84
37 59
18 24
79 86
65 76
23 32
15 20
46 50
48 54
80 86
38 41
7 19
17 27
83 95
89 94
64 74
1 3
2 14
70 82
9 17
41 45
50 59
62 70
89 96
46 65
9 17
83 87
22 40
72 78
63 85
42 44
30 33
13 37
58 75
7 8
50 56
67 88
12 17
31 34
26 64
44 46
38 52
18 30
35 44
82 86
18 38
86 99
75 84
23 26
78 81
3 13
31 43
8 28
37 42
13 32
52 72
24 32
82 97
18 23
53 77
7 16
5 8
46 59
71 78
88 94
21 25
91 92
30 36
33 37
57 84
27 32
60 67
65 69
91 100
28 38
94 96
64 67
61 69
38 47
56 75
44 99
30 39
59 80
11 15
15 30
79 90
31 38
43 51
71 83
14 24
33 60
41 44
4 14
13 36
68 79
15 24
42 55
24 29
23 31
56 61
33 43
32 37
19 25
20 28
66 70
85 93
43 55
82 90
4 7
35 40
88 94
76 84
42 46
48 53
56 59
23 41
50 75
35 40
72 77
8 13
11 33
83 91
76 81
35 45
18 24
64 67
19 23
61 66
82 91
28 40
63 72
38 51
79 95
79 94
39 45
68 80
81 93
58 71
66 80
45 55
48 63
20 24
52 60
91 94
26 35
51 66
23 56
82 95
58 70
81 87
4 13
55 79
39 53
63 79
76 92
27 34
80 84
47 85
22 29
62 73
84 91
60 67
81 85
14 29
4 16
23 30
5 22
16 31
37 61
1 9
17 65
75 84
65 73
74 88
19 34
32 40
14 22
40 47
1 25
58 67
86 92
63 94
51 57
22 32
32 44
59 71
15 21
32 41
83 91
11 21
51 64
69 75
41 50
72 75
2 6
78 83
15 21
42 49
36 52
64 77
34 63
47 63
80 87
7 15
80 87
77 86
21 29
39 48
45 62
3 18
19 47
26 33
12 18
94 99
67 73
80 99
49 59
40 48
64 68
74 98
2 37
76 95
20 43
46 62
49 74
37 56
22 26
72 90
53 67
58 85
85 90
28 33
94 100
33 35
38 46
30 40
89 97
50 66
12 28
54 65
35 39
33 42
47 61
62 71
42 50
44 53
48 50
55 61
6 8
42 66
32 53
19 37
40 44
12 42
54 98
37 41
15 26
59 66
74 79
6 17
89 95
20 23
29 44
58 68
8 16
58 62
37 49
27 47
27 33
11 25
24 29
65 69
9 34
24 32
19 25
33 38
49 62
15 21
65 79
88 97
36 44
46 51
58 67
80 83
30 37
59 80
84 93
74 88
1 4
74 84
20 27
46 58
22 27
39 59
2 10
40 65
56 66
73 90
24 48
39 52
87 92
37 49
10 13
5 10
53 67
21 31
48 52
44 61
47 60
65 82
41 54
64 72
9 19
73 88
10 21
23 41
48 51
2 9
76 88
12 35
37 55
18 39
5 12
60 69
24 27
27 42
76 87
17 24
57 72
62 77
41 55
65 75
38 46
25 35
73 87
5 15
12 18
94 96
72 81
52 60
90 95
62 68
9 25
65 71
52 59
42 45
50 60
47 54
71 98
94 96
7 13
5 24
30 73
71 76
50 53
21 31
31 39
75 82
91 94
61 78
73 91
66 81
54 68
10 13
69 80
41 50
35 47
68 71
67 86
69 73
25 40
48 97
12 24
37 49
59 73
36 56
69 94
13 23
96 100
26 55
77 98
26 34
66 72
38 46
57 68
64 66
70 76
95 99
42 52
29 32
55 62
4 8
12 17
27 32
46 49
58 69
51 56
71 83
47 58
74 92
10 18
52 60
77 96
88 93
4 27
7 17
84 88
41 49
61 71
71 95
3 31
78 92
24 30
66 76
71 83
32 45
8 18
9 24
21 27
32 43
36 45
17 37
84 88
77 88
51 59
51 70
80 89
22 35
60 62
66 80
55 83
35 39
11 19
69 87
75 89
55 67
60 67
10 14
73 81
6 18
29 33
49 64
32 36
26 39
35 42
5 22
78 85
28 37
49 54
53 56
24 27
31 32
20 30
52 73
77 90
26 35
69 73
68 78
44 51
54 67
65 71
25 29
7 18
31 42
1 30
74 77
77 87
40 44
54 61
11 27
20 49
64 68
61 69
41 57
6 23
26 32
83 92
45 58
6 12
51 83
40 57
48 57
32 39
65 76
14 29
28 77
39 45
22 31
36 50
30 51
75 97
9 15
53 58
21 27
26 49
1 14
64 73
21 25
86 93
91 95
80 84
39 60
25 35
35 53
47 52
90 93
46 57
25 41
68 77
20 26
60 64
40 50
13 23
38 46
8 12
38 40
27 40
55 63
31 41
34 38
12 28
43 51
54 68
47 48
74 82
48 54
54 86
56 65
48 64
38 51
54 70
9 14
71 81
34 41
89 95
77 96
60 71
39 46
22 55
10 15
67 83
32 63
22 37
66 89
43 59
44 68
79 84
7 14
51 54
77 87
29 39
35 51
93 100
53 64
10 14
69 82
62 65
43 55
26 35
92 98
71 76
64 73
38 50
69 77
22 30
2 10
59 64
19 21
25 42
56 67
30 38
16 35
53 74
68 75
24 84
83 93
62 76
45 51
3 29
24 33
74 82
73 86
19 52
32 54
88 95
55 63
21 38
65 69
12 19
62 80
79 92
33 35
37 61
39 43
74 78
32 47
79 87
70 74
31 43
51 57
36 49
36 39
12 18
47 57
26 30
10 41
48 55
77 85
7 14
74 87
34 48
1 8
52 60
63 72
40 48
69 71
52 60
15 25
74 80
53 70
88 96
38 45
71 75
93 100
60 90
42 50
55 81
76 79
56 74
57 72
57 87
71 80
4 24
37 41
21 31
30 35
56 65
9 11
70 71
14 29
31 38
46 71
76 85
75 84
90 95
23 33
54 62
92 98
70 77
26 38
37 56
63 81
39 46
82 98
17 28
40 45
44 55
27 32
68 74
36 44
15 25
81 94
21 36
19 27
35 53
5 15
82 90
80 83
70 74
18 44
79 97
20 26
50 74
46 52
77 96
77 98
53 73
84 91
85 89
15 23
6 16
19 24
83 88
85 99
88 97
17 18
86 91
59 72
45 65
85 100
31 33
50 60
47 66
33 40
12 16
33 48
78 85
21 34
19 31
79 94
69 82
58 61
32 47
33 57
84 96
42 50
20 28
85 96
16 32
36 44
6 9
44 48
38 44
91 98
31 33
44 55
73 80
31 44
38 52
46 54
16 30
49 53
17 21
38 41
89 96
81 89
82 93
43 53
58 65
51 59
38 41
49 57
82 93
86 95
12 19
71 79
41 49
79 92
47 61
39 48
63 72
67 84
39 41
22 36
59 77
21 33
57 70
37 49
41 70
28 35
11 19
23 29
70 85
77 81
9 15
13 23
7 20
68 76
25 68
70 99
35 46
20 22
66 76
50 57
39 52
33 38
11 22
41 76
83 96
39 50
12 24
8 15
48 55
81 88
83 92
85 94
55 61
79 85
11 17
69 71
14 44
34 49
18 41
64 71
49 53
30 39
43 47
84 90
6 14
29 41
19 29
62 75
44 52
80 94
18 30
52 68
13 30
15 24
83 100
11 34
35 41
58 61
42 49
46 53
8 18
6 10
6 21
26 86
74 86
51 57
19 30
31 36
10 15
33 57
42 48
11 26
23 25
31 49
15 25
45 52
83 91
39 48
10 22
50 61
64 75
81 87
70 77
22 28
28 55
13 32
93 99
58 61
39 48
19 37
32 36
48 51
57 65
21 89
65 78
76 82
76 92
2 14
35 40
79 87
58 86
8 15
64 68
33 39
48 54
35 43
76 81
58 66
80 94
5 15
25 75
31 38
45 62
83 86
36 45
79 93
69 74
28 40
5 9
60 70
58 67
39 80
52 66
49 58
54 70
27 32
89 98
17 26
49 71
73 81
61 83
42 50
29 35
20 44
72 80
43 64
23 51
64 78
31 43
57 75
6 32
51 70
44 47
34 46
8 17
4 11
25 35
36 48
32 38
16 25
91 98
10 22
82 84
89 99
17 26
55 77
52 66
66 88
88 95
77 81
50 57
24 52
9 15
27 31
44 49
62 79
42 64
20 25
9 34
55 74
90 99
61 65
10 65
37 45
92 94
37 48
3 18
65 75
24 29
75 86
61 72
15 20
58 78
19 27
28 36
91 96
9 14
80 85
48 59
79 84
46 48
2 37
83 91
49 58
78 90
1 3
39 55
36 41
55 58
57 59
13 30
3 19
38 43
68 82
98 100
26 38
18 31
70 75
4 13
15 30
54 59
87 93
35 41
13 46
10 12
36 56
38 52
77 82
40 48
2 12
49 59
25 40
53 58
27 32
54 60
45 58
55 58
29 32
73 86
88 98
82 94
39 62
40 49
78 95
77 95
36 38
55 63
66 73
34 49
57 68
81 89
75 96
1 7
84 94
31 39
75 78
49 74
2 10
83 88
45 55
63 81
74 79
56 65
34 42
87 97
5 11
38 44
75 93
14 17
23 26
16 38
6 11
28 37
81 94
61 66
11 15
22 24
39 64
11 42
42 53
80 87
64 68
33 39
77 80
16 42
32 45
2 11
6 13
96 99
75 84
18 21
45 65
81 92
48 62
18 32
80 83
64 74
81 100
79 82
14 17
63 67
64 73
44 52
71 74
64 76
2 20
17 33
41 47
4 15
4 16
8 15
4 7
73 85
77 90
39 43
56 81
92 94
61 66
76 81
5 10
63 72
61 71
78 85
34 49
16 18
32 37
38 48
36 45
11 15
84 93
66 85
71 73
15 23
35 41
41 48
48 50
18 25
20 34
16 23
91 96
15 28
22 28
24 31
31 73
28 34
78 87
88 99
44 47
9 32
80 88
28 33
66 74
67 71
10 17
82 97
37 49
85 95
24 41
5 9
70 81
6 16
22 27
3 19
24 28
74 84
43 50
21 28
54 61
21 24
83 91
52 59
78 99
95 99
69 87
86 91
72 81
66 69
40 47
21 28
83 95
81 98
79 83
87 89
35 42
37 53
78 85
45 53
30 48
37 48
66 73
22 31
27 40
39 56
65 72
38 43
25 29
10 23
64 73
24 93
15 21
38 59
54 59
21 26
4 21
7 20
19 25
22 41
23 33
74 98
69 84
30 46
17 40
38 47
29 55
20 31
66 78
51 61
50 58
24 35
85 87
5 18
85 94
32 43
69 79
47 50
37 42
12 63
48 66
61 66
22 34
37 44
70 76
13 21
2 8
13 28
82 91
25 38
95 100
33 37
64 70
36 42
17 26
17 32
20 29
4 15
80 97
82 98
33 53
80 88
52 68
37 43
13 21
15 29
8 16
78 85
67 71
37 51
62 68
78 86
27 48
81 88
86 95
45 53
31 42
35 42
28 33
38 48
15 32
60 68
79 85
93 97
20 37
26 33
6 27
35 37
32 39
40 47
15 29
80 94
21 27
69 83
75 97
43 52
17 19
44 66
58 79
25 27
1 38
50 55
9 22
7 14
24 36
28 41
13 14
94 98
8 19
15 24
32 40
80 84
30 37
4 13
84 95
53 60
49 60
49 58
58 60
29 47
41 54
54 70
75 99
13 23
70 80
79 98
3 24
38 42
60 82
53 59
29 41
76 87
7 12
15 21
84 89
41 46
21 24
2 18
46 66
62 83
90 100
78 82
71 81
76 87
50 67
3 10
69 75
17 27
50 73
59 62
51 64
46 50
7 23
19 23
29 39
61 67
56 67
85 96
50 65
15 16
70 90
62 66
62 74
24 29
8 15
7 13
56 68
23 30
6 23
18 30
58 67
50 56
17 25
72 86
69 74
58 68
14 24
84 90
61 90
57 67
52 62
68 82
38 49
57 64
5 22
9 19
53 78
7 19
60 67
48 72
66 78
62 70
81 96
4 13
26 32
26 41
52 57
12 19
27 43
67 71
9 21
48 58
96 100
27 35
48 94
18 23
13 16
21 30
65 79
46 68
46 60
81 96
9 13
19 26
56 65
52 58
91 99
3 19
6 19
80 84
58 64
14 24
62 77
24 31
18 39
12 14
36 40
82 90
41 55
22 46
36 46
4 11
82 93
74 85
48 59
79 90
78 85
79 86
70 91
1 23
51 61
56 66
13 19
18 24
7 27
49 57
66 89
11 15
45 57
91 98
55 64
28 31
34 38
59 79
63 74
56 62
57 73
42 59
46 55
66 86
44 48
67 84
7 16
47 64
22 35
50 57
29 39
76 78
45 49
47 81
53 63
48 65
7 19
62 68
12 19
6 13
34 52
20 45
37 62
33 43
43 54
4 20
47 58
71 82
24 27
79 88
37 45
70 74
32 39
31 47
86 92
12 20
90 92
71 83
24 33
41 51
7 13
55 93
8 19
63 71
12 21
31 38
42 45
34 42
74 77
38 49
58 60
41 51
51 57
12 19
7 13
47 67
70 71
28 38
73 85
74 85
78 81
33 39
18 23
71 76
46 52
69 89
29 42
85 87
62 69
84 97
17 45
53 68
38 52
61 65
60 69
65 69
55 73
62 73
38 48
19 29
63 73
62 95
80 93
14 23
14 23
58 69
7 13
87 97
46 66
95 100
24 29
3 17
12 23
39 52
58 77
20 25
79 82
27 33
7 37
54 63
62 82
30 34
65 72
18 27
52 68
49 63
94 97
41 60
54 73
45 53
70 79
87 93
8 17
32 51
43 46
97 99
41 46
37 54
38 44
6 12
22 42
63 75
65 80
76 84
90 96
7 18
73 79
41 52
57 66
65 69
15 23
77 84
8 15
87 100
42 46
36 41
44 48
46 53
34 42
27 39
20 35
12 30
56 62
86 90
63 70
8 18
85 91
36 49
51 66
23 32
48 52
61 71
6 10
11 19
76 92
42 52
5 10
68 88
6 9
78 89
20 40
72 78
84 98
13 26
1 9
70 79
16 32
86 95
4 11
74 76
56 64
83 93
31 60
38 67
45 56
57 69
31 37
95 99
54 58
74 78
20 25
1 6
39 66
68 75
25 41
26 27
91 99
70 76
25 35
46 49
51 58
62 67
56 60
69 83
27 36
91 97
5 19
32 39
58 63
38 44
52 66
37 46
55 61
31 55
63 69
10 27
25 28
30 58
49 53
42 54
16 23
38 59
12 27
40 45
59 89
50 59
56 64
49 53
64 72
76 87
11 29
60 80
28 51
61 64
25 39
12 20
11 16
45 53
5 18
41 49
50 52
39 44
11 22
32 37
5 17
11 19
91 95
64 71
33 49
7 14
22 31
29 47
71 87
31 41
76 96
80 96
9 14
68 74
29 36
57 78
38 50
36 44
40 49
58 63
31 46
20 29
21 48
48 57
71 84
62 71
77 83
2 11
65 71
31 43
29 34
72 82
1 14
50 56
12 22
62 75
1 2
42 47
12 24
82 100
86 90
84 93
71 80
18 40
51 87
48 89
40 55
15 26
5 16
15 27
78 93
3 29
46 51
5 23
15 27
13 21
24 31
3 11
6 16
28 35
30 41
53 68
76 89
24 48
6 19
28 34
56 67
13 26
42 53
32 37
18 37
29 36
7 19
70 77
4 14
11 28
45 51
88 98
20 24
26 42
2 9
87 94
62 70
52 61
50 64
10 13
30 43
89 95
76 85
32 40
9 37
88 90
89 92
10 23
28 43
62 69
78 84
86 98
57 69
52 54
6 25
8 19
66 74
30 35
36 39
23 28
73 85
2 11
76 89
67 72
28 35
77 91
84 93
47 56
13 17
50 55
19 31
29 40
14 27
95 99
88 98
62 79
45 52
81 97
53 64
57 90
48 54
32 39
42 44
59 63
35 41
7 19
30 42
71 83
5 23
7 13
84 90
26 39
11 17
4 11
24 33
67 73
28 33
17 25
53 81
48 58
35 45
88 96
65 72
75 82
40 53
60 67
38 61
15 24
15 19
6 16
91 100
14 41
81 89
55 65
16 25
26 31
51 65
34 35
11 18
69 77
11 15
70 73
54 71
67 74
63 69
20 34
92 100
51 60
2 11
16 24
27 45
2 9
52 57
76 90
15 25
80 85
2 10
12 24
56 60
76 88
4 20
58 65
95 100
39 56
55 71
9 19
33 36
2 6
73 84
28 33
29 38
12 26
34 49
92 95
41 54
9 19
24 36
60 89
1 7
38 47
27 31
53 58
43 56
72 90
53 57
54 62
5 29
44 52
36 41
7 20
30 33
1 9
78 83
4 16
41 45
31 35
26 39
11 16
9 15
93 97
52 70
80 99
12 21
61 76
61 75
91 97
73 77
51 61
28 57
22 29
21 37
18 23
64 72
10 22
8 41
77 93
83 88
15 43
2 20
72 78
20 23
55 69
15 28
5 33
70 86
50 59
19 35
84 90
42 56
62 75
66 83
12 27
31 36
59 74
19 25
28 56
20 29
45 55
13 27
47 50
81 90
70 84
34 44
37 50
29 40
17 22
65 77
45 53
67 80
17 29
47 53
49 64
14 26
71 78
28 41
57 70
20 23
36 38
76 84
12 15
12 19
77 88
73 77
41 44
88 96
86 96
10 47
22 57
71 77
21 29
58 68
17 31
44 51
88 93
32 41
47 57
15 26
33 42
90 98
22 39
45 50
81 99
54 71
27 34
52 93
25 30
6 14
26 31
15 24
52 65
89 100
69 71
63 81
82 95
23 34
28 33
53 87
7 24
29 38
13 18
9 17
36 48
2 18
80 89
36 49
21 34
30 32
53 64
81 89
11 18
37 43
82 86
72 79
41 52
48 58
12 62
9 14
81 86
66 73
20 27
34 72
13 32
66 73
88 97
61 97
69 80
45 59
52 65
31 39
36 44
18 25
57 67
71 81
33 40
83 91
44 50
82 85
53 66
27 36
74 78
15 18
11 17
67 71
64 71
58 72
41 57
40 59
80 92
4 16
5 12
68 84
37 46
36 51
82 86
12 19
52 73
20 41
16 22
10 12
1 13
21 25
1 8
48 57
80 94
28 34
7 36
39 86
38 41
70 85
79 88
59 69
58 72
81 93
1 17
30 47
76 91
26 39
18 25
59 63
75 87
31 43
48 55
31 49
84 89
88 100
11 14
39 72
4 13
15 24
71 83
33 41
53 56
59 68
21 25
31 50
16 22
70 85
47 68
22 26
35 43
85 98
15 42
28 42
70 86
26 50
61 69
22 28
36 43
76 94
15 21
19 23
2 7
39 46
1 11
25 57
18 34
2 9
89 96
40 49
57 67
82 94
58 64
16 20
50 58
57 70
87 96
1 6
32 50
35 42
71 79
33 51
45 64
29 50
30 87
82 89
61 100
5 23
75 85
57 64
66 73
40 70
78 96
59 83
74 87
68 80
19 24
68 86
38 94
64 71
3 10
72 75
70 78
53 61
8 19
78 94
35 38
64 68
20 42
57 92
71 92
9 18
46 59
81 88
56 74
87 94
84 87
84 89
16 21
4 22
63 79
63 78
42 47
26 30
93 99
66 72
73 88
57 60
59 84
9 14
63 76
40 43
10 20
58 68
38 59
68 73
45 49
11 26
53 92
25 37
40 52
67 80
14 28
96 100
14 17
90 100
45 59
76 85
50 54
30 37
3 18
68 79
11 17
39 48
2 15
52 78
1 6
33 39
35 45
70 79
52 88
85 93
27 37
46 54
91 95
46 54
8 11
44 55
65 73
63 75
13 30
82 99
6 9
48 60
73 84
78 84
45 59
79 93
52 61
13 18
83 91
69 81
72 84
11 36
59 71
64 72
38 49
76 87
4 8
56 59
49 58
78 83
65 91
34 38
38 48
53 63
71 74
43 53
86 95
13 17
47 56
38 52
22 31
14 17
9 20
40 45
79 90
79 87
58 65
71 80
20 29
96 100
69 75
47 77
5 11
23 33
42 51
82 91
6 19
2 10
18 31
15 26
96 100
14 22
32 47
39 45
73 82
37 47
56 99
76 94
68 70
39 52
14 25
17 24
66 77
1 8
74 80
81 87
6 21
55 63
15 17
49 59
8 13
70 80
