100 20 20 2
00000000000000000000
00000000000000000000
00000000000000100000
00000000000000000000
00000000000000111000
00000000000000000000
00000000111000000000
11111111000001000111
00000000000000000000
00000000000000001000
11100000000001000000
00000000001000000111
00000000000000000000
00000000000000000000
00000000001111000111
11100000000000000000
00000000000000000000
00000000000000000000
00000000000000000000
0001000010000010000
0001000010000010000
0001000010000010000
0000000010000100000
0000000000000100000
0000100000000100000
0000100000000100000
0000100101000100000
0000000001000000100
0000000001000000100
0000000001000000000
0000000001000100000
0000010000000100000
0000010000000100000
0000010000000100000
0000010000001000000
0000010000001000000
0000010010001001000
0000010010001001000
0000010010001001000
5220
45 54
67 81
14 22
67 72
69 81
14 19
22 40
74 79
35 38
54 71
55 57
34 59
61 87
52 55
49 82
44 62
55 70
54 59
74 78
80 91
47 57
32 41
41 58
47 63
57 64
58 68
12 17
73 87
8 18
9 22
84 95
23 54
71 78
45 54
86 91
54 72
17 31
92 97
46 57
15 33
71 78
70 89
59 84
14 24
51 57
39 55
81 86
8 11
61 97
21 27
11 20
53 65
16 24
38 47
79 95
27 45
16 26
65 70
11 23
3 34
80 84
9 23
23 33
10 17
30 45
6 12
19 25
46 55
53 57
87 95
49 58
75 84
25 49
24 33
72 76
64 68
54 62
24 38
27 35
38 56
28 48
5 10
73 86
29 41
34 41
57 83
27 39
54 67
44 70
48 56
1 16
86 91
84 88
72 86
44 53
4 22
29 39
65 81
43 48
40 48
80 90
35 45
87 94
5 26
61 67
81 84
64 75
38 45
72 93
39 56
6 11
13 20
38 42
32 38
72 82
77 85
76 80
81 86
72 80
80 85
81 97
47 52
31 40
75 85
28 39
18 32
64 83
59 61
2 10
25 29
42 49
78 83
73 86
8 14
17 33
48 61
22 55
82 89
56 60
74 87
91 95
10 12
80 83
21 35
49 52
65 86
72 79
46 62
70 83
10 19
65 79
36 43
3 39
74 82
69 84
21 37
61 63
76 79
77 85
68 77
52 71
50 61
2 13
13 25
78 98
32 36
60 67
10 12
90 98
6 13
19 36
39 45
20 34
4 16
87 89
48 57
1 15
15 28
56 70
30 36
44 50
84 88
33 38
16 24
36 39
26 31
75 78
31 36
51 57
27 33
24 44
62 99
79 94
19 36
64 73
4 19
41 44
40 52
26 28
40 43
88 94
61 71
66 68
76 84
58 64
56 67
35 42
84 99
35 38
1 11
19 27
86 89
82 89
75 88
3 9
5 26
78 86
31 38
65 70
34 38
83 92
22 54
21 27
37 43
75 84
19 31
40 58
12 17
15 19
93 99
90 97
5 17
33 37
60 71
13 27
6 14
3 14
80 90
14 20
12 37
12 35
13 36
42 48
20 59
60 65
32 37
24 36
70 85
14 37
36 42
78 97
28 34
61 65
89 95
17 31
1 6
46 78
16 21
7 12
3 20
25 39
30 48
11 20
18 24
18 22
53 76
75 83
54 60
34 39
39 61
79 99
82 84
46 48
51 57
41 66
85 93
30 46
73 89
92 98
79 89
47 60
66 75
68 93
35 59
70 85
12 24
2 12
47 53
42 49
18 62
26 45
42 50
7 10
36 45
18 23
18 19
10 17
93 98
41 51
15 36
67 72
51 67
71 77
53 69
32 38
36 47
71 81
68 84
23 33
45 66
54 73
19 25
35 45
8 20
39 56
29 40
16 29
86 91
48 90
6 13
40 72
9 16
51 56
15 21
14 28
78 90
59 74
63 69
58 65
8 19
87 93
20 23
92 97
38 41
27 32
27 54
13 26
70 83
43 80
70 77
53 57
65 69
14 21
52 64
65 75
42 57
90 97
22 34
5 13
2 18
73 82
70 74
35 46
72 86
16 35
26 33
37 45
32 48
64 69
45 53
57 59
47 51
12 21
63 68
46 66
37 50
86 92
59 70
67 75
79 88
57 64
57 72
10 33
25 48
11 21
15 32
46 96
8 26
29 62
43 71
59 69
75 98
29 44
34 37
11 31
11 20
86 91
85 89
56 61
40 59
74 84
77 86
54 59
33 49
45 59
48 53
21 31
29 35
26 37
26 32
65 84
61 68
38 57
11 28
88 92
71 79
22 48
26 42
57 65
30 46
12 16
53 69
77 80
3 10
81 93
52 64
61 68
17 44
65 74
11 19
33 42
55 60
33 45
11 27
34 40
16 33
94 98
32 39
41 45
32 49
76 84
45 53
7 13
56 74
17 24
1 4
38 50
76 95
26 33
46 49
17 34
82 86
52 63
91 96
8 20
72 76
55 66
58 61
19 29
33 40
54 64
20 22
24 27
35 40
82 88
31 36
53 62
14 30
55 79
44 50
20 24
12 26
38 50
58 91
18 34
2 19
17 23
68 87
61 79
28 36
26 38
7 13
3 5
87 93
49 77
20 25
57 78
3 9
36 42
39 42
68 70
68 77
42 59
65 88
16 24
80 87
57 96
46 57
37 43
66 73
88 97
25 43
22 32
49 52
82 97
21 31
55 79
79 85
28 42
18 26
87 98
60 64
47 66
6 25
12 19
54 62
72 76
55 99
15 28
64 73
19 47
63 75
67 72
36 44
31 48
37 43
51 56
14 20
1 13
12 24
67 75
60 61
32 44
59 62
71 79
70 83
15 20
14 34
46 57
26 36
38 48
7 13
6 30
76 88
49 53
54 62
10 22
37 79
1 46
65 84
94 99
56 60
57 59
55 71
17 24
9 13
69 71
61 73
25 35
69 75
26 44
44 53
6 28
39 47
52 68
65 72
24 33
42 47
44 53
26 33
44 57
65 91
28 34
40 45
42 54
18 26
1 18
48 60
52 65
3 4
5 27
6 12
5 29
27 38
33 41
47 74
90 97
32 56
24 38
7 39
53 57
89 92
88 97
61 65
13 56
5 20
20 28
48 56
40 52
10 20
29 32
92 93
52 55
25 30
51 64
36 44
82 92
1 4
75 93
73 81
31 37
55 59
18 30
26 54
70 76
86 97
50 57
6 35
23 48
2 13
47 64
6 13
10 18
11 37
78 91
68 80
90 100
30 39
55 62
64 69
3 13
45 73
9 18
17 19
34 39
39 43
28 38
32 35
66 75
79 89
14 24
70 80
4 7
83 89
72 86
2 14
16 22
58 77
71 85
24 29
85 94
28 33
45 71
46 52
22 92
27 37
29 43
26 31
38 40
52 66
79 83
80 90
66 72
39 51
4 24
54 64
70 79
22 27
53 70
37 41
31 37
12 25
77 89
81 91
34 41
26 32
78 96
27 34
53 74
82 88
90 95
45 57
49 67
88 93
67 72
61 79
94 100
95 100
15 32
7 26
54 62
10 17
28 33
85 98
80 100
76 87
78 100
59 66
35 49
11 34
81 86
48 61
41 57
14 20
44 51
46 59
58 63
32 36
65 77
44 49
61 73
15 30
44 61
31 40
78 85
16 27
15 27
56 82
43 48
21 30
73 92
53 66
1 7
1 10
84 89
14 26
96 100
16 38
13 19
24 37
10 30
18 32
2 15
64 70
6 10
75 78
15 29
80 96
5 27
25 53
3 26
89 95
73 80
89 98
45 50
87 97
19 33
80 97
20 29
18 29
5 12
81 84
40 54
56 64
27 28
83 89
45 59
12 17
82 99
19 32
2 22
92 97
9 19
38 43
39 43
78 79
60 70
33 50
18 37
7 15
13 51
41 47
19 30
78 87
65 98
22 28
74 87
52 71
71 82
23 46
11 21
4 22
28 41
38 57
16 24
94 99
55 71
27 31
29 36
56 62
18 20
64 76
30 35
35 43
4 10
29 42
16 21
94 100
34 44
70 80
39 58
53 66
28 48
61 69
90 93
7 13
62 81
47 51
58 70
11 26
31 33
9 23
52 71
23 37
55 68
86 89
79 93
87 95
32 40
34 53
49 62
17 24
42 51
60 67
94 98
68 83
16 25
63 71
78 88
58 66
59 72
11 17
82 87
47 48
88 99
1 6
50 60
77 85
53 55
86 96
5 8
77 83
87 99
61 68
22 32
16 34
41 52
75 78
22 28
63 79
77 84
85 98
58 67
4 15
95 100
25 32
3 4
6 17
87 99
21 35
40 54
5 13
70 89
61 81
53 58
50 62
15 52
8 15
37 48
84 90
74 77
46 54
78 87
38 65
26 35
41 47
50 59
82 95
37 42
54 68
33 49
90 98
79 85
63 75
22 29
86 98
63 77
89 93
7 18
1 6
66 82
85 93
12 26
57 79
61 67
59 69
30 54
2 13
29 32
73 88
9 19
70 78
44 47
26 29
27 34
44 56
75 86
61 71
19 25
29 38
61 87
31 34
27 50
87 91
21 60
29 78
80 95
58 62
35 42
72 76
29 53
74 81
66 89
17 20
20 24
54 63
55 59
50 56
33 40
62 77
44 55
58 64
56 78
78 94
81 94
74 91
89 93
71 77
71 79
50 68
57 66
74 75
1 17
17 23
50 68
81 87
5 31
56 72
5 14
2 5
17 42
17 21
29 40
58 76
19 24
66 77
22 30
69 72
41 46
23 34
22 27
10 16
28 38
16 22
33 38
18 34
15 27
54 59
16 23
18 49
29 34
76 85
8 19
10 22
39 45
24 27
1 16
84 93
23 31
34 40
67 72
33 51
11 16
36 42
18 25
5 14
2 8
43 47
20 41
50 64
53 58
75 87
47 52
75 93
26 33
3 18
32 46
39 44
60 71
43 56
78 86
90 97
45 66
53 78
14 26
23 36
60 69
61 67
58 80
84 90
13 18
77 82
81 88
67 70
55 64
79 86
29 43
84 87
84 91
19 24
18 50
79 91
91 98
31 38
51 56
2 21
4 12
86 92
9 13
65 80
1 12
43 51
81 82
53 60
60 64
78 91
43 45
38 55
58 76
56 59
3 16
86 89
16 29
87 97
17 24
45 55
29 36
28 33
91 99
18 49
26 38
12 17
68 74
30 33
18 27
83 94
56 59
88 94
74 93
32 48
17 32
48 59
71 80
19 36
44 55
12 24
17 25
66 78
38 41
85 95
24 33
59 68
20 66
97 98
4 9
10 41
65 86
68 79
37 41
48 57
21 32
13 23
77 90
66 79
37 50
2 19
50 56
59 63
56 70
74 80
34 40
85 91
74 85
73 83
66 72
75 83
60 67
20 28
51 63
44 49
14 25
53 62
61 81
7 13
77 86
94 99
41 47
27 30
45 60
62 72
41 48
2 13
25 28
84 91
24 41
92 95
34 37
13 15
21 33
17 25
10 17
37 53
79 87
91 100
55 65
24 29
34 42
56 60
14 36
82 86
8 18
45 51
59 70
74 82
35 41
35 46
2 9
35 41
19 22
42 62
3 11
83 99
5 10
61 70
1 6
47 59
80 89
38 46
33 46
54 57
42 48
62 70
42 54
35 50
38 48
5 10
46 84
28 31
39 43
80 82
76 83
62 73
28 36
29 40
47 59
30 39
57 80
28 47
29 35
17 19
24 30
72 76
37 39
31 41
93 99
61 68
2 16
45 55
55 61
67 78
69 77
40 51
7 25
44 64
45 51
27 39
60 66
75 96
81 88
9 11
97 99
3 12
39 42
24 65
54 58
56 74
39 57
49 51
4 13
1 5
84 96
24 30
65 75
10 16
14 23
70 75
51 60
6 32
72 78
40 66
59 63
38 52
1 11
85 92
78 81
38 52
70 80
43 46
20 28
28 36
14 49
55 58
20 28
34 47
51 68
61 69
21 33
56 68
69 83
74 80
26 39
43 50
58 61
35 43
40 45
83 87
40 45
30 33
4 16
73 80
42 57
86 97
41 53
25 34
45 60
21 26
9 60
18 32
31 46
17 24
40 55
82 93
50 61
95 97
64 71
73 77
78 88
56 65
84 91
47 63
32 53
4 6
45 49
14 21
1 10
54 68
35 42
45 54
60 82
72 79
61 78
85 98
77 86
14 20
61 74
93 96
71 76
34 41
89 94
59 74
14 27
39 46
66 71
44 51
25 41
23 34
67 83
83 89
62 71
45 53
12 18
58 73
20 31
26 47
58 62
90 100
8 13
23 34
83 87
33 40
75 79
62 67
74 93
9 31
18 30
24 27
57 68
43 47
65 75
4 6
79 91
49 69
11 19
87 89
67 76
46 50
48 62
50 57
59 61
20 37
45 58
81 96
66 75
7 25
79 94
80 87
89 95
81 90
14 24
65 76
63 90
43 52
94 100
63 75
1 13
49 56
70 82
41 54
6 10
25 42
20 25
76 79
63 65
15 19
75 77
82 93
62 65
35 42
9 20
23 48
80 86
23 29
47 60
74 95
1 21
15 19
68 74
47 53
14 27
86 87
7 17
75 82
31 42
15 20
45 60
16 20
16 34
67 92
36 68
27 31
15 18
24 33
81 89
51 67
49 55
27 30
33 57
47 53
29 52
92 99
10 14
21 33
36 43
58 68
90 99
14 21
34 40
77 92
58 62
3 8
51 58
88 95
10 27
65 68
82 91
68 78
27 66
58 74
52 61
40 59
59 75
12 20
19 28
61 79
9 14
52 55
34 43
15 20
18 27
59 73
16 18
60 75
35 42
76 88
19 29
40 50
68 76
83 97
7 14
85 100
35 44
80 87
46 49
57 67
77 86
40 56
74 81
49 58
65 75
95 98
18 19
22 35
58 62
44 51
7 17
44 54
68 76
53 60
31 36
70 78
88 99
1 7
14 37
32 47
72 80
78 88
17 26
13 15
31 34
2 4
53 66
31 37
69 95
77 87
70 75
83 89
43 51
65 76
79 95
46 60
74 82
70 73
45 52
40 57
56 64
25 36
25 32
23 33
82 88
36 44
91 94
10 14
32 37
36 44
16 28
62 76
30 41
86 90
28 79
8 13
15 28
80 94
66 77
68 76
2 12
89 97
43 46
87 97
74 78
92 96
39 44
81 83
58 75
89 95
50 54
61 73
5 14
87 95
72 77
85 94
9 17
47 53
50 59
42 53
88 97
43 54
43 75
79 83
47 51
16 24
60 68
17 20
85 92
91 99
59 66
47 65
2 18
1 36
94 96
68 85
30 46
68 74
66 79
80 88
29 54
27 48
88 90
2 16
42 51
52 60
68 74
1 6
57 80
84 88
76 91
32 40
57 64
61 70
55 72
62 69
80 87
4 8
22 35
10 20
19 25
59 77
92 99
14 24
78 87
76 79
85 95
60 74
47 63
70 89
80 89
87 90
34 46
11 16
21 24
53 63
17 23
78 87
15 22
18 25
64 72
67 83
72 77
21 37
77 89
88 95
37 42
60 69
54 60
92 97
40 50
2 9
61 68
45 57
26 32
49 58
16 43
18 33
33 36
48 52
38 42
78 91
63 74
85 95
25 46
48 60
89 98
79 88
49 56
58 86
45 52
81 91
78 99
2 10
14 25
80 82
91 98
36 43
21 36
35 45
8 18
54 60
31 43
81 90
41 59
8 19
19 27
25 34
29 39
78 88
29 33
90 97
83 98
1 15
2 12
27 29
60 85
73 79
6 18
24 35
7 13
79 84
23 59
51 54
26 36
43 50
15 44
6 17
85 93
53 67
37 46
65 69
7 15
68 79
4 13
32 40
94 97
40 42
64 83
33 38
21 28
44 55
38 44
62 84
61 79
11 16
11 21
92 99
29 35
72 90
81 88
33 39
9 16
3 17
19 41
31 49
28 32
1 6
12 22
35 42
36 45
7 14
83 85
44 54
31 33
60 71
2 11
81 88
16 30
13 82
66 75
20 30
43 59
13 20
49 55
85 91
37 50
53 57
57 59
6 16
38 57
11 37
43 51
80 95
16 24
67 77
64 75
63 72
18 32
43 70
73 78
62 78
80 90
73 96
52 78
46 64
3 15
43 56
81 86
86 95
59 76
29 56
4 26
62 68
38 44
81 97
34 41
23 34
60 64
61 77
37 67
53 59
15 25
32 34
17 25
58 62
51 62
57 71
59 77
69 71
85 100
24 41
56 62
6 9
90 99
30 38
17 20
56 65
43 63
43 49
27 38
83 95
60 69
5 13
79 86
8 13
21 30
19 31
14 38
34 39
4 27
7 14
38 56
62 67
34 38
25 31
90 99
79 85
56 62
66 72
86 90
87 97
41 49
39 50
44 51
27 34
74 95
88 97
66 71
22 37
66 74
60 67
10 15
35 43
77 84
42 62
38 46
73 84
24 27
80 96
31 33
40 50
52 74
10 21
30 40
46 51
3 15
21 23
56 67
78 99
11 35
58 86
74 80
31 37
68 73
61 78
11 17
15 20
24 32
24 34
46 59
44 61
72 79
68 78
27 45
34 42
25 31
6 11
72 75
48 52
41 48
80 96
16 21
58 72
2 11
71 81
60 63
70 83
61 64
78 91
14 33
55 63
58 68
11 28
66 73
23 30
88 93
4 10
45 54
68 91
70 94
61 64
79 98
9 15
52 58
66 68
49 51
37 48
64 69
27 38
40 41
42 57
66 82
45 66
73 83
50 92
82 87
29 31
78 81
30 43
3 20
5 8
3 16
22 25
78 95
44 54
44 57
4 19
31 73
89 92
23 29
37 67
34 48
69 73
59 80
26 34
48 53
46 75
87 96
73 95
32 42
56 60
49 64
82 90
90 96
48 66
67 70
46 53
20 27
12 37
84 96
32 44
29 70
92 99
20 31
55 88
74 87
69 79
2 11
17 27
79 96
85 95
76 86
30 49
41 45
80 91
30 37
23 25
67 87
6 13
65 85
44 68
61 69
36 44
2 21
48 52
40 74
76 94
28 39
24 43
28 48
9 16
75 85
3 59
76 86
4 32
81 83
96 100
89 92
6 24
78 83
62 69
11 17
8 12
78 86
31 36
16 32
64 77
17 19
2 6
93 95
71 76
41 44
91 94
6 24
83 89
46 55
41 46
47 73
73 82
63 87
44 50
66 73
56 61
36 39
56 70
20 27
34 41
24 30
37 42
25 31
94 97
41 62
78 90
32 40
70 79
46 50
31 40
24 29
31 36
60 67
29 34
50 85
64 75
70 73
64 71
37 54
41 44
67 91
46 53
28 52
63 66
32 39
42 50
36 43
63 65
12 15
62 68
37 51
44 57
32 68
65 80
43 57
8 19
73 79
29 46
31 38
28 40
6 19
70 76
84 90
88 96
36 42
55 57
74 78
26 33
21 29
52 62
71 76
12 32
60 69
64 68
45 59
10 22
4 9
61 70
89 97
6 12
32 45
40 53
29 32
10 16
81 85
6 21
47 61
36 39
84 96
46 57
27 36
64 71
15 23
21 23
42 49
22 29
51 57
13 16
4 35
76 84
35 61
4 14
64 69
15 20
8 16
69 74
79 95
14 25
27 44
69 91
82 86
25 29
11 17
4 12
83 92
13 20
50 61
66 71
17 22
55 68
27 39
62 65
37 46
4 23
29 39
79 89
78 83
60 66
87 96
76 99
36 44
41 44
81 90
56 63
36 46
51 64
91 98
76 80
89 93
55 71
49 62
43 49
94 97
8 17
17 50
33 43
51 65
2 23
64 81
48 54
3 9
36 50
90 97
84 90
10 26
54 62
8 13
25 42
53 66
72 87
16 24
5 11
19 42
7 20
29 33
4 18
44 46
42 54
22 37
48 53
76 91
41 60
34 43
88 99
68 73
54 59
1 4
71 86
29 42
80 84
13 18
43 73
61 64
76 79
42 56
31 56
53 56
29 33
17 23
17 27
33 46
23 69
69 77
21 28
13 18
19 41
10 31
28 41
76 82
14 25
21 29
62 82
46 55
37 52
62 69
58 71
45 54
20 42
9 41
57 60
79 90
25 33
12 24
18 25
7 22
69 82
2 8
79 87
84 90
61 70
10 25
59 79
63 69
3 12
46 49
77 90
44 80
86 99
82 87
84 93
30 34
32 40
67 70
45 58
62 70
62 76
79 86
70 79
91 93
9 15
44 51
34 39
57 65
65 82
36 41
45 47
5 24
64 76
81 84
35 40
55 61
51 84
68 88
8 34
32 40
64 79
42 56
86 91
39 43
28 52
20 30
27 47
40 45
14 22
14 22
71 85
1 15
12 21
43 62
28 53
53 75
28 56
22 27
13 37
78 96
18 32
15 22
13 16
48 60
40 49
57 66
47 59
53 56
46 73
57 67
49 63
9 34
42 53
14 17
13 25
66 74
77 91
22 28
39 47
67 81
7 8
29 33
75 84
47 57
49 87
42 56
17 41
63 79
8 9
40 43
54 66
26 39
7 15
79 90
29 49
9 15
79 85
32 40
33 42
55 76
76 80
20 27
28 35
26 31
67 74
15 21
73 79
78 89
5 21
12 18
40 43
27 34
74 86
22 27
42 45
90 99
45 50
10 18
43 56
70 75
17 20
44 70
7 15
29 32
20 28
18 27
52 65
5 9
6 18
89 97
27 33
82 88
49 54
13 25
60 66
51 58
48 54
93 97
17 34
64 76
56 61
84 93
1 9
13 15
22 32
48 61
47 60
90 96
16 23
76 84
44 52
53 78
71 74
13 20
51 74
14 20
1 14
22 29
60 79
72 88
27 31
80 96
78 82
24 33
1 10
38 47
57 74
69 76
40 73
66 85
83 87
60 71
44 47
26 36
72 76
3 8
84 98
61 69
40 47
60 65
39 59
77 91
67 71
40 43
78 81
77 95
78 86
68 71
46 51
8 16
53 57
56 66
23 34
9 15
12 22
87 99
51 59
24 27
37 51
54 56
89 94
63 76
71 77
20 29
11 19
87 92
35 37
5 15
18 24
54 82
22 27
77 83
34 53
65 68
32 65
51 65
27 34
56 73
65 80
12 21
73 81
26 30
17 31
75 83
22 27
6 17
30 43
12 25
38 43
29 34
30 49
15 39
45 54
9 18
36 41
86 92
27 33
74 90
84 89
86 91
14 31
7 28
90 95
19 28
92 97
85 89
54 64
64 72
39 44
3 10
81 90
14 30
46 58
57 71
38 54
63 74
92 96
4 11
80 86
83 94
38 44
44 59
88 98
93 99
74 83
11 26
29 37
67 71
28 30
31 43
27 39
21 27
19 22
40 46
53 67
82 91
85 87
24 28
60 68
9 25
24 40
7 17
81 88
78 82
45 55
45 51
18 32
38 43
62 95
77 81
59 86
42 45
46 86
63 79
38 40
39 61
3 12
11 26
36 45
88 99
68 76
37 47
24 34
58 61
16 24
42 48
9 22
70 76
60 71
37 54
22 40
76 80
50 62
18 29
72 82
58 84
94 98
40 59
50 59
7 11
71 98
74 95
63 75
48 58
71 78
84 96
84 89
66 82
72 75
70 90
70 91
73 83
13 18
13 20
64 72
4 32
3 12
25 46
19 28
23 31
53 59
29 35
26 31
24 31
60 67
18 31
14 29
20 36
50 63
51 65
61 70
48 68
92 98
41 46
81 89
3 10
47 51
25 41
48 52
39 42
83 87
3 10
81 88
60 70
60 68
43 55
72 87
19 33
19 21
27 38
60 67
32 42
21 31
41 53
25 35
23 30
51 65
28 50
73 86
57 65
52 56
27 49
19 29
39 50
76 91
15 31
46 55
72 77
33 41
80 85
8 20
40 49
17 30
72 75
69 81
48 54
36 49
39 53
17 25
27 37
30 38
32 53
62 81
74 78
20 40
12 48
20 37
32 37
50 57
24 30
16 23
73 78
2 22
56 73
21 46
52 63
30 42
68 79
11 15
17 37
27 34
34 48
26 31
78 95
70 82
49 54
19 21
57 79
54 65
34 49
83 95
58 68
30 53
19 29
74 79
86 100
78 88
74 85
48 53
77 87
79 83
74 79
81 87
52 73
65 75
89 94
43 49
51 58
68 71
65 82
29 42
9 35
43 47
66 76
16 20
15 23
17 25
50 59
44 67
82 87
16 24
64 82
71 87
28 45
80 91
30 35
67 74
88 96
53 76
4 31
52 74
8 19
32 39
60 72
30 40
73 85
54 73
32 42
41 56
16 25
74 81
67 96
22 38
64 73
32 44
20 26
83 98
41 46
49 51
86 92
33 38
83 93
41 51
63 99
52 72
62 71
6 15
44 55
41 55
89 99
1 4
14 25
53 63
22 29
32 48
79 91
72 79
69 81
19 34
39 55
28 34
13 21
39 45
21 32
40 58
36 43
18 29
24 51
19 24
22 36
55 67
1 29
88 94
65 81
70 73
23 35
28 35
96 100
65 68
33 44
16 44
79 86
47 57
32 36
51 62
33 40
60 80
80 89
27 38
7 13
64 69
11 36
63 77
47 66
34 45
35 37
17 26
34 45
78 81
11 20
26 30
9 12
47 55
75 82
81 92
25 32
48 73
6 16
5 11
19 22
38 65
82 89
75 85
63 72
38 41
87 92
49 74
35 48
3 7
30 34
82 96
65 77
8 14
21 41
63 72
44 59
69 76
10 19
74 79
64 97
83 89
4 13
75 78
77 83
10 17
46 52
17 31
55 65
68 80
60 66
46 49
28 31
67 74
48 57
22 25
63 68
56 64
42 47
67 80
28 38
74 81
17 22
65 75
72 86
38 57
7 11
39 63
84 89
13 20
59 81
34 40
59 75
62 73
7 17
68 81
78 90
26 28
34 41
33 53
38 42
22 56
41 55
87 91
5 26
38 43
86 97
6 18
59 69
46 53
34 45
72 91
1 7
13 23
24 32
19 29
3 17
9 18
77 80
65 79
4 10
52 56
67 77
91 97
42 48
23 55
42 45
76 88
31 45
79 83
17 20
95 100
58 73
22 34
87 98
52 68
75 76
57 63
67 71
60 65
33 38
13 18
36 48
26 34
73 75
50 68
60 90
86 94
72 77
32 38
10 33
19 21
20 25
56 76
68 89
49 60
65 86
48 63
4 14
60 79
52 72
3 12
94 99
88 95
10 17
83 88
45 47
7 16
21 29
34 39
61 71
43 48
54 76
4 31
36 72
26 36
15 22
3 8
24 34
24 32
23 30
75 81
10 28
13 26
26 34
42 46
12 24
80 100
18 36
82 91
53 78
29 41
68 90
26 48
40 49
1 16
84 89
61 72
27 40
11 16
68 74
29 37
16 20
64 73
63 69
91 100
60 62
32 53
38 55
24 48
15 24
59 67
15 41
4 27
75 86
7 16
54 68
5 11
75 78
29 42
22 26
64 72
6 13
53 88
86 97
24 27
23 31
84 93
85 98
16 33
73 80
72 87
68 71
44 57
42 50
53 61
16 36
19 28
65 74
1 6
62 63
19 33
66 74
13 24
65 83
91 100
71 80
1 11
19 31
83 91
33 43
69 93
70 73
85 91
18 30
77 91
5 44
57 65
3 14
51 83
62 64
17 32
42 45
47 56
37 42
31 63
78 90
54 57
26 39
71 76
34 64
6 12
40 55
53 62
42 47
34 41
83 86
44 60
46 49
67 73
69 79
64 75
34 44
1 23
53 76
66 85
19 24
86 95
79 83
50 55
42 46
15 25
14 21
21 31
54 63
36 55
60 69
64 70
78 98
8 23
72 78
4 12
25 63
39 45
5 19
85 98
42 56
32 41
47 63
62 66
46 73
14 44
70 76
51 61
58 62
33 40
31 35
22 40
41 55
13 19
32 39
18 21
74 87
27 36
17 28
57 60
60 75
47 61
54 93
5 21
16 48
7 18
55 100
53 57
45 57
24 36
42 48
77 92
53 63
48 67
13 18
75 81
72 93
13 22
52 59
95 100
73 76
60 87
91 92
56 61
24 34
8 12
10 17
87 91
2 5
42 53
95 97
82 92
87 96
4 10
14 27
70 74
44 50
16 32
67 69
96 100
70 75
75 77
68 74
42 47
80 94
82 88
74 84
39 46
13 27
72 85
42 48
40 52
66 73
60 66
29 31
54 61
64 75
66 73
65 73
42 51
21 24
48 59
31 35
25 37
37 74
87 98
92 95
8 21
2 13
52 71
40 47
41 53
42 67
23 29
51 57
89 97
15 44
53 56
9 12
40 49
16 21
44 52
64 67
84 85
32 38
72 81
19 26
86 90
1 5
5 39
27 33
52 74
62 69
47 57
75 79
13 23
30 36
59 70
6 20
11 21
17 39
54 91
15 22
3 9
43 58
83 88
13 25
38 52
81 90
78 82
4 23
33 39
62 77
5 19
79 94
59 83
51 62
63 70
14 25
57 62
4 8
83 93
56 68
68 77
85 94
67 79
66 69
26 41
43 51
16 27
75 86
84 95
13 17
13 41
55 75
73 88
46 61
80 86
65 72
12 30
82 98
10 20
40 49
46 52
53 62
75 84
92 100
40 51
5 13
3 14
35 46
56 60
23 39
14 24
51 55
9 16
18 33
32 39
2 11
64 66
14 35
32 38
31 88
60 63
12 20
37 40
46 52
42 51
65 68
53 62
75 83
55 59
92 97
8 14
9 15
3 9
52 66
10 21
7 13
39 46
19 24
62 69
76 78
37 54
34 37
61 72
7 20
43 65
18 27
82 84
84 97
3 9
41 51
50 57
33 35
35 41
28 48
31 34
74 94
49 56
74 93
62 69
39 66
76 85
27 33
2 21
29 40
23 60
47 58
30 35
10 13
2 18
15 21
47 61
50 56
57 76
38 52
80 91
1 9
49 69
14 17
61 74
40 46
68 77
31 41
34 46
64 73
69 81
23 34
87 98
75 86
76 88
21 29
26 30
67 76
7 11
63 77
3 19
39 46
41 61
40 55
57 80
49 61
92 96
53 68
32 57
4 9
67 73
52 58
22 38
86 99
62 80
22 28
12 19
57 62
1 22
14 29
24 32
36 38
77 83
43 48
64 89
62 73
72 76
79 93
17 21
26 41
78 91
25 39
50 58
69 76
40 54
80 99
11 21
10 16
46 60
5 26
50 78
16 24
17 29
52 62
13 24
65 69
37 70
84 89
20 35
39 50
42 57
12 22
77 94
51 64
33 40
88 96
70 72
16 19
60 67
32 45
84 86
33 36
66 79
22 28
26 72
40 47
94 99
42 50
37 40
88 96
5 11
82 85
76 81
76 85
88 91
70 72
82 90
52 58
47 61
74 84
43 57
13 26
76 83
74 96
91 98
77 84
48 51
47 62
80 92
72 80
87 93
10 39
53 61
26 32
80 100
5 14
54 64
71 74
33 50
83 92
7 27
56 59
16 30
42 47
53 57
73 83
27 42
8 38
77 92
69 83
15 46
43 50
62 72
12 19
10 18
74 90
51 68
87 90
14 22
6 18
54 61
48 58
84 88
72 74
86 100
75 95
68 91
60 69
23 28
16 23
64 74
83 88
67 77
45 64
26 39
11 29
59 74
14 23
46 49
79 93
59 68
18 52
17 27
47 52
92 95
47 91
42 45
90 94
31 66
95 100
3 15
91 100
11 20
82 87
13 19
61 81
37 50
27 31
67 73
36 58
67 73
30 42
12 30
29 33
57 62
89 97
69 87
10 37
32 35
90 100
47 63
44 52
61 78
72 85
5 13
32 34
34 39
13 26
29 44
53 62
67 72
77 85
76 94
84 97
31 34
88 95
58 70
84 89
91 97
5 21
56 83
70 89
31 36
43 46
38 41
76 90
15 20
52 73
75 91
45 50
16 29
37 43
78 81
46 61
43 67
31 40
18 24
74 79
24 31
29 48
10 31
44 54
68 78
48 61
68 78
15 22
18 25
64 99
13 25
44 59
52 63
44 49
14 20
45 56
55 84
19 28
86 96
67 78
83 88
29 34
13 23
67 86
38 42
91 100
56 65
59 94
16 52
78 95
19 34
65 72
59 65
66 75
81 85
55 62
32 39
40 44
15 29
28 32
16 25
30 42
47 52
62 79
25 42
3 9
79 90
56 63
39 50
1 10
70 77
78 89
69 81
43 64
86 93
7 15
2 19
8 14
89 92
71 84
86 90
64 80
22 25
40 57
79 88
68 71
53 61
26 52
51 70
86 97
16 19
94 100
51 73
15 26
41 53
66 82
44 55
9 16
74 76
59 63
26 34
29 48
80 86
12 15
89 94
66 72
56 76
16 23
62 70
42 54
44 49
28 32
6 18
63 80
21 31
5 10
78 83
62 68
10 28
55 61
30 38
58 76
19 33
54 56
26 33
30 48
20 45
28 76
89 95
52 69
64 72
54 61
86 96
33 36
78 89
32 47
70 78
83 93
90 97
29 41
13 39
54 57
77 82
6 13
75 77
55 62
69 76
24 35
7 13
61 88
36 42
34 40
36 42
6 13
4 20
30 36
11 15
16 28
27 37
69 82
53 78
22 31
83 88
54 59
31 41
12 25
47 56
66 85
79 87
48 63
79 88
4 15
64 80
83 88
19 25
73 80
13 16
38 41
5 13
24 29
14 26
50 61
42 65
50 52
47 55
8 18
1 6
53 68
62 70
67 73
6 25
63 71
8 11
66 80
36 37
28 33
9 22
26 42
12 16
11 28
58 62
82 86
74 82
4 12
4 13
79 86
82 86
9 26
9 16
36 45
49 59
57 70
60 70
39 40
3 24
29 40
92 99
41 48
48 57
67 80
90 99
56 83
92 93
21 34
37 40
37 43
49 55
23 30
81 87
63 82
66 72
38 43
75 84
38 42
86 87
67 73
33 35
39 40
8 27
18 24
46 50
22 26
39 54
8 13
7 21
48 51
31 43
79 87
55 80
60 63
55 76
77 81
21 35
32 63
47 51
68 79
85 87
63 71
82 96
74 89
61 75
16 22
42 69
29 38
12 46
44 47
46 55
53 64
90 95
78 83
79 82
13 46
38 52
37 53
53 71
81 91
38 56
30 47
17 25
24 32
63 72
16 49
76 98
18 28
54 57
57 62
93 100
18 22
66 79
48 55
48 54
35 40
20 32
11 14
84 92
9 23
84 90
23 30
36 42
28 36
91 98
3 10
24 36
12 20
61 78
42 49
22 28
3 24
18 35
52 59
51 58
3 33
17 21
22 32
47 48
74 87
69 78
25 31
61 71
24 28
6 19
3 23
9 40
21 29
3 8
6 11
57 68
72 88
17 20
80 93
76 85
43 54
32 34
82 99
44 52
18 32
79 86
76 88
75 85
86 97
40 45
76 92
23 25
71 75
60 66
57 59
73 75
75 84
37 44
17 21
3 12
70 83
94 99
11 19
31 46
67 81
68 90
75 77
1 29
33 36
71 77
25 34
29 39
66 85
65 77
9 26
76 90
85 91
25 30
85 100
10 28
29 33
54 75
17 23
57 62
49 66
51 60
40 47
89 98
60 66
1 26
68 74
33 42
51 61
6 11
58 62
26 35
23 37
50 56
40 52
67 73
53 59
24 28
5 21
70 76
62 77
11 16
73 83
81 88
39 46
65 73
83 90
24 31
77 89
52 60
28 33
76 81
42 55
28 36
81 88
4 10
26 35
16 25
71 80
75 84
17 22
47 56
38 47
42 63
30 38
71 80
44 86
32 42
68 83
28 43
6 12
51 67
22 32
38 49
81 95
16 44
21 29
53 60
31 36
79 84
14 19
44 48
38 49
32 38
17 40
8 26
4 10
36 43
58 62
50 54
49 58
86 89
57 64
74 86
23 48
21 32
77 87
20 25
59 75
11 18
68 83
87 90
1 4
84 91
91 96
58 78
57 72
34 38
2 15
25 29
91 99
84 99
48 51
71 79
40 44
13 42
38 49
18 22
10 21
12 58
25 37
88 91
56 73
3 9
42 61
69 82
70 85
32 40
48 55
34 40
53 61
8 52
14 32
78 95
21 37
51 63
72 77
10 15
43 54
63 76
49 56
71 76
38 49
9 18
51 59
70 83
85 92
13 29
4 8
41 56
70 86
75 79
86 100
1 11
74 89
14 21
86 96
5 19
28 47
5 26
51 60
26 32
19 35
71 76
81 86
91 99
49 58
26 36
14 20
86 92
61 74
25 33
45 52
21 42
89 95
37 45
35 37
91 97
6 59
15 23
26 36
36 51
75 84
83 85
21 35
30 32
5 15
54 57
40 49
90 99
21 38
6 64
41 47
6 15
70 85
21 34
38 44
4 10
3 13
7 22
44 51
31 37
39 43
18 28
18 30
12 18
65 85
71 73
26 32
16 24
16 25
15 21
22 25
12 25
30 37
92 100
81 88
26 31
45 51
14 20
45 51
14 28
66 85
48 54
12 14
57 74
71 73
62 75
32 44
9 23
27 35
66 77
23 33
83 97
38 60
61 67
88 98
47 50
33 53
2 5
29 36
62 69
65 71
38 51
2 6
4 11
32 53
51 61
4 11
80 100
78 85
58 61
81 90
83 94
72 85
34 40
93 100
31 43
90 97
53 87
34 39
54 72
20 32
18 32
88 98
22 35
69 75
20 27
11 20
29 30
7 14
52 62
70 73
85 92
39 54
64 77
79 89
30 36
27 40
81 84
62 72
45 54
4 16
67 73
57 76
85 88
8 14
68 79
67 72
48 58
2 20
71 82
48 53
87 93
81 89
82 87
94 97
17 36
70 77
60 80
71 86
9 16
61 76
4 33
58 64
3 14
9 20
13 17
72 77
86 98
32 39
50 63
40 50
73 75
12 21
90 98
23 41
52 66
27 29
40 45
75 84
86 96
34 39
15 19
4 15
89 95
32 40
9 35
3 14
71 98
89 98
5 17
34 35
15 25
35 51
42 58
41 52
94 97
67 71
18 28
67 69
47 50
19 34
68 74
72 81
9 13
35 53
19 31
16 31
56 63
31 41
76 77
76 84
6 16
40 48
73 80
63 75
92 100
47 63
51 60
58 64
41 48
57 70
20 23
30 45
48 68
90 96
4 8
33 37
52 57
28 34
22 31
68 69
23 37
17 25
37 44
48 62
25 43
58 78
28 34
57 64
20 33
26 31
56 61
4 17
31 42
25 30
75 83
57 74
40 43
9 17
11 27
46 51
27 36
5 22
38 41
17 25
22 29
50 58
9 13
26 30
2 8
84 94
53 59
91 97
13 30
41 54
42 51
3 8
28 34
89 95
54 68
63 71
79 92
76 79
70 90
35 48
6 11
30 62
82 92
25 37
15 17
11 22
37 43
66 87
71 81
56 74
77 96
21 39
32 36
90 97
24 30
13 19
49 62
85 95
50 59
8 12
5 19
50 54
63 75
68 80
22 52
79 88
81 87
78 87
32 35
4 16
65 99
70 99
32 37
6 14
63 71
9 32
60 77
32 63
82 89
68 72
16 23
69 76
26 35
74 87
13 21
46 49
92 96
24 39
49 57
65 70
1 14
9 13
61 71
83 87
18 27
41 51
23 36
67 75
53 62
73 87
17 25
55 66
64 71
79 90
67 78
84 89
89 98
89 93
36 46
50 58
63 81
4 8
75 80
18 32
46 53
66 77
17 26
81 84
67 75
81 90
45 47
8 24
79 96
52 61
80 82
45 54
11 38
62 80
48 59
10 22
7 18
66 79
90 99
23 35
78 92
10 33
69 79
21 27
26 30
48 56
40 44
42 54
1 17
69 90
83 90
56 66
36 49
60 70
20 42
71 80
15 22
76 87
61 67
17 24
6 16
76 82
29 91
57 84
50 76
22 41
21 43
6 21
18 31
73 81
55 63
39 49
31 50
61 82
52 61
49 55
3 11
13 26
17 35
60 68
53 62
37 42
37 57
61 70
24 30
80 91
42 61
52 60
9 11
49 60
48 57
47 61
17 27
17 31
25 36
67 70
31 55
83 88
35 43
61 71
22 27
45 58
30 45
90 95
53 64
53 59
53 56
15 19
78 92
15 33
7 14
25 34
26 56
49 58
49 51
22 24
55 60
71 86
65 67
36 55
23 34
19 30
23 30
31 41
29 51
21 23
81 93
24 37
35 41
56 59
61 73
54 59
91 97
6 21
77 86
89 97
4 14
81 88
23 25
34 35
2 15
2 31
67 77
43 57
58 71
82 87
12 14
25 33
61 68
15 43
6 10
51 56
92 100
70 82
62 76
59 85
24 30
56 65
35 42
93 96
52 68
44 52
69 84
48 56
76 87
40 70
11 16
2 15
80 89
16 18
59 65
31 45
15 29
77 88
89 97
38 72
64 81
67 74
4 34
66 68
20 22
72 83
65 75
37 47
58 65
40 55
71 74
67 73
28 34
69 77
36 43
70 82
26 35
76 88
72 81
78 82
54 61
56 65
27 36
34 49
42 57
50 60
50 77
47 50
67 78
36 48
58 67
74 80
80 89
4 28
81 88
14 25
81 93
80 95
10 41
27 35
68 79
14 22
19 29
68 71
86 92
4 24
3 12
65 72
17 25
74 92
97 99
91 98
65 75
58 61
17 24
16 20
5 11
86 87
25 37
6 17
17 25
35 47
88 93
21 28
45 54
5 19
28 40
60 72
65 68
26 42
44 50
18 26
64 98
72 75
89 91
76 79
26 34
7 16
16 21
56 69
40 46
54 59
45 68
23 27
34 48
69 78
72 83
76 80
89 90
14 25
3 18
74 87
66 75
72 79
32 100
43 49
66 77
21 27
75 83
87 94
67 80
73 86
72 80
54 69
57 70
34 44
86 98
86 94
70 85
16 27
79 82
83 99
9 15
53 63
82 88
4 14
33 52
13 27
47 54
74 79
18 39
84 89
20 38
75 92
9 34
59 66
97 99
61 74
68 83
9 17
16 20
10 26
38 72
25 39
2 16
94 100
84 88
37 48
91 97
2 11
41 52
77 84
4 17
92 98
36 41
42 62
84 87
9 13
59 70
87 90
18 55
75 88
47 51
51 61
44 51
44 66
5 26
75 87
25 31
3 8
43 47
26 41
53 71
2 9
32 40
7 55
34 52
57 65
26 33
37 45
60 70
66 87
65 83
37 46
49 54
56 68
42 63
35 41
13 27
44 47
43 61
78 98
46 49
41 52
50 55
69 74
58 71
10 19
7 12
13 17
21 25
68 71
3 14
41 57
52 56
90 95
7 11
71 77
31 45
16 26
22 23
24 30
29 34
79 98
12 28
22 31
18 29
83 93
44 66
13 21
21 26
41 71
48 64
75 83
56 70
85 98
57 82
21 24
56 68
27 33
66 69
34 37
16 22
10 29
92 98
89 98
2 5
31 36
65 79
36 44
20 28
40 44
80 89
57 69
32 40
88 98
41 50
56 64
64 80
34 40
23 37
72 79
16 21
83 85
60 81
51 67
90 95
18 25
20 24
76 90
26 31
67 86
17 37
75 87
32 36
4 12
57 70
10 16
74 80
45 71
78 85
39 53
29 32
12 15
72 77
29 32
42 44
85 92
19 39
36 44
20 38
55 72
21 27
34 41
53 69
4 23
15 21
32 47
84 93
31 36
90 97
76 83
32 41
42 53
59 62
17 26
34 42
3 13
5 27
63 66
68 81
73 89
80 97
17 35
41 49
46 54
69 75
76 86
70 75
7 10
1 25
32 34
24 32
6 15
69 74
61 70
74 81
16 48
70 79
36 49
64 75
30 31
74 91
4 21
18 37
28 32
80 98
39 44
69 73
36 48
20 29
16 18
43 56
42 97
28 38
24 36
26 49
7 19
63 77
14 28
95 100
14 19
89 91
46 58
73 84
22 36
90 93
70 78
27 49
88 100
67 91
88 94
76 97
74 88
82 88
90 95
31 38
24 36
39 50
77 96
45 62
86 93
21 33
75 91
2 15
30 38
7 14
24 35
30 42
23 49
65 70
83 91
75 79
47 49
10 14
45 70
51 63
53 64
81 87
7 19
89 96
38 50
83 100
56 87
1 20
14 24
64 94
76 95
13 35
13 31
71 81
36 43
17 27
30 52
57 62
55 60
66 79
38 47
25 39
56 69
72 80
25 30
74 82
92 96
15 24
18 26
6 17
16 23
51 60
17 38
54 60
24 25
60 69
61 65
1 12
35 43
64 72
55 59
66 70
51 61
71 79
49 56
21 53
86 90
68 76
50 59
66 85
29 37
86 97
74 80
28 36
92 98
76 86
16 23
1 13
9 35
78 83
31 42
6 18
50 56
4 12
85 97
6 14
77 83
30 32
45 50
78 81
92 96
40 44
48 60
94 99
58 79
71 80
21 24
61 68
59 70
59 68
83 93
1 11
51 66
56 70
47 53
16 24
77 85
38 52
24 36
89 96
27 36
61 66
30 44
79 85
43 47
17 29
11 15
29 39
20 29
58 80
25 42
30 36
5 13
14 22
17 25
34 38
88 96
65 100
43 55
27 36
32 41
7 12
23 30
9 20
79 88
24 36
47 77
40 43
81 100
16 20
61 68
1 9
34 38
77 81
26 45
70 75
84 89
4 16
48 56
6 22
42 60
6 14
19 23
68 82
11 19
45 52
80 100
37 52
10 18
74 82
53 64
20 28
75 79
43 44
62 85
13 26
23 32
18 40
20 21
56 67
26 33
10 17
48 56
60 75
81 91
49 64
53 76
32 34
27 30
72 87
18 34
47 53
58 70
77 84
83 91
35 45
70 88
77 88
44 50
75 76
21 26
52 61
56 65
15 27
14 22
68 72
41 51
91 95
64 70
64 71
67 74
78 91
7 17
26 33
20 28
65 71
45 90
21 28
26 56
55 75
40 43
28 37
40 46
64 71
36 56
42 66
34 53
41 42
22 34
85 97
78 80
44 48
53 70
77 92
19 21
30 37
5 30
38 45
54 58
24 55
41 48
20 31
50 63
27 33
26 38
79 92
24 39
47 55
69 74
69 81
40 70
27 30
69 77
9 44
57 61
22 28
70 86
67 86
28 56
29 33
44 53
23 28
78 88
18 33
88 97
24 40
74 82
83 90
81 90
38 54
81 88
27 33
68 92
44 67
45 51
15 20
72 80
4 25
52 54
16 32
89 100
52 56
36 45
39 58
42 46
79 89
60 68
81 87
9 18
54 70
4 23
51 56
8 13
80 90
47 49
84 93
1 4
89 95
91 97
73 77
19 31
55 59
94 97
22 27
77 83
8 10
50 72
70 87
53 59
15 23
72 76
18 27
22 38
57 69
28 43
39 42
6 10
2 9
63 85
30 43
72 98
7 12
84 87
75 82
34 39
3 25
18 23
53 61
5 9
22 27
30 51
54 58
32 45
37 55
90 96
19 28
33 44
39 46
62 72
64 69
74 81
88 93
78 94
77 91
64 73
15 23
58 63
22 48
10 18
36 53
58 95
58 61
13 20
29 37
23 30
29 41
31 38
41 43
62 82
52 60
15 30
32 39
45 49
14 32
6 9
56 61
18 21
43 50
30 55
9 16
72 75
16 23
16 22
13 24
88 92
41 61
22 27
74 88
21 25
20 50
86 92
7 19
11 22
36 56
61 77
83 96
60 73
4 20
1 8
48 52
70 80
82 95
67 71
42 52
67 70
63 69
15 25
28 31
16 18
81 89
82 95
28 33
22 53
89 98
44 51
68 81
4 10
75 90
22 50
93 98
54 61
12 18
38 44
41 46
42 51
67 73
29 40
69 90
14 18
68 75
45 54
7 16
13 29
16 43
2 32
2 9
82 85
67 71
14 17
51 65
16 30
49 81
65 87
75 77
38 58
24 30
1 23
2 34
32 43
83 87
82 87
90 97
52 69
63 77
85 89
3 15
53 55
73 87
29 45
1 9
39 49
26 31
77 82
45 60
75 78
17 26
53 62
19 28
89 93
4 15
35 48
64 70
59 65
68 70
26 37
85 97
60 75
69 91
49 59
40 46
74 77
30 41
83 89
70 83
16 33
2 8
18 27
70 78
37 41
37 42
90 95
27 37
9 19
41 61
