100 20 20 0
00000000000000000000
00000000000000000000
00000000000000000000
00000000000000000000
00000000000000000000
00000000000000000000
00000000000000000000
00000000000000000000
00000000000000000000
00000000000000000000
00000011111111111111
00000000000000000000
00000000000000000000
00000000000000000000
11111000000000000000
00000000000000000000
00000000000000000000
00000000000000000000
00000000000000000000
0000000010000000000
0000000010000000000
0000000010000000000
0000000010000000000
0000000010000000000
0000000000000000000
0000000000000000000
0000000000001000000
0000010000001000000
0000010000001000000
0000010000001000000
0000000100000000000
0000000000000000000
0000000000000000000
0000000000000000000
0000000000000000000
0000000000000000000
0000000000000000000
0000000000000000000
0000000000000000000
5889
33 41
26 40
11 17
89 96
36 47
17 49
21 28
24 25
60 68
26 37
24 33
9 16
4 12
26 33
74 88
12 17
54 62
66 70
52 58
69 96
31 38
64 73
40 49
48 59
15 22
46 51
47 58
61 64
76 79
3 14
33 53
33 48
71 78
32 45
69 75
46 56
52 60
32 39
91 100
82 87
14 21
90 93
70 79
90 93
34 43
73 84
57 63
4 17
64 74
38 49
35 40
3 4
23 38
36 46
86 88
33 61
69 76
55 62
2 8
16 39
32 54
54 67
71 82
17 30
13 29
3 20
60 66
41 48
58 68
88 91
80 96
45 56
59 68
14 28
35 37
30 57
28 33
69 91
61 79
5 13
33 41
8 18
86 94
32 57
7 13
42 44
63 71
89 100
48 53
21 27
87 91
24 37
38 42
47 51
86 89
25 31
3 16
66 74
20 33
36 60
47 52
51 69
76 81
55 74
69 77
38 49
85 91
74 92
22 41
62 77
18 29
48 58
72 76
30 37
12 24
44 62
37 45
61 66
20 24
35 83
26 33
65 80
51 56
48 60
30 33
4 15
46 57
37 53
46 57
57 74
84 90
11 16
73 99
66 81
9 11
53 78
61 84
18 30
58 66
78 82
77 85
70 77
72 87
1 12
8 16
85 88
38 47
69 74
32 41
25 28
34 40
45 49
10 14
80 96
11 15
76 84
83 89
33 48
1 7
52 58
2 20
12 18
36 42
54 59
9 26
57 68
76 92
77 80
80 88
42 50
32 38
23 40
59 66
77 80
8 18
5 21
37 72
17 23
86 100
1 8
82 87
52 54
51 61
26 31
66 70
63 66
65 74
13 25
1 11
18 24
15 17
38 45
26 31
23 31
41 56
28 40
60 71
88 98
27 53
49 53
89 92
32 45
29 40
25 33
82 89
74 86
46 60
59 64
28 39
75 85
22 33
61 91
77 93
72 88
41 71
18 23
86 91
48 79
77 81
57 62
29 36
27 43
74 91
28 34
22 31
38 42
9 19
50 66
71 81
69 84
63 67
1 11
85 90
59 63
32 37
64 68
17 28
31 38
88 91
45 58
14 19
88 97
64 80
8 21
63 67
54 63
25 35
43 50
77 80
78 86
22 26
53 69
27 32
48 55
51 62
40 50
30 40
23 25
68 77
84 85
53 60
55 64
64 72
24 36
4 12
22 31
34 40
46 68
23 31
50 60
24 35
1 23
34 43
65 77
64 85
42 49
26 41
46 72
46 60
1 10
5 53
45 53
47 57
29 33
36 44
47 48
51 59
51 61
49 54
18 25
64 77
78 81
45 51
38 45
83 87
7 15
70 73
41 46
31 35
84 93
51 58
37 49
36 46
32 39
41 49
58 64
88 96
63 69
44 55
29 40
72 89
64 77
92 100
43 46
15 31
70 75
84 96
20 41
50 61
67 71
66 76
7 12
21 25
51 55
57 63
5 11
8 13
30 48
1 10
50 57
71 79
37 56
44 62
14 37
32 38
5 8
15 50
3 32
20 28
15 23
1 8
51 60
79 97
51 66
37 45
13 30
3 31
3 7
84 89
52 84
4 11
83 100
36 60
97 98
5 9
35 43
79 98
34 57
37 42
71 77
87 99
19 30
86 97
26 34
70 81
71 81
44 53
40 59
18 23
53 62
37 46
30 36
60 64
36 39
51 58
63 67
10 22
52 66
17 24
22 27
13 25
6 27
62 74
17 40
38 41
51 61
76 87
85 93
15 19
86 97
45 50
1 7
4 13
35 54
41 55
73 86
45 54
58 72
35 46
72 79
66 78
11 19
68 69
27 31
45 55
62 68
20 32
89 94
20 41
45 60
52 73
24 31
53 61
30 49
4 19
35 54
59 71
11 20
11 30
24 36
92 98
15 27
57 81
79 95
39 59
46 61
42 53
27 39
77 83
7 12
62 69
65 84
3 25
17 19
75 87
13 24
45 55
71 83
86 90
63 73
49 53
15 20
48 64
27 38
81 91
83 90
24 59
61 66
42 67
93 94
14 28
4 8
14 47
22 26
86 93
21 40
41 50
29 37
77 92
44 63
59 64
1 8
92 98
31 35
23 28
45 52
4 9
25 29
73 77
84 98
32 37
45 55
78 83
52 61
76 99
49 56
88 92
63 76
40 46
47 59
67 74
7 19
71 76
52 73
84 95
46 58
52 61
47 55
75 86
63 67
5 18
46 54
48 68
62 68
77 84
26 30
73 83
80 94
15 31
56 63
11 29
45 55
15 19
79 84
65 69
89 98
25 37
72 88
64 76
59 70
82 87
2 26
21 41
55 73
52 58
35 54
43 49
5 15
81 92
80 88
45 50
25 55
43 95
69 79
61 70
29 31
49 55
29 38
57 60
20 26
41 58
61 66
12 31
20 25
35 45
77 87
57 59
77 85
58 70
37 52
14 23
73 85
93 97
53 61
88 100
36 40
41 56
32 54
30 36
18 31
69 75
30 40
54 67
17 32
63 80
44 46
79 88
49 58
23 40
33 47
57 72
74 89
38 45
79 93
5 13
64 71
67 72
14 28
29 37
68 72
78 82
42 50
15 19
14 15
29 33
7 20
2 13
30 52
22 37
9 28
53 62
58 77
32 39
4 12
30 44
16 21
6 9
19 34
5 13
54 62
69 78
36 44
26 30
66 79
30 48
13 24
60 89
67 77
82 97
83 93
41 50
84 89
23 31
46 51
65 93
79 92
73 80
57 63
91 100
87 97
14 28
37 42
75 84
77 95
62 68
41 48
8 10
1 7
3 7
5 31
4 12
8 16
50 61
10 99
19 29
34 55
81 92
67 71
53 68
10 32
69 83
85 90
55 66
28 40
27 38
45 64
7 18
76 82
35 56
8 38
46 50
85 91
15 50
71 82
33 50
37 47
76 81
50 59
79 91
32 43
42 47
83 98
72 92
46 50
15 23
9 18
89 95
51 60
3 7
74 89
72 80
20 35
7 22
9 32
9 17
27 30
58 80
6 19
64 79
12 15
25 29
21 28
39 59
26 42
52 98
14 22
79 84
10 36
10 23
63 76
65 69
68 74
1 6
89 96
84 92
4 10
13 16
90 97
21 39
57 68
53 68
76 95
14 25
6 25
49 57
71 82
28 33
43 49
74 85
76 84
19 32
77 93
45 46
42 61
27 37
22 36
30 40
9 24
88 94
78 95
37 39
31 37
9 32
41 46
2 16
25 29
88 100
13 26
11 18
88 93
29 39
52 64
59 61
29 70
12 15
67 75
90 98
8 21
21 35
33 36
29 38
38 44
42 44
84 91
3 7
20 29
41 53
76 87
5 26
88 94
32 40
17 24
21 33
32 41
5 9
73 95
12 35
10 19
45 54
85 92
62 74
54 73
67 87
78 85
5 9
81 91
19 45
5 13
27 42
45 49
3 14
24 29
5 21
31 38
74 77
79 83
61 73
30 39
48 53
20 30
9 27
48 54
87 92
29 31
63 66
52 57
75 99
5 56
85 91
39 43
48 57
51 61
34 39
55 67
43 46
13 29
81 98
2 14
6 23
22 27
36 57
74 78
78 83
17 24
28 31
20 43
81 86
74 78
35 43
76 86
61 73
75 77
72 85
52 67
59 78
67 79
75 84
15 20
12 24
40 45
52 70
90 97
59 69
56 77
7 16
8 24
57 67
40 70
57 65
56 60
70 76
68 81
75 81
7 11
86 95
47 60
14 34
18 30
20 28
27 40
45 51
57 67
76 90
73 78
17 41
60 70
74 81
56 61
5 18
14 31
74 77
29 43
71 76
1 8
2 4
85 95
46 51
41 69
16 27
63 69
61 72
7 16
54 69
15 29
72 86
48 62
58 66
42 49
64 70
75 78
25 45
75 82
57 58
5 26
47 50
38 68
22 31
66 77
9 21
34 49
80 92
68 74
9 15
15 24
28 36
20 22
59 75
72 76
36 39
1 6
26 33
43 55
19 25
66 74
36 43
34 55
11 15
59 78
20 29
71 83
65 72
75 90
57 67
80 97
12 24
33 40
68 75
6 31
20 28
70 79
24 32
27 36
37 46
27 34
67 74
81 85
44 51
6 18
12 36
62 69
47 64
51 61
88 96
78 83
48 68
52 57
85 92
44 47
33 37
54 66
73 85
67 69
3 10
14 22
1 5
4 6
60 69
62 73
3 15
73 92
79 92
63 92
14 28
79 83
66 80
29 60
87 90
25 38
52 67
71 79
25 43
48 55
64 73
63 79
10 18
55 84
71 76
93 97
22 32
50 58
34 42
40 58
46 53
3 25
65 89
29 34
67 78
70 81
50 57
54 76
23 33
33 46
54 62
46 49
70 80
25 32
24 42
8 22
15 53
48 54
33 55
39 50
23 39
43 45
6 16
91 94
3 11
80 88
13 36
12 23
29 38
58 66
20 32
5 13
86 99
11 23
30 39
55 80
51 69
91 100
24 41
21 26
29 34
37 42
4 19
83 88
37 63
2 10
8 23
29 33
81 99
31 36
53 73
65 70
89 94
90 92
43 54
72 81
44 49
49 64
51 66
75 78
5 21
33 40
66 71
28 35
92 99
53 60
19 29
71 75
57 68
86 94
67 90
23 35
54 59
78 89
66 73
37 57
74 78
58 68
43 54
79 84
43 70
41 44
75 77
77 79
58 65
24 29
7 16
20 29
40 49
45 61
81 95
55 65
12 30
16 25
75 83
87 93
56 60
25 42
79 89
71 75
12 19
34 54
64 73
41 44
17 33
73 84
80 88
43 60
13 16
75 93
3 18
15 22
51 65
76 90
72 84
83 89
45 51
65 71
90 98
48 62
61 67
85 93
41 53
57 77
66 71
44 50
42 55
40 43
69 82
27 37
81 90
36 40
81 88
76 81
55 74
32 35
84 87
60 90
42 57
35 43
32 35
21 38
61 68
89 94
30 36
11 33
23 35
46 56
56 65
74 84
10 14
13 18
63 71
77 88
71 78
75 78
47 56
82 99
3 7
93 96
42 57
12 19
56 76
66 74
87 97
1 15
4 13
68 72
69 72
5 13
61 77
58 68
57 63
41 51
57 74
44 61
17 38
38 59
79 86
76 83
33 37
10 27
62 67
89 92
85 93
1 4
10 15
80 88
73 78
70 84
32 60
53 71
52 74
52 65
25 32
21 28
88 96
7 27
11 23
67 72
16 25
77 90
57 74
78 93
59 71
81 87
6 20
76 81
13 30
43 59
44 84
91 99
37 49
32 39
59 68
18 32
27 55
31 47
84 88
64 87
62 74
25 34
69 73
65 70
65 75
45 51
79 85
17 20
16 24
11 21
33 39
61 71
34 41
45 65
74 78
76 80
89 99
37 41
54 63
19 24
79 88
49 56
28 40
10 13
47 53
20 38
30 44
65 76
61 69
31 49
28 35
5 23
86 95
85 93
14 37
2 12
78 83
69 75
16 21
61 83
12 20
85 96
63 68
82 86
60 79
57 72
1 14
30 34
56 65
80 84
43 57
87 99
70 81
57 66
52 56
43 62
10 20
68 76
18 39
47 53
8 15
6 14
65 71
44 71
87 97
31 47
57 65
19 29
78 98
91 98
46 56
82 86
18 23
67 77
44 45
34 44
77 81
61 76
50 73
12 19
53 56
45 56
45 50
63 67
2 9
26 62
20 24
5 27
28 31
56 62
69 93
16 19
72 87
25 42
54 75
5 37
63 72
23 32
46 52
86 95
41 74
6 20
22 38
74 81
50 52
76 87
1 6
59 76
82 88
76 84
20 30
4 16
32 44
12 21
3 19
15 25
25 35
44 57
26 38
65 75
60 76
19 33
36 42
6 22
62 74
42 49
10 22
41 51
31 35
9 29
49 59
63 67
55 66
18 24
27 33
21 27
67 80
58 66
8 14
83 92
33 52
38 49
33 38
28 36
26 44
79 87
59 80
11 13
74 80
76 86
70 86
22 34
36 46
74 85
74 88
28 49
77 93
23 34
95 98
53 73
39 45
50 58
3 10
24 28
73 78
12 16
76 93
1 17
9 17
62 65
6 27
78 81
12 26
81 88
72 77
65 71
72 79
3 23
50 54
61 76
32 38
28 38
30 33
84 89
10 16
68 84
76 85
89 94
42 58
76 78
83 87
35 37
35 50
18 23
19 21
64 93
36 42
57 65
66 88
42 67
61 71
21 24
35 53
4 12
21 27
66 76
41 45
37 45
35 51
53 78
70 80
29 30
12 39
11 21
62 78
19 30
89 99
67 75
42 46
56 69
23 34
20 25
10 13
79 90
89 98
63 79
62 68
63 75
91 100
8 29
24 34
47 55
70 77
59 77
51 58
37 52
52 68
32 48
4 14
6 14
25 38
23 30
56 62
61 71
50 71
24 33
67 78
46 57
22 48
57 72
2 11
87 100
33 56
13 25
7 35
43 50
1 11
26 31
9 13
9 23
37 54
24 31
31 40
43 55
19 53
85 96
1 4
14 22
90 93
56 78
19 31
49 58
23 45
92 100
34 43
48 57
43 53
32 46
17 31
60 83
26 35
21 35
54 73
69 79
69 82
40 48
28 58
20 25
15 26
80 87
21 31
3 25
89 99
78 95
25 42
22 29
67 76
35 50
30 40
40 43
42 48
40 72
34 50
77 93
35 41
78 88
62 66
41 61
64 77
39 45
39 49
15 31
37 59
87 100
64 76
2 12
33 49
37 52
64 82
75 90
38 60
70 82
31 41
45 65
61 68
2 7
24 33
45 62
45 63
11 25
2 14
24 36
50 57
49 56
22 29
87 96
47 71
65 73
72 86
14 21
69 80
78 86
1 12
65 80
74 81
82 87
20 34
43 57
8 15
66 78
63 71
27 34
25 28
28 38
74 82
38 49
1 11
78 91
75 90
71 76
16 21
86 96
73 81
8 17
71 80
87 98
22 28
36 53
86 92
81 93
50 57
22 26
24 32
79 83
71 77
70 86
13 24
43 47
11 22
73 82
32 46
80 87
6 26
40 56
56 75
20 46
19 23
75 88
85 92
15 20
73 79
72 88
4 21
63 71
80 90
31 71
43 59
71 76
82 88
65 69
10 17
23 30
26 31
21 32
84 88
56 64
90 97
65 77
74 93
35 51
90 94
77 91
42 47
50 52
75 84
60 67
68 91
82 88
28 32
96 100
3 18
70 76
17 25
57 75
37 54
72 83
48 67
43 51
83 94
46 57
61 63
17 26
83 90
33 50
40 51
24 36
79 100
19 32
11 17
85 91
57 66
63 68
47 56
83 88
41 55
57 65
9 17
16 26
29 39
66 71
77 88
57 65
53 66
64 70
88 93
36 53
29 37
12 35
74 77
75 78
30 41
40 55
36 47
87 98
3 27
52 57
77 83
14 32
90 92
16 17
69 75
90 95
38 44
10 17
77 98
4 13
20 24
31 59
76 79
50 54
83 88
85 92
58 73
95 98
43 72
25 31
60 63
72 85
1 6
81 86
2 15
35 46
67 77
44 47
35 46
29 36
7 10
79 81
58 61
4 11
35 52
81 86
65 69
45 49
31 49
86 93
17 50
25 37
31 55
50 72
22 29
52 82
16 24
23 32
56 64
47 50
36 41
60 84
46 51
82 93
9 21
39 42
5 21
88 100
66 69
49 64
76 79
63 77
8 17
38 44
70 80
16 26
79 93
16 35
36 44
5 22
32 46
44 52
6 22
24 39
89 100
17 20
42 47
63 90
86 96
8 11
62 73
44 52
72 77
56 67
30 38
79 99
86 98
17 29
34 47
47 56
65 75
58 61
58 81
16 21
34 40
56 71
2 38
88 89
46 85
4 8
11 34
41 43
74 81
62 68
7 13
29 39
85 94
69 75
59 67
84 99
15 24
48 53
62 70
7 23
35 48
51 55
19 29
85 93
52 60
56 72
6 13
55 72
15 22
19 27
29 33
48 52
44 64
21 31
11 16
16 20
17 22
66 76
64 79
27 37
13 42
28 43
76 83
46 56
74 82
2 14
10 17
10 24
84 93
80 96
50 59
69 81
43 69
87 93
46 53
6 10
69 79
95 99
58 60
79 93
90 95
74 80
38 52
10 29
34 51
72 88
22 26
48 55
54 61
9 19
17 24
79 82
21 27
76 97
65 74
63 75
75 91
3 10
16 31
26 28
79 97
40 58
56 63
88 97
49 57
73 81
67 74
57 63
62 70
26 41
46 47
61 67
60 72
3 26
44 54
12 29
29 42
1 39
44 53
43 55
60 65
36 65
43 50
81 87
52 61
59 98
9 20
23 34
31 44
56 79
5 13
25 45
81 96
90 95
71 80
4 27
51 65
42 48
17 22
10 15
42 61
19 35
74 86
68 74
22 41
46 56
20 28
55 75
83 94
20 44
40 48
23 34
65 73
69 85
66 78
74 75
49 57
9 22
94 100
5 9
2 9
25 39
39 45
40 47
20 30
26 38
85 92
38 41
65 91
51 55
66 76
29 36
2 11
25 35
12 24
26 40
8 20
47 64
21 27
50 70
28 38
49 57
27 47
31 40
48 65
46 56
7 15
36 47
39 46
54 56
86 92
25 27
17 31
52 61
6 13
5 12
38 43
71 83
15 27
8 13
84 90
65 77
93 97
40 46
5 15
50 63
25 36
65 67
84 88
32 39
2 5
43 49
14 25
48 58
69 74
88 96
5 28
15 21
45 57
70 73
45 49
66 70
35 48
57 64
60 75
19 21
61 76
43 49
47 54
73 78
6 48
22 34
75 87
60 73
89 96
34 42
33 43
3 20
25 34
49 59
42 49
28 33
76 83
41 52
34 45
11 23
68 85
65 76
27 29
12 19
83 89
55 74
39 54
70 91
12 23
67 78
48 55
65 73
16 18
66 86
21 25
44 51
13 35
33 55
22 25
42 55
75 84
25 32
35 40
84 90
85 93
79 81
27 49
84 96
10 20
65 74
13 21
7 15
5 9
38 71
81 92
4 16
60 66
35 44
56 75
32 38
81 100
65 94
41 56
91 100
50 60
28 47
21 24
32 52
66 70
71 74
72 80
77 86
22 37
21 27
31 40
50 54
57 59
55 75
33 41
12 20
60 71
15 24
35 50
35 42
94 96
93 97
5 23
83 96
1 17
20 25
94 99
93 99
5 13
15 30
7 24
3 15
93 98
16 24
11 16
17 65
83 94
40 46
24 32
2 20
64 71
1 34
17 20
55 75
72 81
33 41
66 75
52 84
46 57
47 58
66 72
19 30
28 56
91 96
46 63
91 98
72 89
88 95
56 68
39 66
30 39
9 14
56 64
41 55
29 38
39 60
43 44
78 86
39 51
10 14
53 73
30 36
22 24
40 48
5 25
60 71
19 32
11 17
75 80
79 92
86 98
40 77
78 99
50 53
74 99
46 47
18 51
72 80
73 81
69 81
9 12
22 42
17 30
50 63
77 83
85 91
58 74
79 88
37 75
97 100
29 39
8 18
24 31
49 52
78 87
24 37
88 98
20 35
86 90
22 30
3 13
61 70
2 10
25 57
65 68
3 13
80 89
60 78
29 42
20 38
23 46
90 93
76 82
75 98
90 96
57 84
26 33
5 14
79 91
86 89
32 50
38 60
44 60
70 75
5 20
80 99
62 66
16 24
60 73
26 34
57 65
37 54
13 30
19 23
6 9
74 80
87 92
71 87
29 39
21 43
73 84
43 48
18 25
7 13
77 87
48 51
35 45
47 57
25 34
61 67
81 95
39 46
86 94
64 80
77 80
80 87
14 31
71 87
49 57
82 93
14 20
34 45
5 27
78 88
60 68
72 75
16 53
8 20
81 87
11 16
10 29
15 21
9 16
16 28
84 95
10 23
52 62
9 12
50 54
84 88
93 100
65 83
45 69
95 97
5 19
33 42
15 20
63 67
83 98
35 73
46 67
41 49
86 95
8 20
76 88
62 93
4 10
81 99
22 36
36 44
1 13
73 90
44 89
72 80
10 19
81 94
64 74
77 87
69 90
24 32
15 25
41 57
75 85
76 84
83 95
40 49
50 70
59 62
3 15
3 14
2 13
61 67
48 50
89 98
39 48
86 91
45 73
66 84
92 100
7 20
70 88
37 50
55 61
14 27
80 93
64 66
40 51
20 63
79 91
39 45
54 75
3 7
57 71
71 80
5 19
66 89
8 16
1 33
32 50
54 77
91 97
78 87
37 66
12 25
76 90
79 87
20 32
59 67
22 30
71 98
12 26
48 60
68 74
6 10
47 61
8 20
5 10
40 55
67 77
13 29
11 41
60 71
18 29
67 83
35 42
71 75
86 90
74 90
51 65
45 58
20 29
5 16
59 67
16 38
40 46
14 20
42 47
36 51
21 33
46 53
69 81
16 42
1 10
38 44
50 74
56 61
72 77
77 86
56 67
9 13
6 17
24 50
64 71
74 97
83 95
82 93
46 56
48 54
2 8
83 89
75 80
65 75
18 25
90 98
32 41
87 94
35 46
86 91
73 83
2 14
78 86
42 51
81 100
69 76
87 92
91 97
14 18
60 65
30 59
83 98
17 53
69 71
55 64
83 87
44 57
70 78
51 61
87 91
43 51
53 63
86 94
64 68
6 21
15 21
76 96
31 37
22 27
49 54
73 83
23 37
22 27
93 98
60 84
55 92
13 41
40 65
61 67
79 88
46 52
51 58
97 100
39 66
10 16
55 61
16 21
1 15
14 23
57 64
24 35
78 83
48 57
69 70
46 51
64 72
79 97
68 80
1 15
62 72
21 25
29 37
21 22
37 83
6 20
8 20
64 68
81 86
40 46
7 30
36 52
12 30
41 50
26 38
17 22
12 16
4 14
75 82
83 88
65 76
71 75
83 92
59 65
27 31
78 82
68 92
46 68
60 74
48 61
63 65
47 62
74 86
31 40
86 96
69 73
66 76
95 99
90 98
10 15
87 98
38 46
14 23
29 43
68 88
72 77
15 22
24 31
6 10
72 83
29 36
34 47
33 39
10 19
41 52
28 33
8 32
14 20
55 57
21 26
46 53
79 81
2 32
12 28
57 61
63 67
80 95
70 76
6 22
14 23
10 18
70 82
64 73
25 27
46 50
19 42
31 79
20 26
86 91
82 91
19 26
74 97
64 79
40 61
71 76
14 24
65 86
47 67
85 91
13 20
2 11
48 52
80 98
5 11
37 49
33 52
82 91
73 79
45 49
23 30
37 64
80 100
76 89
80 88
32 38
15 24
67 84
68 79
29 33
34 40
23 27
53 74
68 73
28 34
91 100
53 63
92 100
41 61
64 65
32 42
13 24
48 57
57 64
7 12
61 77
31 48
41 59
95 98
73 84
20 27
75 86
11 39
31 54
25 33
27 65
32 40
44 54
1 38
15 24
71 82
33 60
64 92
5 14
6 12
74 84
44 51
40 45
29 32
37 42
11 39
51 63
50 58
73 79
72 75
27 54
6 14
83 90
34 52
6 14
12 26
26 33
17 25
59 68
90 98
64 83
37 45
53 59
23 31
74 89
28 45
57 64
64 93
56 60
65 85
21 29
30 35
19 22
37 60
71 75
12 30
43 57
75 81
52 61
36 45
81 99
8 10
78 96
70 79
8 17
79 86
39 71
35 40
48 62
73 77
53 72
16 28
24 86
44 54
74 82
9 25
57 66
25 43
15 25
35 41
93 96
67 91
15 28
61 69
48 60
1 12
3 14
33 36
81 87
31 40
66 76
34 41
74 80
44 51
6 14
23 36
24 44
25 28
80 90
76 83
72 80
5 19
8 11
26 33
59 89
39 46
58 66
4 7
73 81
3 25
81 87
32 47
47 63
46 49
7 16
77 96
76 79
83 98
55 66
79 83
53 60
35 60
46 52
33 42
67 76
62 65
91 93
1 26
80 91
27 37
27 31
27 49
23 33
12 24
82 95
57 61
12 20
68 72
29 43
29 35
35 42
27 47
8 26
38 60
76 83
14 25
32 46
76 99
46 57
20 32
82 92
41 67
75 81
42 70
79 87
69 72
85 92
27 65
38 70
16 35
30 39
15 29
57 67
52 54
13 32
93 99
60 98
28 29
55 62
34 47
56 65
71 92
58 78
64 84
88 97
14 31
23 28
37 85
5 17
7 10
49 63
84 91
6 24
64 68
91 96
56 64
51 55
21 27
3 6
56 76
58 61
38 49
8 15
42 62
23 33
70 86
4 15
20 29
33 36
62 74
70 77
43 59
87 90
21 25
46 55
70 97
85 97
80 94
58 65
76 97
66 69
32 44
86 95
15 33
72 86
78 96
81 84
13 17
84 94
42 54
74 83
29 36
23 29
76 84
48 52
66 75
11 19
74 89
60 66
63 67
8 13
50 61
15 32
41 54
4 12
36 54
34 44
37 47
34 73
19 23
82 96
29 37
29 52
21 24
82 98
55 67
37 51
48 57
84 92
8 21
65 83
27 38
5 13
10 16
45 89
56 58
30 43
20 31
32 43
58 84
45 60
58 61
55 84
39 45
54 72
35 42
23 69
38 58
20 26
43 56
89 99
81 89
60 64
7 14
1 20
31 44
36 58
12 22
49 57
14 20
38 47
7 11
25 35
14 36
65 84
90 95
34 38
52 76
49 75
86 90
35 42
74 78
37 43
32 40
92 98
31 40
7 12
80 89
77 82
13 18
77 88
68 76
24 37
11 17
80 97
75 92
6 10
66 78
29 54
64 94
84 90
22 34
9 24
74 92
67 96
85 98
65 73
56 64
7 18
19 25
40 66
85 95
81 88
45 57
23 35
53 61
26 30
23 27
16 31
79 84
94 100
10 14
29 40
37 52
10 28
53 78
20 34
7 23
31 35
2 12
46 54
31 35
37 58
60 81
51 59
83 92
55 66
67 77
75 79
20 23
46 52
55 65
71 76
10 26
34 35
17 23
36 61
53 65
90 92
51 53
87 92
5 31
68 86
5 7
23 34
76 79
87 94
40 66
7 29
29 33
54 75
51 63
22 30
52 63
58 74
56 66
11 23
78 89
16 23
19 24
36 46
83 89
44 51
55 65
64 65
71 83
31 59
6 24
2 4
9 27
71 79
51 71
16 26
35 51
2 8
96 100
10 23
78 95
12 43
37 40
97 99
4 20
66 70
11 29
27 33
39 59
50 62
89 92
80 89
75 87
28 38
51 57
68 73
67 72
88 93
25 34
56 73
77 88
5 14
64 70
23 31
60 68
39 43
76 79
76 83
7 21
11 18
47 69
61 82
6 17
58 91
39 46
6 12
39 46
93 98
71 75
34 45
73 84
52 61
77 88
61 64
5 18
84 91
88 98
7 19
80 91
58 77
48 60
90 94
79 93
32 41
15 23
52 67
32 42
78 92
88 97
42 50
32 48
27 42
21 39
29 41
17 27
44 51
15 20
93 98
26 35
48 78
31 46
58 63
39 57
86 92
17 34
54 60
22 27
47 53
25 39
67 82
10 31
40 50
18 37
76 87
78 81
5 9
49 54
91 98
86 100
13 34
71 80
27 44
69 77
87 93
59 78
26 56
86 99
52 54
80 84
94 96
12 32
91 96
68 73
90 94
48 56
15 34
37 43
24 39
30 34
76 78
14 35
23 27
85 90
38 49
12 21
16 26
32 44
23 29
36 46
55 59
62 77
76 77
9 18
47 68
41 54
85 91
21 37
40 47
61 73
87 91
38 49
69 74
37 48
1 6
83 91
67 77
6 13
39 43
17 24
88 96
55 81
73 89
80 88
12 23
47 50
3 6
25 31
8 15
58 63
70 82
6 8
33 43
92 97
83 89
80 89
74 84
60 69
77 91
68 74
35 50
18 35
66 70
40 42
62 80
8 15
34 53
57 62
43 52
68 79
30 37
9 18
23 30
2 14
81 90
45 67
1 13
53 56
87 95
14 22
65 74
22 40
59 61
71 73
25 37
45 65
82 87
95 99
16 23
71 74
17 22
48 61
74 92
76 88
33 42
64 69
34 44
80 100
38 55
4 9
65 72
49 54
3 5
36 42
40 43
69 76
19 38
67 99
16 28
68 73
92 94
77 83
15 28
42 49
9 11
67 79
63 73
50 59
2 9
54 58
61 66
95 99
76 86
19 24
74 85
69 73
58 75
85 93
88 95
11 36
59 73
76 79
26 38
61 74
73 82
15 21
40 58
17 55
80 86
15 33
67 79
6 8
7 10
38 47
14 30
82 87
89 100
81 86
52 57
45 56
10 18
61 67
31 35
20 36
24 26
4 17
24 44
32 50
61 82
37 43
8 12
43 56
79 95
58 70
53 65
67 86
21 28
78 80
86 98
35 44
44 77
60 70
53 60
43 61
89 91
19 20
42 49
21 23
60 72
18 22
41 63
76 87
11 27
40 46
93 100
5 7
29 34
73 80
15 17
23 31
49 58
81 91
5 16
89 95
24 33
88 97
7 22
56 70
20 29
13 26
78 96
51 59
92 97
34 35
16 22
51 61
19 31
52 55
75 80
7 14
20 41
2 6
61 79
78 88
9 12
55 76
10 17
86 97
56 67
48 65
86 95
33 45
1 8
59 61
24 27
82 88
92 98
40 46
38 48
50 65
61 72
52 56
25 36
21 28
83 91
46 56
79 100
14 16
69 78
84 94
90 93
82 87
42 47
6 16
96 100
56 70
22 47
58 68
90 94
91 96
7 20
15 20
16 36
21 24
88 100
28 37
2 38
41 55
36 52
14 21
34 72
77 94
62 66
20 39
11 14
3 14
13 16
25 38
78 89
26 46
56 61
25 34
32 37
66 73
24 38
54 62
9 19
23 37
58 66
59 82
37 56
52 57
40 48
80 86
15 31
65 72
28 48
12 23
67 97
13 20
12 31
10 11
4 31
34 73
9 21
86 89
41 45
63 67
4 11
7 14
34 48
88 97
58 65
8 22
86 96
47 65
76 94
39 57
31 45
82 96
75 92
52 63
73 81
43 53
35 40
85 93
14 22
53 59
13 21
40 51
65 74
73 99
86 93
50 56
4 14
76 84
30 34
55 72
1 5
2 23
58 92
47 51
8 28
1 6
82 96
87 96
48 54
38 41
94 98
59 64
10 24
75 96
42 55
5 34
50 54
69 77
87 96
63 76
78 92
72 96
95 100
49 53
62 74
42 46
64 82
5 15
25 32
34 46
39 43
5 30
92 97
69 73
46 49
91 96
27 31
13 20
3 5
70 75
28 63
77 84
65 67
75 83
68 75
80 97
20 25
33 45
63 69
71 78
56 72
69 76
14 45
33 39
42 49
49 69
50 60
65 75
91 93
22 27
13 24
79 89
29 30
1 12
92 99
88 97
27 42
39 65
74 86
6 23
5 14
9 18
16 27
74 78
19 36
26 33
44 62
22 43
60 70
78 82
51 60
35 49
35 56
82 98
23 34
70 89
30 35
34 51
18 28
37 48
24 62
41 58
42 58
64 78
34 43
11 20
43 47
53 58
36 42
79 87
31 42
70 85
65 66
77 80
15 26
41 54
6 17
53 60
80 97
20 37
66 69
18 43
75 88
89 92
64 79
36 47
64 69
23 33
64 77
72 82
6 15
37 47
79 86
61 65
4 8
47 84
20 62
59 75
37 41
90 98
84 96
42 44
12 20
2 5
30 34
89 98
26 38
20 25
38 46
34 49
37 43
65 84
61 62
59 70
27 48
63 81
19 23
75 93
35 45
4 51
35 40
45 50
8 12
63 68
55 66
75 100
71 79
67 75
79 86
15 21
90 95
31 45
71 74
55 72
84 93
33 48
72 86
19 30
63 69
76 82
33 49
85 89
79 93
47 49
40 51
35 49
87 94
46 91
68 75
47 52
47 58
22 38
86 93
43 66
24 37
89 98
54 70
26 33
93 97
12 19
21 40
73 95
1 6
58 61
22 40
40 46
67 76
58 67
1 8
33 44
55 87
77 86
36 44
12 21
59 71
3 20
17 24
33 38
76 98
5 20
37 49
15 23
74 93
77 84
18 38
4 18
39 57
67 95
23 40
82 90
42 46
41 49
49 71
60 75
79 97
70 82
35 41
90 96
36 49
49 57
66 73
60 66
91 96
40 49
65 69
51 61
2 8
41 45
23 95
74 82
50 56
1 11
70 81
45 49
62 73
8 15
15 27
71 87
81 88
77 86
76 87
32 46
10 25
43 66
5 21
48 55
19 22
20 37
61 67
8 27
91 100
28 36
56 76
19 42
4 12
63 74
22 40
50 57
20 34
90 100
34 50
25 35
45 53
37 57
38 42
57 87
40 54
8 36
85 100
90 94
41 78
65 77
65 86
73 77
44 52
56 67
69 80
73 87
34 41
63 81
42 56
74 81
39 49
67 78
66 73
41 57
77 79
4 8
86 95
24 35
10 23
28 41
48 55
76 85
19 27
29 44
40 44
13 22
37 44
31 40
51 60
3 11
68 89
34 58
8 13
24 33
73 81
94 99
27 36
38 48
66 89
66 74
43 51
51 64
94 99
35 40
34 47
22 28
56 63
49 52
67 71
61 85
38 44
27 34
86 91
5 22
29 74
65 70
57 66
43 46
67 79
26 40
30 45
34 40
61 70
65 74
31 37
61 76
22 36
23 25
48 63
6 16
59 69
18 20
61 98
18 27
8 22
27 36
82 84
12 15
39 51
82 90
35 48
51 52
60 72
27 39
61 87
46 53
41 63
33 47
39 63
60 70
82 87
51 72
70 86
59 70
75 79
13 17
88 100
23 29
39 46
54 62
18 36
68 82
82 93
2 14
14 24
64 70
40 48
86 94
49 61
47 57
48 57
51 59
12 16
16 30
14 17
43 49
17 23
75 77
63 95
79 82
71 79
64 70
71 80
77 87
22 30
33 43
46 70
39 66
38 61
54 71
79 87
14 28
50 58
55 65
45 52
48 54
2 20
3 13
7 23
57 62
39 48
3 9
56 58
81 89
86 94
39 52
11 25
40 44
81 87
47 78
76 90
16 24
49 57
28 51
93 97
73 84
70 83
10 16
67 80
62 78
64 73
42 50
18 33
38 48
13 28
44 49
28 34
75 86
24 33
20 36
63 74
25 31
49 62
51 54
5 9
33 49
95 99
46 54
20 33
18 27
6 15
61 69
93 95
4 22
84 93
88 96
27 48
41 49
42 56
21 43
23 30
50 60
61 88
14 37
27 31
70 94
93 99
82 86
43 52
13 18
10 17
36 43
39 47
1 6
58 67
50 69
4 8
25 32
36 43
78 82
78 82
6 9
37 40
57 61
79 84
39 52
82 96
39 58
77 91
94 96
65 74
58 69
63 82
55 63
34 53
49 65
79 100
63 73
8 11
71 81
25 32
7 13
42 52
91 98
31 36
16 23
47 51
59 65
60 66
35 38
74 93
24 52
1 4
40 47
56 68
53 60
95 100
86 92
31 45
30 38
25 34
78 94
29 38
12 21
40 46
14 19
23 30
81 88
75 80
37 41
67 77
11 43
29 34
54 63
48 61
26 29
76 84
15 18
69 81
42 47
51 66
34 43
91 98
41 46
39 45
17 18
26 58
46 55
26 45
8 17
86 98
44 57
28 40
4 6
66 73
74 80
70 75
82 84
9 23
38 46
35 64
44 49
9 17
65 77
75 94
16 28
88 91
46 53
52 58
76 78
19 22
85 91
5 16
41 52
22 30
58 61
4 13
59 67
60 62
15 19
16 31
15 17
47 56
42 58
41 53
69 76
43 56
88 92
88 100
81 91
21 28
83 89
29 33
47 78
80 89
69 78
80 84
26 42
13 19
55 62
32 47
17 37
29 36
84 92
21 41
41 49
3 15
16 40
49 78
66 71
14 22
54 56
71 81
2 15
57 66
68 78
21 28
77 81
23 37
73 77
18 23
93 96
79 93
69 79
70 90
81 88
36 38
48 66
2 8
36 41
3 32
58 68
53 58
34 53
72 77
51 58
23 42
65 66
61 64
64 69
77 85
20 27
68 73
82 98
19 29
3 6
65 78
65 88
27 31
76 85
74 88
55 59
26 30
29 34
49 62
43 51
35 47
91 97
27 37
56 69
28 35
40 50
17 23
25 38
57 69
82 89
30 39
55 73
1 19
14 22
6 15
40 51
64 77
89 93
37 41
30 57
73 83
49 56
60 69
66 94
1 13
15 23
57 70
87 96
58 62
8 16
40 70
81 93
27 38
60 65
15 44
46 62
46 63
92 99
34 67
69 73
17 22
42 57
21 27
22 30
68 76
85 95
42 57
71 87
2 10
65 75
17 24
27 31
50 67
43 69
82 99
8 18
34 58
60 79
83 99
7 9
61 74
39 43
79 96
80 85
72 80
83 96
47 52
74 85
17 23
88 91
57 66
3 10
64 75
70 74
23 31
41 43
21 30
43 57
33 45
74 98
6 21
82 86
2 15
28 31
22 28
12 16
14 23
67 70
86 100
21 39
9 15
45 58
33 36
64 72
42 54
16 29
68 74
68 95
7 24
66 69
30 44
37 41
63 72
60 73
7 13
43 49
77 97
6 14
20 23
47 56
40 49
49 58
5 20
25 31
23 26
83 90
56 74
39 49
75 78
62 79
81 86
37 42
45 58
24 42
89 94
5 11
11 21
64 71
33 42
40 46
56 64
58 60
4 25
22 32
78 88
45 53
83 88
52 69
14 42
28 37
32 45
77 91
62 80
62 68
90 93
13 20
21 31
71 79
6 15
59 71
83 96
93 100
40 46
61 66
45 52
70 81
8 15
61 66
32 34
11 15
33 48
36 57
66 69
48 54
3 13
93 97
23 33
12 21
18 22
21 29
72 89
27 46
37 39
73 87
57 63
72 83
20 21
85 97
65 78
13 38
68 79
37 47
84 94
78 81
21 48
60 67
53 80
37 42
90 96
67 77
15 18
28 97
30 34
19 21
42 56
63 73
76 92
35 40
62 84
86 97
28 37
87 94
8 26
7 21
77 98
10 31
37 45
38 46
75 88
25 33
73 80
93 99
46 57
25 34
35 43
45 68
74 81
50 60
73 87
30 38
51 55
75 94
55 59
83 96
43 59
18 24
54 65
44 54
75 99
20 24
83 100
71 87
11 20
80 83
22 34
79 96
31 39
8 24
4 27
52 62
63 68
15 23
32 57
26 33
52 65
59 72
42 64
63 72
82 91
45 52
11 34
26 30
54 61
64 67
56 94
72 87
61 65
45 47
73 100
57 79
65 75
86 92
76 83
82 87
78 83
1 7
61 70
2 20
3 6
11 27
47 53
58 72
25 45
74 79
62 69
1 22
14 22
8 26
81 91
63 73
22 25
40 48
68 87
55 62
74 78
41 53
31 34
14 19
56 82
6 11
50 57
57 73
25 40
78 85
32 43
48 52
38 62
49 63
40 44
37 46
49 56
24 32
23 29
37 50
85 90
63 71
83 89
44 48
40 61
55 81
51 61
48 63
48 52
68 75
9 18
88 98
54 68
87 94
46 50
18 35
90 92
14 31
42 48
94 98
29 47
91 95
5 11
33 43
44 51
86 98
6 20
38 78
3 11
86 97
55 65
27 41
54 68
86 92
24 32
39 50
58 65
40 66
49 56
43 58
3 9
61 78
67 87
86 98
18 28
50 60
8 16
32 36
22 28
68 96
41 49
42 54
94 98
63 69
15 19
27 40
13 28
36 47
53 74
39 46
49 79
77 94
27 38
59 68
91 99
57 74
63 69
77 87
6 15
43 59
38 55
37 50
31 43
24 30
23 37
68 80
66 82
89 91
79 85
89 93
3 13
83 92
66 73
19 24
87 97
61 67
27 61
48 59
52 59
62 68
68 75
53 62
81 85
38 45
49 58
17 29
53 60
91 96
11 14
31 41
40 48
45 55
86 97
74 79
31 62
50 55
36 41
82 88
66 70
17 28
50 55
41 44
10 12
41 55
22 28
12 19
25 28
58 70
33 55
75 77
25 30
23 30
42 47
81 86
13 33
23 28
8 11
23 37
27 41
44 74
76 82
8 17
32 45
19 36
51 56
31 41
6 14
19 34
5 7
81 88
37 43
3 10
13 21
3 8
74 78
29 36
29 49
1 6
43 59
43 51
59 83
61 65
86 90
51 65
55 63
80 90
73 80
41 50
36 44
12 21
43 55
90 99
53 65
21 27
71 90
9 16
37 44
30 38
10 19
8 13
79 87
73 78
45 58
36 42
9 21
32 45
74 78
75 91
43 58
6 18
6 49
48 60
70 92
55 58
81 87
68 86
47 53
82 88
23 33
21 30
59 70
73 76
15 26
17 32
19 24
26 32
36 46
3 7
31 35
66 74
66 71
46 52
4 7
11 21
60 91
14 26
60 62
6 10
43 47
69 81
29 35
56 58
71 86
81 87
75 90
56 62
32 37
14 33
22 44
75 78
34 41
1 13
6 13
50 53
34 50
2 7
5 13
89 95
71 74
32 42
68 72
37 59
2 16
62 65
80 92
14 21
22 27
58 62
45 55
62 68
69 76
18 31
79 83
71 76
61 73
48 50
15 26
84 93
57 63
72 82
58 71
49 82
12 15
72 77
82 94
53 58
64 71
74 80
20 42
7 26
11 17
17 42
9 20
2 12
39 57
29 41
29 68
42 74
15 21
60 66
67 79
17 30
46 90
8 14
7 12
1 8
71 78
60 67
30 48
88 98
71 82
74 81
84 93
71 83
65 66
61 67
56 65
14 32
26 45
35 48
90 100
22 36
19 23
43 45
26 43
66 77
63 79
85 90
2 12
39 44
58 65
14 24
22 33
87 88
65 75
27 30
22 39
18 42
88 93
64 80
16 28
66 69
65 73
30 38
71 79
6 14
11 15
36 42
60 88
38 46
24 29
66 72
83 96
29 38
29 33
65 71
17 24
41 50
27 44
15 18
65 75
51 59
49 58
12 20
67 90
43 48
55 73
21 41
90 93
60 75
24 37
48 49
58 67
85 96
64 69
74 85
49 55
87 91
69 81
73 84
55 71
39 67
41 53
46 54
79 84
4 42
48 76
55 63
88 91
85 91
3 12
43 51
16 20
28 31
8 17
44 66
17 24
28 62
47 61
72 82
13 26
71 80
88 96
85 90
77 87
62 81
62 85
55 60
75 95
27 40
87 100
21 31
28 41
21 24
69 74
55 77
69 94
70 74
75 94
61 65
25 27
31 44
34 47
78 85
88 92
55 74
90 95
50 62
71 84
13 16
77 91
25 42
46 54
91 98
61 71
62 71
78 83
87 92
76 83
12 58
11 14
42 48
42 50
37 58
51 59
74 78
55 60
81 86
49 62
66 71
55 66
5 8
23 31
7 20
37 56
61 77
1 12
56 60
22 28
79 83
42 62
24 51
13 17
19 30
31 34
57 63
34 46
5 12
28 36
87 100
86 94
34 40
80 91
46 53
43 46
79 84
48 52
25 42
25 38
47 57
25 67
89 92
24 27
10 35
94 98
83 92
24 35
68 77
12 21
56 79
22 37
86 93
67 71
46 58
84 88
10 18
1 17
25 41
75 77
60 66
22 26
63 71
75 86
78 88
67 97
50 60
10 20
72 77
62 68
31 39
58 66
61 84
81 83
66 79
8 17
44 61
91 100
70 74
63 74
66 77
50 56
45 47
14 20
55 74
15 26
49 55
7 22
5 9
23 32
49 54
50 64
24 26
41 47
26 54
8 15
62 64
23 37
32 66
30 32
19 26
30 40
32 38
87 95
92 95
48 53
62 67
33 35
65 73
53 60
16 30
58 74
64 79
12 31
2 9
21 35
92 97
37 46
1 19
12 18
49 67
35 38
37 43
92 99
40 49
94 99
31 43
56 58
12 17
54 60
60 100
39 53
48 58
57 62
16 25
12 29
69 84
71 98
49 63
31 46
48 61
28 31
24 31
49 55
12 19
77 89
8 14
2 22
39 70
69 100
29 34
54 74
53 63
8 18
72 78
52 58
23 32
54 86
48 61
52 71
29 70
5 16
9 20
39 43
50 56
34 49
20 25
23 27
46 52
92 99
58 64
55 64
8 19
90 99
90 95
18 22
6 13
85 96
24 28
92 97
60 65
40 48
49 54
81 85
41 46
19 28
76 82
90 94
46 70
45 57
27 55
45 73
17 20
9 12
23 29
56 65
32 36
71 75
23 34
60 75
82 93
46 53
11 22
91 99
31 40
15 38
56 63
54 68
57 60
47 60
2 13
87 96
34 47
77 83
87 97
67 86
58 66
91 100
67 71
87 94
22 28
18 25
27 37
68 78
66 91
13 29
45 50
83 99
1 15
37 43
20 37
26 33
54 58
63 71
18 29
63 89
87 95
31 57
26 40
62 85
83 99
32 41
19 34
14 18
45 51
31 34
85 97
50 56
58 74
65 68
91 98
34 53
74 83
74 77
62 76
2 15
21 24
43 49
73 85
74 91
36 40
7 23
35 53
26 31
45 46
19 27
70 76
19 32
75 86
41 64
84 93
51 58
29 37
84 90
65 72
60 79
35 40
57 64
75 78
12 22
62 80
17 25
27 35
61 79
84 85
37 81
63 66
52 56
29 40
72 85
71 93
48 56
28 48
51 63
66 86
43 53
90 100
3 14
12 21
76 94
54 63
16 31
31 40
61 75
50 81
73 83
52 62
49 59
81 94
65 77
14 21
68 80
48 53
41 47
26 29
37 56
16 25
38 76
44 59
10 38
59 71
26 29
61 74
68 84
14 21
2 8
87 95
4 12
19 35
52 58
11 13
48 56
64 90
40 68
78 83
83 96
58 75
57 65
63 72
70 76
15 37
11 16
47 52
64 71
65 77
30 58
80 83
7 15
18 21
64 72
55 74
6 18
53 55
70 79
16 31
88 91
2 33
38 41
31 42
15 30
74 77
18 24
70 80
37 45
25 34
57 67
14 18
22 25
4 11
90 97
41 52
52 61
70 80
74 80
75 79
12 22
86 96
77 84
44 53
23 26
27 34
73 77
38 45
6 21
77 85
30 32
42 49
67 73
57 71
10 16
8 22
27 44
62 74
61 68
26 47
39 44
67 75
23 34
31 39
76 82
88 95
47 55
68 83
55 62
50 58
16 27
19 24
69 71
30 38
53 57
43 49
44 55
73 83
9 21
54 59
97 100
44 56
75 82
13 19
49 64
71 76
54 64
65 82
94 96
69 77
31 71
35 47
25 34
22 28
72 90
77 84
15 21
46 50
70 88
67 88
61 73
69 73
27 34
9 15
24 37
36 44
31 45
57 62
23 38
43 57
71 92
64 78
15 18
52 64
31 52
23 42
52 58
14 42
91 98
52 62
30 34
75 91
33 38
78 91
28 38
53 64
38 44
71 88
40 47
35 41
57 74
16 30
66 78
86 90
32 61
29 32
3 42
82 89
86 94
44 53
33 37
49 57
40 55
92 100
42 60
34 39
72 81
64 77
72 80
5 17
87 93
30 33
18 26
28 33
76 97
17 26
36 49
29 40
64 77
27 35
32 45
93 99
78 82
63 75
80 89
89 99
54 63
54 64
30 33
15 24
25 28
22 38
60 67
86 93
8 14
65 69
88 94
38 46
88 98
39 49
77 83
63 84
27 34
56 84
94 100
54 66
71 87
33 49
37 55
5 15
5 16
59 72
51 66
52 62
12 34
50 67
85 97
23 28
70 72
18 49
24 30
51 56
6 15
36 47
23 27
21 30
76 87
70 79
38 43
7 12
63 88
59 80
61 65
16 28
31 35
41 47
77 85
19 23
51 63
6 19
42 68
17 41
41 44
8 20
14 36
82 85
47 55
76 81
19 33
76 94
76 94
78 87
11 42
85 100
6 15
11 24
51 65
8 19
82 87
16 24
74 86
10 19
8 20
36 47
66 80
40 47
13 25
49 63
19 48
10 27
53 78
91 96
47 58
16 37
8 25
91 94
8 12
7 10
65 74
11 21
18 39
91 94
87 96
8 11
69 82
26 41
52 54
84 90
35 47
6 20
73 81
58 69
87 99
25 40
53 62
37 48
35 42
24 42
85 94
44 53
63 70
24 30
75 88
44 53
4 7
41 51
51 56
28 31
4 16
5 38
28 48
17 28
77 96
55 57
4 36
41 51
92 94
12 26
49 57
38 52
93 100
50 55
72 83
6 13
40 51
51 54
65 72
27 32
12 19
77 89
3 19
79 88
11 38
42 43
31 40
22 37
35 48
22 30
17 24
46 60
72 78
82 92
74 80
68 75
53 69
14 19
48 51
33 38
33 34
66 91
54 61
56 70
81 86
59 87
43 48
51 61
21 30
33 43
26 41
34 66
58 61
57 65
90 92
35 51
31 41
13 31
2 7
45 71
18 22
60 75
67 76
83 90
19 35
27 33
74 81
58 76
45 49
75 88
56 64
12 18
51 59
12 28
10 18
60 66
24 36
57 69
71 76
29 41
63 67
14 22
63 72
84 99
70 75
25 31
75 85
67 90
26 29
99 100
13 34
65 72
8 14
43 50
41 55
25 40
74 83
36 47
40 48
77 95
10 23
66 81
28 43
50 60
63 72
90 99
57 73
95 100
4 25
90 95
69 76
1 12
51 61
28 43
2 9
55 61
89 95
29 41
3 7
41 49
28 43
13 24
21 35
64 81
15 37
8 14
82 91
8 28
30 39
56 60
1 4
86 91
71 82
63 74
24 30
7 15
51 66
79 99
45 50
33 58
67 90
28 50
14 21
39 60
35 53
69 86
67 74
55 60
55 68
80 87
46 51
81 100
15 23
19 27
57 66
47 53
37 57
18 21
71 75
70 79
86 97
10 14
2 11
14 47
43 44
7 27
60 74
27 33
48 71
3 10
75 81
39 49
71 83
30 34
27 29
12 20
13 21
32 48
21 29
27 31
39 48
35 46
10 16
11 23
31 38
70 79
14 31
77 94
22 26
76 84
67 72
81 86
48 59
73 88
10 28
5 22
39 43
91 100
60 66
79 84
27 36
24 28
4 15
79 94
88 91
40 45
94 100
4 11
4 13
25 32
12 15
67 82
68 78
50 71
93 96
6 44
15 41
43 58
38 48
39 52
47 53
88 96
23 27
19 23
23 30
23 28
87 93
61 73
61 73
63 74
60 66
7 19
1 11
22 26
50 64
92 98
24 36
88 94
28 45
55 62
22 49
31 40
45 50
31 62
52 61
92 96
15 23
36 40
66 73
20 33
91 97
21 25
82 88
42 51
33 46
69 83
59 61
15 25
31 35
11 27
93 100
75 86
90 97
39 49
38 43
28 37
2 11
25 42
38 42
82 91
55 78
79 97
77 85
23 28
43 48
77 84
29 65
37 41
23 37
53 61
87 88
14 24
6 11
44 56
25 33
71 78
44 60
37 61
13 22
49 56
89 93
28 41
88 97
68 71
53 66
49 55
74 81
52 71
41 52
12 23
15 52
82 89
36 44
27 33
29 42
3 6
21 30
56 59
56 79
86 93
36 42
58 62
70 77
56 63
34 36
69 84
9 26
61 64
51 54
89 96
28 37
63 76
53 56
65 67
18 24
38 44
65 79
86 93
28 71
11 20
8 19
42 47
59 65
63 72
1 9
41 52
50 63
42 62
24 32
50 59
48 57
52 65
92 96
32 39
67 74
21 25
74 81
17 53
77 85
62 90
66 76
33 47
5 11
68 88
39 44
79 84
18 23
9 43
29 38
5 15
83 92
44 56
73 80
90 95
38 45
57 69
35 51
23 50
83 88
10 16
26 45
4 12
48 62
25 41
48 66
69 79
62 85
40 74
4 7
73 86
37 46
32 45
32 36
52 57
87 94
29 33
56 77
55 63
3 21
44 48
56 85
6 19
34 40
84 94
70 86
47 62
40 56
38 50
88 95
93 96
48 56
85 91
80 86
46 49
34 38
27 35
67 75
69 86
56 73
13 25
65 71
22 39
1 7
72 77
27 40
66 89
47 50
76 79
56 67
37 41
66 74
67 81
48 57
69 75
47 59
69 78
54 80
17 23
67 80
30 36
11 24
67 73
5 13
27 38
57 73
9 31
24 29
3 13
75 90
35 39
71 86
86 99
68 76
42 59
33 67
66 72
81 84
9 12
85 87
76 80
57 74
10 16
3 8
54 64
37 51
31 39
68 69
50 62
64 79
28 38
53 63
78 90
27 56
47 58
69 83
91 93
77 94
47 55
15 22
91 98
2 16
68 78
19 34
27 47
25 35
56 70
61 75
91 95
74 80
46 55
43 52
58 67
38 71
1 19
81 85
73 81
11 32
57 81
3 13
31 46
48 61
34 36
3 17
79 83
27 38
52 62
33 39
29 40
13 30
6 11
42 46
43 49
75 82
34 38
35 38
32 47
13 21
78 83
13 22
12 29
28 37
62 82
15 29
22 31
39 47
28 51
88 96
58 65
3 5
79 92
65 73
4 19
55 67
15 22
7 13
13 25
18 20
78 85
5 19
62 73
1 6
74 85
8 17
42 44
61 72
61 67
13 20
22 31
38 59
24 36
68 78
94 100
66 84
52 73
80 85
3 17
25 39
49 69
