100 20 20 5
00000000000000000000
00000000000000000000
00000000000000000111
00000001110000000000
00000000001110000000
00000000000001100000
00011000000000000111
00000000000000000000
11100001111111000000
00000000000000000111
00000000000000000000
11111110000001110000
00000000000000000000
00000000000000011111
00000000000000000000
00000000011100000000
00000000000000000000
00000000000000000000
00000000000000000000
0001000001000100000
0001000001000100000
0001000001000100000
0000000001000000000
0000000001000000000
0000000000001000000
0000000000000000000
0010000000000000000
0010000000000100000
0000001000000000000
0000001000000000000
0000001000000000000
0000100000000001000
0000100010000001000
0000100010000010000
0000000010000010000
0000000010000000000
0010010010000000100
0010010010000000100
0010010010000000100
6780
28 42
26 44
59 65
19 26
25 29
76 87
42 48
65 76
46 65
34 48
42 53
69 72
62 70
61 75
79 95
13 23
69 86
64 72
8 12
82 96
38 49
13 18
19 49
50 80
81 89
34 46
58 67
67 73
69 81
34 61
37 62
73 85
23 30
8 19
51 61
68 76
65 68
88 95
62 68
46 51
51 59
76 98
83 89
51 64
31 37
10 14
38 54
34 38
51 68
60 63
85 99
47 54
15 23
72 76
45 51
71 80
15 59
85 90
28 44
22 29
94 97
43 47
6 13
55 67
23 33
4 18
4 9
81 99
1 10
10 23
10 21
49 54
15 31
50 59
31 45
79 86
49 66
82 92
65 82
18 43
73 80
88 98
80 92
67 73
7 16
74 77
29 36
23 49
53 74
42 49
9 23
50 71
57 67
55 64
19 24
82 90
80 83
24 46
85 88
10 38
11 30
5 18
47 56
94 97
66 68
4 6
7 36
26 42
37 49
33 48
32 37
18 34
86 88
22 32
40 46
54 65
15 22
41 45
46 71
29 38
24 36
10 14
20 22
61 81
52 70
78 86
14 37
21 25
13 22
62 72
74 82
13 34
23 28
75 84
21 35
26 34
45 51
72 84
81 89
13 26
91 99
8 15
75 83
17 34
37 60
78 96
10 14
28 35
33 41
39 64
49 55
89 93
48 51
76 89
86 91
14 27
49 57
37 46
70 80
28 45
39 43
10 20
1 15
28 40
86 97
16 22
52 55
23 27
35 47
54 59
76 83
17 23
45 51
55 63
60 65
55 75
40 61
76 85
39 42
21 27
59 75
44 63
38 67
62 66
54 70
5 15
51 54
15 17
7 30
88 98
22 31
22 62
38 70
64 84
81 84
20 39
55 66
40 75
88 94
76 89
33 58
50 61
26 43
24 43
59 70
64 69
13 20
6 41
45 47
26 36
38 62
84 98
29 38
69 91
14 22
42 47
2 10
85 92
48 55
47 57
74 95
48 53
46 48
73 87
63 70
58 77
30 51
89 95
64 71
15 32
73 91
45 50
2 9
31 41
9 18
88 96
18 44
90 96
7 14
73 91
63 70
10 31
4 10
45 57
92 97
20 29
46 51
32 43
82 91
74 75
87 93
51 53
35 42
14 27
46 59
73 94
17 21
1 9
2 8
65 70
73 94
36 43
84 98
15 25
50 62
7 13
70 88
51 65
54 63
34 36
86 95
32 41
24 32
26 36
19 25
53 93
45 48
67 76
72 79
73 85
34 46
37 44
49 58
65 68
80 85
54 63
38 57
76 80
20 26
26 36
89 95
18 25
29 35
43 48
37 56
42 43
36 50
43 47
51 63
93 100
59 70
37 71
48 54
33 36
32 42
49 59
82 99
66 71
8 16
56 67
37 43
9 12
32 54
73 80
23 29
15 31
32 41
57 67
37 41
87 91
12 19
35 39
48 55
69 77
49 62
12 21
76 80
42 47
79 91
28 33
54 59
61 77
32 41
42 48
38 47
93 99
34 43
43 51
56 69
32 38
33 44
33 49
74 90
71 90
54 84
11 19
18 27
82 87
52 59
66 79
19 24
9 25
37 45
84 94
44 57
41 56
36 39
79 88
22 36
19 35
94 96
19 23
76 84
78 86
56 86
19 26
47 60
13 17
1 10
31 36
18 28
39 54
20 29
54 62
62 70
29 34
67 82
32 48
37 48
17 35
61 66
8 15
6 25
2 17
25 38
20 26
49 55
63 85
53 63
87 95
32 41
78 83
62 77
45 57
66 77
76 87
6 37
68 88
40 54
35 41
77 93
27 46
22 27
31 45
18 43
19 28
1 5
66 83
90 98
33 46
23 30
54 72
83 94
64 69
39 77
42 45
76 82
43 57
78 85
35 52
20 27
52 61
79 88
22 41
6 16
83 98
58 63
98 100
23 28
71 88
1 23
24 33
9 11
95 100
72 84
87 99
20 36
29 43
74 85
76 100
69 79
51 67
71 73
2 19
11 29
75 84
14 38
76 87
65 76
54 62
69 93
9 25
20 26
18 23
63 73
5 19
44 54
95 100
32 42
82 96
58 67
78 88
4 15
79 87
56 82
70 100
48 58
81 91
12 15
60 72
39 50
47 64
46 51
63 79
38 41
15 25
15 23
37 48
33 34
38 56
64 86
69 75
27 30
73 94
15 31
63 70
1 30
2 7
81 88
85 93
19 54
21 25
51 55
71 75
7 22
81 95
88 91
67 72
51 75
84 91
58 68
46 52
66 80
10 18
67 86
18 27
54 66
64 71
41 47
72 90
56 65
70 92
19 36
56 70
5 10
44 49
41 51
68 86
28 29
27 37
5 14
22 46
30 33
55 63
84 91
39 40
2 19
33 44
80 96
30 54
72 78
18 30
48 54
59 72
39 42
68 83
72 77
77 98
44 54
40 71
36 51
68 73
6 43
15 22
34 39
83 85
59 62
36 49
73 77
11 17
35 52
89 99
61 72
78 79
7 14
26 31
41 51
59 74
23 26
85 93
1 20
25 32
74 79
40 55
29 37
64 73
71 80
46 52
57 64
13 32
7 9
49 87
88 93
7 36
40 48
30 34
78 97
43 47
35 40
13 26
36 68
43 52
5 19
11 17
34 51
41 57
85 92
16 44
25 35
12 31
64 73
59 80
65 73
36 45
19 28
31 55
48 51
6 13
47 50
29 39
31 39
82 85
61 97
48 51
85 91
74 80
1 6
80 93
87 88
2 10
34 43
3 8
30 37
44 50
40 42
20 35
78 100
22 38
72 89
86 95
3 10
36 56
48 57
32 47
66 69
75 79
13 29
29 74
5 13
77 87
44 49
78 88
78 89
11 20
44 62
74 82
52 64
21 31
32 35
55 59
26 36
48 62
69 72
90 93
61 70
79 95
49 59
20 31
9 27
61 73
83 92
91 95
1 8
19 43
81 84
42 46
59 72
79 84
1 14
45 48
55 63
70 92
42 47
19 29
81 88
75 89
34 46
39 48
10 29
29 42
67 72
23 30
76 91
3 16
76 94
11 15
26 41
58 69
65 73
16 23
13 23
51 69
79 85
1 3
25 39
34 35
43 53
54 81
18 29
20 32
77 84
36 42
55 71
36 53
69 90
40 57
60 77
50 58
5 15
25 37
70 73
34 45
56 77
47 72
6 68
38 53
2 6
42 55
62 73
2 14
70 76
42 56
44 51
14 21
19 29
13 38
86 100
16 28
4 15
68 70
44 47
8 23
85 91
19 39
76 80
51 81
42 53
30 34
44 58
79 81
63 69
64 77
39 49
13 31
55 65
75 82
36 42
54 80
37 40
7 16
63 69
63 68
13 17
89 95
15 18
15 38
14 35
37 40
65 77
82 86
28 38
14 18
12 26
49 91
79 94
92 97
35 46
81 95
60 72
22 31
1 5
78 93
87 97
48 59
77 86
22 39
51 57
68 74
93 96
70 75
8 15
75 80
30 41
44 54
88 89
67 78
64 69
12 42
89 97
15 41
83 85
76 93
53 61
27 35
77 80
95 98
75 81
52 89
59 84
63 65
81 93
77 83
17 22
24 38
42 49
87 90
29 35
11 20
47 58
50 55
35 45
57 59
53 55
69 85
70 98
3 9
88 95
11 20
48 73
24 33
21 47
89 92
46 52
75 90
56 67
24 31
23 58
14 17
43 49
43 47
54 68
54 77
54 69
50 77
8 20
38 44
2 8
59 71
80 100
52 59
30 33
28 44
63 93
57 66
17 22
61 70
5 22
67 70
58 65
60 72
12 22
41 49
61 78
91 100
47 51
43 76
9 18
62 67
77 83
66 75
69 84
81 92
85 91
74 97
85 96
25 38
49 72
19 29
54 60
78 85
42 55
48 53
44 51
85 88
76 80
30 64
70 78
14 16
73 89
26 30
18 23
38 44
20 25
13 17
7 14
22 64
63 85
72 81
78 86
50 65
17 36
41 60
33 48
39 53
34 39
23 27
89 97
5 25
89 96
10 32
22 29
40 57
76 89
70 89
57 64
90 96
20 27
9 13
9 16
51 73
59 70
21 25
34 50
28 43
40 55
65 68
30 37
26 46
34 36
8 13
5 12
50 52
50 58
80 89
25 31
22 36
23 39
67 77
25 28
17 31
76 82
8 35
16 24
74 88
35 39
39 47
91 98
89 96
44 46
52 57
70 74
36 44
55 65
50 53
57 72
39 47
72 80
40 52
65 71
24 31
16 24
52 66
10 21
53 58
23 26
5 12
88 95
21 24
95 98
65 71
34 47
75 96
39 45
73 91
16 28
11 18
13 22
56 64
22 32
56 69
26 30
49 63
61 87
30 39
26 47
54 62
72 84
76 83
49 54
81 93
56 70
76 89
74 89
45 48
92 97
59 63
7 35
93 95
37 53
25 31
91 97
37 53
14 27
46 48
70 76
20 26
41 44
77 88
63 74
27 56
13 17
16 32
10 47
89 100
61 66
59 67
86 90
31 62
47 67
35 46
43 47
29 36
61 72
11 20
70 81
16 22
76 78
24 40
50 54
38 48
31 89
89 90
68 75
59 72
13 16
2 6
86 90
35 48
67 77
75 91
82 91
45 61
48 54
93 98
64 68
38 51
84 97
15 24
75 94
33 39
32 40
71 82
27 47
44 55
41 54
83 87
36 48
50 62
3 9
39 44
37 38
74 96
3 15
37 40
93 100
89 97
5 25
19 28
93 100
18 31
24 32
37 54
14 19
20 51
87 97
68 71
70 77
18 29
19 45
55 59
15 57
34 40
63 70
54 70
60 69
61 64
68 75
49 63
38 40
67 80
60 85
37 60
16 30
57 64
38 62
6 9
32 54
57 89
31 51
67 85
94 100
64 86
88 99
63 73
9 37
77 82
69 92
58 76
50 53
8 16
41 56
66 70
30 46
37 51
78 82
4 33
13 30
59 67
34 46
80 90
43 44
56 64
22 43
42 49
71 75
60 63
12 37
60 64
87 99
26 43
15 16
94 96
12 20
57 62
35 42
66 72
18 28
59 68
71 89
63 69
19 40
65 70
24 46
21 34
17 43
8 27
32 41
86 92
2 16
10 13
58 73
26 38
11 19
46 55
18 57
79 83
24 35
55 67
87 96
14 18
45 50
27 31
78 88
58 65
46 54
51 82
70 76
5 25
6 27
47 65
12 22
41 46
43 66
10 28
5 11
73 91
89 96
41 44
50 59
14 32
5 15
7 32
90 94
52 57
92 93
17 32
17 28
31 46
74 76
45 50
1 9
10 40
21 47
30 53
94 99
25 33
50 62
95 100
90 93
40 54
45 61
53 77
10 27
26 33
8 15
46 51
11 22
29 38
64 81
20 23
44 71
59 72
13 32
3 24
72 94
53 66
9 18
22 32
2 17
36 41
25 29
49 60
39 62
30 42
72 78
24 29
18 22
89 100
36 43
80 99
27 37
10 16
35 42
71 75
82 87
23 32
29 44
73 90
60 71
81 85
65 72
78 88
24 35
31 40
28 48
7 38
29 34
16 31
24 32
65 78
31 39
89 98
25 35
27 37
57 100
6 18
18 45
24 37
71 94
8 14
75 84
40 44
60 65
74 92
51 72
40 44
80 89
20 38
43 49
10 23
76 83
38 60
12 19
24 33
31 40
18 40
85 88
17 22
59 78
28 43
34 40
71 85
61 71
7 11
3 10
48 56
37 44
7 20
88 100
32 39
61 70
10 28
27 33
65 70
19 27
48 63
63 67
22 31
87 94
57 64
28 39
44 47
27 41
57 72
75 83
49 53
67 83
1 6
45 71
65 72
10 19
71 81
59 75
42 48
14 21
4 14
59 75
84 91
56 66
10 24
71 82
53 60
7 41
57 61
63 67
47 67
47 54
84 93
35 45
26 51
4 9
82 86
59 62
36 62
61 71
5 25
65 72
23 31
31 42
40 73
41 47
26 57
77 82
69 71
21 28
6 9
37 51
30 36
36 44
71 81
82 93
10 18
67 73
8 12
93 97
32 43
63 67
60 72
74 81
63 70
20 22
23 34
41 55
8 19
56 73
53 59
73 81
65 81
88 93
50 54
88 94
61 89
31 40
57 60
37 49
42 53
12 21
39 52
42 44
34 46
17 39
11 16
14 20
55 66
18 25
47 57
27 40
32 48
89 95
43 50
52 60
33 36
11 50
1 30
28 33
92 100
29 42
59 77
45 49
8 28
81 89
71 73
2 19
19 42
88 98
77 85
67 78
66 75
1 10
6 11
40 65
2 30
46 52
62 75
66 74
40 53
38 50
6 22
9 12
65 75
46 49
45 50
64 75
50 55
38 63
57 71
4 14
66 76
72 78
56 72
20 27
12 19
62 74
43 55
65 76
48 51
82 93
35 47
55 89
2 4
76 87
9 20
88 91
5 72
69 79
17 27
81 91
43 49
44 51
34 46
75 81
32 43
69 74
18 22
14 21
3 12
31 34
11 14
10 20
62 75
33 47
69 78
22 35
63 70
76 91
55 59
61 69
82 87
17 25
34 37
61 70
59 64
60 65
6 14
50 58
76 94
38 54
64 79
67 75
29 60
37 39
31 41
77 91
11 14
26 39
5 13
6 24
72 81
59 64
62 79
44 54
38 47
89 97
4 21
15 25
71 82
5 26
16 31
52 62
56 65
30 33
61 77
88 91
12 22
70 80
67 75
27 53
93 98
11 13
6 16
39 46
38 53
66 79
69 74
5 13
11 39
29 40
20 30
23 31
67 74
73 91
43 53
60 83
23 27
20 24
16 23
7 13
64 84
42 44
28 59
9 17
11 25
59 70
53 58
1 59
52 68
16 24
57 74
34 40
86 94
70 74
71 79
31 59
85 92
63 67
30 31
63 68
38 51
19 30
52 56
74 78
58 69
8 17
76 89
12 23
82 97
14 25
61 82
86 92
3 10
16 26
52 58
56 61
55 61
81 89
4 9
45 54
54 68
76 90
30 52
5 11
13 32
92 95
9 18
41 52
39 58
70 82
8 20
24 28
44 55
22 33
12 38
80 95
64 76
6 22
12 18
9 24
67 83
30 42
51 65
1 5
56 64
6 20
14 25
1 10
67 81
12 19
18 29
28 32
93 96
31 36
17 31
88 93
78 85
33 36
43 60
28 35
68 84
11 21
7 13
5 8
70 90
20 30
21 26
95 100
44 57
59 85
24 47
57 91
30 48
3 28
34 37
17 51
12 16
72 80
20 28
60 80
28 45
49 51
96 100
62 75
10 14
29 36
59 68
77 90
14 33
66 68
35 46
93 97
31 44
36 51
57 73
61 68
40 50
58 78
29 46
75 84
76 87
85 97
30 39
71 81
15 22
55 65
14 21
82 87
2 7
16 27
33 58
18 23
58 63
91 96
85 92
3 12
59 76
36 45
57 68
51 61
87 95
77 87
20 33
41 52
92 95
68 78
22 44
95 97
67 73
10 22
2 11
23 39
33 37
78 93
32 53
61 85
73 88
69 77
6 14
85 95
31 37
8 11
22 30
72 82
41 51
22 25
39 40
59 69
7 15
71 85
48 63
6 10
51 59
25 36
33 45
32 34
49 83
18 22
31 43
67 89
46 54
67 85
21 31
50 61
52 53
25 27
79 90
58 68
55 63
17 43
25 34
80 89
91 94
25 40
75 83
7 10
40 46
78 85
67 74
46 61
33 37
29 34
48 56
35 39
31 40
72 95
4 17
29 33
90 99
74 82
35 58
28 44
90 97
22 50
1 5
54 74
35 47
34 49
42 53
55 65
80 87
37 52
17 21
3 14
58 66
95 98
68 75
78 96
62 76
40 51
8 11
57 68
62 67
2 10
44 56
4 16
24 28
46 58
65 70
36 41
72 74
4 18
82 96
65 93
25 31
51 59
71 97
53 59
14 23
16 27
28 37
79 85
53 56
37 44
48 63
19 31
76 80
69 76
66 72
67 74
81 96
14 21
94 100
9 18
37 41
29 54
2 19
56 60
85 93
45 46
40 48
56 69
15 18
47 56
82 90
32 42
75 84
69 75
64 87
72 85
61 70
22 30
54 62
52 61
62 79
74 88
88 93
38 40
21 31
60 76
20 24
2 7
80 87
72 99
11 20
49 55
69 73
81 86
76 91
24 31
40 62
96 100
14 30
12 26
55 66
25 33
83 95
87 92
30 43
44 51
51 65
55 67
36 42
20 25
66 72
71 79
4 9
18 32
93 97
49 59
84 89
4 8
29 42
14 18
73 79
47 55
84 88
10 17
33 36
37 56
28 39
26 46
4 29
1 5
41 49
45 66
81 99
21 30
35 52
8 10
26 30
53 71
46 55
54 76
11 16
76 99
9 30
52 57
15 43
97 100
40 47
47 52
24 31
37 54
39 44
67 83
30 43
4 9
61 78
47 54
19 32
76 82
75 80
16 26
60 72
84 86
38 48
31 40
23 30
29 38
91 100
6 15
7 15
84 95
4 19
76 85
35 40
44 57
68 79
53 66
43 56
23 41
91 94
72 76
31 42
57 68
9 15
82 98
68 86
12 31
72 76
43 45
2 16
12 39
42 49
26 32
76 79
87 92
75 79
21 26
35 40
51 54
7 11
29 41
2 10
56 73
79 94
10 28
9 36
10 15
85 92
23 28
39 45
37 43
74 78
12 27
71 89
85 100
79 99
5 16
65 81
54 62
64 74
63 80
62 68
20 26
69 78
33 41
46 51
63 65
11 15
30 38
72 73
72 79
73 81
31 44
4 17
61 70
39 45
21 29
88 97
33 52
92 99
67 85
36 42
45 58
30 32
35 47
26 45
39 44
67 74
67 94
81 84
71 74
37 49
51 59
22 32
25 38
88 99
20 31
2 16
13 25
19 29
47 60
19 27
15 23
31 42
81 87
78 91
64 80
38 48
19 24
45 52
65 98
43 47
61 71
54 59
74 83
22 60
14 20
39 45
74 78
5 16
12 24
31 51
60 74
3 7
74 76
77 79
75 92
17 27
68 85
8 17
37 64
54 65
63 75
27 34
47 53
70 81
32 37
32 41
53 59
69 71
76 87
44 52
8 24
58 64
13 32
43 54
42 47
22 27
47 67
14 27
65 74
77 79
26 32
48 57
32 36
37 40
50 65
75 79
17 31
83 91
59 70
46 73
45 53
45 55
91 100
16 27
2 19
11 24
15 28
84 86
15 25
38 64
9 20
22 31
46 53
72 78
50 68
38 42
20 34
19 31
44 49
27 31
42 51
91 94
17 32
13 19
33 36
70 78
65 88
71 77
50 57
64 72
83 95
27 41
7 16
65 80
22 30
58 60
17 32
43 55
71 78
79 89
76 85
67 72
89 98
83 96
16 28
40 56
29 35
88 99
63 73
3 7
18 27
22 30
13 15
35 41
43 79
29 50
36 52
16 17
60 71
84 94
46 49
29 34
3 13
10 23
12 28
23 25
6 18
40 48
21 34
2 12
32 42
15 18
47 58
3 10
54 60
17 26
70 75
91 93
10 14
71 74
8 19
30 36
83 99
29 50
87 96
39 59
22 34
88 96
18 26
94 98
52 68
25 39
44 51
87 98
47 56
87 91
18 26
9 18
13 30
27 30
42 48
21 27
4 14
75 83
73 94
8 25
35 51
44 47
39 45
15 24
61 67
48 50
40 47
7 16
37 45
26 34
80 97
76 89
31 38
51 74
18 20
56 68
9 35
41 52
44 52
55 59
11 19
71 83
42 48
29 35
45 63
45 58
38 71
9 16
3 21
58 72
62 73
53 60
80 98
54 60
72 83
20 29
66 80
19 24
69 86
69 74
41 58
5 10
29 35
68 88
14 31
43 50
14 19
32 37
15 48
26 43
34 37
35 38
53 57
62 64
24 27
56 65
17 27
84 94
84 87
9 16
59 63
2 12
36 48
56 58
16 27
37 40
51 61
55 63
1 16
49 56
70 96
63 88
41 53
45 51
84 89
47 56
66 69
70 75
28 39
25 46
87 99
28 36
37 62
28 34
1 14
66 74
56 63
5 19
50 67
9 14
77 91
23 27
9 16
86 96
30 34
74 77
9 17
26 37
44 49
34 42
94 98
51 68
33 52
19 31
64 72
12 17
8 24
4 23
40 50
52 60
4 16
78 86
51 59
22 27
12 29
11 24
32 50
4 16
13 18
58 72
28 30
43 53
47 50
86 92
91 98
92 97
8 14
88 98
5 11
64 70
79 88
2 22
37 48
66 74
40 81
88 94
97 100
31 34
38 52
41 49
54 81
81 88
64 72
48 66
34 40
3 18
62 72
59 69
12 18
44 53
72 90
42 60
23 29
76 86
16 23
12 23
43 69
19 26
16 28
46 57
29 43
51 71
71 74
90 100
33 46
49 66
63 70
25 50
44 60
70 74
91 96
37 42
83 91
96 100
21 27
55 63
88 97
15 49
29 37
39 46
58 81
15 20
75 79
55 61
65 73
85 90
87 93
57 64
59 66
27 40
51 52
16 29
6 12
37 47
56 70
11 20
55 63
62 68
31 38
36 44
78 81
83 92
65 74
25 32
55 69
13 33
47 54
18 20
12 17
96 98
92 99
63 77
87 93
72 75
64 78
19 22
20 46
32 44
61 91
21 31
48 63
90 97
4 11
51 60
30 41
95 97
67 86
18 27
45 50
48 54
53 58
72 77
20 23
89 97
56 64
53 69
24 37
10 51
71 75
42 54
8 16
82 95
29 34
11 34
63 71
32 42
42 61
32 36
20 33
89 91
16 25
21 35
74 79
68 74
21 38
43 51
49 52
97 98
84 86
72 78
7 14
55 69
78 82
83 85
74 80
2 29
82 88
9 33
4 8
11 32
60 71
14 18
57 73
17 27
17 31
61 66
43 57
64 70
12 39
43 66
37 56
90 95
66 73
4 9
33 61
34 41
45 56
83 92
4 27
82 83
45 50
77 82
29 38
9 24
54 62
78 89
25 43
62 78
5 13
72 85
29 31
49 64
65 95
35 60
63 73
33 41
52 59
35 38
50 55
59 68
15 28
59 79
46 54
85 93
57 61
73 93
71 82
1 11
88 93
41 57
14 34
83 90
64 84
40 50
72 79
17 20
22 36
12 18
81 86
56 65
93 97
91 97
68 82
34 47
82 90
81 93
24 34
56 60
55 62
15 35
37 44
17 25
61 95
19 29
24 57
29 43
12 22
9 11
79 95
67 74
84 89
42 50
45 60
15 33
26 35
53 58
43 64
24 42
72 95
39 46
47 61
55 78
62 69
67 80
27 37
28 49
16 17
2 8
70 79
59 66
17 29
39 44
31 40
62 74
48 56
70 99
98 99
17 26
19 35
23 40
41 50
38 43
66 72
73 83
78 84
93 99
69 81
82 86
66 70
19 21
47 51
1 7
35 37
95 99
22 37
34 42
27 39
6 13
26 36
79 82
36 47
43 52
47 78
64 75
17 24
25 29
6 42
40 42
7 16
36 44
35 38
42 50
54 61
65 73
45 49
21 31
94 99
73 91
28 31
49 72
52 59
44 60
42 57
39 44
54 63
15 34
36 54
59 73
74 81
93 98
72 93
66 70
26 32
29 47
57 70
10 22
47 55
26 33
44 46
7 10
75 82
24 39
29 35
68 79
25 45
70 75
1 4
40 48
38 51
28 38
84 90
65 72
82 91
21 53
59 75
31 61
37 54
10 16
3 23
78 85
46 50
24 31
14 24
73 74
38 72
13 28
23 38
51 55
88 97
11 21
36 47
49 56
50 59
56 59
15 22
41 57
60 79
28 33
39 47
38 44
31 36
90 95
81 88
10 40
8 17
30 48
33 41
15 20
59 65
25 33
83 99
57 68
10 23
52 67
37 38
6 11
1 17
39 70
67 79
80 88
36 39
86 93
67 81
10 16
57 66
27 47
36 50
36 40
11 19
14 21
69 82
1 6
84 90
43 52
55 70
71 82
29 40
74 83
11 21
29 62
26 38
48 70
83 88
11 20
12 20
15 42
54 67
84 88
63 75
46 51
32 38
16 26
76 85
33 35
31 37
20 40
45 61
2 11
26 38
16 29
74 98
79 91
45 62
17 38
39 47
78 88
42 45
16 22
38 47
66 69
35 41
94 97
71 87
4 9
28 39
51 59
93 95
36 40
57 63
39 47
6 16
5 13
67 78
58 88
45 72
68 73
57 62
1 13
79 85
84 97
14 22
2 9
64 68
34 48
63 70
23 34
55 64
94 97
48 63
77 89
50 57
94 100
66 75
43 63
59 76
49 64
70 79
57 65
39 52
35 49
1 4
76 82
40 51
2 14
5 12
5 14
19 23
43 47
5 10
20 33
50 63
16 32
39 44
24 37
31 45
86 91
80 94
41 45
9 16
67 75
89 94
51 56
28 39
8 18
66 75
66 73
92 96
26 29
70 75
48 63
26 35
48 67
2 8
32 48
7 16
18 37
4 9
38 58
33 37
31 48
80 89
54 73
5 7
20 75
37 48
12 31
53 59
47 55
59 68
45 60
13 20
19 27
73 97
67 89
94 97
94 100
50 56
40 47
68 73
77 85
42 46
14 18
1 17
28 32
50 59
75 78
70 80
27 42
88 97
14 24
11 34
30 45
82 92
19 31
74 90
80 95
21 26
10 25
86 91
15 25
88 95
67 78
12 16
45 50
43 60
80 81
18 25
1 7
28 41
32 38
56 67
49 54
48 54
44 91
6 10
35 47
23 29
54 71
46 48
5 17
4 22
60 67
28 37
76 84
12 23
6 17
43 46
93 95
41 54
62 73
26 36
3 13
59 66
20 27
59 64
13 31
76 81
22 31
47 52
22 40
69 75
36 52
26 34
34 43
65 74
44 52
42 50
51 55
9 16
61 71
8 31
3 14
5 14
20 32
40 48
48 58
26 78
43 57
23 32
16 28
39 46
89 96
72 74
5 15
28 35
4 9
26 34
52 62
16 20
30 37
46 74
12 20
19 41
26 30
58 69
69 73
4 9
33 48
63 76
72 91
48 52
21 30
26 35
17 21
26 36
44 51
68 77
12 22
2 14
27 32
60 65
4 7
48 66
26 36
14 26
77 85
76 79
58 82
57 86
44 49
23 30
16 26
42 51
64 75
77 80
45 62
40 49
39 84
74 87
17 22
24 64
39 44
77 81
21 36
35 44
59 80
8 10
22 27
71 86
59 84
67 75
38 64
75 82
5 20
80 99
84 92
38 47
82 85
86 95
65 84
80 83
90 94
80 85
41 56
32 42
45 52
10 13
69 99
55 63
9 16
22 29
69 81
7 16
25 33
76 84
20 24
9 18
53 73
19 27
50 71
9 18
87 100
76 91
93 96
78 92
46 84
18 46
92 100
75 89
74 79
65 76
38 53
19 31
48 58
90 97
23 32
26 35
5 17
53 57
81 90
46 54
76 94
38 53
71 78
38 56
30 36
27 31
84 94
13 23
5 10
43 53
90 98
69 86
89 100
62 65
43 55
10 17
67 71
23 28
59 69
88 91
64 73
42 54
47 52
14 26
47 62
95 98
31 39
12 16
78 80
64 80
41 53
33 45
22 38
38 48
50 58
77 90
17 28
75 83
45 62
61 63
18 26
20 42
68 71
32 41
4 10
57 67
26 35
13 16
7 16
11 16
37 42
43 53
35 39
88 91
53 62
44 46
39 50
64 75
91 97
1 24
4 25
41 56
3 19
28 47
1 20
28 33
82 97
57 63
10 22
41 49
28 33
35 40
68 76
67 97
91 97
63 70
80 98
55 68
52 73
57 63
5 12
11 17
50 60
26 30
4 11
36 42
63 76
95 100
79 86
22 25
23 33
33 48
32 47
82 95
29 40
53 59
9 20
50 63
33 44
20 52
31 36
70 89
64 72
16 23
3 9
22 29
22 38
73 76
47 71
68 81
2 5
48 59
8 32
16 22
29 43
41 45
73 82
44 48
70 91
50 55
91 100
93 97
11 17
45 53
24 31
76 82
46 58
68 83
41 61
84 95
11 30
83 89
45 51
58 71
85 89
84 89
87 94
2 10
59 62
23 36
85 91
63 71
82 95
54 59
11 19
13 18
11 16
60 68
57 61
3 8
71 75
88 99
91 97
12 25
46 63
44 47
26 38
63 68
15 20
40 43
70 80
18 33
79 91
62 78
39 50
14 21
41 47
31 46
81 100
5 8
60 65
52 63
30 40
93 95
85 94
3 26
9 17
53 72
39 42
81 83
18 34
2 14
31 40
74 95
67 79
77 86
44 51
56 66
10 18
1 23
29 46
49 52
43 65
48 65
44 68
31 56
51 55
79 80
14 22
40 63
50 59
90 94
38 47
48 58
47 49
53 61
62 91
73 84
15 31
3 14
41 64
70 82
79 99
19 24
74 77
57 67
49 60
29 34
48 52
70 75
82 94
40 47
58 74
45 59
63 70
6 21
27 36
86 94
24 33
80 86
10 35
41 57
33 48
15 29
62 70
45 61
16 25
37 43
72 84
84 95
37 42
17 23
68 84
62 75
5 17
14 26
93 99
45 54
42 49
78 91
5 17
30 42
20 29
84 86
88 96
2 19
75 95
5 8
12 22
49 59
17 25
88 95
3 7
21 27
48 70
44 52
8 26
60 66
15 27
48 63
46 56
39 52
46 49
85 90
28 55
65 67
78 97
4 45
42 67
70 75
53 69
39 52
9 14
23 28
45 52
64 74
85 95
73 91
49 58
31 34
31 39
17 37
49 67
39 46
74 93
38 53
26 29
37 55
67 77
65 72
6 10
2 26
72 91
41 51
55 65
21 40
73 96
13 22
13 21
67 90
67 73
13 17
55 73
4 8
32 56
1 11
38 42
37 54
18 21
6 15
14 19
85 90
62 75
54 75
28 37
38 41
89 98
36 53
27 45
73 78
9 13
36 49
89 95
1 9
33 39
66 88
72 93
5 13
32 34
5 9
4 18
16 22
11 22
8 16
15 25
29 40
2 16
56 68
47 59
57 71
38 52
38 52
16 22
62 69
57 62
81 94
23 28
57 64
43 52
33 42
84 88
29 34
36 66
2 9
18 37
40 53
85 92
17 29
15 23
40 65
41 46
42 48
46 51
79 88
87 91
82 97
5 12
71 79
85 95
60 67
66 84
58 68
76 79
25 31
58 63
41 48
56 66
28 36
67 71
74 88
54 65
37 50
44 47
37 56
73 82
1 4
69 75
17 30
5 15
9 13
27 50
67 71
38 48
46 54
7 15
58 64
10 27
12 23
2 14
31 36
61 66
75 84
19 24
76 97
51 63
9 16
90 96
68 71
62 70
53 72
44 52
65 70
84 91
73 80
32 46
73 86
8 28
72 77
15 31
74 86
42 54
10 16
48 65
16 25
16 46
43 52
6 15
58 62
46 58
24 49
20 60
76 83
84 96
52 57
60 66
43 49
68 76
84 86
46 50
13 20
85 98
24 33
79 84
36 41
33 64
88 99
27 33
64 70
58 65
78 87
81 88
65 80
83 86
88 92
4 30
51 53
69 86
69 79
71 74
68 79
43 53
22 28
7 12
41 46
50 70
38 47
10 19
84 92
22 33
53 66
95 100
7 16
68 87
67 72
64 68
57 65
17 20
35 47
20 26
30 34
69 79
39 50
36 39
34 38
42 53
75 84
29 43
60 67
70 75
76 91
57 97
88 96
52 56
19 23
8 22
69 71
67 77
84 89
81 94
75 93
69 76
41 53
5 16
15 25
29 34
69 76
71 80
45 54
43 54
19 75
86 92
48 52
4 13
59 72
50 52
72 79
87 92
42 51
36 45
41 48
55 61
84 93
46 57
82 89
32 39
42 45
34 43
11 23
15 18
25 35
26 35
7 26
31 43
87 91
23 43
36 46
33 46
23 30
19 63
26 37
20 36
24 33
91 95
6 10
62 69
37 46
75 84
82 91
80 95
5 7
57 64
45 73
80 87
49 62
29 41
72 77
84 96
52 61
68 85
53 83
14 34
65 72
5 18
46 54
59 75
23 32
53 70
10 16
43 47
59 71
36 43
25 31
69 78
65 86
4 25
72 90
30 46
78 87
13 19
88 100
47 51
83 90
29 34
63 69
28 33
68 87
88 91
19 40
53 57
74 78
36 42
19 25
25 36
79 82
90 99
45 48
1 20
5 14
53 64
89 100
87 99
88 89
5 19
30 44
57 65
8 26
36 57
59 65
13 42
30 37
62 71
14 18
60 66
88 94
20 25
35 48
21 34
37 47
37 44
43 47
28 32
60 65
74 83
3 4
5 12
27 35
12 25
49 67
69 79
93 100
13 22
88 91
50 64
42 48
1 16
81 93
34 54
29 32
15 23
37 62
16 26
26 36
78 81
3 20
33 84
66 88
14 39
54 65
89 91
69 75
62 72
75 82
30 37
46 61
44 62
73 82
86 93
21 39
74 83
24 33
18 33
28 43
22 45
33 51
48 64
65 85
20 32
67 71
47 53
64 81
30 40
51 55
47 69
75 83
32 44
77 94
75 80
81 87
69 74
78 93
65 70
58 74
69 72
88 92
78 85
30 40
47 53
46 52
82 86
8 16
72 74
92 98
86 94
20 27
49 65
26 29
57 60
13 21
28 35
39 43
21 22
71 89
2 16
54 70
83 85
53 61
66 71
22 38
25 29
7 12
55 69
38 58
41 44
54 73
52 56
81 88
11 17
14 26
73 88
53 62
7 9
83 95
58 62
27 35
50 56
65 77
17 33
73 88
63 78
97 99
67 84
7 13
9 16
83 92
20 25
11 21
17 26
40 61
52 66
4 13
54 61
81 95
78 80
43 61
51 63
6 33
69 73
74 83
20 21
81 89
85 95
17 88
67 82
59 64
65 73
15 93
62 82
37 43
87 91
7 20
25 31
19 37
67 72
1 7
23 44
51 58
54 68
22 43
58 65
79 95
63 83
20 28
86 92
23 38
35 40
26 33
11 16
25 66
60 73
73 79
16 29
20 31
33 37
74 89
59 63
9 25
89 91
45 49
32 55
29 37
44 50
86 96
71 83
61 65
26 37
13 32
36 45
32 37
38 45
46 50
27 31
64 71
66 73
51 70
9 17
74 82
33 41
80 84
46 53
33 40
47 61
37 58
26 29
76 88
31 38
80 85
7 13
76 84
62 68
33 39
30 33
48 68
46 76
53 67
15 21
27 43
85 90
76 86
54 62
56 85
24 31
73 82
12 14
59 61
60 63
51 65
12 22
14 20
76 92
85 95
56 71
80 96
77 81
7 24
1 13
77 85
88 93
40 43
46 52
19 28
50 54
27 39
25 31
81 95
45 59
37 47
64 77
23 42
65 70
57 64
79 95
46 52
63 73
64 81
67 81
28 36
95 99
52 62
14 32
44 55
19 28
41 44
37 46
17 26
33 67
56 88
64 69
17 24
32 36
36 43
88 90
80 85
10 15
47 56
4 26
28 49
84 99
57 62
69 77
10 21
85 90
31 58
62 76
67 75
46 52
34 55
82 95
75 96
14 20
32 36
33 37
84 99
72 75
56 70
43 52
46 52
46 64
44 48
57 60
53 57
70 73
84 99
57 65
13 23
20 29
26 38
93 96
23 39
9 14
81 90
8 22
27 30
7 16
17 27
79 90
39 55
22 29
82 92
74 83
33 62
57 63
29 33
21 26
7 17
89 91
64 75
60 66
12 27
69 100
33 44
35 44
20 27
77 87
27 33
63 90
74 87
15 25
40 50
36 40
24 28
25 35
8 11
79 92
73 82
33 36
85 96
81 87
43 47
79 89
76 90
75 82
92 97
27 71
64 76
59 74
13 24
67 71
74 87
78 92
3 25
14 23
35 42
71 98
65 72
84 99
85 92
25 31
12 17
3 8
53 63
32 48
82 88
29 40
10 18
51 57
65 72
41 60
66 72
9 22
28 38
10 15
3 7
27 45
85 89
80 95
88 100
39 70
31 36
11 29
36 52
64 80
21 24
20 40
53 58
34 64
89 100
85 95
62 79
15 17
74 90
27 37
77 87
67 74
14 18
89 96
54 56
81 84
11 18
91 99
18 28
38 53
54 61
11 17
8 22
6 18
50 61
13 23
47 61
40 47
55 72
96 100
72 93
29 34
57 73
14 23
11 21
76 89
22 36
68 76
68 75
58 77
11 16
78 82
50 62
8 12
87 95
81 85
68 79
77 88
15 22
64 69
87 96
71 75
5 9
21 36
50 60
10 14
67 83
92 95
2 13
19 25
42 60
66 68
46 64
18 53
85 91
26 45
65 73
17 26
58 62
26 29
2 12
54 62
43 54
83 93
55 66
6 16
9 18
17 37
40 47
61 67
14 22
78 85
36 42
57 61
83 89
51 62
50 56
70 81
15 18
1 7
38 56
62 69
50 58
47 52
46 48
4 18
58 80
30 36
25 41
22 43
69 72
30 38
90 95
19 21
45 80
66 89
6 24
12 23
60 72
77 89
20 26
82 88
55 59
79 93
29 33
22 26
70 79
22 28
59 72
84 89
32 37
55 66
77 87
47 54
70 74
29 30
37 43
88 95
32 44
31 42
36 49
57 68
13 16
58 66
76 89
35 44
71 88
69 78
1 13
19 23
36 49
26 32
43 54
38 46
21 29
47 62
32 41
91 95
62 75
60 70
83 96
36 46
21 34
11 21
71 79
34 66
50 52
58 66
53 63
43 65
29 33
90 94
98 99
76 95
7 15
58 64
83 91
95 99
46 52
52 55
62 73
45 55
68 83
48 54
52 61
52 60
57 64
52 63
9 13
34 54
2 10
16 22
39 50
83 89
44 61
60 68
79 92
13 41
13 19
20 27
61 69
66 75
27 31
65 72
47 54
80 89
29 37
30 43
19 27
46 52
68 75
76 79
81 93
43 52
74 81
77 94
6 18
76 89
93 97
43 50
42 54
25 37
61 65
75 82
81 87
23 42
5 12
18 25
30 39
17 25
5 15
62 72
72 78
93 98
20 24
41 49
75 77
82 89
11 25
28 33
11 14
95 98
72 89
38 43
39 45
86 95
13 23
7 14
6 21
88 91
53 61
9 14
43 58
42 58
13 18
32 44
20 28
67 77
18 28
13 38
87 91
12 15
26 30
65 71
33 49
50 62
72 81
29 54
44 56
60 67
75 83
1 15
72 87
31 38
50 55
80 91
28 36
25 42
8 18
55 64
41 52
5 10
79 91
32 38
51 64
13 18
56 69
79 84
69 86
42 47
36 44
2 22
46 63
68 88
8 11
46 63
70 87
64 67
23 38
38 46
88 100
28 33
48 54
17 30
30 37
63 92
53 68
73 80
60 65
6 11
83 89
53 56
82 97
84 90
48 98
95 98
9 24
11 23
25 30
13 20
2 24
22 30
51 56
29 40
3 9
4 8
36 53
61 72
77 87
95 100
41 47
84 88
53 66
21 39
58 64
25 57
84 97
2 14
81 93
45 60
71 75
81 86
8 16
75 81
7 15
42 85
50 56
28 38
14 19
43 47
46 52
33 46
53 62
4 13
5 14
17 39
64 71
57 70
78 84
88 93
31 40
77 88
28 36
37 42
89 97
65 69
52 57
71 86
65 79
39 47
37 50
3 5
24 44
1 20
10 35
4 13
50 57
81 86
16 35
52 66
5 16
31 48
77 82
20 31
7 12
7 18
18 30
85 97
8 17
9 12
53 56
32 46
78 84
15 27
67 78
90 97
51 70
59 64
71 82
46 59
24 40
20 25
74 85
18 59
7 18
6 14
1 3
77 84
77 80
82 97
76 86
81 88
69 80
14 17
71 83
21 34
47 54
35 46
1 11
75 87
44 50
15 29
55 78
75 89
8 24
17 22
72 88
51 60
78 83
2 10
28 34
26 40
18 24
16 29
85 90
48 81
78 83
49 71
60 65
14 29
80 85
7 19
42 49
12 17
37 46
32 46
40 50
19 28
20 24
8 12
47 52
6 14
82 98
29 49
1 8
27 39
86 96
71 81
74 83
80 95
21 34
71 75
80 96
25 32
3 11
43 50
17 49
59 79
47 59
83 92
4 11
29 42
48 55
58 61
26 32
19 33
14 16
89 99
56 58
78 83
8 17
66 72
10 14
18 32
59 66
57 65
7 15
11 18
80 96
6 14
46 57
18 31
14 29
57 87
33 39
20 26
71 90
82 88
30 34
32 49
57 78
2 7
78 88
83 99
46 55
24 33
3 17
7 13
35 44
35 60
85 92
71 78
77 98
58 64
29 45
43 55
60 81
46 51
16 20
40 44
68 78
22 36
38 54
58 83
65 94
63 70
66 87
12 29
64 74
71 92
64 75
75 80
71 82
87 95
81 95
4 9
3 12
53 64
64 80
48 51
47 54
89 96
72 82
3 25
43 51
11 22
31 39
23 33
71 79
82 87
64 76
80 89
22 42
3 21
61 80
13 22
70 88
87 89
28 37
53 72
34 46
16 23
10 16
92 100
1 10
14 18
79 84
15 35
52 68
58 64
10 11
27 52
29 36
7 24
37 50
12 28
27 42
6 12
62 65
6 12
61 96
3 14
46 52
8 30
30 37
70 77
45 57
89 91
26 38
32 46
59 69
1 13
14 24
11 33
90 94
4 5
85 91
27 38
29 33
62 65
18 28
12 21
1 12
59 66
35 55
82 90
38 58
27 40
91 94
7 16
19 42
11 18
73 80
19 35
26 34
2 14
97 100
75 80
57 86
47 59
33 60
58 70
85 99
55 64
53 62
37 43
29 35
45 48
10 34
15 43
92 96
59 80
47 61
53 65
60 63
94 98
72 79
36 55
19 34
73 87
58 66
87 98
74 82
23 39
12 37
18 27
52 71
77 89
63 72
77 88
90 99
33 43
72 82
71 81
2 10
42 54
73 83
53 58
14 23
41 51
48 56
60 72
53 71
46 82
67 76
21 27
4 14
20 40
42 52
92 95
3 22
28 34
50 66
89 96
56 93
86 100
53 63
75 84
15 26
4 10
20 46
27 36
37 38
40 53
14 47
32 40
23 29
63 80
2 10
81 91
72 84
82 96
86 99
26 40
30 43
47 68
19 22
68 85
60 68
13 26
74 78
76 84
17 22
19 25
58 70
45 50
54 70
81 90
33 46
67 82
73 75
65 73
35 41
28 47
46 59
56 65
19 28
82 88
27 34
63 79
4 7
8 19
43 58
70 82
64 76
11 25
34 47
34 45
19 26
40 55
6 9
58 71
32 33
53 57
87 91
40 48
10 30
41 53
10 23
4 28
47 61
30 36
75 96
36 42
55 64
27 38
21 28
71 79
40 46
89 99
68 92
23 33
41 72
27 34
46 58
72 84
21 25
79 87
9 13
8 13
46 58
29 37
36 49
22 33
10 14
3 21
50 54
47 51
33 35
92 97
42 49
41 53
9 26
94 97
9 15
37 43
69 93
55 70
23 41
13 30
15 19
30 39
39 42
34 40
36 50
35 43
73 82
64 69
8 26
62 70
20 25
1 7
31 46
35 51
18 27
10 17
83 97
58 81
27 46
83 95
13 17
26 37
14 22
49 63
14 21
40 44
80 90
72 76
33 37
49 62
56 59
76 84
78 87
33 50
75 80
24 70
35 40
22 28
65 74
27 36
29 35
22 35
58 66
60 63
23 32
59 69
74 89
69 76
78 85
60 71
39 48
34 46
21 42
8 11
3 13
69 83
59 77
6 9
10 19
27 36
87 93
29 46
46 59
2 7
66 81
20 35
77 88
48 52
65 79
11 23
34 40
65 84
37 49
60 74
80 90
70 80
59 70
18 27
14 21
45 48
1 16
89 97
95 100
86 90
3 24
67 78
58 67
80 88
21 24
62 87
76 91
63 83
55 66
52 59
46 63
20 30
83 94
49 70
7 25
61 72
2 7
67 79
24 77
20 28
8 14
40 51
7 12
52 58
53 62
32 45
21 42
56 66
1 30
47 51
84 89
59 81
63 70
2 17
22 30
65 74
57 65
76 86
26 37
31 35
34 64
37 53
63 72
43 53
62 86
33 40
36 58
47 54
81 94
26 34
64 67
63 71
29 50
37 41
89 93
3 19
20 25
33 41
83 91
42 64
53 58
74 83
25 36
62 75
8 19
83 88
89 94
32 36
15 21
40 59
25 35
2 8
6 15
68 72
76 86
47 63
24 39
54 57
85 87
92 99
5 9
31 53
46 53
28 39
15 22
39 46
88 95
83 89
61 67
24 29
71 87
80 87
56 61
45 51
22 31
72 77
52 57
14 25
19 45
50 57
41 50
89 95
52 71
2 12
8 16
92 96
92 98
47 53
19 27
66 69
35 54
39 50
5 27
20 33
38 47
29 33
47 51
46 52
77 92
75 94
29 47
73 84
48 59
77 96
4 10
41 50
4 8
88 97
49 59
79 81
18 29
88 92
3 10
58 72
75 82
92 96
11 25
76 97
44 54
3 26
16 22
11 28
85 90
21 86
72 75
79 89
76 83
2 31
39 42
53 57
89 97
39 49
42 91
63 71
53 61
8 19
24 37
27 41
63 69
33 40
85 98
86 97
15 24
42 58
10 16
21 29
60 69
90 95
31 34
23 42
56 65
1 26
27 39
9 10
70 80
68 75
33 35
34 38
86 95
43 47
74 80
58 71
88 96
85 99
8 11
42 63
72 77
93 100
4 18
70 82
39 75
81 89
10 13
93 97
87 92
78 87
44 49
84 87
45 63
20 30
13 31
69 80
36 52
26 30
40 45
29 42
62 77
50 61
55 67
61 68
34 51
1 4
36 43
75 92
90 94
36 45
36 56
50 60
42 62
23 38
3 11
49 57
5 11
28 36
15 19
14 19
18 32
56 65
87 94
25 33
37 43
77 85
35 41
1 12
28 52
35 41
92 96
74 79
74 77
32 37
90 98
48 56
18 28
28 32
8 15
27 39
7 14
81 91
5 27
53 71
14 50
2 30
21 28
85 88
14 19
44 52
3 5
76 94
44 51
19 46
43 58
11 14
72 90
24 33
52 59
53 62
42 50
63 82
22 53
40 67
72 88
42 51
65 93
18 30
48 58
62 69
72 83
65 97
51 65
43 58
79 92
77 91
46 58
20 27
84 98
16 25
56 67
30 40
62 83
26 36
83 93
29 39
86 98
60 83
10 23
51 61
26 31
49 53
78 91
58 65
81 87
76 86
88 93
3 7
45 53
52 58
17 22
8 19
70 90
76 86
26 32
54 60
27 29
65 86
47 49
9 18
64 77
16 19
6 11
36 48
49 65
86 100
4 43
24 27
65 72
2 21
36 46
27 42
67 69
47 55
79 84
22 40
20 51
96 97
97 99
67 73
6 9
42 47
8 31
62 70
12 24
48 59
33 43
35 40
59 71
1 15
55 63
80 85
69 74
37 41
23 29
53 57
46 55
60 77
27 41
72 80
44 64
91 96
27 30
85 95
51 57
21 29
19 52
52 62
79 87
23 36
57 63
73 83
26 33
16 25
75 89
74 80
8 20
22 31
23 32
4 7
32 50
70 77
29 41
41 54
21 24
93 98
8 11
45 50
8 20
29 39
8 11
15 19
33 34
46 53
30 37
51 57
15 18
71 88
24 31
32 42
3 22
85 89
46 51
74 98
68 75
5 9
68 85
54 66
26 28
20 29
79 87
80 90
39 49
10 17
21 25
35 62
10 20
53 69
46 60
80 93
7 20
14 16
81 87
72 82
77 84
28 37
48 59
41 44
61 73
85 92
57 66
84 92
3 14
5 13
23 55
78 89
60 85
35 46
16 29
4 15
60 90
48 67
27 34
27 31
64 73
27 35
60 70
44 54
44 84
54 65
28 55
7 15
63 77
62 82
60 64
44 54
77 90
27 34
82 93
43 49
11 21
37 41
84 91
55 62
25 38
52 59
20 32
84 100
26 45
67 73
32 37
9 33
8 15
70 74
23 43
18 20
18 40
32 61
2 8
44 52
67 94
4 14
47 55
66 71
70 80
60 69
76 81
66 95
21 34
48 51
5 18
42 53
8 21
70 77
74 82
5 8
9 16
80 85
89 97
43 51
44 61
22 36
12 18
12 66
38 44
31 54
89 99
82 85
77 82
41 45
47 64
51 75
59 62
41 60
11 12
86 92
94 97
29 34
47 54
16 20
19 38
65 73
12 20
77 81
25 30
81 86
13 15
38 68
5 13
68 84
68 82
67 81
77 81
83 89
13 18
89 95
18 32
36 46
10 19
49 56
64 76
53 84
25 36
64 90
14 20
74 92
2 20
30 37
66 70
69 79
11 25
72 79
78 82
14 21
86 100
5 14
17 20
64 77
45 60
10 16
16 42
82 95
2 6
15 38
14 20
62 86
64 69
77 86
33 41
29 35
62 74
92 100
27 33
16 27
17 29
20 29
72 77
37 56
24 29
24 27
58 69
67 76
53 57
21 50
23 51
17 39
76 84
43 45
36 45
56 77
29 64
40 56
18 38
32 41
28 30
36 45
18 27
59 69
56 71
52 61
24 30
34 44
78 88
34 37
62 73
84 95
47 67
3 11
52 54
14 36
1 8
40 68
45 63
71 76
38 68
43 52
84 97
50 60
75 83
63 67
45 52
16 22
10 19
12 27
60 67
11 21
75 85
46 58
14 22
73 83
41 44
21 25
14 19
43 53
17 30
20 31
86 92
10 17
35 50
69 77
73 84
26 37
17 28
73 94
47 52
38 62
8 27
23 33
13 20
44 48
77 95
52 61
22 30
8 25
31 35
57 79
50 56
44 51
55 57
47 95
86 97
62 97
14 21
52 66
65 72
25 32
72 83
55 57
78 90
14 36
16 40
23 28
54 59
72 80
74 79
20 31
83 100
61 70
59 65
78 92
74 80
76 91
65 72
3 18
71 74
61 72
8 12
22 39
71 79
32 41
27 45
88 95
75 85
64 72
54 60
48 58
17 24
29 36
75 83
27 36
32 36
9 19
13 21
69 78
61 65
77 80
60 63
77 86
56 61
38 42
74 81
16 30
74 94
29 40
67 78
65 75
69 74
76 82
46 56
13 15
91 98
29 34
80 88
84 95
72 90
4 15
65 73
81 83
12 22
52 73
69 75
64 73
48 54
15 24
65 81
12 23
16 25
31 41
66 86
22 29
52 62
1 6
1 6
88 98
84 90
46 50
48 55
85 92
51 61
27 37
43 52
27 33
52 70
81 88
42 56
3 21
75 83
22 29
13 26
37 43
42 56
25 39
81 88
71 84
39 52
71 78
35 44
20 27
64 68
49 57
75 93
34 57
31 49
6 23
8 29
81 92
29 42
60 69
35 38
49 54
32 38
20 34
81 94
43 51
15 27
72 87
24 31
55 61
66 82
1 9
73 82
72 88
55 60
75 81
83 84
5 24
12 15
63 76
73 81
69 74
18 28
91 96
63 73
17 25
17 23
27 35
2 19
76 83
86 96
60 70
71 76
49 64
5 23
42 44
43 64
80 94
64 68
22 32
20 86
18 26
60 75
31 63
69 83
35 40
6 18
70 84
66 74
56 65
17 24
38 45
81 90
41 51
7 20
12 31
89 92
10 20
15 25
42 48
78 82
29 43
77 83
59 79
44 49
39 70
74 92
82 84
72 79
38 49
52 75
42 44
12 18
50 62
6 16
68 75
48 54
85 93
54 57
76 79
22 39
40 46
31 45
12 25
7 17
26 31
48 54
55 82
23 31
32 62
15 27
96 100
87 94
84 88
61 76
3 22
9 14
77 83
13 24
55 79
16 19
20 25
24 27
43 67
40 69
64 74
24 29
20 42
57 97
43 52
43 71
39 53
18 41
56 61
79 87
53 73
7 14
72 75
42 55
12 23
55 57
3 10
58 68
67 71
69 83
64 67
46 53
7 34
13 22
77 82
68 73
14 24
89 97
9 20
49 70
84 88
14 27
54 57
24 29
18 26
8 12
75 80
65 77
50 59
44 58
48 70
59 72
96 99
15 19
43 65
53 75
10 22
45 51
46 49
61 69
87 92
5 9
34 39
5 12
83 88
12 21
61 73
42 45
31 37
11 19
90 97
93 100
4 13
21 29
43 71
24 29
93 99
14 16
63 74
25 43
3 37
60 70
23 34
24 38
66 72
4 15
92 98
62 91
46 49
7 12
61 75
44 99
52 64
73 81
64 70
81 99
81 84
37 73
32 40
84 88
69 82
35 47
45 63
11 18
15 20
57 62
2 12
54 77
42 49
19 31
76 84
18 35
27 33
83 84
89 98
43 64
61 68
18 27
27 34
32 41
63 75
74 79
77 83
18 26
77 82
26 41
76 86
74 99
62 67
49 62
4 22
67 75
83 95
40 42
6 16
27 33
12 18
20 33
2 14
48 55
65 80
55 67
27 43
56 84
87 91
18 43
59 64
9 16
8 19
59 63
28 69
40 65
62 69
53 71
93 97
68 89
17 30
1 2
39 50
38 48
4 22
60 85
13 27
44 84
6 14
53 90
27 31
77 86
35 36
42 64
25 41
13 29
90 93
75 79
33 35
31 56
18 21
59 65
31 35
54 70
39 50
81 90
89 100
24 41
50 59
62 70
59 61
45 49
83 97
80 89
82 90
90 100
32 36
69 75
29 44
61 72
36 44
85 96
78 90
13 23
22 33
84 97
78 84
32 42
24 33
42 62
57 61
34 39
66 81
71 77
55 66
76 82
74 86
85 92
65 94
63 84
66 71
12 28
93 96
16 22
80 88
19 34
64 70
94 100
52 69
53 69
6 8
55 66
50 64
62 64
78 89
45 55
80 90
6 15
19 24
52 57
40 53
73 90
40 50
22 25
55 75
41 56
8 27
64 74
19 26
4 11
54 63
55 67
21 27
40 43
3 18
56 62
51 60
4 15
4 13
13 28
31 36
79 91
37 57
39 47
65 74
67 69
26 43
67 80
74 84
30 43
65 80
2 14
40 44
81 94
6 26
50 59
64 73
73 85
65 72
12 22
72 78
56 70
24 31
25 38
37 48
41 46
51 55
3 12
91 97
4 20
47 54
91 98
75 84
18 22
2 18
34 43
57 71
16 24
57 65
17 35
42 51
86 91
30 56
33 40
48 50
12 20
1 42
86 92
23 39
15 25
61 83
20 30
6 14
66 71
7 26
55 71
25 39
82 88
60 65
41 58
51 62
91 95
18 23
62 71
7 11
27 30
16 34
29 40
30 53
73 83
85 88
17 24
66 81
30 33
32 43
1 17
55 60
28 34
69 73
40 46
20 32
29 38
35 43
3 16
34 41
35 46
2 9
85 95
52 55
91 97
10 13
23 39
78 85
54 75
48 58
24 34
89 98
55 65
54 64
63 81
29 45
73 83
67 74
27 36
50 53
32 42
41 63
13 18
47 57
65 96
56 78
50 54
1 3
6 15
6 20
53 64
92 99
8 15
45 52
81 94
58 73
32 37
8 13
56 58
84 92
80 93
48 55
22 31
54 67
5 10
79 86
71 87
29 31
39 52
57 65
13 24
83 96
90 97
20 55
1 6
26 33
89 96
65 75
37 49
27 29
49 55
66 67
78 96
10 23
60 69
13 26
92 100
21 23
13 39
76 81
10 19
28 40
41 48
79 85
39 55
93 94
37 42
57 67
87 100
39 41
53 59
60 74
11 25
12 21
14 20
58 63
34 38
4 12
74 95
72 74
10 14
71 80
3 7
87 99
38 46
51 56
71 86
55 59
40 44
65 78
89 90
56 76
56 70
48 53
70 76
57 90
66 87
42 56
2 11
37 48
1 20
62 72
42 44
3 13
50 64
30 39
41 45
25 29
41 47
31 42
46 54
83 95
16 35
60 81
16 35
21 30
18 31
32 38
83 98
7 9
78 90
7 19
45 50
4 7
55 57
73 79
38 60
80 84
34 43
51 54
9 15
88 98
74 91
37 50
30 38
42 57
54 65
32 36
40 50
76 84
44 53
65 76
22 29
23 35
32 42
66 77
58 90
34 42
10 22
3 14
82 88
74 79
67 77
73 86
22 24
39 48
9 16
78 94
70 95
86 90
65 90
72 79
84 88
73 94
61 74
15 26
55 98
24 31
48 54
44 48
23 30
19 27
69 82
15 33
47 52
3 11
79 97
43 61
31 39
57 70
61 63
16 27
78 79
17 24
10 17
33 39
6 20
19 25
7 18
44 56
86 93
87 98
17 36
34 52
76 92
29 43
18 24
75 85
87 94
14 22
81 93
46 64
51 60
76 91
26 32
69 74
6 8
53 59
67 74
61 71
79 88
2 15
79 94
53 62
62 94
24 33
53 66
32 35
63 73
67 73
11 28
8 23
93 98
30 45
69 87
4 17
43 60
6 27
67 86
90 96
62 68
7 18
13 29
73 90
20 37
42 51
67 77
32 36
85 95
69 92
39 43
70 87
68 77
95 97
77 80
11 21
85 94
62 80
23 32
89 97
69 74
86 94
62 90
39 46
56 71
16 20
1 14
59 67
73 86
54 87
69 83
69 77
35 53
62 72
12 30
6 13
54 63
78 87
81 99
75 91
47 53
61 70
18 35
75 92
63 68
48 84
52 63
12 30
58 67
14 43
63 66
64 70
61 64
83 86
44 48
32 36
31 42
47 56
57 64
52 57
46 55
63 69
73 81
56 67
9 20
38 52
29 33
65 73
33 40
6 11
47 58
51 55
49 87
28 32
2 20
1 11
76 83
64 68
60 68
94 97
17 32
40 46
40 43
55 61
43 50
87 96
66 78
36 44
78 83
29 42
78 93
84 87
28 46
17 26
76 87
5 35
40 49
3 9
33 42
24 28
54 62
74 83
33 41
88 97
4 20
9 19
77 87
46 70
82 86
57 62
33 41
28 34
4 15
20 26
35 37
84 86
87 95
47 69
15 25
27 34
22 30
85 94
44 53
27 33
58 67
19 30
33 42
26 39
66 74
32 46
43 58
80 91
35 40
83 92
81 93
44 50
70 86
75 79
43 51
89 100
26 53
37 65
77 90
38 50
68 75
49 50
53 56
91 96
48 55
45 48
19 28
91 93
16 20
9 20
56 67
15 20
66 78
60 68
28 58
18 35
34 59
63 72
77 88
13 24
82 96
70 80
45 56
93 97
57 63
52 61
56 60
61 68
58 84
15 17
52 60
28 31
36 39
14 33
47 68
47 53
73 76
21 33
29 45
68 79
26 37
1 12
25 28
89 94
37 42
76 84
92 99
40 55
48 61
55 61
14 18
64 68
43 45
79 94
78 91
54 65
25 38
38 45
40 55
53 59
23 34
87 96
22 47
88 100
61 67
66 71
64 66
44 54
37 47
78 87
41 70
50 59
41 45
4 27
24 35
52 79
97 100
68 75
54 72
19 26
7 12
46 59
8 12
12 14
6 41
31 40
61 72
10 37
28 30
90 100
92 94
85 93
62 66
55 62
44 58
66 85
17 30
72 79
50 59
55 73
34 43
53 63
52 57
20 33
75 89
39 42
19 38
21 69
52 56
26 34
17 22
80 87
65 68
57 61
93 99
2 4
7 36
75 90
86 100
38 41
52 53
9 35
63 78
48 62
2 6
30 47
52 68
17 25
63 92
21 27
5 16
55 65
56 65
4 27
23 26
43 54
74 98
60 68
79 86
33 51
33 40
53 60
59 67
18 40
44 48
8 31
17 27
53 82
14 29
45 63
77 86
76 88
31 33
39 57
46 55
41 48
53 74
73 95
11 19
7 12
57 66
32 39
67 78
68 86
27 57
61 84
40 42
32 35
32 40
22 34
4 15
74 75
60 74
81 91
30 35
8 23
92 98
92 94
24 28
93 99
18 31
86 97
54 75
7 47
54 66
14 21
92 99
67 75
45 55
2 14
89 97
43 52
4 9
51 59
69 76
52 55
72 76
71 87
20 26
72 90
31 50
90 98
9 24
46 51
65 72
96 99
84 94
32 36
33 40
70 79
76 88
48 54
57 75
42 48
75 83
44 55
54 60
45 52
31 51
83 90
65 69
90 99
19 28
24 33
30 51
58 70
43 63
40 45
35 62
26 40
87 94
10 27
13 35
22 33
68 86
29 34
35 50
15 23
65 75
22 38
44 65
28 44
68 72
41 51
55 66
24 29
9 16
17 30
19 30
68 73
45 59
36 56
75 89
15 27
6 21
25 30
23 32
17 29
86 92
83 88
50 100
49 83
15 23
64 67
57 69
22 29
33 43
60 62
30 42
21 28
47 72
89 95
79 93
3 8
30 44
23 34
28 35
8 24
43 48
73 78
45 52
1 21
7 12
12 60
30 44
82 89
55 65
30 36
75 80
28 35
2 29
64 73
5 26
45 52
7 17
14 20
72 85
35 64
42 70
51 78
2 14
61 71
85 92
37 63
11 20
77 91
39 60
72 77
29 44
69 78
28 36
34 38
89 92
21 32
47 59
61 67
8 17
43 48
68 84
88 92
52 98
60 87
25 42
87 94
50 54
39 55
44 48
15 22
12 26
59 79
19 25
54 58
6 13
64 81
57 78
58 67
62 73
56 70
41 45
15 19
43 55
35 60
