100 20 20 14
00000000000000000000
00000000000000000000
00000000110000000111
00001111000000000000
00000000000000000000
00000000001100000000
11100001110000000000
00000000000000000000
00000000000000000000
00000110000011111111
11100000000000000000
00000000000000000000
00000000000000000000
11110000000000000000
00000000011000000000
00000000000000111111
00000000000000000000
00000000000000000000
00000000000000000000
0000000001001000000
0000000001001000000
0000000001001000000
0000000100000000000
0000001000000000000
0000001000000000000
0000001001000010000
0000001000000010000
0000001000000010000
0000001000000010000
0000100000000010000
0000100010000010000
0000000010000010000
0000000010000010000
0010000010100000000
0010000010000000000
0010000010000000000
0000010010010000000
0000010010010000000
0000010010010000000
4500
15 25
19 22
19 33
7 15
91 97
6 17
35 42
2 13
9 27
74 77
52 68
58 60
9 17
68 82
64 89
15 27
23 36
64 78
29 47
43 80
1 18
63 66
68 80
76 82
34 63
90 96
70 76
6 12
11 20
47 59
96 99
17 46
37 57
72 81
39 52
73 80
51 59
5 15
2 8
11 20
48 60
36 44
52 60
65 75
45 52
65 76
28 34
1 46
4 7
53 56
55 65
72 83
34 57
52 64
68 93
7 16
30 46
4 10
10 24
21 28
61 73
37 66
99 100
66 93
10 17
93 100
38 51
59 70
8 23
69 79
53 63
84 93
65 70
15 47
6 18
47 63
55 65
21 26
43 51
41 46
8 18
27 44
29 36
22 54
5 18
52 65
5 24
56 76
47 58
50 71
26 31
67 74
25 39
1 9
44 60
31 42
48 52
86 95
40 43
60 68
17 32
6 15
57 69
18 28
72 84
61 95
14 20
65 71
53 65
63 69
89 98
35 48
91 93
38 43
41 88
15 25
52 63
14 30
52 58
59 66
23 35
25 39
68 75
51 54
76 82
83 98
55 61
47 53
45 63
60 83
5 15
34 59
19 25
8 12
56 77
66 87
16 22
54 68
10 13
79 89
55 63
68 74
9 17
64 73
92 99
30 40
23 27
2 15
79 87
50 57
17 40
17 25
73 80
61 75
61 86
12 15
10 24
55 80
59 67
5 21
46 51
48 56
5 14
31 42
21 34
7 11
71 84
44 62
4 7
36 45
19 33
49 61
35 53
7 26
18 25
35 43
32 42
40 51
23 25
41 49
68 80
14 25
49 73
43 49
28 31
8 27
21 25
85 94
50 55
95 100
65 77
85 93
46 56
57 60
17 50
73 75
32 41
27 36
72 76
31 40
8 11
88 90
73 77
24 38
32 41
38 62
21 27
67 71
35 45
81 96
22 38
8 40
8 11
45 56
47 50
56 63
56 63
87 91
17 21
63 73
42 62
7 34
85 90
21 27
16 32
79 82
69 87
46 56
77 85
25 29
40 46
21 24
10 12
60 65
85 94
43 52
30 43
83 92
71 79
68 74
94 98
75 82
6 15
53 78
4 9
83 90
81 96
62 70
36 45
47 70
17 19
25 30
1 8
36 40
82 96
18 22
18 26
24 35
29 38
3 9
28 37
39 78
31 42
96 97
25 36
58 67
66 69
2 53
48 55
22 32
32 41
36 57
29 32
62 71
88 97
58 71
62 73
75 84
72 87
25 29
8 16
14 27
49 61
19 62
31 71
36 46
91 100
16 27
8 18
35 49
63 80
48 54
24 27
48 56
9 13
76 83
56 61
33 39
77 84
41 70
84 100
3 7
24 34
19 65
84 90
12 25
59 72
45 57
35 53
77 83
46 51
4 15
21 62
87 89
6 19
43 50
7 15
16 29
74 81
30 50
12 18
76 91
81 92
40 47
78 98
19 45
93 100
31 41
14 20
17 32
38 44
84 92
20 35
2 3
1 4
67 88
73 85
84 92
42 54
82 92
12 21
55 64
39 57
9 16
17 22
13 22
68 77
76 95
7 30
4 12
20 37
74 85
40 50
46 59
8 25
21 40
19 46
71 86
66 74
77 83
81 96
52 67
21 28
13 19
4 6
16 32
55 86
75 79
19 33
32 47
41 53
2 6
68 80
36 64
41 45
34 38
8 34
63 87
35 63
46 53
25 30
47 51
18 25
50 59
49 62
75 79
35 39
31 45
54 73
51 68
18 30
90 96
15 22
52 57
19 25
68 81
16 27
76 92
33 65
53 57
86 98
58 81
44 49
58 62
1 19
21 45
87 91
81 90
88 98
5 13
11 17
8 20
27 34
11 26
68 76
66 75
22 37
53 68
74 83
61 74
25 39
8 13
92 99
70 72
67 77
6 12
72 76
78 90
82 96
27 36
2 14
41 50
73 76
41 100
12 28
8 24
24 29
8 36
41 47
29 43
61 64
88 91
64 77
50 63
11 15
28 40
41 50
68 72
45 62
73 84
18 28
28 36
74 82
76 85
50 61
39 44
27 34
53 59
23 48
19 30
21 34
36 80
39 48
47 61
70 73
49 62
20 41
60 66
17 32
55 71
20 33
18 50
80 87
21 31
15 27
90 98
40 56
4 38
48 55
66 73
71 86
63 93
26 40
14 42
11 17
26 32
4 12
33 45
62 74
15 83
85 92
34 36
53 56
11 16
37 43
76 80
73 83
81 99
29 32
42 49
78 80
2 8
54 59
61 72
84 94
77 84
47 55
29 43
11 20
27 32
79 86
78 84
41 44
84 88
21 34
45 58
90 99
15 20
3 11
49 60
86 93
28 39
87 91
14 46
18 30
3 6
29 55
67 82
83 91
50 51
1 7
88 93
26 30
48 70
11 16
60 63
25 41
36 42
64 67
71 82
41 47
65 80
22 41
89 96
17 27
56 63
16 23
48 56
32 36
31 38
55 58
77 91
25 46
14 24
58 63
43 81
68 82
15 33
52 56
70 74
83 93
3 12
41 46
54 65
20 24
9 14
49 60
10 17
3 15
65 70
19 24
55 65
39 49
20 33
70 78
11 18
56 64
22 38
22 35
58 60
66 76
65 82
42 54
86 94
18 27
4 8
75 82
57 66
51 56
9 12
82 89
41 48
9 18
27 31
81 95
79 87
68 77
70 77
7 21
34 40
22 36
36 39
40 49
53 70
90 97
64 75
39 49
17 28
64 77
55 59
68 73
23 38
2 10
17 20
65 78
58 65
24 31
31 47
27 45
71 73
38 51
47 56
66 71
16 20
72 80
5 14
72 92
74 82
58 70
62 71
49 55
18 25
75 83
75 86
27 39
87 91
76 87
59 61
20 21
77 80
37 59
14 36
9 24
66 74
19 39
63 67
56 93
20 27
24 30
82 89
52 54
48 56
64 70
24 28
11 16
8 21
49 55
8 17
8 17
54 63
68 73
37 67
3 11
85 92
40 51
2 18
49 68
5 12
70 83
59 68
16 36
80 87
29 36
37 64
46 54
79 90
34 47
60 92
14 27
60 68
76 83
43 58
40 45
2 10
80 95
47 63
32 39
3 19
38 43
27 71
72 87
44 51
63 66
42 53
29 39
4 12
44 52
40 46
13 22
42 46
27 42
1 19
68 73
65 98
69 76
18 30
20 25
38 51
25 35
53 65
24 28
24 32
70 88
10 19
21 32
79 96
37 43
83 100
69 72
73 75
24 34
56 75
21 30
69 74
7 17
21 44
58 63
4 8
10 22
31 45
8 12
53 60
8 31
70 79
9 11
48 65
35 43
10 23
88 100
54 60
50 78
12 20
57 64
61 81
52 62
31 36
39 46
74 86
70 73
74 77
23 41
91 99
22 33
64 76
63 75
10 20
61 65
27 36
12 24
19 26
6 24
76 81
11 18
66 73
90 92
23 31
82 90
26 31
88 96
10 23
51 58
49 53
76 80
85 97
20 44
17 30
58 61
91 93
28 34
65 71
43 48
16 31
42 55
60 78
14 19
10 30
51 56
76 79
53 78
78 91
27 37
55 62
84 91
40 60
25 52
18 40
19 25
5 12
81 88
87 92
1 27
12 38
77 81
56 79
87 99
1 15
46 53
29 32
13 21
44 52
44 52
91 99
2 9
53 61
58 66
52 55
36 53
58 68
42 51
49 61
30 37
46 55
24 35
82 91
90 96
61 66
72 89
34 51
12 21
56 61
14 24
69 88
20 33
49 56
48 59
17 22
39 48
92 100
79 84
2 7
29 33
30 37
87 90
26 44
19 33
7 11
45 50
35 45
66 84
92 100
28 37
46 64
31 37
17 39
45 52
23 30
25 32
49 52
33 39
40 59
29 37
15 27
94 98
52 61
33 41
9 25
53 61
3 9
31 48
87 98
4 63
4 23
17 23
11 21
30 35
12 23
60 81
50 69
42 65
43 54
59 71
51 62
16 18
1 3
41 58
54 67
14 38
87 93
95 98
80 86
80 84
83 97
6 10
13 44
23 45
27 39
9 13
3 6
2 5
58 70
37 49
63 68
70 74
16 21
34 37
26 33
90 93
79 95
32 57
15 19
51 53
53 58
30 34
2 14
50 60
25 39
50 56
78 92
55 67
15 19
28 30
39 47
9 20
17 26
2 23
35 42
73 85
83 96
33 35
35 52
55 69
48 54
60 68
20 27
5 16
23 30
27 35
74 80
41 57
22 32
67 69
28 37
50 51
25 38
80 92
13 22
16 21
70 78
74 85
89 94
18 33
20 24
53 58
50 54
15 19
76 93
68 75
85 97
60 70
76 80
56 68
62 71
38 43
26 30
83 86
28 52
51 74
36 71
27 30
39 81
62 64
24 32
72 80
13 20
58 60
35 37
76 82
81 91
33 39
2 9
27 45
8 13
72 78
87 95
23 25
16 20
35 43
16 43
82 84
60 69
37 48
71 84
45 51
36 46
39 58
9 15
22 30
37 54
55 71
57 64
42 61
86 99
56 79
22 30
23 27
16 36
88 95
45 74
72 88
24 39
55 69
29 34
30 51
62 67
78 85
54 67
41 46
10 17
4 9
30 46
25 27
75 84
43 52
35 53
50 61
42 57
49 56
72 80
86 92
49 53
58 66
24 34
17 31
48 86
83 89
9 19
18 32
64 68
85 92
18 26
14 42
33 39
76 79
69 76
3 28
31 34
18 25
26 30
78 94
9 26
65 72
46 53
88 96
13 23
9 21
58 74
77 93
79 83
48 55
1 9
14 34
60 66
24 42
80 87
96 100
85 99
53 69
29 37
73 87
75 95
50 52
85 96
57 61
19 42
32 43
64 89
2 31
82 84
36 45
78 86
46 52
40 50
58 60
38 43
39 47
83 94
27 38
75 99
5 19
76 86
18 23
42 49
34 63
39 52
56 66
27 33
46 54
38 58
35 43
50 57
91 96
75 83
59 63
68 79
5 6
25 43
22 27
42 47
20 36
69 76
60 61
18 41
51 55
65 76
42 47
11 15
23 26
42 53
86 98
70 74
36 43
19 26
40 68
88 95
24 48
11 22
6 12
56 63
31 44
28 32
90 93
79 83
36 43
1 20
50 67
91 97
26 36
75 83
1 13
12 22
57 67
21 30
55 72
48 52
9 17
29 39
31 33
81 86
7 12
5 31
61 80
79 92
82 94
21 32
8 14
40 50
32 34
45 64
71 73
41 46
20 25
8 21
38 44
16 22
25 28
76 88
25 29
56 72
42 52
77 80
38 42
58 68
81 86
72 76
53 60
63 77
42 56
1 8
27 49
64 76
88 96
37 44
32 39
44 49
57 60
60 71
63 79
29 37
16 22
18 30
92 96
68 71
48 55
16 22
60 65
29 46
50 55
29 40
46 55
68 100
59 92
83 92
80 87
87 93
11 30
42 44
73 76
51 62
74 86
84 95
37 42
22 30
60 70
34 41
21 34
89 98
67 90
86 94
22 37
12 31
61 73
37 52
17 27
94 96
78 86
60 69
29 74
27 48
46 73
84 88
19 26
60 74
6 13
18 23
74 84
17 29
24 37
27 45
80 86
47 54
85 97
34 38
31 42
21 30
66 76
69 73
24 29
66 78
80 88
20 29
19 28
37 43
61 66
17 27
41 48
44 54
50 58
41 54
2 9
52 70
44 56
48 50
31 42
42 47
9 17
15 22
48 63
79 93
1 12
47 50
15 23
48 54
3 22
5 24
18 26
9 19
20 27
22 41
3 6
9 23
69 81
48 97
18 24
3 28
57 64
35 44
59 69
88 98
58 72
79 91
80 85
59 65
90 92
57 60
23 47
9 31
43 47
49 65
65 88
53 67
36 42
27 44
75 97
18 25
57 81
68 83
92 100
20 24
14 46
57 73
87 95
23 40
73 75
88 95
57 65
59 67
37 53
83 90
31 43
68 88
75 81
91 99
63 82
45 52
78 82
27 34
88 93
33 46
5 13
51 61
41 47
68 82
33 37
2 11
70 100
84 96
19 28
61 71
35 37
40 45
47 68
52 60
47 50
22 34
87 93
44 55
33 38
61 65
19 41
63 66
23 28
35 45
13 23
11 17
9 38
81 88
51 53
52 68
15 41
15 32
4 23
42 57
36 42
75 83
34 45
84 99
80 99
75 84
25 35
30 41
38 41
41 54
44 50
24 27
88 94
82 94
79 83
21 30
5 39
91 94
2 18
67 81
10 16
45 54
63 85
73 81
30 35
73 85
32 47
14 27
65 73
18 32
7 24
59 78
64 67
44 50
68 76
78 89
36 41
65 75
19 22
56 75
86 97
53 67
11 14
76 88
87 92
53 65
23 30
34 49
26 39
23 28
45 50
41 54
72 86
53 61
35 43
66 69
65 83
79 90
43 62
40 43
1 38
92 97
71 81
36 45
67 71
25 53
64 71
8 15
31 55
5 14
83 86
3 4
55 60
9 12
31 45
83 92
63 78
10 30
73 88
84 92
48 59
4 15
47 62
11 50
86 93
21 26
78 86
17 38
29 47
65 75
54 68
54 58
5 14
67 77
17 26
5 17
48 54
44 57
13 33
40 46
36 50
1 8
67 76
49 54
64 76
10 17
17 23
20 22
57 76
31 34
74 81
82 94
4 15
24 35
24 43
40 66
59 81
9 20
10 14
39 51
7 12
24 33
70 76
75 89
45 55
73 83
54 59
7 13
42 49
9 13
57 73
59 73
63 75
79 90
12 56
83 92
43 48
40 44
10 19
66 86
75 79
89 100
68 85
35 40
55 64
55 71
23 29
58 63
32 39
15 32
17 34
90 99
39 56
15 17
9 11
32 38
12 19
39 56
75 90
65 69
67 93
49 54
64 70
73 81
41 48
52 62
61 67
82 85
75 88
77 82
19 23
32 55
29 36
64 73
12 35
4 19
2 11
15 20
82 91
44 57
53 57
33 41
11 25
10 20
47 61
83 90
17 23
44 48
65 77
56 70
87 92
29 34
4 8
32 36
35 50
53 67
55 67
81 95
48 57
81 88
44 52
94 97
80 86
79 90
60 66
47 66
8 11
10 23
42 48
38 44
23 36
22 24
71 89
2 8
18 23
13 34
51 57
64 83
24 42
13 24
63 71
27 46
70 76
33 63
55 60
71 87
30 31
81 87
26 29
26 36
72 73
48 55
5 9
62 68
27 59
37 53
20 35
77 84
48 63
16 25
20 29
23 33
4 14
14 26
14 31
88 91
69 78
35 60
70 96
66 77
74 79
57 70
77 88
75 84
45 57
10 34
16 28
30 41
80 85
56 65
49 60
24 34
34 43
71 84
22 39
27 78
37 45
78 95
12 30
40 54
4 13
50 59
49 58
42 55
33 37
23 37
71 78
78 91
12 18
68 80
21 28
63 73
42 66
46 53
26 40
85 98
52 62
18 23
64 72
60 69
54 60
61 67
72 83
41 62
70 77
31 42
12 26
84 88
15 24
4 28
25 28
64 71
86 93
22 49
12 25
48 54
66 84
89 99
41 50
42 59
74 81
44 55
13 18
89 93
52 59
61 70
61 71
25 42
90 92
32 55
56 67
25 30
28 32
86 92
62 86
4 86
3 29
76 91
42 52
38 59
48 57
6 14
38 51
83 87
43 62
13 16
32 54
11 27
25 31
40 44
41 63
79 83
55 60
47 53
46 60
82 87
44 54
48 63
52 59
13 26
57 80
29 48
52 61
66 70
40 52
75 82
90 97
90 98
97 99
37 67
46 51
3 18
63 65
16 26
15 22
24 31
70 72
8 25
2 10
71 73
39 42
41 61
58 62
68 80
63 80
33 65
55 64
46 60
52 56
3 16
20 28
70 74
76 84
62 68
21 22
89 94
69 91
9 24
70 76
82 88
36 40
29 30
54 66
58 71
82 95
7 18
47 50
7 21
10 15
87 100
6 20
59 67
40 48
56 59
56 59
34 41
12 24
53 61
74 84
2 8
72 88
32 36
47 58
5 7
84 88
32 53
56 70
13 29
5 16
11 18
67 81
46 58
54 61
57 71
26 33
35 47
61 68
24 29
32 44
14 17
55 88
75 85
82 94
2 25
39 57
35 40
72 89
48 57
36 41
41 46
56 60
2 7
64 75
29 45
29 41
64 72
56 62
26 39
10 15
26 37
61 68
30 37
29 40
3 4
41 49
19 28
25 41
80 92
30 44
67 74
23 25
79 97
6 17
88 95
60 68
68 71
9 23
49 62
18 29
27 32
63 70
59 79
52 58
60 68
61 69
34 50
86 92
34 47
5 27
55 71
41 50
73 75
9 29
64 83
46 49
27 35
43 81
11 44
43 67
57 62
69 83
77 88
49 61
23 39
36 46
69 80
58 83
19 32
57 66
75 86
34 53
85 95
17 27
71 80
6 25
79 85
5 10
45 54
52 62
61 80
85 88
48 76
52 61
29 37
12 19
68 78
64 71
19 30
56 68
41 48
36 44
10 11
74 76
86 96
65 73
65 73
34 43
61 66
75 85
15 22
51 71
60 70
64 80
10 16
21 36
67 81
2 13
8 12
34 53
8 15
52 66
18 30
66 73
49 62
35 39
51 75
59 68
65 85
19 26
35 42
72 78
21 33
28 47
44 50
15 26
83 85
11 21
23 29
89 95
68 74
9 24
44 53
23 33
36 54
55 65
45 56
1 8
5 8
2 8
25 41
8 22
5 15
89 99
36 48
50 59
19 24
2 13
70 80
22 35
49 55
45 49
23 24
28 35
42 51
68 82
49 62
53 56
78 100
71 80
68 80
16 21
81 89
24 45
25 40
15 41
30 36
13 18
63 69
26 31
20 38
77 80
51 62
61 78
53 67
12 21
60 66
14 32
13 70
20 32
10 21
84 94
92 100
21 26
85 89
5 14
11 17
49 50
82 92
73 83
9 14
22 27
14 24
5 14
81 86
24 32
44 53
18 25
72 78
89 97
46 87
49 64
14 22
11 23
4 23
36 46
46 51
32 35
86 94
7 9
17 30
75 87
44 63
74 84
29 34
75 80
72 92
32 44
82 86
10 19
30 37
9 18
60 61
8 19
2 7
28 39
6 17
48 58
79 88
21 26
33 41
13 18
27 37
91 95
12 27
26 34
36 44
17 21
6 21
12 14
8 18
40 63
40 61
51 76
35 40
3 12
7 10
18 26
63 72
7 37
57 85
57 65
14 29
27 35
16 20
77 80
49 58
48 68
42 54
28 35
76 96
7 16
46 49
57 65
3 30
44 51
7 14
46 48
30 37
34 36
24 32
65 76
31 47
3 14
6 12
87 95
93 100
57 80
77 93
5 18
53 65
48 62
49 61
37 46
12 17
18 25
12 33
51 62
23 35
82 96
13 31
59 72
87 94
91 98
15 23
3 9
86 90
34 41
92 98
52 68
38 60
16 32
16 20
71 94
86 93
10 22
26 38
63 70
78 96
82 85
16 31
9 19
85 93
1 13
75 79
73 82
49 52
24 38
10 13
64 69
74 99
68 86
60 77
39 58
87 91
13 33
41 48
20 33
82 92
17 24
36 51
11 21
61 69
64 71
22 23
48 50
27 41
58 71
81 94
25 42
52 58
87 91
49 57
30 65
29 39
44 61
10 16
76 93
65 70
17 23
32 40
69 88
9 18
73 91
24 38
39 48
38 51
48 60
26 30
27 39
4 7
59 68
31 43
82 90
7 32
23 27
66 72
69 73
48 62
42 51
43 56
8 10
3 9
84 86
35 62
24 40
20 35
92 99
5 21
3 11
89 93
28 36
5 19
54 73
16 27
69 71
13 26
82 87
26 35
27 41
70 95
8 13
54 71
42 62
7 21
82 90
34 40
88 92
9 12
17 31
64 70
23 36
50 61
47 58
4 11
75 83
36 49
54 60
10 34
77 100
39 46
36 44
17 30
67 78
19 33
5 13
27 31
46 56
31 32
77 86
32 48
3 12
77 88
73 91
4 15
84 91
66 68
41 48
31 43
74 81
48 60
46 54
90 96
6 14
37 42
71 76
77 86
81 89
2 16
2 8
95 100
54 86
70 81
26 31
89 92
74 92
88 93
74 79
78 100
44 48
57 65
29 42
63 75
35 81
33 41
8 15
14 24
84 90
6 11
56 77
14 23
53 63
46 53
80 87
9 17
14 22
92 97
60 73
6 10
36 37
78 85
2 10
76 80
77 87
29 41
74 80
74 76
58 64
41 43
21 28
11 17
36 53
42 44
50 58
4 13
1 5
20 34
23 46
2 20
80 86
65 70
2 13
92 98
25 45
80 98
83 90
70 76
20 23
25 39
42 56
18 26
79 90
42 53
76 85
10 15
7 10
23 35
59 65
84 87
22 25
31 34
74 84
29 52
48 53
56 65
89 100
62 70
24 31
9 18
12 25
82 93
55 59
78 88
40 49
59 64
79 87
88 96
37 43
57 62
63 88
16 43
86 94
13 21
44 50
46 53
76 83
20 36
25 38
75 80
71 83
56 62
8 28
21 64
69 93
26 42
66 78
91 93
83 87
85 92
36 41
51 62
33 44
42 52
48 57
22 35
1 9
13 38
12 34
11 28
81 89
23 34
12 21
29 45
34 44
23 27
34 42
49 69
60 76
70 75
64 75
59 78
24 33
66 73
92 96
51 60
76 81
54 58
90 95
42 55
36 44
50 59
38 49
59 71
44 66
72 76
35 49
82 87
62 64
89 98
21 23
30 35
59 63
6 12
86 100
37 47
81 86
77 87
8 15
87 98
20 26
78 88
11 19
77 94
74 88
81 83
5 29
47 60
59 66
54 58
63 73
48 60
44 58
33 44
8 18
11 16
11 19
64 70
74 79
48 57
16 24
61 100
10 22
20 30
5 20
39 58
16 20
31 47
86 97
52 55
31 36
1 6
9 18
66 84
68 84
27 39
30 44
25 32
1 6
9 19
4 19
63 75
91 97
54 73
35 46
49 66
61 71
14 21
26 36
39 44
77 90
3 40
7 17
24 44
80 94
10 38
2 10
67 75
67 80
62 69
13 17
4 21
56 61
90 100
40 46
39 43
48 53
2 14
60 77
90 94
5 10
12 21
75 78
88 95
79 84
37 45
60 70
80 91
26 36
6 13
19 35
19 31
66 69
66 81
5 14
87 92
50 54
54 65
66 73
77 84
58 68
49 55
56 76
4 15
40 48
53 70
6 19
41 56
19 22
62 72
14 20
16 19
29 31
21 30
54 58
75 87
9 26
12 47
12 18
63 77
55 71
6 19
48 65
18 27
57 68
91 97
15 26
61 78
35 44
14 32
66 74
90 100
64 68
39 47
67 85
93 99
88 96
21 25
74 94
46 64
23 44
70 73
22 29
3 27
4 13
28 51
38 51
26 47
62 70
44 51
20 37
51 59
40 44
33 37
29 42
69 97
47 57
44 47
50 57
49 53
27 45
1 5
92 99
54 56
31 37
87 99
76 84
7 24
75 76
54 63
40 51
80 99
29 51
63 70
60 71
73 76
67 72
83 87
26 41
64 69
89 100
20 26
10 33
42 57
59 70
58 66
36 57
9 15
64 67
92 98
27 32
75 88
24 27
1 14
15 21
81 87
10 57
52 66
40 49
55 65
40 47
44 52
50 59
7 13
73 81
12 19
26 43
6 17
27 35
9 20
55 91
66 84
22 42
42 56
33 55
7 17
52 60
10 19
40 51
77 83
39 50
64 81
31 45
66 70
56 75
1 10
51 57
41 67
52 72
44 51
61 84
23 29
84 94
64 86
44 60
57 90
47 56
16 19
28 38
54 61
86 93
56 100
56 65
50 59
81 86
74 80
5 21
88 99
92 98
64 77
19 24
89 94
19 37
44 51
41 47
32 41
81 83
20 33
23 26
7 11
4 12
83 93
16 22
82 91
27 33
3 13
64 70
21 39
83 94
21 29
40 43
27 32
87 97
6 19
68 77
31 39
45 51
45 55
21 36
25 38
51 60
11 27
26 34
34 44
2 7
67 73
7 16
28 37
64 75
44 97
57 86
74 83
61 70
94 97
44 54
4 21
95 98
10 28
65 89
2 11
34 45
79 84
27 45
63 71
87 89
40 49
51 85
56 62
22 35
75 87
75 79
86 98
43 66
49 56
88 97
77 92
16 18
19 37
82 87
93 99
33 44
2 7
86 93
2 46
15 26
15 25
5 20
66 76
48 59
36 48
57 69
48 65
89 93
49 63
38 50
17 33
49 69
10 16
12 46
9 11
2 11
18 26
89 94
49 55
47 56
24 33
82 86
44 55
72 95
53 65
23 30
75 80
2 8
62 85
71 75
47 82
12 21
58 65
80 88
29 53
6 8
8 23
34 51
74 85
63 66
40 57
85 89
44 49
9 21
77 93
63 73
63 75
60 70
37 47
3 8
53 82
49 55
79 80
58 67
70 76
55 63
36 45
31 57
41 59
37 45
49 52
25 45
14 20
10 17
10 15
48 65
57 69
77 85
84 93
49 63
75 93
58 67
35 55
75 85
49 66
48 67
79 98
46 63
64 73
67 75
45 79
4 10
30 44
9 16
28 34
8 14
24 30
76 79
15 25
70 83
90 94
68 84
59 76
18 23
53 66
81 89
43 62
78 86
54 64
17 47
1 15
82 96
74 94
38 44
62 75
49 85
3 22
68 73
66 72
35 39
31 38
11 19
78 96
42 50
88 93
47 56
43 57
56 70
6 15
24 30
89 98
71 75
35 41
42 45
5 11
8 13
93 96
29 31
23 29
54 64
27 35
58 66
41 47
31 35
16 28
70 79
57 74
28 37
34 41
80 97
35 48
80 87
34 50
79 83
72 89
16 41
76 82
6 15
56 71
48 58
30 40
85 95
37 42
52 56
43 49
54 83
6 19
11 18
52 62
44 53
13 17
49 87
42 49
75 89
75 79
63 81
22 29
1 12
41 47
29 82
86 94
42 49
13 24
28 33
63 70
13 16
2 12
87 90
34 46
33 42
57 77
89 95
69 76
2 19
43 51
78 98
27 41
35 38
5 56
79 91
49 54
2 7
31 54
57 60
33 52
27 48
34 50
4 15
54 70
4 11
62 79
36 45
21 34
2 11
39 49
55 70
62 71
61 73
61 81
84 89
5 24
39 52
95 97
24 28
74 93
15 24
37 44
47 63
52 61
77 83
10 19
49 58
44 54
72 81
48 88
93 97
68 74
53 63
65 84
39 44
43 59
65 84
7 13
52 96
69 74
39 51
3 9
65 76
63 69
25 41
31 35
92 100
34 49
16 24
12 27
61 74
13 53
2 21
64 74
68 81
84 98
87 91
7 19
23 28
49 60
91 99
9 18
97 99
4 19
34 39
33 45
17 28
31 46
36 44
27 36
29 55
63 66
6 26
22 28
23 30
52 59
89 97
77 86
22 28
92 100
12 19
45 55
58 63
58 70
24 38
53 67
30 59
65 75
83 100
22 33
25 32
31 49
67 73
85 91
60 64
48 65
83 87
21 34
36 47
58 74
9 13
26 29
36 39
70 79
56 80
9 24
16 30
94 100
19 35
61 66
34 53
7 23
38 52
74 82
94 99
24 52
33 41
98 100
63 66
56 69
82 89
47 55
42 45
40 46
91 93
56 66
20 23
2 7
48 57
30 33
6 8
21 25
80 83
45 52
81 94
23 35
46 55
60 65
65 83
93 98
86 95
35 43
44 50
17 32
28 31
3 27
51 66
77 91
30 41
65 83
68 70
10 25
42 48
82 85
14 18
54 63
78 86
36 64
84 98
17 37
29 33
15 39
66 71
59 83
14 19
21 29
26 38
37 45
7 24
64 75
5 34
80 89
55 61
8 32
35 40
93 100
62 65
66 91
22 28
91 96
93 99
50 86
36 42
65 73
53 61
44 48
50 62
74 84
53 67
24 40
16 24
60 67
65 70
77 92
26 33
61 68
5 11
80 88
62 71
38 46
71 84
5 12
44 51
9 19
29 43
42 58
67 85
79 96
70 98
40 47
85 93
88 90
88 99
53 58
5 35
39 51
23 49
60 71
24 37
51 56
68 86
11 13
79 88
32 36
90 95
53 64
47 78
38 55
73 82
55 61
43 45
17 57
68 81
77 85
89 100
92 97
13 22
33 43
91 93
82 87
30 48
52 58
25 41
6 19
14 19
65 94
55 75
54 64
18 20
43 48
34 50
71 82
26 38
64 67
36 58
12 19
39 51
50 61
47 62
88 97
67 82
80 85
65 77
54 58
39 59
33 44
77 84
39 47
44 48
35 46
3 21
34 42
82 86
33 56
28 41
54 58
61 70
29 71
2 7
32 37
69 80
49 57
11 26
7 22
11 21
88 97
14 30
10 15
22 32
86 89
22 36
87 95
69 79
22 41
70 76
76 90
53 57
10 15
84 89
76 94
82 85
92 96
65 82
13 30
7 28
82 88
30 34
17 26
8 13
4 10
2 12
58 83
19 47
27 33
23 39
14 22
41 51
65 74
38 45
45 54
12 25
67 75
64 92
30 52
53 61
29 36
36 42
40 46
13 37
3 10
75 88
57 81
33 38
66 70
70 77
12 33
60 79
71 81
64 68
8 34
2 14
9 18
75 98
59 63
28 31
16 32
81 87
17 28
76 86
39 42
24 29
30 33
28 35
83 91
73 77
9 13
10 19
55 62
32 38
13 19
22 49
62 83
72 82
2 8
71 78
81 85
85 91
10 26
74 85
48 62
18 25
89 91
61 71
70 71
34 42
53 59
13 16
52 72
29 41
54 68
59 69
62 75
70 88
74 88
53 67
60 65
82 90
29 37
39 50
36 55
91 94
20 35
89 98
14 31
76 87
18 30
86 95
83 91
85 97
91 94
34 39
22 30
11 20
27 42
38 46
12 33
37 58
34 42
45 51
26 54
16 20
50 52
60 90
48 59
78 94
33 42
87 99
13 30
53 73
51 64
31 62
32 44
64 78
89 94
71 76
48 66
17 23
62 74
9 11
86 93
28 50
86 94
48 54
50 62
33 46
75 83
15 19
53 65
58 63
19 27
86 91
17 25
91 98
49 55
43 53
52 55
58 65
69 94
35 46
23 44
32 43
37 55
21 32
39 47
59 60
91 93
54 61
13 21
8 18
23 29
22 35
89 96
69 88
48 65
60 67
76 84
42 46
11 18
15 22
72 75
15 20
66 75
27 44
78 87
42 49
54 59
83 85
68 73
64 76
62 66
41 44
49 58
66 82
63 86
70 72
34 45
90 99
30 54
51 68
14 21
17 30
26 77
14 18
50 59
30 35
82 98
69 71
72 96
72 85
59 67
45 60
50 58
81 90
72 78
57 66
49 55
27 43
52 62
29 32
92 98
17 34
32 37
66 73
46 56
17 33
64 66
47 57
67 72
79 92
50 62
29 36
8 22
91 94
54 58
79 88
6 14
9 23
6 17
63 74
22 31
29 34
79 83
5 12
72 87
68 73
42 54
18 29
31 51
32 50
56 63
71 82
79 86
72 84
54 58
67 78
72 79
74 79
41 53
54 68
44 62
23 44
69 77
61 74
57 67
93 99
88 95
25 28
71 75
12 19
31 43
11 16
58 63
43 54
2 12
1 2
86 98
91 98
85 91
18 29
37 48
10 17
2 12
47 69
54 60
61 63
45 55
41 51
67 87
33 49
23 27
43 49
44 53
48 51
72 85
56 65
83 88
12 23
31 42
27 35
6 14
56 67
60 65
12 17
59 87
90 91
71 78
51 58
75 80
63 87
22 28
33 40
6 25
26 32
48 52
51 83
32 36
65 83
31 56
62 66
75 85
30 49
98 100
49 55
33 38
56 66
29 60
1 12
57 72
64 74
88 92
30 37
69 74
87 100
75 97
63 65
45 49
65 75
4 9
40 44
13 26
36 42
24 33
8 19
89 97
19 26
31 36
75 78
7 15
34 37
23 29
90 100
34 54
33 43
85 92
30 35
59 67
30 64
60 67
39 45
4 8
11 19
65 72
58 75
43 69
5 33
22 35
94 100
34 45
21 67
69 77
9 23
19 25
47 57
50 63
40 45
70 78
44 52
49 54
14 17
26 33
65 76
34 57
68 79
9 26
89 96
17 26
54 71
42 53
30 42
37 47
49 56
21 29
76 82
60 69
57 68
85 94
34 42
36 43
47 67
55 62
90 95
52 57
24 43
18 22
12 49
52 70
17 25
43 61
92 96
27 31
34 39
63 81
72 74
39 62
14 18
5 12
46 49
55 62
15 23
19 24
9 13
31 43
47 56
41 63
21 28
3 6
20 40
29 48
29 53
49 62
29 38
86 96
3 6
41 47
21 38
14 22
77 89
17 22
47 71
63 75
59 71
60 82
21 26
82 91
19 35
78 94
81 91
67 78
16 25
49 71
58 63
23 31
80 87
65 75
32 42
63 68
5 17
24 38
52 63
77 86
13 19
73 82
19 32
68 73
2 10
37 54
74 99
32 76
90 94
41 57
2 10
68 76
39 63
80 93
67 97
16 20
29 39
51 62
67 83
46 55
73 90
73 79
15 24
20 39
7 15
51 57
48 59
6 19
7 19
54 81
21 45
3 9
85 99
71 73
76 98
13 19
70 81
68 99
31 38
31 37
80 83
64 76
68 92
40 52
82 86
34 41
13 20
10 34
48 54
76 82
12 20
70 77
39 72
63 72
6 22
90 98
35 46
6 12
42 60
10 24
73 82
87 98
15 45
65 76
97 100
77 83
23 36
26 33
80 83
3 15
10 14
72 74
58 73
34 41
12 16
1 8
30 38
6 21
8 13
7 13
19 33
72 77
18 30
7 33
82 88
21 29
17 20
51 54
30 43
46 59
80 91
38 45
27 31
3 8
63 74
88 100
80 84
52 67
56 87
58 74
77 88
52 57
77 95
34 51
28 72
46 50
19 36
5 22
78 82
47 56
16 26
72 75
43 46
46 53
12 29
57 64
48 66
54 62
47 50
30 40
24 36
81 92
66 71
11 14
80 93
91 97
28 42
40 48
38 47
53 68
86 91
16 36
26 32
72 86
31 33
44 50
33 58
55 59
81 89
37 43
29 48
14 40
33 51
57 72
2 6
56 62
89 95
1 6
24 37
36 53
56 66
84 95
1 7
63 76
61 81
47 60
80 82
43 47
16 22
86 95
25 40
70 85
89 100
87 94
82 95
1 12
48 64
41 46
30 35
15 31
28 32
13 28
73 86
4 15
79 95
52 59
10 22
65 76
24 34
33 41
50 82
3 10
88 94
71 77
86 90
87 89
4 18
5 14
7 25
77 83
9 22
22 25
36 37
21 45
81 92
15 33
53 60
30 33
10 13
57 75
37 88
4 12
50 57
77 85
53 72
60 74
16 46
35 67
54 70
49 53
88 97
55 59
43 51
84 98
5 11
85 99
77 85
15 23
23 31
23 34
57 67
40 45
27 28
55 65
95 99
33 39
73 82
18 50
68 71
47 56
48 62
55 64
28 59
70 73
74 94
46 57
36 47
44 83
56 64
29 34
44 59
4 16
32 39
72 73
15 25
78 89
27 35
73 88
71 81
17 27
31 38
6 18
47 61
29 37
7 12
85 91
72 81
57 60
16 27
28 43
55 67
73 82
10 18
86 99
38 46
79 83
8 11
48 53
47 51
27 40
48 63
80 96
38 59
71 100
54 65
39 47
53 67
15 31
53 61
87 98
70 86
50 55
73 93
63 80
60 76
9 18
26 33
26 36
22 29
70 77
27 37
76 91
63 69
74 82
5 16
53 68
18 25
53 74
42 59
38 41
12 31
49 55
46 56
16 17
46 52
5 14
36 47
40 46
80 87
40 52
20 28
54 84
88 97
25 32
50 68
28 39
22 28
9 37
82 87
19 28
65 86
83 89
1 17
18 36
28 35
67 90
78 86
69 80
36 39
49 60
11 24
23 45
54 84
14 18
2 10
34 40
36 47
66 79
49 63
21 35
81 89
64 68
35 48
50 56
69 75
12 20
11 19
53 65
60 76
25 43
20 28
59 73
35 42
44 51
33 45
91 94
31 40
15 22
85 95
35 46
91 99
47 71
58 71
17 29
19 23
35 47
49 59
64 83
13 17
47 64
2 28
11 42
80 86
50 64
4 17
86 100
72 87
64 68
78 93
16 54
19 24
84 93
81 95
14 18
57 65
27 44
58 64
45 59
37 42
46 56
53 57
93 96
26 33
56 72
52 62
10 16
40 48
7 16
57 64
49 65
23 36
56 66
30 35
56 63
15 21
58 75
11 25
68 74
50 70
68 73
11 22
39 60
86 92
28 36
19 29
50 67
59 97
89 90
76 93
25 34
27 39
10 16
63 75
66 75
6 29
86 96
30 37
19 36
76 90
44 56
14 27
61 74
73 77
27 34
5 11
58 64
61 69
46 51
69 78
2 9
70 81
17 24
46 61
59 65
54 68
69 77
44 52
35 38
22 32
13 22
34 43
16 21
62 66
79 91
63 68
50 71
71 86
29 34
84 91
50 61
91 95
4 10
27 39
39 51
38 48
16 24
72 79
74 92
31 40
36 40
82 92
29 39
20 38
66 71
42 50
8 12
81 93
34 76
63 78
89 98
97 100
58 73
9 18
55 71
35 40
13 16
65 91
72 91
86 93
72 93
72 76
71 77
35 38
73 83
1 24
8 19
24 39
44 52
79 98
52 70
31 42
40 45
88 98
19 30
63 71
77 85
3 11
80 92
7 14
88 93
58 73
23 29
27 48
11 22
31 51
73 89
66 69
71 90
67 87
72 74
21 30
19 51
65 74
14 22
74 82
29 41
51 65
84 89
20 27
45 49
71 86
5 22
15 35
61 74
72 77
71 85
38 64
24 46
45 52
50 93
41 60
26 41
52 58
56 64
12 23
34 41
59 71
5 12
68 75
47 61
17 20
26 30
31 37
6 10
65 87
34 44
50 52
3 16
19 23
74 84
76 81
66 98
23 31
34 37
54 63
68 77
26 54
56 68
32 42
35 40
11 30
40 51
78 87
23 32
87 95
31 48
17 22
18 30
73 85
5 15
88 99
66 73
35 48
62 72
46 57
46 55
43 47
77 84
3 14
6 15
46 58
58 60
53 65
73 91
77 80
18 21
82 96
94 100
54 57
63 73
45 56
58 73
1 7
6 9
72 79
51 75
83 87
76 85
20 33
42 60
22 93
20 40
15 25
12 14
27 41
73 78
81 90
53 56
37 48
23 32
19 43
84 99
84 89
15 45
75 91
11 23
39 57
52 56
18 24
3 11
49 52
86 93
30 40
36 50
50 65
88 94
87 93
35 60
95 99
32 38
78 81
45 55
37 55
85 88
1 16
11 18
27 33
11 27
20 29
78 86
75 87
23 27
63 71
73 90
78 89
70 81
63 96
66 72
11 22
32 46
49 72
46 58
10 32
46 51
1 15
86 94
88 92
24 32
27 38
29 37
30 53
93 100
21 28
11 16
75 84
36 40
75 82
23 27
71 80
65 97
46 53
9 31
70 73
30 52
31 33
3 8
77 95
3 11
53 58
6 16
44 48
10 19
89 96
11 17
52 57
22 27
36 46
23 33
76 80
23 30
88 93
42 45
71 77
67 77
50 57
54 60
12 14
42 50
16 21
8 19
84 89
18 22
18 23
45 57
32 59
29 38
40 49
64 70
43 54
37 44
5 10
24 44
91 98
5 7
52 60
78 85
22 28
14 19
71 78
44 54
58 65
62 97
36 47
80 98
10 24
59 63
47 58
24 46
11 25
8 27
15 23
87 95
95 99
90 94
74 86
92 99
19 24
8 19
89 95
62 85
10 15
58 78
45 62
77 86
23 42
85 90
37 40
4 18
78 88
77 81
77 84
36 38
43 47
4 28
18 22
6 23
60 73
79 96
32 48
11 25
27 30
31 33
34 41
59 65
93 94
53 59
4 19
81 85
72 89
81 93
58 86
70 81
21 27
9 22
96 99
42 46
44 57
34 48
26 30
56 66
16 28
87 98
47 79
60 73
29 38
87 97
48 63
56 59
89 91
86 97
36 43
19 33
60 70
24 30
88 98
59 62
44 81
70 76
52 77
5 23
77 91
51 66
18 23
44 53
17 26
11 21
67 85
59 71
82 92
40 54
54 60
21 28
21 27
86 96
43 59
38 42
90 99
57 66
63 94
25 30
64 70
72 77
29 43
17 25
7 15
37 48
57 66
56 75
2 10
32 40
11 19
6 17
62 81
11 29
61 73
55 63
85 90
9 14
28 43
33 55
