100 20 20 11
00000000000000000000
11000000000000000000
00000001100000000011
00000000100111110000
00001100000000000111
00100011110000000000
00000000000000001000
11100000010000000011
00000000000000000000
11111100000011111100
00000011100000000000
00000000011001100000
00111000000010000000
00100000100000001111
00011110001111000000
00100000110000001000
00000001000000000000
00000000001000001000
00000000000000000000
0000100001010100100
0000100001010100100
0000000000010000000
0001000010010001000
0101000100010010000
0100010100010010100
0010010100010000100
0010010100010000000
0000010010010100000
0000010010010100000
0010010010001000000
0010001010001000000
0010001010001000010
0100000010000001010
0010000000100000000
0000000001100100000
0010000100100100100
0010000000100100100
0010100000010101000
0010100000010101000
6465
41 67
18 26
39 44
85 90
71 77
69 75
57 84
30 33
78 84
56 60
41 44
72 76
29 38
15 19
87 92
6 18
44 57
63 70
65 79
3 7
84 92
33 38
10 25
38 56
64 74
52 55
53 75
37 55
16 31
21 29
69 74
67 72
85 89
85 99
26 45
2 11
12 21
33 37
1 5
19 25
63 76
50 74
87 97
26 38
79 82
21 28
80 93
61 66
9 21
12 15
63 75
64 81
57 64
89 92
8 21
47 59
46 65
2 16
28 37
8 24
51 59
10 22
28 31
7 11
51 65
49 58
48 76
60 74
74 77
47 66
21 27
56 61
80 82
72 83
72 90
77 91
64 71
75 88
80 89
36 45
51 57
32 39
15 29
76 83
74 82
21 23
62 68
3 22
80 88
50 59
61 73
13 17
41 45
14 25
32 41
54 66
57 64
84 93
70 76
37 47
41 50
62 71
17 24
20 33
82 98
20 29
13 21
28 49
83 100
75 84
61 68
35 44
65 69
86 96
84 94
5 9
91 98
57 65
47 56
69 89
13 20
92 94
88 91
85 90
46 52
67 94
1 32
65 72
74 84
28 30
26 38
18 25
28 57
73 94
62 69
24 38
30 35
31 34
42 60
70 76
79 86
50 54
10 13
29 39
76 82
29 41
48 65
41 48
56 57
18 27
48 58
49 54
55 67
23 36
26 34
31 37
63 73
25 37
4 24
81 90
88 92
51 70
43 62
34 50
16 28
63 75
50 58
14 21
46 48
4 10
53 58
79 86
85 100
56 65
28 38
42 56
79 91
92 94
28 34
48 55
35 39
41 70
64 76
60 78
62 75
53 59
44 61
46 61
73 87
6 10
24 30
65 72
29 32
7 19
27 34
15 25
41 46
5 10
21 30
13 27
64 76
45 65
47 59
84 92
41 44
65 70
64 75
53 81
45 50
37 44
1 17
16 34
63 72
66 71
69 74
63 85
48 67
28 32
55 70
12 29
63 88
8 15
31 36
84 97
77 95
18 19
80 88
7 32
11 29
49 56
21 27
90 91
80 93
14 15
13 18
33 36
53 79
79 83
89 91
62 67
49 61
18 21
76 86
14 21
80 83
7 14
22 40
35 43
1 47
89 100
50 60
11 20
86 94
67 70
32 37
25 34
30 43
14 21
80 91
57 65
19 24
61 79
96 100
21 26
80 94
29 40
66 74
30 35
51 66
9 33
12 41
63 77
41 44
61 67
78 87
46 48
54 71
9 15
88 97
20 26
15 20
65 71
52 60
13 24
58 61
45 52
48 73
12 17
30 32
66 70
88 94
22 28
66 74
35 42
16 27
63 70
58 62
62 66
14 34
28 32
61 72
37 56
77 86
10 13
84 95
27 34
64 73
81 94
37 41
52 59
62 71
24 36
25 37
53 64
68 71
8 25
30 35
49 51
38 45
41 44
81 96
10 14
45 56
50 57
42 45
24 36
4 14
6 20
72 95
47 53
76 80
84 88
28 45
55 63
15 22
62 69
40 46
64 74
87 93
66 89
93 96
35 45
33 41
68 84
77 80
92 96
89 100
80 84
81 91
15 18
75 82
54 84
17 20
56 60
54 67
51 58
16 24
32 39
71 75
54 64
72 96
40 48
93 100
43 57
44 45
15 36
76 84
28 36
69 91
3 8
16 29
75 79
76 83
78 86
70 83
70 75
74 86
43 61
21 38
22 24
21 24
74 79
21 40
58 65
79 86
13 54
38 42
86 93
24 30
67 79
80 97
9 18
66 67
74 87
18 45
39 88
53 65
86 100
21 30
87 98
86 89
79 90
66 76
18 21
11 15
68 75
64 79
18 24
72 78
74 83
72 82
77 86
27 41
22 40
22 30
66 71
40 54
8 14
40 73
11 35
77 88
86 91
59 67
65 70
48 81
2 13
36 51
65 77
12 21
63 70
45 52
12 31
11 20
42 49
14 21
79 90
78 82
66 74
9 28
72 80
40 49
28 36
84 98
23 31
76 82
5 11
21 33
18 40
63 68
32 41
55 65
26 38
24 31
68 91
11 32
72 80
19 35
25 30
17 28
62 71
86 92
12 22
15 29
68 85
91 98
55 61
5 10
80 87
28 33
90 97
16 19
47 70
55 62
44 48
9 28
65 71
13 19
11 22
78 89
37 45
74 77
37 64
58 71
74 95
91 96
67 72
13 26
74 88
74 81
5 12
82 89
40 53
45 49
6 20
80 95
54 67
8 16
5 13
74 84
44 51
33 38
10 19
73 81
22 29
39 44
77 84
74 84
96 100
82 97
83 86
58 63
54 62
43 47
20 35
72 81
55 58
64 72
34 53
26 29
26 43
6 38
31 36
32 42
69 89
7 18
75 91
51 69
44 52
36 52
20 35
25 37
9 28
10 16
59 74
61 68
74 82
33 58
34 45
56 65
52 58
13 23
90 95
31 38
48 63
5 14
82 98
80 94
30 34
64 75
39 46
3 19
5 22
80 92
54 59
54 59
53 90
94 97
11 20
90 98
86 95
22 27
91 97
50 57
53 71
16 28
15 29
30 59
47 59
3 16
20 22
23 33
22 29
36 43
60 68
55 70
79 91
18 51
73 79
55 73
71 74
74 78
12 16
32 55
83 97
34 42
22 25
7 32
21 39
36 46
46 55
1 7
58 63
15 23
34 41
67 77
55 60
38 47
63 72
44 50
50 53
28 34
11 22
85 88
78 88
35 64
75 82
57 62
80 92
75 80
33 40
45 72
38 40
31 41
56 60
32 45
22 24
74 83
30 49
66 93
58 64
27 37
66 82
26 32
35 44
69 94
3 8
62 71
75 90
59 86
38 44
64 74
60 73
52 62
25 59
23 44
73 81
57 64
69 73
7 19
29 34
54 69
37 48
87 100
1 6
7 20
57 61
49 62
49 59
74 95
30 37
61 75
46 52
26 30
68 83
35 49
43 68
2 13
56 70
28 34
7 25
39 51
29 44
84 91
22 36
36 46
5 15
73 88
8 15
34 37
39 43
54 71
27 43
50 56
52 71
39 49
57 71
49 53
74 79
12 16
42 54
69 76
35 46
24 44
32 40
5 19
69 78
83 87
95 100
42 59
84 94
43 55
70 81
2 29
53 61
86 94
46 63
47 58
6 12
9 12
80 88
55 61
23 31
2 27
49 55
76 91
77 81
35 61
41 50
4 7
87 98
81 96
17 22
90 97
81 91
34 38
48 67
69 78
88 99
75 88
24 31
16 22
24 42
9 18
40 48
67 74
1 23
1 27
38 42
75 85
16 22
36 64
78 88
11 25
70 73
28 42
4 14
63 70
18 21
76 88
60 68
85 91
94 97
71 78
36 43
31 40
81 84
48 56
64 74
20 30
79 85
1 10
75 83
10 47
33 85
52 73
51 65
24 34
82 94
25 28
83 100
6 13
70 71
94 98
76 85
70 77
6 11
51 75
41 53
93 97
34 51
69 93
74 83
3 15
54 58
16 28
69 82
70 77
58 79
23 34
49 51
3 15
61 66
4 12
34 51
46 57
71 91
14 24
84 94
72 80
44 57
26 31
77 83
36 37
89 93
92 99
1 21
40 49
53 59
68 87
22 28
31 39
74 89
66 75
73 80
10 56
82 91
59 63
50 64
19 51
57 65
23 34
19 24
91 94
7 22
44 56
57 87
83 97
73 85
85 94
63 75
77 85
12 21
9 14
80 93
84 91
7 21
31 43
51 63
88 98
52 72
21 28
52 58
74 82
37 49
67 80
19 20
47 62
68 73
29 54
32 40
36 43
57 77
51 56
77 83
51 57
7 37
39 52
74 96
54 82
12 32
39 55
61 75
38 47
49 68
35 49
82 93
62 68
23 26
50 63
73 84
29 44
10 34
47 50
32 36
29 33
60 75
10 34
78 87
90 96
4 13
60 63
70 87
9 24
41 45
55 65
48 49
94 100
18 39
4 11
70 77
89 100
47 51
24 33
38 60
11 12
77 91
58 62
83 87
26 41
16 23
6 18
71 79
22 28
39 44
32 39
24 38
59 67
80 85
55 64
31 33
15 21
9 21
81 92
48 53
73 87
12 21
22 29
6 24
93 100
83 88
39 45
87 95
7 8
35 55
64 83
51 54
51 58
27 35
67 80
28 38
46 71
62 68
35 44
38 46
7 15
6 11
52 64
42 57
72 80
73 79
77 85
17 25
53 69
62 66
3 10
11 22
48 55
6 19
14 23
91 97
52 92
31 51
56 78
26 28
47 52
59 70
76 89
38 46
50 54
16 25
40 41
11 15
92 97
7 11
31 43
76 82
60 81
71 83
27 47
20 29
10 24
54 58
67 82
92 97
56 100
1 8
1 20
95 98
11 29
53 60
19 28
49 56
15 28
67 80
17 23
60 71
10 20
18 23
12 29
84 93
75 94
88 98
81 86
88 96
72 77
29 35
87 95
53 58
55 73
60 64
30 38
14 27
67 86
15 24
75 89
22 35
42 66
92 97
15 31
37 49
19 26
12 64
78 86
54 63
33 40
38 51
47 60
13 30
69 78
2 6
3 15
56 58
67 83
18 30
42 55
59 65
16 32
88 100
28 33
46 59
7 12
90 97
23 37
19 26
35 48
44 52
32 49
62 78
45 63
22 34
89 92
22 25
37 40
37 47
35 45
33 39
74 82
20 22
81 87
44 54
44 54
8 18
46 54
36 44
85 98
62 82
76 86
2 21
3 10
67 78
80 90
14 16
39 47
65 87
30 49
11 25
76 82
56 61
82 92
31 44
42 57
81 84
77 97
70 77
27 31
41 53
31 51
53 73
47 72
90 99
77 84
1 16
13 30
19 43
56 62
69 78
44 47
18 26
12 16
53 58
85 97
9 10
62 69
93 99
13 26
47 64
93 96
60 83
32 41
89 99
61 68
13 16
34 45
61 74
21 42
78 88
45 49
1 12
15 32
7 12
61 73
30 36
9 14
39 47
5 11
36 51
60 77
2 8
32 41
37 40
43 51
70 86
63 73
10 18
18 52
48 64
16 55
16 23
25 32
81 84
85 91
16 27
65 68
7 11
3 8
69 97
55 60
18 25
2 23
20 35
43 57
31 34
22 28
77 87
91 96
44 49
58 66
68 76
34 46
33 60
55 57
7 21
36 43
18 30
63 89
50 64
51 59
1 18
8 33
38 41
2 20
33 44
37 51
43 51
75 86
27 34
76 85
61 77
69 79
60 82
60 71
93 97
70 84
64 76
45 65
65 79
39 47
23 30
24 38
47 74
63 75
51 61
96 99
79 92
2 14
9 19
82 90
80 84
59 68
79 94
20 28
63 74
65 73
35 44
15 18
58 69
47 50
42 78
8 27
56 61
24 45
79 91
82 86
22 58
51 64
48 63
54 61
41 46
14 30
2 12
66 94
41 50
7 21
23 44
65 71
78 88
84 94
4 20
24 39
54 59
42 46
87 97
53 68
11 15
24 28
1 28
17 27
71 76
59 68
61 82
69 79
49 60
53 65
69 92
64 73
54 62
66 70
18 26
31 56
10 32
71 83
18 30
90 100
60 70
39 84
76 88
88 98
9 17
73 81
13 23
31 56
88 96
52 59
85 98
40 46
24 33
93 100
85 91
41 47
28 40
45 55
40 48
12 17
67 74
74 83
30 62
51 59
57 72
72 86
77 82
29 43
59 70
86 96
47 62
31 35
93 99
65 69
73 78
62 69
10 24
78 86
70 73
85 92
21 37
71 76
7 13
60 77
39 65
21 26
93 100
81 93
15 27
41 47
21 29
36 57
85 91
24 35
46 56
46 51
19 25
83 93
73 81
48 60
82 91
59 74
60 67
79 86
63 71
32 36
45 50
21 36
9 18
48 63
35 49
55 60
42 58
16 21
11 13
25 51
28 50
58 79
87 98
26 30
88 93
49 67
47 52
22 26
68 73
39 47
25 29
78 92
5 16
39 44
61 67
39 74
70 78
38 61
96 100
52 57
12 20
57 59
46 65
66 81
81 98
14 24
74 84
15 35
73 80
65 76
20 25
46 58
17 31
65 74
49 54
48 61
49 53
82 92
37 47
10 19
40 44
63 67
22 51
55 76
76 80
61 73
6 17
62 73
31 36
8 22
33 50
26 28
45 59
9 22
44 54
41 46
70 72
27 35
7 15
11 20
82 87
68 78
9 12
5 15
53 67
86 91
39 41
39 45
28 34
21 31
51 60
42 51
85 94
53 59
17 30
65 71
6 14
27 34
71 83
30 41
23 49
77 86
73 77
70 80
56 64
33 44
90 97
55 60
45 48
61 78
75 82
73 80
17 27
5 10
81 89
16 22
30 39
4 17
26 39
52 69
61 75
43 70
55 76
78 87
81 100
51 67
1 11
73 88
85 90
78 85
21 25
26 32
57 66
40 49
45 59
25 31
31 43
19 25
1 6
13 24
82 85
61 70
45 61
77 79
26 43
32 71
26 38
58 73
1 9
49 52
38 64
29 35
48 60
31 36
39 64
71 85
47 72
21 40
8 19
56 64
67 76
68 71
22 39
59 64
55 62
32 38
87 93
31 45
52 58
92 95
61 65
68 75
32 46
56 76
27 44
23 32
60 69
83 94
55 60
68 80
78 82
18 32
84 98
3 9
82 87
36 63
51 65
64 75
47 52
59 70
19 23
42 62
51 69
41 62
73 81
64 68
28 32
84 86
42 50
62 71
53 56
23 37
27 81
30 34
58 62
31 46
48 61
50 55
85 89
50 55
57 62
40 77
1 17
27 38
48 53
6 16
87 100
86 90
88 100
76 92
65 72
60 73
76 97
2 9
82 92
76 87
14 49
55 63
4 20
64 81
45 52
24 32
22 32
40 59
20 24
85 93
75 81
61 72
43 50
18 27
4 10
89 95
21 33
25 43
71 80
35 53
80 87
54 62
69 76
3 8
8 17
78 87
71 81
47 56
89 97
92 99
34 58
23 46
32 46
57 73
49 59
59 66
66 85
28 32
16 27
56 72
56 69
6 10
12 16
3 9
36 45
38 98
76 79
9 14
8 14
47 58
86 95
41 53
55 69
77 82
17 19
78 89
10 17
40 47
60 67
55 61
63 73
9 13
31 35
26 59
10 19
63 87
88 97
4 19
8 18
53 61
63 69
89 92
40 74
49 70
28 32
59 67
65 80
35 41
25 32
43 57
14 31
74 86
37 43
4 30
15 52
59 64
82 88
67 73
75 83
57 66
52 54
41 62
9 12
31 38
49 54
28 31
15 30
29 55
32 37
16 36
49 61
89 91
98 100
59 72
48 55
12 43
85 98
24 31
80 83
86 90
49 58
31 38
39 52
88 95
46 52
50 70
70 90
71 77
64 68
47 55
68 74
54 73
12 20
12 30
70 81
51 80
53 62
72 82
87 96
37 48
8 13
83 87
56 67
6 15
86 91
47 77
90 95
82 83
77 87
83 87
91 95
49 56
85 87
69 77
28 49
18 20
70 78
71 76
23 36
11 18
31 35
34 45
88 94
25 31
18 26
21 23
2 3
45 58
11 20
4 15
31 53
53 69
16 34
47 65
42 47
85 96
70 78
77 87
89 95
53 78
13 19
38 50
51 66
96 100
78 80
64 66
75 82
34 40
80 94
39 51
17 25
24 34
30 54
91 96
33 45
67 71
54 62
62 66
79 85
50 56
76 84
42 52
48 61
20 29
62 68
43 50
6 10
13 26
26 44
12 49
4 15
45 58
1 14
68 71
58 72
9 12
43 55
12 22
54 61
7 14
17 23
46 51
24 33
46 49
41 50
21 28
19 27
47 58
52 61
13 19
8 17
20 25
33 39
25 42
20 24
17 27
50 66
50 53
16 22
52 62
31 38
53 60
84 94
19 26
34 85
62 73
15 37
3 8
85 97
20 25
27 43
51 73
9 16
73 76
89 99
62 69
54 62
47 53
4 19
46 55
61 75
49 54
66 77
38 44
72 80
13 43
12 21
68 78
12 35
17 27
86 94
11 40
19 27
11 15
16 33
4 19
55 78
13 18
45 61
20 33
58 73
12 17
88 100
72 93
64 72
78 80
10 27
49 58
9 18
70 79
25 33
16 24
43 48
58 68
34 39
11 20
72 78
56 63
79 94
83 99
59 83
91 100
71 78
64 73
19 28
77 82
33 43
42 51
69 78
37 42
76 89
11 24
14 24
80 87
76 84
77 93
26 34
69 94
72 94
64 82
18 20
27 35
4 22
89 92
84 92
67 75
44 50
64 74
36 40
89 99
79 85
29 41
64 71
37 43
34 43
50 55
73 92
25 40
43 49
85 92
14 21
3 41
13 37
75 89
56 73
52 55
1 10
57 69
19 24
68 80
61 75
56 60
75 83
12 19
26 37
33 44
71 74
32 40
52 55
93 98
78 85
90 100
75 88
92 95
31 53
77 94
12 20
51 57
71 84
65 70
39 64
82 97
64 82
86 97
37 39
11 31
37 47
32 38
89 99
76 88
17 27
9 27
66 78
1 11
65 73
44 52
70 77
58 62
48 57
15 35
29 34
68 74
52 53
27 37
75 77
2 15
60 87
74 95
63 74
73 84
48 81
34 47
78 90
70 94
1 16
15 21
72 79
78 86
61 66
88 93
91 100
51 58
42 49
25 34
1 8
79 90
24 39
20 30
52 57
63 71
34 39
38 46
14 45
17 42
39 41
40 46
18 45
15 26
22 39
13 23
11 62
82 93
50 78
13 21
61 65
62 66
23 30
7 18
26 39
86 98
84 90
49 67
18 38
42 51
32 39
15 31
48 56
56 61
58 77
17 30
14 21
9 17
45 51
2 14
20 24
58 61
8 19
36 43
36 37
10 37
64 72
83 90
88 92
24 53
48 71
10 20
5 10
31 42
37 44
88 91
44 54
60 65
35 41
29 45
14 20
2 13
88 92
28 40
75 91
16 24
47 60
19 38
78 81
55 68
6 14
43 50
88 91
69 87
71 77
6 12
71 90
65 77
18 21
61 78
81 94
5 18
27 32
81 94
12 18
47 57
3 24
51 64
7 38
82 99
49 59
1 5
65 67
10 20
63 66
19 28
6 17
77 86
33 53
53 66
78 93
78 94
91 96
33 45
69 76
12 25
53 56
7 19
77 99
41 90
24 27
2 13
26 45
14 28
72 79
92 99
4 14
65 80
49 53
27 40
36 45
53 62
60 68
10 21
22 30
52 59
6 8
69 83
56 84
35 42
1 9
78 85
7 28
20 39
4 6
66 69
22 30
79 86
3 9
82 86
79 90
38 42
64 75
85 90
24 31
31 38
26 31
18 33
86 91
66 80
44 56
71 76
34 43
61 83
67 76
93 99
66 77
55 64
42 47
84 89
85 93
20 27
35 40
68 71
33 40
72 87
5 17
37 41
3 20
71 84
43 74
8 17
51 76
48 69
36 40
25 30
50 62
20 27
54 63
57 67
24 32
28 33
58 67
20 54
35 39
72 84
38 55
26 54
82 98
19 23
73 85
69 81
68 77
37 54
21 28
58 63
63 80
81 100
69 77
1 4
32 44
90 94
6 20
26 37
74 76
28 47
58 77
68 72
33 43
93 100
10 15
3 19
31 44
71 77
75 81
60 72
2 13
64 78
84 91
65 74
52 58
37 44
64 77
18 33
75 82
54 63
17 20
57 73
59 63
10 14
50 63
29 32
60 67
50 69
57 79
3 36
63 68
88 92
74 97
50 52
65 77
55 61
57 61
83 99
64 73
53 65
42 52
14 21
35 40
36 84
49 57
27 31
88 95
24 26
85 90
50 65
25 31
71 74
14 24
21 37
71 79
48 62
92 100
6 14
85 98
51 71
13 31
21 33
56 75
65 68
1 3
11 21
52 60
84 89
62 76
2 16
66 74
76 81
59 80
3 11
11 30
73 99
68 72
22 32
5 10
88 96
18 23
10 21
3 17
8 11
16 31
42 57
54 60
66 72
65 88
9 23
25 43
82 87
93 98
58 65
4 8
34 44
87 95
84 91
51 61
30 48
8 41
37 48
2 18
37 46
43 55
27 36
17 20
74 85
39 49
45 51
3 16
3 13
41 72
27 30
1 24
73 79
51 59
68 70
6 52
36 48
77 98
51 57
34 41
42 45
8 33
58 67
62 69
61 71
58 62
56 61
85 98
47 52
12 27
56 79
26 33
24 33
60 79
62 77
38 52
34 38
2 10
41 54
19 30
19 30
55 67
17 32
6 16
7 36
88 97
54 66
15 26
49 54
6 29
56 63
15 22
45 73
18 37
84 98
11 18
73 77
57 67
39 71
18 26
53 58
18 37
73 82
46 55
52 63
73 76
60 67
1 8
52 61
51 57
82 94
56 72
44 85
69 94
85 97
5 17
48 52
63 68
46 77
14 20
8 12
48 53
68 77
13 23
85 92
91 99
2 13
81 84
2 5
68 73
4 10
17 21
12 20
85 86
52 60
28 31
22 26
31 36
81 83
35 37
25 56
14 23
14 22
11 16
9 17
16 27
52 85
16 24
46 65
65 71
45 68
63 83
68 70
62 66
51 67
85 99
55 64
47 55
30 38
27 37
58 72
76 79
3 10
3 15
10 22
71 84
4 13
20 25
39 42
46 53
14 31
60 70
73 91
7 16
60 69
80 91
5 17
35 39
1 7
71 87
67 71
72 77
57 64
42 45
78 87
17 24
2 10
15 31
44 52
32 41
70 74
41 49
20 27
19 36
4 9
26 43
67 72
10 16
49 56
55 62
60 66
15 24
46 51
84 99
27 45
10 31
68 73
88 94
75 85
85 99
14 15
41 58
30 34
96 98
64 73
17 31
19 36
13 26
32 39
45 63
23 35
62 73
8 19
33 44
54 62
53 57
75 83
23 35
73 80
49 63
88 96
67 89
4 42
58 64
11 18
50 61
56 75
79 97
40 50
58 61
9 21
76 86
68 85
56 68
16 73
3 14
22 31
47 60
30 33
59 63
35 59
32 38
33 46
86 91
78 99
10 25
19 23
14 19
85 93
76 92
85 92
47 56
61 67
83 97
27 37
44 48
69 84
62 65
41 49
62 78
26 36
87 93
84 90
21 25
11 17
19 28
10 28
68 91
40 49
51 53
1 11
3 7
40 45
80 89
75 92
9 36
61 79
16 29
69 79
75 82
75 82
2 20
22 39
63 67
88 96
32 55
86 99
25 30
36 41
88 95
90 97
38 45
38 45
48 51
40 50
48 53
13 72
82 100
62 70
74 86
24 31
78 80
46 52
90 92
21 38
48 60
28 37
54 72
85 92
73 77
18 34
76 80
59 63
23 35
68 73
9 21
6 12
15 24
45 53
66 70
51 62
43 84
53 64
24 43
7 19
41 55
69 86
77 93
12 25
17 31
7 32
28 35
17 21
69 85
28 49
89 99
35 41
11 27
38 41
85 89
24 29
27 42
77 92
50 56
74 81
51 66
62 65
67 75
64 89
16 29
1 25
34 39
73 77
3 7
12 17
13 19
47 53
4 14
82 96
45 64
47 79
80 96
58 75
51 62
67 95
34 36
38 46
30 45
38 45
66 72
64 72
29 53
21 29
25 30
47 51
55 62
10 16
74 81
16 39
42 66
17 29
27 48
66 70
63 79
11 24
18 30
67 81
70 72
85 94
10 21
61 72
83 96
18 38
45 54
40 44
47 56
57 60
59 72
76 84
50 55
52 63
21 37
76 83
67 70
70 98
22 29
49 70
68 76
76 90
30 39
9 13
11 30
52 57
22 29
71 73
44 69
47 92
32 43
9 18
66 90
85 100
87 95
37 51
48 55
46 51
51 56
87 99
44 50
40 45
18 32
73 97
75 81
51 63
77 98
43 55
74 77
5 22
84 95
46 61
41 65
35 46
37 41
47 56
60 66
7 15
82 85
18 27
23 61
45 55
74 77
81 87
26 29
6 34
54 68
79 83
44 53
94 95
2 12
19 33
52 60
30 48
30 36
71 78
75 89
76 81
14 22
30 34
8 49
49 55
53 60
23 56
35 41
46 50
52 58
38 44
44 46
7 15
60 66
35 41
58 69
30 41
1 18
45 64
15 27
35 58
60 71
29 42
78 93
23 40
66 78
88 100
52 62
28 33
15 25
18 28
49 51
46 53
83 97
74 85
83 94
61 69
11 27
41 44
26 37
80 95
59 61
34 38
53 59
61 73
29 44
30 44
64 72
60 68
81 93
39 43
70 77
50 54
23 27
31 36
61 68
62 76
23 38
53 70
83 91
3 6
58 63
95 100
49 58
60 80
20 36
4 25
49 63
75 91
54 67
48 57
79 86
25 36
55 71
47 52
78 85
25 33
25 44
55 58
26 41
78 89
38 47
17 40
24 31
89 93
84 87
95 99
34 54
33 44
71 73
79 91
6 20
47 54
22 37
20 26
40 46
38 47
27 31
12 17
68 73
53 73
57 68
18 28
86 93
85 90
3 11
52 72
28 36
17 24
23 26
90 99
88 98
23 26
33 38
26 30
29 34
88 90
38 51
74 78
89 92
73 88
39 50
1 4
88 100
41 49
31 43
79 95
58 82
76 89
50 62
50 64
88 100
19 21
61 79
19 44
71 83
47 52
45 48
82 93
40 56
13 37
2 5
76 93
29 99
22 28
26 32
87 97
74 83
34 40
35 60
29 41
76 92
83 87
45 53
29 42
51 79
17 32
3 12
69 86
74 87
29 64
10 16
82 83
54 58
23 35
12 23
69 72
58 72
7 36
53 72
66 76
90 96
75 94
17 25
16 28
59 62
16 22
15 21
3 9
17 25
29 40
32 39
13 29
20 44
10 17
83 91
59 66
69 76
38 51
1 12
38 59
80 88
75 91
45 56
22 37
25 46
79 87
85 94
53 58
56 69
77 83
84 87
38 41
60 64
62 90
1 4
54 61
65 71
64 71
91 100
32 45
33 36
52 61
69 75
34 47
51 55
22 36
38 49
75 90
43 49
57 62
9 15
8 14
13 32
36 42
79 87
12 20
75 91
25 52
32 44
36 50
51 54
43 48
38 62
75 78
65 71
27 35
58 82
18 29
53 58
56 62
30 45
6 21
34 40
42 55
31 37
74 84
59 66
45 54
22 29
67 73
33 43
9 26
36 44
38 54
23 50
36 50
26 39
28 38
35 53
39 48
64 82
18 21
49 55
38 45
10 30
26 44
27 31
86 97
62 73
75 83
80 90
30 34
4 47
84 96
90 95
96 100
20 25
85 99
32 44
1 6
60 66
24 29
74 81
68 79
6 10
37 59
70 87
15 32
69 84
41 71
54 64
45 62
78 87
84 91
12 31
62 73
90 97
59 64
69 95
73 78
39 92
88 100
38 72
1 8
41 55
25 31
79 89
11 31
69 89
76 82
57 74
74 79
23 37
28 30
12 21
57 67
19 25
8 15
17 29
56 61
88 93
83 94
7 22
81 100
78 88
25 35
91 100
46 56
9 18
67 77
27 36
32 37
47 49
32 38
51 64
11 15
40 47
46 50
61 70
69 75
56 58
26 34
62 75
50 61
76 87
56 74
51 58
7 9
36 49
89 91
1 9
53 69
15 22
55 64
41 52
18 36
74 78
35 43
1 6
22 37
36 38
21 27
35 48
7 21
14 28
49 52
2 18
77 83
2 10
85 90
47 76
10 19
13 21
29 43
21 33
65 80
48 66
66 74
55 67
91 96
25 30
33 36
42 55
79 87
64 81
3 7
71 92
52 55
77 85
77 86
36 51
45 53
82 87
8 22
85 100
88 98
1 5
52 75
10 23
74 86
66 70
79 83
2 5
5 10
47 54
36 52
3 13
44 58
45 50
15 23
61 72
41 52
82 96
84 87
9 17
56 75
69 75
52 64
61 86
47 59
53 65
16 25
36 42
28 39
21 43
64 76
64 79
72 79
33 47
32 39
68 78
30 46
89 94
70 85
37 45
24 34
62 72
9 27
75 79
44 55
1 17
44 60
76 96
17 37
69 79
80 84
50 60
76 86
76 82
46 64
66 75
53 64
71 77
73 96
20 30
9 13
10 13
40 51
38 43
64 68
48 62
45 54
87 95
72 89
84 97
67 78
37 38
71 88
54 77
52 67
46 52
19 57
14 23
53 75
48 52
41 59
26 34
39 43
34 39
41 49
23 27
61 78
82 90
92 94
30 34
30 43
2 10
60 68
64 70
86 98
9 14
67 72
12 25
5 19
4 15
2 9
11 27
63 67
3 8
62 74
31 43
56 59
33 35
22 27
2 6
3 4
47 71
72 89
59 74
14 24
92 98
46 55
56 63
26 27
37 56
78 84
47 62
23 38
30 40
47 53
31 50
5 14
15 25
33 48
57 65
12 47
71 78
23 29
43 47
80 82
39 51
30 37
5 18
13 20
81 88
25 41
20 30
54 69
59 64
47 61
82 91
75 87
12 48
36 42
83 99
76 83
45 49
58 64
70 82
19 26
78 86
79 85
20 27
47 53
11 34
27 43
6 19
89 97
12 15
22 38
15 26
16 20
53 61
54 64
38 46
31 47
29 39
57 62
17 22
33 40
5 20
45 59
26 35
85 100
8 37
54 56
58 84
32 46
7 20
18 25
55 60
80 87
15 29
24 28
60 68
60 69
31 43
22 30
55 59
29 40
18 23
70 75
38 48
44 50
44 53
22 27
77 91
56 67
66 77
16 21
13 28
52 62
43 53
36 47
58 60
14 23
53 66
2 8
81 84
46 52
12 20
87 93
32 42
9 41
80 91
30 54
37 47
63 79
8 16
16 50
29 32
30 35
10 30
26 28
1 11
51 59
83 90
61 75
28 40
21 23
11 17
30 49
16 19
85 92
35 40
32 46
71 77
10 31
29 39
9 14
25 48
51 65
71 81
62 68
82 89
32 54
88 98
64 74
24 28
85 88
84 94
38 69
53 65
91 99
59 66
76 81
64 77
35 44
65 76
70 94
59 95
19 29
50 61
84 90
22 29
23 31
65 97
16 39
73 81
63 76
51 61
85 90
87 93
39 50
86 91
26 33
13 18
73 81
50 71
4 9
45 73
11 15
58 63
88 97
30 33
51 67
2 9
32 53
80 85
57 68
88 98
46 60
72 77
43 53
25 43
61 66
3 11
34 45
26 29
58 65
40 50
73 88
21 25
17 41
17 36
74 89
43 66
51 59
26 40
48 51
67 86
64 77
29 37
78 83
26 38
65 97
34 51
7 25
10 25
77 81
18 28
3 8
36 46
37 48
22 33
13 20
43 79
90 99
38 45
48 55
29 32
84 93
48 56
77 82
54 59
15 23
57 67
81 90
69 73
10 24
94 97
83 96
56 67
39 46
88 94
14 16
74 80
56 66
27 31
37 42
13 17
84 90
15 27
35 43
71 80
26 33
50 61
1 12
17 28
27 32
21 43
66 74
86 94
39 58
4 7
62 67
87 96
15 28
16 19
59 78
30 41
37 51
65 66
41 49
3 14
86 91
82 96
70 82
29 45
88 97
73 86
68 75
73 84
69 71
22 32
6 14
90 95
60 66
42 54
41 54
40 59
84 95
10 17
25 29
79 95
4 11
7 12
15 22
13 22
17 30
17 33
25 30
58 60
50 61
52 73
74 80
19 29
78 83
80 89
49 59
90 91
51 72
17 33
36 43
48 63
94 96
31 44
58 67
48 51
2 9
27 53
46 52
35 43
70 79
37 45
68 76
33 37
76 100
59 70
4 15
71 77
45 49
85 91
77 82
10 15
51 78
55 60
51 54
43 49
60 72
89 92
35 40
13 24
92 100
82 96
70 77
57 66
10 25
33 46
91 96
61 63
20 31
26 37
9 16
35 39
84 90
79 89
56 61
33 38
80 90
37 44
35 43
25 36
24 29
16 47
65 75
69 82
4 11
38 42
1 11
8 24
24 32
55 63
76 95
81 92
75 85
14 23
65 69
57 64
38 45
65 71
57 78
50 57
16 75
22 29
49 60
29 32
5 13
64 70
58 70
62 79
82 90
19 32
82 96
71 78
55 67
60 64
58 74
69 73
11 23
79 98
50 72
64 78
23 31
33 47
75 94
11 32
53 62
82 91
67 71
81 100
30 57
35 49
31 77
42 52
54 60
57 62
35 37
65 71
66 81
66 80
26 36
75 79
20 43
52 62
31 46
19 26
22 36
53 61
79 90
64 68
44 51
3 9
31 41
59 60
36 44
43 58
19 27
62 88
71 85
79 83
14 17
71 74
12 60
95 100
39 62
15 27
24 37
7 9
54 69
50 58
83 90
26 35
9 23
56 68
30 36
43 50
49 58
34 41
37 45
88 99
36 45
73 88
4 11
2 8
61 75
23 34
17 21
38 60
85 99
44 54
34 43
44 50
16 20
51 55
33 42
88 96
80 91
76 86
33 37
36 40
60 72
17 27
43 46
42 50
85 99
13 25
61 67
74 97
62 79
59 98
8 13
19 40
15 18
51 55
63 77
16 30
48 61
33 42
51 62
47 74
31 44
52 62
73 78
23 47
65 71
14 20
38 60
22 38
17 23
8 33
44 53
4 12
66 70
11 30
15 27
61 77
90 99
57 71
76 88
75 85
18 25
48 58
2 15
4 12
1 9
72 80
60 94
52 57
33 38
16 20
11 28
12 20
46 60
59 71
53 69
55 75
88 92
49 59
17 34
1 13
16 25
46 56
59 79
22 26
76 88
78 82
16 22
66 69
42 47
71 79
41 65
34 41
10 15
36 61
76 78
12 26
68 95
54 66
12 33
69 74
13 44
61 76
6 24
58 66
54 100
40 57
26 54
37 46
17 30
19 27
19 39
36 51
93 100
10 14
94 100
67 78
58 66
29 38
26 37
36 39
34 43
42 57
72 83
27 43
92 99
60 67
63 70
9 22
41 44
40 56
89 96
55 58
10 19
66 86
35 53
28 41
72 84
50 64
16 28
38 40
43 62
45 61
9 18
14 21
55 62
30 36
81 95
48 52
4 15
58 81
19 42
67 77
17 27
55 61
18 38
3 24
33 44
29 42
50 66
46 52
22 25
48 59
55 60
54 56
85 100
20 28
62 69
62 77
67 75
46 72
20 50
50 58
47 63
3 10
80 100
83 97
35 41
38 47
87 100
13 27
23 45
74 78
47 53
26 35
1 18
12 30
13 20
64 72
6 13
5 13
28 39
60 66
35 44
20 34
24 34
23 34
17 21
23 35
78 85
14 17
28 34
5 12
12 19
15 17
26 32
59 65
26 39
55 59
6 9
34 38
79 92
2 6
55 68
66 79
3 17
28 83
40 44
74 95
47 55
34 45
76 82
65 74
65 71
36 38
51 59
14 20
47 53
50 58
37 43
37 42
69 78
21 28
62 65
11 17
69 74
30 52
79 93
63 79
75 77
58 63
43 54
52 58
47 56
62 65
13 19
51 65
43 53
14 25
46 52
34 38
79 89
2 13
64 67
40 58
33 43
84 96
24 29
1 18
47 48
91 95
68 93
27 38
69 82
81 92
57 70
70 72
44 47
34 40
43 49
17 34
43 53
72 94
24 39
42 48
1 27
56 60
88 93
11 18
56 59
14 23
64 70
40 49
70 78
30 37
87 92
20 29
72 79
64 75
37 41
69 87
56 80
67 70
40 55
39 58
66 86
89 93
65 78
37 39
10 18
17 25
1 8
38 50
63 78
27 40
24 34
4 14
90 96
87 92
9 21
12 84
72 86
60 74
83 92
50 60
14 17
35 42
68 74
63 67
74 89
31 47
81 95
27 49
48 50
9 33
10 16
68 76
13 29
73 93
76 85
84 91
12 20
89 99
68 74
36 44
2 13
44 55
27 33
10 14
12 20
29 47
38 44
15 22
55 64
4 15
38 57
83 88
78 84
16 23
67 79
26 36
81 98
67 89
53 64
68 70
78 83
42 53
76 82
17 39
80 88
76 92
74 93
3 8
67 74
26 35
40 50
65 75
41 44
34 44
74 87
64 81
82 92
13 24
73 78
87 99
30 37
63 80
51 71
74 81
27 37
70 85
2 5
17 28
83 95
58 76
17 72
34 48
83 97
14 44
47 65
38 54
40 47
57 62
10 26
44 55
41 47
67 70
8 15
3 6
89 99
23 47
79 88
8 17
43 52
49 54
15 33
9 20
32 53
33 40
36 40
58 62
90 91
34 39
36 46
87 98
48 53
6 18
63 68
37 50
83 88
29 70
19 28
43 48
86 95
72 83
35 37
68 71
56 62
22 34
93 97
62 72
26 34
44 45
44 71
62 66
35 48
58 88
82 91
6 13
15 35
47 55
11 19
41 46
98 99
6 11
71 96
64 66
9 19
40 48
16 22
56 93
5 12
26 29
70 75
5 11
8 50
73 84
78 89
70 84
59 71
53 59
41 51
4 29
69 75
21 24
53 60
38 69
32 44
77 88
70 82
1 16
89 94
26 31
22 24
74 92
2 22
36 57
65 74
73 86
3 12
17 20
26 38
43 57
83 90
33 40
39 56
45 53
92 95
75 82
33 42
20 22
18 26
85 97
8 27
57 67
83 91
26 30
72 80
47 50
45 55
63 81
86 99
15 26
82 97
59 75
46 61
29 57
17 29
15 21
77 96
60 75
48 54
46 73
90 98
9 11
52 68
62 84
26 40
44 53
10 34
74 92
3 20
23 28
91 97
52 69
7 29
96 100
27 30
50 54
37 41
84 92
17 27
10 16
35 44
58 78
4 28
82 94
16 34
76 83
4 10
83 88
38 50
37 41
24 29
32 42
46 60
54 65
36 38
14 22
75 89
96 99
89 97
31 36
3 16
10 15
79 87
80 86
78 86
7 17
10 16
43 47
43 55
7 18
62 65
15 20
62 73
30 34
58 63
50 51
30 57
45 57
66 74
43 56
71 74
21 25
30 33
33 44
76 85
66 74
52 70
55 60
29 33
41 46
15 23
60 79
89 92
44 54
41 62
67 95
58 69
62 94
46 57
55 64
68 76
21 24
55 64
87 94
20 25
52 67
68 74
45 56
63 69
66 70
62 84
9 19
71 78
32 52
26 34
83 92
84 94
26 52
60 75
12 26
52 57
17 26
19 23
25 40
50 54
54 60
84 94
32 42
63 68
59 67
24 29
73 79
9 16
92 99
34 36
44 80
86 99
71 79
33 45
37 45
20 24
15 23
7 11
74 91
63 67
24 32
5 12
16 37
35 45
6 13
39 48
66 70
53 55
33 37
12 22
28 35
67 69
19 41
41 56
65 91
17 24
48 63
22 29
66 82
37 46
14 18
7 16
5 21
73 87
37 55
68 78
10 17
59 81
73 78
90 98
50 64
50 96
26 31
58 64
76 81
68 88
29 42
86 93
38 46
76 93
61 63
39 59
42 49
85 98
52 59
74 91
19 20
79 81
30 52
9 16
7 18
19 21
30 42
32 41
83 92
45 53
16 36
79 86
77 83
58 60
88 96
17 24
61 63
67 78
68 85
10 17
47 57
64 66
82 88
77 87
75 88
34 45
65 75
87 91
36 47
61 69
88 95
72 87
77 86
52 59
47 66
64 79
52 61
15 23
72 78
81 86
6 21
31 39
82 93
88 97
26 37
30 44
68 78
56 64
18 43
18 23
4 9
42 50
65 72
21 32
48 59
30 35
63 71
36 37
40 75
29 38
80 92
31 40
4 17
51 54
85 94
18 28
85 94
26 32
63 72
27 30
24 30
75 80
29 42
45 59
28 38
66 71
82 91
29 46
63 70
81 85
27 32
9 28
77 83
15 48
77 88
28 39
27 35
31 34
29 35
64 70
21 32
19 29
43 48
20 34
62 70
22 31
79 95
24 32
69 79
38 45
72 85
19 30
70 79
39 51
85 95
51 75
51 62
81 98
90 99
23 28
66 76
57 61
92 99
21 25
76 82
58 67
90 93
52 70
59 70
74 90
65 71
18 22
19 29
75 79
4 31
74 81
27 33
10 17
13 20
8 19
70 78
50 52
54 78
19 22
60 66
62 74
11 15
8 14
26 44
67 75
88 95
19 33
3 10
76 77
58 67
2 16
9 14
57 59
17 22
38 45
40 48
74 86
79 89
77 83
9 21
50 55
39 46
59 66
12 20
27 30
20 33
28 53
14 18
33 38
27 44
67 84
65 79
34 42
5 10
60 67
78 85
80 90
73 79
11 26
30 33
67 76
37 47
72 75
56 72
5 18
19 26
39 41
72 80
69 85
8 19
67 72
2 8
9 24
44 57
96 99
9 27
21 35
78 88
77 84
64 90
20 29
3 8
15 22
9 26
62 71
82 86
73 75
57 61
18 28
8 10
79 83
56 67
51 63
50 59
89 99
23 31
75 78
16 24
44 48
70 85
41 60
24 33
48 53
21 24
37 41
78 86
77 88
12 22
20 26
55 60
24 31
42 57
46 75
24 31
77 85
75 80
24 28
12 20
63 77
37 41
91 96
79 85
28 47
80 89
78 81
53 63
44 66
80 84
21 27
40 51
41 44
53 72
9 19
18 32
21 32
48 55
46 52
26 30
5 42
80 95
30 37
21 36
41 48
54 65
51 56
9 10
35 41
54 61
18 30
20 39
9 13
47 59
4 8
56 73
31 47
5 21
45 60
20 57
50 59
74 88
4 10
15 23
85 88
65 88
55 63
91 99
10 14
8 19
6 12
57 67
44 51
36 37
69 72
67 77
8 17
58 68
55 73
40 48
16 21
54 63
50 54
78 87
38 46
63 83
53 59
52 57
46 56
56 58
30 46
56 71
77 94
69 85
37 60
68 97
48 66
88 97
42 44
81 97
12 16
80 86
87 93
91 98
83 97
65 73
28 36
18 91
68 78
66 72
55 62
23 37
40 53
29 33
51 77
13 20
47 61
65 72
81 94
28 49
47 59
10 21
64 84
16 28
93 98
16 25
58 63
21 30
45 52
62 72
74 83
67 73
76 85
52 84
70 76
47 54
95 98
67 74
35 46
45 48
82 99
41 46
61 71
42 50
2 7
34 43
46 55
59 70
42 52
31 37
35 44
31 46
88 95
58 86
11 24
39 53
34 46
4 10
13 19
80 86
52 55
66 71
30 34
13 26
65 83
74 85
52 66
14 33
29 46
34 37
35 39
21 35
25 50
61 67
41 52
74 100
33 40
88 100
35 44
39 52
91 100
23 24
42 51
18 39
15 20
90 96
38 46
46 52
94 100
59 66
12 19
37 46
5 12
25 49
17 29
82 91
55 62
54 66
57 84
67 81
81 89
46 53
55 74
77 88
48 55
82 92
81 93
40 69
91 95
33 42
47 56
12 18
1 7
75 85
84 90
73 92
2 15
7 21
20 50
87 93
64 79
83 92
50 52
56 66
48 77
35 45
12 21
41 50
28 51
42 47
15 67
30 40
87 100
78 85
86 96
14 25
51 60
81 100
25 31
54 61
63 79
54 73
32 52
57 68
24 54
69 89
32 53
13 22
1 16
10 18
3 12
79 85
39 56
58 64
82 85
17 28
64 67
18 27
9 33
55 64
10 23
70 83
5 13
39 48
75 95
68 91
44 66
14 22
78 85
30 57
65 81
47 51
25 50
92 98
32 42
31 37
70 81
26 31
9 21
10 21
53 59
33 38
68 88
3 7
4 21
55 58
44 56
56 62
1 10
19 21
45 77
63 70
14 32
73 94
26 32
59 65
52 68
90 99
1 22
40 42
69 85
60 88
33 45
60 67
97 99
19 24
15 37
3 13
33 50
63 79
72 88
20 26
68 94
70 90
65 76
50 55
74 100
38 42
37 39
74 80
40 61
31 36
24 49
59 66
58 69
26 34
50 61
48 54
40 52
47 65
38 41
85 95
48 59
7 23
35 49
58 64
48 56
65 70
72 76
57 65
36 70
24 36
77 99
46 57
82 88
11 25
32 42
4 9
61 71
74 93
28 36
38 43
76 98
55 60
21 28
40 49
75 84
50 59
13 26
33 38
63 67
39 53
30 39
70 80
71 77
38 43
79 88
81 95
1 14
57 62
41 48
11 29
36 56
3 12
29 44
34 40
67 78
14 47
73 96
82 90
52 74
4 19
30 49
33 69
66 76
14 30
28 35
30 39
88 94
82 88
66 81
50 54
36 44
59 72
69 74
50 59
13 26
56 71
68 75
4 57
43 53
11 12
8 36
42 66
29 34
49 51
58 72
19 34
25 29
43 60
78 79
81 91
90 92
39 63
38 42
2 23
15 31
67 70
13 36
66 82
14 22
33 44
87 97
31 36
44 47
63 79
4 20
78 80
61 78
56 73
42 55
79 91
27 39
82 96
64 70
8 17
40 49
90 98
22 33
77 94
44 60
29 46
69 77
28 40
10 20
8 17
46 49
56 68
68 73
9 17
74 83
27 33
58 65
71 89
54 67
24 34
50 59
33 38
39 63
75 80
15 22
61 64
60 68
77 84
82 85
7 17
18 22
67 81
38 54
23 36
74 83
15 35
58 81
74 86
50 80
79 80
55 63
8 17
90 92
27 30
90 99
68 71
85 100
77 80
4 15
83 86
84 96
68 70
19 40
38 59
4 20
35 56
94 98
24 32
62 67
46 53
50 72
59 72
52 61
45 58
23 39
53 56
76 99
77 84
48 55
32 39
43 49
31 36
83 94
67 73
30 70
24 31
19 62
9 15
28 33
66 74
71 82
34 47
92 97
61 68
80 92
42 55
25 37
66 72
61 65
36 53
65 84
28 35
37 41
11 23
54 58
35 48
2 6
45 79
75 86
62 70
56 63
80 88
63 66
81 90
28 42
92 97
83 90
77 90
72 97
86 95
56 69
14 16
63 74
34 43
9 15
9 17
44 57
77 86
38 46
17 31
43 49
16 33
32 39
39 47
68 84
54 64
26 42
2 17
89 93
67 82
60 64
79 88
48 52
87 90
76 90
18 21
67 70
91 100
8 14
3 17
66 82
37 50
18 28
11 35
39 50
46 55
17 21
75 86
87 97
20 40
64 75
52 56
61 68
69 81
53 74
82 88
84 96
73 83
83 91
53 65
52 63
78 87
77 81
83 86
67 90
48 55
72 84
13 32
43 48
78 85
56 70
28 48
55 68
29 34
68 82
38 48
11 20
22 36
91 100
41 61
72 88
2 16
8 14
27 42
41 68
90 95
14 23
10 12
42 63
86 93
63 77
63 67
48 59
33 50
17 37
33 38
61 72
23 34
74 88
14 18
26 45
30 34
22 29
52 65
9 13
81 85
46 65
14 33
68 74
58 67
33 46
18 29
72 84
1 8
10 16
11 20
39 42
47 52
10 14
2 21
56 62
50 57
78 85
82 88
27 46
25 31
87 92
13 29
19 30
87 92
34 55
28 61
2 12
54 61
59 70
46 51
89 94
44 47
29 36
57 66
71 81
23 35
17 25
11 21
28 36
84 95
69 78
7 24
8 12
39 43
6 15
74 86
51 60
11 22
54 65
17 25
37 43
77 92
71 78
47 60
59 73
54 64
18 24
70 80
29 32
66 74
51 57
85 96
72 94
46 53
32 39
48 49
43 63
2 14
39 48
71 89
68 89
65 78
36 54
28 36
49 61
16 19
13 19
76 100
67 98
43 48
13 24
51 70
27 35
80 85
59 81
7 48
27 34
52 61
33 38
3 23
14 24
31 47
11 16
72 90
57 73
47 72
23 32
16 22
42 58
76 98
54 62
71 77
45 54
49 62
73 94
15 27
3 6
10 34
79 87
1 12
34 45
26 33
46 76
93 95
14 20
5 27
16 44
2 6
42 47
76 85
91 97
69 75
53 58
48 67
63 79
75 81
53 64
34 83
80 82
40 46
6 9
86 91
88 96
33 49
91 94
25 28
21 27
71 83
75 83
9 10
62 81
73 81
88 97
40 48
68 83
94 100
19 37
67 79
72 76
74 91
53 69
49 74
83 97
59 67
50 66
77 83
10 27
66 79
89 92
46 54
17 21
43 62
13 21
7 11
38 46
15 55
6 25
59 84
7 25
28 34
52 61
76 81
34 43
83 87
87 90
52 68
27 46
35 49
86 92
32 45
60 71
15 24
2 5
43 53
11 17
79 89
36 43
23 31
84 95
24 36
94 98
6 11
23 30
54 59
44 56
70 84
84 93
59 98
84 90
36 47
41 44
47 59
44 53
61 76
37 63
4 7
13 21
62 94
28 31
69 76
61 65
30 41
31 40
44 53
77 80
65 78
87 97
76 92
17 28
9 18
4 11
52 87
11 17
2 15
66 71
69 100
90 98
25 30
21 43
78 81
78 83
15 20
73 81
72 82
42 51
1 11
29 46
15 27
8 15
71 80
16 24
29 36
39 53
80 96
63 75
66 74
60 71
22 32
37 46
94 98
61 78
31 36
75 79
75 83
82 92
68 72
8 17
27 35
60 76
24 67
55 63
23 51
34 41
68 82
70 75
42 47
24 35
14 37
39 57
6 17
71 89
38 42
16 21
86 96
46 58
79 85
34 61
39 52
59 73
27 34
48 65
78 83
19 30
55 67
51 68
88 95
86 92
84 100
19 28
45 53
25 31
8 9
60 63
24 35
21 28
2 4
61 69
6 12
6 12
69 76
37 48
35 43
15 20
50 68
56 61
68 80
59 73
61 64
23 39
82 87
68 74
20 33
35 46
27 34
54 72
12 27
68 82
88 97
32 38
44 66
82 92
86 99
85 96
50 55
51 58
39 42
33 40
32 38
32 54
51 56
71 83
61 65
8 27
29 40
65 88
37 49
66 69
75 80
39 43
77 88
52 61
56 58
64 69
9 45
38 50
64 69
49 55
40 46
34 52
79 93
43 50
63 69
3 7
56 62
88 100
63 66
29 32
48 56
79 89
37 53
69 81
26 42
91 100
29 44
55 89
56 62
3 7
29 41
42 51
39 49
70 87
2 11
52 68
81 83
59 71
43 45
82 93
8 9
75 88
61 76
50 58
84 92
1 12
87 93
61 78
72 78
79 87
74 95
73 78
33 44
18 50
30 32
53 63
67 79
70 79
43 56
2 9
70 72
35 39
41 49
73 77
68 94
67 72
84 94
12 17
24 37
62 70
25 35
39 48
30 59
56 62
63 73
68 88
35 47
66 72
30 37
62 66
31 41
13 21
81 99
35 49
16 33
40 59
45 57
88 93
6 27
72 84
30 36
4 24
19 27
25 37
87 100
5 12
30 35
30 40
23 47
25 31
82 86
9 29
13 20
58 61
15 21
30 34
30 46
54 57
94 100
36 39
6 21
27 44
25 30
49 69
74 77
94 96
32 39
43 49
34 49
83 88
89 100
27 32
71 75
7 15
19 38
59 87
65 80
71 84
36 41
38 53
75 77
56 61
13 30
69 90
44 48
19 25
70 83
27 36
52 66
69 84
39 43
10 24
82 96
91 94
9 15
31 42
77 86
35 40
18 22
66 70
71 82
23 36
89 99
30 43
25 42
39 42
94 99
57 63
47 69
41 55
34 42
63 72
80 84
76 78
8 25
13 30
40 46
4 14
59 63
21 33
32 43
53 66
10 14
16 25
46 68
43 45
91 99
17 20
46 53
21 23
80 92
68 78
25 28
15 29
91 100
21 26
32 37
20 25
74 80
66 83
59 66
66 72
84 89
1 8
30 34
72 80
65 84
92 94
44 53
52 64
58 88
64 71
56 61
9 17
64 88
22 33
45 52
1 5
67 78
20 27
62 73
91 97
38 52
8 10
74 86
22 26
12 34
49 63
64 67
3 11
92 98
45 53
72 81
75 97
35 40
9 13
72 80
81 85
26 44
87 91
16 47
89 94
5 18
93 100
67 75
40 46
5 13
14 19
82 86
17 24
68 74
41 63
76 95
70 73
11 17
61 70
3 14
52 69
4 12
57 59
35 44
81 93
17 20
18 27
1 14
43 53
50 65
13 25
11 19
3 9
48 56
79 87
53 58
31 41
11 16
39 50
63 74
84 87
26 32
83 94
24 31
17 46
22 25
53 62
59 78
26 31
92 99
28 34
66 68
54 67
39 46
64 70
51 73
17 29
40 43
1 6
20 23
42 49
72 91
3 10
29 45
18 25
69 74
7 23
41 53
3 5
83 88
55 75
44 58
65 76
57 72
29 55
54 67
83 89
47 81
90 94
79 84
4 13
80 88
86 92
2 7
87 97
66 73
61 71
88 94
67 69
68 79
22 26
83 88
9 27
13 24
49 55
44 54
41 56
61 81
38 66
36 54
22 34
51 56
6 13
71 76
36 50
69 76
23 29
56 62
34 44
81 87
37 56
20 34
27 41
5 12
19 30
65 70
41 59
44 63
36 52
89 96
23 28
57 65
73 81
56 60
13 27
49 71
68 75
56 67
24 35
71 83
80 90
76 82
67 80
70 83
20 23
43 52
52 55
74 85
87 100
35 41
88 99
56 65
67 76
65 76
13 18
23 27
46 50
51 66
89 98
60 62
60 65
78 85
43 51
38 44
58 63
82 94
40 44
22 27
16 25
49 64
43 48
63 75
85 96
94 100
20 28
53 62
27 42
74 88
84 99
40 61
85 88
53 60
18 29
18 29
64 71
38 48
11 21
85 96
75 83
19 21
85 91
29 52
47 52
54 66
22 29
36 62
41 54
83 93
53 60
72 79
26 31
70 79
2 18
83 100
60 85
3 5
18 21
35 44
61 63
17 22
35 58
17 23
53 63
79 90
17 27
40 51
95 99
22 25
33 38
23 32
18 26
43 66
6 26
28 36
20 26
60 65
32 33
3 18
68 85
78 79
13 23
73 91
85 94
3 22
15 33
25 31
23 29
67 78
77 80
88 95
35 47
35 44
43 48
24 40
69 76
4 16
50 80
95 98
10 30
38 45
12 20
24 51
15 24
1 11
22 27
58 79
52 77
21 30
41 50
68 76
9 17
27 28
28 32
92 100
50 60
50 59
19 24
63 71
53 61
55 60
79 86
29 51
11 20
82 99
92 97
22 40
85 97
27 47
47 60
15 25
16 25
25 32
39 59
33 38
55 67
55 60
20 31
9 14
66 71
29 33
73 88
44 47
73 83
79 89
44 61
79 94
57 74
52 57
57 68
86 99
92 100
4 13
45 60
76 91
70 77
70 83
66 75
63 74
35 49
26 41
94 100
69 75
5 13
74 98
73 80
15 26
17 48
41 49
31 40
83 87
93 98
34 52
66 96
87 97
41 48
2 15
44 50
74 95
26 39
2 6
50 57
37 50
90 94
74 85
91 98
16 28
16 18
54 57
42 47
18 30
7 21
60 64
21 35
73 75
61 70
12 17
61 82
35 48
23 66
87 99
29 42
1 22
39 45
75 82
19 70
63 66
47 66
66 70
20 32
43 65
55 63
47 51
62 67
9 35
15 18
41 48
51 58
22 33
44 51
79 97
28 39
16 32
72 79
42 54
15 32
73 78
78 86
89 100
61 77
30 52
45 56
47 56
5 39
2 13
71 79
75 95
33 36
54 55
29 36
41 77
43 63
3 8
35 99
23 46
51 56
14 22
15 22
85 93
54 58
57 69
38 42
19 31
3 7
2 42
81 88
72 76
23 37
19 23
34 46
70 73
58 67
18 29
71 81
76 82
60 67
14 25
8 14
55 59
39 48
3 8
12 16
16 42
48 67
84 90
17 19
62 66
19 35
11 17
60 68
26 36
38 50
8 13
50 58
11 18
17 28
71 77
64 67
10 23
64 67
33 36
71 90
21 32
13 26
92 98
26 30
80 92
55 63
13 26
32 46
86 90
55 65
23 37
20 31
81 89
87 96
55 64
5 10
5 10
15 18
95 99
1 9
24 44
81 89
29 41
55 58
41 51
70 79
65 93
12 22
63 73
15 27
76 95
5 21
70 82
35 39
71 84
55 64
46 52
66 83
76 80
27 32
93 95
37 48
57 71
64 85
36 45
43 48
36 43
26 35
76 81
81 87
76 88
79 90
62 75
84 88
19 28
22 29
74 83
27 31
17 21
80 85
6 23
61 79
76 90
67 72
2 8
14 26
1 15
31 61
17 28
77 84
65 79
80 95
53 60
23 35
29 33
8 26
6 10
18 23
19 36
72 89
45 49
85 96
23 36
72 85
64 72
33 46
49 84
51 62
52 61
6 11
30 40
9 14
43 58
3 42
30 43
59 63
49 60
86 90
85 90
63 70
90 95
22 25
61 72
55 65
81 91
28 33
47 53
53 57
18 23
48 63
37 44
18 31
37 46
15 28
67 79
77 87
20 26
66 81
73 88
48 53
59 65
76 84
30 33
3 19
61 65
20 29
58 69
30 39
79 86
71 80
56 67
33 47
42 55
20 36
34 38
43 52
26 31
2 11
33 40
1 8
34 52
78 80
27 39
30 44
42 53
78 96
58 77
59 65
36 43
73 81
29 35
11 33
33 40
70 78
50 59
16 33
58 71
80 87
75 76
17 23
41 52
75 84
56 64
19 25
57 61
72 85
14 30
22 26
24 38
21 45
8 13
36 48
46 49
7 18
55 67
54 58
45 53
19 32
70 82
58 79
18 29
94 100
33 54
80 88
9 21
6 17
20 50
39 81
71 81
9 15
2 10
75 84
78 85
7 32
8 19
7 12
11 20
14 23
53 57
31 39
53 72
2 5
76 84
2 14
34 52
76 87
9 15
16 21
33 47
74 88
9 18
41 50
21 29
19 31
85 100
36 42
18 28
71 87
66 81
3 13
58 66
59 67
37 58
55 62
55 60
78 88
23 35
6 29
75 86
50 55
49 59
39 76
33 39
61 73
84 91
36 40
52 59
12 19
5 11
81 85
86 90
69 74
63 86
37 44
59 83
8 20
54 68
2 8
60 91
71 79
6 32
76 85
11 19
90 98
31 65
55 60
73 75
65 70
64 72
26 35
58 71
81 93
38 50
42 48
71 90
55 70
21 29
51 56
86 95
44 48
60 71
78 98
68 77
10 26
23 38
49 57
62 77
6 23
71 86
85 95
10 24
85 91
72 80
64 70
10 18
17 21
9 14
74 96
62 69
92 97
51 64
10 15
53 58
74 80
30 35
46 55
82 84
25 28
61 64
33 46
66 69
1 15
78 80
93 100
22 36
21 28
72 79
84 98
