100 20 20 1
00000000000000000000
00000000000000000000
00000000000000000000
00000000000000000000
00000000000000000000
00000000000000000000
00000000000000000000
11111100000000000000
00000000000000011111
00000000000000000000
00000000000000000000
00000000000000000000
00000000000000000000
00000000000000000000
00000000011110000000
00000000000000000000
00000000000000000000
00000000000000000000
00000000000000000000
0000000000100000000
0000000000100000000
0000000000100000000
0000000000100000000
0000000000100000000
0000000000100000000
0000000000000000000
0000000000000000000
0000000000000000000
0000000000000000000
0000000000000000000
0000000000000000000
0000000010000000000
0000000010000000000
0000000010000000000
0000000000001000000
0000000000001000000
0000000000001000000
0000000000001000000
0000000000001000000
5948
71 92
31 36
71 98
45 50
42 53
22 23
3 7
64 70
45 54
4 12
8 29
19 29
82 87
18 55
67 70
53 62
35 50
18 72
27 29
57 71
66 74
28 40
51 60
5 29
60 69
38 42
74 84
87 93
69 74
84 89
67 76
43 50
37 46
58 70
78 92
17 23
60 79
39 46
52 58
8 28
15 22
83 96
18 25
90 98
48 63
28 44
75 76
77 83
82 86
49 55
17 21
2 7
24 40
12 18
67 95
47 63
4 8
39 66
54 58
33 38
10 28
13 25
59 64
61 68
16 27
46 56
33 44
32 41
78 87
42 49
88 96
45 53
60 62
11 35
10 23
31 54
89 93
82 89
21 26
33 36
32 37
4 27
16 38
6 13
66 85
72 89
6 17
14 22
19 24
42 44
46 58
31 51
54 73
52 64
49 55
43 50
22 27
24 34
49 58
63 69
42 52
25 38
58 62
6 25
35 40
2 9
37 43
92 100
7 17
81 86
64 73
5 12
18 25
18 35
18 22
91 97
1 29
61 72
50 58
81 84
59 74
76 77
29 38
67 84
88 99
24 30
58 67
91 99
56 65
28 30
77 84
52 72
4 10
73 78
69 78
20 29
6 13
5 19
43 52
90 94
44 63
45 53
55 58
65 77
63 69
95 100
46 61
90 97
85 94
68 74
45 53
74 80
9 17
8 24
9 15
68 84
70 80
57 63
4 8
50 59
89 97
20 25
39 67
63 69
41 58
81 95
9 21
5 9
29 58
50 66
43 53
55 66
79 89
26 41
2 14
24 41
58 71
81 96
6 12
15 48
44 48
42 49
6 13
42 61
20 25
92 100
7 14
16 20
87 95
90 98
48 51
30 38
80 94
66 82
66 76
50 59
42 49
8 37
8 29
33 42
12 34
42 57
55 73
69 75
7 14
71 80
83 90
27 51
19 23
18 36
51 62
8 38
64 71
78 99
70 76
39 48
38 82
56 66
26 48
81 86
62 76
87 99
18 27
87 97
3 9
11 18
42 49
76 81
34 40
69 72
48 64
55 59
48 58
62 73
64 67
79 91
30 42
60 76
13 25
71 79
74 83
66 73
9 13
64 82
49 68
16 69
48 58
28 36
71 74
61 72
89 91
48 63
74 85
62 74
65 76
85 90
70 96
81 85
4 14
26 53
71 89
5 7
61 65
83 86
62 67
81 92
18 20
92 97
42 60
52 66
20 52
68 82
78 87
24 36
6 16
72 77
21 28
59 66
10 17
65 88
39 41
14 41
43 44
74 89
59 68
42 49
16 36
64 78
19 24
70 77
22 41
94 98
27 33
65 75
57 77
80 88
34 64
8 26
32 41
60 74
29 38
67 80
1 7
46 55
53 70
61 72
41 51
62 69
92 98
81 86
14 20
31 56
51 64
4 19
21 33
21 30
88 100
14 23
62 72
80 82
55 59
24 38
47 94
57 83
64 69
18 26
84 93
49 54
90 97
6 22
81 86
62 73
58 67
66 80
74 87
73 83
81 91
73 89
7 18
39 53
47 55
15 18
64 72
1 16
10 17
34 44
9 19
26 32
21 29
76 81
82 99
87 90
1 10
36 54
86 92
3 14
70 90
47 54
57 72
76 82
65 77
86 89
17 36
32 35
72 96
6 11
84 89
17 46
8 13
36 43
74 82
59 63
64 79
31 35
13 34
68 73
3 21
22 32
33 38
35 52
50 61
58 65
62 71
11 14
33 59
55 64
53 76
71 87
24 33
83 93
7 13
65 71
39 46
62 65
29 43
7 18
8 14
88 94
52 88
32 59
29 42
24 31
88 92
2 15
31 35
68 78
71 73
7 21
81 85
66 75
38 50
77 97
72 99
28 41
8 14
33 38
36 40
36 39
80 86
63 69
20 55
44 57
70 72
15 31
68 80
21 34
11 17
32 67
83 98
69 76
53 63
64 80
54 71
47 53
41 45
61 67
21 55
38 47
82 88
39 48
74 82
66 72
79 85
55 60
26 36
85 100
66 77
35 40
85 95
17 29
20 35
56 63
76 82
75 93
86 99
46 55
12 22
61 82
86 93
32 36
44 61
75 83
40 50
45 49
25 29
73 89
32 44
71 86
17 27
56 73
67 75
35 41
86 95
74 95
53 60
4 14
58 83
27 43
41 49
68 90
35 42
26 89
22 33
35 46
51 67
26 48
4 25
9 18
50 54
68 74
24 28
32 40
87 96
74 92
39 45
49 61
74 77
34 41
61 66
71 79
60 74
24 26
59 65
26 44
25 34
10 19
89 92
6 13
39 47
45 62
52 65
70 81
6 22
92 95
55 66
11 16
12 24
47 64
73 87
14 20
53 58
23 26
58 80
9 37
53 68
80 90
72 76
69 77
42 51
65 73
14 24
1 12
40 49
46 61
51 98
41 50
3 11
51 83
64 82
24 30
20 29
36 48
1 18
18 25
52 58
17 36
74 79
59 74
42 52
22 26
37 48
59 67
44 54
57 66
76 87
46 56
57 59
32 38
20 26
59 66
57 66
6 22
80 86
33 43
58 63
79 92
77 99
60 78
92 99
31 36
61 65
1 13
52 56
80 91
21 26
12 27
41 56
30 54
44 57
77 88
61 66
33 44
61 72
35 44
44 56
21 46
42 55
15 19
2 27
74 83
57 65
79 92
82 92
45 53
7 23
16 25
85 91
70 76
34 51
77 83
67 91
31 45
33 43
78 94
3 18
44 51
48 52
42 47
40 54
53 62
47 59
12 19
71 76
86 95
27 41
62 87
15 24
67 83
80 93
66 80
4 7
50 60
40 44
60 70
69 87
72 88
21 26
16 24
64 71
78 88
71 80
37 45
68 89
47 64
84 88
50 70
71 83
27 30
32 46
50 64
39 49
56 61
36 45
10 27
32 52
79 89
82 87
2 7
27 36
17 21
42 57
10 20
30 38
15 22
64 95
51 62
40 57
48 65
53 60
67 72
52 68
39 48
40 64
32 43
37 44
51 60
29 39
79 86
10 25
76 93
80 86
79 94
78 90
1 6
6 14
22 28
48 52
45 67
90 93
8 17
38 43
37 51
6 16
44 55
45 65
50 63
44 55
83 92
57 66
24 30
5 8
54 73
85 89
30 32
52 65
35 42
86 98
38 57
37 42
13 45
29 32
74 81
51 57
18 40
57 71
8 18
54 64
14 28
54 57
86 97
23 43
18 23
41 70
92 97
23 39
76 91
41 52
24 31
44 56
50 55
50 55
20 33
26 51
77 93
43 52
25 33
21 28
56 71
26 44
8 34
66 76
17 31
79 88
92 95
76 87
43 49
66 79
18 27
62 63
1 23
67 89
44 52
59 69
48 59
71 84
92 98
48 59
30 36
73 82
90 100
68 73
59 69
5 14
40 62
48 57
21 24
73 87
44 57
78 84
34 65
3 9
53 57
2 14
90 92
74 93
71 76
12 19
4 10
66 79
37 50
58 70
51 57
81 88
72 78
70 78
6 15
30 36
42 47
92 100
35 52
3 14
9 35
90 98
4 6
94 99
17 26
5 90
28 35
55 63
35 60
91 96
16 31
61 75
80 95
69 96
71 83
36 43
75 98
76 80
80 91
80 91
58 75
43 47
73 83
40 54
38 58
69 75
3 19
54 62
24 41
8 25
36 39
9 16
3 10
2 5
8 13
88 94
35 45
21 25
92 97
51 69
38 41
83 85
26 30
81 97
61 77
77 93
6 12
18 22
55 64
52 54
4 9
89 95
71 89
13 17
51 67
38 52
28 33
64 76
86 93
13 17
32 36
56 70
41 60
47 57
23 30
70 75
31 42
68 70
87 98
10 24
72 89
4 14
54 62
31 41
18 52
36 38
45 57
29 39
94 100
66 79
90 96
73 86
83 87
40 61
67 69
66 73
14 18
71 79
36 44
66 74
29 36
21 34
14 23
57 66
84 92
31 46
53 57
15 16
52 68
67 88
35 43
24 27
20 31
33 42
19 49
33 44
50 56
48 62
70 84
79 83
1 14
17 29
30 36
56 84
69 77
39 45
66 71
43 66
27 39
69 78
48 63
94 100
59 71
64 71
71 88
19 22
42 56
70 80
71 83
21 29
61 88
42 59
31 35
30 44
54 92
2 9
42 63
82 88
3 33
83 88
60 68
82 90
66 80
23 35
30 34
65 70
82 86
3 16
3 15
39 47
39 66
53 84
23 27
61 69
18 33
88 91
19 25
46 52
64 84
75 85
38 43
31 42
42 48
66 83
9 39
49 63
37 42
9 10
7 12
46 84
37 44
60 71
2 11
31 42
80 91
58 74
50 61
60 95
15 25
25 33
87 99
11 15
68 74
8 18
1 72
69 71
76 80
94 97
8 12
74 79
27 31
73 82
47 56
18 26
32 42
53 56
72 84
6 17
6 42
57 59
17 22
77 85
83 96
32 42
67 72
51 58
8 14
23 25
85 96
17 26
80 96
64 71
26 36
76 80
31 39
64 72
70 86
38 53
53 66
6 13
19 97
48 53
45 50
44 56
91 99
31 39
9 34
16 26
11 18
63 85
23 27
68 74
41 47
77 91
26 41
16 32
53 77
56 71
32 33
95 99
53 60
8 17
73 85
22 32
47 55
15 21
86 96
22 38
61 67
48 66
56 74
82 86
19 28
13 20
67 78
34 41
53 74
18 34
74 93
64 69
13 18
13 34
19 21
2 36
32 41
37 55
84 92
14 19
55 58
64 68
44 53
52 65
38 45
57 69
18 35
79 85
91 99
81 89
6 24
73 87
25 40
43 52
51 56
28 46
11 17
24 50
88 91
1 10
82 86
21 31
2 9
82 89
41 55
33 38
84 94
9 29
80 87
74 80
60 80
44 52
47 64
8 26
78 86
45 65
5 11
18 21
32 37
38 64
9 12
62 71
85 88
65 67
53 65
3 9
42 53
31 44
40 43
46 52
56 61
51 61
9 11
26 43
50 68
10 15
26 37
36 40
83 89
8 25
2 13
40 48
39 45
29 39
39 63
6 18
13 17
74 80
13 17
57 65
88 94
49 53
56 66
74 81
59 68
28 32
7 19
47 52
72 75
38 47
26 33
67 74
68 71
45 51
1 11
61 66
86 98
78 92
69 84
27 32
37 47
3 9
36 75
93 97
41 43
37 51
61 69
76 86
5 13
6 13
12 17
39 41
31 42
71 75
28 36
14 16
23 31
48 53
55 62
15 26
14 22
55 71
65 83
57 73
11 45
70 91
55 72
46 61
24 28
23 42
13 15
72 80
1 8
93 99
74 78
76 92
57 66
19 35
72 77
59 71
78 91
68 84
51 58
55 74
67 70
21 35
71 76
3 18
17 21
14 24
8 14
53 55
3 16
69 83
81 88
40 45
3 17
62 66
28 38
23 29
66 79
86 92
5 26
36 82
44 75
80 87
21 28
78 99
12 21
54 59
26 38
70 81
46 58
76 82
56 59
34 49
55 64
17 40
91 99
75 98
7 14
27 39
71 84
60 68
58 72
3 15
24 37
58 74
23 28
38 44
62 78
17 33
19 85
38 44
8 18
74 93
10 16
40 56
79 96
86 90
33 39
84 92
26 32
51 61
67 72
66 69
15 20
50 60
37 45
38 45
13 19
30 47
55 66
20 28
39 44
28 29
36 39
9 12
51 57
3 8
81 97
93 99
65 68
41 48
41 50
57 72
43 52
58 85
78 90
34 50
62 64
70 84
43 47
38 73
68 76
94 100
43 55
30 32
37 52
34 39
19 28
55 68
79 99
23 58
45 48
26 45
13 25
63 73
6 11
3 9
29 39
77 91
49 56
36 41
35 48
40 55
82 94
60 69
40 45
22 33
47 53
75 83
36 62
33 39
12 20
75 96
36 43
88 92
33 55
38 43
52 66
4 14
55 78
45 56
26 34
73 98
5 24
9 21
44 46
37 41
42 52
40 58
10 21
17 28
31 42
9 19
67 76
69 75
87 95
87 97
44 70
23 30
83 99
35 49
77 93
75 83
29 33
7 20
70 78
28 37
37 39
22 31
49 77
41 56
83 94
37 47
61 77
51 55
7 23
92 100
48 57
68 76
24 30
94 97
19 44
54 82
26 30
16 30
69 74
59 74
37 53
39 43
62 68
14 19
44 51
23 29
32 50
32 55
2 16
42 50
42 51
21 31
53 63
65 70
3 20
10 41
29 42
29 35
56 65
41 59
28 31
73 80
25 37
75 77
94 100
73 88
85 89
29 53
61 65
90 95
9 16
90 98
74 81
6 21
24 31
65 71
82 94
52 58
23 24
79 81
49 52
36 39
89 100
3 16
82 89
75 82
68 84
3 13
1 12
32 39
10 21
22 37
76 81
53 59
77 95
70 92
39 58
68 77
72 84
14 35
69 77
7 24
65 72
67 70
32 49
50 58
81 99
6 20
72 85
63 80
43 48
57 59
21 27
66 86
55 59
62 64
73 83
55 60
83 92
57 71
17 23
11 22
79 81
76 99
93 100
22 32
87 100
11 40
7 26
64 81
9 22
80 85
77 85
31 40
10 38
61 65
68 73
37 45
67 80
19 22
32 39
38 54
61 67
1 14
42 55
47 54
80 89
27 57
18 26
1 10
66 93
69 83
84 98
80 98
57 63
17 24
27 39
73 85
49 52
88 92
38 62
21 29
53 82
39 53
49 53
73 84
75 90
70 91
50 59
87 97
7 36
45 53
81 91
4 14
40 49
79 85
24 26
4 6
63 72
80 85
14 35
32 41
23 35
46 51
36 40
50 76
62 67
4 13
22 40
12 31
55 68
6 18
73 76
60 67
14 17
2 17
57 61
8 21
57 62
64 80
25 28
28 32
64 75
1 20
40 45
19 35
35 42
48 60
85 96
73 86
15 22
60 80
73 79
20 33
5 7
72 76
3 19
62 97
12 17
36 43
46 52
14 22
22 34
25 42
62 83
43 53
20 24
57 75
34 43
14 35
5 14
7 17
9 16
36 40
62 67
54 69
4 8
68 76
45 49
64 68
17 26
94 97
9 17
37 56
45 63
38 45
38 50
35 45
40 47
79 85
50 55
32 40
69 74
23 32
3 8
54 66
48 56
10 28
20 27
18 48
40 45
80 85
61 64
96 100
54 59
56 75
44 52
58 61
3 14
51 97
86 96
46 53
40 72
9 15
54 66
36 54
43 50
14 23
64 74
64 71
53 64
23 38
89 97
29 53
81 98
73 87
23 37
59 66
73 77
80 88
54 66
56 65
47 58
80 86
82 96
27 39
64 69
27 48
20 34
4 11
79 85
77 83
86 97
77 97
34 47
39 50
38 48
39 44
79 93
26 38
13 17
74 81
72 77
21 25
22 31
71 82
67 84
5 18
18 38
66 80
90 100
18 27
69 74
82 89
41 52
37 55
46 52
31 48
4 15
57 59
63 74
30 37
25 32
39 50
24 26
10 13
23 31
28 35
52 58
58 84
56 66
21 39
32 37
59 64
7 13
28 34
15 26
18 41
78 82
43 47
6 13
47 56
47 52
9 34
76 80
43 49
24 34
64 73
31 46
39 52
70 78
36 48
8 19
66 80
5 9
45 52
19 25
84 95
41 48
40 48
71 78
78 85
27 30
42 47
79 92
17 31
81 88
79 88
71 81
6 25
61 66
3 28
13 29
39 51
47 61
10 23
61 66
86 96
9 20
17 20
18 31
32 35
54 69
28 31
28 44
14 29
49 56
42 46
58 61
76 92
1 22
63 74
1 29
25 39
80 85
81 88
71 87
36 46
25 36
36 46
70 81
1 11
20 35
59 67
56 82
43 78
24 39
72 83
16 31
48 76
53 62
56 60
36 45
95 98
34 43
60 65
74 78
58 65
50 62
76 82
75 92
47 50
36 53
63 74
32 41
55 62
40 49
75 80
44 54
16 28
1 8
53 63
76 79
22 40
16 29
49 53
12 17
56 61
46 63
58 83
23 29
24 31
62 80
90 93
89 92
73 86
1 19
82 86
84 100
15 29
61 75
59 85
90 98
2 22
72 73
12 17
81 85
44 59
71 83
76 94
27 36
53 61
42 50
52 66
13 20
27 33
11 14
32 52
22 40
25 33
39 61
60 83
51 69
87 92
52 80
38 41
61 69
39 57
52 57
68 86
47 63
15 27
37 49
77 85
54 66
82 89
34 54
76 90
24 28
52 57
22 39
59 65
30 37
5 12
41 47
85 98
87 92
37 56
74 80
62 69
90 96
78 87
38 43
51 61
41 62
13 15
73 88
68 85
60 73
3 6
52 63
72 79
81 88
26 35
52 56
54 90
20 23
33 50
63 72
44 49
7 24
61 70
28 44
15 41
37 47
20 28
54 58
41 49
19 25
43 80
28 39
18 33
37 52
15 23
17 26
9 22
6 8
87 97
48 60
13 23
42 64
14 26
53 66
25 41
56 65
1 33
61 68
1 30
35 43
46 54
71 82
6 16
30 41
75 87
35 60
22 34
6 22
35 57
62 66
75 82
66 78
71 84
26 32
34 52
21 48
59 64
35 50
58 64
32 36
24 36
21 34
2 10
7 13
5 16
46 52
48 52
90 98
27 34
60 78
38 54
13 18
4 29
37 48
70 75
47 57
46 54
53 65
73 89
85 95
41 44
13 26
33 56
87 95
90 97
47 62
38 41
13 31
54 65
46 53
34 56
23 28
60 65
94 100
34 43
82 97
53 65
77 87
30 49
40 47
59 64
58 65
1 6
68 78
31 41
71 88
87 100
70 79
7 16
74 77
16 22
79 83
36 39
16 33
85 98
18 23
68 89
43 54
55 74
4 10
20 43
47 58
80 100
63 83
81 90
40 50
6 36
37 54
6 27
53 56
72 81
64 67
13 25
13 25
89 92
6 15
55 76
13 20
86 96
53 62
73 81
70 74
79 85
28 43
42 64
39 42
48 51
48 57
9 16
19 29
87 91
48 66
62 79
24 28
16 25
83 87
64 72
87 100
24 33
94 98
26 39
72 81
37 43
64 68
88 91
24 51
13 23
39 42
61 72
34 42
15 20
11 20
66 85
51 58
3 8
7 11
11 23
5 19
8 15
27 49
18 31
1 4
48 73
81 84
63 76
55 66
68 70
67 80
60 65
12 21
51 57
71 88
22 30
32 43
69 74
87 95
63 72
32 40
82 98
69 86
54 69
44 46
76 82
33 46
60 66
38 47
84 87
72 92
89 93
41 66
82 86
59 67
41 48
20 29
43 63
6 17
43 45
40 48
84 95
36 42
55 68
85 92
48 55
13 16
2 7
26 50
72 79
13 17
40 45
58 68
16 29
53 56
27 35
65 71
70 74
6 20
73 83
51 61
44 58
10 29
63 75
27 29
5 6
65 74
79 88
25 30
18 23
13 45
19 36
64 67
61 66
95 98
42 53
32 34
22 40
41 57
26 32
27 32
60 67
7 25
16 37
74 95
42 65
7 24
39 48
70 71
31 37
50 58
48 52
3 9
29 35
21 46
8 37
78 86
42 45
7 25
22 35
39 45
70 77
9 28
54 62
35 48
87 93
82 90
1 9
70 72
30 76
40 52
50 71
19 27
26 43
35 55
8 17
2 20
92 100
93 98
67 80
37 43
6 27
43 58
64 81
3 8
58 71
10 17
33 45
4 14
65 73
35 51
85 93
12 15
16 25
5 7
24 32
52 63
17 24
18 21
88 89
78 86
33 40
39 43
31 41
50 53
49 66
44 55
13 25
92 98
8 22
63 75
53 58
2 6
35 55
95 99
42 56
64 71
78 83
36 48
29 30
64 95
36 61
76 99
65 73
22 26
65 75
11 12
44 59
29 43
27 31
36 42
55 73
79 89
43 73
84 100
81 97
61 72
76 96
61 65
62 66
56 57
46 62
32 48
14 17
57 67
88 96
9 23
69 98
58 66
58 64
35 50
68 88
12 29
33 40
48 54
89 94
13 23
60 72
44 64
52 57
40 48
11 17
35 42
23 33
40 62
27 51
33 54
16 23
1 10
7 16
50 59
49 81
17 28
47 67
57 72
56 76
27 29
61 76
9 17
87 89
54 64
21 35
28 32
69 75
76 98
24 32
26 32
70 75
77 81
20 43
49 62
68 73
88 91
39 60
89 98
5 13
53 56
3 15
3 9
50 74
73 89
58 63
31 47
61 94
20 38
23 42
60 67
52 81
78 97
88 91
73 80
47 58
38 41
17 24
50 68
78 87
6 62
41 49
5 11
66 81
38 48
56 62
42 45
54 71
31 35
50 58
4 23
74 89
19 32
58 86
81 93
91 99
76 85
41 48
22 26
3 14
31 69
16 21
53 68
11 15
52 73
68 72
76 84
88 95
46 63
39 45
78 84
77 94
79 91
29 38
13 23
8 14
39 49
47 49
4 10
49 58
72 81
74 78
47 54
27 38
36 44
80 94
6 16
38 42
65 66
11 17
8 30
68 87
41 52
84 92
20 42
29 30
81 85
59 99
81 93
17 24
60 64
46 57
54 57
76 85
34 44
62 79
1 9
47 58
10 19
34 36
5 20
10 24
91 96
32 39
67 75
61 86
14 27
37 43
77 87
60 67
9 15
45 51
59 70
56 63
37 47
54 67
6 11
81 92
78 82
32 45
49 57
52 65
45 49
50 53
14 20
57 69
13 27
51 55
48 54
51 62
62 73
22 30
71 81
65 72
24 34
62 70
25 60
56 63
43 57
40 50
64 72
69 75
42 62
43 50
79 88
91 96
38 54
7 18
83 93
22 32
86 91
68 88
73 93
46 54
18 26
4 30
20 34
31 34
21 41
65 74
64 73
14 36
50 57
54 58
60 69
19 27
2 6
58 66
73 79
15 18
59 82
33 50
71 87
14 34
17 35
19 23
18 51
11 28
89 99
32 44
53 71
12 22
89 92
56 73
89 95
62 66
84 95
66 69
79 87
78 81
25 31
63 82
70 79
49 57
7 16
61 86
46 59
70 84
34 41
75 85
83 95
73 85
51 53
51 62
30 60
19 30
49 56
33 38
27 45
91 93
63 72
54 60
43 50
45 64
59 67
28 32
6 27
48 51
45 68
48 66
85 91
50 64
12 18
3 8
87 97
30 38
74 81
51 65
14 59
71 76
17 22
56 59
26 33
33 49
63 69
36 54
1 4
42 49
16 20
62 74
85 92
92 95
32 37
46 51
46 50
6 11
45 66
39 44
21 33
15 24
38 45
5 10
66 78
20 26
37 49
30 45
58 68
2 25
31 59
38 49
44 51
48 55
95 99
84 93
56 60
10 71
36 58
44 53
16 27
2 11
22 39
57 64
85 88
64 79
28 47
26 43
70 94
12 22
8 14
29 40
74 79
4 12
37 41
52 57
66 96
86 89
16 25
23 26
26 33
86 95
86 98
79 95
67 76
73 94
21 24
6 21
11 24
68 83
76 85
66 95
66 77
83 92
67 80
38 39
86 92
85 99
51 58
79 91
78 80
74 93
35 48
56 71
20 23
10 27
58 65
55 69
81 92
70 74
77 89
21 33
66 77
42 53
29 37
30 34
31 34
6 11
42 53
55 59
70 72
48 60
73 77
13 25
58 66
87 93
49 65
39 57
47 59
25 47
92 100
74 82
93 95
85 88
6 24
68 75
71 78
10 25
20 28
3 33
41 54
77 79
57 78
33 48
79 83
72 97
39 59
24 30
1 11
38 52
66 75
79 89
49 51
36 50
5 8
33 44
82 83
31 36
58 63
66 68
73 98
47 62
76 79
89 92
3 18
77 81
37 44
3 11
57 69
90 94
74 83
70 75
18 46
58 68
30 55
55 66
68 95
8 18
53 60
64 77
88 97
8 14
50 59
33 42
63 79
35 53
23 66
74 81
25 37
47 67
35 54
27 38
35 47
69 82
48 53
20 26
2 8
22 25
40 47
17 45
77 94
73 87
33 39
92 98
65 77
49 61
66 82
29 37
64 71
37 47
21 39
90 93
90 93
59 70
7 19
10 18
27 32
81 99
78 83
65 71
80 86
80 82
63 68
45 51
74 96
12 19
36 49
27 34
59 67
43 56
61 72
19 25
25 34
82 84
1 8
51 53
8 26
18 30
9 15
85 93
84 95
92 100
84 93
37 47
35 40
51 59
77 89
70 77
53 75
56 60
35 48
54 66
57 66
25 41
75 82
48 54
38 49
25 32
77 81
79 92
77 89
43 59
2 24
28 60
20 31
20 47
1 5
18 35
36 66
26 37
69 71
10 20
45 55
18 50
51 61
67 95
52 60
50 64
79 85
53 63
53 75
10 28
24 29
85 91
45 47
65 70
85 90
25 52
81 87
56 62
46 53
23 31
32 43
20 29
24 44
81 89
2 10
71 77
25 34
91 99
56 59
39 70
24 42
77 93
55 63
2 8
86 100
25 30
39 51
17 74
18 38
19 41
29 50
67 72
39 47
63 69
40 53
12 20
79 89
62 83
9 14
41 77
30 45
85 96
69 91
87 90
72 77
78 91
28 63
59 64
41 45
68 86
59 71
48 60
65 71
77 92
74 79
21 28
31 44
57 69
1 20
35 43
5 12
33 50
66 79
4 30
67 83
49 54
10 17
65 75
44 46
37 46
38 73
26 42
3 11
66 80
25 36
40 68
71 87
61 69
81 88
81 92
78 91
52 79
54 61
35 36
92 97
37 42
25 41
30 41
2 9
79 89
53 69
13 29
28 40
79 83
36 43
32 53
34 63
65 69
50 66
84 94
78 85
4 10
79 95
60 68
10 23
32 43
8 12
54 58
70 79
75 80
18 23
32 45
73 90
10 13
32 34
15 31
85 96
90 95
72 84
33 67
76 81
6 23
57 68
75 89
8 27
21 41
80 95
42 79
41 46
8 12
33 41
56 67
70 74
27 42
19 27
89 93
80 84
29 34
4 7
47 65
55 65
49 56
8 14
64 77
80 97
61 65
60 70
47 61
25 43
39 58
78 86
50 55
1 12
12 16
88 99
40 49
48 53
14 31
61 69
55 59
43 51
39 52
70 83
23 40
76 82
15 22
21 24
25 32
20 34
46 54
1 16
88 91
58 79
35 42
4 26
19 53
35 41
95 100
51 56
29 35
6 15
9 17
61 71
34 45
24 27
88 90
58 63
8 28
1 6
27 35
54 57
68 76
72 83
85 92
81 100
48 60
53 85
22 33
9 27
25 34
51 64
72 76
81 86
27 33
3 18
41 50
72 93
37 56
65 79
35 43
14 21
58 79
25 36
9 17
14 18
38 49
59 90
17 37
8 25
33 45
34 46
19 27
59 81
21 52
8 13
58 61
58 81
15 21
77 83
29 39
12 18
38 50
68 82
29 35
35 47
80 93
35 51
13 23
54 57
49 68
32 45
78 88
51 70
24 31
1 12
12 18
12 18
91 100
80 86
47 51
54 61
61 75
11 39
30 34
76 96
31 42
24 38
76 80
54 61
4 17
74 91
65 69
84 86
79 91
50 66
36 42
65 73
23 34
66 76
54 55
23 32
94 100
4 8
2 28
55 63
29 37
16 19
36 45
25 38
50 59
80 92
74 78
16 35
50 56
53 67
60 77
73 79
30 46
77 84
16 54
24 27
22 32
14 20
20 40
30 35
47 59
73 80
69 72
77 93
45 64
73 88
78 80
66 75
36 45
66 73
52 56
88 99
87 95
67 71
32 35
52 70
57 59
15 18
32 35
33 50
92 98
2 6
41 58
16 29
7 15
34 38
83 87
65 82
84 87
1 10
30 40
45 51
95 100
60 88
89 94
52 78
21 37
27 31
12 28
31 39
60 68
53 60
64 74
23 40
9 29
82 94
68 75
18 21
76 80
64 74
50 61
22 43
61 78
58 89
89 97
40 56
67 73
18 25
66 83
66 72
84 88
50 68
94 98
60 66
5 13
62 72
2 11
33 50
49 59
31 38
50 53
56 68
40 51
9 13
63 79
34 69
18 38
4 18
48 57
45 53
12 34
59 86
51 72
13 28
51 60
76 82
53 65
93 99
58 63
45 65
88 100
90 99
50 64
19 23
65 81
11 24
3 12
20 23
45 60
52 58
7 14
20 25
92 98
43 56
91 99
1 9
51 89
51 85
44 56
1 4
64 79
34 46
89 98
29 41
9 19
41 51
58 79
12 33
56 65
59 65
92 99
48 52
12 25
91 100
35 44
47 60
72 80
70 72
85 97
88 97
59 65
86 93
44 59
60 100
43 46
60 66
30 40
40 84
46 69
6 13
61 70
24 38
6 13
11 21
39 59
45 55
80 88
35 41
51 56
36 45
79 83
23 33
67 90
30 40
57 67
57 67
65 75
85 89
50 69
60 74
14 19
51 72
4 9
2 8
53 61
64 84
43 50
8 16
91 92
37 47
16 30
18 20
66 79
59 70
31 44
64 74
44 56
29 35
54 62
95 98
1 4
18 24
43 53
75 88
52 94
48 58
15 36
22 27
65 72
63 69
88 90
28 49
86 98
18 34
80 98
74 83
68 81
4 9
56 65
89 96
12 20
74 82
90 97
23 35
67 80
30 41
87 94
62 81
47 59
46 70
3 18
69 80
60 66
1 20
4 8
92 98
49 63
10 22
86 100
12 21
83 90
19 22
7 13
50 55
76 87
24 28
70 75
79 92
38 52
92 95
20 22
64 74
74 85
46 75
17 33
48 96
14 25
65 79
33 35
39 58
41 46
48 55
95 99
53 74
27 38
12 26
5 13
62 68
21 41
19 31
4 14
35 36
88 93
83 100
22 32
79 85
93 100
20 26
42 51
57 61
40 48
54 64
66 79
34 37
12 17
82 86
5 22
21 26
39 51
30 40
24 33
81 94
44 55
56 68
9 16
50 55
65 71
78 92
67 71
91 94
26 39
21 42
56 63
59 66
23 37
45 54
59 73
46 53
10 18
49 69
29 64
60 62
55 58
18 23
81 91
18 25
47 58
42 56
30 53
1 7
66 81
73 96
88 97
67 79
35 42
76 92
66 80
11 21
30 37
67 70
25 33
11 29
27 33
52 70
6 9
39 42
23 34
37 48
42 53
36 38
77 84
22 46
86 88
43 62
67 79
52 57
81 83
79 83
4 17
79 83
77 82
88 100
47 85
9 14
88 92
26 32
64 71
24 36
59 68
87 95
70 78
86 98
60 66
10 17
3 11
18 30
25 37
57 62
71 81
92 100
66 82
54 57
80 97
8 20
10 21
79 83
29 37
17 25
73 78
77 85
41 52
87 92
62 71
30 35
34 40
36 52
4 10
83 88
43 54
92 99
50 56
41 64
69 75
11 20
70 91
93 99
13 19
35 46
71 85
59 67
85 89
70 78
25 35
67 69
34 58
87 93
28 34
38 52
20 29
42 65
47 52
40 64
92 99
30 36
91 100
29 39
81 97
7 13
40 45
25 39
26 37
28 49
27 35
66 69
86 95
95 99
10 17
52 54
9 26
13 16
33 44
94 99
73 82
85 88
73 84
29 35
24 33
45 52
65 69
75 84
61 68
15 19
27 33
59 79
66 71
56 87
96 100
66 75
15 28
40 59
38 41
64 67
26 71
20 27
27 44
75 83
58 77
31 41
44 61
71 76
50 59
67 74
79 85
51 56
39 46
50 59
34 41
69 72
92 99
15 30
25 39
12 15
10 23
11 23
75 88
35 50
62 77
61 72
16 24
59 79
1 11
43 48
14 18
27 34
77 84
86 95
28 50
39 48
4 10
45 49
49 58
43 64
74 78
9 21
56 62
18 27
42 50
56 61
90 98
88 90
74 89
79 91
91 97
27 47
64 76
68 76
46 49
44 50
48 52
3 11
91 100
12 14
44 53
68 75
89 95
32 36
81 90
33 39
94 97
24 33
29 73
2 14
35 42
39 51
39 44
37 43
31 56
26 38
39 45
30 37
13 24
60 71
31 41
33 40
53 57
41 45
29 33
44 60
57 72
39 53
1 36
78 89
57 64
55 75
26 39
56 68
15 33
61 65
13 26
76 84
79 91
45 55
85 90
27 58
30 47
55 61
18 23
44 55
21 40
87 95
36 39
14 32
3 25
4 7
54 62
21 24
64 71
40 44
59 61
17 50
20 28
22 24
21 46
74 92
3 11
75 99
28 38
26 42
48 53
69 82
16 35
33 44
63 76
3 14
67 76
17 28
61 63
4 11
27 35
21 24
18 41
24 31
81 86
7 57
12 13
20 24
4 9
49 62
4 18
84 90
86 100
53 68
76 87
71 99
26 30
21 23
34 50
17 25
92 95
48 53
85 97
82 93
27 36
46 55
4 11
68 81
11 25
50 59
56 68
3 11
42 53
27 37
17 26
94 100
91 99
92 98
88 93
29 39
19 34
71 78
15 74
7 13
4 15
67 75
11 14
59 71
14 20
56 77
32 42
15 19
96 99
10 15
72 87
2 8
35 71
16 20
35 37
6 21
74 81
19 28
43 51
52 61
83 87
70 80
56 60
49 77
66 83
59 72
19 34
58 66
19 42
64 78
50 59
78 87
82 93
8 20
42 49
20 40
58 73
84 86
42 48
94 100
84 92
51 58
71 100
48 64
21 27
62 66
34 50
61 67
85 92
45 47
3 21
20 29
62 67
11 18
3 11
27 33
81 84
59 68
60 69
36 49
50 53
61 69
3 35
61 71
65 88
47 51
55 65
31 48
11 17
54 59
33 44
61 68
26 35
12 16
5 17
60 78
47 72
78 85
12 29
38 59
16 23
41 51
78 85
55 65
81 95
4 10
82 93
23 30
83 90
7 12
42 66
31 45
70 93
45 60
59 63
53 55
17 38
90 100
72 76
60 65
7 11
72 80
9 16
89 96
44 51
20 26
66 76
50 58
88 98
87 96
44 64
54 67
32 39
42 52
89 92
18 31
46 58
47 54
63 67
13 19
18 26
76 82
41 56
90 96
59 73
91 97
52 63
58 78
51 56
5 14
75 86
39 45
58 70
14 26
5 8
77 84
5 14
46 50
52 62
34 50
85 96
23 37
54 75
38 43
87 95
80 88
9 13
4 17
67 80
65 80
66 94
78 95
79 85
59 65
5 18
22 29
66 76
14 17
25 42
85 89
89 93
79 83
44 50
2 11
47 60
14 20
51 78
84 90
56 58
20 26
46 57
50 55
24 39
61 76
10 27
7 27
49 67
44 49
79 88
33 47
19 26
25 36
49 82
20 53
22 51
62 71
7 15
26 29
16 31
29 31
54 64
53 58
86 100
1 8
62 65
88 91
7 11
80 92
8 20
30 37
42 57
80 87
15 28
61 77
52 63
60 67
26 35
84 91
31 46
53 56
6 13
79 83
69 76
77 90
7 22
70 80
62 79
84 95
50 58
91 96
32 61
52 58
85 94
85 91
42 55
66 72
12 42
66 79
32 40
68 76
25 33
76 82
34 49
60 76
62 77
4 15
44 51
36 39
14 27
62 72
21 38
11 31
72 77
24 30
37 39
65 77
74 83
44 50
10 21
6 17
36 49
17 44
27 39
69 77
2 5
91 96
67 89
69 79
48 54
75 81
26 40
78 98
24 46
74 83
39 63
75 77
58 78
83 98
26 42
29 34
3 13
42 45
54 60
78 84
65 71
69 75
59 74
63 77
50 58
69 77
69 82
66 84
40 45
63 92
23 28
90 95
22 32
16 19
45 53
28 32
24 34
25 48
84 95
75 80
20 32
53 71
89 93
75 78
16 29
75 80
30 33
48 52
22 36
13 20
10 23
31 52
72 83
25 30
10 25
10 14
37 48
17 28
83 93
33 42
4 8
80 92
67 91
40 44
66 79
73 84
28 40
84 97
86 98
9 17
32 42
77 94
69 76
19 34
56 63
66 70
29 36
46 90
2 17
61 85
77 93
80 93
59 64
65 67
70 73
71 82
65 73
81 86
60 68
36 41
39 49
87 96
48 56
31 38
55 63
91 99
50 64
64 94
1 15
9 48
4 19
9 13
5 17
69 81
93 98
22 31
3 11
97 100
16 28
12 38
5 9
63 79
53 66
24 37
56 69
43 70
32 46
41 61
45 52
13 27
71 81
71 90
7 15
46 52
53 59
48 56
2 5
31 37
10 17
71 80
8 17
59 76
2 9
74 78
24 33
17 28
58 68
27 41
65 68
1 48
90 100
23 31
94 95
2 11
45 51
41 46
25 30
41 51
92 100
62 90
73 85
20 24
38 66
34 45
7 15
85 96
11 26
7 14
7 9
17 25
72 85
83 89
56 59
81 84
34 40
41 54
17 21
70 82
53 57
2 10
55 61
49 59
7 21
77 97
61 65
34 48
37 46
45 52
50 51
4 9
55 73
63 64
39 42
58 60
53 59
78 93
35 54
16 36
27 32
64 69
13 23
12 17
68 83
1 17
60 80
4 9
48 62
92 99
81 88
18 26
17 25
36 54
58 67
72 78
22 33
40 46
26 39
84 96
29 65
49 64
18 21
27 46
51 63
53 56
15 22
53 58
47 58
59 67
59 70
56 64
51 58
88 94
94 95
94 97
30 47
87 90
46 56
88 94
62 73
69 74
34 36
28 52
72 93
85 95
58 67
67 77
72 79
38 52
61 66
19 34
39 48
37 41
63 70
84 93
87 96
43 58
17 25
3 10
40 58
18 28
38 43
38 43
66 92
41 44
59 79
34 48
32 38
36 40
4 15
67 85
52 59
91 97
95 100
11 17
92 96
17 20
24 52
14 35
23 37
29 34
20 30
34 52
17 24
63 89
61 72
5 15
27 31
56 78
38 43
38 53
29 37
63 76
38 41
65 78
75 98
53 67
42 46
50 80
13 23
77 82
49 54
55 62
75 87
1 5
58 68
8 11
39 44
13 22
79 84
7 20
62 73
82 88
2 7
42 62
66 75
31 38
18 41
76 86
71 78
38 45
22 31
87 95
16 36
39 45
96 100
45 48
9 17
6 19
88 95
36 44
8 19
21 27
69 82
14 23
15 19
27 34
41 52
59 69
13 32
23 33
26 56
63 73
31 66
29 43
20 25
37 44
18 27
10 16
49 56
19 23
21 33
37 49
2 7
65 72
58 69
13 42
50 52
53 72
37 47
5 15
43 69
68 89
1 5
14 23
5 14
50 56
50 57
35 43
54 65
57 67
39 61
35 49
85 89
23 41
8 18
16 62
8 14
40 55
45 59
31 41
57 67
15 19
52 64
64 76
67 74
30 36
69 75
31 38
33 56
89 93
70 75
38 81
20 34
56 64
14 28
25 35
33 43
26 34
15 45
14 23
71 77
56 67
8 19
31 37
78 91
48 61
29 36
66 76
29 36
52 56
60 73
29 37
83 98
71 76
60 67
68 83
40 50
45 57
18 33
18 40
32 63
48 51
5 13
7 24
37 44
77 83
7 17
63 76
80 89
66 81
33 37
63 71
72 77
53 59
6 11
30 49
9 13
72 80
20 26
68 76
46 52
71 82
49 55
9 21
68 80
38 50
18 26
82 87
9 20
95 96
66 73
1 10
37 43
4 9
20 38
57 61
66 75
17 26
41 57
41 45
10 23
26 29
14 23
25 29
43 52
27 41
9 19
30 36
51 66
91 98
46 63
66 72
40 70
13 34
9 31
58 66
38 45
73 91
5 17
47 68
17 27
7 14
43 56
16 26
11 16
29 40
47 59
87 91
42 46
72 78
28 34
45 63
83 90
44 59
39 78
7 13
34 35
55 62
70 74
59 62
7 13
87 94
60 74
71 80
48 68
34 47
64 66
25 28
74 87
56 64
17 26
41 65
38 48
72 79
49 52
1 8
32 36
26 30
70 82
38 57
19 30
56 64
64 75
71 84
9 18
18 26
33 39
80 84
44 59
42 47
62 64
56 61
32 52
36 43
79 89
78 91
14 35
62 68
73 81
8 15
57 64
80 96
83 89
72 86
57 64
33 42
49 59
28 33
55 59
53 57
70 75
58 68
23 35
34 43
75 80
63 85
9 27
38 49
39 47
47 57
35 49
47 60
37 58
14 20
34 40
45 58
27 34
67 84
23 41
26 37
11 22
91 97
37 42
1 6
21 30
43 54
42 78
71 88
87 89
72 74
76 81
73 94
81 91
49 73
64 69
82 92
30 37
60 62
12 21
32 41
3 46
78 92
31 36
18 25
43 50
72 88
39 44
77 84
25 54
33 36
82 98
49 62
24 33
77 79
77 86
21 27
11 14
42 48
45 72
70 77
39 50
14 22
41 78
12 16
69 76
6 21
41 43
82 93
44 67
11 23
58 68
57 74
65 85
19 23
41 49
62 67
21 31
51 56
53 66
53 69
27 31
41 52
8 10
71 80
82 97
10 21
18 38
32 42
79 86
62 74
57 75
8 23
55 59
13 22
42 48
64 75
58 64
21 40
18 44
33 37
26 36
84 93
7 17
63 93
65 74
63 78
61 72
5 13
75 78
34 57
52 62
68 87
89 100
70 86
9 19
14 32
78 84
46 61
9 20
55 67
30 38
51 55
38 53
93 97
38 58
14 23
45 61
67 79
32 39
9 18
64 92
81 86
87 89
80 95
50 60
60 78
24 28
24 27
33 35
48 55
9 17
32 36
81 87
32 48
76 92
87 91
83 92
53 61
28 37
16 26
38 62
3 8
86 91
23 31
42 46
89 97
4 19
78 88
79 91
19 25
48 52
6 19
59 76
58 68
10 18
3 11
44 45
56 70
5 16
40 53
72 79
3 13
51 57
45 47
58 64
43 52
54 66
49 76
52 65
38 40
68 78
57 82
55 58
77 82
45 52
18 30
38 53
36 45
13 20
73 82
19 22
25 30
26 40
4 27
61 68
18 53
78 89
19 27
65 82
11 13
89 95
5 19
70 88
74 83
17 31
72 83
62 72
29 32
41 46
16 24
52 57
74 80
15 25
5 31
29 54
5 12
75 89
27 41
13 34
23 40
4 28
10 14
27 34
18 25
75 83
78 96
48 58
35 37
82 90
77 97
18 31
12 23
54 78
2 21
38 44
44 52
23 30
38 56
64 76
26 35
14 21
79 80
14 23
88 96
29 36
16 21
13 22
58 77
43 49
36 44
68 76
56 80
43 56
69 80
13 16
40 47
93 99
1 12
75 80
73 85
67 77
60 76
29 43
43 53
40 45
7 15
1 4
54 60
28 33
38 42
15 22
41 48
62 71
33 53
42 49
52 63
38 55
13 20
40 56
43 55
78 85
86 97
8 14
64 77
33 38
3 11
37 44
91 98
50 63
95 99
19 25
71 83
20 24
41 65
84 100
24 47
55 69
63 67
84 94
21 32
2 12
10 20
21 35
53 63
9 24
63 66
83 95
84 92
10 25
13 16
49 54
13 22
29 40
76 79
73 88
32 42
62 81
24 31
82 89
84 95
2 17
26 30
94 99
43 50
48 60
35 44
65 98
36 41
26 51
84 87
13 44
66 73
74 76
21 34
32 44
70 92
13 21
63 72
42 49
9 18
89 97
62 78
48 52
21 23
36 38
18 29
24 33
44 57
46 58
3 6
64 91
50 56
14 23
46 63
89 98
17 25
51 63
21 32
3 9
94 95
35 46
66 71
10 20
42 51
48 84
25 29
75 100
20 28
34 39
28 34
43 49
29 31
3 11
22 31
77 81
28 42
37 50
10 15
37 61
3 8
6 16
14 21
71 74
88 92
30 36
50 62
1 11
42 57
72 79
31 37
13 29
17 26
60 69
77 85
5 12
21 53
77 89
18 40
11 20
59 67
92 98
83 90
38 40
52 58
11 22
21 46
52 72
31 38
82 93
67 100
7 18
21 37
64 79
55 64
26 37
13 20
34 41
10 19
88 100
38 55
29 36
29 37
87 98
89 100
77 79
61 84
4 8
7 14
26 33
27 36
59 71
43 48
36 40
38 43
18 22
90 95
69 92
53 60
70 90
10 27
62 73
67 90
90 98
58 64
78 84
23 34
19 26
6 15
61 69
59 62
1 15
49 58
56 82
32 37
16 61
49 54
74 77
55 66
94 97
8 22
13 30
5 12
48 91
25 35
11 16
41 80
10 19
73 80
37 48
37 55
55 69
48 56
18 49
56 62
42 45
21 32
21 33
71 89
55 66
51 58
71 78
55 67
63 70
88 95
72 88
4 12
47 66
68 76
96 100
70 75
93 100
35 53
85 90
84 88
12 16
37 46
29 37
56 71
66 72
48 53
46 60
18 26
66 71
63 69
12 18
8 14
38 47
31 42
82 89
52 72
77 88
69 79
75 88
87 96
78 93
26 34
52 59
83 100
42 48
11 17
14 23
62 71
11 42
72 87
9 33
38 58
79 89
74 84
15 26
47 53
16 40
86 97
47 57
29 36
14 23
8 25
38 50
67 83
78 94
20 33
81 90
9 13
17 27
40 50
52 58
82 85
75 85
39 43
96 100
41 60
33 37
71 77
77 81
73 77
79 89
25 40
81 93
29 40
68 74
15 28
58 79
94 96
77 81
93 95
25 34
62 76
60 82
94 99
65 84
9 17
30 43
54 67
74 77
37 44
26 34
18 40
39 56
71 87
76 86
31 36
7 25
69 81
48 59
19 29
36 51
9 29
56 77
2 15
25 43
41 47
62 65
62 63
89 96
87 94
68 92
62 74
62 67
38 41
1 12
57 59
2 16
65 78
72 82
25 30
58 69
48 58
23 33
18 23
79 95
20 31
73 79
44 55
85 100
73 78
91 96
52 85
79 97
55 64
62 75
5 10
54 58
47 50
15 23
31 36
26 36
60 72
49 97
73 75
62 84
12 20
33 47
9 21
83 93
78 82
43 52
62 69
83 88
60 72
69 75
31 43
3 14
18 35
11 40
38 54
25 51
70 74
35 43
76 86
93 95
54 67
46 55
75 85
70 79
74 81
72 87
86 93
17 32
51 59
78 95
93 99
57 72
84 95
81 86
85 90
14 21
44 76
93 97
67 89
71 83
32 38
40 44
36 47
3 31
78 89
26 36
41 68
19 29
9 16
69 79
64 71
3 8
64 74
8 21
22 39
74 81
57 73
14 27
14 16
36 50
52 64
68 71
79 88
23 38
88 97
47 54
72 98
45 51
61 81
47 53
24 71
82 87
40 50
75 86
13 26
32 48
51 59
17 34
86 98
29 35
55 62
43 61
12 67
43 53
35 41
57 60
91 94
19 30
11 16
91 99
39 49
92 98
39 45
42 58
21 36
3 10
69 76
37 41
65 74
60 70
81 98
1 8
81 89
16 29
56 68
18 33
49 66
29 44
68 78
65 90
22 31
90 96
13 22
32 40
95 99
64 74
29 37
11 24
83 92
63 71
31 35
74 80
27 59
7 31
7 15
81 94
36 46
10 26
65 70
82 94
74 79
3 11
63 78
19 22
10 23
9 14
39 45
83 99
80 88
41 54
80 92
65 79
36 48
40 50
68 74
55 59
76 84
64 71
79 89
6 13
66 77
43 51
48 64
47 62
57 74
78 90
46 58
89 96
14 28
11 51
66 77
14 23
55 99
24 26
81 87
36 46
11 20
1 10
20 39
27 48
41 45
60 67
61 80
39 66
79 83
80 89
70 77
75 85
23 31
7 13
7 20
67 71
76 82
49 54
1 55
36 49
11 15
75 92
70 95
35 42
58 67
88 94
92 95
55 58
71 76
42 50
91 100
69 74
52 56
7 24
84 95
6 11
5 14
73 80
59 67
56 63
8 11
48 55
76 87
55 62
72 91
13 28
12 28
65 82
35 43
22 29
24 40
73 98
81 90
37 41
26 34
36 46
66 69
64 75
92 100
62 70
93 99
95 97
6 11
50 58
16 23
22 31
44 68
6 14
75 80
81 93
80 96
44 54
31 54
62 66
5 11
63 68
64 71
96 99
22 28
15 24
85 89
13 25
58 65
31 43
42 56
77 96
13 22
22 27
92 96
26 38
77 94
28 35
26 44
16 22
2 11
21 28
42 46
87 91
52 63
37 46
66 85
50 60
50 66
64 78
47 51
76 93
50 53
36 65
7 24
95 98
12 22
73 85
24 42
19 24
9 28
52 93
54 59
47 59
14 26
62 82
67 77
78 80
47 58
46 59
31 47
49 74
61 80
17 22
3 16
38 47
14 24
84 97
33 49
77 82
77 85
77 82
93 98
84 96
45 52
15 24
46 49
43 61
92 97
13 23
42 51
80 99
43 59
57 69
17 31
65 68
62 78
53 56
29 40
22 33
7 12
46 55
48 63
36 52
92 100
46 64
60 67
21 30
76 88
81 95
64 74
21 33
15 24
12 25
88 97
14 28
20 43
64 69
4 15
76 100
51 55
16 22
7 14
70 77
87 98
62 67
13 21
42 97
61 65
46 50
35 45
16 25
20 31
28 37
5 10
39 61
16 24
22 34
20 36
62 71
50 66
52 69
81 87
43 50
80 93
35 43
27 63
53 63
60 67
50 71
77 84
27 32
84 92
94 99
81 87
57 62
81 85
72 94
68 69
87 95
37 43
64 70
31 35
78 94
54 70
63 88
79 82
41 43
75 77
23 30
70 79
31 38
28 41
3 9
24 31
83 91
12 18
70 96
57 65
34 60
9 21
74 79
39 51
45 56
18 30
86 99
66 79
23 29
55 62
89 97
75 87
67 69
85 90
16 22
54 61
49 57
62 73
11 20
36 44
24 30
87 96
9 19
5 12
52 66
17 19
24 29
2 6
63 67
19 41
18 22
83 93
36 48
5 15
35 60
31 37
67 76
56 69
12 22
2 15
76 84
44 47
70 81
87 95
72 82
72 80
81 89
56 82
56 63
8 15
74 79
89 92
40 43
18 25
35 47
67 71
63 71
23 36
68 72
21 29
4 38
24 31
6 14
18 35
81 86
88 92
70 83
79 93
47 52
22 35
9 19
51 54
60 82
80 90
73 75
5 18
25 34
57 90
71 81
68 78
15 30
57 66
41 44
77 82
55 71
4 41
27 46
39 43
73 83
65 75
51 56
72 86
32 40
96 99
89 96
52 58
21 38
39 99
44 55
74 85
69 78
13 46
3 7
27 38
71 76
56 72
75 90
85 95
23 32
42 59
21 35
55 60
12 20
56 70
86 90
63 77
8 26
72 76
77 90
12 27
61 72
88 98
59 69
25 45
27 42
18 33
53 66
13 27
48 65
39 60
11 16
14 20
83 91
56 63
70 84
20 38
43 52
64 69
81 89
48 51
66 79
28 32
31 79
68 76
24 44
22 26
34 50
7 15
85 88
72 88
68 73
79 93
89 95
58 65
23 38
45 59
60 66
92 96
53 76
18 36
48 63
71 78
82 93
86 97
8 14
56 65
3 12
21 34
81 87
10 30
30 54
25 58
73 83
46 55
46 54
52 84
56 60
93 96
6 14
74 81
26 34
13 29
61 76
6 28
9 22
50 55
25 32
66 77
47 55
74 80
69 79
5 9
46 60
6 11
16 22
28 39
39 44
47 51
54 60
70 82
65 72
6 23
11 15
61 72
3 43
24 47
43 52
25 36
33 36
60 72
20 30
5 10
25 34
28 38
3 7
10 16
80 94
42 56
76 83
79 86
71 73
5 15
17 24
23 30
3 22
73 87
81 91
38 47
54 60
10 13
39 41
85 94
25 32
17 27
7 13
2 3
51 74
73 77
48 71
24 28
80 96
57 73
78 80
63 81
1 16
15 23
59 73
25 44
36 58
26 32
36 47
41 49
52 68
21 25
84 89
4 7
94 97
37 44
27 32
27 32
7 14
61 80
85 90
49 59
72 85
40 54
21 33
22 27
37 53
82 94
34 44
66 84
31 39
55 66
48 54
23 39
27 32
56 69
46 53
59 92
88 100
34 89
59 68
95 99
70 86
11 32
35 55
38 44
87 96
25 43
17 27
28 35
57 94
79 94
67 81
2 5
19 34
88 96
18 32
28 34
42 60
48 51
1 9
32 37
14 34
32 40
21 53
80 89
25 32
34 40
7 10
70 77
76 86
47 51
46 68
58 64
51 58
33 36
56 70
84 89
15 22
14 37
81 88
77 92
39 53
10 14
63 81
10 28
40 50
55 63
9 20
66 79
71 79
59 69
71 77
50 62
42 54
20 33
73 83
73 97
36 49
52 57
76 81
43 48
93 100
39 48
72 78
47 51
49 61
69 74
28 41
36 60
50 56
21 27
83 95
4 19
72 77
47 54
16 21
83 87
14 28
8 19
11 44
5 33
36 55
45 52
83 93
31 47
68 79
54 79
19 26
19 22
72 82
57 69
57 77
29 36
71 78
13 23
85 88
21 29
6 24
50 80
79 100
25 51
78 81
11 20
43 53
69 83
87 95
2 13
71 74
26 34
45 49
94 100
2 9
35 46
11 22
22 29
85 94
59 63
2 6
44 65
39 51
96 100
63 76
48 53
2 22
57 72
29 35
22 29
4 37
69 80
18 32
63 80
28 38
33 42
41 54
68 85
14 22
80 87
66 72
51 56
97 100
46 70
30 37
69 99
37 67
66 71
8 19
31 34
63 84
38 48
50 53
30 34
63 74
70 97
70 76
61 72
43 63
64 68
62 69
23 38
75 83
80 85
4 11
79 95
22 48
17 23
58 72
41 47
35 42
76 82
67 80
69 74
9 11
4 28
69 86
39 45
90 97
66 69
74 81
15 43
55 59
38 50
15 20
11 28
10 21
85 90
33 46
25 32
2 22
27 32
52 67
75 80
79 83
63 83
22 36
34 37
55 61
51 54
73 85
62 74
52 57
48 70
17 42
29 39
37 42
67 90
