100 20 20 11
00000000000000000000
00000000000000000000
00000000100000000000
00000000000001110000
11100000000000000000
00000000000000000000
00000000000000000111
00000011100000000000
11111100000001110000
00000000000010000000
00000000000000000000
00000000000000001111
00000111000000000000
11100000000001110000
00000000111000000000
00000111000000001111
00000000000000000000
00000000000000000000
00000000000000000000
0000100100001000000
0000100100001000000
0000100100001000000
0000100010001000000
0000000010001000000
0000000000001000000
0000000000001000000
0000000000001000000
0000010000001000000
0000000000001000000
0000000000000000000
0000000100000000000
0000000100100000000
0000000100101000000
0000000100100001000
0000000100000001000
0000000100000000000
0010000100001000000
0010000100001000000
0010000100001000000
4159
89 97
23 35
71 79
61 79
3 18
37 51
3 22
81 97
62 73
71 78
73 77
83 100
20 31
85 98
8 12
43 51
67 74
89 100
84 94
34 45
7 14
7 15
34 38
47 55
7 25
53 59
86 96
49 55
74 80
51 59
69 76
67 95
51 63
37 51
9 14
42 51
16 24
51 61
9 25
77 86
18 32
57 73
7 12
12 22
73 77
83 97
67 77
72 75
21 25
89 95
90 97
78 90
3 12
37 47
38 51
33 56
55 64
24 32
17 27
64 79
26 30
83 92
26 34
77 85
80 91
74 92
56 59
75 83
33 52
15 34
13 20
11 16
71 98
72 74
17 19
32 40
2 13
45 59
41 53
17 30
35 55
70 72
7 19
80 93
37 42
25 50
28 62
47 54
63 67
83 94
72 82
28 35
78 83
3 13
16 22
5 19
77 90
22 40
34 46
42 44
31 39
28 49
79 93
6 23
79 97
57 73
39 65
73 80
88 93
6 9
89 96
60 74
52 68
3 19
48 60
24 33
25 33
17 29
22 30
44 52
80 93
11 17
63 85
34 43
25 35
37 45
14 59
35 45
57 63
29 42
34 39
44 52
18 24
73 83
57 61
78 94
46 55
55 59
86 89
79 84
15 20
44 51
59 66
87 100
6 39
69 77
39 46
66 79
15 20
78 92
16 24
9 21
74 84
13 22
4 14
65 73
40 45
83 90
5 11
70 80
91 100
64 70
44 60
65 68
1 7
12 30
16 23
45 51
16 29
36 42
4 17
46 67
39 56
80 85
25 30
69 72
62 72
60 76
72 84
15 40
80 83
12 24
6 15
21 37
21 40
66 75
20 23
69 99
22 32
28 30
79 83
56 81
16 37
88 90
17 21
29 52
9 25
9 30
82 86
51 75
73 88
32 47
35 62
71 76
68 83
41 53
71 81
36 61
22 35
74 85
56 65
4 13
80 86
46 57
24 31
59 69
33 42
48 58
18 25
68 73
7 14
23 29
24 43
52 62
78 86
83 97
86 96
57 79
20 25
3 24
58 82
16 28
59 67
61 68
36 41
50 56
4 24
18 30
33 77
80 92
44 49
42 53
63 72
87 99
46 85
78 86
27 48
14 25
39 45
71 82
70 85
72 76
20 27
20 23
22 30
45 48
47 64
23 31
47 52
66 76
56 63
65 96
18 30
84 86
72 98
87 90
55 56
60 63
69 71
81 99
8 13
9 19
27 30
24 32
48 55
22 27
53 61
18 40
14 26
84 89
87 96
49 63
27 41
44 54
25 31
19 26
76 89
71 78
56 62
65 80
54 60
30 40
43 47
63 77
11 25
66 79
84 89
16 22
43 47
75 84
71 85
13 21
27 32
39 47
43 51
64 69
3 44
1 10
16 38
2 4
51 60
47 58
75 77
92 98
2 8
16 28
2 12
91 97
63 69
63 81
16 26
86 93
25 27
90 96
49 61
4 13
17 25
5 7
33 45
49 81
34 44
70 75
18 47
77 85
90 97
22 34
55 61
93 97
33 43
49 61
64 71
76 86
61 66
25 35
7 14
82 95
67 81
9 22
50 58
11 22
26 31
80 84
23 32
44 51
72 77
10 22
71 78
73 78
63 73
79 92
14 33
14 19
41 51
52 60
21 33
18 40
46 61
47 62
19 28
63 74
46 70
25 28
89 94
72 81
66 71
51 54
60 98
41 53
53 70
56 72
21 28
17 21
45 56
5 17
81 85
73 90
31 72
93 100
6 14
2 10
20 33
47 54
8 12
15 22
36 39
5 13
46 72
2 4
93 100
51 60
63 81
29 47
22 26
33 38
76 86
89 95
44 57
65 71
72 82
6 8
59 67
12 24
64 77
77 93
62 67
36 50
33 37
25 32
53 68
26 36
13 37
63 69
41 84
60 72
15 34
49 60
22 35
93 98
77 97
14 17
11 15
2 10
83 98
22 29
68 77
44 52
74 80
13 36
45 52
43 47
60 74
27 31
44 57
64 68
2 16
66 77
65 76
26 39
2 28
45 51
3 10
5 20
40 43
35 38
22 27
29 46
79 94
44 61
28 38
28 32
35 42
73 76
7 25
41 45
46 54
90 93
87 93
68 85
28 34
31 60
42 47
44 63
7 29
3 23
21 32
72 81
2 11
31 47
34 43
2 19
10 19
69 87
53 77
22 47
52 58
41 50
90 100
52 65
18 30
75 80
93 95
85 92
5 20
61 72
28 31
1 8
50 55
12 19
43 51
38 57
21 42
24 47
22 29
96 99
59 68
21 33
91 98
69 80
39 54
47 54
38 47
81 87
6 13
6 11
3 29
52 54
80 86
48 62
5 17
28 37
54 65
79 86
30 44
77 84
80 85
78 88
58 66
88 100
51 75
67 89
57 66
79 92
17 31
23 65
70 88
48 57
64 73
64 70
14 34
52 66
19 40
72 92
3 6
52 60
16 48
72 84
4 9
33 45
24 41
63 88
27 38
89 98
47 56
40 47
29 36
24 26
67 77
13 22
61 81
17 40
54 62
8 13
52 58
41 45
74 81
25 34
80 89
61 82
15 24
52 58
24 33
51 62
9 49
12 22
13 21
52 64
20 32
18 28
12 22
69 88
89 93
40 46
95 100
13 23
18 23
84 94
64 78
4 8
6 14
36 73
79 98
57 85
88 97
96 99
46 63
83 99
47 77
90 93
11 22
73 99
27 35
35 45
1 3
66 87
57 73
21 36
32 44
63 66
16 26
43 46
8 18
77 84
46 55
38 45
28 42
37 59
28 43
32 37
70 91
70 88
42 49
17 20
2 11
62 76
39 51
68 74
83 93
54 56
29 44
31 33
45 60
46 51
5 22
12 46
90 99
86 91
65 77
45 48
73 82
52 58
52 57
51 53
91 97
7 32
2 4
87 91
81 89
52 53
40 49
34 50
22 31
52 78
90 92
34 51
82 91
15 22
60 77
71 93
81 93
61 73
54 62
53 56
23 28
49 68
61 65
35 50
64 67
42 48
90 100
71 78
72 85
73 86
55 94
33 39
23 38
30 49
55 67
45 56
54 63
8 16
89 95
24 27
92 95
27 40
69 88
22 36
62 64
87 89
41 64
21 31
1 4
80 90
15 22
90 96
40 47
71 74
33 73
43 78
13 25
76 88
35 42
21 25
14 23
21 34
5 14
48 59
69 73
38 43
47 63
65 82
37 44
69 73
87 93
49 53
3 9
4 13
46 56
63 72
28 36
3 14
53 62
11 24
89 93
36 48
85 94
37 49
17 27
86 95
19 55
37 42
22 33
51 62
46 60
67 74
15 97
5 42
7 18
60 69
58 67
72 80
67 74
55 66
16 21
58 76
91 97
34 44
30 46
72 80
83 91
76 83
88 92
18 32
36 50
66 75
56 60
40 53
57 61
6 13
37 48
49 60
46 54
11 13
64 75
80 88
57 67
25 33
78 85
5 10
43 57
42 48
43 59
56 66
71 81
75 89
61 88
23 35
54 67
43 55
5 8
72 81
75 85
5 8
85 92
76 88
80 88
27 34
76 82
35 41
50 68
16 30
49 54
47 56
39 43
4 6
6 14
30 42
68 82
57 69
52 65
22 42
78 95
33 43
5 16
56 61
71 96
50 55
60 70
78 92
8 14
66 74
77 83
65 74
86 98
35 43
40 43
75 80
30 42
28 51
48 59
22 28
68 73
55 60
37 52
22 44
27 33
32 53
36 38
61 75
31 75
36 46
10 17
40 46
19 32
42 51
53 61
39 73
37 49
34 41
45 53
23 28
32 41
46 54
75 80
76 95
4 17
24 33
51 62
62 63
42 52
65 70
16 35
30 41
16 26
53 56
44 49
31 43
88 93
43 60
18 28
97 100
19 26
17 26
76 87
30 47
6 21
50 68
42 58
9 44
50 56
21 29
67 71
78 83
27 33
12 15
74 86
70 76
21 38
72 84
31 35
51 70
74 82
62 67
48 71
84 93
70 75
52 64
75 78
58 67
28 34
87 98
29 52
94 95
29 38
32 39
63 70
20 35
19 25
32 37
69 76
65 69
85 94
62 69
80 90
75 83
36 47
30 46
3 37
46 53
67 91
63 76
47 56
65 71
28 38
88 98
74 80
56 84
32 39
33 57
65 83
80 83
63 68
56 60
37 39
66 69
71 82
51 56
4 10
32 36
10 31
73 82
21 27
84 85
74 94
89 97
41 49
38 49
54 60
19 27
72 77
12 15
17 27
1 7
68 70
93 99
69 75
43 50
77 81
24 28
74 80
6 12
14 33
42 45
80 92
22 27
42 54
58 80
4 13
29 37
8 12
60 82
36 52
56 82
35 41
85 87
53 69
17 25
2 19
32 41
71 88
38 56
39 61
31 40
89 100
92 100
10 25
83 84
42 52
39 51
22 24
6 12
65 75
43 48
20 39
70 84
65 91
29 46
69 71
38 56
1 12
63 74
64 81
68 76
25 34
8 20
62 76
70 80
23 39
61 66
2 9
28 32
75 81
58 74
75 82
55 65
25 53
3 11
60 63
86 91
61 67
2 7
5 18
79 82
72 86
7 18
88 96
86 99
50 60
43 48
65 74
22 43
40 49
56 59
60 71
80 83
79 88
10 12
1 5
56 84
59 63
3 17
64 68
14 24
70 84
8 19
41 46
40 63
18 23
55 61
48 58
85 99
3 21
40 48
50 64
25 31
56 60
19 23
35 43
55 65
17 22
8 11
64 98
66 84
6 14
93 100
38 40
37 39
33 41
42 45
54 61
68 73
10 26
25 42
44 46
41 46
96 100
16 23
30 42
5 12
53 60
58 65
58 69
40 42
89 93
73 90
22 37
36 51
3 6
82 92
15 25
59 71
17 40
12 30
72 79
34 43
56 68
88 92
10 17
20 32
5 25
34 67
51 71
52 58
9 21
24 28
19 35
57 60
35 43
80 98
15 28
4 11
57 69
24 31
21 36
24 33
71 79
26 36
73 77
69 75
23 27
45 56
33 42
39 44
10 19
14 20
82 85
62 69
72 97
66 75
35 37
88 92
54 68
28 33
72 79
79 97
45 48
54 58
20 36
82 98
55 62
89 99
13 25
47 58
79 86
46 58
78 85
87 95
37 42
88 98
84 89
83 90
88 98
55 60
17 42
42 61
60 65
76 82
18 30
25 39
88 95
14 22
20 33
47 59
77 88
23 31
84 88
5 7
74 81
95 99
58 66
24 33
16 21
4 13
29 35
14 23
79 87
44 52
32 39
11 27
58 61
46 51
75 81
23 30
20 23
2 12
34 47
28 34
19 31
62 81
24 28
23 37
63 75
93 99
41 80
86 87
28 34
51 53
49 56
44 72
66 83
1 17
56 64
21 28
61 64
9 19
1 18
45 52
74 85
41 44
45 63
9 15
5 11
37 48
48 76
71 78
56 66
77 81
72 75
64 69
58 71
82 83
82 100
61 64
29 44
12 16
23 25
55 65
25 35
32 38
47 60
44 59
36 41
35 47
91 97
31 35
6 12
41 45
70 75
43 52
19 27
81 88
12 17
43 51
75 87
73 82
71 77
74 86
22 28
45 48
15 21
21 32
63 70
12 34
21 31
86 90
31 37
3 7
35 46
68 79
17 26
50 67
64 70
72 76
22 26
90 99
74 94
47 50
93 98
8 24
64 73
11 15
41 62
5 14
83 91
81 92
49 56
11 43
42 69
16 22
28 40
2 8
80 100
56 62
4 16
87 100
27 33
8 33
62 85
64 78
20 23
3 18
22 28
33 40
41 53
10 24
8 15
23 34
31 38
23 37
92 98
31 62
51 55
16 23
19 28
65 77
13 27
4 13
38 50
31 37
9 17
78 84
44 47
12 31
31 35
66 67
70 83
47 48
7 19
10 59
17 30
35 46
32 40
64 73
15 40
70 82
34 43
52 67
78 85
38 50
11 21
50 54
7 16
79 86
23 32
33 57
5 9
84 91
62 76
26 30
84 93
43 63
11 35
8 15
17 25
95 98
57 67
85 98
82 99
29 43
80 93
75 83
80 99
48 58
3 12
76 88
41 58
65 71
3 18
36 95
22 33
77 86
38 56
71 77
12 13
26 28
19 27
68 85
36 52
3 9
69 73
75 94
81 92
86 89
87 90
85 99
41 72
51 59
26 31
62 64
61 74
27 34
81 88
46 54
7 18
79 82
33 35
55 63
61 63
6 14
43 60
18 31
44 57
50 55
14 36
78 85
77 81
89 96
23 28
86 91
92 99
15 26
12 21
23 28
76 80
44 53
73 90
27 30
35 43
34 42
28 30
88 90
65 76
35 48
19 40
24 26
14 20
48 68
70 79
81 88
75 88
46 58
9 16
49 61
44 55
21 37
71 78
20 22
66 77
37 41
75 81
55 62
67 76
2 18
10 26
95 100
44 53
76 81
47 53
55 83
61 77
63 70
80 83
23 38
84 99
58 66
50 57
77 80
15 20
40 48
31 47
15 40
51 58
12 31
20 30
14 22
39 58
6 21
47 70
81 89
21 29
33 41
79 84
46 48
87 100
34 74
4 15
21 34
88 100
50 55
9 69
29 37
6 10
57 72
85 95
55 78
7 17
41 47
51 62
52 60
38 48
39 52
49 60
27 30
51 55
7 11
45 50
36 64
2 8
29 45
8 15
43 55
21 28
5 12
12 19
81 85
32 35
49 63
33 36
14 41
66 77
34 39
63 75
4 14
89 96
68 76
10 23
15 20
21 33
34 36
75 79
54 61
10 18
5 18
24 31
86 100
61 67
86 97
32 42
30 38
42 48
52 74
49 54
34 43
59 65
26 35
72 89
45 58
1 7
56 62
92 98
81 83
9 22
16 22
74 87
92 99
12 22
50 52
25 36
46 52
11 16
87 91
59 66
69 71
14 23
78 89
49 53
8 23
5 13
68 72
78 89
88 97
25 43
45 55
8 16
88 92
88 95
7 18
13 37
84 87
8 27
36 57
25 53
67 91
23 34
71 75
73 78
14 26
21 25
60 77
21 28
21 23
25 35
56 67
16 36
69 81
12 28
12 19
49 54
63 96
41 67
19 26
52 63
29 34
78 82
56 68
15 23
43 66
9 13
34 50
14 22
8 28
68 73
71 85
5 10
61 70
28 32
75 86
76 84
50 63
38 60
71 82
24 35
80 84
26 48
52 94
16 30
16 24
65 68
8 13
92 96
37 46
16 25
42 49
30 40
20 26
56 63
56 70
82 85
85 96
83 91
10 16
70 86
76 80
35 66
3 8
52 58
7 20
61 64
1 13
44 68
49 56
78 95
17 25
73 86
79 91
38 55
42 67
38 50
45 62
28 34
9 18
87 94
11 22
32 42
56 61
86 89
6 10
6 27
81 91
40 58
37 41
16 23
57 63
64 75
33 42
43 44
55 99
37 43
78 87
59 65
60 72
29 45
59 66
29 31
8 40
15 30
30 44
30 46
31 41
27 30
71 75
26 28
69 82
14 23
77 85
58 84
86 94
8 17
24 34
12 21
36 75
32 36
3 8
76 86
4 16
82 98
30 41
9 19
62 67
37 44
89 93
32 56
18 24
4 32
22 29
67 85
1 8
28 33
67 74
90 98
86 93
89 94
8 15
23 29
66 75
53 63
58 66
72 81
18 27
12 43
56 67
39 49
35 41
9 17
74 93
20 39
46 61
2 9
29 38
48 58
30 56
58 65
88 98
4 11
12 33
37 40
43 51
9 32
71 87
31 58
86 96
30 57
9 17
20 23
59 65
16 58
74 86
68 74
7 23
92 97
4 12
57 60
13 24
64 73
25 28
23 35
79 89
92 99
19 29
4 13
74 82
7 9
59 69
21 33
17 22
11 23
24 41
2 11
88 100
40 49
19 42
3 16
22 31
70 76
81 86
68 72
38 51
47 63
10 20
85 89
37 44
17 22
2 9
41 46
68 75
72 88
33 38
4 16
50 63
1 21
20 25
86 100
14 39
47 54
47 62
48 62
16 40
37 52
65 75
16 31
62 75
40 52
36 39
60 65
29 33
74 80
22 47
38 50
44 56
24 42
42 54
24 32
51 59
56 66
63 86
74 80
82 87
2 3
6 16
76 89
83 97
43 76
52 67
4 7
63 74
84 96
42 66
66 69
1 10
48 56
69 79
80 86
21 25
69 85
69 75
8 19
34 45
20 32
89 98
13 21
5 25
64 69
45 50
89 95
89 100
73 77
60 78
19 22
40 44
68 73
62 71
59 62
27 45
43 53
50 63
93 97
39 51
68 88
5 22
49 53
91 93
15 19
10 17
78 84
75 83
28 38
46 58
9 19
53 58
77 88
1 10
29 33
62 80
63 66
52 58
31 39
20 30
13 20
56 70
41 49
17 19
32 59
47 53
36 45
59 62
20 23
50 68
76 87
47 51
74 75
32 37
49 69
74 90
24 40
40 51
35 43
46 49
64 68
63 66
10 11
88 99
41 46
45 48
91 100
26 43
24 36
7 16
13 18
3 11
75 79
63 69
58 62
10 21
34 39
68 76
25 37
33 48
18 43
5 11
42 76
35 42
9 15
55 72
56 72
11 20
21 33
39 45
46 62
62 97
19 21
33 48
13 53
56 66
31 46
76 86
22 27
12 26
41 49
14 33
13 26
48 51
28 42
2 10
57 67
75 99
9 15
12 17
35 41
3 11
71 73
29 34
9 17
59 66
41 55
57 73
83 88
32 43
32 39
48 55
60 68
15 26
59 67
65 70
49 55
7 13
53 76
4 33
62 67
39 44
96 99
65 73
66 82
30 37
71 79
45 57
59 62
11 31
96 100
28 31
44 61
67 75
37 53
76 86
82 92
73 84
77 90
35 47
4 17
43 50
65 69
33 66
82 88
50 58
62 74
6 32
31 46
53 60
1 12
20 27
32 37
12 17
42 50
27 71
83 92
59 79
30 50
5 8
87 97
3 17
75 78
30 47
56 61
27 41
25 29
64 74
82 100
66 71
41 52
72 81
63 75
31 54
5 9
22 39
13 41
28 35
43 51
3 14
12 16
75 83
28 36
60 66
15 23
32 41
64 82
66 70
30 36
33 53
18 49
2 15
75 83
2 17
8 10
29 38
52 58
6 15
13 20
25 30
63 68
19 27
1 7
44 50
19 35
73 78
87 89
79 87
71 75
11 31
82 96
27 35
51 63
6 15
26 37
14 23
25 29
57 61
32 41
76 80
67 73
3 14
35 39
72 82
8 13
74 84
26 30
44 55
92 99
35 46
37 44
34 50
53 61
47 53
16 18
72 80
21 44
35 43
13 53
37 48
16 44
45 51
10 29
58 70
52 66
11 19
46 57
60 62
4 7
46 55
63 88
46 56
44 51
27 35
36 43
41 54
73 82
46 52
33 42
42 55
37 44
19 35
48 58
20 28
96 100
73 89
39 44
75 77
39 49
30 35
57 62
20 32
25 45
34 58
5 15
48 59
62 71
67 94
28 31
42 51
5 27
41 42
29 34
93 99
64 68
8 17
14 22
77 93
61 68
6 10
63 68
22 27
19 47
22 29
39 60
10 38
6 33
47 57
35 37
69 82
9 27
68 76
77 83
32 49
43 48
54 58
71 78
27 42
3 12
44 49
23 39
73 85
76 83
48 58
53 58
65 75
57 67
30 43
4 14
46 62
49 66
27 33
22 27
43 59
64 78
93 95
19 21
50 58
4 11
24 35
65 80
3 11
81 98
11 14
28 36
47 53
38 60
88 92
76 88
19 30
8 13
37 45
19 36
81 86
19 22
27 33
43 58
91 95
9 19
84 90
63 69
3 11
54 61
45 54
53 65
89 96
65 71
43 68
72 95
24 34
59 70
64 78
24 26
94 98
8 16
68 74
58 82
50 57
30 53
1 7
82 92
66 86
36 56
91 95
2 8
46 50
30 41
76 86
21 36
61 71
22 34
34 48
22 66
96 99
81 88
93 99
69 74
49 52
85 92
15 27
25 31
19 28
19 32
34 40
19 24
21 65
29 42
70 80
1 22
1 24
14 23
79 91
90 97
25 30
2 25
22 29
43 45
69 88
75 86
40 50
8 20
89 96
42 78
11 14
20 36
86 99
70 75
37 45
8 13
47 61
41 57
16 34
27 40
9 16
52 59
17 29
43 63
89 97
30 41
22 38
26 33
58 83
45 58
25 65
83 91
63 78
39 79
24 37
9 22
50 60
8 21
87 96
64 76
57 62
86 92
76 81
8 24
36 43
32 45
57 68
88 94
29 34
11 15
90 92
36 56
5 16
37 40
15 19
81 91
36 42
72 97
58 66
82 92
17 23
71 87
37 45
77 82
83 97
12 24
22 42
76 82
73 87
69 81
17 21
50 75
23 40
11 25
16 37
22 32
10 20
83 94
53 77
85 90
71 92
29 32
69 78
26 35
53 65
60 63
11 35
11 33
70 74
31 40
35 39
17 24
15 20
16 25
66 77
72 79
40 44
2 18
64 72
57 63
15 21
21 56
45 62
67 70
87 97
69 96
52 73
59 80
88 93
81 85
76 83
43 55
28 34
68 91
47 52
63 70
23 36
58 68
60 71
8 39
88 99
63 75
24 35
52 61
38 49
21 27
86 91
39 42
24 39
21 28
73 82
71 78
43 45
71 75
83 99
26 30
80 86
49 53
64 69
8 19
19 29
47 48
63 76
86 95
61 88
3 7
58 68
97 100
62 89
60 69
19 28
81 89
66 82
26 31
33 50
25 34
71 80
13 18
2 19
11 24
47 71
38 44
49 62
39 55
75 83
85 90
18 40
76 89
87 99
35 49
12 21
69 94
18 36
83 99
12 20
83 98
36 59
44 64
41 47
95 100
48 52
25 32
56 67
86 87
2 5
67 73
13 16
8 13
33 39
30 35
4 12
25 30
2 11
85 96
73 81
37 45
22 32
90 100
65 68
54 68
16 59
84 91
18 22
68 78
55 77
40 51
13 17
6 21
12 16
11 21
8 32
38 41
12 28
18 24
5 15
73 82
32 42
17 22
20 24
10 32
18 30
25 44
9 28
69 79
21 40
42 50
26 35
82 90
6 14
42 51
49 54
72 77
73 77
58 71
5 11
3 15
16 34
13 20
47 58
29 52
26 34
68 78
63 72
47 57
88 94
75 87
59 73
27 36
6 20
44 49
85 95
33 44
14 24
66 74
28 46
12 18
39 47
3 17
5 13
51 57
37 57
2 10
91 97
81 93
54 70
56 93
33 41
58 61
91 97
22 28
51 60
5 14
77 98
67 85
62 81
41 44
79 85
35 52
33 40
53 58
53 65
28 46
46 78
37 49
80 92
46 50
64 71
17 21
61 69
43 50
44 55
17 45
67 72
20 25
87 90
29 43
57 64
42 56
6 24
11 15
64 68
77 92
85 93
19 28
6 14
78 82
78 96
62 84
37 56
15 17
43 51
96 97
63 69
54 65
89 95
45 54
60 69
2 20
23 24
60 67
52 61
50 62
46 52
54 58
39 46
86 94
6 10
16 22
85 94
9 25
50 53
2 6
22 30
58 73
32 40
55 57
15 26
64 72
44 59
30 41
80 84
6 11
78 89
6 24
71 80
24 32
16 23
82 86
93 96
89 93
16 22
38 46
72 83
20 22
54 69
63 69
36 45
82 95
32 37
63 83
5 14
88 92
57 65
63 70
80 94
28 50
38 44
38 67
60 67
50 73
31 40
87 88
91 98
81 90
90 100
94 100
80 86
67 72
10 21
28 33
54 61
88 97
19 58
73 79
94 98
20 36
39 50
46 52
29 42
51 54
64 69
50 65
54 63
2 9
46 51
46 51
80 83
76 94
22 54
40 65
89 97
80 96
23 27
45 49
58 64
44 58
58 61
37 63
55 65
12 25
46 60
48 61
63 84
79 90
43 50
85 98
8 11
71 83
75 100
59 63
60 76
66 73
26 28
55 76
47 56
33 53
8 13
19 37
79 98
56 68
41 82
17 26
48 61
40 45
79 95
23 27
65 73
53 83
31 43
29 38
41 62
54 58
82 98
3 13
53 68
55 61
58 71
14 25
76 80
57 73
56 70
59 66
67 81
28 49
1 5
64 90
73 98
20 40
87 90
8 10
65 75
39 49
38 43
23 28
43 55
49 53
76 82
79 90
27 33
82 96
47 48
26 37
29 39
87 100
37 48
42 51
33 43
80 85
23 29
62 66
66 87
74 82
40 44
59 62
15 26
24 27
81 94
60 70
14 17
10 16
37 45
47 77
81 92
46 65
68 89
63 70
27 35
2 5
65 73
26 40
83 90
59 63
22 43
82 89
4 13
34 37
11 30
78 87
65 66
82 94
20 29
86 97
10 22
72 96
44 55
33 42
69 77
11 22
31 60
43 62
11 27
86 91
32 47
41 67
77 87
22 24
84 93
18 19
57 67
3 13
33 41
30 38
24 51
87 95
78 85
12 19
51 64
76 84
93 96
47 52
36 39
47 53
5 18
60 69
62 73
69 78
50 63
46 49
6 14
25 36
39 46
49 55
76 80
68 70
90 94
73 89
47 91
43 50
46 55
58 69
70 77
71 74
48 61
73 80
23 33
19 38
81 100
86 90
53 58
75 92
34 39
19 36
70 86
7 25
14 24
68 77
62 76
39 85
37 50
45 66
69 88
11 13
54 60
95 98
85 93
33 39
63 96
89 93
15 52
13 28
40 46
30 37
39 46
32 45
67 78
23 26
58 63
7 19
10 35
16 20
6 18
11 18
73 85
23 33
37 48
27 30
7 13
59 69
37 60
34 57
59 66
71 80
89 99
65 78
18 34
11 15
10 24
39 42
39 47
20 71
27 40
73 84
31 47
49 65
21 24
84 93
9 15
33 40
57 67
41 47
49 54
67 83
64 76
13 23
56 61
56 65
80 92
42 47
67 91
44 49
26 29
69 84
79 82
57 65
76 80
7 29
22 27
49 65
67 78
57 63
61 67
88 96
26 41
73 83
63 94
66 67
3 10
49 59
52 70
66 79
73 78
89 95
26 46
41 49
1 58
69 86
7 14
89 98
14 18
23 31
71 79
56 77
18 23
81 98
72 85
57 69
3 14
89 95
47 58
52 59
3 13
28 47
63 69
8 19
31 36
61 77
44 63
57 65
20 24
5 25
21 41
38 45
2 21
50 59
89 99
63 86
40 45
64 72
71 89
70 84
76 93
84 87
79 86
80 94
67 83
52 60
93 97
37 41
27 41
66 79
67 78
53 68
31 37
48 57
34 39
64 73
31 47
6 11
35 40
42 50
72 83
21 29
65 95
39 47
40 45
28 36
53 67
49 72
26 34
91 100
85 93
34 47
82 98
37 54
58 76
79 93
88 93
63 83
79 81
94 100
28 49
70 81
70 81
44 48
75 80
22 33
1 10
8 14
37 58
27 44
80 84
52 58
52 57
32 35
57 63
69 78
51 57
13 22
44 50
51 68
73 77
54 74
22 24
57 71
62 76
20 31
78 87
24 37
51 67
53 62
19 22
35 41
61 82
66 75
83 94
64 90
42 51
1 23
67 72
62 74
45 51
74 82
89 94
49 60
74 85
34 37
96 100
78 85
47 55
50 82
75 79
45 77
70 84
40 50
86 93
42 50
23 32
33 84
54 68
60 65
7 13
18 21
39 43
13 38
53 70
32 35
5 13
19 24
67 75
83 96
93 95
35 37
65 83
27 42
73 94
72 79
11 14
70 81
8 14
58 68
17 35
77 89
66 77
65 77
61 65
69 98
14 19
3 36
50 60
6 20
62 76
48 77
24 30
75 89
47 71
43 50
26 40
22 25
47 71
85 95
17 25
14 23
52 69
50 69
40 74
78 92
30 39
53 80
25 31
79 86
25 44
15 17
43 53
34 46
14 24
82 90
89 94
27 32
55 84
6 9
61 69
11 24
8 22
42 50
38 41
60 63
55 67
25 30
73 80
28 55
1 15
69 85
28 35
80 83
58 63
54 61
4 7
21 31
62 71
49 59
18 24
14 26
76 84
15 19
56 62
32 43
28 34
28 39
60 82
17 23
28 39
74 84
29 49
4 16
56 71
92 96
68 79
13 17
1 13
39 47
71 83
46 57
26 38
55 62
69 88
67 71
81 95
58 66
31 51
63 81
67 74
74 80
51 69
45 48
71 84
20 81
1 11
91 100
48 54
25 28
20 37
35 42
53 65
21 23
89 96
15 35
11 27
75 77
32 48
61 78
47 54
69 79
79 94
79 96
5 36
8 12
92 95
11 26
89 99
55 81
49 56
18 26
63 85
16 21
79 95
58 71
36 48
82 88
44 72
90 96
30 35
51 59
77 94
72 80
54 59
82 89
40 47
57 65
14 26
48 70
61 81
59 71
23 41
53 60
45 57
78 89
20 25
31 48
16 30
7 13
85 92
34 50
27 72
79 86
32 52
19 43
76 83
42 46
16 20
21 26
2 20
75 80
13 26
44 47
7 26
41 50
92 97
33 58
35 48
75 84
60 74
25 31
63 74
48 58
43 61
78 83
39 47
18 32
77 80
5 16
2 6
64 79
91 93
84 93
57 63
83 90
41 54
77 97
4 9
16 18
19 48
52 57
28 38
25 65
2 14
66 80
27 35
4 17
75 93
36 53
38 40
56 62
50 69
45 51
58 67
78 85
4 8
85 94
56 66
6 33
19 25
59 76
13 21
16 28
32 41
20 31
40 54
9 14
63 77
47 57
38 46
69 92
12 19
37 45
64 73
69 91
90 98
63 76
47 61
49 64
21 38
8 14
82 89
47 49
40 45
9 16
44 59
61 65
65 69
34 40
16 24
33 38
15 27
6 11
58 70
15 23
80 82
63 72
54 60
68 79
28 55
38 40
95 100
84 89
52 59
87 93
36 41
28 36
39 46
71 81
40 52
36 48
75 84
96 100
48 65
28 29
40 49
2 24
20 30
49 56
39 44
32 42
38 47
14 23
43 50
21 45
9 20
87 100
27 30
64 89
92 97
51 70
71 88
36 45
90 93
69 73
71 84
12 37
4 14
56 62
75 79
14 27
17 26
9 34
50 64
13 15
29 31
42 52
50 69
44 51
32 44
28 31
42 60
1 9
82 86
83 92
12 16
49 54
11 17
56 62
42 53
90 93
73 77
82 90
86 95
6 23
30 43
10 32
94 99
38 51
64 98
3 6
69 72
68 91
84 96
5 27
42 51
79 92
43 53
20 32
66 71
21 32
4 8
8 20
75 82
73 98
1 17
65 75
34 46
41 46
41 54
37 44
20 25
62 73
24 30
80 91
83 88
50 60
75 93
48 54
22 29
14 22
5 16
12 24
66 81
35 46
30 57
55 82
44 69
79 93
62 69
52 55
46 65
14 22
84 87
67 84
92 97
26 40
76 96
8 27
84 90
44 53
37 70
64 77
17 32
29 38
49 66
69 77
32 39
35 38
16 24
75 87
50 55
39 59
60 71
1 18
31 51
36 44
56 80
31 35
52 61
35 47
77 89
28 34
77 90
81 88
71 73
71 74
7 28
31 42
50 59
4 9
63 72
54 76
83 89
66 72
45 58
89 93
69 74
61 66
67 73
33 46
21 32
69 78
71 76
11 26
85 89
20 37
46 59
33 49
21 42
31 53
36 42
83 90
75 78
72 77
38 42
3 12
30 42
5 14
59 69
36 42
77 83
82 86
18 30
24 43
62 72
99 100
43 48
67 76
60 65
73 86
43 45
40 48
55 59
45 60
78 85
53 68
57 65
53 61
66 82
50 55
4 9
26 37
76 89
38 44
37 39
79 94
54 68
79 85
69 84
33 38
21 26
94 97
62 83
94 100
40 51
56 62
5 11
67 75
76 93
56 68
89 99
66 74
54 59
32 34
62 70
65 74
25 40
15 29
64 84
41 42
31 35
52 60
78 84
13 31
18 20
24 31
5 20
34 44
92 97
60 74
38 43
3 14
9 40
64 71
12 29
33 51
46 50
25 29
77 85
34 44
42 48
43 76
73 91
96 100
32 51
92 99
74 80
54 65
63 80
9 21
7 15
47 52
59 72
85 96
34 43
68 87
80 92
76 85
62 65
2 12
17 25
85 90
78 85
31 35
55 71
77 81
85 89
18 25
84 90
36 38
29 41
28 34
33 40
41 55
75 82
81 86
43 48
22 26
37 42
29 42
8 13
77 88
78 84
61 75
43 46
25 49
19 33
79 90
34 55
13 20
18 43
73 82
16 28
32 47
76 97
71 78
47 51
23 28
10 22
88 97
41 51
89 92
18 25
66 80
24 31
19 29
58 65
52 60
63 74
19 31
8 9
52 56
32 41
66 70
17 24
31 38
50 61
18 23
71 78
25 29
21 25
72 79
6 23
63 67
55 65
72 75
37 43
61 98
67 73
83 93
36 39
79 100
71 84
28 35
78 86
22 33
47 52
79 84
54 59
72 76
22 31
51 67
87 94
46 56
21 31
13 18
74 77
43 65
34 72
2 15
84 91
30 46
49 60
52 55
30 44
96 99
50 53
88 93
73 82
59 66
16 30
87 90
10 22
56 69
71 87
2 9
67 74
23 35
80 87
40 44
70 76
7 17
63 84
19 31
12 20
11 14
58 65
67 81
70 72
42 61
71 80
49 54
95 100
50 79
80 92
52 58
77 100
5 16
61 67
4 11
46 52
68 84
41 46
73 83
91 99
5 13
26 42
39 52
26 35
29 37
47 59
2 10
50 66
11 22
56 69
13 24
61 93
61 65
35 46
79 81
43 46
61 64
41 47
67 75
18 56
58 70
31 36
76 89
18 27
5 55
85 88
36 43
30 53
13 15
1 22
49 65
77 82
54 79
36 40
76 81
37 47
4 12
73 91
25 34
8 32
58 66
74 85
3 16
51 80
35 47
65 72
75 84
16 24
16 27
79 92
89 95
25 28
91 95
25 33
14 20
83 93
59 77
38 47
77 80
83 93
41 51
50 58
58 63
29 45
55 69
84 94
87 96
61 73
35 39
87 94
43 70
72 76
58 67
83 87
74 79
10 28
36 49
14 27
63 70
67 73
84 99
63 71
59 81
24 57
40 47
88 94
45 66
60 82
33 39
19 24
48 84
10 14
27 34
25 28
9 16
59 74
72 80
63 66
26 34
83 93
75 83
8 20
12 21
90 99
46 50
70 76
42 56
19 31
40 45
10 18
33 58
75 90
14 54
73 82
74 86
5 28
7 18
35 44
18 27
26 55
38 42
30 31
72 88
29 36
53 68
63 74
2 11
64 71
3 53
36 47
40 52
37 47
64 80
78 83
14 22
16 22
10 58
80 89
84 96
26 32
40 48
64 82
67 73
77 89
18 25
53 64
50 54
51 61
26 48
30 41
10 30
36 37
8 15
11 16
35 41
59 75
43 49
31 36
41 53
87 100
23 39
5 13
86 92
81 90
70 78
65 75
9 34
13 23
55 62
17 67
34 46
2 26
32 39
74 85
84 93
5 19
64 86
38 69
37 46
14 35
56 68
15 26
66 80
27 32
71 90
72 82
58 66
33 38
6 21
2 15
6 22
38 43
13 19
22 31
56 63
80 93
62 85
53 60
75 85
16 26
39 62
78 87
6 14
39 45
79 85
2 10
62 68
53 58
59 69
27 30
8 37
2 14
46 61
7 22
25 30
31 36
63 68
22 33
9 14
32 38
71 81
37 44
46 80
88 100
90 99
50 59
97 100
42 54
50 54
77 81
50 56
74 86
68 74
67 70
2 8
3 38
20 27
64 84
12 19
49 57
35 60
4 19
50 54
78 84
22 27
83 91
43 47
92 97
41 48
19 31
29 41
37 44
56 66
93 98
54 60
45 48
18 32
55 63
63 70
66 72
10 19
53 81
76 87
5 17
22 40
43 58
5 21
55 61
60 86
65 96
77 89
27 36
8 13
53 75
91 94
25 43
19 26
62 67
20 29
81 86
27 47
77 87
7 15
12 15
49 71
25 29
10 22
72 83
28 41
91 99
64 70
58 62
36 72
44 49
75 84
39 47
87 94
91 97
78 86
22 30
31 36
15 38
14 22
24 29
24 36
55 77
3 21
79 89
9 15
32 36
74 98
69 77
6 12
38 40
17 30
74 86
83 100
24 61
91 95
63 70
14 21
10 14
2 3
68 72
75 82
13 24
81 93
72 82
41 51
33 49
57 60
22 30
65 71
72 87
52 90
38 44
11 18
26 33
69 71
2 7
2 11
71 79
42 61
71 80
57 60
1 12
46 53
5 7
55 59
97 99
40 46
34 41
12 22
30 37
39 44
47 51
34 46
44 63
72 93
11 27
6 27
54 66
51 55
30 38
70 79
18 23
57 68
18 21
20 26
34 52
60 75
41 49
5 8
31 37
11 17
12 42
15 28
4 23
4 12
28 37
81 87
26 39
66 73
88 91
72 85
78 86
43 60
48 51
33 47
10 20
4 18
58 71
39 46
6 10
83 88
77 89
27 33
15 28
2 9
69 74
39 58
50 57
67 100
28 34
63 75
31 41
41 86
25 53
40 43
47 51
10 14
90 95
36 46
84 90
3 10
85 89
5 19
44 54
61 65
75 82
71 95
40 56
33 43
70 88
87 98
82 93
72 77
80 89
36 48
39 43
65 78
10 16
86 95
38 45
20 37
83 85
32 35
54 60
29 36
6 40
6 19
4 14
65 79
49 67
30 52
72 78
9 20
40 50
18 28
84 93
26 37
92 98
28 39
