100 20 20 12
00000000000000000000
00000000000000000000
00000000000000000000
00001111000000000000
00000000000011110000
00000000000000000000
00000000000000000000
11110000000000000000
00000000000000000000
00000000000000011111
00000000000000000000
00000000111110000000
00000000000000000000
00000111000000000000
00000000000000000000
00000000000000000000
00000000000000000000
00000000000000000000
00000000000000000000
0000000100010000000
0000000100010000000
0000000100010000000
0000000100010000000
0000000100010000000
0000000100010000000
0000000100010000000
0000000100000000000
0000000100000000000
0000000100000000000
0000000100000000000
0000000100000000000
0000000101000000000
0000000101000000000
0000000001000000000
0000000001000100000
0000000000000100000
0000000000000100000
0000000000000100000
0000000000000100000
4669
1 15
80 98
30 61
2 18
14 18
77 95
17 26
90 94
71 89
39 50
21 24
74 80
5 16
78 95
52 64
47 53
83 96
64 75
60 79
27 48
3 20
58 71
72 78
81 85
65 76
58 78
48 54
66 83
93 98
44 56
83 90
27 31
37 54
5 14
34 42
76 90
65 75
70 76
76 79
93 100
17 31
84 90
15 23
13 20
50 61
48 54
50 56
16 19
9 23
10 60
55 58
93 96
30 33
76 83
11 23
71 75
25 28
61 63
67 73
9 17
44 58
47 66
24 28
3 8
79 92
50 69
93 96
25 33
67 75
23 31
76 90
13 26
5 13
32 38
16 34
42 50
89 100
28 43
88 95
52 61
89 92
52 60
53 58
36 50
14 25
17 22
80 99
67 80
16 19
27 38
30 50
36 40
13 22
31 43
13 41
13 21
33 39
33 47
5 13
30 37
14 25
26 39
36 47
51 68
63 80
59 73
3 12
36 60
58 67
59 70
18 29
13 22
37 49
8 15
70 78
55 59
18 36
28 38
13 16
25 67
37 57
79 92
28 32
32 43
59 68
22 37
87 94
49 76
56 67
56 74
19 37
73 84
17 22
55 61
41 45
6 17
86 94
74 77
58 62
10 21
52 76
8 31
8 27
89 99
18 39
10 14
8 11
91 95
73 86
49 54
13 41
53 66
61 66
4 50
84 97
40 77
26 33
58 73
83 89
60 62
37 38
78 83
85 97
24 32
31 43
79 95
50 53
90 94
14 22
74 82
30 32
35 40
41 47
54 62
3 9
47 55
76 85
25 37
70 91
69 77
32 40
34 65
77 89
26 43
7 13
27 74
40 47
84 100
34 51
1 12
75 94
81 86
79 84
1 8
69 70
69 77
30 34
86 98
78 82
80 86
15 29
38 51
82 90
50 61
87 93
81 85
10 17
35 57
16 28
6 22
73 82
43 62
79 92
75 81
90 100
81 84
60 68
3 12
37 49
58 66
12 29
59 62
73 83
65 71
64 72
59 68
48 59
4 14
79 98
53 55
33 42
86 94
17 30
71 76
20 25
40 59
9 15
89 93
6 25
44 72
60 77
54 70
48 49
70 78
16 34
45 56
81 82
44 72
77 92
74 100
20 33
18 23
72 80
2 21
69 76
64 74
47 54
37 52
80 84
21 39
37 42
32 39
6 21
37 47
73 75
75 84
37 54
52 60
27 33
84 89
10 33
32 37
1 6
73 76
13 37
11 15
5 9
64 71
25 32
51 59
17 27
36 41
83 93
67 75
68 78
91 99
27 32
11 23
92 98
19 23
28 35
28 48
71 88
4 16
81 88
22 28
91 96
69 83
87 97
63 88
65 70
12 19
46 58
39 49
70 75
41 43
16 25
1 18
89 93
68 73
69 74
27 35
57 69
73 85
30 32
73 83
89 100
79 87
53 68
17 20
42 78
44 49
40 46
60 65
16 21
32 61
51 67
1 11
88 98
20 24
47 54
70 74
97 100
71 88
85 95
85 92
4 6
36 77
62 68
28 36
6 27
22 76
50 64
51 60
16 21
27 36
44 60
15 22
78 84
18 21
35 62
50 60
88 97
36 72
64 85
85 94
15 22
22 26
63 74
18 33
59 66
54 61
67 79
86 89
90 100
38 57
80 88
58 67
60 62
38 50
47 69
30 34
45 47
46 49
64 68
6 14
50 57
83 86
59 67
43 71
86 94
19 32
64 89
61 76
77 82
26 33
46 54
79 84
10 18
45 50
57 65
39 46
32 56
57 59
4 23
76 88
26 37
16 29
3 31
33 59
7 24
80 91
20 36
17 27
49 60
14 27
72 77
20 28
35 44
16 22
7 23
72 83
49 52
30 33
5 28
19 22
16 32
4 18
45 64
39 45
64 85
8 15
60 75
8 13
17 22
11 22
32 47
22 33
68 72
9 64
46 48
20 25
37 47
23 27
4 41
78 90
34 39
10 26
46 78
91 95
66 73
7 18
51 69
77 96
15 31
60 72
37 39
2 8
20 34
29 34
15 19
44 78
94 100
85 92
72 78
43 57
25 33
13 20
11 28
29 36
11 18
82 92
15 32
82 96
63 66
83 89
66 86
22 28
51 76
24 32
15 22
36 59
93 96
85 90
4 11
73 78
11 20
6 38
12 20
32 43
14 36
64 70
37 52
32 42
74 90
44 47
86 90
83 92
24 35
58 62
50 60
78 85
54 58
92 99
62 87
55 71
71 79
68 74
18 35
65 70
52 59
63 75
70 77
49 50
70 78
39 55
62 83
18 20
22 31
69 79
76 77
88 96
27 40
57 60
9 24
7 17
21 29
40 46
5 13
85 90
69 83
34 43
27 50
57 62
73 76
41 65
20 38
87 98
82 97
12 18
85 91
73 81
42 53
11 18
89 97
25 37
77 79
65 67
54 60
88 98
29 34
74 89
9 16
70 79
57 76
17 29
81 93
34 43
64 69
2 21
60 62
49 60
44 60
33 43
20 43
1 17
32 39
25 35
77 92
24 31
38 50
52 62
91 100
45 55
3 34
72 77
68 72
26 36
15 21
67 93
69 71
51 60
19 39
84 89
87 93
3 8
77 88
11 25
63 72
15 23
67 78
79 88
52 62
27 42
38 45
57 68
5 10
52 72
39 48
27 40
37 53
22 27
54 67
21 29
1 8
69 76
27 40
84 94
25 33
66 73
3 27
14 33
45 54
28 70
72 95
88 99
12 36
10 17
33 36
38 50
68 82
72 87
36 50
28 38
92 100
71 79
56 65
32 43
73 85
23 37
60 85
37 43
30 42
33 49
79 89
27 48
7 13
49 54
18 36
24 39
22 68
37 42
89 95
31 36
32 39
54 62
53 62
64 79
51 63
37 45
79 84
11 17
66 74
89 91
60 91
39 50
24 34
64 72
43 61
22 30
87 90
45 47
51 60
50 53
62 66
30 36
30 39
80 83
55 64
39 58
45 52
84 95
59 69
39 63
31 33
24 44
36 46
42 49
14 19
54 60
80 83
60 62
90 99
15 36
37 42
36 42
8 14
48 52
47 50
74 92
45 54
64 89
60 81
37 41
29 33
75 87
10 21
29 34
33 37
72 76
56 67
84 88
3 11
48 75
4 11
1 13
56 72
38 48
10 15
40 55
85 100
78 90
46 48
54 56
57 63
50 80
70 75
57 62
1 10
83 86
29 45
37 46
46 54
20 31
58 67
17 43
40 48
15 19
64 67
42 62
50 64
60 72
10 28
41 52
11 15
15 42
32 39
6 15
9 13
95 99
47 54
22 30
80 82
48 57
4 25
8 16
92 97
80 82
19 26
5 21
60 71
37 44
49 54
74 83
32 42
19 29
37 65
28 44
23 34
63 65
81 89
26 36
52 59
11 26
52 72
5 18
8 12
84 97
89 96
36 40
30 44
90 93
10 16
49 54
41 83
9 17
65 75
40 47
73 84
12 27
36 43
83 90
25 38
32 71
29 37
31 41
61 75
54 62
20 30
72 80
46 63
52 67
34 43
55 70
72 80
78 84
49 60
26 32
55 61
61 68
20 35
70 79
15 40
87 94
14 22
43 50
4 28
90 96
34 42
53 60
30 32
80 99
63 69
14 17
40 54
14 31
17 26
63 93
47 61
78 81
72 77
78 89
22 27
49 69
23 32
39 43
8 11
37 43
42 50
87 99
64 78
30 56
33 51
55 62
40 58
16 27
18 35
59 66
32 37
66 70
88 97
34 43
34 53
67 81
51 58
13 25
61 69
86 95
19 23
33 43
47 56
37 44
14 28
14 16
7 19
28 31
76 82
11 16
75 89
31 36
73 87
38 56
24 30
62 71
8 20
50 62
61 68
3 8
17 29
30 34
3 11
87 98
48 82
85 94
29 33
2 13
18 31
61 63
32 37
76 83
36 54
53 72
15 25
3 7
26 38
41 68
54 69
10 42
50 58
18 28
61 79
81 86
39 51
77 82
44 52
41 61
24 33
13 24
51 65
3 12
68 75
46 48
62 73
27 37
3 11
48 63
46 62
57 71
86 89
1 6
49 52
61 72
38 41
17 35
89 96
7 26
79 96
21 25
8 35
49 54
58 69
22 27
25 37
69 75
63 73
93 100
57 59
15 21
28 50
8 15
31 47
15 18
50 57
36 42
73 81
38 50
35 50
48 82
1 4
80 86
30 37
78 81
2 12
71 74
22 35
22 33
80 91
73 80
46 60
57 61
37 48
68 72
79 100
3 12
51 53
28 39
55 71
53 59
57 59
43 60
10 19
6 33
38 44
68 77
47 50
6 15
26 43
59 73
9 14
58 72
78 85
43 48
37 42
88 92
73 84
44 60
54 56
64 81
89 97
87 100
48 56
17 19
43 52
63 72
52 58
10 29
77 95
38 49
34 42
22 31
57 65
33 37
86 95
2 5
56 64
48 51
21 38
8 13
10 42
15 20
16 27
30 36
36 40
2 5
78 86
54 65
93 99
48 72
52 66
64 69
23 35
86 94
55 65
21 41
1 30
74 79
5 13
36 43
72 76
33 42
9 18
93 98
63 70
63 74
9 20
68 77
31 53
46 51
54 60
2 8
62 72
95 99
7 19
42 55
90 100
33 48
55 66
22 54
7 15
40 47
60 71
11 31
41 47
40 45
20 42
32 40
78 82
57 64
17 20
61 65
39 49
85 89
63 76
9 31
69 80
91 93
14 16
66 75
63 80
53 57
50 68
87 94
2 9
11 18
31 54
23 27
54 64
65 74
19 32
87 98
34 49
5 16
69 96
53 55
2 10
83 94
6 17
58 64
80 84
63 72
85 90
50 63
3 29
30 33
3 9
83 88
74 94
23 31
9 15
49 57
22 42
53 58
5 19
47 50
60 67
42 56
34 65
7 13
44 49
36 43
31 39
35 51
65 72
52 56
71 82
19 33
28 35
12 19
30 37
20 36
37 40
49 80
8 13
30 41
37 41
49 53
86 100
39 47
45 62
63 73
21 30
46 50
17 32
65 82
95 100
44 56
38 86
17 30
32 51
4 9
28 36
3 12
7 25
77 86
37 43
27 34
24 29
78 82
25 38
18 28
6 17
54 65
73 90
35 44
89 93
67 84
11 23
84 99
40 57
52 67
80 86
16 22
66 72
91 100
74 82
33 42
35 40
30 37
19 35
82 99
15 21
80 87
56 78
41 70
7 14
64 73
42 48
19 30
59 64
33 43
30 62
28 35
93 95
57 64
28 41
12 22
68 78
12 26
16 28
80 93
44 51
47 52
39 59
84 96
26 81
8 47
41 64
31 50
68 74
28 39
3 39
20 45
32 40
19 29
53 59
27 33
64 79
3 48
28 32
14 25
61 68
44 51
85 92
16 27
42 59
63 72
41 48
27 33
58 66
6 8
28 39
85 88
6 10
52 63
33 42
79 81
78 86
4 22
30 32
26 36
70 78
20 31
59 64
75 76
70 75
66 70
73 77
67 74
33 44
46 54
33 52
39 42
13 25
10 20
1 11
85 97
48 55
35 41
61 64
28 38
40 44
6 15
85 88
11 17
62 74
53 62
65 92
5 17
81 89
63 69
73 90
47 54
28 38
45 59
67 78
9 16
10 47
40 47
67 79
71 83
8 14
31 45
41 46
21 32
15 20
8 53
25 50
21 27
77 83
83 100
75 84
9 18
35 52
27 33
80 84
67 84
24 46
23 31
63 73
66 72
79 85
61 69
94 100
81 87
28 39
63 81
40 48
29 43
69 84
84 100
6 13
83 93
25 30
15 31
36 47
61 66
1 11
24 29
64 73
68 75
61 68
23 30
28 37
11 33
33 37
11 20
80 91
71 93
8 12
81 93
91 95
63 72
20 29
49 52
7 16
8 15
47 51
36 57
48 76
81 96
29 39
49 53
44 52
76 81
45 70
3 20
29 41
81 85
54 56
5 8
28 37
2 13
11 30
79 93
74 78
53 67
31 36
8 23
63 68
2 7
49 62
9 16
12 19
55 62
51 56
75 91
43 47
66 76
88 100
37 45
27 52
48 56
85 87
38 62
39 42
63 70
90 98
46 53
66 69
72 78
28 49
37 43
17 24
72 83
27 34
38 51
5 18
43 51
22 29
23 28
85 99
22 34
33 51
58 62
58 66
8 18
4 17
26 48
79 87
13 35
14 24
76 87
60 63
15 25
54 64
48 54
35 39
79 99
33 38
36 50
25 28
39 51
18 27
16 22
39 54
4 9
24 31
29 79
39 60
63 72
59 70
17 32
2 16
2 20
77 82
76 88
71 75
48 49
77 81
11 14
82 91
84 96
14 52
75 81
21 23
73 84
25 29
31 38
41 43
25 32
15 18
9 22
13 18
50 55
43 49
52 67
80 96
73 88
18 24
90 98
78 93
78 91
5 16
70 90
64 70
46 54
27 37
83 96
46 49
51 62
32 40
54 71
53 60
3 27
87 96
82 89
73 76
1 14
37 45
50 68
53 61
66 74
22 50
77 82
84 96
83 92
63 67
63 79
79 98
51 56
64 73
11 33
20 34
22 27
75 84
79 85
77 86
51 69
18 24
51 63
59 83
80 84
81 92
36 63
75 94
24 42
61 75
23 32
19 30
22 28
82 89
51 57
84 87
82 86
62 68
52 65
11 15
18 28
75 88
94 99
59 64
68 70
40 50
55 75
70 79
80 89
64 69
27 45
49 58
28 31
28 36
71 80
66 72
19 27
47 53
90 96
24 26
79 84
75 86
70 79
81 83
56 63
79 90
44 52
32 68
42 57
10 22
93 94
22 28
5 18
52 74
39 42
9 12
63 87
56 75
41 50
20 29
55 56
53 59
85 89
18 21
26 33
7 13
72 75
24 67
11 19
54 57
8 16
56 95
21 31
87 98
44 51
79 97
10 19
22 29
13 24
62 75
63 75
20 30
2 13
65 72
64 72
32 41
74 83
79 85
16 19
49 64
57 65
20 31
86 94
56 73
9 19
31 36
89 93
39 48
25 33
68 84
86 97
52 70
77 84
57 66
73 79
17 34
1 13
90 99
22 26
44 46
24 38
26 30
47 53
28 34
33 36
60 65
91 94
2 9
1 8
78 89
26 38
69 78
75 82
33 59
81 97
22 38
22 45
36 47
47 59
8 12
89 100
2 6
51 78
2 5
45 64
37 45
66 76
2 19
32 45
47 52
37 49
95 100
72 87
55 64
36 42
36 53
66 75
6 11
5 13
37 45
14 32
71 80
93 97
21 32
67 84
47 55
91 97
36 74
38 46
27 36
36 52
41 44
37 45
89 97
93 98
77 89
47 54
93 98
37 42
40 55
80 88
48 62
33 53
66 68
86 92
42 45
69 73
35 49
24 31
18 23
6 11
65 88
16 28
74 78
81 84
48 58
64 76
79 96
5 20
85 90
64 70
48 59
19 23
56 61
62 80
93 98
17 29
78 95
81 85
20 25
82 88
62 88
69 71
65 80
24 30
3 22
2 11
77 84
52 63
15 24
17 22
70 87
59 68
8 11
75 86
9 15
18 22
32 36
80 98
66 75
25 56
47 71
5 30
30 37
33 41
52 77
15 25
85 88
63 75
5 15
66 73
5 19
93 99
68 71
27 45
36 42
78 85
14 25
55 59
31 48
24 42
24 35
10 15
76 80
33 42
13 23
33 42
68 71
72 88
56 69
67 80
23 30
74 91
78 96
88 95
90 100
85 93
73 79
59 70
4 7
63 70
22 30
40 44
40 50
18 45
29 40
33 46
77 86
48 60
12 20
25 30
39 45
42 46
25 36
15 31
36 44
89 92
39 47
33 38
79 92
59 64
45 66
56 63
58 64
72 78
45 54
66 79
83 91
39 61
35 46
30 39
28 42
79 90
33 43
28 37
57 60
25 32
67 85
49 52
57 75
75 81
52 68
53 60
80 87
13 23
51 61
82 96
80 87
51 53
58 69
69 75
53 60
62 65
23 40
7 24
4 16
66 77
70 82
25 29
3 16
49 59
3 9
76 94
63 72
19 31
87 91
23 25
36 43
60 70
14 22
18 23
89 95
70 74
59 66
68 74
29 48
10 16
49 54
5 33
27 35
44 52
32 38
41 52
6 14
31 33
76 92
12 18
3 25
91 93
58 61
6 16
26 39
18 34
9 16
57 64
6 11
34 38
34 41
19 33
30 43
72 76
41 46
22 32
5 40
73 89
65 93
91 100
17 20
54 67
1 15
53 64
54 70
50 56
51 71
15 20
10 25
57 68
25 42
29 35
60 66
51 60
23 30
78 87
84 88
80 99
59 70
47 67
12 27
61 72
20 30
37 53
42 51
81 87
18 47
9 47
51 63
2 12
53 67
75 80
26 37
32 44
28 30
3 12
86 94
35 41
16 31
29 36
21 26
11 16
45 55
70 90
84 95
15 26
53 62
55 65
25 29
72 74
24 32
78 91
18 29
32 41
97 98
88 89
42 54
36 40
42 61
89 98
93 100
68 76
94 99
58 64
48 49
67 79
63 77
10 17
41 49
22 38
46 53
89 91
18 23
69 76
54 68
78 93
9 17
61 95
90 100
1 6
51 59
36 50
59 66
95 100
66 85
67 90
88 96
83 88
30 33
45 80
16 19
16 31
59 63
16 21
69 82
76 80
78 87
42 53
79 88
2 8
43 55
9 24
78 92
18 32
4 13
75 91
60 63
8 15
57 65
71 77
15 19
35 63
46 68
12 19
82 91
83 94
65 70
75 78
32 37
50 73
94 97
15 24
29 39
42 69
84 91
54 62
60 89
5 13
17 18
30 50
37 46
70 86
55 58
52 66
17 20
60 81
52 64
67 72
22 42
27 58
5 11
6 43
10 18
70 86
71 79
43 53
33 41
22 63
54 67
67 77
74 83
27 48
80 87
66 82
7 11
56 75
2 6
29 83
82 91
22 68
65 68
12 25
36 40
18 32
63 68
57 77
74 76
70 74
33 44
25 31
46 52
62 67
18 31
2 8
14 26
35 39
59 62
9 15
55 59
89 100
37 39
73 76
42 64
40 43
56 72
77 99
81 83
13 28
37 50
93 95
63 68
66 73
23 42
65 78
80 82
59 64
72 97
80 87
34 44
77 88
79 91
19 30
60 66
26 53
16 38
13 25
35 39
59 65
22 49
31 45
69 72
67 74
76 82
63 74
37 44
40 53
50 63
78 86
16 19
13 21
8 13
16 24
75 81
25 42
74 75
32 38
66 71
50 54
51 63
63 97
11 25
38 48
23 31
18 31
20 64
31 44
50 57
33 40
53 61
76 87
21 30
84 91
63 77
19 24
72 85
85 91
45 68
11 14
62 72
26 32
12 25
33 37
37 49
39 43
30 48
92 99
10 17
85 92
31 34
62 69
23 37
3 6
67 72
69 86
62 66
61 64
37 63
4 11
64 86
41 65
43 51
49 54
82 90
65 90
5 13
10 51
13 30
88 97
5 9
43 48
41 57
5 22
71 100
95 100
35 36
17 27
70 90
42 52
57 67
21 38
76 86
69 70
59 65
57 60
22 27
7 8
25 40
44 53
92 100
48 70
58 71
81 85
40 44
41 48
28 49
43 55
40 49
56 58
86 91
53 57
46 49
20 28
64 67
47 48
36 57
35 74
81 87
44 53
63 68
32 35
4 23
63 75
34 42
76 85
33 48
3 10
55 63
90 97
46 87
82 86
39 45
48 59
61 69
52 65
32 38
13 18
1 7
85 94
64 87
60 61
65 71
37 44
10 27
69 80
40 47
71 88
38 52
26 34
53 69
32 45
11 22
61 64
60 68
14 18
44 68
75 89
19 31
84 93
29 47
20 26
32 38
23 28
90 96
92 97
7 19
74 86
50 66
86 90
84 99
59 71
51 53
25 34
18 23
35 42
12 18
61 72
39 49
48 53
14 22
68 91
25 34
38 48
50 56
40 49
87 94
42 62
40 61
45 68
22 34
63 69
22 30
24 30
16 28
48 66
76 83
74 93
38 57
38 49
59 62
84 92
18 23
11 13
21 36
93 95
66 73
53 66
14 31
40 58
89 97
53 65
11 21
6 16
76 80
65 77
89 93
91 95
11 13
31 44
49 63
74 80
56 64
12 16
28 38
31 40
31 39
32 45
2 9
11 23
36 39
29 45
76 96
40 45
21 24
81 84
47 51
74 91
50 55
49 55
47 53
3 18
61 71
7 22
62 70
20 26
52 57
43 51
71 78
18 39
24 28
36 67
8 15
60 81
3 9
49 55
25 46
13 16
8 28
61 69
35 39
90 99
65 70
91 97
2 5
42 50
39 47
79 92
76 80
86 92
53 62
77 95
25 32
86 90
6 15
69 86
76 84
95 100
38 60
8 15
30 37
49 59
77 91
20 27
55 60
9 13
61 72
21 27
83 94
74 84
51 63
93 99
78 83
2 9
44 48
23 31
59 67
1 13
15 23
70 85
82 100
71 80
26 36
46 56
48 54
45 52
4 13
29 34
19 29
32 46
21 43
73 82
81 92
46 63
28 38
42 50
7 31
76 86
35 51
1 14
60 74
27 38
43 58
61 64
44 50
24 31
12 20
41 66
67 74
31 36
19 25
55 66
38 40
62 77
58 69
30 34
58 59
6 15
14 40
66 75
45 56
11 21
90 91
73 76
46 60
15 29
66 77
25 51
20 23
22 49
49 66
3 11
41 49
45 55
63 75
33 43
45 59
24 29
24 37
1 12
37 69
42 52
14 25
86 95
61 74
2 13
67 81
38 48
13 28
19 23
7 11
78 82
45 82
85 91
37 39
14 16
42 49
46 61
18 32
66 82
15 37
52 61
24 29
20 30
69 74
56 80
91 97
93 99
8 17
12 22
2 14
24 35
65 76
40 45
4 10
76 88
42 54
70 74
56 67
91 99
39 54
87 99
53 60
24 30
19 22
33 45
58 65
70 75
58 71
26 35
89 98
45 59
85 90
42 52
3 20
73 95
53 63
17 19
45 56
85 94
19 30
70 92
47 64
23 28
73 76
52 60
34 50
84 96
32 40
28 34
31 40
9 16
51 56
88 98
59 65
91 96
18 33
47 54
18 87
76 95
83 92
79 87
90 99
71 80
18 66
51 81
49 60
16 33
21 26
4 18
57 67
54 58
83 97
2 20
79 94
28 35
55 56
75 89
77 91
17 26
1 5
45 57
72 80
12 20
40 51
73 78
79 93
69 73
48 58
62 88
68 81
14 18
52 64
53 67
54 59
52 66
69 75
76 83
40 47
4 10
51 61
71 76
60 66
11 19
61 64
51 96
82 89
64 73
63 69
31 64
62 78
38 79
34 59
60 67
59 82
6 20
5 16
54 65
80 87
76 81
30 37
37 51
28 38
40 42
74 81
90 98
16 30
24 47
18 25
34 39
24 38
19 33
40 59
61 74
54 71
55 61
74 77
28 36
56 67
49 75
56 67
6 14
17 26
10 15
84 100
3 17
6 10
67 72
71 77
57 67
40 59
37 45
28 72
49 61
5 25
65 94
92 94
3 4
41 48
48 52
83 96
75 83
32 40
63 77
66 78
68 74
88 92
30 39
3 9
2 10
66 88
29 38
40 53
40 50
39 50
60 65
78 85
59 68
49 54
17 32
41 62
29 38
20 24
28 42
4 16
64 72
8 15
16 28
70 78
61 84
72 78
22 35
18 32
8 16
91 96
18 25
62 71
52 70
7 17
66 92
88 94
54 59
75 90
28 56
50 58
76 84
1 16
48 53
27 39
70 80
81 85
60 78
37 46
2 6
34 69
77 80
4 15
16 23
38 50
44 54
32 53
24 33
8 17
68 89
52 70
46 64
43 48
6 59
38 41
31 44
14 17
58 77
41 51
34 54
34 39
35 45
47 59
33 44
78 82
5 11
25 28
86 93
9 25
71 77
60 69
79 85
59 72
64 66
23 33
79 88
72 90
25 38
57 71
26 68
55 57
58 62
60 66
50 57
83 97
81 95
29 31
43 52
27 36
58 63
87 90
30 38
55 59
2 28
43 71
46 50
76 83
17 45
5 22
70 79
21 31
48 53
65 71
3 17
65 84
91 96
62 84
2 9
38 44
20 26
61 65
59 70
49 53
79 81
27 48
32 37
82 89
91 99
27 34
19 30
85 89
17 30
5 18
43 58
81 84
24 46
32 42
83 97
14 32
91 100
70 77
38 48
41 53
31 37
5 15
1 13
41 49
83 98
38 46
70 84
49 55
28 31
63 66
54 66
28 38
3 7
18 38
23 74
8 22
53 70
39 50
58 61
42 56
9 30
36 43
69 74
41 61
42 44
44 59
35 40
59 65
39 60
21 24
89 95
75 82
59 79
76 85
76 79
85 97
68 73
91 97
93 97
29 33
54 94
69 88
80 92
2 13
89 92
48 55
20 42
23 30
95 98
17 36
10 19
54 63
85 89
36 44
62 73
42 56
11 13
30 35
79 90
2 18
85 90
3 26
25 50
86 91
22 63
89 99
91 93
34 45
79 90
85 91
38 52
51 62
14 31
2 30
20 32
65 74
82 90
2 15
9 22
49 57
53 62
7 10
58 77
18 23
32 39
25 29
58 77
41 53
57 67
50 55
45 61
23 33
44 48
8 14
80 93
57 72
54 58
53 56
1 4
68 71
71 89
63 71
78 97
35 46
87 92
15 21
3 18
32 60
36 53
18 25
75 93
11 29
78 87
25 35
62 78
45 47
4 17
70 75
63 79
88 93
68 82
35 52
44 51
3 20
72 80
71 86
39 42
44 49
5 15
85 89
58 74
31 39
70 83
29 38
35 46
72 81
73 76
42 49
74 87
10 14
18 34
72 76
55 64
63 77
73 84
25 43
90 97
81 86
18 30
58 78
49 54
50 67
58 64
40 45
38 65
7 31
38 53
82 92
65 72
58 68
50 69
70 74
44 57
25 30
81 91
11 19
33 37
22 36
12 28
8 10
18 37
57 71
61 73
76 80
91 99
72 80
66 76
73 88
40 45
9 32
68 85
62 67
30 35
25 31
62 90
54 66
43 54
69 76
35 43
28 37
54 60
86 91
9 18
20 48
87 95
56 65
83 93
47 54
32 35
39 48
40 55
86 95
19 26
80 83
63 73
96 100
65 89
83 95
40 58
23 27
64 71
30 44
43 46
3 12
64 77
24 33
58 70
82 98
36 93
64 72
41 64
54 59
21 33
11 15
43 55
23 32
73 80
83 93
63 75
86 94
5 10
13 34
31 45
76 82
78 86
80 89
75 83
48 58
85 93
27 30
2 13
83 94
91 93
22 34
87 91
66 86
60 65
75 91
17 30
53 69
17 20
79 86
18 21
6 25
69 72
68 79
22 35
77 97
9 17
68 76
58 71
5 9
32 40
52 64
69 78
87 91
70 95
74 81
64 70
81 86
83 86
23 35
86 91
64 92
89 100
34 37
68 84
61 74
75 94
28 43
65 74
69 77
50 69
78 84
13 24
23 29
66 80
10 15
82 97
54 64
70 77
74 79
57 81
66 69
1 14
39 47
62 70
83 93
30 37
81 92
32 36
48 59
32 35
33 38
49 61
46 71
27 46
40 43
31 40
27 30
29 42
74 80
46 61
71 87
22 35
40 53
72 87
33 43
10 30
63 66
27 37
78 90
50 56
36 53
46 56
68 76
52 67
1 8
73 88
11 18
21 26
20 54
62 70
44 64
1 18
75 85
15 26
56 60
60 68
17 51
75 81
34 43
45 60
80 86
14 22
46 64
14 21
88 96
23 28
75 94
57 62
83 96
70 78
54 64
36 67
85 98
20 38
58 67
61 80
55 60
84 98
41 59
72 82
53 68
80 86
81 99
18 24
31 37
8 17
90 93
69 83
49 54
16 22
79 85
70 77
58 69
37 42
84 87
50 52
26 36
59 80
51 58
6 17
49 66
7 9
47 95
31 48
23 38
62 72
22 30
53 75
67 85
25 33
85 92
68 83
69 73
66 68
1 24
19 26
66 69
82 85
69 72
32 67
71 77
60 75
63 70
97 100
64 92
58 64
13 16
60 74
36 43
52 57
26 51
10 19
32 38
45 52
22 31
26 33
73 75
78 86
36 53
24 44
61 68
29 41
14 30
1 9
78 89
68 90
19 26
44 51
29 53
75 84
56 63
75 88
58 63
50 71
53 61
88 97
17 30
60 87
55 57
4 21
68 86
62 64
21 40
9 14
58 71
11 23
70 80
12 20
1 9
8 55
22 40
2 8
80 81
18 33
4 14
42 44
56 63
92 99
12 21
42 55
6 21
16 19
18 35
77 89
9 23
42 46
58 69
64 69
6 10
39 42
25 43
34 46
49 52
58 65
80 90
35 40
20 34
4 11
52 65
70 76
53 61
29 33
66 88
75 88
8 15
23 34
64 72
19 26
23 30
46 51
75 93
2 22
68 76
10 26
45 66
23 31
57 61
32 53
67 69
55 61
61 71
27 37
71 84
40 52
52 61
77 87
39 42
27 33
79 88
31 45
78 88
35 53
15 29
49 65
35 54
5 22
75 79
9 19
55 69
47 51
6 14
84 90
38 44
38 50
35 38
65 71
65 69
1 9
58 60
14 18
37 43
29 36
20 26
25 37
22 28
85 96
17 23
78 86
73 82
19 23
37 45
62 82
34 41
14 21
85 93
28 39
69 71
75 82
20 37
66 72
21 37
53 70
95 100
1 7
78 84
46 49
51 59
35 38
43 51
18 21
57 70
5 10
4 24
28 37
11 18
51 62
42 66
22 26
84 89
87 93
70 75
60 69
31 45
65 75
43 50
34 52
59 62
77 90
7 11
18 37
4 10
9 18
75 86
64 71
81 93
32 44
82 85
72 77
74 78
41 54
69 92
85 88
48 54
5 12
34 42
54 59
49 70
29 35
54 77
25 32
48 56
56 59
78 96
58 60
18 37
38 49
31 71
9 19
62 70
78 82
54 67
43 49
25 36
88 93
6 10
52 58
36 39
27 41
37 45
76 83
32 44
18 24
20 22
50 54
74 84
62 69
49 72
46 59
41 51
77 79
40 43
46 62
40 45
72 77
27 41
59 68
24 26
66 69
3 17
56 61
15 71
13 32
18 28
33 48
16 19
84 95
43 46
83 90
32 72
52 70
5 19
16 28
64 82
68 76
28 46
43 64
71 78
87 99
60 80
86 91
85 92
22 45
15 18
56 62
55 60
31 39
37 52
6 18
79 84
8 17
37 56
11 29
72 78
88 94
14 22
3 12
13 22
10 19
63 70
84 88
86 89
62 73
49 58
28 47
53 58
46 52
71 83
82 92
80 87
70 94
54 59
52 60
44 52
28 34
40 49
79 87
17 43
42 60
64 75
49 53
18 26
62 76
93 98
71 82
40 48
37 42
2 15
72 92
91 96
10 15
2 10
81 88
81 90
93 100
59 74
71 79
88 95
2 18
10 25
75 82
52 64
42 47
55 74
79 96
71 81
1 12
52 68
14 27
21 39
77 96
32 35
8 20
1 13
93 95
53 60
85 92
26 44
11 23
31 51
14 37
22 38
9 14
35 40
18 36
20 49
89 93
46 51
12 32
15 40
56 76
35 38
85 88
87 89
32 35
10 28
16 19
51 66
24 31
80 92
22 26
80 98
25 35
68 75
94 98
77 82
58 74
62 68
64 72
84 90
82 87
61 70
67 69
69 77
44 53
9 28
51 60
68 74
72 79
2 32
28 42
31 38
71 75
88 97
59 98
9 16
43 69
74 85
5 30
75 87
3 13
64 75
92 99
25 37
41 53
49 66
79 84
35 45
90 96
5 30
64 67
91 93
82 92
59 66
73 98
62 65
42 57
27 45
38 50
60 75
20 26
59 65
84 86
47 72
38 40
34 49
54 59
61 69
26 33
25 72
12 14
34 53
23 35
72 83
5 17
25 55
77 83
53 72
62 72
64 85
56 68
72 75
30 38
28 42
44 57
31 40
86 99
74 82
68 85
58 84
75 99
7 50
54 73
53 82
66 72
20 26
4 45
38 42
14 19
63 81
60 69
53 63
16 20
55 60
43 47
15 24
34 41
59 72
67 90
24 37
5 8
87 93
86 95
81 86
19 25
82 95
53 59
87 94
15 19
3 23
82 94
74 95
30 41
46 68
3 10
27 34
63 70
23 31
22 25
36 47
35 51
65 75
24 29
3 26
24 33
59 67
89 98
76 88
84 94
87 98
91 99
83 89
6 22
56 81
32 40
61 68
88 98
31 40
90 99
42 55
82 88
12 32
73 86
15 38
13 16
19 28
13 15
76 87
42 47
19 24
60 71
43 50
19 24
89 99
44 54
83 96
75 87
1 6
13 20
6 12
43 50
2 10
36 61
81 94
45 56
43 47
57 80
54 64
5 11
93 96
18 55
60 68
19 29
13 37
76 80
62 71
74 97
83 92
61 77
37 73
58 69
80 84
35 44
88 94
48 54
70 82
48 64
6 17
65 94
72 74
44 50
69 89
41 56
6 23
58 66
49 64
82 86
19 25
88 94
31 40
69 86
42 49
61 98
68 80
36 44
12 24
81 94
9 38
11 26
22 28
45 52
37 47
53 58
49 62
51 61
89 100
39 47
90 92
37 88
45 50
90 98
38 43
25 53
57 63
79 85
8 34
30 34
17 30
22 23
52 56
74 87
1 23
6 13
13 22
38 43
33 35
5 30
19 24
77 94
34 60
91 99
35 47
82 84
23 36
10 15
27 39
39 47
31 35
50 68
31 42
75 77
46 50
2 20
52 66
2 11
34 35
86 90
3 13
56 62
66 70
2 18
76 92
13 20
22 25
12 17
55 65
76 82
5 21
58 66
4 15
8 40
21 35
22 37
14 22
19 47
64 68
68 77
4 23
88 89
57 67
61 73
84 94
56 87
25 30
73 91
87 94
47 58
20 39
16 25
70 73
7 10
49 60
23 38
55 67
8 10
23 57
82 92
66 79
19 32
34 44
90 99
73 87
70 80
44 52
23 30
79 97
15 26
65 76
56 64
48 75
6 21
30 37
80 85
70 76
51 58
39 74
93 96
21 26
69 81
82 95
18 25
41 48
71 74
58 69
51 68
58 80
81 86
82 93
29 34
5 23
34 48
73 83
37 44
72 81
81 98
29 46
48 58
48 57
21 34
15 22
46 54
66 69
32 39
53 62
8 13
25 30
28 38
3 12
77 98
38 48
86 95
36 48
31 36
27 41
78 83
83 94
60 84
50 60
79 95
58 68
15 29
75 82
76 80
40 50
59 72
78 85
58 64
62 65
24 31
65 71
35 39
45 50
34 46
49 50
16 30
64 73
23 43
14 49
51 56
82 90
16 22
97 100
66 76
7 18
9 16
85 93
33 56
57 78
42 51
31 42
72 77
5 22
61 68
76 86
40 48
53 65
8 19
6 27
36 57
23 27
65 75
44 46
77 81
19 25
23 42
15 19
13 25
69 73
45 89
79 82
83 87
36 40
31 35
1 5
67 86
26 30
56 63
78 95
4 25
7 12
13 33
8 17
34 47
3 30
89 93
36 40
6 31
78 90
69 87
60 69
32 38
19 29
26 33
76 82
17 61
71 77
11 27
6 15
14 22
65 73
12 28
87 97
49 53
6 12
88 91
7 14
96 98
5 20
90 95
63 78
48 54
36 48
48 51
13 42
41 47
14 37
75 80
77 80
47 52
49 60
3 11
30 36
14 37
76 87
25 28
18 28
66 69
2 11
22 54
38 50
43 52
79 95
49 64
4 28
62 66
82 90
1 15
58 68
73 79
83 86
74 80
74 81
87 93
31 51
88 96
39 63
55 62
3 17
17 29
3 12
27 33
29 50
74 84
15 23
45 58
24 32
53 91
33 52
7 20
20 26
2 15
43 51
34 43
29 35
55 65
61 93
26 37
66 74
29 36
94 100
28 42
12 28
28 88
53 76
70 90
62 66
42 55
68 76
80 100
17 24
92 100
51 59
30 33
51 60
87 100
10 22
7 26
79 86
70 73
93 100
5 19
84 99
43 67
33 44
64 84
42 52
40 42
65 72
36 41
97 100
62 73
52 60
36 46
20 49
38 53
85 88
3 10
66 85
39 44
6 19
39 47
45 54
17 27
21 29
24 42
10 14
6 15
33 37
36 43
1 13
70 80
86 97
64 76
62 70
18 28
40 49
10 20
82 90
62 65
47 54
22 49
72 76
68 75
22 36
31 33
58 71
38 47
92 99
31 49
42 56
15 39
37 46
15 30
48 65
91 97
15 23
1 14
37 39
44 47
37 58
77 88
11 19
32 38
46 80
13 27
26 39
83 88
32 40
73 79
16 23
6 29
66 82
1 26
85 98
13 18
17 32
35 45
17 28
45 51
85 98
14 76
20 30
71 75
89 98
71 74
55 68
90 98
9 20
9 12
42 47
66 72
60 69
62 70
47 50
50 60
13 17
71 74
1 6
71 76
72 76
91 100
79 84
36 48
23 26
77 82
35 41
23 30
66 68
61 70
78 97
47 59
27 45
88 97
30 41
87 91
83 88
66 72
16 25
70 76
20 24
10 22
54 99
47 59
31 35
81 85
85 96
37 49
49 56
56 60
61 72
48 55
79 81
78 94
70 77
5 11
4 16
22 37
70 75
14 32
9 19
22 25
52 66
23 32
84 89
87 97
66 71
9 17
67 79
87 93
41 47
41 46
78 93
18 29
15 18
32 39
36 55
14 22
42 56
43 51
71 84
35 49
60 64
13 18
15 31
57 63
34 39
52 61
92 98
15 20
3 5
11 28
26 29
64 75
35 80
36 44
58 67
42 59
17 52
21 26
48 51
8 15
64 69
13 17
57 70
44 49
71 77
44 54
19 29
64 73
67 72
94 97
4 10
11 16
82 88
7 19
22 26
75 84
24 36
22 32
62 65
10 17
16 38
33 38
15 25
78 97
38 43
29 41
58 63
52 59
48 77
74 79
31 39
12 32
20 31
32 45
47 69
55 63
36 53
35 63
15 22
25 79
80 85
15 33
68 80
25 41
31 57
26 47
72 81
73 81
57 67
22 38
79 90
68 77
75 98
80 88
44 62
48 67
76 85
53 70
81 94
24 33
31 42
23 27
70 76
54 60
41 48
8 19
33 38
6 19
33 41
69 81
21 25
46 53
43 49
24 33
3 16
53 60
73 80
4 6
45 47
8 23
62 71
2 9
24 30
25 32
27 32
54 62
19 27
43 51
20 23
12 19
9 17
33 43
64 79
19 26
78 99
92 96
66 68
32 41
69 91
27 33
47 60
14 27
60 70
49 66
7 23
12 21
45 51
58 72
3 10
3 19
21 35
73 77
37 48
88 94
77 87
16 19
31 46
22 25
78 93
5 16
52 66
16 25
55 59
53 59
18 28
45 50
50 63
44 46
80 91
64 68
72 79
70 88
23 39
75 96
89 93
21 24
15 26
93 96
38 42
63 73
52 64
84 91
79 93
51 60
38 41
70 76
83 88
89 96
34 40
39 45
44 49
22 29
3 9
70 87
11 28
15 19
47 54
3 11
23 39
76 81
7 12
45 53
52 62
44 49
5 10
13 31
24 29
59 73
54 58
44 60
7 13
68 81
57 64
84 89
51 54
59 62
35 42
17 27
72 81
44 48
32 45
53 59
74 80
19 29
5 41
26 33
9 26
97 100
22 32
18 27
46 56
41 54
21 30
88 100
45 46
24 30
14 27
45 52
21 34
23 28
81 94
28 35
24 41
4 10
5 14
23 43
26 38
83 89
25 30
28 36
23 24
55 66
9 16
86 91
17 22
65 70
42 49
26 55
60 71
67 74
38 41
34 45
45 56
24 37
43 56
31 35
93 100
20 26
43 50
70 81
24 29
92 99
86 95
2 14
46 56
72 89
17 31
79 88
74 84
37 51
38 47
68 87
41 51
10 16
90 97
29 34
63 73
80 86
10 15
82 94
33 37
70 74
82 91
89 93
47 57
23 30
44 53
23 32
69 85
46 60
62 76
51 60
71 80
37 44
74 90
34 38
12 26
16 21
55 73
75 78
8 26
40 43
65 72
91 100
88 98
3 6
8 22
47 57
30 36
5 15
39 48
27 32
40 55
52 66
42 47
20 32
4 7
18 29
67 78
71 81
70 77
87 95
41 52
60 66
63 67
1 30
18 31
30 41
15 21
4 9
93 99
32 40
56 64
45 56
82 93
82 86
53 57
54 65
6 33
64 76
2 16
80 86
39 45
31 44
2 6
44 52
18 26
8 22
45 52
57 75
12 32
36 42
84 95
8 42
12 27
27 40
91 94
53 61
41 56
80 91
33 48
24 29
69 75
35 40
57 60
25 32
63 66
53 59
17 42
75 83
19 27
37 51
52 65
76 100
85 88
8 29
28 37
34 45
17 25
75 81
22 37
29 43
93 99
68 71
3 22
32 51
82 89
27 32
64 66
52 55
25 59
21 30
48 54
18 44
58 61
93 100
49 58
44 54
69 81
68 82
39 67
88 94
13 21
42 45
68 87
16 30
37 42
60 67
61 71
49 54
42 65
79 85
61 68
50 78
84 93
69 78
33 45
70 83
55 85
21 30
36 49
27 34
69 81
13 26
41 49
65 82
37 60
32 39
77 86
43 57
85 97
49 52
1 8
54 69
26 34
68 82
64 73
7 11
1 8
19 53
91 93
48 57
80 82
13 30
3 9
37 46
29 38
15 21
84 89
67 83
9 18
37 46
27 34
32 37
88 91
19 25
94 96
12 24
9 24
59 72
33 48
50 83
39 54
15 21
58 64
71 77
20 32
40 49
39 59
28 33
29 40
6 15
89 99
34 54
42 52
4 10
21 31
76 81
21 33
35 43
2 16
77 86
21 27
11 18
90 95
55 58
36 53
60 67
89 98
37 52
10 59
12 16
17 26
3 31
71 87
7 21
4 17
71 85
16 33
39 46
65 76
66 79
7 14
45 55
58 66
22 35
79 88
3 5
29 32
10 28
27 54
21 34
8 39
56 65
58 66
21 31
57 67
