100 20 20 12
00000000000000000000
00000000000000000011
00000000011011000000
00000000000000001100
00000000100000000000
11100100011000000000
00001110000000111000
00000000000100000000
11111111001000110011
00000000011000000000
00000000001111000111
11001100000001000000
00000011000110000000
00000000100011001111
11100000000000001000
00001000000110000000
00000001100000011000
00000000000001100000
00000000000000000000
0000010100000101000
0000010100000101000
0010010000000101000
0010010000100101000
0010010000100100010
0010010010100100000
0000010001000100100
0000000001000100000
0000000001100100000
0001001000100100000
0001001000100100000
0001000001000100000
0000110000001000000
0000101100000001000
0010001000010000110
0000000000110000010
0001000010100000000
0001000010100010000
0101010010100010010
0101010010100010010
4936
87 95
59 71
32 34
86 90
6 15
19 26
44 56
63 69
61 70
33 39
82 91
24 29
87 97
90 97
12 18
10 21
14 24
2 9
62 83
63 81
31 38
9 23
74 78
13 22
34 61
88 93
52 64
42 50
48 62
13 20
58 67
12 16
19 25
42 52
44 61
24 40
82 92
80 96
37 49
2 32
75 81
16 38
89 97
63 73
84 92
87 89
23 44
22 28
24 32
47 58
23 33
61 76
37 49
47 52
18 22
58 74
42 59
70 82
48 66
50 70
38 41
42 60
73 78
62 67
53 57
4 15
18 26
90 99
20 28
43 45
47 54
92 99
57 64
18 28
56 66
50 52
13 18
3 9
26 41
36 41
30 40
30 39
86 94
84 97
70 71
50 83
90 99
27 32
30 33
3 10
10 17
47 57
74 87
62 68
18 29
57 76
32 41
30 34
3 6
24 39
66 82
28 33
45 91
39 44
32 54
6 25
28 48
29 38
46 63
20 31
81 95
40 49
76 81
2 11
74 82
89 94
11 19
41 51
92 99
58 67
15 17
52 58
55 59
69 71
35 53
38 51
47 72
79 98
24 46
30 41
55 63
4 7
86 92
76 89
93 96
31 35
80 89
40 58
45 51
85 91
70 71
72 82
17 27
36 51
28 39
77 79
22 33
93 98
4 9
82 91
84 91
49 55
88 96
14 23
15 23
7 12
22 32
35 46
9 26
45 49
46 60
1 21
73 82
27 31
36 41
80 89
28 32
9 25
91 98
61 69
73 77
50 61
79 83
26 44
34 52
81 95
50 64
82 86
18 19
65 70
19 32
74 85
40 61
26 47
17 31
33 71
50 68
52 57
33 40
78 83
73 99
64 67
40 51
80 94
43 80
23 54
37 48
40 45
78 85
22 38
56 75
87 95
82 84
85 93
68 81
15 20
55 73
32 39
39 52
67 74
20 48
9 22
94 100
1 22
1 46
43 46
28 57
77 81
79 89
79 87
45 54
36 45
45 55
46 53
78 82
22 37
92 100
5 8
31 35
3 23
66 74
88 96
5 13
59 64
46 54
59 75
12 39
51 58
49 60
24 54
37 58
3 17
18 29
54 58
51 76
60 69
59 69
5 19
93 98
37 43
34 40
89 96
28 33
71 84
35 44
69 77
11 31
21 30
36 47
3 17
26 35
57 63
28 35
27 35
23 41
1 28
54 78
10 36
56 61
49 57
48 53
92 96
69 82
41 48
56 60
65 77
75 87
28 40
13 44
73 85
17 31
32 34
32 36
83 98
19 23
83 87
94 100
86 93
29 36
62 68
67 83
38 45
40 43
34 76
22 32
50 54
89 100
76 89
24 38
1 8
12 17
63 80
34 41
14 18
59 64
20 31
47 50
51 65
2 7
11 18
77 96
67 78
32 33
36 40
72 78
31 39
5 15
67 75
76 80
73 75
95 98
28 31
86 95
28 37
70 88
56 78
40 43
33 56
40 50
23 34
3 15
52 58
42 46
51 62
81 87
60 64
27 36
38 52
51 75
74 79
57 65
9 31
2 7
72 91
59 62
58 65
41 68
57 66
86 99
89 97
77 84
75 86
79 89
9 20
22 39
39 43
9 25
25 35
30 34
44 53
56 58
65 73
27 47
59 71
16 31
59 68
51 64
1 10
83 91
22 40
48 86
36 49
57 63
41 71
67 73
57 64
43 56
74 96
48 62
72 77
50 56
17 40
60 74
48 57
51 53
18 22
37 47
44 63
67 73
36 47
29 35
42 53
90 95
76 95
57 64
70 79
83 93
16 40
64 81
24 33
36 43
75 84
37 42
75 81
77 88
37 48
63 84
55 91
15 21
87 90
73 90
1 17
24 34
4 16
11 19
1 50
77 79
74 97
46 72
61 65
53 81
52 60
54 64
82 94
85 89
67 73
59 71
81 95
38 59
10 15
54 77
77 94
25 30
23 28
40 47
45 53
26 59
70 78
83 94
32 39
82 92
55 66
60 66
8 24
60 72
7 12
10 19
63 66
50 53
47 55
11 14
30 37
17 25
11 18
81 86
31 34
12 32
73 80
87 92
67 74
57 69
2 6
75 81
32 45
22 58
21 29
23 28
2 11
25 44
49 56
29 35
18 23
2 22
28 61
23 30
43 48
13 25
27 32
3 39
68 77
11 26
72 88
93 99
34 51
32 38
33 44
7 16
62 71
6 15
39 50
58 71
58 65
41 80
32 63
32 51
80 91
20 28
72 84
10 36
37 44
54 58
22 29
31 45
75 83
79 84
27 31
28 51
84 94
39 51
69 78
50 57
41 48
15 19
29 34
23 27
40 92
58 61
57 71
54 58
72 79
89 99
70 94
57 72
79 84
38 55
59 93
74 82
33 53
51 67
72 80
16 26
62 75
22 31
36 46
84 87
3 6
9 12
36 46
72 77
12 21
6 12
23 41
6 9
11 20
2 23
53 76
72 76
40 51
30 41
36 43
71 84
51 74
44 64
81 89
39 49
58 81
54 67
47 62
31 49
45 68
33 40
28 43
54 66
77 81
1 9
23 57
53 59
26 37
30 62
53 58
5 24
5 16
55 71
69 88
57 61
49 53
32 42
52 58
24 45
73 77
60 72
28 33
4 14
81 94
20 45
75 84
73 80
38 54
23 30
31 44
23 27
74 75
14 29
24 35
74 89
8 15
5 13
54 61
25 31
41 45
35 49
60 68
45 54
73 79
79 93
5 9
87 98
51 63
21 32
11 29
88 93
52 55
16 63
31 48
2 9
13 36
56 62
56 60
60 72
39 47
11 76
74 79
82 96
54 62
54 71
16 31
56 61
94 100
19 36
71 73
38 58
2 33
67 96
74 87
38 41
45 64
39 50
11 24
50 84
74 99
39 46
17 28
18 51
19 35
1 5
36 47
41 54
82 92
58 68
85 93
65 72
14 28
43 56
39 50
62 95
64 78
17 42
28 43
39 56
6 12
13 37
18 26
26 29
53 63
30 40
67 83
4 23
31 39
77 85
62 68
6 14
10 23
41 45
87 99
47 64
62 80
22 25
40 50
20 28
65 72
32 42
7 17
18 28
57 68
23 37
67 82
12 40
36 42
54 64
51 65
41 50
32 36
70 96
2 53
84 95
38 45
59 66
12 19
73 86
79 85
59 66
27 31
50 58
12 39
44 53
41 49
38 43
34 51
72 92
64 66
44 66
1 9
95 100
38 42
45 55
63 74
76 80
13 17
28 32
11 22
49 55
33 42
90 96
33 45
22 49
28 36
34 49
87 92
8 16
62 74
26 28
8 13
91 95
21 27
67 75
79 99
85 89
64 73
83 96
54 64
91 98
28 39
21 30
64 76
77 85
53 73
57 89
10 25
24 26
91 93
84 90
17 23
32 35
10 18
26 39
17 26
98 100
87 90
12 15
75 86
16 26
53 66
5 12
62 70
26 34
69 77
6 21
27 32
38 50
60 65
20 26
41 52
7 11
52 62
60 99
34 42
31 45
1 11
74 79
42 54
70 75
42 63
5 13
24 50
33 43
10 19
26 33
69 78
47 71
63 71
9 29
20 29
45 54
45 48
77 92
61 67
19 28
2 8
24 36
78 84
73 83
28 38
88 94
86 95
17 27
59 62
50 56
57 62
56 68
24 50
43 68
80 92
62 69
58 64
74 78
42 46
21 34
75 78
29 41
51 59
29 43
47 50
15 26
3 9
54 56
82 100
20 39
45 57
48 74
46 53
70 76
8 16
58 68
82 84
38 49
49 59
94 98
47 56
2 6
14 29
45 70
20 23
51 60
68 74
95 99
59 79
6 38
35 41
78 87
13 34
49 53
4 20
46 74
24 28
33 38
64 70
85 93
81 90
5 26
41 48
25 34
11 20
39 45
62 78
10 20
82 93
25 30
3 14
52 57
73 84
29 39
49 59
7 13
52 67
35 51
35 41
25 31
79 85
90 99
14 21
31 41
70 79
3 21
31 34
30 49
58 74
79 84
60 69
61 69
90 99
10 27
56 58
1 24
12 17
76 91
65 68
16 19
57 60
84 86
13 30
84 95
38 42
28 36
70 75
28 32
29 38
44 49
72 89
57 70
60 81
70 76
79 83
50 58
73 76
17 22
41 45
4 11
67 78
54 62
40 56
42 50
56 71
81 90
30 39
43 47
27 32
30 36
88 97
60 76
13 22
17 18
11 19
87 92
86 91
10 32
49 52
79 88
43 52
1 13
49 71
98 100
64 72
17 24
89 93
64 81
66 73
3 7
1 13
90 97
27 36
84 89
70 74
74 81
16 31
29 54
24 35
25 29
35 42
18 26
94 100
83 95
53 72
50 54
67 74
53 64
47 57
84 96
5 15
48 58
18 34
67 79
60 64
43 62
20 27
61 75
27 31
36 48
28 37
76 95
11 23
74 96
47 54
50 58
48 56
33 36
72 78
56 78
69 73
18 35
69 77
1 8
22 29
47 49
56 61
87 91
21 23
20 29
21 31
55 64
85 91
85 87
74 92
81 89
69 80
53 59
1 12
22 44
27 32
67 72
45 52
81 93
57 63
13 34
5 10
64 71
3 8
5 13
24 29
89 100
86 94
72 74
40 46
90 94
55 63
15 21
85 90
7 12
44 49
85 98
31 51
87 90
27 29
61 67
59 75
69 78
72 76
10 22
44 53
10 25
71 83
81 100
70 79
4 26
38 48
47 54
89 95
61 75
51 66
76 84
90 96
57 77
79 94
18 28
79 85
37 43
24 32
45 62
28 33
82 86
44 51
43 57
22 39
74 82
26 43
61 83
72 86
4 12
28 46
17 32
63 77
59 67
43 54
75 80
51 52
46 53
69 93
25 42
92 100
45 59
6 10
96 100
27 39
60 81
12 24
78 85
6 18
77 83
2 12
13 20
52 59
44 59
83 87
83 86
25 38
51 55
8 18
56 64
1 19
37 52
83 93
23 35
53 56
2 17
1 13
43 48
2 12
62 78
2 10
61 66
31 36
40 52
88 92
57 67
69 78
88 94
46 71
63 69
73 86
33 64
62 73
92 98
84 98
46 60
41 61
24 31
64 73
91 95
30 37
52 57
28 37
73 81
33 47
82 93
38 45
69 93
36 47
47 65
60 66
86 90
66 74
7 15
49 60
73 81
24 35
25 37
22 29
16 21
39 43
64 77
52 55
19 35
22 33
73 85
70 76
38 52
27 35
48 51
21 38
68 71
42 50
89 100
49 53
42 56
35 42
41 46
40 52
39 45
57 73
21 32
82 93
2 4
62 76
88 99
3 8
82 87
13 16
22 52
78 83
78 81
7 15
23 33
4 9
87 95
41 53
88 98
62 73
38 51
72 85
55 79
25 34
84 88
79 88
66 73
32 50
19 26
39 60
13 29
5 21
64 69
3 12
66 83
13 20
63 80
57 63
73 93
48 55
86 94
90 96
93 98
13 24
33 44
19 25
34 38
20 30
52 73
9 11
80 91
62 76
7 15
50 66
55 75
30 34
9 17
45 53
83 91
31 40
6 25
43 48
61 70
59 68
42 47
3 30
58 88
85 90
70 78
1 7
91 100
7 22
25 41
31 43
49 50
79 81
2 13
65 78
37 52
22 27
45 47
46 50
45 53
7 36
21 41
6 13
21 74
7 15
85 88
69 74
37 41
43 57
82 99
42 50
60 90
51 60
2 8
30 50
2 28
56 73
13 30
6 36
37 63
18 23
19 24
84 92
63 75
36 49
66 76
7 10
35 48
39 50
49 56
64 86
64 71
48 58
12 21
8 34
46 60
31 38
68 72
93 98
98 100
79 86
24 36
46 64
43 45
84 93
52 63
51 58
76 91
15 21
2 10
42 43
84 92
33 41
6 14
64 68
25 30
44 50
69 92
80 84
50 58
52 59
7 30
9 15
61 69
78 89
35 56
26 49
32 35
74 81
85 94
76 87
80 83
13 18
58 67
40 50
86 96
79 85
80 85
37 54
77 80
75 85
14 23
23 30
32 42
6 24
34 46
60 76
70 90
71 100
39 46
22 25
91 97
52 71
30 49
16 21
7 13
77 82
65 73
40 49
75 88
87 89
10 29
9 16
82 84
57 72
56 88
72 77
93 97
44 50
24 33
67 77
22 30
87 90
36 47
91 94
31 36
72 75
87 100
23 28
25 28
5 14
57 68
23 31
73 81
47 58
63 66
14 25
52 54
33 57
56 60
51 71
66 74
23 50
73 79
21 29
47 60
58 64
84 91
6 14
28 34
17 28
70 76
72 82
6 11
36 41
66 81
5 8
51 66
10 23
74 87
56 58
18 36
69 75
14 15
57 59
77 81
88 93
87 93
36 42
31 38
46 56
16 20
34 37
52 61
87 93
71 87
85 92
32 49
3 29
45 57
39 49
32 41
25 37
34 43
11 17
15 31
86 90
69 75
55 72
66 79
80 94
29 46
76 93
40 53
63 75
79 83
81 85
12 17
80 88
4 23
15 21
52 57
81 97
32 47
53 69
34 38
67 70
29 35
2 8
78 81
51 59
65 77
61 68
52 74
68 83
77 85
77 86
8 39
8 17
2 8
27 67
35 45
76 87
57 66
64 74
7 19
59 66
88 95
56 59
48 59
43 54
62 70
57 61
47 55
29 39
79 88
62 94
65 73
26 35
49 71
23 42
52 61
23 32
42 46
40 45
45 64
9 13
18 28
4 9
47 50
31 54
86 96
21 25
17 44
87 94
32 37
46 50
14 23
8 15
18 22
37 46
10 21
21 28
23 36
37 59
27 56
37 58
41 70
4 14
20 37
27 52
57 69
42 73
7 12
73 83
39 51
46 59
34 62
40 66
2 7
6 33
16 28
19 22
90 98
9 17
39 44
33 50
6 13
72 76
20 24
53 63
28 50
69 81
80 84
6 34
20 64
16 25
36 38
11 19
30 76
68 75
33 43
51 63
79 84
75 88
48 62
82 93
5 21
82 87
39 49
3 8
71 76
29 40
2 10
92 96
83 89
2 22
45 46
36 52
70 80
17 25
43 48
16 76
37 47
74 87
18 20
81 85
64 77
23 28
86 99
4 9
63 83
29 32
13 17
70 80
32 42
85 98
42 46
87 93
40 59
72 82
76 100
80 89
66 80
19 24
63 73
20 33
5 10
65 72
7 18
41 47
7 14
84 96
69 75
30 44
19 22
26 50
7 20
29 37
36 52
70 89
27 38
66 70
37 51
28 33
85 94
94 98
16 27
28 36
59 73
40 49
17 18
60 67
60 72
9 14
27 45
12 16
59 75
7 18
71 82
2 16
50 53
82 93
49 56
70 86
2 12
60 74
69 74
36 39
53 84
31 47
70 76
2 7
46 48
24 46
39 45
44 51
52 64
4 13
20 34
74 82
9 18
52 69
68 75
76 80
2 6
37 49
47 51
78 85
16 38
1 11
33 61
7 15
79 87
31 49
52 58
47 57
14 32
14 26
50 76
26 41
3 13
53 75
10 25
47 54
7 12
15 18
37 55
70 75
53 59
53 69
82 89
59 69
84 92
51 61
86 94
37 56
53 57
35 44
1 17
62 84
30 46
62 71
46 53
55 65
57 61
32 43
41 61
40 57
4 8
27 32
86 92
85 88
31 38
44 52
79 90
62 67
73 88
80 100
26 32
68 79
29 50
24 30
52 53
79 84
45 51
33 50
31 41
27 39
38 43
43 53
5 19
62 68
14 17
73 76
42 44
38 48
41 49
25 39
65 68
16 24
5 13
80 87
71 85
10 24
13 40
35 49
82 95
24 34
98 100
56 64
17 27
7 26
83 90
43 52
32 39
17 34
41 54
71 73
54 61
73 85
46 60
15 26
86 97
25 34
14 45
17 28
53 62
45 51
27 31
41 46
52 62
17 19
40 51
88 94
38 52
53 62
57 70
58 61
7 12
4 23
17 30
87 95
13 19
23 42
80 86
32 40
63 68
52 56
45 51
4 7
25 53
13 24
66 76
30 43
65 70
13 45
10 27
50 56
24 32
63 72
36 43
62 73
58 86
92 100
36 38
77 81
91 93
4 18
73 84
3 14
75 88
13 17
60 71
69 83
79 92
75 89
38 48
79 95
88 95
4 12
73 84
78 84
79 87
41 53
39 42
74 82
8 14
43 49
71 78
20 46
71 75
5 9
84 88
13 29
91 97
27 32
6 14
93 96
54 60
68 74
88 99
47 64
44 58
62 74
30 33
83 90
47 91
39 49
75 84
24 32
89 94
21 29
16 28
73 90
13 25
16 35
74 81
57 68
45 57
62 71
49 65
58 73
60 67
73 87
57 65
38 44
60 71
7 43
72 90
11 17
67 77
76 82
75 83
52 60
86 89
85 95
36 46
51 58
66 99
40 52
51 68
45 48
15 32
19 24
29 39
75 88
25 35
7 11
85 95
19 55
92 99
16 28
12 24
62 74
92 96
72 83
9 24
39 43
28 33
56 61
41 56
73 80
80 84
38 47
31 36
59 61
81 95
84 92
66 69
83 92
67 81
34 57
85 91
8 11
87 96
38 42
17 20
42 48
59 64
25 51
66 84
2 11
78 87
39 64
21 35
32 64
56 63
90 99
50 58
23 35
31 50
62 74
90 100
49 75
45 70
68 83
49 53
88 96
32 41
38 44
93 100
10 15
56 57
60 62
71 81
40 46
23 42
77 81
14 20
83 87
44 83
63 70
54 58
45 54
37 47
59 61
24 46
24 33
58 71
45 55
54 64
45 54
62 78
43 53
92 100
40 48
45 56
82 86
31 44
32 55
7 19
38 46
3 7
36 54
62 91
42 51
45 55
27 36
5 20
14 20
48 70
93 97
79 95
19 34
64 69
53 60
53 57
37 43
38 41
21 30
15 32
10 16
82 84
75 85
25 48
55 66
67 83
38 46
21 34
44 47
65 73
74 82
5 13
35 45
93 100
16 27
52 63
29 44
40 60
43 50
58 71
85 96
32 40
16 50
84 94
1 15
22 27
71 79
41 45
28 41
3 23
7 13
65 68
25 31
53 65
64 71
6 22
29 47
71 99
65 84
25 36
47 77
44 50
95 99
64 68
33 52
51 66
68 73
58 90
24 36
11 14
89 100
80 92
19 30
25 46
73 80
87 94
6 12
71 90
31 33
76 83
83 88
47 54
29 33
25 35
40 43
34 62
69 80
26 32
14 19
75 89
26 36
78 86
85 89
41 79
51 61
66 72
26 39
35 44
52 61
5 19
36 40
42 53
52 66
6 13
58 72
28 42
55 65
40 54
15 32
55 69
63 69
72 81
55 63
80 96
78 79
38 45
56 71
52 55
69 88
9 13
60 62
9 27
10 15
75 79
45 55
57 66
46 57
31 39
8 23
67 72
45 49
91 96
24 31
41 74
64 85
1 10
4 43
40 49
62 70
62 74
87 94
50 60
29 38
65 71
81 93
44 48
27 34
69 78
41 56
25 29
78 83
14 20
32 58
22 27
28 32
25 42
81 90
36 40
51 53
15 37
17 28
3 28
44 67
67 77
65 75
27 42
12 24
73 87
36 68
23 35
19 35
48 53
21 28
50 55
81 93
18 26
55 66
16 22
29 31
44 49
66 81
88 96
15 31
30 46
62 80
96 98
55 59
58 69
18 54
9 12
86 95
62 75
52 57
14 21
9 15
79 99
64 66
73 100
35 38
19 30
34 59
46 56
17 26
45 63
36 52
43 51
60 77
63 73
67 73
1 10
84 91
43 48
54 60
75 95
42 50
83 92
12 28
1 10
83 96
78 90
64 72
15 22
3 10
82 90
75 93
66 82
43 57
28 38
85 98
90 95
51 55
35 48
67 80
13 27
5 17
68 72
81 99
51 81
42 48
84 97
88 94
92 98
20 38
78 86
13 21
51 53
72 90
6 11
82 94
32 55
70 74
25 33
81 87
59 69
30 47
13 17
84 87
83 93
29 34
17 34
71 82
70 73
54 67
38 56
74 80
48 62
62 70
48 55
7 11
50 63
60 66
42 85
38 83
39 41
17 49
25 37
2 12
72 77
68 75
83 97
44 65
51 76
71 80
22 37
39 43
65 69
87 92
57 66
9 11
29 43
67 71
35 47
22 25
71 84
33 41
55 77
50 51
46 49
58 77
57 65
74 93
2 7
78 80
42 68
87 93
8 20
58 62
50 55
64 83
49 54
70 74
80 84
73 75
66 76
5 25
59 61
39 42
64 70
12 35
47 71
60 77
42 58
31 46
74 84
32 38
90 96
68 75
37 53
31 40
20 25
25 30
26 36
6 23
52 59
61 69
25 29
40 47
88 98
34 44
24 28
5 11
47 64
42 71
54 64
14 31
12 32
8 16
49 69
3 25
18 27
79 89
73 86
45 64
12 23
21 31
11 19
35 37
69 77
4 6
80 83
1 4
47 59
37 39
55 68
66 71
78 89
53 63
48 57
1 2
10 14
39 44
42 62
82 90
21 31
68 72
8 14
55 81
75 80
24 29
86 94
4 20
25 39
12 21
26 34
23 44
42 51
35 48
10 17
91 95
54 58
32 36
30 33
17 22
19 24
41 45
69 79
28 44
47 53
46 58
91 98
59 81
44 47
25 28
21 41
54 85
35 61
9 12
9 13
37 45
84 92
22 34
60 65
43 51
17 27
49 68
75 86
51 55
80 98
78 81
94 99
46 58
30 44
9 20
36 52
45 50
40 42
87 90
68 76
34 38
29 50
44 52
27 35
68 82
12 15
92 95
66 75
1 12
32 43
25 40
27 35
54 58
42 47
11 17
67 95
78 98
3 15
92 100
21 26
77 86
65 86
12 29
6 25
40 46
32 38
45 69
58 65
71 74
55 67
86 95
34 61
3 13
47 55
5 23
38 59
53 57
10 18
66 71
62 77
88 96
66 75
17 27
10 26
75 81
57 62
41 47
11 37
5 32
88 93
9 24
70 77
57 65
5 28
48 50
53 79
37 43
20 28
74 80
67 73
78 94
5 16
68 82
40 56
76 85
13 26
75 79
59 84
84 89
55 61
58 60
44 55
38 58
25 82
95 99
13 24
73 79
83 89
13 24
54 74
26 32
35 41
1 11
8 40
2 20
82 84
6 8
58 67
40 50
10 16
38 51
26 36
81 91
69 89
42 46
3 11
44 50
61 82
53 80
15 31
40 49
19 28
8 29
97 100
86 91
8 19
76 79
29 37
34 43
56 65
1 11
28 35
40 66
34 39
60 80
7 16
54 62
92 99
37 53
18 28
36 38
38 43
97 100
51 68
49 64
24 46
51 54
63 74
47 64
77 86
60 65
70 79
94 96
37 48
11 15
16 26
82 92
51 71
31 47
56 65
29 34
77 88
16 27
58 75
13 23
3 16
60 73
63 72
73 79
89 91
60 68
85 100
42 44
23 34
48 56
37 43
13 23
16 26
83 88
52 56
31 40
84 93
10 22
6 13
37 57
53 60
41 47
64 66
43 65
7 20
54 59
58 69
37 45
71 80
46 64
60 66
47 57
13 17
25 33
32 65
46 62
88 99
51 58
26 28
3 24
63 73
34 50
51 56
73 86
28 40
3 14
57 68
45 51
83 96
56 77
20 32
17 27
95 99
60 69
72 77
3 17
19 36
83 99
78 83
60 76
16 28
61 65
33 40
5 18
72 81
4 12
35 39
58 80
7 19
63 75
77 92
13 18
32 41
81 93
42 45
81 88
37 55
23 28
9 16
79 86
52 58
69 86
75 84
41 51
30 32
41 55
40 43
14 27
68 71
48 80
88 95
26 29
34 46
58 79
58 65
49 56
17 25
26 51
80 95
6 15
37 52
72 91
12 15
84 92
90 99
44 48
81 82
10 19
65 69
40 46
4 14
27 37
16 26
17 29
63 77
23 30
3 8
87 98
81 97
39 45
51 71
41 54
40 45
85 92
73 81
2 36
34 60
49 70
47 56
66 69
92 100
61 63
20 41
69 79
78 83
49 51
82 93
41 51
60 61
20 24
85 90
48 56
44 52
86 91
64 78
38 52
80 99
35 43
95 100
18 23
60 70
26 43
39 46
54 79
12 18
51 55
56 60
90 96
50 80
40 45
65 85
19 43
20 28
70 72
58 71
80 92
70 96
71 75
73 86
42 49
63 73
88 93
73 80
26 35
33 37
1 8
71 81
73 87
18 40
84 89
33 37
70 92
48 70
73 89
21 73
20 27
60 66
26 32
37 41
87 100
56 65
52 64
7 17
87 93
39 45
55 59
15 20
49 62
69 95
59 70
4 44
84 97
22 24
26 58
82 90
71 79
32 49
9 30
28 42
74 92
40 50
64 78
46 50
31 35
78 80
6 11
34 50
28 38
75 93
87 89
64 87
20 29
36 41
64 68
30 51
66 75
69 81
29 46
25 39
1 24
46 64
40 49
4 9
50 71
9 11
81 90
52 62
22 25
35 46
77 85
53 57
46 47
16 23
30 36
8 20
37 48
65 74
88 90
63 68
54 61
15 22
6 10
33 57
64 74
10 16
12 31
47 61
9 11
1 27
6 20
27 40
89 99
23 30
50 56
33 48
57 75
66 72
9 12
66 67
8 16
67 76
23 38
42 48
85 92
85 94
36 53
67 77
27 35
5 10
37 53
41 58
88 93
17 31
20 29
29 35
69 86
20 35
64 91
27 32
78 84
29 41
56 62
66 73
74 90
62 82
3 13
51 59
21 28
47 53
70 74
80 83
62 69
2 5
35 47
89 94
8 16
1 13
4 15
37 45
24 30
28 32
43 50
6 27
13 24
65 73
25 36
46 58
37 45
87 100
79 80
46 62
58 66
78 90
8 17
51 71
62 68
11 23
32 49
57 62
56 89
37 39
29 49
61 75
92 97
49 62
5 10
82 90
31 39
52 60
58 67
44 48
17 32
72 80
4 37
40 53
65 78
7 21
54 64
68 77
19 29
8 18
19 30
64 72
62 77
85 88
15 30
75 90
47 57
27 31
52 68
52 66
83 84
5 8
35 41
10 28
79 96
16 24
92 97
77 89
17 29
74 87
39 49
6 9
52 61
12 30
94 97
14 25
6 10
40 51
75 93
51 71
49 59
10 19
4 18
63 73
18 25
68 73
79 84
89 97
10 18
51 56
27 38
64 83
38 44
39 49
46 53
17 22
16 24
62 76
36 41
72 89
66 73
17 34
78 91
69 75
57 79
4 10
7 17
61 73
24 37
67 99
48 68
41 48
31 35
26 33
17 23
50 61
47 58
29 33
54 61
61 72
40 60
26 52
40 44
47 57
60 71
50 62
56 64
66 89
78 81
87 91
20 30
58 69
5 10
37 43
49 57
93 96
26 48
33 38
29 39
37 44
44 57
17 37
11 22
58 78
34 46
44 62
36 60
64 69
59 80
4 16
13 16
5 22
3 12
20 23
73 99
27 40
50 55
20 77
60 66
14 63
14 17
41 59
76 84
23 29
6 27
28 41
83 86
15 24
56 62
26 31
66 75
53 74
78 88
51 69
10 16
42 47
21 28
66 82
6 11
53 66
76 81
52 57
56 59
85 89
84 93
14 22
14 27
50 61
11 15
23 27
25 40
63 76
60 67
82 91
61 66
50 60
31 46
82 93
21 28
16 39
48 85
47 51
31 34
60 77
9 19
69 73
26 29
14 25
10 17
17 25
24 31
32 36
28 34
1 9
75 86
33 61
19 31
20 33
59 69
52 65
57 70
41 43
6 21
52 75
24 34
33 46
21 35
43 55
27 42
4 12
9 17
73 84
44 67
90 99
18 43
30 37
78 83
32 45
34 47
21 32
66 80
7 13
59 66
61 64
96 99
37 53
34 38
56 63
34 49
67 76
43 46
61 67
35 60
77 81
86 90
9 13
27 41
83 98
25 35
50 56
3 17
85 95
68 96
23 30
90 98
23 35
57 68
50 66
85 94
28 32
6 15
17 19
20 26
65 77
10 43
5 20
30 33
41 47
57 67
53 75
40 60
85 91
57 69
37 61
33 51
72 79
44 48
55 58
33 47
9 49
95 99
11 19
42 45
90 99
62 74
17 56
46 49
83 93
54 65
51 63
79 86
1 22
64 81
30 37
60 62
50 59
27 35
70 76
46 52
90 92
84 90
73 91
24 34
71 75
23 33
89 91
58 71
86 91
31 44
30 45
76 84
17 30
17 27
77 83
57 65
41 52
75 97
79 95
57 66
14 24
72 75
44 49
8 14
12 38
36 45
76 80
5 15
75 97
6 11
66 73
91 94
21 25
19 25
39 41
25 30
34 37
8 15
40 49
30 40
14 48
43 67
23 34
88 94
21 25
65 71
44 53
73 89
85 91
63 70
58 73
13 18
69 75
82 98
14 16
79 82
27 49
20 22
16 31
80 92
45 63
55 60
66 70
34 54
16 29
64 72
54 58
42 49
72 77
37 48
38 50
9 13
48 51
89 98
42 78
33 46
46 50
5 19
87 96
85 95
48 50
35 54
22 27
29 39
13 26
41 52
27 45
31 44
50 60
37 46
39 49
55 60
37 48
94 98
55 69
14 22
75 79
27 30
86 94
49 75
25 34
43 52
47 61
43 62
30 33
57 75
11 19
52 59
67 72
17 24
74 84
17 23
2 13
53 56
54 70
87 94
48 58
60 62
55 65
53 64
46 58
58 60
24 26
60 70
27 38
88 92
64 76
70 74
54 70
68 73
33 53
80 90
82 86
62 75
6 19
6 26
78 83
54 62
84 92
67 73
82 92
13 19
80 87
56 61
22 36
20 58
62 65
85 96
33 49
64 65
59 65
77 96
81 88
62 75
23 28
39 46
39 47
80 86
66 74
58 63
7 44
42 52
72 83
46 53
52 59
29 33
55 64
79 83
75 87
48 66
67 71
81 89
84 94
61 67
36 46
3 19
61 90
59 67
16 21
31 35
25 42
59 67
66 73
85 89
62 68
34 49
95 100
50 63
54 60
58 88
25 26
89 95
55 63
12 23
66 78
79 90
84 88
42 54
59 69
73 82
52 71
79 87
41 45
6 18
11 23
47 56
51 73
5 21
5 11
58 67
11 41
62 67
73 87
8 13
74 78
29 37
64 66
67 71
83 87
8 16
26 39
90 95
26 31
12 42
44 62
72 90
23 29
25 34
84 92
39 58
52 63
78 81
27 37
57 68
66 71
71 79
30 35
78 95
67 86
28 41
57 66
30 39
41 47
3 91
18 24
83 92
4 13
35 38
61 69
34 37
57 69
58 80
46 52
56 58
46 85
70 83
12 24
72 93
32 43
84 100
64 68
39 49
67 75
64 85
76 87
84 91
84 89
58 61
48 68
54 62
76 89
46 48
78 87
31 35
13 30
36 47
56 60
68 85
28 32
87 98
14 35
74 78
28 37
9 19
53 89
1 25
77 80
18 32
85 94
63 84
30 41
19 26
55 68
10 22
67 81
5 8
24 32
36 47
4 29
76 85
77 81
51 53
32 39
36 59
27 35
26 35
71 78
74 91
82 89
8 17
83 87
41 52
48 64
72 88
96 97
66 78
28 38
78 93
70 77
20 31
10 19
28 43
4 14
72 84
84 86
82 95
36 42
90 99
87 93
65 75
74 95
38 45
51 52
14 37
65 73
42 48
25 38
89 96
34 45
31 37
44 67
19 30
8 22
42 48
43 55
35 48
56 62
84 91
32 45
74 83
91 97
50 55
55 62
72 85
87 98
72 87
49 53
73 82
6 12
51 62
27 45
53 65
55 63
13 17
31 43
33 36
45 60
54 69
89 99
64 72
26 48
87 94
62 66
77 80
18 33
46 55
7 24
20 38
26 46
3 14
31 46
13 22
42 64
20 33
23 31
90 96
62 84
69 90
4 10
9 15
79 94
17 22
86 93
25 49
18 25
17 23
17 37
29 37
1 17
6 14
18 21
35 43
23 33
59 93
72 75
65 80
68 74
54 69
36 42
22 36
49 54
37 68
16 37
31 47
20 49
36 43
47 62
66 75
2 13
76 100
15 21
41 47
41 50
46 64
52 58
87 88
19 25
71 78
48 55
20 50
9 10
60 98
12 18
40 49
38 41
81 95
38 46
13 19
49 55
14 25
87 95
7 14
6 11
92 93
44 50
51 64
24 31
31 46
15 20
66 74
89 97
30 36
41 53
49 54
31 35
48 61
50 55
84 91
78 93
4 21
39 46
34 39
77 84
58 62
60 63
35 42
45 64
2 10
53 65
29 33
5 15
60 67
64 85
10 18
93 100
37 47
18 29
86 94
73 76
69 91
15 22
32 35
1 9
4 13
73 88
39 58
1 7
57 81
56 62
54 62
43 77
9 22
82 95
83 92
36 47
81 98
63 71
93 99
31 36
30 41
2 14
45 49
30 43
70 76
46 53
58 65
32 45
42 47
70 78
23 34
11 31
16 32
86 98
85 91
2 10
22 50
37 45
20 40
23 33
63 77
82 98
67 73
81 84
85 91
21 31
27 42
64 68
36 53
16 24
67 68
5 11
58 62
13 38
80 88
37 47
67 74
39 50
76 79
28 47
83 97
66 93
52 61
14 25
88 91
94 98
82 88
61 78
31 54
40 47
40 43
41 62
42 51
69 74
32 37
31 57
34 70
38 50
43 45
3 24
10 21
9 15
19 32
44 59
34 48
25 33
49 75
88 90
18 40
32 60
65 76
96 99
35 42
75 87
54 88
48 73
29 51
1 13
35 39
18 25
63 71
84 97
59 75
49 57
13 33
71 76
69 84
62 71
29 39
44 59
6 9
77 93
2 18
18 27
27 32
2 6
15 20
15 23
72 80
10 13
17 22
32 39
65 70
26 31
39 57
78 93
50 59
74 86
46 54
20 30
20 30
24 32
38 45
13 59
53 69
34 38
44 52
26 35
60 65
28 33
82 89
44 84
91 98
49 52
51 56
25 36
13 17
8 23
11 22
54 62
23 30
47 58
17 35
32 43
1 9
47 56
49 71
77 84
88 98
10 18
86 94
68 93
69 85
50 76
9 15
43 65
56 66
16 24
25 35
7 14
49 61
55 65
84 91
54 57
64 73
47 55
4 12
5 8
45 54
53 66
62 77
41 60
13 17
19 32
45 59
62 65
28 36
15 23
7 32
20 56
23 33
66 72
19 31
50 55
86 98
66 78
55 65
21 35
39 44
41 52
57 64
75 80
52 63
42 47
70 74
10 22
50 57
33 45
67 84
22 31
22 25
66 79
38 44
55 61
39 55
24 35
23 39
42 49
25 48
20 31
48 55
84 95
11 17
38 44
65 76
44 50
22 33
6 14
68 96
78 91
5 13
25 32
11 18
59 66
65 71
7 15
71 94
77 79
39 46
57 62
68 88
38 78
36 47
31 51
77 89
85 89
43 62
77 83
4 16
18 26
21 29
60 74
89 94
83 93
32 44
22 31
25 34
70 74
49 55
75 83
27 29
96 99
7 25
84 97
16 35
84 95
13 31
4 9
83 95
18 34
16 22
51 61
64 82
69 77
17 20
39 51
4 13
52 60
71 77
69 79
24 52
81 90
58 86
40 54
81 88
44 50
8 20
11 20
47 57
75 84
9 17
52 55
8 14
4 15
85 91
62 76
2 16
75 84
11 19
50 61
55 78
46 65
14 20
15 40
70 88
69 84
11 19
7 11
8 18
18 28
75 80
70 78
58 65
49 65
24 40
70 84
81 89
38 59
49 56
26 34
66 79
87 99
70 78
50 74
46 50
17 30
67 79
79 88
9 47
15 29
32 54
2 6
14 25
8 22
87 93
81 92
31 51
69 77
61 67
27 54
46 51
36 39
13 25
62 76
24 31
35 58
59 72
87 98
77 87
3 7
3 15
16 25
39 44
45 66
42 48
15 28
82 91
36 74
24 45
79 85
27 31
33 42
78 85
2 11
60 71
76 85
30 39
60 68
17 24
58 80
69 74
47 51
75 83
21 25
74 84
25 30
59 81
71 79
71 81
60 62
33 41
47 56
62 70
87 96
4 10
40 51
72 96
17 23
72 76
77 97
47 52
17 24
33 46
58 64
2 5
43 55
5 11
18 29
70 74
27 43
53 61
13 21
83 89
73 77
4 13
39 48
30 40
42 53
93 96
28 36
16 29
82 86
11 17
86 90
19 22
62 65
68 75
23 32
15 31
9 22
71 83
44 48
84 97
28 36
79 94
16 28
31 50
92 100
18 25
43 54
75 87
42 50
56 60
78 86
41 44
31 44
84 100
73 88
37 40
71 81
35 72
28 36
45 61
96 99
66 83
22 28
80 86
11 23
13 16
76 83
28 36
89 95
23 55
8 25
8 18
51 78
1 23
22 25
61 70
60 65
32 66
44 55
38 41
33 41
44 48
77 84
21 28
4 12
44 52
34 80
76 92
79 92
10 14
55 61
67 82
9 16
46 72
74 88
32 36
2 9
53 76
19 28
2 9
82 87
8 19
49 64
7 10
82 89
44 55
44 47
52 58
15 20
28 35
89 100
40 47
48 69
46 61
12 20
68 75
32 47
23 34
71 86
44 50
48 60
58 75
55 69
10 18
67 72
2 20
53 64
57 68
10 15
61 76
53 66
81 93
10 22
69 87
56 82
66 76
41 78
23 37
68 85
44 49
75 81
19 28
27 38
4 22
34 44
75 79
53 64
15 30
59 70
91 93
21 27
66 71
76 87
23 26
5 11
26 48
85 97
58 68
22 31
74 81
21 29
30 60
69 79
35 41
30 45
59 65
49 56
64 74
25 33
12 18
3 13
86 91
55 69
7 77
49 62
26 32
18 27
35 47
20 35
88 94
46 50
32 48
45 51
44 51
77 91
41 52
11 25
30 34
15 29
69 81
62 80
44 75
75 91
45 49
20 56
24 32
4 62
28 38
78 81
31 38
44 54
55 61
63 73
32 40
50 60
34 44
78 93
48 56
22 29
36 49
18 25
88 96
73 81
43 52
3 10
41 47
50 54
25 30
30 36
50 62
46 53
73 91
26 28
32 37
58 71
13 20
36 44
4 16
62 66
6 18
11 20
83 100
86 93
64 69
45 49
35 42
73 77
28 33
83 89
73 85
22 66
12 19
2 10
38 54
11 35
80 85
40 65
46 50
21 24
38 48
80 89
29 49
3 30
88 92
15 22
50 78
14 20
29 43
27 39
27 36
84 87
39 45
41 65
36 43
25 31
80 87
36 48
40 45
71 92
18 40
54 58
55 64
58 71
66 85
54 68
74 77
15 30
77 80
75 96
14 19
27 38
1 14
9 24
45 49
45 50
87 97
85 87
79 98
70 90
77 85
72 74
77 85
11 18
46 64
10 19
44 50
29 39
15 22
27 30
26 34
36 45
50 65
50 67
34 49
78 84
16 21
7 18
6 10
68 83
91 96
10 21
42 54
21 24
2 5
71 75
55 63
41 48
75 82
93 100
3 9
27 45
40 48
52 71
53 61
74 79
15 19
42 52
67 72
42 74
83 88
31 39
21 31
73 79
2 18
1 8
57 64
43 50
6 21
73 82
25 29
39 43
5 17
59 73
6 11
83 97
4 18
70 88
94 97
2 9
66 76
41 48
30 48
17 22
69 73
37 46
63 97
33 39
72 97
28 37
13 24
4 14
83 93
58 64
53 61
40 45
6 14
1 6
21 39
83 93
30 40
86 88
12 16
15 31
13 23
83 91
60 64
24 35
35 52
42 48
28 41
17 24
64 77
35 54
18 44
37 39
62 69
83 88
37 44
27 38
12 19
72 81
28 31
40 54
24 47
79 86
18 32
21 25
44 55
8 14
45 59
42 49
36 42
32 39
82 96
14 25
75 86
26 32
35 41
2 9
35 59
35 44
29 34
37 45
17 36
55 74
71 83
64 80
30 43
9 21
26 36
70 78
37 45
76 85
36 49
50 65
65 72
31 48
75 86
46 65
6 13
86 99
21 32
18 28
80 85
64 79
30 56
51 60
14 19
30 47
8 11
93 97
77 84
47 70
36 57
69 71
10 14
23 25
38 47
6 26
44 55
65 75
86 95
78 95
68 76
38 42
65 76
30 45
1 7
74 79
25 29
21 29
29 41
54 64
21 26
66 72
79 87
77 82
11 18
17 33
34 41
74 82
81 86
51 56
17 20
56 59
44 56
40 44
34 58
45 50
75 88
20 45
58 73
78 93
64 80
75 84
56 78
30 42
45 48
52 67
83 86
53 58
53 67
39 48
2 25
21 26
18 26
71 87
10 19
77 90
64 73
72 87
60 71
11 15
88 100
25 37
41 45
27 42
12 35
18 29
34 42
38 46
23 42
60 65
43 49
82 97
54 66
17 58
58 68
14 25
26 42
47 53
12 22
47 51
35 46
33 39
57 61
29 45
33 51
88 91
27 46
91 100
91 97
69 74
35 48
8 10
9 13
63 77
33 45
96 100
21 79
20 45
2 21
34 46
20 25
39 61
31 41
40 49
88 98
21 24
44 53
8 19
29 38
15 27
7 16
81 88
53 65
26 51
33 42
37 41
59 67
56 88
2 6
32 42
39 55
80 92
54 67
52 62
22 29
85 90
72 82
22 29
20 47
50 51
89 93
25 29
70 74
36 56
35 45
40 45
16 18
26 34
15 20
34 47
73 81
48 51
81 88
62 70
49 60
2 4
18 26
93 100
22 33
81 89
76 92
13 18
71 79
70 95
12 15
5 8
35 40
49 56
80 87
30 37
19 41
75 88
62 67
66 69
77 80
5 21
67 69
78 88
5 20
77 89
50 75
68 74
20 22
31 41
47 61
88 94
83 92
32 37
81 87
80 95
22 36
37 45
48 74
72 79
45 52
53 63
28 33
40 54
14 17
9 20
49 58
23 28
40 75
51 56
2 12
83 88
44 51
11 17
71 87
36 63
67 77
29 35
37 54
94 99
22 27
69 81
82 88
16 23
40 46
19 40
1 23
11 20
7 13
20 33
36 43
25 38
47 49
14 21
2 8
28 37
42 50
84 89
53 63
48 59
10 32
67 96
29 37
64 70
42 52
15 23
82 88
9 17
28 34
33 71
81 95
87 90
75 84
47 61
42 44
4 14
18 34
93 99
53 61
22 28
74 82
44 49
83 91
87 97
7 16
29 40
12 20
60 67
52 70
82 99
69 82
22 35
5 15
36 48
37 48
82 85
34 39
6 13
56 66
15 22
5 20
5 10
69 85
69 72
43 58
32 65
84 88
60 74
46 48
39 46
51 60
46 56
34 42
34 77
43 48
79 85
80 85
69 82
88 94
46 55
7 22
23 31
72 77
58 60
67 73
93 99
37 45
50 55
52 66
54 75
74 77
61 71
64 68
58 67
28 45
75 87
79 91
32 48
38 49
42 46
58 64
19 34
23 40
8 15
78 85
16 21
65 76
74 87
28 38
5 21
30 35
57 64
43 52
45 51
56 61
44 56
76 88
26 32
45 50
31 47
77 84
62 78
52 64
71 78
46 58
53 61
85 95
5 15
60 66
22 23
18 31
26 30
45 53
58 60
18 22
46 60
33 60
75 81
82 85
31 41
11 13
39 52
18 28
19 46
41 54
73 87
22 31
9 16
68 73
72 79
48 71
22 32
34 52
36 58
80 94
73 80
83 90
76 82
89 95
47 51
31 35
54 67
51 56
2 15
63 92
62 70
56 61
41 56
86 99
4 6
71 81
75 87
19 22
39 67
42 53
75 86
21 25
16 54
64 92
94 98
30 34
49 57
32 43
71 99
95 100
8 11
33 44
10 17
90 95
42 53
90 96
57 72
2 12
41 45
8 20
2 12
8 28
27 41
88 96
85 99
39 42
24 47
64 69
15 36
30 45
77 87
24 39
54 65
40 52
74 85
14 26
88 93
15 68
30 37
40 44
46 51
74 92
3 6
71 74
70 89
78 86
2 11
26 34
44 53
61 81
51 57
49 55
78 84
2 17
67 70
78 84
24 43
35 50
13 25
60 70
2 11
59 66
36 38
65 94
73 78
60 71
34 39
76 81
23 27
1 18
20 29
11 24
88 93
62 66
18 33
47 51
67 70
36 40
47 58
8 16
67 86
23 28
43 50
52 64
87 100
4 23
37 51
29 34
21 31
35 55
45 50
14 29
81 86
9 16
90 97
68 72
42 55
16 32
39 50
45 52
38 42
43 52
49 69
70 76
4 23
62 80
56 66
22 38
18 37
30 33
23 36
79 81
10 22
44 49
20 27
65 94
46 60
68 81
