100 20 20 0
00000000000000000000
00000000000000000000
00000000000000000000
00000000000000000000
00000000000000000000
11111000000000000000
00000000000000011111
00000000000000000000
00000000000000000000
00000000000000000000
00000000000000000000
00000000000000000000
00000000000110000000
00000000000000000000
00000000000000000000
00000000000000000000
00000000000000000000
00000000000000000000
00000000000000000000
0000000000010000000
0000000000010000000
0000000000010000000
0000000000010000000
0000000000010000000
0000000000000000000
0000100000000000000
0000100000000000000
0000100000000000000
0000100000000000000
0000100000100000000
0000000000100000000
0000000000100000000
0000000000001000000
0000000000001000000
0000010000001000000
0000010000001000000
0000010000001000000
0000010000001000000
0000010000001000000
4914
31 39
62 71
28 34
28 44
99 100
50 69
48 62
40 46
57 64
72 91
4 8
14 45
27 45
63 70
76 79
52 58
31 47
10 24
88 94
51 66
6 33
74 80
11 14
45 52
35 40
79 100
85 99
63 84
11 22
66 74
10 16
30 69
58 75
12 17
2 9
30 57
43 57
79 87
17 34
32 42
36 45
29 36
70 78
12 22
10 16
14 65
47 70
29 37
82 91
14 31
14 20
28 34
52 56
79 90
77 81
17 25
54 62
76 81
4 11
20 31
6 21
65 73
37 56
85 90
64 78
28 38
59 69
68 76
77 91
54 59
59 67
34 39
27 34
70 73
4 20
6 16
40 52
60 84
57 99
81 100
79 91
4 39
38 55
33 36
79 91
87 94
36 42
48 56
57 85
32 50
28 49
18 25
84 92
30 61
54 62
75 86
33 45
33 42
7 22
92 97
48 54
8 21
19 23
47 57
44 55
30 45
87 96
22 25
32 36
90 95
85 92
74 83
24 37
64 76
71 76
14 19
94 100
14 18
49 66
27 34
72 84
66 85
34 38
78 84
83 86
36 44
7 32
17 21
67 83
28 33
62 66
57 65
73 76
40 51
73 80
78 94
48 49
47 55
77 82
20 30
19 34
78 89
16 26
68 86
63 65
88 95
62 74
63 72
37 49
41 49
56 63
73 79
49 57
5 17
59 62
21 26
47 53
57 70
6 20
87 91
1 16
89 93
66 70
67 87
44 47
35 38
46 61
44 48
79 85
43 47
28 33
82 90
60 77
32 42
11 21
26 51
11 19
14 23
6 10
15 26
56 81
14 16
93 97
51 59
14 26
43 50
91 94
28 42
40 49
20 25
28 38
63 71
42 50
28 31
18 44
53 66
36 40
66 93
53 77
22 28
76 82
84 92
38 46
50 67
29 40
86 94
9 21
22 28
12 33
9 19
43 52
35 41
37 67
30 35
35 39
8 22
45 55
28 35
33 48
46 54
84 95
90 95
15 30
56 76
76 94
42 48
69 82
47 60
76 86
50 70
84 98
70 78
49 60
9 20
81 91
31 37
70 78
78 82
93 95
77 94
38 44
12 16
91 96
20 31
22 29
55 64
52 64
89 100
1 7
57 84
1 5
37 51
43 52
54 61
56 65
13 18
80 85
72 86
95 97
82 92
62 65
26 38
83 87
34 39
96 100
70 78
72 73
40 45
73 90
8 12
38 48
81 91
44 53
37 41
52 54
62 70
37 45
8 26
87 95
27 31
55 61
13 22
87 100
42 48
77 79
93 100
71 93
16 31
46 51
39 41
41 60
88 96
10 27
28 73
56 64
45 56
71 92
75 88
7 15
48 56
39 46
75 82
88 91
14 23
26 75
9 22
9 34
13 18
21 48
65 72
14 22
27 34
62 75
44 49
55 64
80 90
81 85
70 92
34 47
20 26
37 43
62 71
4 11
67 88
4 13
13 24
87 97
53 59
72 78
23 37
20 22
16 22
40 58
44 48
12 40
15 25
45 53
68 78
24 33
84 94
79 98
91 95
42 53
59 76
28 41
44 68
32 40
77 84
20 27
61 86
24 41
52 66
15 24
36 43
81 90
26 31
80 82
13 17
49 63
81 87
45 56
93 98
90 97
47 52
18 23
62 72
41 49
42 50
59 85
31 36
70 84
49 59
52 63
22 28
48 54
25 28
6 12
87 92
45 72
61 74
10 15
39 49
52 61
51 57
57 69
81 92
23 41
89 100
45 49
1 10
27 38
68 78
9 17
58 67
47 67
26 37
86 91
3 33
56 59
10 26
15 19
67 75
86 99
3 16
60 68
56 61
71 77
55 62
80 81
74 82
5 20
40 42
47 59
23 29
26 29
18 30
40 52
29 30
37 52
3 12
42 46
79 95
85 90
9 24
45 56
70 74
90 95
1 8
92 98
38 52
34 42
19 33
64 74
57 61
86 96
49 58
27 45
49 72
78 90
62 77
14 19
15 19
82 99
80 84
28 37
74 85
81 87
3 10
83 95
68 77
72 82
45 68
37 51
56 78
12 27
17 31
69 86
20 25
33 38
50 73
10 20
75 89
11 19
86 93
55 66
72 79
38 45
58 68
53 63
72 78
22 28
42 47
12 46
59 66
20 34
48 57
27 37
27 30
56 67
2 14
10 13
7 20
56 67
40 45
2 10
60 80
17 35
52 63
42 60
38 66
47 54
30 39
92 96
8 19
77 82
56 66
65 81
17 21
62 64
83 88
70 83
64 83
15 20
15 28
22 32
39 47
44 55
86 88
34 49
56 66
27 65
66 84
45 55
86 94
7 18
12 20
16 19
88 91
21 36
28 41
73 79
50 73
18 28
34 38
63 74
48 57
77 89
12 16
37 42
20 35
71 86
81 90
73 81
2 5
19 27
54 58
65 72
67 87
39 49
74 82
33 38
35 42
49 61
46 51
18 26
9 54
89 98
39 42
5 14
67 70
20 29
53 63
2 21
59 74
78 85
20 26
66 71
60 64
31 38
22 28
68 81
24 37
78 85
30 40
79 86
2 7
44 51
92 98
53 60
20 50
36 45
77 80
55 60
79 93
21 30
10 17
10 22
43 51
15 27
77 82
73 94
75 83
30 40
17 25
93 97
38 58
76 91
83 99
94 98
75 95
18 28
86 100
63 79
38 49
83 89
62 67
50 60
67 70
43 49
32 36
16 23
90 96
80 87
74 84
16 48
51 62
16 32
49 64
27 49
5 18
18 27
63 72
66 71
30 36
26 34
75 82
56 73
85 94
5 25
80 85
31 32
19 45
61 91
85 94
85 92
1 10
50 61
72 79
22 33
39 64
10 22
85 89
20 28
6 21
35 44
31 39
91 99
90 96
39 43
59 74
10 18
33 47
85 100
45 46
4 18
76 81
65 69
85 95
30 39
15 25
60 72
28 45
70 79
26 30
48 59
13 24
67 78
43 65
32 39
62 75
45 78
11 14
59 67
52 64
10 23
82 86
66 83
63 87
75 91
10 15
42 55
35 57
21 48
21 33
8 23
52 65
80 96
45 50
86 95
25 33
23 33
67 72
61 72
58 69
8 18
77 79
50 55
55 61
57 62
79 84
44 50
16 20
15 22
6 14
32 46
71 84
68 78
38 44
10 16
84 91
32 38
63 85
28 37
94 100
85 95
41 65
76 79
49 57
34 47
86 99
44 47
73 86
42 49
75 88
23 41
22 32
90 100
7 21
25 40
67 72
28 48
37 70
22 32
40 56
61 70
42 61
91 95
34 45
61 69
26 33
81 84
46 58
20 25
20 35
20 25
82 88
60 77
79 94
74 84
17 31
24 32
71 73
87 94
82 90
32 44
50 55
75 96
69 86
1 9
37 41
56 73
55 78
25 27
81 99
87 93
10 12
21 34
55 86
13 22
60 71
3 8
30 54
42 53
93 96
66 79
20 29
39 48
26 40
7 17
16 19
51 60
78 85
92 95
4 8
89 95
48 71
49 55
11 24
61 67
41 56
70 82
38 56
46 50
45 56
39 42
62 70
44 50
14 27
32 35
28 33
49 62
92 98
78 84
76 81
73 77
61 71
13 17
4 22
82 91
58 61
9 28
47 59
11 17
34 38
26 37
70 90
47 48
16 27
79 84
33 37
13 43
24 33
49 57
47 77
22 31
76 90
59 73
60 73
90 96
7 29
4 18
87 95
66 70
33 60
47 60
93 97
68 82
57 68
28 52
12 16
19 35
88 96
74 78
22 30
35 49
24 40
38 46
11 30
15 20
73 79
27 44
79 84
1 12
73 87
38 65
76 85
1 15
3 41
4 11
45 64
70 76
33 41
62 76
36 56
26 33
22 34
47 59
51 64
15 25
83 92
85 93
26 35
33 53
75 83
19 43
81 89
2 17
36 70
59 63
68 92
75 97
32 44
50 72
36 45
25 34
53 57
59 64
27 36
63 79
3 19
60 69
57 68
34 56
15 25
49 60
16 21
82 97
80 88
68 81
68 70
13 21
2 21
51 67
78 81
89 95
41 66
68 74
8 19
36 72
32 33
6 19
53 74
27 34
64 75
26 32
73 82
51 58
91 96
51 63
88 93
25 41
10 18
39 48
32 40
78 84
66 74
45 49
52 54
53 65
6 11
73 100
18 23
14 20
29 31
2 5
57 64
38 46
22 27
17 24
40 51
12 22
78 85
74 82
79 83
11 16
96 98
22 32
38 46
65 76
73 80
43 46
41 45
20 24
26 33
67 97
31 42
41 49
76 85
47 58
2 16
50 70
33 75
54 65
21 28
45 67
57 68
10 21
20 34
29 52
32 38
62 82
40 48
54 66
88 97
41 57
34 41
31 52
24 28
77 81
80 84
77 88
10 15
60 69
69 79
52 62
50 58
30 55
58 63
31 45
17 20
50 52
53 73
3 16
27 33
44 53
53 67
7 10
15 33
33 53
13 27
60 89
16 36
40 46
22 34
32 52
23 31
77 84
71 75
24 27
83 87
2 19
89 100
8 17
35 46
42 58
43 75
15 21
26 31
44 52
42 63
89 97
33 36
4 18
55 71
10 22
67 88
6 10
77 93
38 42
70 91
6 32
53 59
46 59
49 63
33 52
69 73
82 95
13 20
22 34
87 94
86 94
3 29
37 46
50 79
29 56
51 61
60 65
17 33
70 73
46 50
13 29
11 26
75 93
37 48
41 49
57 61
50 59
5 8
14 24
60 68
64 70
82 88
84 87
37 42
35 39
20 26
31 38
34 38
65 71
19 22
7 11
76 87
95 99
47 53
83 88
12 15
69 74
71 79
27 41
58 66
14 26
34 53
50 59
85 93
66 71
5 43
81 83
64 73
59 62
36 48
1 9
7 14
83 86
10 20
2 11
10 19
54 60
41 73
20 28
5 17
61 69
44 63
38 44
30 37
53 68
66 73
74 83
62 75
78 92
39 49
80 86
50 59
45 53
33 38
79 86
77 95
45 56
45 50
15 18
33 48
25 32
30 65
61 67
80 97
46 58
67 83
81 89
83 87
61 75
26 35
37 45
55 60
16 26
17 22
11 16
21 40
97 99
9 14
46 62
75 83
15 31
80 90
67 68
52 72
24 36
64 71
69 74
10 23
45 58
21 24
68 78
84 90
23 34
82 90
69 78
35 37
32 40
57 76
47 64
34 83
72 80
87 96
18 30
73 80
36 41
48 52
68 77
39 48
5 10
48 57
38 47
61 65
45 55
92 98
15 29
11 21
2 4
43 54
89 97
40 46
50 56
53 54
24 36
28 52
8 13
61 71
50 52
85 92
7 9
58 77
76 87
38 54
23 28
68 76
38 46
2 15
28 36
15 24
51 74
36 51
54 89
52 61
40 47
48 61
57 63
52 69
23 40
84 97
17 31
81 89
14 17
78 84
58 70
1 10
10 15
45 58
50 56
81 88
8 17
90 95
17 24
61 65
80 91
78 86
94 100
41 53
78 96
4 23
74 80
48 54
48 54
7 17
39 46
10 34
8 10
20 33
76 83
43 54
48 64
35 61
87 95
5 14
27 31
42 49
80 83
39 46
77 91
30 37
76 80
56 64
24 36
36 47
48 54
37 55
65 70
79 86
44 51
61 75
59 74
34 38
55 65
74 80
33 52
65 74
68 81
70 87
67 76
15 25
85 86
76 78
25 41
11 16
62 72
20 26
42 53
15 24
29 41
22 85
70 76
46 58
54 64
62 75
1 26
46 52
81 85
69 78
47 58
73 80
29 30
77 81
46 62
26 30
89 95
80 95
7 10
86 91
91 94
25 30
75 89
78 92
41 50
12 20
25 35
3 9
56 66
25 35
5 19
78 81
34 40
37 42
88 93
31 39
30 33
51 62
36 60
37 45
53 63
60 76
3 20
30 45
88 94
45 60
26 37
11 15
72 75
39 60
76 93
71 77
94 99
26 29
30 40
36 40
59 62
44 50
34 36
72 98
48 57
39 65
83 87
50 68
70 86
22 36
63 74
1 25
23 44
23 26
41 49
64 85
74 85
43 53
26 43
75 86
80 90
47 52
22 28
4 11
10 21
58 95
23 29
81 89
57 69
90 93
24 29
69 79
47 53
28 39
73 82
22 36
12 20
39 47
18 23
85 99
43 55
48 61
80 86
14 23
15 26
73 83
68 75
51 66
8 37
71 76
26 32
56 68
9 15
64 77
74 89
64 76
29 34
5 12
44 47
52 60
30 35
56 78
65 98
24 30
14 25
41 44
69 99
37 44
63 73
63 70
50 53
45 50
33 49
19 26
37 49
57 63
16 29
88 94
45 66
52 60
32 48
16 23
19 27
3 17
91 97
51 61
90 98
85 98
26 38
27 35
41 57
54 64
90 97
74 79
84 90
49 61
54 62
53 60
1 11
26 38
12 30
14 18
34 38
4 15
58 66
60 77
60 70
25 29
68 78
73 90
75 79
49 56
48 60
82 90
54 67
81 93
26 32
56 64
14 28
1 16
73 83
75 78
44 72
29 45
73 80
10 22
86 94
68 74
51 59
32 53
70 75
28 33
6 22
38 73
40 47
31 38
29 37
31 51
15 61
65 72
86 91
78 91
4 8
71 78
84 98
56 60
40 50
86 93
49 59
8 12
61 71
14 23
4 12
66 89
42 49
20 25
37 47
6 14
13 35
43 69
5 20
96 100
16 19
1 9
48 54
60 67
27 54
40 54
11 21
23 32
13 26
76 90
14 20
74 89
15 18
82 87
36 48
55 75
3 12
57 62
78 93
21 35
48 58
12 22
56 69
55 60
44 53
86 94
46 55
35 47
7 17
29 49
26 34
21 30
14 25
53 85
7 25
92 98
91 99
73 82
32 51
76 84
18 35
36 45
76 85
60 74
42 56
51 70
82 86
42 57
10 23
23 30
80 89
70 75
16 28
22 43
10 26
72 81
10 33
36 47
42 49
70 87
15 23
8 22
66 80
41 70
70 81
9 17
9 18
43 48
11 27
55 57
56 65
26 29
89 97
30 36
54 62
18 26
28 33
53 61
34 46
90 96
90 100
58 63
65 73
61 68
36 41
91 93
77 97
40 68
42 53
1 7
1 11
61 68
49 67
43 47
5 13
71 82
11 26
21 46
35 43
86 94
35 39
81 84
85 89
29 40
29 42
63 83
42 45
75 93
74 77
47 52
36 48
63 72
76 79
91 94
54 58
23 36
4 11
70 88
69 85
58 63
52 61
26 43
57 95
69 71
17 35
26 28
74 92
87 90
34 36
62 66
49 58
63 67
69 80
26 35
1 9
49 76
23 50
40 43
63 76
83 88
81 93
46 61
8 17
19 29
92 100
45 58
59 70
59 66
42 51
54 58
65 79
73 78
62 67
22 30
4 26
79 92
5 13
29 37
80 89
54 68
15 35
65 75
26 46
8 22
5 15
27 79
38 47
25 27
63 80
24 31
85 95
5 9
66 79
8 10
47 54
46 54
89 98
89 100
75 89
12 23
91 98
42 53
32 39
48 60
66 76
16 24
53 56
51 55
36 52
75 87
11 15
89 95
63 68
21 86
35 40
18 29
42 52
44 49
16 22
47 64
23 31
20 24
17 35
9 14
38 56
17 25
24 47
65 78
13 42
36 59
26 40
15 25
30 39
42 53
56 64
68 72
58 84
67 99
20 31
3 17
73 84
52 61
5 25
27 30
47 54
54 62
34 55
9 25
25 39
37 53
29 33
42 76
81 84
70 82
12 18
15 23
53 64
27 40
35 44
24 34
91 97
69 71
61 77
86 98
56 59
70 86
13 24
84 98
31 32
62 73
26 52
29 33
48 53
61 68
7 12
10 15
36 47
8 21
72 80
42 50
41 60
27 44
3 7
7 23
49 51
27 37
38 42
81 100
81 85
20 26
56 72
33 37
44 57
26 34
46 49
88 96
60 72
30 46
16 36
94 99
20 39
23 37
21 27
43 47
83 87
1 14
1 10
96 100
68 77
88 92
7 10
16 41
50 58
42 68
69 84
14 30
36 43
61 86
18 21
69 92
49 56
37 60
7 40
66 74
2 5
19 25
80 89
70 80
26 44
7 20
86 89
54 58
71 82
40 50
58 78
9 22
37 55
11 21
85 90
58 63
62 81
25 35
32 38
29 38
43 65
85 93
29 31
13 19
73 89
41 53
37 39
66 79
35 37
2 8
50 72
40 49
5 14
1 5
49 64
21 34
17 21
75 83
18 29
64 84
85 89
52 76
6 16
5 14
41 46
9 22
85 90
13 22
77 96
8 12
50 74
14 34
23 36
51 60
84 96
18 26
54 57
96 98
46 64
6 27
13 25
71 76
34 37
46 54
11 19
53 80
57 70
53 69
63 70
46 51
76 97
41 49
29 38
94 95
24 28
6 14
51 87
49 56
24 33
52 58
14 23
64 70
20 32
36 38
33 35
67 80
50 58
38 46
91 100
17 34
28 30
23 30
52 60
46 64
15 32
24 31
60 86
27 32
31 39
92 95
41 44
3 19
34 44
17 40
75 89
38 50
87 96
14 30
81 87
53 63
38 49
67 86
63 77
52 62
54 61
18 30
88 96
10 17
33 52
35 48
17 26
50 64
39 43
7 25
1 22
34 38
66 82
31 38
12 21
12 100
60 80
11 24
51 70
82 90
56 67
42 55
31 43
18 22
68 78
37 46
20 26
20 33
55 69
36 44
1 17
60 61
14 17
61 67
52 60
14 18
50 56
6 12
47 63
56 64
66 71
36 44
31 35
18 37
89 97
80 94
11 24
31 39
45 51
9 22
17 26
80 89
34 36
11 22
23 31
69 92
21 40
30 37
28 34
45 54
41 54
88 94
52 66
10 17
57 73
60 83
14 23
83 97
32 46
74 80
88 100
12 19
8 42
52 64
4 7
69 73
75 83
16 31
39 43
40 59
88 100
5 17
8 15
74 80
85 90
72 80
47 57
57 71
82 92
4 17
68 77
79 89
80 91
12 14
83 90
6 14
59 72
23 37
89 96
6 8
81 88
11 31
8 13
42 47
30 46
94 99
53 64
74 91
42 53
73 80
64 72
51 58
71 79
45 72
2 20
27 35
22 28
34 45
93 97
40 47
88 91
62 64
59 64
22 32
92 99
64 71
54 65
2 9
59 65
31 45
58 60
16 17
34 49
99 100
67 78
81 89
21 28
59 64
56 61
77 83
78 93
55 62
53 61
17 34
78 96
47 53
66 72
41 48
14 19
5 20
53 56
32 36
41 46
58 95
49 54
24 26
51 64
62 70
44 50
72 87
28 29
63 71
80 92
63 74
66 68
13 33
8 16
43 47
33 40
53 61
81 100
34 44
21 26
69 78
43 60
70 84
78 90
44 47
67 93
29 42
4 10
45 56
83 96
97 99
64 73
32 44
27 32
83 99
82 94
60 79
79 88
42 60
27 48
24 51
49 56
5 19
66 81
28 38
24 32
58 76
26 40
5 13
30 33
7 24
40 46
19 26
16 22
70 81
7 14
55 67
62 80
18 25
9 23
32 38
79 93
25 36
26 27
58 62
42 54
67 80
41 52
25 32
35 42
14 18
36 66
36 42
28 49
64 76
38 47
44 54
74 82
33 38
36 41
42 55
26 36
59 69
55 78
60 79
28 35
68 77
7 14
69 81
55 67
78 83
33 40
72 76
60 73
4 38
41 65
33 41
32 44
30 35
72 82
70 73
19 40
11 21
35 44
1 6
75 82
66 78
17 46
43 56
58 65
7 24
48 57
24 27
82 88
54 69
66 96
89 96
22 27
60 81
10 19
23 63
55 64
3 15
57 67
15 21
87 99
52 70
7 12
83 99
10 18
55 64
36 55
14 21
52 70
29 34
65 71
43 45
80 89
24 33
23 28
20 25
91 95
26 31
79 88
16 24
4 21
84 88
45 50
57 62
94 96
12 22
76 80
73 89
4 8
79 89
86 90
50 54
29 34
71 78
66 83
13 21
94 99
53 63
29 37
61 65
69 73
57 72
3 13
29 46
41 45
81 90
86 94
72 82
92 100
7 25
12 19
81 90
10 16
77 85
31 38
67 71
26 40
10 17
49 65
28 31
57 62
21 29
1 17
35 52
37 74
12 25
17 31
28 37
71 87
39 59
11 18
85 91
14 18
64 95
28 44
30 50
66 82
8 16
24 30
83 86
15 22
12 30
71 85
52 89
67 80
30 36
72 88
87 92
49 50
23 34
80 93
44 48
60 67
33 39
20 35
9 31
85 89
19 30
34 54
86 91
51 66
68 74
65 72
7 21
64 72
31 40
39 52
18 29
42 46
64 75
19 30
26 37
13 30
81 86
72 80
38 45
82 89
27 32
18 26
56 75
7 14
42 47
6 17
25 30
38 51
72 78
72 85
9 28
87 92
74 80
29 34
79 99
42 68
38 57
86 95
22 44
26 40
35 44
76 82
88 90
4 25
7 12
86 97
56 69
4 14
30 52
78 81
48 61
4 5
52 73
1 8
54 61
18 36
94 100
22 40
23 30
71 76
42 89
9 30
70 81
70 79
53 66
86 92
48 53
30 34
60 73
49 59
85 93
7 13
33 85
64 72
74 80
54 66
63 78
31 61
52 67
28 39
68 74
13 26
83 92
75 84
25 45
2 29
6 9
44 49
12 14
50 58
78 83
46 70
37 54
83 91
78 92
94 96
65 96
38 44
28 38
62 73
28 40
11 23
96 100
25 33
10 15
75 83
75 83
42 61
97 99
51 60
65 71
89 99
20 27
53 62
23 32
65 74
36 43
23 31
62 70
3 20
42 48
37 46
7 13
20 27
29 35
75 85
30 54
50 58
16 31
42 46
83 95
30 38
69 78
46 51
38 43
40 48
5 30
66 75
59 70
2 13
19 24
18 22
16 24
34 43
11 15
43 50
18 21
35 41
22 41
58 65
92 97
26 64
31 33
88 92
7 18
50 61
3 9
56 89
58 74
38 42
5 9
33 38
12 17
70 75
69 80
3 9
19 40
88 95
51 60
41 49
72 75
73 76
81 91
16 30
77 99
29 48
10 21
76 91
82 90
66 82
31 45
47 70
49 57
20 41
23 30
56 64
59 63
64 69
86 90
32 36
32 38
79 92
26 34
6 13
78 82
72 77
88 92
11 26
85 93
56 63
54 67
19 40
6 21
31 43
24 31
85 94
75 82
43 60
3 17
4 10
18 23
69 73
55 62
65 71
31 34
76 84
31 45
55 59
50 58
39 47
40 64
44 51
94 95
48 50
67 80
28 51
26 37
49 53
54 67
32 44
16 40
69 95
35 47
59 88
67 75
24 41
88 98
26 30
73 89
61 75
64 79
20 32
24 44
57 63
73 86
43 59
64 67
2 16
60 93
25 31
3 14
38 50
60 65
74 87
42 59
75 88
10 19
64 76
90 95
15 36
79 87
68 80
41 48
1 11
36 49
71 76
67 72
52 64
67 77
64 69
38 40
82 89
27 38
44 48
71 79
12 41
27 41
28 34
9 26
33 43
18 22
34 42
78 97
78 83
78 82
65 73
89 94
59 78
43 61
34 58
14 38
97 100
6 14
79 84
65 75
70 79
22 27
46 53
85 90
72 76
92 97
2 8
62 78
58 63
43 50
86 99
32 45
16 35
1 25
63 66
53 64
40 46
6 45
32 41
19 33
27 59
62 67
25 54
32 36
96 98
42 50
39 43
50 67
38 92
92 99
61 65
85 95
47 54
4 18
34 38
44 56
44 52
65 78
84 88
73 85
11 41
5 12
71 78
47 52
75 83
10 14
83 95
43 54
17 24
23 30
58 63
11 37
29 35
26 33
26 37
14 46
61 76
72 84
1 6
46 58
24 39
56 76
75 80
4 10
8 26
71 86
37 43
88 94
66 76
4 11
5 48
82 88
64 71
59 74
39 42
1 15
24 29
66 74
72 77
77 84
53 59
35 46
31 37
27 32
38 51
76 85
2 7
25 50
4 10
36 40
34 35
20 25
17 26
78 90
33 39
78 92
82 95
43 46
91 94
39 63
10 17
19 31
72 76
28 40
85 97
70 82
59 89
39 44
43 46
52 63
33 36
66 72
33 58
67 93
45 56
21 28
14 24
18 25
8 15
17 49
43 52
85 90
37 42
13 45
3 24
91 98
13 20
47 62
13 22
45 52
20 25
60 82
2 6
1 23
39 41
40 43
40 46
21 29
49 62
24 28
92 100
43 53
44 54
38 42
15 24
33 48
74 86
19 28
40 51
38 45
53 60
59 67
3 31
21 31
46 50
83 91
73 87
64 72
24 48
8 20
16 29
54 71
6 11
26 30
79 84
32 38
71 73
48 74
76 95
69 77
50 56
74 83
80 96
9 31
34 42
48 51
39 56
56 61
2 7
19 24
13 31
83 87
34 48
11 24
74 78
68 93
8 14
46 53
26 48
1 15
63 71
43 52
21 26
27 33
67 77
56 63
1 9
68 74
3 15
88 95
90 100
50 70
68 75
9 19
18 28
5 6
66 76
5 16
39 51
76 91
16 33
39 43
81 98
85 91
71 81
8 16
32 38
80 83
2 7
67 70
14 17
64 88
74 82
54 83
85 99
25 39
48 67
6 22
58 67
89 96
9 14
39 58
48 55
14 28
89 95
23 32
20 27
80 88
13 20
46 52
11 20
47 72
48 50
45 53
43 50
4 8
66 77
12 19
25 31
24 36
3 47
72 86
42 45
13 25
39 42
91 98
15 22
75 80
57 79
45 52
75 81
35 49
28 42
26 40
58 63
19 23
58 70
43 45
68 85
17 20
72 74
80 89
50 57
86 89
66 85
25 32
85 94
13 19
7 11
57 64
31 35
65 76
53 60
21 32
85 93
77 97
50 61
67 70
37 91
62 72
42 54
2 21
70 75
62 82
9 27
86 91
4 12
34 43
82 89
11 20
20 27
14 23
5 18
11 20
40 44
25 37
35 40
13 19
6 14
46 51
8 12
2 21
17 29
75 88
33 41
89 94
75 92
39 48
56 70
52 61
48 52
33 41
28 37
90 99
79 92
29 32
28 36
26 38
45 53
20 25
69 87
93 98
84 98
46 55
4 17
58 75
8 22
55 63
29 54
17 31
83 87
70 75
76 80
58 71
58 79
33 46
96 100
2 12
1 7
59 69
46 54
27 31
62 92
73 94
82 89
31 50
24 31
28 52
68 85
83 93
46 58
59 64
78 87
33 36
19 27
64 73
91 96
59 65
36 49
96 99
49 67
71 96
11 31
19 28
15 49
7 14
21 33
24 28
70 79
53 62
59 83
25 27
12 17
53 66
45 67
77 98
82 100
13 16
8 11
64 74
51 59
89 97
77 86
82 92
68 86
34 44
81 87
4 11
59 77
32 42
28 63
45 52
1 11
22 28
7 14
37 41
89 93
42 47
26 40
30 47
19 23
50 75
29 38
24 38
54 64
30 39
7 31
6 18
23 43
61 82
18 40
46 97
24 32
74 94
65 75
36 41
36 44
86 94
89 94
65 69
72 81
57 62
86 93
9 18
9 11
20 33
27 46
39 51
94 97
8 16
84 94
33 42
16 23
69 100
49 53
47 57
90 96
63 75
22 55
33 46
68 78
63 86
47 58
14 28
54 66
60 64
63 72
29 38
28 43
11 25
24 38
29 33
81 88
69 85
61 67
22 37
5 14
22 41
34 45
57 77
56 61
52 54
67 89
73 76
85 89
16 27
53 60
3 12
62 77
33 41
68 74
15 40
74 83
90 97
17 20
17 40
70 78
55 58
48 67
74 76
54 74
32 40
85 94
66 71
73 81
19 50
28 52
83 94
69 80
14 24
42 60
21 35
59 72
49 52
34 42
83 89
31 40
63 74
68 80
6 10
56 71
16 27
47 57
54 74
9 19
75 82
60 70
74 82
76 79
7 19
75 85
64 75
15 22
12 19
21 35
27 47
77 83
64 73
47 75
72 84
40 77
77 83
65 77
40 60
46 57
8 29
85 93
4 7
79 94
41 48
55 70
21 29
44 65
63 69
23 43
21 39
90 97
38 49
81 89
16 28
77 93
64 66
60 68
2 11
1 10
29 42
47 51
41 50
15 30
2 3
32 43
71 81
19 27
52 66
35 46
54 74
70 92
6 11
48 60
20 34
3 17
29 37
65 71
47 51
36 43
5 25
33 62
36 40
21 41
45 51
4 6
88 94
1 17
23 43
11 43
67 79
27 38
50 60
50 54
1 9
26 76
69 85
43 52
27 33
60 69
6 16
69 73
7 26
9 12
85 96
67 72
26 32
89 95
1 16
4 6
8 15
62 78
68 74
41 47
35 47
60 72
60 86
38 47
13 22
62 68
20 31
32 40
9 16
14 40
10 14
60 63
41 49
45 52
36 42
87 97
69 74
11 15
16 27
95 100
56 70
64 81
81 98
72 82
51 70
81 86
48 55
71 78
48 60
34 55
54 56
75 78
11 39
82 92
64 71
84 89
1 21
34 53
53 60
85 89
15 26
8 20
44 75
13 23
82 91
12 21
18 23
36 74
32 41
49 77
2 8
83 96
52 61
89 96
38 63
52 62
76 83
48 55
70 85
32 43
86 92
72 85
31 41
13 17
39 42
75 79
77 83
13 27
57 61
6 17
41 59
56 58
41 53
27 34
36 41
85 93
28 36
59 81
7 9
25 34
28 38
43 82
7 15
46 53
43 48
37 43
83 90
83 87
22 29
78 80
30 42
66 75
14 19
7 12
16 20
57 68
1 9
48 61
56 72
2 11
33 51
5 16
39 44
1 14
19 23
49 57
48 56
26 52
31 35
53 56
56 73
82 87
63 79
74 79
59 73
82 87
49 63
96 100
19 28
76 80
61 73
8 18
24 29
44 46
58 96
60 63
16 54
26 35
21 29
64 68
6 17
77 84
5 9
17 26
8 20
55 64
75 83
79 96
75 84
34 42
92 100
6 10
34 44
79 82
48 57
17 29
77 84
17 29
60 71
85 93
31 37
39 44
36 53
17 28
33 40
81 84
25 34
62 71
20 27
41 48
34 45
77 98
7 13
19 37
85 90
28 47
88 100
23 38
79 89
60 68
42 46
93 99
38 44
61 86
40 52
65 67
74 81
34 47
22 35
37 41
22 43
45 60
89 95
54 61
18 32
27 44
21 25
10 18
58 63
39 46
35 41
25 29
61 66
30 47
81 96
51 62
72 80
89 99
20 24
34 52
15 21
65 75
90 98
57 70
4 8
15 21
2 4
42 48
31 48
69 73
64 75
29 33
48 51
46 55
17 27
66 71
62 66
69 88
79 87
27 37
5 9
61 72
63 78
68 69
18 25
7 19
29 34
60 67
75 77
39 46
16 35
73 82
65 74
11 29
1 16
61 68
15 38
3 10
43 50
48 64
39 53
63 69
25 33
84 90
48 65
66 72
15 28
10 25
71 89
1 14
96 99
62 75
23 49
62 70
13 20
2 18
46 54
60 67
67 85
86 95
7 24
6 12
46 55
63 72
5 30
8 19
27 30
43 49
38 57
94 100
62 69
66 83
43 57
83 86
66 77
58 62
80 87
64 68
42 48
50 66
20 29
26 40
90 97
10 16
39 44
84 90
5 14
41 45
62 64
32 36
72 82
85 86
67 87
22 32
22 43
26 34
19 31
49 64
33 39
53 56
29 35
57 61
58 75
81 97
90 95
63 68
9 12
84 99
72 73
14 20
14 34
47 55
30 43
63 73
78 89
73 82
46 61
53 62
62 68
64 75
55 59
65 78
14 24
15 29
73 84
48 51
60 73
67 79
89 97
23 38
14 22
35 47
35 50
7 11
3 12
19 28
54 58
57 70
10 25
49 70
62 73
60 76
81 88
94 98
32 34
54 64
79 84
62 70
2 7
25 30
59 65
37 53
17 22
58 63
37 53
36 48
23 27
77 85
56 62
83 98
57 62
50 67
25 35
31 32
60 68
60 72
11 26
2 5
83 95
11 42
58 72
24 44
21 39
6 17
65 86
86 95
86 96
87 91
55 73
50 52
28 40
85 91
20 23
29 45
63 68
10 27
62 68
8 12
56 86
73 86
21 23
61 75
2 6
51 64
38 57
95 96
93 95
54 59
86 93
15 33
5 10
56 60
17 21
25 28
32 45
46 65
82 93
39 54
29 37
51 54
64 70
1 7
70 72
58 71
77 82
7 19
2 16
34 41
66 72
54 63
69 83
9 18
17 34
46 77
7 14
44 52
46 54
48 62
21 27
31 39
2 25
52 75
16 24
63 70
82 96
52 62
32 46
71 80
14 30
33 40
39 56
15 17
6 18
18 34
50 66
61 75
77 90
29 35
9 16
19 29
7 24
56 71
46 47
31 36
13 28
2 26
58 69
13 18
78 91
30 59
7 24
10 22
22 24
90 95
32 39
3 27
49 60
52 66
58 61
61 83
13 24
4 13
77 97
25 38
92 99
76 78
45 93
25 38
19 33
78 93
30 45
21 33
49 55
49 57
47 58
91 99
55 61
40 60
30 37
12 26
32 81
32 38
37 46
59 72
72 81
12 17
31 39
63 68
61 80
54 65
25 38
79 85
68 71
54 59
58 70
17 47
84 99
23 30
50 61
3 14
35 46
48 55
64 76
95 99
17 26
67 75
68 74
45 54
54 62
36 71
87 94
63 86
60 81
10 14
50 55
32 37
43 51
69 80
76 84
66 73
29 45
77 82
48 54
66 74
47 53
36 46
72 79
14 21
68 77
33 39
10 21
72 82
17 50
40 51
4 11
35 44
79 81
1 11
73 80
47 59
83 94
78 98
70 75
78 83
68 90
74 92
78 98
14 29
6 11
20 29
59 69
83 91
68 76
88 99
75 78
16 26
63 71
69 72
94 98
54 71
40 43
80 82
82 88
35 45
4 10
19 24
4 12
62 69
32 58
34 39
47 56
9 20
51 74
83 94
26 28
44 58
1 7
84 86
28 38
82 98
37 54
16 20
41 55
65 79
85 98
5 9
22 35
80 86
8 16
18 24
3 13
6 20
86 94
1 6
32 53
5 11
32 45
2 19
73 80
49 57
93 98
77 90
84 98
71 92
36 39
8 29
71 80
16 22
53 57
2 10
65 71
54 57
63 79
93 100
15 25
24 31
53 64
56 59
55 57
83 94
82 90
22 42
13 18
52 87
42 49
42 66
58 62
86 90
75 76
13 94
79 82
13 42
40 55
56 62
42 53
3 19
39 64
6 12
79 86
40 55
57 63
55 64
16 21
30 38
24 28
47 50
2 13
69 75
51 56
63 74
53 61
68 72
79 84
74 83
72 90
15 23
74 80
68 76
40 55
23 28
93 100
55 67
7 28
1 15
56 80
58 65
53 57
52 63
91 97
75 81
65 78
78 84
9 16
49 64
81 89
2 9
88 94
65 89
4 13
55 59
65 67
18 27
68 81
3 34
36 45
1 9
25 34
43 61
13 24
39 43
40 49
64 72
76 81
8 13
32 49
79 87
37 43
9 87
5 20
13 25
43 56
2 9
39 46
11 17
67 71
87 100
67 75
76 84
46 50
2 11
26 43
85 96
31 50
51 80
33 49
55 65
81 87
39 43
52 60
30 44
59 73
68 80
3 8
80 82
24 32
16 31
21 28
62 85
47 54
30 35
89 95
53 61
50 56
67 71
66 78
18 47
34 36
13 16
33 62
51 62
84 99
63 82
54 65
28 31
59 72
74 90
42 56
84 92
65 72
69 72
51 63
10 16
7 10
82 92
5 15
39 45
38 55
65 79
95 98
77 82
9 32
42 61
22 53
46 53
69 78
68 82
88 96
70 79
29 40
51 57
39 54
55 80
54 80
46 53
65 78
52 66
9 27
45 52
27 44
61 68
67 89
37 68
52 58
67 71
49 58
37 50
83 95
50 54
72 81
78 87
27 31
1 7
21 27
15 22
1 18
60 78
13 24
43 54
87 91
10 27
21 25
58 78
46 65
20 24
9 38
87 93
22 30
16 19
73 84
33 38
38 43
20 27
16 20
43 49
41 45
8 15
52 67
73 92
51 67
56 85
82 88
76 92
36 42
42 48
25 40
88 98
71 84
16 26
42 49
19 26
58 66
74 81
33 41
66 73
31 35
29 45
13 23
32 38
73 80
51 58
27 33
45 54
21 33
31 37
51 61
31 46
75 81
39 48
35 42
6 12
56 62
2 15
93 98
37 42
63 74
62 68
13 39
76 79
82 92
68 78
64 77
29 45
10 25
56 66
26 35
35 54
74 78
91 97
49 52
56 64
68 94
73 77
27 31
37 50
23 33
58 67
57 64
66 68
3 19
8 11
85 90
58 71
23 29
50 52
15 36
61 68
70 72
76 81
47 76
9 19
17 38
27 32
66 78
83 85
3 6
27 61
35 45
1 11
89 99
39 60
41 52
19 29
84 88
55 64
71 81
57 64
58 63
32 43
38 45
84 99
33 37
19 49
43 57
91 98
39 66
55 66
30 38
62 77
19 26
79 87
76 80
77 81
72 77
39 46
83 90
55 60
58 72
53 66
28 34
71 84
22 29
87 93
63 80
83 94
60 75
83 93
46 62
70 77
64 68
90 96
93 98
3 21
92 99
26 35
26 34
56 71
79 82
17 42
7 20
40 47
32 34
66 73
14 53
27 37
90 98
57 68
74 76
21 35
44 57
68 71
22 27
71 78
64 85
45 69
74 88
23 35
8 22
53 60
61 71
59 64
50 54
55 70
71 76
5 66
25 51
4 12
84 97
38 44
18 29
38 45
71 83
51 60
73 78
16 54
18 27
42 51
33 40
56 76
59 71
33 42
4 20
23 35
73 93
81 87
38 44
16 26
57 75
80 91
48 70
54 62
34 42
45 48
82 95
93 96
60 68
18 35
52 65
57 63
39 49
65 81
28 37
64 72
56 64
3 15
47 52
76 84
28 43
31 60
28 33
45 49
57 63
81 85
6 19
26 38
13 21
64 71
61 72
39 48
34 59
70 89
15 21
15 26
28 45
53 57
44 52
85 94
86 95
63 71
79 90
14 26
43 52
11 38
61 64
2 14
67 80
8 10
36 48
73 95
28 46
39 58
2 14
1 25
68 70
52 73
59 83
25 32
53 73
47 69
79 88
77 96
7 43
54 67
65 79
10 15
75 88
88 97
55 64
3 46
56 70
73 81
60 78
57 60
48 58
7 13
27 34
64 90
50 54
78 93
12 35
56 75
63 71
22 27
87 97
47 77
42 47
86 96
64 83
38 44
69 75
91 92
7 11
19 30
45 56
79 86
73 76
59 71
13 24
55 73
14 24
18 24
66 81
87 95
65 67
56 63
86 92
74 77
58 66
35 38
74 96
6 13
41 48
29 39
20 49
8 21
29 48
56 61
40 50
85 95
6 14
56 60
28 41
19 26
67 100
35 40
5 10
79 87
89 97
59 66
28 38
22 35
47 55
10 12
2 12
21 31
69 95
31 38
42 47
39 42
90 93
49 63
27 51
47 52
76 89
29 33
44 61
45 58
93 100
71 87
4 9
92 95
21 28
57 73
22 46
82 99
7 26
54 86
74 81
58 64
71 79
90 92
47 54
87 97
89 99
23 32
39 62
37 43
58 63
64 72
24 61
38 51
68 75
85 86
41 50
21 26
58 73
63 65
2 12
68 75
1 11
34 37
56 82
68 78
37 40
35 52
76 85
55 64
72 73
46 60
77 88
74 95
48 56
28 49
60 71
32 37
69 86
40 47
5 11
59 67
20 57
55 61
7 26
73 87
82 99
15 19
20 34
83 90
11 21
70 79
27 59
32 50
70 79
70 76
85 96
46 52
86 93
68 77
80 93
75 79
19 29
14 20
47 65
75 79
48 65
83 99
14 42
58 67
43 58
69 89
28 45
60 73
69 75
75 84
71 89
66 70
50 56
14 18
26 33
54 75
22 39
38 67
75 88
49 58
45 63
33 37
78 85
11 24
10 23
79 82
22 28
71 76
35 41
85 90
35 38
52 63
12 19
75 83
25 46
75 87
8 11
9 18
75 83
36 41
63 70
55 60
91 100
21 41
60 65
4 7
54 62
5 17
1 10
9 13
81 97
86 95
60 67
5 25
35 41
48 60
66 72
7 20
59 66
37 42
51 56
81 92
8 21
17 22
61 68
12 18
71 73
31 36
78 92
21 32
69 78
47 62
59 66
77 84
34 46
53 60
44 54
29 33
58 62
87 94
64 72
41 63
81 95
41 47
22 28
38 53
17 24
13 21
4 14
16 35
85 90
9 24
84 91
31 36
56 73
16 22
77 93
4 17
65 74
78 82
21 29
68 74
59 66
37 42
30 36
94 98
46 54
92 97
61 75
35 39
56 65
70 93
15 25
37 59
62 67
47 71
60 68
19 25
27 31
12 18
14 37
79 89
24 35
38 44
26 36
70 76
18 30
80 88
5 17
47 54
76 83
41 92
63 66
70 85
42 59
71 75
47 54
82 91
18 19
76 84
34 44
56 73
41 45
70 89
8 13
69 92
77 91
76 84
74 81
20 37
28 37
2 11
74 97
49 56
24 36
23 30
3 5
48 57
86 96
75 80
43 45
28 41
57 70
16 24
86 97
9 13
4 11
42 60
70 76
82 90
21 44
16 26
28 33
29 34
74 90
78 95
4 36
59 66
43 48
22 26
40 52
66 72
71 81
57 63
20 24
25 35
21 26
48 52
65 99
35 46
67 78
64 78
55 72
40 48
66 80
58 70
26 37
89 95
21 32
37 64
6 12
9 16
90 97
66 73
52 57
53 66
27 47
88 91
43 53
19 33
83 85
13 19
56 73
35 46
50 57
32 62
79 82
43 50
37 55
83 93
60 69
3 12
12 34
49 54
38 55
78 87
60 74
47 52
72 87
82 90
68 94
31 55
67 71
73 85
33 48
69 78
23 37
69 90
24 29
22 25
10 30
22 27
7 18
24 40
21 38
37 39
37 39
41 47
84 93
32 54
88 92
22 31
68 78
51 71
80 89
69 84
45 60
17 23
38 44
22 26
24 53
43 65
17 53
26 38
47 62
16 24
37 58
24 40
38 45
14 22
32 41
92 97
69 80
75 92
81 97
88 97
73 80
13 22
66 71
84 90
82 88
43 46
62 77
65 84
57 69
39 54
61 63
56 61
45 51
14 26
59 63
69 84
74 78
59 70
70 86
77 84
31 41
36 42
50 84
16 32
4 23
70 73
13 19
42 77
63 71
58 66
38 50
20 29
27 31
23 26
38 40
74 86
8 17
37 45
75 86
8 14
46 59
67 77
21 43
94 100
22 27
29 40
52 95
10 28
4 22
82 95
36 49
77 86
22 31
65 75
11 23
75 83
22 30
87 97
12 25
7 23
67 72
74 83
35 45
37 48
60 63
43 64
40 47
1 8
87 93
96 98
77 87
75 94
94 97
50 58
22 29
10 16
25 38
50 56
22 28
50 94
56 71
80 87
5 17
65 73
84 93
12 24
4 8
11 15
22 57
85 91
17 27
28 39
82 89
9 13
43 50
89 97
6 19
54 58
1 8
51 69
39 42
23 33
4 8
15 22
40 49
81 94
10 17
61 71
33 47
13 16
57 70
25 29
82 89
37 41
47 63
79 81
86 94
52 55
57 69
36 51
23 28
74 80
4 7
17 38
18 33
9 28
5 12
40 57
22 31
83 86
15 23
90 97
48 55
65 77
79 87
25 38
83 87
34 46
9 12
85 95
84 91
42 58
15 20
72 79
20 34
50 62
54 81
83 89
73 77
75 84
75 82
22 33
52 65
88 96
27 37
45 63
19 25
61 65
18 33
79 88
53 64
88 98
12 27
85 90
74 93
48 59
3 22
18 29
77 81
34 48
20 30
7 16
58 72
56 61
8 19
20 37
11 21
89 95
78 81
82 86
78 86
59 69
27 36
65 71
28 31
32 41
45 76
4 23
4 24
59 64
61 74
61 64
61 91
3 13
34 40
24 29
75 80
81 89
77 100
83 87
79 90
51 61
81 87
88 97
29 36
18 26
5 30
3 8
1 18
43 53
79 88
24 28
61 71
14 17
40 52
33 46
75 85
11 14
22 35
60 75
35 47
40 44
53 59
77 99
91 99
