100 20 20 7
00000000000000000000
00000000000000000000
00000000000011000000
00000000000000000000
11111110000000000111
00000000000011100000
00010000111100000000
00000000000000000000
00000011000000000000
00000000000000000000
00000000000011111000
00011100001100000000
00000000000000000000
00000001000000000000
00000000000000010000
11100000000000000000
00000110000011100000
00000000000000000000
00000000000000000000
0000000100000100000
0000000100000100000
0000000100000100000
0000000000010000000
0000000000010000000
0001000000010000000
0001000000010000000
0010000100010000000
0010000100010000000
0000010000010000100
0000010000010000100
0000010000010000000
0000000000100000000
0000000000100000000
0000001000100000000
0000001000000010000
0000001000000010000
0000100000000010000
0000100000000010000
0000100000000010000
3870
37 45
96 99
69 77
70 76
24 53
53 60
93 98
63 79
5 9
58 71
60 65
43 48
83 91
27 34
74 93
29 41
47 51
23 44
74 94
41 52
83 87
1 7
1 19
29 37
46 53
54 77
64 72
34 68
17 21
53 65
17 48
31 35
9 14
68 83
66 71
2 34
33 42
80 88
63 70
57 71
67 78
26 28
61 74
71 90
33 44
17 71
58 71
19 26
44 72
77 84
5 22
85 97
55 61
83 99
40 45
8 13
75 91
46 53
4 16
53 57
32 58
35 45
4 13
19 34
36 47
9 18
93 97
65 81
83 90
21 39
3 10
55 64
40 46
17 32
12 39
91 95
39 55
54 82
39 81
52 79
11 40
82 95
81 86
2 10
47 59
27 59
41 56
67 85
18 29
41 47
35 51
78 85
67 80
43 52
78 82
14 18
45 59
34 56
7 36
44 51
79 84
16 41
9 14
74 81
26 31
44 76
67 73
72 76
65 68
76 85
14 78
93 99
78 90
41 62
35 48
46 62
3 29
19 24
72 83
18 22
6 20
39 45
40 81
54 57
57 75
3 11
83 88
60 63
51 56
50 51
57 73
41 49
10 25
52 58
18 41
57 61
31 56
4 26
5 13
41 48
87 97
53 58
39 47
29 36
46 72
73 77
82 85
35 43
3 18
13 28
36 41
44 51
72 83
78 89
35 41
74 86
52 56
58 68
40 53
4 18
32 36
5 9
75 92
35 52
76 79
39 50
62 70
8 11
30 53
19 39
28 34
57 76
68 96
27 39
46 63
40 46
64 100
7 12
20 31
53 61
69 74
46 55
79 87
29 36
2 6
90 100
27 39
80 95
70 79
35 40
75 87
55 75
70 75
30 39
57 71
35 56
67 87
9 17
42 48
2 6
50 59
89 96
55 59
25 28
26 42
88 98
36 40
60 75
89 96
24 42
35 43
69 78
87 96
45 50
15 34
35 48
6 40
66 74
80 94
82 90
35 43
37 43
76 86
19 26
88 100
58 65
6 12
61 86
67 77
17 30
73 96
39 42
83 89
20 38
23 28
37 50
2 11
89 91
18 27
87 92
88 95
19 24
27 65
11 23
17 22
65 67
65 76
16 23
31 40
55 61
26 30
23 35
81 89
1 2
77 83
36 51
39 47
14 26
61 66
4 11
19 37
57 81
46 58
23 36
64 73
34 47
8 19
61 93
1 14
83 88
66 90
9 17
83 100
7 15
83 95
20 24
75 84
81 83
52 61
85 99
78 99
3 9
45 58
33 41
67 75
67 79
61 73
80 88
41 48
88 92
49 62
17 21
72 78
18 32
75 90
49 64
23 55
11 21
49 51
84 87
32 36
63 71
42 62
75 78
47 55
70 76
50 54
25 38
40 59
34 56
3 9
22 32
5 55
94 99
80 91
58 64
4 10
91 95
89 100
35 50
74 100
23 36
34 39
10 21
29 33
92 97
35 47
8 19
11 23
85 91
14 21
26 38
36 47
20 23
35 48
24 29
43 52
65 86
74 86
45 58
63 67
35 44
29 38
37 47
52 71
8 13
10 38
21 34
56 64
46 53
86 96
34 62
21 29
15 32
46 52
31 34
85 94
67 73
59 64
39 42
40 57
41 58
44 51
22 40
78 82
84 91
72 84
45 52
27 65
43 50
1 17
82 94
80 99
4 9
79 91
68 77
87 97
70 82
32 41
78 98
62 75
79 99
45 66
64 73
62 65
14 30
21 38
53 60
14 23
69 73
51 56
34 50
90 100
10 19
26 31
24 37
3 31
57 64
16 24
43 51
80 93
45 51
18 32
28 34
91 94
88 97
76 87
15 24
9 28
87 93
68 80
76 86
79 93
21 27
65 85
2 10
33 51
14 29
7 22
40 49
86 93
81 96
57 62
55 85
63 76
71 77
59 74
43 53
1 11
57 61
46 67
49 73
5 12
73 100
57 63
79 84
89 91
56 60
87 96
64 70
2 7
66 78
36 46
54 65
75 88
86 95
46 55
77 100
14 36
76 82
5 17
29 38
42 54
44 55
11 19
73 88
6 11
41 52
83 88
51 67
64 75
10 12
24 32
25 37
65 75
43 47
43 50
23 25
12 29
85 99
83 100
82 87
39 46
12 29
58 69
79 85
22 27
5 17
57 67
11 18
64 78
87 96
17 43
53 93
17 35
87 96
86 98
36 41
39 50
39 50
57 59
29 48
31 40
69 85
36 45
59 64
49 72
22 31
25 29
58 65
48 56
74 95
23 29
42 67
1 18
28 38
11 38
53 64
11 14
51 91
82 87
65 73
27 33
82 92
72 93
60 69
41 49
85 99
49 54
34 42
3 16
47 62
16 20
84 92
47 50
89 94
17 28
80 95
5 12
33 45
57 64
33 36
32 46
56 83
49 68
5 9
78 96
41 43
93 96
70 94
37 55
13 18
49 66
79 88
88 96
21 28
53 64
29 75
12 22
16 21
81 100
89 95
61 70
27 38
77 81
1 11
66 72
5 8
44 63
23 39
26 58
24 31
53 70
51 84
3 7
2 11
79 83
45 61
20 35
11 19
5 18
67 72
33 47
93 100
84 89
32 37
3 17
53 62
23 27
50 63
11 20
51 62
73 92
60 73
41 56
49 61
78 88
55 64
72 85
53 67
8 12
30 60
44 61
16 28
51 88
69 74
76 80
75 80
7 20
44 52
73 82
91 94
79 89
77 85
47 55
30 65
7 18
57 65
62 70
15 38
79 93
79 100
8 16
80 90
17 21
61 77
38 46
50 71
38 43
30 42
39 73
22 33
51 57
46 50
32 49
47 54
24 30
94 100
79 82
86 94
28 39
78 91
87 93
57 61
95 100
8 14
19 40
16 23
38 50
50 54
10 16
86 96
11 30
70 87
25 62
33 60
15 17
67 74
13 20
52 58
77 88
8 22
69 71
13 24
79 97
75 82
43 45
81 90
71 76
38 53
10 23
44 49
31 44
3 26
42 53
60 71
6 18
90 100
75 77
53 58
42 50
23 27
86 93
53 62
69 73
70 85
30 41
50 58
60 62
57 73
29 32
25 31
3 11
38 53
52 86
37 44
67 89
58 66
55 67
94 98
21 26
65 71
23 35
59 80
81 89
49 51
9 14
52 61
57 66
36 47
98 100
8 19
11 33
9 20
50 51
42 46
95 100
76 87
3 12
29 46
39 42
28 35
39 52
72 75
60 65
2 13
79 93
88 91
36 45
75 88
18 21
88 95
79 87
65 84
36 46
18 22
42 59
87 91
37 46
11 21
9 19
87 91
90 98
37 43
44 53
13 21
67 70
20 26
80 90
90 99
31 35
39 53
81 92
62 77
1 12
27 41
38 45
3 17
60 73
32 44
19 28
76 90
68 74
36 45
38 45
36 40
7 24
56 80
9 13
89 94
18 23
12 21
73 80
9 20
23 27
56 61
20 32
16 20
32 41
58 66
60 66
33 39
34 52
71 80
72 79
30 35
58 82
12 20
24 44
27 39
55 68
36 38
16 26
12 17
88 92
29 41
57 72
41 51
72 84
72 86
72 84
21 26
45 55
1 25
59 72
52 56
44 57
13 20
42 47
23 42
66 83
59 66
36 44
13 35
50 79
39 43
43 52
34 45
12 21
64 70
38 51
10 17
60 67
18 32
36 44
26 47
74 100
83 96
90 100
54 67
5 12
85 93
42 50
69 78
90 96
45 51
22 28
23 33
36 43
71 93
91 94
36 42
42 46
20 31
43 57
22 25
57 66
21 32
28 32
31 61
14 24
26 46
86 89
12 18
56 60
36 40
5 17
88 97
47 62
66 74
64 69
7 10
8 15
11 21
35 38
58 66
45 76
74 96
66 74
40 46
53 56
84 88
81 86
7 13
20 26
3 5
68 73
35 49
22 36
86 97
79 84
57 70
11 32
18 34
56 61
50 66
61 68
17 27
3 14
48 54
63 70
21 27
40 41
9 12
19 25
5 19
47 53
41 46
51 64
52 57
38 50
32 50
33 37
92 98
83 92
92 95
5 11
87 92
27 32
66 88
83 92
56 75
56 63
17 47
69 75
76 82
84 97
11 26
64 66
25 34
78 82
64 74
28 44
49 63
46 50
18 41
29 54
31 43
32 44
41 46
16 23
80 98
12 22
5 26
38 48
68 76
51 63
38 40
59 77
77 83
46 56
37 42
59 63
65 75
87 96
14 22
87 96
48 57
1 25
50 57
73 76
68 88
4 17
21 25
83 96
67 81
1 13
73 77
25 35
43 47
17 21
71 73
40 52
87 92
38 48
60 64
66 73
18 35
22 24
1 7
24 44
13 22
41 68
54 68
39 47
12 14
8 22
23 28
12 23
26 55
83 99
45 74
67 76
3 10
86 93
21 30
32 34
35 46
62 66
73 89
93 97
48 75
80 85
28 44
85 95
24 43
3 16
83 87
51 57
49 65
48 64
52 70
37 50
5 20
88 97
41 45
82 95
66 71
65 93
1 22
30 40
36 42
26 30
16 29
3 11
93 96
43 49
5 10
78 86
77 86
62 71
42 46
29 53
13 24
19 32
7 14
29 45
16 36
42 68
3 7
71 79
8 18
59 73
29 67
30 45
72 87
71 72
40 47
58 69
86 94
46 60
36 43
64 66
4 12
48 71
54 62
62 78
3 8
71 77
22 40
48 66
73 79
48 57
28 38
27 35
52 56
45 60
38 50
25 37
30 49
6 19
7 10
17 20
17 37
29 51
49 56
83 97
52 64
49 77
53 68
74 81
2 6
7 20
17 21
28 59
37 57
48 55
55 63
15 29
60 68
72 76
57 67
49 52
54 64
24 27
61 97
60 62
77 81
21 58
26 31
66 72
66 92
83 92
24 51
55 59
11 27
77 96
89 91
19 31
34 39
1 4
20 41
36 45
53 66
5 25
62 76
31 45
25 30
79 93
40 50
42 45
57 68
36 51
40 49
61 73
6 17
25 39
60 77
20 34
16 31
18 24
9 16
11 20
90 96
83 90
8 12
39 57
13 30
59 80
1 14
70 82
6 12
83 95
45 60
56 63
55 69
50 90
40 62
1 20
3 5
20 26
30 48
35 46
12 19
14 29
86 91
19 34
21 24
19 25
76 89
17 21
45 48
80 93
56 74
19 32
19 23
81 88
2 7
78 81
5 14
57 71
37 55
91 95
64 82
79 91
41 48
48 67
43 52
20 29
36 47
53 91
74 88
56 63
28 32
43 47
7 24
28 37
57 60
52 76
12 21
21 23
50 61
41 46
52 70
20 26
9 17
45 63
65 72
36 47
4 6
9 13
74 84
40 54
72 81
61 67
80 85
7 34
37 45
80 88
82 94
51 63
58 66
15 35
22 30
19 31
34 44
36 55
66 72
25 35
54 61
60 74
16 21
37 55
66 67
93 99
76 85
39 46
56 72
40 49
13 19
42 45
9 24
65 72
54 69
63 71
18 28
93 96
31 51
58 64
73 96
36 42
2 60
4 11
58 62
71 92
38 43
65 84
3 16
32 48
20 34
73 92
1 12
42 51
24 33
10 15
71 83
6 15
35 41
94 97
49 53
33 37
43 47
18 24
38 45
51 75
57 65
12 22
22 32
96 99
33 57
66 76
55 64
41 49
76 82
85 95
36 48
18 25
63 73
28 36
87 94
11 19
81 89
22 34
38 42
29 37
19 23
17 20
9 38
60 81
40 44
45 47
4 12
88 89
65 72
5 8
59 64
3 25
28 34
55 61
73 84
86 94
2 7
76 87
69 79
53 61
23 35
37 41
47 75
35 45
6 10
74 87
54 73
7 23
49 62
27 35
55 59
77 92
77 83
73 97
69 91
59 67
29 32
70 75
41 50
81 89
84 97
6 16
80 82
35 42
3 14
62 66
89 95
6 14
39 50
36 51
31 41
51 68
81 92
10 24
26 31
81 83
72 87
13 25
19 21
74 87
66 85
50 62
89 96
32 35
46 81
16 30
60 63
57 63
16 36
22 32
63 71
39 44
10 14
45 61
6 13
18 30
18 24
8 11
22 63
68 75
65 71
19 26
2 14
51 60
90 93
10 33
23 33
64 82
87 100
22 28
91 99
67 76
8 12
18 30
29 36
53 69
73 81
7 23
2 6
31 44
57 70
91 99
17 23
31 41
73 82
18 24
69 73
1 8
41 47
24 28
56 72
94 98
18 28
84 96
47 62
4 7
47 55
81 88
2 5
54 62
75 80
11 23
32 44
91 96
35 39
5 10
70 85
89 94
21 31
71 79
72 92
54 61
14 18
4 19
40 53
85 95
23 34
2 17
49 55
14 18
44 72
37 51
21 33
77 98
27 42
30 37
28 44
59 63
34 61
41 67
59 76
33 44
74 93
13 20
36 88
50 72
55 62
14 23
26 32
60 73
44 52
89 92
21 31
3 18
21 29
19 41
76 83
55 61
58 86
28 37
56 67
71 73
3 18
8 21
72 95
2 6
89 93
50 56
36 48
83 86
73 82
3 23
8 38
34 49
61 67
65 83
6 14
47 59
27 50
68 79
67 87
21 33
63 70
13 17
40 62
9 22
64 76
73 79
54 73
59 65
42 49
43 48
51 52
24 32
74 83
55 68
58 76
40 48
75 78
88 96
26 36
17 46
78 80
24 40
51 79
10 19
32 56
19 27
88 91
24 29
75 78
84 88
23 90
18 28
31 50
69 74
93 98
22 25
13 23
22 23
78 93
51 57
14 22
63 72
92 97
27 35
18 26
64 69
42 56
8 13
87 99
51 60
69 80
21 27
89 92
14 32
48 57
44 55
88 93
61 65
71 81
18 36
15 20
34 42
72 81
37 42
35 47
24 33
9 14
72 86
87 93
61 70
66 73
38 40
51 56
60 68
85 89
78 88
85 88
87 96
54 62
34 42
47 71
60 77
57 68
13 26
43 53
56 72
15 25
81 97
22 48
12 21
10 19
11 36
20 44
65 69
44 49
41 43
46 51
20 33
74 80
34 47
59 74
1 6
89 94
53 59
67 85
71 84
10 15
86 94
69 82
8 12
67 80
1 7
32 41
33 42
20 22
11 21
4 10
42 62
68 71
6 59
5 13
85 91
62 78
39 43
44 65
56 63
64 69
51 60
34 42
62 84
74 78
55 58
30 32
71 97
70 87
33 41
6 12
49 56
36 58
64 71
19 27
68 76
7 33
71 76
25 39
9 21
22 31
48 55
14 30
67 74
17 29
19 23
77 92
35 50
90 95
9 25
52 57
91 95
34 40
31 58
22 35
54 64
21 27
83 90
64 77
31 41
69 70
16 96
83 89
67 83
36 45
65 74
31 42
73 84
51 64
1 7
8 14
56 78
42 52
40 46
22 35
68 72
69 73
68 85
45 69
26 31
16 20
7 9
75 78
73 83
5 12
27 34
6 17
46 69
95 99
75 93
18 24
84 93
52 64
64 67
35 48
3 11
22 46
71 74
25 32
35 50
65 72
13 32
55 60
67 88
13 20
37 47
52 65
62 73
38 45
67 79
63 74
70 75
82 99
74 76
85 89
62 66
64 71
23 30
69 77
86 95
27 37
2 20
44 54
21 26
8 21
81 89
27 39
39 45
44 52
88 91
81 94
39 49
65 77
2 9
73 87
43 46
72 77
51 60
49 68
83 97
49 65
38 44
87 95
29 34
65 80
55 58
3 12
79 87
61 67
45 51
62 66
60 89
56 68
29 35
8 24
61 66
40 43
34 43
30 37
14 21
84 95
61 71
40 47
44 60
52 59
77 79
20 27
58 71
92 99
21 26
52 66
7 12
61 67
35 46
5 11
47 51
42 48
83 88
64 69
79 89
43 55
62 75
31 38
38 47
27 32
58 64
45 56
63 90
75 91
75 91
43 55
28 41
77 87
36 51
64 72
57 64
83 99
83 88
24 32
12 18
17 27
50 60
8 10
67 76
54 62
2 28
90 93
5 13
46 52
59 60
95 100
16 25
66 85
10 15
14 22
61 66
1 26
21 35
30 56
29 56
53 56
68 74
52 62
76 79
47 58
39 54
38 42
25 30
45 58
12 18
28 47
53 59
27 30
58 69
11 21
33 37
35 37
77 88
33 36
33 35
21 30
30 40
43 67
80 94
6 20
62 67
31 36
87 98
16 28
85 99
68 81
8 23
60 64
52 77
49 57
45 51
24 28
26 34
88 95
29 56
85 95
25 30
22 35
5 12
1 5
92 95
64 75
30 34
29 38
32 50
4 16
48 58
60 72
32 40
85 96
78 84
17 23
42 52
40 57
46 57
77 82
29 35
96 100
9 15
77 92
88 95
78 88
7 20
82 87
29 40
52 56
11 15
61 76
54 77
61 68
87 92
5 12
23 40
4 8
88 97
64 67
96 99
70 83
43 47
20 30
54 65
12 18
82 88
76 82
31 32
45 56
4 19
28 43
35 42
81 87
87 93
68 83
24 38
82 91
76 83
62 66
50 68
39 48
28 53
87 95
50 53
20 27
4 14
84 88
65 70
27 31
1 26
35 42
49 85
84 92
13 24
64 75
32 43
43 58
70 79
54 64
86 91
56 68
19 59
7 30
36 49
74 80
34 48
28 39
98 100
56 71
60 62
4 18
89 99
44 55
40 68
36 39
2 7
22 50
82 87
3 17
8 18
27 36
10 20
49 53
67 84
20 30
52 57
61 69
52 73
23 35
10 22
37 49
63 71
43 56
56 77
41 47
45 50
84 98
3 20
46 52
43 50
61 66
92 97
90 96
83 98
42 65
90 96
95 98
69 76
14 24
29 33
51 83
20 45
60 71
86 93
75 90
38 44
33 40
37 45
23 33
26 63
76 96
55 64
84 90
66 77
40 57
5 8
16 65
63 67
12 43
93 100
42 53
4 12
45 50
78 86
90 96
73 83
10 17
89 98
20 32
42 52
59 62
55 88
66 70
49 61
60 69
71 79
50 66
7 25
37 54
35 40
82 92
15 23
24 39
27 66
72 77
34 42
75 88
32 47
82 88
94 99
13 20
90 99
58 90
74 82
74 81
8 20
71 78
74 80
58 74
37 51
50 65
13 23
81 98
57 73
77 88
5 28
20 48
38 43
49 52
67 68
45 58
29 47
13 17
8 12
14 16
68 83
58 77
6 14
16 28
60 66
72 86
89 95
47 53
1 15
58 64
61 65
61 69
57 74
27 34
31 38
67 74
12 16
35 51
56 63
94 98
55 65
74 81
71 84
3 14
12 31
3 15
50 55
88 94
6 15
96 97
66 82
60 62
27 33
48 58
43 54
33 53
85 92
13 23
38 45
22 35
35 43
42 50
49 60
45 49
72 85
13 22
37 50
81 86
11 15
9 40
4 12
11 28
44 58
61 87
95 99
53 71
21 40
83 99
42 46
72 86
82 87
70 78
67 78
56 79
29 37
22 39
70 76
81 85
49 61
75 85
15 27
91 97
44 59
15 22
10 15
93 97
77 81
78 95
8 16
39 47
48 59
14 24
70 82
9 16
17 43
55 61
71 78
75 84
57 76
61 67
49 61
21 27
23 32
16 25
84 98
75 80
6 21
35 41
53 67
63 77
57 61
25 41
63 70
64 73
22 33
51 59
77 92
51 59
23 55
47 55
78 84
74 78
18 28
47 56
71 75
42 50
67 80
17 51
34 46
5 13
51 65
35 37
8 15
52 61
44 53
18 23
54 58
9 17
14 23
86 93
48 77
73 82
41 53
26 46
15 35
16 20
5 14
19 54
3 16
14 30
50 59
58 66
80 93
6 15
82 85
84 89
78 85
6 10
75 79
62 67
54 68
2 10
50 58
81 86
59 68
82 99
68 74
89 96
41 60
1 17
48 56
45 59
69 87
54 71
49 68
82 92
50 68
30 35
78 98
40 49
82 91
18 34
48 66
55 74
9 43
1 10
65 76
19 24
16 32
32 45
89 98
66 83
61 74
37 53
53 60
63 82
37 40
64 81
26 45
21 52
73 82
21 28
56 63
40 51
2 10
73 77
47 60
59 66
60 70
74 81
29 62
40 45
70 75
3 9
19 33
9 13
82 92
47 54
53 63
54 65
15 35
4 16
2 22
38 43
23 28
23 51
33 38
85 92
38 48
8 26
6 17
42 52
39 44
66 69
5 15
80 87
17 25
68 80
61 71
94 100
59 87
31 37
31 35
88 92
84 98
32 51
78 82
77 85
69 88
26 37
16 23
20 40
54 62
3 12
18 53
41 44
7 15
40 50
64 71
5 19
49 59
4 7
48 60
86 98
79 87
1 95
36 53
22 27
35 45
53 57
21 30
2 14
83 96
58 70
5 10
42 55
64 71
59 71
43 60
63 85
62 72
9 17
2 26
82 98
57 67
12 17
37 51
56 62
34 39
20 25
76 87
3 12
87 94
2 14
77 86
41 45
90 95
42 55
66 82
3 10
27 31
42 50
69 92
33 46
36 53
8 16
75 81
76 80
92 99
20 27
11 19
45 51
44 60
8 19
24 33
94 100
51 60
86 91
24 28
23 30
44 54
87 100
53 59
43 54
52 68
86 98
23 32
41 45
87 92
41 69
38 54
33 44
17 23
43 59
77 80
91 100
91 93
88 94
46 67
49 69
76 89
50 56
17 21
41 59
19 22
80 88
70 72
56 61
39 48
40 48
61 65
60 63
19 33
37 45
91 97
79 95
36 49
80 87
78 84
79 85
20 33
3 7
91 96
1 15
49 73
41 62
38 44
79 85
14 19
51 55
24 36
63 68
16 26
73 92
65 89
75 85
73 85
19 37
29 32
60 83
43 59
46 63
57 79
62 81
74 89
9 31
71 75
8 21
76 81
61 77
6 17
3 7
60 61
90 97
29 45
63 85
32 38
77 81
86 93
44 52
18 19
5 10
4 15
77 87
47 53
31 35
34 63
86 98
31 41
67 74
24 34
67 74
79 84
38 49
71 83
40 78
13 18
40 49
27 46
81 85
88 100
85 97
62 87
44 55
51 63
86 95
84 96
83 90
64 80
75 80
69 87
8 14
38 48
83 86
64 70
95 98
41 49
86 93
81 83
50 55
76 85
81 89
62 82
14 17
85 90
25 38
13 19
57 82
59 74
21 31
76 79
78 91
16 24
13 22
90 95
80 88
70 79
25 33
42 55
82 89
13 16
83 94
13 21
58 65
54 59
17 34
23 37
61 79
25 49
72 90
49 72
69 74
32 36
46 56
41 51
41 44
2 6
40 55
29 36
20 36
61 69
33 37
52 65
56 70
85 95
41 54
93 98
90 99
59 68
20 25
69 85
67 83
71 73
49 59
70 81
76 84
91 96
22 46
57 69
60 75
74 98
62 72
20 31
54 59
69 75
40 57
9 17
9 19
43 51
11 18
89 97
44 57
11 15
43 59
22 29
33 37
20 31
38 58
89 95
29 39
64 71
56 58
28 54
31 39
51 56
72 96
32 40
59 72
57 65
50 62
63 84
54 58
15 22
81 97
1 15
24 29
18 24
13 29
55 69
10 26
67 88
74 89
7 22
78 90
12 20
16 32
37 45
2 8
30 34
10 23
53 55
76 83
67 86
19 27
45 50
60 86
51 59
3 7
30 46
8 19
29 41
50 66
7 44
6 10
18 28
20 29
47 59
65 72
83 92
58 65
26 51
42 50
36 46
74 87
74 77
69 87
67 71
16 21
43 59
82 97
48 74
28 30
40 48
13 16
85 88
82 94
72 91
7 14
29 48
93 98
82 85
73 82
16 48
38 40
89 93
32 40
17 23
86 97
36 56
53 77
36 44
88 91
14 30
89 95
6 26
67 76
21 34
33 38
77 98
73 82
62 89
81 89
38 48
28 30
71 74
59 71
82 89
21 41
43 51
2 15
9 33
17 31
7 12
90 99
84 86
4 13
49 75
54 75
56 85
57 62
13 25
22 27
12 17
28 33
25 27
40 44
27 32
1 40
58 64
35 45
57 65
27 56
53 62
52 66
13 20
2 6
5 11
10 13
9 31
8 18
23 32
2 9
10 15
29 42
37 52
68 82
5 10
86 98
85 92
41 51
14 23
50 63
25 33
58 63
88 95
23 31
7 23
78 87
31 48
5 13
5 16
37 42
30 46
76 82
6 23
59 64
34 39
54 67
72 84
46 57
44 59
20 30
23 25
11 24
66 78
59 67
21 30
62 67
10 27
22 40
34 45
24 40
61 82
74 85
82 88
26 36
23 36
17 22
42 48
80 85
44 64
8 12
82 86
19 24
91 94
49 57
19 36
57 60
23 26
10 13
7 42
42 55
83 88
57 78
43 52
32 40
61 81
27 40
4 14
4 26
5 18
46 57
69 76
63 75
75 81
27 39
24 37
71 88
84 92
3 18
73 79
84 97
32 37
5 25
60 68
17 50
28 62
31 45
16 36
20 28
43 71
56 64
64 67
53 70
7 13
45 53
50 60
53 68
52 66
10 24
2 7
75 83
34 46
6 14
14 24
73 86
25 31
86 98
70 87
45 55
85 93
79 91
17 32
44 48
52 68
22 27
72 77
15 20
25 32
83 87
55 69
14 21
87 99
74 81
35 48
36 50
48 57
62 69
6 12
53 60
6 27
23 42
28 33
5 14
41 51
18 26
77 94
10 15
68 79
66 79
65 95
76 100
52 61
60 96
42 58
8 14
24 40
74 84
40 53
19 23
62 89
69 78
51 58
82 98
51 60
17 25
91 97
27 36
3 5
17 31
21 28
69 76
34 40
68 72
6 17
65 81
32 40
90 97
79 85
75 82
76 93
19 29
6 16
52 60
64 78
85 91
67 72
62 70
69 96
2 11
31 39
31 42
31 40
26 41
55 60
90 100
92 95
77 88
25 34
41 75
1 21
67 81
10 21
70 88
54 62
33 41
62 77
85 89
14 16
24 41
6 14
49 64
58 71
57 66
80 86
21 26
72 96
72 75
49 57
76 91
58 71
70 81
17 21
87 93
22 35
42 46
74 90
36 45
95 100
1 9
17 36
18 58
54 63
13 19
73 97
69 79
73 80
64 91
50 54
91 98
16 27
73 75
28 45
29 37
42 48
75 82
5 13
85 100
34 42
42 58
34 46
87 94
22 35
55 64
3 9
46 49
4 18
68 85
59 80
36 44
87 91
33 48
3 12
81 87
78 83
60 66
1 20
40 46
46 51
84 90
34 60
53 61
41 63
70 77
21 36
84 97
58 81
55 68
67 76
53 81
59 71
45 49
53 62
36 49
2 19
81 89
32 48
24 47
29 49
64 67
8 15
42 48
30 47
26 34
69 79
91 100
39 47
68 80
22 30
79 94
51 69
60 67
8 13
46 58
59 68
54 64
40 46
40 44
72 86
89 100
80 86
62 66
12 25
87 98
73 80
86 93
39 55
8 33
8 12
8 22
55 80
41 59
53 59
66 69
52 58
64 69
41 56
49 57
74 83
53 72
2 9
74 93
80 91
69 99
71 86
65 77
49 75
65 78
1 24
83 91
77 86
16 23
38 46
37 54
69 72
17 35
48 67
23 24
78 81
27 36
8 13
55 100
31 40
77 81
81 83
39 41
21 31
15 31
42 62
18 20
53 62
36 43
62 70
31 54
32 48
7 17
55 64
64 69
77 85
48 54
49 99
4 36
70 90
93 96
15 32
16 25
84 98
31 51
32 37
5 14
53 83
26 40
4 17
4 13
87 97
93 100
5 13
49 61
54 56
75 82
30 38
84 93
51 66
42 49
85 98
50 53
68 74
75 81
51 71
56 63
79 100
39 54
63 80
21 29
34 43
17 19
43 58
11 17
23 31
59 71
39 44
35 44
45 59
36 41
19 37
79 85
14 35
21 38
26 36
26 39
43 51
36 67
52 79
71 80
38 48
41 48
83 98
10 15
31 36
69 71
52 56
69 73
30 37
8 25
32 36
43 57
62 63
56 73
66 75
15 17
2 5
50 57
43 59
66 79
42 53
4 17
31 36
61 77
73 75
67 78
45 57
58 62
16 25
35 43
58 81
6 17
69 96
11 14
48 55
20 25
79 88
42 46
44 58
40 45
22 23
35 46
14 19
28 38
61 66
10 33
72 84
25 35
12 16
45 72
60 65
8 16
18 31
12 21
78 87
17 30
13 27
48 60
25 45
42 44
78 86
62 66
64 74
19 22
32 49
28 48
41 57
22 28
50 57
38 43
33 41
56 60
8 15
11 16
72 76
13 21
28 35
65 82
41 66
22 39
56 61
69 90
90 98
53 60
60 61
81 95
31 43
34 41
72 85
67 75
34 47
52 73
26 45
37 43
2 16
33 41
55 73
37 41
57 74
43 49
85 95
92 95
43 57
27 44
48 53
93 100
64 70
92 97
29 35
14 26
65 86
44 47
4 14
26 39
41 52
73 77
39 47
5 13
28 36
79 92
60 66
45 60
35 52
28 35
35 40
33 48
85 90
73 93
51 70
63 68
37 40
72 80
49 55
41 44
9 16
14 31
87 96
61 74
68 93
32 35
34 39
78 87
83 86
54 76
29 36
45 55
38 44
10 22
69 88
47 59
55 58
80 83
3 15
35 45
30 41
4 32
27 30
32 63
81 96
80 85
63 74
44 52
40 45
7 19
88 96
45 58
8 18
9 25
51 57
37 52
20 26
84 99
22 27
13 17
59 67
15 24
95 99
4 15
34 54
15 21
80 91
62 75
53 59
46 60
53 56
89 100
60 70
45 55
15 21
55 71
24 30
13 22
20 22
55 79
81 85
40 43
11 16
59 63
37 46
65 71
82 90
71 81
60 72
11 17
69 74
57 71
15 30
55 63
38 59
58 72
52 56
15 32
25 41
28 44
14 34
96 100
25 42
62 67
55 69
23 26
47 53
76 81
4 11
70 82
85 93
67 82
45 57
87 90
81 88
49 54
91 95
57 58
51 59
68 98
52 59
62 70
51 57
19 27
82 85
61 97
31 39
81 85
34 53
20 55
79 100
14 25
72 83
5 12
21 30
55 60
26 35
6 15
70 96
51 71
46 62
24 41
68 74
5 12
88 97
46 77
93 99
77 87
85 94
25 32
70 94
82 95
56 70
84 87
14 16
52 65
9 16
89 95
29 46
32 37
1 3
14 43
43 62
62 80
5 17
67 77
87 92
70 87
7 17
44 74
85 91
35 39
46 62
49 59
19 24
12 22
62 75
38 62
14 19
24 30
12 15
47 50
59 63
67 71
11 12
76 85
27 30
60 70
46 53
19 26
83 99
50 59
36 43
14 34
31 34
82 87
50 58
73 90
19 27
65 79
51 67
44 55
24 34
56 69
33 75
51 63
35 52
12 31
32 35
8 15
38 43
49 70
77 86
9 14
34 53
46 51
41 45
18 23
35 38
65 94
92 100
57 81
61 69
79 94
27 41
62 82
53 65
56 59
17 26
4 12
94 100
70 77
4 11
41 44
32 42
92 100
73 81
19 28
12 16
82 95
83 89
42 69
26 32
39 46
77 95
3 14
62 79
69 71
46 50
82 90
85 95
19 37
35 41
7 16
7 16
7 12
80 85
3 9
75 87
5 8
75 81
82 90
32 37
20 39
41 50
74 83
71 77
26 37
5 17
48 57
20 36
68 74
45 52
1 3
72 82
7 72
56 68
78 82
72 97
23 28
39 43
81 90
47 53
21 37
85 93
52 56
14 19
12 28
59 72
20 38
48 56
65 70
67 71
47 62
8 11
85 92
31 47
88 93
28 39
68 86
77 81
39 46
82 86
56 57
4 24
53 95
45 56
77 88
29 41
17 34
5 10
57 75
84 89
83 95
42 45
22 33
2 17
52 55
13 18
89 95
42 52
74 77
70 90
90 98
89 94
78 83
74 81
24 27
5 20
31 40
64 73
40 68
83 94
94 98
17 33
49 56
65 79
72 73
57 61
18 35
81 88
65 80
87 94
18 25
55 76
10 17
19 24
10 18
34 37
61 66
8 19
67 75
82 96
2 11
28 33
37 41
48 56
37 48
39 48
46 53
2 14
83 95
69 80
26 75
42 53
48 53
41 57
19 37
88 93
83 89
19 35
70 76
38 42
17 27
44 56
59 61
65 71
83 99
51 55
23 27
27 38
3 17
42 88
77 90
32 70
3 10
40 44
66 76
59 67
5 13
70 82
65 92
50 59
16 33
38 55
13 38
51 60
72 79
43 55
22 39
33 40
84 93
51 70
55 62
17 26
42 45
96 99
37 55
25 31
78 92
39 52
32 37
13 18
81 95
89 97
49 57
24 33
12 16
43 79
21 23
79 86
11 21
15 22
61 76
77 80
39 52
4 12
78 82
43 62
67 72
42 50
64 87
48 53
75 79
62 87
55 65
47 61
6 13
11 23
4 11
32 38
22 29
61 65
29 43
2 15
59 64
35 51
2 10
33 40
71 86
86 92
6 15
33 53
50 61
46 54
35 42
8 13
32 46
68 88
13 47
69 77
54 59
64 72
30 42
25 52
54 60
59 64
22 54
89 94
27 52
53 56
71 82
16 25
22 32
50 62
61 76
67 70
22 27
38 47
31 35
9 18
63 75
22 44
8 16
86 92
85 96
19 23
45 53
2 8
43 54
25 53
50 61
23 33
1 6
23 30
15 30
75 83
61 74
16 30
77 83
29 42
35 56
77 80
79 88
80 83
73 77
11 23
28 32
4 20
17 27
68 78
49 73
36 41
57 62
70 83
26 32
56 59
63 82
77 81
60 64
44 78
44 57
47 53
81 88
11 18
25 36
20 44
50 59
51 56
93 97
96 99
12 26
33 37
88 99
2 16
32 40
64 68
78 87
53 59
47 59
62 68
60 72
62 82
94 99
56 81
55 58
45 54
72 76
5 16
65 73
18 22
23 29
5 25
51 65
68 76
70 82
12 26
13 16
56 77
46 67
5 22
92 100
70 78
48 58
84 94
72 76
43 48
49 67
25 27
76 85
93 98
20 30
32 35
51 85
12 15
63 67
89 92
72 82
24 40
27 38
72 85
43 50
74 84
16 30
40 62
47 56
72 80
48 50
27 46
64 71
71 97
6 12
13 18
88 96
61 66
13 29
62 74
26 37
48 66
52 57
73 86
39 50
7 24
5 14
42 52
41 48
77 96
63 65
5 19
39 51
28 35
12 23
2 8
69 99
29 39
21 36
74 80
57 62
39 42
51 55
13 15
81 94
43 52
37 43
12 17
23 33
57 64
18 39
81 88
7 17
34 40
85 99
29 41
34 39
48 65
41 52
4 13
16 24
71 75
11 20
45 59
34 37
60 79
28 40
69 73
25 39
19 30
37 41
77 85
5 13
34 42
2 8
12 17
53 62
47 62
23 39
15 41
1 15
23 28
19 40
40 50
20 28
59 73
45 62
61 74
70 76
32 38
8 14
55 59
60 62
30 42
85 96
