100 20 20 5
00000000000000000000
00000000000000000000
00000000000000000000
00000000000000001111
11110000000000000000
00000000000000000000
00000000000000000000
00000000000000000000
00000000000000000000
00001111000001111111
00000000000000000000
00000000000000000000
00000000000000000000
00000000111100000000
00000000000000000000
00001111000000000000
00000000000000000000
00000000000000000000
00000000000000000000
0000000001000000000
0000000001000000000
0000000001000000000
0000000001000000000
0000000000000000000
0000000000000000000
0000000000000000000
0000000000001000000
0000000100001000000
0000000100001000000
0000000100000001000
0000000100000001000
0000000100000001000
0000000100000001000
0000000100000000000
0000000100000000000
0000000100000100000
0000000100000100000
0000000100000100000
0000000100000100000
6342
51 57
34 39
31 34
66 99
7 13
17 39
11 21
29 41
78 87
18 23
72 82
26 33
57 59
47 56
48 53
61 67
40 53
73 82
44 56
26 33
27 36
80 83
79 86
42 50
57 87
26 34
77 84
18 31
46 59
15 23
37 42
83 92
83 93
24 36
87 93
5 9
74 86
16 27
32 38
56 62
20 30
21 31
62 76
20 31
70 75
39 63
32 39
76 78
1 11
39 68
55 62
2 21
61 64
23 29
40 58
77 85
39 46
36 50
42 58
41 50
43 51
87 93
9 17
13 23
9 26
68 76
15 20
43 65
54 66
41 54
74 85
10 16
92 100
31 81
63 71
28 33
40 50
79 89
45 60
49 57
6 27
44 49
32 36
1 5
68 75
33 42
39 44
55 69
52 60
25 31
52 57
66 75
83 93
39 46
25 29
31 39
59 68
50 57
56 65
5 11
8 20
36 44
31 43
23 30
88 94
31 37
58 69
70 81
57 68
7 16
32 44
18 32
71 92
77 86
76 83
70 85
12 24
60 75
48 56
86 90
72 84
44 47
78 99
58 75
38 59
25 70
65 88
81 97
40 44
50 63
57 71
51 62
32 41
61 85
18 25
72 75
13 21
93 99
51 58
72 77
50 55
5 16
19 22
9 16
22 26
76 80
22 33
7 11
21 29
74 88
8 20
59 77
14 18
4 14
83 94
50 60
23 31
12 43
14 19
81 87
46 63
69 73
70 83
9 35
38 52
81 95
70 77
45 55
74 80
12 32
34 44
47 48
5 8
64 85
36 47
66 75
20 23
46 51
43 60
74 84
55 59
26 40
74 79
16 27
72 80
40 50
74 76
4 13
42 50
62 90
90 99
48 51
76 89
39 47
80 85
45 51
17 19
55 77
91 99
67 69
22 36
25 33
44 54
38 46
15 22
3 19
82 87
14 23
49 61
49 58
16 35
74 86
52 84
63 71
13 43
59 68
58 62
66 79
79 100
23 29
47 48
34 46
47 69
52 66
25 41
50 56
23 37
58 66
73 86
30 45
38 44
72 76
7 12
36 43
36 53
83 95
66 72
6 22
12 18
64 82
80 91
22 28
76 82
21 25
1 9
82 90
68 89
43 56
35 43
34 50
12 38
65 72
79 100
36 43
32 58
26 42
17 21
69 73
51 57
64 82
67 74
6 11
63 70
24 44
40 49
44 61
2 25
7 12
50 57
10 26
10 36
14 20
12 29
4 17
2 25
61 73
27 31
88 97
25 31
65 75
12 28
18 26
87 91
48 51
27 33
58 66
38 45
9 14
88 95
17 26
28 37
20 32
26 33
21 33
24 50
15 19
80 93
72 83
25 45
52 63
11 25
26 34
1 16
36 41
20 23
86 88
32 34
39 53
39 49
21 26
38 41
3 20
50 54
77 88
51 60
10 20
68 73
7 17
76 89
74 81
29 44
61 80
69 82
80 93
42 57
8 17
82 90
83 100
27 40
2 20
80 92
21 26
33 39
58 66
73 81
7 16
53 57
14 17
43 50
3 9
55 61
67 74
81 83
57 79
81 87
63 73
83 92
62 76
58 65
11 16
61 67
2 19
58 71
15 24
84 91
20 25
45 64
12 24
88 94
90 97
88 90
52 59
80 84
80 99
72 82
70 74
64 74
61 79
55 62
42 57
63 68
91 97
36 50
50 57
23 35
72 80
70 77
65 74
41 50
34 50
30 35
2 23
70 79
29 43
89 94
62 71
1 17
75 86
8 11
4 8
44 55
29 32
29 35
83 87
76 80
30 60
31 47
1 12
61 70
17 34
50 74
69 76
4 24
9 24
60 64
66 99
34 48
13 20
34 44
61 76
16 20
52 64
13 19
82 88
51 66
50 63
82 87
35 43
36 40
39 45
83 93
29 44
14 24
58 60
16 24
40 55
43 47
80 89
71 84
13 26
46 52
89 93
11 17
64 70
1 7
11 24
76 87
59 69
25 35
67 82
82 85
30 34
55 65
17 21
27 35
72 99
54 63
64 69
21 34
84 92
79 87
57 62
36 49
55 63
51 66
57 65
39 53
71 85
21 28
73 90
6 31
38 53
49 59
56 69
81 86
10 24
40 67
80 90
69 80
89 100
36 64
42 64
28 35
70 75
74 77
52 66
34 54
52 62
1 11
81 91
68 83
94 100
54 74
54 73
52 58
57 66
48 52
79 94
86 95
15 31
59 71
15 21
13 15
20 25
56 61
21 27
21 26
24 39
42 49
63 87
13 31
39 45
4 7
70 88
65 83
42 47
34 50
38 48
8 13
73 80
10 14
13 37
51 56
6 16
36 54
23 33
47 68
12 22
62 67
41 57
78 99
2 20
10 30
27 33
72 82
90 100
62 66
7 15
38 46
77 79
2 16
3 11
27 34
76 82
70 77
8 19
35 47
13 33
83 93
23 41
68 78
37 42
86 92
92 94
55 68
73 88
15 17
71 87
85 89
24 33
33 48
82 91
8 21
48 59
24 37
24 29
9 13
72 80
9 23
9 15
45 54
74 84
58 67
11 15
29 52
17 20
52 70
11 24
32 49
26 50
3 12
53 83
58 70
41 49
58 69
44 51
47 63
65 77
76 90
64 74
50 63
1 13
68 91
16 42
88 97
52 93
87 90
56 75
45 70
21 25
37 50
84 97
94 100
68 77
6 18
72 83
27 40
36 54
68 81
51 60
9 20
5 18
56 59
14 19
81 87
68 75
12 21
70 86
17 19
63 69
40 51
9 46
46 57
14 34
91 96
88 99
83 98
89 98
21 41
65 79
58 74
52 57
79 85
54 76
31 34
22 31
56 64
57 65
65 72
38 43
64 72
54 76
2 20
3 5
2 5
63 73
53 69
23 34
68 83
70 74
53 55
68 75
34 39
88 95
5 29
34 42
13 22
22 32
11 41
31 43
64 76
67 84
37 58
14 32
42 49
35 48
16 43
31 42
1 37
69 91
56 65
77 80
88 98
42 54
32 40
78 86
16 24
61 68
48 58
59 79
23 32
26 38
83 93
17 25
32 37
31 39
11 20
10 13
38 45
92 96
61 81
13 17
29 35
65 67
82 98
52 60
65 79
27 36
55 60
28 34
51 67
46 53
27 37
27 30
73 76
5 17
71 78
65 67
78 84
72 84
38 46
53 56
78 88
86 92
24 30
21 27
1 10
31 42
37 45
11 20
13 28
54 74
41 45
42 60
5 18
57 68
23 26
62 67
79 82
74 86
82 87
72 78
40 49
57 72
72 80
10 41
30 43
95 99
41 48
73 76
55 58
62 64
54 64
85 97
32 40
54 65
60 64
36 45
67 70
55 71
2 8
30 35
68 74
86 93
7 26
53 61
47 52
16 31
60 68
16 31
46 54
7 16
39 42
81 99
3 20
60 68
71 76
35 42
88 93
26 45
73 77
74 89
55 62
27 37
5 13
23 44
63 75
31 55
32 50
44 55
28 38
15 26
25 41
14 18
65 73
36 55
40 43
75 83
19 29
25 29
1 11
27 34
76 88
15 51
55 77
63 71
8 18
27 37
15 24
31 34
54 64
51 60
46 55
50 54
85 95
24 31
12 15
75 84
26 39
16 26
15 28
29 40
27 33
48 53
70 93
68 89
20 37
72 83
50 61
70 80
68 73
42 51
33 44
65 68
40 53
58 66
44 67
54 73
92 100
57 77
45 50
3 17
14 51
40 47
78 100
14 27
76 94
12 15
46 55
72 89
48 57
15 23
30 36
33 36
71 74
33 47
73 76
5 15
44 66
17 29
67 70
85 90
81 90
83 100
57 92
72 82
27 41
12 25
5 15
21 43
74 76
59 68
14 22
5 10
43 53
66 78
31 38
72 87
25 47
56 67
69 74
39 43
14 17
71 80
29 49
77 89
66 73
90 99
68 80
76 82
27 42
31 46
10 16
23 32
88 90
5 8
76 81
23 31
5 12
58 69
23 46
3 12
73 91
56 60
47 65
1 10
24 30
11 16
27 33
92 100
64 73
32 40
86 95
34 41
85 94
47 51
4 22
71 83
88 90
91 97
55 78
78 86
67 77
82 87
12 25
88 100
79 82
17 19
52 57
33 42
79 88
55 72
43 49
65 71
10 40
8 20
73 86
9 24
77 86
52 59
10 21
77 82
33 43
52 56
21 26
48 53
33 42
18 33
32 34
25 29
34 53
81 98
28 30
50 75
9 18
33 42
65 78
27 30
29 37
56 77
43 63
63 90
91 97
16 27
74 89
1 5
69 76
57 67
13 19
61 67
23 36
52 64
5 14
62 73
27 33
30 37
39 50
1 7
18 24
24 35
72 84
33 45
25 31
12 18
19 28
12 28
29 37
55 68
71 94
56 59
15 21
35 40
10 14
19 22
18 25
27 38
50 55
24 38
59 81
45 49
59 63
29 40
16 26
41 50
9 15
65 76
79 100
87 97
95 99
30 35
86 94
63 70
57 61
86 97
78 88
74 82
29 47
9 24
45 60
56 71
46 53
56 65
91 98
16 36
18 23
17 32
68 81
55 61
42 52
81 92
41 53
59 71
59 64
62 67
2 6
46 54
79 86
74 79
25 35
65 75
85 95
77 87
13 23
24 35
74 87
18 55
66 88
28 29
31 41
91 98
71 82
71 82
86 90
75 90
44 51
8 32
90 95
36 46
51 57
10 23
49 63
94 99
51 53
23 28
11 38
19 21
77 79
25 29
37 51
96 100
92 100
67 71
36 51
27 31
72 76
20 30
33 42
5 12
78 81
69 92
78 96
7 10
22 29
72 84
72 84
72 78
34 58
13 42
20 36
20 37
34 43
73 77
81 83
85 90
78 97
65 89
72 78
55 63
15 23
8 12
61 69
51 62
13 20
45 69
19 24
97 99
48 57
66 74
59 74
87 96
77 95
22 34
96 100
50 70
70 78
46 50
35 58
48 61
26 53
53 72
61 72
45 55
14 21
18 33
39 48
44 61
84 96
39 44
28 29
91 99
17 20
92 96
61 71
35 51
17 23
70 78
20 25
39 57
40 47
43 55
79 94
26 34
60 62
9 30
32 55
59 75
48 63
56 62
89 100
70 82
78 92
15 19
73 84
3 12
67 74
68 77
7 13
26 31
21 28
15 34
65 70
1 7
15 33
1 4
52 61
55 66
45 49
35 38
28 42
45 69
10 16
43 54
53 62
80 89
35 38
30 37
32 38
38 45
75 80
66 72
80 84
28 40
18 25
67 84
68 74
50 53
30 32
13 19
87 96
30 46
79 82
54 60
30 41
64 81
24 27
26 35
39 45
88 94
20 40
42 55
50 58
88 99
71 73
26 39
45 62
60 64
53 67
61 69
85 100
14 29
52 60
4 22
38 59
86 91
60 66
38 61
37 61
70 78
65 71
28 35
20 27
69 89
75 87
67 73
24 74
52 82
38 49
45 51
16 21
32 36
14 20
61 66
42 45
41 49
52 60
87 92
17 42
61 71
93 100
56 63
19 31
34 37
44 50
12 31
76 92
17 30
3 5
30 41
15 29
24 33
73 86
6 21
53 64
61 83
80 87
38 43
57 63
16 28
68 72
20 56
68 71
4 16
75 97
85 94
10 13
57 71
50 64
25 35
57 59
69 84
19 24
71 97
18 42
34 46
3 14
51 65
86 89
14 24
4 12
46 54
54 65
55 74
52 60
33 46
6 13
10 17
50 56
63 86
9 31
73 97
25 38
18 23
19 32
83 86
55 58
43 54
3 18
23 30
50 63
85 89
78 80
35 45
22 35
32 42
65 88
19 20
87 98
75 94
17 33
86 96
74 88
70 81
76 83
18 22
56 89
36 44
12 26
13 22
7 19
42 49
31 39
15 25
16 37
52 75
13 21
16 25
39 49
25 37
10 17
80 93
67 69
36 41
40 47
11 16
24 40
35 43
41 50
19 26
47 50
26 34
30 81
54 61
2 41
77 94
2 11
68 70
74 86
74 84
72 76
60 72
36 43
63 74
40 52
18 26
24 25
3 8
42 47
29 33
72 89
78 80
19 28
23 39
19 31
9 17
29 38
31 36
61 66
38 44
91 97
36 55
35 44
7 17
57 78
26 36
20 25
77 90
35 44
14 19
82 90
45 50
73 90
60 86
43 50
73 77
88 98
65 67
26 33
25 29
59 81
1 9
30 54
45 56
3 13
60 63
80 83
20 25
25 42
57 67
4 18
50 57
43 50
12 23
84 89
75 77
25 58
7 16
29 54
29 36
35 58
81 93
52 56
79 83
27 30
26 37
4 10
59 75
46 68
31 45
71 76
82 90
60 71
30 39
67 74
70 100
2 18
57 65
26 33
1 9
78 91
57 61
97 100
52 59
43 50
22 30
83 92
67 81
81 90
44 48
19 27
2 13
29 44
72 90
58 95
50 58
29 33
32 45
57 73
81 83
27 35
83 92
71 78
65 78
17 21
69 74
33 44
83 95
5 12
91 94
75 84
21 30
66 86
25 37
26 30
75 81
16 25
78 99
63 66
81 90
1 11
73 79
7 17
6 12
56 61
27 34
57 66
3 11
36 52
79 92
44 52
46 57
89 98
62 67
88 91
38 43
53 61
5 15
30 34
76 79
54 81
27 48
84 89
45 51
30 41
31 43
12 28
45 50
48 57
59 73
71 72
52 71
40 55
6 13
24 32
56 67
53 70
12 22
41 51
39 50
75 79
65 79
57 73
44 73
64 82
11 15
48 50
87 100
62 64
8 29
31 45
82 89
60 74
78 87
2 15
76 83
44 80
61 69
79 82
53 67
87 95
58 66
58 65
84 100
17 24
35 42
5 13
82 95
15 23
40 53
74 80
12 20
12 19
18 27
2 19
71 88
86 90
64 68
76 82
32 68
31 53
22 28
44 64
37 39
47 54
22 28
39 52
51 73
1 14
90 94
26 41
3 14
75 90
88 97
63 81
7 28
61 70
24 31
3 19
19 25
8 31
44 56
53 64
14 26
19 30
49 52
46 52
16 22
13 31
40 53
22 29
33 54
76 79
2 19
3 22
68 75
37 48
6 27
8 14
69 81
21 27
35 53
28 38
35 42
46 58
85 89
91 94
80 85
58 67
41 55
76 87
12 37
15 22
22 38
57 72
31 39
88 90
11 21
14 24
75 86
16 32
25 47
14 16
34 40
38 53
61 68
62 77
43 54
27 35
57 82
2 23
70 91
75 83
55 66
19 27
50 77
61 78
27 35
34 40
34 44
3 25
7 15
66 76
62 77
76 78
52 67
48 58
65 72
2 8
25 27
61 69
57 61
22 33
31 50
18 24
51 69
66 76
37 56
84 92
20 28
33 34
64 71
16 31
3 26
32 41
62 65
57 61
12 32
57 59
50 61
33 39
61 65
54 78
75 83
62 74
81 85
45 53
65 80
87 91
22 31
7 25
52 59
79 95
6 9
39 40
29 39
19 26
36 46
25 38
57 63
51 56
22 24
48 99
16 24
48 55
44 58
62 75
62 77
61 77
7 13
5 28
66 85
75 84
70 82
69 87
10 21
32 51
29 34
7 13
82 85
49 57
14 28
17 28
52 56
38 52
34 45
50 65
86 88
91 99
17 38
45 57
72 86
89 94
60 66
76 98
4 14
69 86
11 16
45 55
84 86
2 8
53 55
48 55
71 76
45 64
3 23
19 40
84 94
79 84
83 92
27 38
67 97
46 70
43 54
55 62
78 92
17 24
90 100
70 73
45 51
53 62
41 47
18 22
34 40
71 85
47 65
74 77
9 11
69 79
80 88
53 63
56 60
51 65
55 66
55 90
69 81
2 7
85 93
73 78
56 59
31 36
4 10
92 96
56 64
48 56
55 72
62 69
68 77
63 72
62 91
35 46
83 95
93 97
42 59
52 57
79 100
68 83
8 31
14 15
63 79
83 90
9 17
55 60
26 29
50 58
2 4
88 95
81 93
48 71
48 78
63 78
28 38
46 52
73 85
1 12
40 43
14 18
83 88
79 93
72 83
77 83
63 72
66 81
5 20
7 17
50 54
52 86
50 62
45 55
81 87
56 68
52 56
90 98
41 58
71 80
81 90
55 61
23 34
41 53
41 43
59 66
48 49
39 54
90 95
73 91
44 48
12 18
40 52
31 42
82 86
17 29
94 98
73 88
9 17
30 43
68 80
67 72
75 92
80 93
3 13
4 14
26 30
39 65
46 51
59 75
81 85
27 36
20 27
32 35
60 69
5 8
18 26
4 14
85 88
39 56
51 54
7 11
22 36
16 25
11 17
47 55
46 53
62 74
23 29
88 93
67 70
64 72
72 83
11 22
46 51
82 89
62 67
36 41
17 22
77 85
45 52
32 43
40 49
69 81
14 18
48 64
68 71
55 69
24 30
2 13
33 40
22 33
74 93
40 56
58 67
77 91
25 49
45 61
5 18
2 10
41 65
13 22
95 96
1 25
15 30
69 80
54 59
80 84
1 12
45 68
37 54
83 92
53 55
87 96
91 95
60 65
3 8
84 94
26 42
47 53
88 96
55 64
46 53
1 9
7 21
16 25
42 48
42 45
43 49
40 52
5 13
33 41
83 98
32 44
45 71
24 55
78 90
57 61
86 93
52 57
27 33
82 96
80 92
79 81
78 83
7 14
26 46
16 27
45 52
65 78
62 67
40 49
11 16
51 53
9 20
40 52
10 23
71 100
15 29
38 49
68 82
32 36
50 54
71 82
20 27
68 76
16 27
77 82
76 77
55 63
32 38
13 25
50 56
86 91
43 47
4 8
20 32
69 70
69 74
51 75
40 59
79 94
74 95
48 54
51 56
76 89
28 48
91 100
31 41
58 71
31 47
44 51
51 58
36 48
25 38
65 76
18 31
60 64
47 50
19 36
93 98
71 83
10 12
53 66
11 23
26 32
78 83
25 50
9 22
47 51
52 66
6 9
26 86
88 99
51 57
21 28
79 91
70 95
1 18
5 14
21 33
54 63
18 24
79 87
58 63
64 69
63 71
16 26
60 67
72 80
43 62
16 25
88 99
44 48
56 64
76 98
18 21
68 76
88 98
57 64
65 90
32 46
6 15
9 14
90 98
22 47
40 61
41 46
1 8
7 42
67 72
48 51
75 83
44 68
41 57
40 47
15 30
79 95
15 22
59 66
6 16
60 75
45 66
88 95
66 70
42 56
44 51
89 95
23 37
83 94
12 29
78 95
4 9
12 29
59 86
70 98
38 43
73 81
14 25
3 16
33 50
62 68
52 56
35 37
11 18
80 86
27 50
32 52
95 100
68 73
26 69
46 49
62 81
51 59
59 71
25 51
69 75
94 100
72 79
18 25
12 24
75 92
11 18
3 11
15 18
23 28
5 19
73 76
16 20
65 70
21 30
64 82
74 80
11 14
92 99
38 48
64 69
48 94
34 41
84 89
33 42
81 92
16 25
18 28
7 28
54 70
70 74
76 94
70 74
29 33
66 77
76 96
45 59
10 12
4 9
14 28
47 55
76 81
26 39
55 63
15 23
31 55
20 36
7 29
5 15
60 73
48 59
53 59
54 68
1 7
54 68
49 50
75 81
55 60
50 64
11 22
51 66
86 98
25 30
74 79
40 48
26 30
24 25
47 58
1 13
89 95
29 37
34 52
37 44
37 45
61 69
40 55
16 39
36 63
11 22
8 15
4 11
9 26
4 9
75 79
31 36
26 33
65 76
45 61
49 55
76 81
60 67
18 29
54 56
66 77
22 24
34 41
80 92
84 95
43 62
51 54
79 91
77 86
31 47
84 88
71 77
29 52
76 77
61 67
38 55
88 97
47 59
58 62
30 37
16 26
30 41
70 78
65 71
76 78
12 17
13 22
9 14
62 80
76 80
63 70
50 53
25 35
29 46
62 66
82 95
36 41
35 60
40 50
81 94
62 70
15 22
14 29
39 50
44 48
25 39
2 9
70 77
37 42
55 60
35 48
22 33
79 100
49 60
63 80
36 54
78 85
70 85
5 9
78 88
11 15
48 55
67 75
77 86
61 66
32 38
7 13
12 32
64 82
80 82
15 26
69 76
20 23
61 67
57 64
60 65
17 25
16 23
25 59
58 79
72 80
24 31
21 27
25 45
82 87
67 82
32 40
15 19
70 74
27 30
39 48
60 83
71 81
72 83
90 93
9 22
39 55
24 31
17 22
43 53
45 66
20 28
68 77
29 35
41 44
30 45
49 56
47 53
12 24
93 97
57 66
16 25
89 94
14 32
80 90
73 80
43 46
34 41
71 78
51 56
72 86
50 56
63 68
38 49
59 64
4 15
26 33
76 88
6 13
61 66
66 76
13 19
18 25
38 48
37 70
90 91
54 65
84 95
44 56
4 8
64 66
14 38
23 28
79 84
71 91
21 35
21 27
70 79
9 14
87 96
58 66
51 59
54 59
19 31
30 33
68 73
61 68
57 81
70 75
21 28
65 84
10 29
77 89
22 27
77 89
27 53
74 85
19 41
76 86
57 60
93 100
47 48
19 30
60 62
24 30
23 29
29 45
90 97
21 29
93 100
44 61
87 97
68 74
41 54
15 34
9 15
49 71
73 74
12 24
46 57
79 94
91 98
36 47
80 100
40 48
42 50
85 92
10 16
84 88
42 52
18 31
56 69
76 87
10 17
85 96
25 30
16 26
79 84
41 51
8 15
21 30
16 24
24 37
79 92
5 19
16 22
77 82
16 21
69 84
6 27
91 95
50 58
3 11
36 60
54 64
12 23
24 39
10 24
18 23
1 20
41 52
45 56
30 36
73 84
69 87
6 11
32 48
14 28
44 58
62 78
24 34
2 9
27 39
19 28
41 86
31 37
61 67
16 34
27 51
25 37
29 37
1 8
33 57
80 89
53 57
65 71
59 70
47 61
26 41
42 56
44 53
64 71
4 28
74 93
68 72
88 96
81 88
42 61
3 18
15 27
41 51
47 69
55 58
16 23
1 14
54 60
17 23
62 74
58 67
92 97
28 41
46 50
16 19
27 45
23 36
4 19
40 46
23 39
14 24
79 91
34 51
24 30
77 85
46 56
64 73
27 37
33 39
79 95
52 66
47 49
37 48
63 72
67 93
9 14
91 100
59 66
63 75
55 62
6 19
46 58
40 60
13 21
5 9
61 71
52 65
45 54
4 8
48 57
42 48
82 93
24 33
61 79
11 15
74 80
87 92
53 59
43 60
36 42
3 16
36 57
85 94
1 9
65 73
31 37
21 28
18 21
32 49
36 42
3 15
28 35
6 25
15 19
40 42
58 63
1 14
19 32
17 44
35 43
42 50
57 81
37 47
48 61
38 48
40 47
76 84
9 19
56 88
62 72
75 82
9 12
89 99
62 66
30 37
51 62
9 28
90 99
50 75
22 39
78 89
62 70
2 10
2 6
54 73
77 93
51 57
72 75
9 27
39 47
61 82
48 67
83 86
62 73
3 12
17 38
21 25
83 92
40 64
68 81
6 20
17 30
27 55
36 46
27 43
41 47
81 92
87 91
8 21
88 96
62 81
21 65
71 81
22 25
43 46
29 39
53 61
25 39
7 20
2 8
24 35
23 41
81 91
49 52
62 68
66 79
90 95
34 54
2 16
60 81
67 81
57 60
63 75
13 34
39 52
23 30
29 36
86 99
45 49
66 71
65 71
6 10
64 73
51 56
68 74
20 38
11 21
83 93
75 83
74 84
49 58
35 43
63 73
14 16
25 32
48 52
1 7
78 83
64 77
78 84
83 98
94 99
51 65
91 98
59 73
60 62
25 38
26 54
17 23
79 94
71 79
25 28
13 35
1 11
47 54
23 34
74 90
37 47
27 40
15 23
13 20
63 70
60 73
11 22
86 98
30 49
65 75
1 8
46 76
56 80
52 63
26 41
94 100
93 100
14 24
13 23
46 65
88 93
13 18
48 55
74 76
3 12
75 84
51 55
44 53
60 70
58 78
50 59
47 53
39 52
69 87
65 80
68 72
31 41
20 37
64 71
80 87
86 99
82 97
32 49
25 30
44 79
29 31
34 40
18 21
52 58
43 56
54 59
25 33
9 22
53 62
14 25
33 38
57 64
28 37
41 44
17 23
65 68
86 87
39 44
58 66
4 34
19 26
50 62
6 37
38 48
90 95
36 58
2 10
20 26
26 45
46 66
71 75
75 81
45 53
54 66
24 39
67 84
84 95
45 57
31 55
15 21
76 87
62 69
8 21
23 42
29 33
67 92
46 51
25 28
21 44
85 94
56 65
44 52
75 93
34 38
28 48
14 27
40 53
83 89
69 76
20 28
61 71
1 15
45 60
67 77
45 54
42 45
84 94
89 100
80 88
23 30
63 77
50 60
17 32
42 46
49 55
32 45
74 82
75 80
22 35
55 63
35 42
30 37
70 78
36 48
37 44
22 35
38 48
17 30
59 65
6 14
17 32
29 38
78 84
62 76
73 90
33 39
23 25
23 30
25 32
69 88
70 86
6 14
84 91
16 28
2 5
67 79
1 9
74 87
8 23
87 96
43 55
17 40
38 54
75 87
66 75
30 35
2 13
37 54
9 20
60 65
53 58
55 58
89 91
35 39
69 75
66 74
7 39
75 93
92 97
27 36
7 22
19 35
54 69
19 20
88 96
8 16
3 14
38 59
94 99
41 52
24 34
23 35
25 28
32 56
29 38
24 27
24 38
63 68
28 33
49 54
65 75
60 69
30 37
77 81
35 37
57 62
60 79
33 47
47 53
41 48
81 96
36 53
31 42
44 48
25 37
30 34
67 77
10 11
76 79
35 39
66 73
25 40
43 59
51 60
48 62
79 92
36 39
76 82
61 87
18 22
9 13
86 91
4 28
25 28
29 32
33 42
23 32
27 54
15 24
70 83
37 38
27 32
87 91
62 71
19 24
43 57
25 40
11 18
75 82
93 95
20 27
2 12
79 87
66 78
65 72
41 50
37 44
29 33
75 82
10 19
18 29
31 84
6 16
46 57
91 97
67 78
8 29
12 15
67 81
22 31
44 55
11 19
60 82
74 81
74 83
30 60
23 28
5 9
32 50
40 48
82 87
29 39
47 53
60 71
77 88
4 20
27 34
77 96
42 61
3 72
12 34
58 70
60 66
22 27
39 43
39 44
70 88
66 80
27 49
23 58
78 89
8 13
49 52
41 52
79 81
87 98
92 98
35 44
81 88
22 27
31 50
46 62
2 9
24 30
16 20
52 61
56 68
48 67
58 67
14 28
55 76
10 15
6 17
54 59
85 93
96 100
9 20
8 20
33 38
66 68
15 33
34 62
13 21
2 20
26 30
87 96
88 96
59 65
39 65
41 44
14 33
79 80
9 51
7 14
27 32
49 56
9 20
82 86
1 26
72 96
63 69
80 97
61 70
84 96
44 56
46 57
55 60
41 45
25 30
9 13
35 46
14 23
40 54
30 41
82 88
9 16
51 54
61 68
68 75
52 67
51 53
43 52
35 47
74 84
53 66
29 33
64 72
37 40
72 75
8 12
47 53
78 96
77 85
94 98
12 18
80 93
98 100
13 24
54 76
25 33
78 89
46 55
99 100
86 91
52 57
39 43
65 67
86 96
27 31
68 74
45 68
85 97
74 88
43 64
88 96
4 14
9 24
57 63
42 51
11 14
71 76
3 44
8 14
55 60
58 61
10 13
44 72
50 60
73 82
10 16
7 10
91 99
1 13
89 95
54 66
82 93
50 68
49 52
45 49
12 18
68 74
9 17
93 98
87 90
57 65
24 45
2 5
9 13
6 13
48 54
62 67
63 75
38 49
25 27
87 99
36 52
5 16
11 18
14 30
4 26
36 43
28 37
45 48
55 64
36 52
88 94
8 14
62 67
80 82
83 89
34 51
12 20
94 98
37 47
79 95
18 51
34 41
82 89
60 71
80 93
34 46
58 67
51 62
11 16
31 51
26 32
80 83
3 13
59 98
3 34
21 43
62 79
84 86
75 84
26 51
13 18
91 97
12 16
80 89
28 37
10 29
50 54
32 36
87 99
80 81
58 81
80 91
15 23
96 99
82 96
25 46
66 77
47 52
55 60
35 41
84 93
30 45
52 58
7 15
78 98
78 99
95 100
63 69
59 67
3 16
55 78
43 66
9 22
92 96
16 37
23 25
36 54
33 68
20 36
64 67
57 85
26 44
31 40
51 64
36 44
55 63
26 48
21 27
81 90
87 97
64 80
12 21
40 50
83 90
20 25
61 66
30 35
81 94
43 62
36 74
80 83
30 31
24 52
71 89
52 61
81 92
86 95
29 34
49 51
49 57
39 46
87 99
43 47
75 86
46 48
35 39
72 99
18 26
74 79
86 91
89 97
61 68
55 61
6 18
19 24
45 62
23 36
78 88
52 60
29 33
47 57
88 94
21 27
80 89
48 50
16 29
31 59
32 56
19 28
76 88
8 18
89 94
16 25
26 41
50 61
55 63
86 91
25 30
86 89
50 63
58 67
60 63
42 55
6 18
57 66
28 33
12 17
19 27
33 48
4 18
30 48
39 45
12 16
77 85
18 22
52 71
55 89
65 73
25 47
16 21
82 87
63 73
67 72
16 34
69 85
16 31
21 37
39 44
28 38
55 57
49 64
15 27
61 69
59 63
5 12
97 100
90 93
93 100
45 48
73 98
69 85
2 86
28 31
64 75
80 87
9 17
4 12
25 31
81 96
50 59
82 100
80 89
24 36
63 87
53 62
82 87
80 83
85 95
27 51
88 99
50 61
2 15
1 3
66 78
75 78
11 28
74 79
75 80
65 75
48 58
82 97
4 13
85 95
31 36
40 46
30 44
82 86
38 47
13 23
16 30
18 47
39 53
54 58
44 65
93 98
5 42
49 62
13 16
85 96
62 80
41 46
59 74
49 54
57 61
3 11
50 52
4 8
40 52
64 78
5 13
7 13
23 39
19 22
70 76
18 29
71 82
6 15
44 51
71 75
29 44
69 76
6 31
21 30
39 46
59 72
90 97
63 69
16 20
76 84
38 46
27 32
67 93
8 30
58 76
37 45
48 56
74 82
45 53
81 90
82 92
69 95
12 19
17 25
86 97
72 79
15 20
50 61
24 29
82 91
22 34
54 56
45 69
53 65
48 51
20 37
14 18
2 12
30 34
75 93
55 60
78 88
32 44
62 70
23 27
91 99
40 69
59 71
72 76
15 21
9 14
7 11
16 24
51 61
91 98
53 57
50 59
68 77
55 65
77 91
54 62
78 93
47 56
80 88
31 41
63 67
52 68
13 24
73 75
77 91
64 70
61 68
3 9
2 14
22 42
4 13
27 51
8 13
79 97
5 16
56 78
46 52
87 89
55 82
23 37
61 72
94 96
1 13
25 32
52 68
54 63
24 43
83 99
4 19
62 66
77 83
32 48
12 23
62 73
8 27
22 29
7 33
20 29
65 69
78 84
88 95
50 62
83 92
31 42
48 65
10 14
26 35
69 84
43 52
12 16
8 24
7 25
32 42
41 50
61 72
18 24
66 73
27 45
33 63
2 22
24 38
74 84
15 18
77 85
41 45
47 63
69 84
81 88
41 47
32 37
4 11
16 19
78 85
94 100
73 77
5 17
37 42
54 56
28 31
42 43
87 92
66 80
49 55
73 82
84 99
92 97
46 56
7 21
63 74
93 96
60 81
81 89
84 88
64 71
6 33
39 47
54 75
50 86
8 16
14 80
70 74
16 20
31 44
55 63
57 96
16 39
61 68
22 26
32 42
32 40
42 62
34 40
51 67
34 44
30 41
64 70
43 46
22 29
37 41
31 37
35 46
30 34
61 66
46 52
30 41
57 69
63 74
14 28
62 75
62 91
67 72
80 96
13 32
80 84
76 81
14 28
9 20
35 40
51 59
31 62
5 10
87 98
36 45
48 60
63 77
84 87
43 67
77 83
16 32
35 40
60 64
5 8
61 73
45 47
61 68
12 16
66 77
30 40
51 55
80 86
42 45
33 48
69 85
28 31
52 60
54 62
59 79
89 95
57 62
59 88
82 92
7 62
9 11
40 47
88 99
56 67
70 72
51 60
24 30
85 88
6 9
44 50
78 81
1 26
83 87
37 43
61 89
19 35
92 96
35 49
70 79
77 89
55 60
23 29
59 64
31 43
73 81
75 88
67 79
31 37
17 26
63 74
58 63
68 95
74 81
22 53
28 34
76 82
61 95
34 43
26 34
62 100
21 26
64 70
29 46
50 70
25 30
55 62
90 98
74 86
33 41
25 42
54 56
33 39
73 93
79 95
66 72
62 71
44 64
4 17
33 46
78 83
46 63
16 20
88 95
68 74
5 24
4 7
13 28
4 18
82 92
19 25
54 70
9 20
77 95
53 60
1 6
63 70
68 70
35 54
24 27
55 62
43 46
59 74
89 92
47 51
39 72
22 30
77 82
35 47
10 17
44 61
17 25
59 62
30 46
32 51
21 27
21 25
59 64
36 42
82 85
16 30
19 29
24 36
76 86
52 56
35 41
24 29
7 16
26 34
29 42
16 28
64 81
66 93
35 50
6 18
63 73
23 32
39 42
49 60
95 98
32 52
40 52
81 99
1 6
73 79
15 23
45 54
41 71
9 19
37 43
24 35
66 76
28 44
85 90
62 66
11 16
60 68
56 70
8 24
1 3
18 22
43 45
32 42
9 26
39 48
11 14
85 95
43 48
33 49
89 95
23 29
31 50
38 47
59 78
22 31
48 53
74 79
76 78
1 11
69 81
28 30
30 44
89 99
5 11
62 67
47 52
10 13
65 79
38 47
37 50
32 45
41 43
15 21
87 100
83 89
17 20
55 57
44 66
56 77
36 40
19 29
6 12
47 58
55 71
38 41
11 17
91 99
35 41
65 75
72 77
31 36
63 80
4 11
43 52
78 83
65 69
36 51
87 98
59 70
64 79
28 37
52 59
64 69
88 99
2 13
11 27
15 26
60 71
4 7
62 64
88 91
18 22
77 88
44 49
27 31
60 75
39 46
74 92
52 55
25 43
1 25
2 10
47 57
83 86
47 65
72 79
40 46
44 46
5 24
82 90
88 97
79 84
73 76
50 52
71 81
21 24
85 100
73 77
88 93
45 54
10 29
24 30
63 71
11 18
63 73
29 35
8 21
95 99
3 13
10 22
81 93
93 98
66 79
43 52
8 36
9 24
55 57
84 89
52 59
42 53
21 23
76 84
39 45
32 46
47 69
25 30
36 40
2 15
40 74
61 69
16 23
72 83
36 44
68 98
73 80
71 91
11 22
47 63
1 7
12 23
37 48
52 69
19 43
86 98
55 59
6 28
40 53
67 76
76 84
90 99
3 8
67 75
70 77
20 44
24 37
61 69
75 81
54 61
45 47
63 67
54 69
66 84
56 59
85 95
54 65
55 58
42 57
13 27
11 16
57 79
60 72
4 10
37 46
83 90
54 74
38 48
73 90
21 38
48 62
6 18
52 67
13 23
46 56
16 25
26 31
74 88
8 13
76 99
5 19
66 72
19 31
57 64
75 98
85 95
29 48
61 70
59 65
82 89
70 92
87 100
56 82
4 13
29 44
71 76
74 81
70 78
39 53
79 87
69 86
57 68
72 87
4 48
82 89
28 51
28 31
67 78
19 46
52 58
5 18
10 15
52 59
51 59
44 51
44 49
47 55
21 30
29 35
79 87
73 82
62 76
50 89
22 48
79 84
5 11
82 91
64 65
18 32
40 48
52 61
73 82
62 70
23 32
41 71
82 90
4 10
33 42
56 64
21 39
80 89
29 38
37 57
75 78
28 40
61 90
41 46
20 33
42 67
33 66
32 48
69 80
55 84
67 73
30 51
44 60
67 80
35 50
27 35
79 98
44 50
74 91
53 61
21 26
66 72
48 53
50 82
25 30
18 44
1 4
1 13
80 90
87 99
48 80
34 49
93 100
17 47
38 53
45 52
16 19
17 31
9 14
28 33
15 22
78 91
5 10
30 35
82 95
83 93
87 93
27 34
20 28
18 25
23 35
15 23
3 27
35 50
48 53
59 75
65 86
10 16
54 67
85 95
58 67
35 42
26 32
69 91
41 61
33 43
62 83
27 35
76 86
78 86
36 56
23 31
46 58
37 43
64 75
38 41
18 32
3 33
63 69
21 29
72 85
5 36
82 90
32 38
64 70
15 41
39 45
32 40
5 16
16 19
3 27
27 36
76 84
76 78
2 11
9 13
82 91
22 35
37 47
60 62
50 56
38 56
5 15
44 47
39 44
10 23
40 41
5 9
70 82
82 88
93 100
57 74
60 80
16 19
27 45
83 92
82 86
79 86
23 29
76 93
62 69
87 93
83 91
33 38
2 6
18 25
7 11
17 19
79 94
43 72
47 65
40 55
60 78
28 35
82 99
27 35
51 62
63 71
25 43
32 39
69 76
21 41
27 30
76 88
2 13
84 95
16 20
76 84
14 28
14 25
95 96
20 26
38 51
83 93
13 23
26 35
38 54
72 85
40 47
27 32
84 97
77 82
6 21
11 21
31 49
49 55
89 94
73 91
44 46
74 83
65 69
2 11
40 51
34 48
56 61
11 33
87 91
11 18
96 100
58 64
26 31
13 31
49 63
89 94
93 95
33 50
20 26
22 29
92 99
55 57
77 96
33 53
45 60
75 86
26 42
31 33
54 62
33 42
28 33
31 49
37 41
62 72
22 31
4 15
77 87
69 84
40 46
46 50
19 21
79 94
84 92
29 38
3 16
11 33
15 23
46 58
58 68
42 53
4 14
62 76
28 31
85 90
13 23
14 35
46 50
32 35
55 60
61 78
59 75
30 36
94 98
55 63
17 24
3 11
34 44
42 47
88 100
7 24
26 37
53 69
71 86
21 40
85 92
2 40
27 49
45 59
32 34
27 45
63 70
52 61
12 18
79 82
25 29
57 82
57 62
61 66
78 97
53 63
62 67
44 49
2 10
96 100
60 73
33 41
51 55
16 28
11 42
79 89
78 82
15 28
15 26
46 64
44 57
72 80
24 36
56 66
82 98
71 77
10 18
62 75
62 67
74 85
8 41
59 78
61 73
8 31
10 19
3 10
10 23
67 97
28 34
70 73
80 87
34 39
58 62
12 22
94 98
45 54
3 15
48 60
32 41
47 52
71 76
73 92
77 85
49 58
6 16
14 20
67 73
24 32
41 49
76 82
41 56
79 94
82 99
9 16
50 70
71 81
91 98
59 67
16 35
26 40
70 79
68 84
76 89
50 55
82 89
71 76
58 63
64 68
80 91
43 50
7 14
83 88
53 60
5 10
83 96
69 77
34 53
12 24
66 70
5 8
53 60
24 43
89 92
54 60
57 83
42 58
32 37
37 47
53 59
16 35
77 87
59 69
85 93
54 59
48 61
81 95
73 80
10 16
92 94
35 57
33 55
73 80
51 59
43 49
69 75
81 89
35 47
27 35
1 13
8 24
8 16
6 9
18 22
53 67
36 43
32 34
79 100
4 12
67 88
56 68
46 59
31 38
79 88
41 61
55 65
11 25
96 100
45 48
72 81
92 100
37 58
43 52
72 77
74 83
77 80
83 89
82 96
19 31
85 93
73 83
4 39
44 54
61 76
60 68
86 93
11 21
43 53
70 81
13 22
86 96
2 28
52 64
42 66
87 96
8 10
23 32
55 58
94 100
35 47
36 46
10 26
56 62
18 28
58 61
54 64
60 71
78 86
55 63
43 56
65 87
73 82
27 46
34 48
13 23
65 83
18 42
44 55
3 13
10 17
66 75
60 63
54 69
33 43
40 46
49 60
75 87
72 91
91 100
86 91
91 100
38 46
35 51
1 3
77 87
14 20
11 13
57 69
23 45
26 43
56 67
79 85
84 87
28 36
21 26
58 63
46 58
28 38
85 88
26 56
65 70
8 18
20 23
83 92
66 72
90 97
35 46
50 55
19 29
77 93
18 28
39 46
33 44
43 49
12 33
22 34
50 55
89 91
41 59
43 54
60 64
17 40
8 13
79 89
55 69
65 80
44 49
62 76
39 42
11 31
89 95
84 90
83 91
27 40
29 44
61 83
79 92
38 42
48 63
8 14
73 78
5 11
7 22
44 48
8 16
42 52
83 94
4 37
10 24
78 89
59 67
5 16
26 36
63 70
72 82
49 71
43 44
50 53
26 35
11 19
79 99
15 22
68 89
54 59
52 57
58 84
42 56
72 85
11 30
79 94
63 82
61 77
81 92
18 32
41 44
9 18
59 78
36 50
24 35
64 69
60 67
54 58
19 28
2 8
61 81
74 90
73 82
84 91
7 26
69 72
18 29
40 44
53 70
6 16
49 54
65 75
11 21
90 99
59 64
24 27
5 21
54 62
2 45
70 75
19 21
76 89
9 17
20 69
47 58
13 20
10 25
25 35
32 42
68 95
48 69
70 72
23 40
16 24
41 47
68 70
54 62
80 97
48 52
46 57
39 46
6 14
21 27
79 92
65 74
17 32
32 53
39 51
88 98
6 22
81 94
69 85
81 82
64 69
86 95
55 67
36 58
69 80
73 84
6 11
59 71
95 100
74 87
49 58
82 88
41 50
78 84
50 53
28 38
74 79
42 59
60 70
16 18
84 92
40 58
10 25
17 23
39 43
79 86
59 65
84 91
38 44
27 57
12 25
16 33
23 26
65 84
47 67
64 66
92 99
75 83
90 99
44 53
90 98
83 90
58 65
7 13
47 61
34 40
24 26
43 62
69 81
77 83
43 47
59 66
51 61
36 44
32 38
20 28
92 100
51 57
85 93
64 73
12 18
52 61
12 24
55 66
41 47
26 46
59 67
79 94
57 65
30 37
69 74
43 56
9 13
48 68
49 53
77 88
4 20
15 18
16 23
16 23
56 78
36 55
42 56
14 51
43 70
1 4
14 29
14 17
46 56
52 57
11 16
73 83
13 24
42 51
9 25
75 81
49 62
84 100
67 72
74 88
2 19
60 72
38 45
43 54
9 18
74 78
31 35
38 50
1 7
63 69
17 22
42 50
13 22
25 43
16 19
35 45
81 92
84 87
2 4
48 54
78 87
72 76
40 44
25 50
11 25
47 81
80 84
17 26
17 24
34 43
7 14
17 22
28 43
75 96
13 26
66 76
29 33
21 35
20 24
49 53
24 33
14 23
45 72
80 87
9 45
33 43
71 87
5 12
96 100
10 21
47 58
75 89
38 57
78 82
26 35
10 25
79 82
75 82
50 55
83 89
6 12
2 19
47 48
71 77
70 71
27 39
89 99
80 92
19 26
52 56
39 47
33 36
36 39
89 90
3 30
56 68
24 30
82 87
52 61
75 89
72 75
37 60
33 39
92 100
96 98
53 68
76 86
9 18
35 44
40 47
6 18
13 29
52 76
47 58
35 54
77 91
20 23
92 96
3 7
86 90
27 35
13 71
98 100
75 82
63 74
81 88
50 64
52 67
45 53
93 100
59 74
57 82
63 69
90 94
62 66
42 80
32 48
23 27
64 68
94 97
86 97
40 47
29 49
50 56
70 79
28 29
34 38
62 67
88 92
54 62
58 83
80 90
83 99
64 68
53 71
26 30
12 14
29 33
9 12
57 67
36 61
7 10
53 66
85 98
57 63
84 96
8 14
73 90
13 31
8 20
67 75
26 31
59 65
33 50
76 80
5 22
52 56
8 28
81 87
64 73
46 68
12 18
34 43
69 72
81 93
19 30
41 87
14 23
80 96
53 70
23 34
52 63
22 36
70 80
38 51
32 41
32 43
39 44
17 24
66 76
39 54
13 44
42 76
34 53
85 97
40 60
70 75
48 52
33 38
81 87
42 47
69 79
82 100
85 93
15 43
47 83
52 64
17 19
16 32
14 32
12 34
89 97
80 96
35 42
21 25
53 66
67 76
51 55
45 52
55 67
80 84
31 39
21 27
91 98
32 39
61 68
44 54
49 54
16 26
67 79
1 14
75 81
65 76
89 95
54 83
56 71
68 78
33 45
61 72
44 56
27 45
18 28
39 43
1 29
69 80
84 90
52 58
78 88
54 67
69 82
62 63
23 27
9 26
76 81
7 28
11 23
74 99
20 32
15 17
13 21
63 70
22 31
65 77
43 47
53 61
70 98
10 15
86 95
2 5
33 66
71 75
35 37
60 67
62 85
25 39
11 27
45 55
86 94
69 83
3 13
34 53
60 64
47 63
79 84
83 96
33 40
1 13
55 66
52 56
2 10
32 39
2 13
26 46
51 61
10 20
36 48
64 79
7 15
82 85
87 100
37 50
72 88
67 88
12 24
84 88
26 36
87 91
34 50
16 32
38 46
10 22
53 62
30 33
22 29
44 63
3 15
74 81
60 75
1 7
77 88
50 57
37 54
1 11
45 58
17 46
43 51
1 16
82 90
86 98
67 82
19 22
24 35
46 56
75 87
66 77
86 90
47 72
30 42
31 40
35 39
5 10
50 66
66 82
18 28
67 77
82 99
41 48
89 96
12 16
24 48
16 37
15 19
82 100
29 35
72 97
24 28
15 56
25 55
53 65
82 88
21 31
76 79
92 99
54 66
31 73
63 65
22 34
8 16
74 86
36 54
62 64
8 21
64 68
10 13
34 47
30 46
72 78
25 51
25 57
45 58
19 35
81 93
22 27
14 20
29 40
3 12
59 74
64 77
57 63
11 25
57 75
28 43
50 64
26 38
16 22
52 60
73 95
27 33
65 67
5 12
83 90
10 16
79 89
11 23
29 37
90 100
81 95
29 37
68 81
78 85
50 62
59 63
65 73
17 30
84 95
79 93
75 87
20 27
84 88
24 34
38 46
56 59
77 82
28 35
52 64
66 81
89 93
2 19
51 54
28 36
83 90
57 63
6 22
87 93
67 69
44 60
17 40
61 74
81 86
18 28
55 63
67 74
6 25
85 91
51 65
64 68
81 90
59 68
11 25
74 80
31 50
84 89
57 66
74 83
46 50
53 62
86 98
31 35
38 49
51 62
75 99
89 93
70 75
65 76
25 28
52 54
44 46
37 54
3 15
60 76
79 86
82 86
24 50
2 11
86 93
92 98
58 68
2 19
96 99
16 26
24 32
69 77
24 39
76 98
51 81
34 43
80 86
36 41
13 14
97 100
73 79
35 39
26 47
59 66
7 12
59 69
77 92
9 19
8 51
47 55
56 62
20 37
39 46
44 55
65 77
71 95
82 85
29 34
70 77
30 36
9 22
16 32
8 17
11 32
67 81
20 31
60 72
24 37
72 83
31 39
45 56
68 84
80 95
43 48
6 15
40 49
54 55
82 95
60 62
16 21
68 75
21 34
49 58
14 20
45 49
7 17
30 41
48 65
3 6
66 72
72 84
32 38
35 48
12 15
89 96
50 62
53 60
26 30
89 95
8 20
15 20
18 22
44 55
31 42
83 85
73 83
50 69
40 50
81 100
55 65
86 92
79 84
74 76
58 70
56 67
81 88
27 70
44 56
60 70
13 30
78 86
73 82
26 35
34 45
32 40
68 86
5 13
50 67
50 68
16 40
68 86
28 33
31 44
67 91
18 22
19 22
7 15
64 88
4 8
12 35
78 85
61 90
51 54
18 22
59 74
13 21
46 67
45 65
8 20
62 80
41 59
59 62
12 21
22 35
24 37
52 65
35 51
67 85
33 40
20 31
58 68
61 79
63 72
79 85
11 30
18 35
44 56
80 90
68 77
66 95
21 37
27 33
75 96
6 22
43 59
8 22
18 29
20 61
35 49
35 40
70 74
16 28
63 68
28 37
40 60
62 69
68 75
59 70
42 50
9 22
57 67
50 57
1 9
15 34
20 25
42 84
88 90
63 65
35 42
91 96
63 71
71 77
5 11
90 97
18 44
8 19
85 92
79 86
75 91
77 88
8 21
71 80
60 89
78 85
89 99
9 15
83 91
25 29
5 11
4 10
89 99
90 94
74 86
55 73
1 10
50 57
2 9
6 16
57 62
33 41
33 36
44 53
71 74
18 24
8 23
46 58
22 31
4 22
87 93
2 5
20 35
33 35
9 21
57 60
15 16
19 24
53 59
15 22
77 81
77 88
21 33
10 15
49 56
53 78
69 72
75 77
59 80
23 39
13 25
33 47
28 45
76 83
37 56
22 30
26 35
80 91
61 79
49 59
34 49
87 94
3 8
22 30
58 67
58 64
95 98
62 69
87 92
73 86
65 88
15 36
35 57
92 94
52 67
48 59
83 93
29 32
73 75
38 47
10 32
47 50
11 13
6 20
44 47
61 66
29 41
8 20
3 22
66 74
16 28
49 52
19 25
19 29
84 91
80 87
48 53
16 44
62 73
51 61
80 95
59 81
34 44
31 38
15 20
2 28
13 20
86 94
36 38
35 44
30 49
27 34
12 31
10 19
9 19
6 10
18 31
39 50
39 56
41 46
70 72
33 39
54 61
10 17
40 47
93 100
60 71
91 99
74 94
24 41
28 31
36 44
9 17
19 31
94 99
40 82
89 95
62 68
1 16
48 55
52 64
32 42
35 42
83 95
21 30
13 28
2 10
15 21
29 37
54 75
29 35
67 74
94 100
75 95
85 95
59 68
22 35
16 25
81 85
21 46
28 32
5 25
78 87
92 99
80 83
13 25
21 28
79 82
18 31
56 68
45 53
39 48
10 21
96 99
52 78
71 81
64 79
27 31
58 88
13 36
96 97
86 88
32 72
27 54
45 56
53 57
48 62
73 80
5 12
45 56
80 89
1 20
61 66
78 88
13 20
48 57
21 34
32 49
65 75
20 32
17 29
88 92
86 97
13 52
20 28
14 21
88 95
78 87
27 39
1 14
4 9
18 28
29 44
70 82
7 17
76 82
7 28
27 53
14 22
10 14
18 28
24 39
80 87
77 89
41 52
23 28
24 32
66 82
72 79
39 44
38 44
10 16
79 86
68 72
60 66
11 24
26 34
90 94
74 83
29 35
79 85
20 27
26 37
26 31
7 13
21 40
65 71
71 98
56 71
35 38
34 39
31 51
84 91
66 87
83 88
81 86
74 94
89 95
93 97
83 93
87 91
2 18
78 91
45 54
21 24
78 85
23 41
44 49
51 67
22 35
15 19
32 48
75 96
50 59
25 46
48 54
64 77
32 50
81 94
33 40
51 64
19 39
76 81
87 98
44 48
6 11
83 88
17 27
79 96
11 16
34 50
4 19
27 35
4 9
56 65
30 44
60 77
52 64
55 79
85 96
81 89
69 83
35 51
51 59
84 91
73 85
76 83
79 93
4 20
85 92
58 66
38 55
31 38
55 61
81 93
83 92
50 58
45 59
47 59
61 75
22 32
49 64
10 17
8 26
54 59
57 68
6 12
30 40
50 56
83 87
36 41
65 82
75 96
19 25
63 69
39 49
21 33
52 66
10 16
7 22
84 94
63 70
73 80
12 22
5 20
64 92
84 92
21 46
39 66
41 70
67 72
91 97
61 70
40 50
61 78
10 17
3 21
85 99
37 52
84 87
21 27
22 51
19 21
41 44
72 76
53 68
19 28
21 35
80 85
11 21
7 18
85 100
71 91
53 54
79 87
42 52
52 72
9 21
23 46
82 97
45 52
53 59
9 49
63 73
29 37
6 12
27 48
20 42
3 24
54 68
48 56
13 20
38 52
53 66
25 36
8 35
93 95
46 51
71 79
87 92
57 63
47 53
10 14
67 73
3 13
9 33
16 38
23 27
77 94
2 13
66 94
18 23
91 96
34 63
12 21
51 61
31 38
92 96
72 79
13 25
22 33
1 26
58 61
18 24
82 94
79 85
81 93
17 22
94 99
44 54
33 61
85 97
67 90
8 15
87 92
86 94
79 85
67 74
70 80
31 58
10 20
57 66
53 61
61 80
70 85
69 72
16 32
8 19
94 99
43 74
70 73
11 22
31 49
33 49
1 13
48 66
65 84
47 49
1 11
55 65
72 75
78 92
94 96
31 38
67 82
74 84
40 61
6 15
50 60
77 84
16 36
73 95
93 98
88 99
76 79
27 39
48 75
2 10
80 92
21 40
15 20
47 52
61 69
54 72
16 22
50 71
70 74
18 26
2 12
2 4
54 67
39 46
35 47
22 27
7 14
51 55
90 100
39 45
36 50
39 45
39 48
57 71
9 16
58 61
88 98
41 71
35 64
64 81
24 37
71 93
54 62
21 24
8 10
75 82
1 10
35 43
67 73
70 81
66 75
42 55
34 80
73 79
69 74
80 92
47 52
51 62
37 51
22 33
30 52
52 66
72 76
60 66
22 28
8 24
70 81
70 76
72 81
29 44
73 84
40 53
25 41
25 31
8 13
42 56
49 66
45 48
50 58
47 61
70 95
78 92
22 28
35 51
66 99
93 99
50 60
13 36
87 93
29 46
73 88
2 10
3 18
40 44
74 78
1 17
2 7
10 15
52 69
67 82
79 83
3 8
21 27
23 30
51 68
15 22
72 82
66 78
72 80
51 56
66 70
57 60
69 78
7 26
38 49
26 35
73 81
7 26
38 49
9 16
10 20
5 13
50 56
26 38
58 60
12 24
38 44
41 59
68 72
22 30
42 46
68 76
33 54
71 77
45 48
92 100
75 96
83 97
20 25
32 37
92 100
32 37
62 69
51 56
74 90
68 81
43 56
47 51
61 67
43 45
49 55
14 36
86 91
24 36
18 24
48 53
49 55
45 66
7 16
82 92
5 13
60 79
63 65
41 51
79 88
6 9
8 17
50 73
17 23
59 71
12 21
59 80
17 28
49 70
31 41
93 100
4 23
38 51
41 45
44 54
86 93
15 24
79 84
79 86
21 33
50 68
30 41
69 79
64 84
73 82
73 96
23 28
14 28
54 62
86 92
16 23
75 78
14 16
77 94
45 64
37 46
5 18
17 22
19 21
11 14
63 65
37 43
41 51
65 71
49 51
3 13
63 81
87 94
38 40
17 32
26 30
78 85
78 85
77 84
15 21
93 98
86 95
81 86
1 8
79 90
61 63
85 88
38 45
21 42
24 27
74 84
31 38
17 25
74 93
61 72
71 84
41 50
76 92
42 46
10 28
51 55
30 45
84 93
85 88
61 77
79 94
55 64
43 49
32 34
76 97
58 68
34 37
13 29
18 23
60 66
82 89
25 33
15 20
30 39
43 56
74 95
25 29
44 51
25 30
37 61
32 51
66 93
69 75
84 90
17 26
25 35
43 60
63 77
6 19
35 47
32 42
54 58
33 46
22 33
21 31
60 68
20 29
5 18
65 83
74 85
45 50
52 59
57 68
84 90
67 77
89 100
31 41
51 55
33 48
57 69
28 39
5 17
87 96
14 23
22 26
96 100
9 19
91 96
64 78
45 54
69 78
89 98
22 24
12 19
31 40
39 50
89 99
25 53
16 24
74 80
35 36
33 36
46 55
45 56
75 81
55 64
95 99
44 50
1 9
37 72
90 94
57 74
48 51
76 94
35 43
56 60
14 26
12 13
81 95
73 83
72 74
43 45
7 12
29 40
78 89
71 82
3 8
25 37
22 25
34 40
51 54
47 53
28 42
8 14
41 47
9 13
77 95
66 84
44 60
65 70
47 52
26 41
4 12
14 20
79 89
87 96
48 53
51 60
53 82
29 39
42 64
33 41
62 71
31 58
71 84
22 26
59 65
18 27
92 100
21 36
40 52
45 55
34 51
11 15
22 59
77 78
86 95
29 33
36 41
7 16
52 62
75 83
29 35
41 49
19 37
92 96
61 74
4 19
38 41
40 49
10 13
7 31
68 91
51 58
29 35
15 16
13 24
34 51
75 77
46 56
82 85
32 39
29 37
14 42
62 72
20 31
85 99
46 49
51 74
81 84
24 31
53 58
18 40
42 57
15 18
41 46
60 65
56 63
51 59
57 58
40 46
82 88
65 78
20 28
21 26
43 63
9 69
7 29
85 91
62 68
49 60
6 18
55 59
10 20
43 52
31 46
17 25
58 65
71 78
40 50
40 44
47 64
43 52
8 10
54 63
52 63
79 82
55 66
42 63
17 23
16 24
37 46
56 60
10 29
70 81
63 86
1 2
66 82
36 51
57 71
54 58
8 25
17 21
60 74
56 79
91 97
58 73
40 49
48 60
66 75
15 21
21 30
1 7
11 15
8 15
19 30
76 84
12 27
14 17
88 92
61 73
1 3
16 20
30 37
51 55
79 91
55 68
40 59
68 82
25 33
27 49
12 19
59 81
6 15
43 54
3 8
82 87
7 34
55 88
60 74
31 42
45 52
48 50
51 62
2 5
91 95
57 62
90 99
89 94
74 78
67 77
54 67
84 86
28 44
76 85
19 29
7 21
46 89
45 65
39 47
43 87
12 17
35 60
54 69
36 65
87 91
14 23
41 47
21 24
30 46
8 18
87 91
70 82
78 88
22 25
27 30
30 35
25 30
10 16
9 18
11 33
31 42
91 100
4 11
32 42
74 76
21 30
80 84
50 59
72 79
13 20
76 96
32 39
71 83
12 19
50 53
27 47
19 23
7 8
80 87
