100 20 20 10
00000000000000000000
00000000000000000000
00000000000000000000
00000000000000000000
00000000000000000000
00000000000000000000
00000000000000000000
00000000000000000000
00000000000111111111
00000000000000000000
11111000000000000000
00000000000000000000
00000000000000000000
00000000000000011111
00000000000000000000
00000000000000000000
00000000000000000000
00000000000000000000
00000000000000000000
0000000100000000000
0000000100000000000
0000000100000000000
0000000100000000000
0000000100000000000
0000000000000000000
0000000000000000000
0000000000100000000
0000000000100000000
0000000000000000000
0000000000000000000
0000000000000000000
0000000000000000000
0000000000000000000
0000000100000000000
0000000100000000000
0000000100000000000
0000000100000000000
0000000100000000000
0000000100000000000
6255
58 75
72 79
2 5
59 74
48 64
25 32
34 44
33 38
65 78
77 86
80 99
35 42
51 57
56 60
30 44
53 64
40 46
77 86
41 46
24 36
12 16
20 30
79 83
36 40
41 62
44 49
27 32
86 98
52 66
86 92
32 46
87 94
41 50
49 66
72 98
59 75
43 58
21 29
85 92
54 73
5 11
51 67
30 53
32 44
51 55
81 86
31 36
91 99
78 82
69 85
40 44
25 31
49 53
26 34
72 79
63 78
50 53
56 60
65 75
89 92
83 87
69 75
52 57
14 34
94 96
40 48
7 13
29 38
66 74
41 53
42 62
17 21
39 49
15 19
68 72
76 81
55 73
71 83
5 21
88 92
39 54
62 72
36 40
5 38
3 6
66 80
76 96
26 32
54 57
61 64
44 52
25 45
63 72
56 70
71 78
2 5
87 98
59 63
8 22
57 70
56 66
2 11
26 58
57 61
81 98
59 67
32 81
74 77
28 37
35 49
67 75
75 82
24 37
91 98
4 24
33 48
65 69
56 73
67 73
60 69
71 76
5 9
32 39
76 91
27 35
42 50
79 88
20 32
8 17
60 65
37 43
71 79
75 84
85 92
83 85
59 71
84 93
34 45
41 48
13 52
14 22
32 37
13 22
5 9
66 72
23 35
67 76
48 60
9 18
92 96
8 16
29 51
90 97
39 46
72 84
3 11
12 15
47 78
48 62
34 49
76 80
57 66
58 71
25 29
58 75
2 33
63 72
35 40
64 82
2 9
76 83
18 30
7 30
88 92
51 54
35 39
79 86
13 30
34 46
25 35
31 49
27 28
64 74
3 15
90 98
46 51
64 71
32 37
60 69
91 100
29 43
49 52
62 72
30 47
27 32
31 34
6 8
12 43
14 18
42 50
66 83
89 93
9 22
47 56
89 94
36 51
4 18
29 38
53 62
34 40
6 20
10 18
20 53
19 30
72 84
26 43
3 10
63 69
71 79
12 18
14 23
35 47
7 22
75 80
53 59
51 55
15 21
71 76
60 68
82 86
13 17
18 24
31 42
53 59
80 82
64 76
15 36
71 96
59 69
57 68
80 86
57 77
71 79
34 43
12 23
68 77
14 19
68 78
23 33
37 96
48 64
50 69
8 25
1 12
18 26
52 64
49 71
16 30
50 66
43 65
31 35
51 60
60 70
57 71
10 17
3 13
33 66
74 87
27 40
59 71
36 49
45 54
3 9
27 42
38 42
50 61
83 88
22 28
18 31
71 95
91 97
9 12
39 51
7 39
35 46
74 84
45 63
25 31
37 50
56 61
34 39
8 13
32 41
33 41
49 50
47 51
79 93
80 87
80 99
25 30
62 100
17 24
20 27
71 76
70 79
50 60
30 37
37 47
88 95
53 64
73 94
32 38
29 45
88 92
72 83
44 64
88 99
28 32
87 99
38 40
46 56
48 57
44 52
23 27
83 92
23 25
62 77
74 90
36 38
92 100
52 67
38 62
74 84
34 48
18 27
50 57
81 87
91 94
74 78
78 86
20 25
54 69
8 23
71 87
62 74
81 84
60 68
28 34
89 96
8 17
39 50
69 75
15 23
22 31
52 59
72 79
45 57
15 19
53 64
11 26
13 17
56 62
82 100
81 96
57 63
67 75
52 63
64 76
38 49
30 60
72 77
11 33
18 23
46 54
1 6
34 49
58 63
62 69
73 84
53 59
16 40
58 70
13 21
4 18
61 64
28 46
55 62
38 43
4 8
31 33
9 19
75 80
27 36
44 51
66 76
19 25
39 53
71 79
93 96
95 99
9 16
35 39
95 98
15 24
83 91
34 63
85 98
84 89
13 20
87 94
80 91
53 64
46 55
63 71
72 84
56 68
30 60
22 34
10 37
35 44
3 4
62 87
9 14
32 37
84 94
28 33
50 57
47 53
33 38
50 66
28 48
33 43
14 18
19 40
15 20
23 35
80 92
61 85
13 27
31 50
15 23
37 41
4 19
38 43
70 84
45 53
2 13
13 20
55 57
4 25
38 41
49 81
32 38
54 59
66 85
16 24
30 36
82 83
42 52
92 96
85 97
73 84
61 69
30 41
52 57
86 91
61 67
24 27
26 35
17 68
2 16
18 38
83 84
34 38
51 72
63 71
30 45
27 42
15 18
62 82
51 60
56 69
33 45
47 66
72 74
14 22
50 73
73 77
83 96
78 86
76 81
55 72
79 87
59 65
72 75
50 52
41 51
13 20
90 92
56 96
75 89
22 28
42 64
18 32
9 17
63 66
15 24
41 54
13 18
40 55
25 30
14 16
21 27
78 93
53 59
18 25
26 44
76 86
87 94
10 13
62 75
77 97
30 33
89 99
69 72
20 32
75 87
85 91
44 48
41 44
78 84
38 41
94 96
19 47
70 85
60 66
66 73
48 54
25 39
67 76
92 97
40 45
36 42
38 41
88 93
63 75
54 94
76 93
14 25
73 78
14 21
56 68
51 60
9 27
20 27
2 28
61 72
49 52
79 100
34 44
11 27
31 42
77 90
64 68
31 41
46 58
6 15
16 21
23 32
16 28
79 83
64 72
58 73
85 91
22 39
32 39
37 45
65 88
12 44
15 26
24 44
28 62
63 77
73 88
2 37
75 83
65 75
39 53
56 73
34 43
86 99
1 24
3 11
44 49
14 44
34 39
34 56
22 29
28 44
2 7
17 23
2 11
40 51
11 16
79 82
35 44
94 99
51 58
56 69
35 50
33 46
51 81
44 50
46 49
42 53
46 51
13 26
21 25
6 7
14 19
70 81
48 57
31 40
23 29
39 61
5 13
1 6
48 76
65 71
24 31
58 65
21 23
1 20
3 13
52 62
58 69
6 21
5 11
15 31
61 83
34 37
24 34
89 98
3 18
92 96
86 90
66 73
7 11
13 20
23 29
66 89
39 49
24 69
97 100
51 60
77 97
85 92
81 96
77 100
4 41
50 66
69 73
55 83
2 7
60 67
78 86
23 31
25 40
81 88
7 11
46 63
28 51
72 96
33 40
61 77
39 60
41 52
74 77
27 38
57 69
74 88
62 70
93 94
80 99
6 39
82 83
30 40
36 41
41 61
92 98
66 72
73 80
86 92
36 50
3 22
16 20
48 68
46 56
44 60
94 100
79 100
24 47
55 63
72 92
16 27
68 78
19 25
56 64
48 61
74 80
59 63
4 26
30 59
67 85
90 99
47 52
26 36
39 50
19 47
55 62
42 52
49 65
57 62
28 40
85 95
15 28
57 67
34 45
61 65
77 81
28 45
85 89
68 87
46 57
38 49
29 40
82 95
30 31
38 55
10 22
1 5
18 40
24 48
16 38
84 96
79 85
11 17
2 13
26 32
78 86
84 89
57 70
7 10
36 51
90 96
15 32
19 28
6 23
37 47
54 66
88 96
1 42
73 79
83 91
83 87
75 90
77 85
48 51
24 28
58 61
54 63
96 98
37 41
65 74
64 86
45 48
43 60
28 36
84 90
24 37
77 85
34 39
24 32
1 4
1 9
65 89
75 88
69 75
13 21
23 31
36 51
21 26
93 100
51 52
18 29
88 95
66 69
70 77
62 66
73 76
47 73
20 39
55 61
3 10
83 88
37 47
31 48
28 58
71 93
25 33
35 59
12 20
70 84
7 16
51 68
20 28
48 54
52 65
51 57
18 30
20 32
67 93
95 99
63 75
41 54
83 95
63 66
26 38
78 83
85 88
84 99
34 43
27 29
26 49
25 30
6 10
44 53
40 49
17 21
18 24
53 63
25 42
12 22
36 42
55 62
41 49
76 79
31 61
43 46
72 83
20 35
61 70
39 92
69 75
22 27
8 12
24 32
39 49
74 86
27 30
57 61
15 22
56 65
24 27
43 47
46 51
79 84
55 68
27 34
32 35
7 13
21 27
58 60
93 100
89 97
53 59
62 73
37 46
71 73
7 9
47 61
85 92
40 48
60 73
17 81
42 49
28 38
17 29
63 93
66 76
93 98
24 31
86 97
57 68
36 44
35 51
96 100
25 29
83 93
77 82
58 69
90 95
63 66
2 9
63 71
3 22
32 38
78 89
17 29
69 83
13 26
25 36
14 38
8 17
73 76
70 83
51 58
60 75
35 43
62 72
55 61
48 53
19 31
26 43
64 79
82 88
64 96
78 87
76 85
90 96
43 48
60 71
24 39
49 69
54 74
39 54
80 87
46 57
52 54
57 64
15 31
65 84
21 22
57 80
76 85
75 87
62 65
29 36
65 68
26 33
3 37
63 75
53 67
1 18
55 82
32 41
79 91
86 87
28 68
65 72
69 77
62 76
51 56
47 62
6 9
61 70
82 91
25 36
20 40
35 44
74 88
5 7
57 64
44 50
30 45
73 81
55 62
55 71
20 37
43 47
34 41
36 40
3 10
87 91
13 19
58 74
89 95
61 81
63 77
75 84
33 39
47 52
28 30
59 62
80 89
49 52
38 50
56 59
23 52
13 14
46 49
52 54
89 93
8 16
80 87
50 80
2 34
46 56
76 95
23 35
25 38
29 48
4 6
91 94
6 23
75 86
13 22
65 73
91 99
19 24
40 47
11 28
52 66
95 98
41 46
83 88
42 50
90 96
77 86
81 82
38 60
82 100
72 82
64 68
23 30
33 51
54 70
81 95
51 72
58 62
36 55
80 85
60 90
26 35
27 30
22 63
23 26
66 74
50 68
61 88
70 76
65 81
71 79
20 24
42 50
19 48
16 20
4 11
18 28
44 51
44 52
45 59
70 82
59 81
19 53
20 24
97 100
53 65
26 44
79 82
37 49
94 95
68 75
7 27
82 92
44 59
64 71
81 82
3 11
19 25
17 22
28 36
49 73
26 30
45 49
51 68
36 44
48 53
18 29
71 99
90 95
45 48
18 28
17 25
7 18
37 72
67 77
40 49
40 45
3 8
17 23
72 80
26 36
42 59
3 6
67 72
93 98
54 56
78 88
88 93
4 11
14 17
19 25
81 84
68 76
21 46
80 85
8 15
45 55
64 71
37 48
45 55
50 55
56 77
79 97
83 90
43 46
61 68
90 98
84 88
59 65
82 89
72 77
32 42
23 37
16 19
66 70
19 28
70 74
69 78
74 80
40 53
52 57
80 87
40 53
23 47
84 88
12 17
29 35
68 72
47 65
2 6
38 45
66 70
30 39
4 10
84 88
19 29
34 44
15 20
69 76
53 62
75 82
47 58
85 98
47 56
53 57
2 6
46 72
26 36
51 64
70 72
54 57
62 73
26 36
57 67
75 84
25 31
72 79
65 76
51 62
66 73
36 45
40 53
54 67
50 66
77 94
70 79
79 83
40 58
23 47
71 75
60 67
38 42
1 15
76 83
54 70
73 77
24 35
28 37
81 94
13 25
90 93
77 93
67 73
56 65
76 86
3 16
88 97
76 93
67 77
19 27
8 15
4 9
41 53
5 23
78 95
36 41
45 96
61 66
83 99
9 34
69 84
74 78
88 93
12 16
62 68
3 8
83 93
9 28
62 87
44 55
88 92
57 68
49 70
21 27
18 26
25 32
62 75
17 23
85 98
54 70
21 37
63 72
24 40
41 52
17 25
94 98
14 25
47 51
18 25
16 21
71 80
79 82
96 99
32 45
1 11
72 73
72 85
54 60
13 30
57 60
65 69
47 55
64 79
26 33
18 37
67 96
57 65
53 60
64 74
57 61
78 84
4 20
93 98
25 32
10 17
36 45
38 41
36 48
25 41
17 25
16 22
56 76
36 47
91 100
9 23
51 67
23 37
14 21
8 36
48 61
64 67
33 44
92 96
73 86
46 50
24 40
60 69
46 60
10 28
27 33
51 63
94 99
47 60
78 90
43 48
54 63
79 84
60 63
41 59
21 25
32 58
67 92
85 93
76 85
32 37
59 68
19 29
22 42
39 46
45 58
33 52
33 45
70 78
1 9
14 34
46 48
89 100
28 33
36 39
80 89
91 100
76 80
73 82
32 52
24 51
73 81
34 47
3 8
89 94
34 71
68 80
63 71
35 54
24 35
79 84
75 93
26 33
38 67
39 52
3 7
14 30
1 11
42 91
70 71
11 29
61 77
28 33
14 31
3 4
41 45
14 20
51 60
28 37
24 33
44 51
13 27
38 46
9 18
18 25
54 63
22 32
58 60
59 66
77 95
20 27
77 90
67 87
87 94
89 97
42 51
75 82
80 91
64 83
93 100
67 76
67 76
76 83
26 32
79 89
76 85
28 38
48 58
4 10
73 79
66 84
51 56
5 10
30 59
7 10
11 29
12 48
49 54
84 87
65 76
27 58
61 71
39 49
90 100
57 70
52 60
49 52
39 42
31 41
76 90
43 50
67 71
89 97
29 44
69 75
12 26
57 70
67 75
67 77
4 14
85 88
59 68
82 85
67 74
89 94
40 54
27 38
77 80
77 81
62 79
62 72
43 51
80 87
64 78
44 52
81 90
89 99
56 71
38 54
49 50
37 81
15 17
54 67
57 60
13 22
82 89
18 39
30 48
72 79
23 31
21 46
43 54
71 77
18 32
27 31
63 70
68 74
57 67
40 46
50 66
78 85
45 50
55 67
47 65
80 87
16 23
7 17
57 64
51 56
68 74
76 79
60 70
47 54
22 25
39 42
41 54
3 18
71 80
75 89
22 26
30 38
32 36
90 92
18 28
91 97
52 58
80 88
68 85
36 47
9 16
56 60
78 87
71 93
7 26
80 82
43 56
76 82
70 78
44 56
70 95
36 47
51 61
2 15
32 39
22 30
40 75
12 16
21 29
2 13
78 91
50 55
22 32
91 96
54 67
46 53
65 71
10 32
86 100
13 20
17 26
30 36
88 90
36 54
81 95
20 36
71 82
78 88
90 94
24 32
66 74
93 96
4 14
48 68
14 31
90 100
4 21
44 54
22 35
67 70
80 87
22 41
61 74
84 94
13 19
66 86
2 5
8 15
11 15
1 14
33 43
35 67
45 55
32 34
47 68
45 51
75 99
47 52
63 69
47 54
33 38
45 50
66 73
2 14
56 63
83 94
51 55
32 36
26 32
83 92
23 26
46 65
59 72
23 30
54 59
37 61
1 8
39 52
32 67
78 83
73 78
14 32
75 99
48 71
63 70
30 38
16 26
10 23
57 66
15 32
38 48
85 100
17 22
10 21
70 76
41 47
68 84
4 10
87 96
39 56
79 90
26 35
78 94
39 53
12 17
30 46
50 65
91 98
77 81
33 46
8 17
40 44
54 58
5 9
24 65
65 87
64 87
24 30
29 36
41 46
64 81
5 21
8 18
17 26
71 100
32 40
45 50
57 63
46 48
42 67
70 82
49 73
24 30
74 81
83 96
14 22
21 27
48 65
24 30
26 35
7 9
62 68
64 84
57 61
21 25
54 62
59 68
65 72
12 19
10 21
6 15
25 43
62 70
75 80
46 54
82 92
50 53
83 87
79 82
24 32
43 48
3 17
61 75
49 59
27 45
22 29
5 10
49 52
15 28
34 44
18 34
32 40
92 99
52 63
77 88
14 29
63 69
44 51
76 85
1 48
1 6
53 71
72 82
87 100
53 55
31 45
82 97
6 12
71 76
20 29
19 20
49 52
34 40
4 9
10 14
60 74
61 75
47 57
72 79
49 54
88 94
73 84
31 34
83 88
23 34
52 63
12 20
46 56
69 89
25 37
61 73
79 84
23 36
11 27
85 99
69 75
22 33
23 33
55 67
69 76
26 36
30 46
57 78
10 16
72 80
20 30
29 47
12 24
89 92
55 64
66 80
44 48
76 89
29 35
52 68
56 60
90 100
61 76
15 18
85 94
55 70
70 87
14 16
2 8
57 65
22 29
38 45
35 55
1 15
9 27
27 32
51 72
25 37
86 92
14 33
83 98
62 72
21 26
74 85
84 88
61 66
15 17
70 77
2 15
77 91
43 52
22 31
28 34
2 8
59 61
81 97
46 53
51 56
62 91
63 78
50 54
29 41
60 68
92 99
67 75
64 71
43 57
6 23
22 39
35 60
44 49
9 35
30 34
88 95
11 37
8 12
15 22
93 100
9 15
48 64
2 8
42 46
79 84
91 99
8 19
9 11
70 91
63 70
72 77
50 58
49 56
17 20
70 76
24 33
60 67
66 73
87 91
45 50
31 40
42 49
5 15
3 27
68 85
49 71
85 90
44 52
32 46
1 7
68 89
42 83
62 76
24 29
58 84
48 71
16 21
15 28
29 69
76 83
92 97
55 63
4 13
72 75
20 30
59 61
75 82
66 70
56 68
42 48
38 45
13 19
44 53
9 15
11 28
22 30
2 5
17 44
46 49
64 96
55 63
37 47
28 40
27 32
23 28
29 37
46 49
51 58
24 49
43 47
12 17
18 27
79 98
20 25
11 36
84 98
51 61
51 61
7 27
80 87
33 54
43 46
14 21
83 88
25 33
40 63
77 83
2 21
69 92
6 13
33 49
60 68
29 38
19 23
87 96
49 61
78 79
29 38
87 98
78 89
46 51
59 68
34 46
31 50
79 94
12 16
49 62
14 21
5 11
18 24
71 77
31 49
71 92
26 45
36 41
31 43
43 48
6 25
6 10
18 29
72 77
69 78
8 11
48 55
3 30
48 53
37 43
17 35
56 62
11 38
91 95
73 78
42 48
42 63
12 17
54 64
36 45
46 63
49 57
62 68
70 76
5 16
35 48
26 64
95 99
75 95
29 35
58 60
70 89
25 40
61 67
65 82
49 57
5 11
84 93
42 50
37 42
79 83
32 41
24 31
90 93
83 91
81 84
76 81
52 86
21 33
17 35
2 16
43 55
12 20
18 30
29 33
30 35
7 18
22 25
35 57
30 34
41 52
74 91
39 41
92 98
51 63
28 32
41 43
24 42
19 37
48 58
8 24
22 33
24 30
4 15
69 73
51 62
33 60
37 47
4 17
62 76
54 62
4 18
72 90
54 80
68 88
73 85
75 85
33 43
9 20
60 66
45 51
76 80
88 94
35 38
35 54
48 66
41 53
11 14
39 49
20 34
77 87
12 20
44 54
61 76
31 34
26 41
37 55
3 7
63 77
18 23
33 40
63 72
27 32
37 48
79 82
4 13
7 18
14 21
29 49
86 89
56 68
80 83
74 86
28 33
88 98
47 54
8 20
49 53
13 22
36 50
36 43
93 98
17 35
8 10
53 76
57 70
10 14
78 87
4 10
34 44
44 60
1 12
40 52
23 31
47 71
87 91
3 17
53 59
60 71
32 42
33 37
29 36
77 97
35 46
62 79
6 13
42 52
37 43
73 95
15 19
41 50
67 73
61 70
2 27
7 11
3 9
65 71
62 68
30 35
81 85
8 13
3 5
29 40
71 78
84 96
68 79
24 32
25 38
5 15
37 52
56 72
56 60
74 81
12 25
94 99
58 68
68 80
19 43
28 30
16 20
31 36
53 63
44 50
79 83
72 86
74 76
20 22
20 30
3 13
47 50
74 79
22 39
7 12
35 38
56 59
46 55
28 31
38 60
84 88
25 36
4 20
53 61
15 26
89 99
94 96
15 29
77 84
39 47
90 92
59 61
77 100
14 22
2 8
79 82
78 87
89 96
79 84
2 7
47 62
80 85
27 33
12 32
77 80
58 66
46 63
55 63
85 91
82 95
39 46
57 59
72 81
3 11
8 10
32 43
80 86
28 39
10 17
1 13
13 46
11 23
18 54
66 70
90 97
8 18
58 64
71 80
23 27
2 15
48 54
37 42
87 92
65 72
33 40
24 32
7 9
25 34
56 63
6 13
37 63
44 60
54 61
13 17
43 56
27 45
27 50
45 53
25 47
17 30
32 39
69 82
68 82
21 25
30 38
48 54
88 96
69 70
45 52
55 61
49 57
58 96
96 100
56 79
81 92
38 56
39 48
63 67
54 87
34 40
28 38
23 45
41 50
93 100
15 30
60 62
41 63
39 66
30 62
22 35
30 51
62 65
25 36
4 15
3 39
88 95
51 56
27 81
55 61
40 50
23 24
52 78
30 43
48 73
5 15
34 55
50 55
74 81
78 87
9 22
54 59
42 54
30 34
58 75
44 56
36 46
70 86
30 40
1 48
95 99
11 14
76 94
36 43
85 87
62 68
71 76
49 64
5 17
81 98
8 15
30 33
30 31
55 69
8 31
8 10
47 51
53 63
28 41
37 53
53 64
60 71
41 58
88 95
59 64
63 77
92 97
13 20
74 84
40 54
31 45
58 66
70 84
18 30
24 29
16 26
75 83
65 100
42 72
38 49
35 52
57 65
32 38
8 39
78 81
68 97
4 17
61 71
28 62
80 84
17 25
23 36
35 42
56 62
41 56
9 18
16 30
73 85
54 60
48 61
57 67
50 58
79 89
64 70
51 56
69 88
80 83
23 38
7 16
5 11
50 67
16 21
52 60
82 89
54 56
50 56
50 60
66 76
60 71
12 16
40 46
40 50
32 45
14 22
72 81
6 20
65 78
34 65
31 33
46 51
24 30
77 79
77 86
91 100
55 66
33 40
46 53
42 47
1 14
42 51
41 50
35 66
39 44
54 64
86 95
79 96
50 58
84 99
84 87
87 93
33 45
7 12
12 20
38 48
13 19
16 21
81 96
43 46
59 79
79 84
49 54
84 88
33 55
65 72
50 57
7 23
76 79
27 44
29 35
74 99
63 72
6 11
63 68
81 85
90 93
24 42
67 75
45 67
78 84
21 24
37 46
27 56
57 82
38 42
50 62
82 90
62 69
74 83
12 25
76 89
73 79
51 58
33 44
36 92
4 10
21 34
9 15
77 87
60 65
1 7
19 23
78 92
36 49
55 68
7 24
87 95
34 51
4 24
49 60
26 36
55 84
62 70
87 91
39 57
43 54
4 16
39 47
50 61
3 15
15 27
32 51
54 74
45 55
82 91
64 75
62 69
22 29
83 92
42 53
73 91
50 73
48 55
88 94
96 99
86 88
88 94
48 52
89 100
30 35
5 12
54 60
34 35
43 47
42 50
95 99
32 38
15 18
39 71
57 64
71 80
34 51
84 96
5 18
26 28
18 36
57 61
89 98
86 95
53 64
71 77
8 19
51 68
1 26
46 57
86 97
58 72
54 62
39 48
19 22
32 40
72 88
26 38
68 74
79 83
75 79
3 5
91 97
57 72
71 79
25 28
56 60
13 25
44 51
46 58
30 48
24 33
50 65
64 68
68 72
13 22
73 81
18 43
55 70
4 12
37 41
75 83
4 13
29 36
11 31
35 58
44 65
46 49
31 37
83 92
37 46
1 5
60 64
36 43
27 33
63 70
55 59
78 82
60 73
56 61
21 32
61 79
7 22
56 84
27 49
23 39
2 7
58 85
20 24
11 17
92 97
46 62
31 43
86 95
62 65
80 92
50 68
68 79
68 75
61 66
3 8
6 37
23 27
12 26
62 76
51 60
37 43
68 93
39 42
41 72
1 14
50 55
49 51
71 76
38 53
57 61
80 85
17 23
64 73
35 46
82 91
26 31
57 71
44 60
58 62
6 20
32 47
38 53
36 42
41 49
75 85
90 96
43 53
38 46
31 35
88 96
64 73
28 51
70 81
69 83
80 92
16 19
91 100
59 67
54 83
60 67
54 60
81 89
32 37
20 29
5 30
96 100
11 34
28 35
64 82
62 69
17 26
43 49
80 96
36 57
71 80
4 20
54 64
46 82
6 16
25 39
94 98
27 31
67 77
32 39
1 23
41 47
19 21
69 75
90 93
28 39
1 11
1 13
20 22
42 46
70 89
5 8
84 96
49 70
36 49
36 43
9 22
14 29
45 52
40 46
25 34
56 58
57 82
33 36
81 99
58 62
40 52
63 81
10 26
4 18
13 20
17 41
31 37
56 67
9 26
39 43
80 96
9 17
53 76
60 70
67 83
52 76
62 71
2 10
12 21
24 45
2 12
28 36
15 24
42 49
83 95
53 57
45 80
82 97
50 69
52 68
29 46
69 81
84 90
74 87
6 22
21 29
13 31
15 24
62 66
24 28
44 65
31 35
18 33
71 83
77 89
80 89
47 55
64 73
70 81
59 65
85 99
77 83
70 88
37 41
2 8
50 79
5 10
4 14
7 14
67 77
34 37
48 62
1 8
31 40
83 98
49 69
87 91
84 100
29 35
59 76
14 15
27 30
77 87
76 91
31 34
26 38
44 86
62 72
5 14
28 33
87 96
32 40
46 57
18 32
44 58
28 40
70 77
9 21
87 96
3 16
80 98
40 50
41 44
1 21
72 83
31 46
84 91
47 53
4 17
29 32
42 49
90 93
15 42
5 13
33 41
25 30
89 91
68 70
77 87
45 57
20 36
52 91
62 66
32 70
48 50
13 18
3 8
4 19
89 96
32 40
31 39
66 72
71 75
42 48
11 20
68 76
40 62
47 51
46 54
49 56
19 21
74 76
33 37
43 68
91 100
74 79
66 78
31 56
42 47
77 87
39 60
67 71
67 69
38 49
2 10
77 82
27 38
19 25
79 80
3 16
52 59
2 7
36 43
63 74
79 83
6 13
21 27
13 22
90 96
43 48
35 42
16 26
87 98
13 26
30 35
9 22
28 35
6 10
5 8
1 9
37 41
61 68
71 81
64 68
82 89
21 29
82 87
2 18
43 49
86 92
83 94
67 70
48 72
86 93
71 99
3 4
32 36
26 32
48 51
10 16
1 7
5 66
7 24
78 90
74 78
56 62
81 89
49 59
50 56
82 92
21 25
45 53
20 26
78 91
48 68
54 66
82 96
37 47
18 23
10 39
22 23
53 89
40 44
42 65
44 54
54 67
6 10
15 25
32 46
4 15
1 16
89 97
44 49
64 71
38 46
8 15
65 81
46 64
33 54
97 100
56 59
23 45
88 96
65 69
35 40
28 45
50 58
34 48
14 29
77 86
10 24
36 46
75 96
69 76
50 52
66 87
62 69
58 76
80 90
5 18
15 26
54 60
66 71
92 99
28 43
84 95
66 70
75 80
26 31
68 82
50 58
71 83
29 40
68 76
74 93
1 12
52 59
61 73
11 31
5 10
21 35
85 93
42 44
62 71
88 93
63 78
41 72
48 60
42 48
34 37
73 77
8 18
27 41
22 39
43 59
41 54
88 95
35 47
23 50
39 48
43 49
24 49
71 82
16 27
14 22
83 91
66 78
27 51
9 13
19 38
7 16
49 53
59 65
72 83
34 44
44 47
55 60
67 74
89 95
29 37
59 67
66 78
78 93
67 75
61 65
44 51
65 79
87 91
13 24
24 45
20 26
66 73
57 66
35 57
49 59
30 40
14 30
14 23
14 27
61 78
50 60
50 65
70 83
41 51
79 86
81 98
92 97
86 99
55 60
13 22
68 86
37 40
62 73
85 95
87 95
24 37
21 25
9 20
81 85
95 100
36 54
29 36
8 18
62 70
59 70
55 65
72 84
30 39
7 17
24 29
33 43
68 71
67 90
6 10
39 41
25 32
49 69
77 84
36 59
63 70
19 25
2 10
4 7
41 43
55 79
41 57
32 38
87 96
74 83
74 84
25 26
26 37
47 53
22 33
46 86
78 80
32 52
49 52
79 96
38 50
13 17
30 35
39 48
43 55
29 34
43 70
54 63
80 85
35 45
12 18
62 66
58 68
90 95
29 48
20 31
5 12
44 54
9 22
41 52
20 33
44 70
68 79
62 71
66 70
4 19
70 90
35 50
89 94
4 5
48 51
77 88
81 89
9 12
53 58
32 43
5 58
56 72
55 67
61 86
93 98
86 94
50 53
26 38
47 61
8 22
55 66
88 92
52 69
62 79
73 89
69 100
73 81
7 15
59 71
35 50
3 14
26 46
52 61
6 21
35 54
48 60
54 67
23 30
49 54
74 80
63 68
27 43
58 81
34 38
79 94
85 91
6 13
84 91
20 26
58 65
67 83
41 70
4 52
4 14
53 60
55 69
62 71
16 43
15 24
90 97
3 12
41 60
82 88
32 46
36 52
36 48
38 47
58 87
10 25
28 33
10 21
54 62
25 30
80 83
53 58
46 50
48 69
54 66
90 98
28 44
65 67
25 42
69 76
4 18
35 42
50 70
43 50
52 61
27 35
32 42
36 51
23 26
69 85
57 82
40 44
18 28
29 34
59 72
23 33
78 87
48 56
52 59
12 16
60 73
89 100
39 52
30 45
22 32
89 98
12 33
68 78
52 64
4 12
82 89
20 28
60 74
73 81
28 36
79 83
66 85
1 11
66 72
30 35
69 81
34 46
63 68
51 52
29 46
90 98
39 49
54 71
22 39
75 89
47 50
56 63
59 63
1 16
39 45
23 26
51 54
8 17
84 98
9 18
69 86
59 87
22 32
72 91
43 51
31 44
30 37
73 77
50 58
78 85
6 12
3 13
29 41
30 42
4 7
4 8
80 86
87 98
42 48
3 8
20 40
39 51
77 86
87 95
19 42
39 44
15 20
42 48
54 60
6 11
12 17
87 95
13 24
2 15
65 87
85 91
72 78
56 71
9 13
74 83
6 14
88 93
26 30
38 60
25 30
29 43
34 44
78 87
30 39
23 30
58 67
12 15
64 75
9 27
57 64
22 38
56 64
39 60
46 52
45 52
22 47
29 41
4 7
88 96
51 56
24 40
15 27
63 67
76 84
84 95
17 26
69 73
51 56
59 71
6 14
29 36
60 65
24 35
2 9
56 81
31 39
76 81
88 100
39 45
10 20
82 98
20 26
33 47
17 29
40 52
84 98
59 69
85 92
64 69
4 10
89 97
22 25
92 97
82 87
20 32
15 19
36 40
18 27
10 18
86 90
4 12
87 96
55 70
64 71
48 59
23 35
78 85
23 41
35 45
66 70
10 22
74 81
2 22
15 19
45 48
47 66
27 61
39 48
41 79
71 79
17 30
18 27
8 32
17 20
80 84
25 34
19 25
62 98
34 48
44 48
6 32
62 71
31 47
46 50
53 65
83 95
58 83
55 73
18 22
63 72
17 23
64 76
33 42
52 65
21 35
44 53
4 13
5 30
56 61
48 66
67 77
39 51
39 60
8 20
73 76
76 82
20 49
65 70
63 81
4 8
58 60
44 53
57 62
52 56
47 50
20 31
68 71
72 78
13 20
17 24
68 82
3 18
55 62
82 95
65 86
31 35
35 48
65 85
79 97
89 94
3 11
82 87
90 98
6 19
37 52
84 89
87 89
6 18
57 64
65 71
81 91
8 12
42 46
70 80
35 41
37 55
74 89
18 21
53 69
42 49
53 69
86 91
75 89
21 40
68 77
63 66
25 31
76 91
80 89
12 20
54 63
73 79
85 92
32 38
61 75
80 83
42 46
25 32
40 49
93 97
60 67
87 94
10 34
91 95
36 45
72 89
94 97
36 51
24 49
21 32
19 25
8 16
6 22
50 59
24 41
28 36
24 41
61 81
87 90
70 78
75 82
21 41
27 36
55 60
44 46
3 8
49 57
76 86
30 45
49 53
29 39
76 81
47 58
31 39
45 53
25 35
43 45
26 38
27 35
56 69
57 62
42 52
59 72
59 62
46 60
13 17
3 14
53 58
51 59
19 36
66 98
5 25
48 75
50 55
38 45
10 27
67 80
1 7
36 46
39 65
27 39
70 79
45 49
60 67
50 62
63 67
69 76
33 43
10 31
30 35
61 76
56 62
2 12
82 86
58 63
29 49
80 98
89 93
7 24
40 46
62 97
23 28
85 87
53 60
34 42
1 14
67 74
39 62
79 86
89 94
18 55
45 54
88 98
25 39
48 94
16 23
39 46
7 27
17 26
66 72
40 45
77 97
15 21
40 55
7 15
75 81
1 20
23 30
44 55
5 32
37 45
41 47
46 61
56 59
79 90
59 78
86 89
22 41
59 62
47 67
85 92
21 24
75 81
43 83
40 44
31 48
28 33
7 9
85 98
18 22
35 41
38 42
74 77
14 22
83 91
93 99
24 33
73 89
30 38
77 87
25 39
89 90
48 59
4 25
95 100
46 52
26 67
8 13
21 30
37 62
8 22
35 45
87 98
3 14
31 47
78 100
3 20
84 92
77 96
66 79
3 7
6 15
59 89
24 35
56 63
89 93
51 56
84 92
75 91
32 40
44 57
78 81
7 13
78 82
41 52
89 93
43 56
52 62
54 60
30 39
44 45
59 67
2 12
1 12
10 28
80 91
16 31
57 64
37 43
14 26
82 92
86 100
73 84
80 88
40 76
18 43
27 32
64 74
35 46
21 29
82 90
67 74
66 74
16 24
69 86
60 74
42 70
20 67
78 89
31 38
5 7
46 57
22 38
4 20
45 50
62 68
13 27
22 25
40 64
66 75
20 23
26 32
64 70
20 31
36 50
36 62
90 91
15 23
80 90
43 61
58 62
16 20
82 94
88 92
92 96
74 88
45 53
26 32
33 38
43 56
72 79
25 40
4 10
17 24
44 53
79 84
92 100
75 84
65 68
57 61
59 76
38 53
30 34
76 81
9 19
7 15
3 11
88 93
52 63
23 34
8 12
64 77
65 72
11 18
84 92
74 83
33 60
57 70
58 79
45 63
95 99
26 43
60 77
72 77
1 5
15 45
80 89
53 66
78 83
18 28
67 78
64 72
85 95
69 85
38 60
35 49
38 41
36 49
45 61
1 8
92 97
49 54
74 83
31 32
55 63
20 24
17 22
27 39
82 89
50 63
40 71
33 36
50 71
26 34
73 77
53 66
39 58
36 58
21 25
56 59
26 27
74 79
65 71
21 46
53 67
56 60
25 28
25 45
30 39
29 37
41 43
47 55
15 24
55 65
23 40
94 98
11 20
7 17
51 58
34 48
50 63
52 64
69 73
39 43
34 50
66 72
85 100
7 16
26 36
74 82
13 21
35 42
80 92
51 62
82 100
87 91
19 53
86 100
15 27
58 66
49 60
18 23
30 41
51 55
67 78
14 21
35 54
56 62
53 65
21 71
18 21
72 99
34 45
25 34
23 46
7 23
87 92
79 94
16 24
83 87
66 69
58 74
67 71
67 77
84 91
57 65
7 16
17 26
68 79
63 71
11 17
84 92
5 37
45 46
6 15
27 44
37 43
75 80
86 100
49 54
66 72
59 66
73 78
36 60
22 29
84 89
50 69
81 88
45 47
10 26
92 97
83 93
44 69
69 80
75 78
59 62
1 6
4 9
57 78
45 54
21 25
55 79
62 72
46 59
32 38
43 54
38 42
11 18
10 19
31 32
37 46
8 12
61 68
36 64
78 96
87 92
26 28
65 76
72 80
34 46
56 70
30 46
63 75
8 25
71 84
44 55
43 62
35 58
85 92
49 61
75 86
53 61
25 41
28 44
43 53
5 12
14 23
85 95
3 10
20 31
34 36
23 37
43 45
84 93
66 71
15 23
6 15
47 56
71 87
29 33
75 89
17 29
3 13
79 81
16 21
31 40
22 28
28 39
56 63
79 87
61 65
21 27
68 76
42 47
46 53
43 54
8 12
1 21
51 61
8 22
45 47
19 22
45 47
48 55
22 27
36 45
21 31
52 56
13 27
7 24
4 15
89 94
41 54
49 62
12 18
73 81
3 12
75 78
75 80
16 33
32 45
34 39
89 100
42 80
66 82
9 23
83 94
76 85
74 80
82 87
5 17
28 47
43 54
47 77
23 26
23 27
28 58
50 57
59 74
47 59
20 33
3 16
71 82
35 51
48 49
8 18
24 34
4 10
20 28
51 77
4 14
38 46
81 95
15 34
25 53
78 84
41 54
60 79
62 81
67 82
69 87
30 53
7 26
40 46
40 44
56 66
21 56
22 81
93 96
74 91
53 57
16 20
17 22
51 59
63 72
48 62
45 63
55 71
69 79
43 44
51 54
63 85
89 96
62 79
68 81
25 33
48 60
2 7
28 66
29 40
10 19
12 24
20 38
35 50
83 86
25 37
26 38
58 67
86 99
34 41
24 31
14 25
37 49
70 84
29 32
72 80
84 94
5 28
51 67
23 34
28 36
28 40
35 39
50 63
48 54
24 33
1 8
87 95
45 54
54 75
58 68
15 25
84 90
2 4
14 24
25 34
92 99
6 23
33 37
52 60
9 29
33 55
23 29
21 28
13 21
77 96
59 66
21 24
35 46
28 33
65 71
8 10
52 83
6 36
76 80
85 98
61 65
3 9
13 25
12 15
46 61
37 53
5 13
15 19
8 22
17 28
4 11
32 46
80 89
32 35
82 97
60 66
68 73
85 95
9 29
59 82
63 72
46 62
16 26
20 39
58 65
27 43
14 19
15 26
20 26
80 85
11 13
41 44
6 11
42 73
1 7
68 72
47 49
79 96
39 47
22 40
61 95
81 88
11 28
68 74
91 100
94 99
53 73
55 66
59 66
81 87
24 31
72 79
62 68
16 18
80 85
25 39
70 87
43 50
17 23
59 69
12 23
88 94
32 65
18 36
14 27
55 70
33 49
57 64
42 50
10 17
83 89
55 70
32 40
27 32
13 22
74 77
57 66
61 74
82 90
30 36
6 12
52 68
28 35
46 59
1 13
68 78
50 57
32 54
85 91
36 47
9 26
63 70
31 51
9 13
6 18
20 38
66 79
73 82
65 83
34 46
28 33
68 74
45 47
40 47
39 45
15 37
76 79
68 78
47 57
59 68
24 44
77 84
25 35
15 22
32 41
26 36
60 69
8 17
57 79
21 33
28 35
79 92
83 88
81 94
65 71
45 52
70 80
36 41
31 43
23 33
22 29
31 57
2 6
63 80
59 99
82 86
61 72
68 75
33 40
82 86
55 90
66 71
87 97
54 58
55 88
39 42
64 84
72 92
58 67
66 75
94 99
83 85
16 20
79 83
95 100
30 31
74 84
47 67
58 70
36 44
85 93
69 77
44 57
65 72
54 71
71 75
59 62
68 81
16 23
50 67
55 70
58 75
49 87
76 85
23 31
49 55
60 66
27 50
56 74
69 72
20 26
60 65
75 88
2 10
81 98
35 57
7 14
81 86
90 96
37 46
15 20
42 48
24 79
9 18
78 91
80 84
61 68
23 29
27 48
53 59
52 64
17 24
46 55
21 26
49 64
44 48
80 97
64 67
73 91
59 67
63 70
13 26
57 63
47 55
50 59
56 66
86 92
83 89
9 31
66 79
78 88
37 41
10 18
64 73
50 59
13 17
69 80
71 76
75 79
59 72
27 45
59 72
49 56
1 5
60 79
28 34
37 62
35 38
55 69
9 14
17 23
64 79
6 12
21 29
43 52
78 85
24 30
87 91
10 14
61 68
67 71
38 68
70 83
67 80
63 79
80 86
24 36
34 56
60 86
4 8
25 38
14 42
8 52
36 39
74 78
82 94
48 51
29 39
57 65
66 71
59 71
9 34
7 19
36 45
15 30
71 77
6 10
70 81
50 79
5 17
58 67
24 49
2 21
34 36
94 98
43 54
77 95
53 58
55 67
45 65
53 68
6 26
67 75
41 44
66 96
30 50
16 45
54 65
87 100
21 46
23 35
9 20
8 13
59 65
57 69
26 51
51 67
2 12
57 63
15 46
11 20
55 65
43 58
66 70
35 39
81 95
74 83
64 93
78 87
25 30
43 51
87 92
1 49
38 56
60 75
56 66
87 91
51 64
48 57
24 37
21 28
59 65
28 36
78 89
15 33
4 7
49 52
64 74
12 14
63 82
41 48
46 49
21 23
49 56
57 64
34 47
13 23
20 67
33 64
60 80
41 42
69 79
78 85
19 47
13 25
23 27
5 28
18 24
27 41
26 45
86 92
31 47
48 60
9 19
52 68
78 85
37 40
20 23
54 61
22 46
88 93
65 70
37 47
9 14
78 80
5 25
19 26
45 61
16 45
76 80
46 54
85 90
60 72
40 50
26 40
69 79
20 76
11 24
32 51
47 55
36 42
98 99
57 66
52 68
51 69
50 87
69 86
16 21
7 11
72 84
55 67
20 24
66 88
41 56
19 33
70 80
3 13
80 94
22 29
60 74
85 91
95 100
93 97
3 7
79 89
67 80
39 61
27 37
3 11
24 36
12 20
83 93
29 40
63 67
22 31
69 92
77 88
59 64
40 56
51 56
33 45
50 72
15 39
24 59
14 21
72 80
25 32
47 60
37 45
29 35
89 94
26 37
55 78
50 55
32 53
31 35
72 99
83 88
94 97
7 17
33 45
68 85
6 17
76 78
89 97
47 60
87 99
84 89
35 63
99 100
62 73
75 87
77 89
78 90
36 53
23 36
16 55
72 76
92 96
37 64
31 37
46 58
4 18
39 59
31 36
5 10
84 97
32 41
38 52
66 75
7 13
14 26
12 27
84 96
10 17
63 66
5 15
73 86
32 37
27 41
50 80
18 27
30 37
11 27
37 53
85 87
31 49
1 3
9 20
75 86
44 60
34 53
67 82
1 3
34 47
53 60
11 24
14 28
80 84
8 13
85 94
92 96
55 58
14 17
53 68
44 76
26 27
51 59
42 46
23 27
54 81
48 61
74 89
81 88
2 14
16 23
8 45
44 60
24 44
45 50
88 100
63 72
33 53
24 41
75 90
6 14
17 27
43 45
12 20
35 80
1 13
33 47
25 56
35 43
68 91
46 57
27 33
29 36
47 79
43 52
48 60
42 50
78 88
19 25
28 40
52 62
47 53
1 21
73 94
76 93
69 72
64 72
74 88
41 45
24 29
3 9
9 20
35 41
24 31
19 30
51 76
85 88
44 93
30 36
69 99
90 98
10 21
35 49
26 79
11 15
42 57
47 61
55 62
32 49
28 36
47 51
8 92
36 49
20 25
69 79
4 10
34 49
63 68
49 57
60 73
24 33
64 75
11 15
78 84
9 22
6 17
92 97
71 75
53 58
4 12
13 38
48 57
68 77
27 48
16 30
39 48
58 88
49 54
78 83
44 56
56 62
58 79
55 62
77 89
40 43
1 10
17 23
71 82
2 5
16 23
14 22
44 60
82 88
84 85
29 44
16 38
15 26
30 33
28 33
87 93
77 86
76 88
43 50
39 50
87 97
83 92
38 59
76 88
81 88
74 77
45 57
67 75
85 96
86 94
42 50
58 65
77 91
18 29
23 30
96 99
30 38
2 14
77 88
19 24
62 73
37 43
90 93
54 60
30 35
87 93
1 6
13 22
48 51
62 73
36 44
56 64
43 52
87 94
85 96
71 83
80 89
23 42
17 22
25 36
12 23
2 28
61 68
66 86
46 70
58 61
47 59
18 31
41 45
23 35
51 57
60 72
28 39
32 52
8 39
11 19
66 75
27 45
12 21
65 90
6 14
26 52
70 82
28 51
61 66
54 68
45 51
54 67
49 56
57 66
43 47
39 43
52 56
95 100
82 100
42 59
82 88
44 57
73 79
34 43
70 76
70 93
55 63
90 96
73 97
1 16
5 17
36 71
5 8
94 100
84 89
28 35
15 27
94 100
23 27
28 40
25 33
79 89
24 31
26 35
34 42
59 63
57 75
45 51
37 44
60 67
35 51
42 46
69 91
76 79
12 25
62 76
25 38
80 83
78 81
76 81
73 82
69 89
28 41
36 49
64 70
2 4
77 93
45 54
27 29
25 28
78 85
86 95
69 84
46 73
22 30
3 6
34 59
60 65
3 17
11 19
67 76
79 83
27 41
34 43
79 83
24 48
40 52
10 15
51 60
10 20
36 41
4 11
18 26
82 88
5 33
53 62
23 44
43 50
70 78
70 79
55 66
40 59
17 19
11 24
3 24
9 12
75 80
51 59
65 74
68 72
31 72
72 86
75 82
16 26
94 98
22 28
29 34
55 69
21 34
41 48
49 62
15 20
66 72
3 17
28 37
60 65
82 83
48 66
5 8
26 53
77 91
69 75
91 95
49 61
30 38
32 37
2 14
13 20
94 99
31 39
21 26
85 93
51 74
76 85
86 98
82 86
78 94
5 12
17 25
73 79
46 51
46 57
24 27
49 58
39 49
75 98
75 83
39 47
40 43
38 46
85 93
13 20
16 32
70 82
36 45
16 26
62 76
92 97
11 13
48 58
72 79
71 77
47 56
42 52
11 17
58 70
86 92
67 77
1 9
52 56
59 82
38 42
2 16
31 58
77 89
8 18
37 67
56 73
4 18
38 55
81 92
46 53
75 86
3 18
74 90
23 31
50 59
49 56
21 38
53 58
48 72
8 9
15 23
48 56
59 64
32 40
52 64
31 35
39 45
16 28
92 99
73 81
4 17
86 96
17 35
36 42
1 36
32 42
89 97
73 83
57 73
56 63
75 100
9 21
70 93
86 91
44 58
23 29
21 33
39 53
25 79
85 93
60 90
4 14
50 56
6 21
83 93
76 85
6 18
68 74
41 55
22 29
72 92
60 65
59 77
48 63
80 94
29 35
56 62
35 43
4 17
1 10
62 68
73 78
66 86
36 43
73 76
2 4
81 94
79 82
37 43
47 60
50 56
4 11
84 95
4 7
96 98
73 90
46 65
48 50
34 37
33 42
39 49
71 78
85 91
31 43
75 96
60 68
64 69
90 94
27 33
4 22
8 39
25 27
76 98
40 54
10 23
8 19
60 69
50 67
86 92
49 67
31 37
78 86
2 7
1 4
34 39
10 17
25 37
45 50
26 29
66 72
54 72
33 42
53 62
18 21
78 86
44 53
14 22
22 32
74 84
40 60
68 74
94 96
14 33
44 67
40 67
24 69
58 71
75 87
20 37
60 71
3 16
80 92
6 40
18 33
14 23
86 94
61 65
9 23
87 94
59 65
86 89
47 71
32 44
6 10
10 15
40 47
47 64
54 67
55 65
61 68
51 61
86 95
16 21
87 90
91 99
83 96
61 67
34 39
72 80
57 64
10 22
9 14
68 85
92 96
46 53
67 71
83 94
22 36
67 71
3 21
16 26
20 26
70 74
35 47
43 59
35 54
29 32
64 75
76 91
35 56
82 86
36 51
32 39
39 65
42 47
24 29
52 55
89 96
48 60
81 92
38 49
40 53
5 12
50 64
58 70
71 85
36 51
61 90
9 12
8 28
34 43
32 53
1 10
58 67
49 68
45 49
21 27
88 96
27 35
51 57
78 86
22 56
85 99
1 14
3 18
29 49
66 85
37 52
65 78
16 33
8 14
93 99
52 61
33 41
1 4
26 33
67 75
7 19
81 90
3 14
45 53
15 26
74 78
45 61
83 91
92 98
68 81
46 57
25 32
52 75
92 98
5 9
59 64
19 32
67 77
74 77
4 11
8 20
2 9
81 91
6 12
23 30
50 62
77 84
78 84
5 9
71 82
51 58
81 87
77 86
10 18
86 91
15 24
12 18
46 57
51 70
74 99
88 92
3 12
27 33
69 71
62 94
36 40
21 28
23 30
4 18
90 100
50 56
74 85
2 13
68 80
5 17
17 27
49 63
49 59
43 51
50 63
44 52
50 59
10 25
49 60
23 36
26 35
84 91
82 89
87 92
68 81
93 100
83 90
2 6
2 9
58 72
76 80
25 35
66 71
47 55
4 13
86 100
67 81
62 75
7 9
37 43
48 56
40 60
29 41
83 88
15 27
4 9
58 80
37 46
50 57
29 39
73 81
42 52
35 37
16 24
78 84
85 92
30 41
44 47
88 92
45 53
65 80
12 21
1 17
56 69
15 34
8 23
37 47
15 25
60 74
75 87
74 79
24 30
29 48
76 85
20 34
77 85
33 34
25 38
32 40
6 17
68 86
47 60
51 57
4 34
29 49
39 44
37 46
79 89
46 60
14 42
73 90
16 30
81 89
57 71
2 9
8 20
52 58
55 62
2 13
13 38
62 65
29 35
14 20
61 67
15 43
11 26
41 57
77 99
9 18
57 70
49 58
46 53
82 94
43 46
67 78
74 94
27 34
30 59
26 65
6 15
37 48
57 74
46 53
39 45
74 78
89 96
65 74
19 21
36 42
92 100
83 91
22 30
77 93
48 55
55 68
8 18
23 29
72 82
86 93
35 37
6 15
52 63
19 23
27 35
73 79
11 19
65 75
24 58
21 30
25 49
78 84
8 24
45 54
42 49
46 66
54 65
67 73
48 60
3 9
56 83
20 35
48 71
63 98
2 6
44 58
56 61
36 52
50 61
34 42
18 28
26 52
51 61
45 49
33 42
54 65
70 78
50 55
84 92
6 10
17 27
34 40
7 11
66 71
63 85
52 63
7 12
25 29
74 79
30 34
36 39
87 94
25 29
88 93
10 18
69 82
19 29
55 67
93 95
64 81
37 56
9 18
69 84
55 58
74 90
56 70
8 21
4 17
93 100
40 45
71 80
17 28
42 54
95 98
60 71
64 73
24 36
34 42
36 48
45 48
27 37
2 10
15 18
39 45
67 76
53 66
10 17
15 21
1 12
26 36
11 19
55 74
41 52
25 28
80 94
35 43
52 59
12 18
53 60
60 72
35 42
74 96
81 89
63 65
95 98
89 93
1 7
72 80
47 57
12 28
74 82
21 28
66 75
89 95
87 93
26 33
93 97
7 11
88 99
56 61
21 26
47 56
62 68
68 77
23 38
81 90
22 29
62 69
83 92
5 24
45 48
6 15
70 75
60 88
64 78
7 19
63 65
37 40
13 21
74 79
72 97
31 39
86 91
85 94
88 97
54 65
45 55
63 72
31 38
89 98
66 69
49 57
45 59
40 46
12 17
65 86
69 76
74 82
48 72
66 78
12 16
50 53
20 33
40 47
40 42
64 75
67 73
61 72
32 36
35 40
31 41
8 31
58 70
26 28
63 80
70 81
63 83
5 10
58 71
91 95
83 91
65 78
53 58
4 10
3 14
18 42
56 65
41 45
35 60
5 14
69 77
32 41
78 80
59 77
2 11
74 83
18 24
71 84
7 15
93 99
56 63
75 85
36 38
29 35
86 89
27 38
95 100
50 59
49 61
8 15
74 82
7 9
15 50
96 99
22 29
9 38
65 78
28 35
78 85
9 26
34 56
52 64
39 58
87 97
37 50
41 54
56 66
45 51
30 35
12 20
48 65
50 56
27 28
89 97
25 34
61 66
53 71
53 60
50 74
43 54
24 46
76 85
80 84
67 79
27 41
78 99
42 59
33 38
20 21
83 91
54 62
22 28
62 68
6 31
43 53
45 56
52 58
15 24
75 87
9 31
80 96
87 91
24 29
59 65
43 49
29 42
15 21
57 61
25 36
72 77
72 76
2 7
11 32
19 35
6 29
85 96
48 59
16 21
42 51
95 99
19 24
7 25
36 39
65 86
80 84
46 51
24 49
5 19
19 27
17 34
5 30
8 18
52 77
14 22
44 53
62 72
2 7
76 91
55 58
69 72
62 93
70 79
32 40
58 95
55 80
35 55
80 93
18 54
12 27
74 79
43 68
43 49
67 77
4 7
45 50
29 43
27 51
14 20
4 17
48 54
85 94
61 68
23 42
78 84
24 31
67 78
35 45
94 97
29 31
57 69
25 30
77 89
52 61
63 73
73 81
9 14
67 77
65 77
61 68
70 78
58 62
39 43
64 76
16 18
70 85
3 12
76 94
1 14
44 49
28 32
90 99
7 36
62 78
81 91
16 20
2 5
67 71
5 17
82 89
35 52
30 40
39 48
19 33
78 86
66 83
58 67
73 80
38 41
25 35
8 9
10 20
23 29
90 97
94 100
86 93
19 29
7 13
54 71
58 73
7 22
55 79
86 93
34 48
86 89
52 64
6 37
24 32
50 58
64 72
51 56
34 38
84 96
26 32
44 49
6 17
69 82
67 78
32 41
39 64
60 76
91 98
92 97
68 82
34 45
46 52
77 81
56 74
49 57
29 49
29 34
50 55
40 58
20 33
49 98
34 45
81 90
37 58
40 51
48 54
40 55
2 11
36 41
20 28
19 24
33 42
36 62
45 60
44 60
55 61
39 54
26 39
59 69
14 25
52 60
20 34
85 98
68 74
55 68
51 59
96 99
75 81
22 37
14 29
43 53
73 79
53 59
43 53
80 84
4 16
32 49
33 42
23 26
8 51
61 74
27 32
35 36
44 50
41 64
49 58
78 96
29 46
49 58
96 99
72 81
28 47
90 96
66 85
95 97
89 100
15 20
29 41
79 87
3 6
5 37
79 83
91 99
70 73
90 100
40 54
61 71
39 45
84 96
86 87
8 10
1 15
97 100
67 81
90 96
15 21
45 51
44 48
70 87
29 48
16 26
29 42
16 22
66 73
86 99
74 100
92 100
17 27
35 50
13 64
37 47
1 6
23 24
21 30
55 61
49 62
27 35
40 49
78 94
93 96
70 74
8 30
91 96
80 92
42 48
48 52
54 62
60 64
54 59
93 99
20 29
35 39
8 24
42 44
67 71
28 38
14 19
39 47
43 55
66 80
3 16
37 44
13 25
33 43
12 20
39 55
61 65
65 77
4 11
92 97
4 10
53 62
70 99
66 78
61 79
66 76
35 40
33 41
8 16
41 54
74 87
67 74
64 69
40 83
39 45
40 66
22 33
69 79
92 100
76 90
2 7
61 63
33 37
84 93
19 32
77 83
47 59
13 20
18 40
42 62
22 39
95 100
57 71
14 24
63 79
13 19
81 87
12 20
45 60
27 37
61 67
47 53
54 63
31 33
25 47
78 91
69 75
31 42
16 29
32 47
52 60
9 41
83 90
73 77
74 87
26 31
32 37
40 46
18 33
71 76
13 19
91 94
19 32
2 6
24 30
28 32
16 19
6 18
75 79
68 75
77 93
12 28
12 20
27 34
28 45
4 7
54 68
68 76
52 63
14 52
27 30
49 61
24 38
5 9
16 31
1 10
22 52
4 22
28 47
13 21
13 16
2 20
38 41
50 63
64 77
87 99
7 15
16 21
22 54
5 8
26 37
3 10
31 55
9 15
83 89
42 62
41 48
42 57
18 22
44 53
7 18
57 63
86 95
35 50
42 47
50 59
58 79
84 88
12 16
73 75
62 95
34 43
12 32
49 60
69 78
76 89
75 88
45 58
47 54
14 22
49 52
23 26
9 23
50 57
5 12
11 21
90 94
35 59
58 60
37 39
47 57
55 58
44 58
5 11
13 18
34 55
10 18
29 35
4 8
55 56
78 90
19 33
39 44
24 33
29 52
64 78
45 54
26 33
45 62
66 75
50 67
1 5
67 72
17 23
16 23
48 54
69 73
74 82
32 35
55 68
13 19
68 75
25 50
48 64
73 82
71 83
73 80
39 44
51 53
89 100
13 33
24 29
81 98
48 56
31 68
67 79
50 59
43 48
20 33
81 93
11 13
88 98
21 24
30 37
24 33
14 19
51 62
6 14
17 25
22 30
91 99
52 66
43 55
61 70
58 81
3 14
11 17
21 27
35 49
34 46
20 40
4 16
17 48
65 73
79 88
63 70
1 16
54 71
31 34
58 70
40 51
61 76
71 78
22 26
38 45
5 14
29 35
83 90
46 55
2 9
2 8
20 24
66 72
17 23
83 92
77 85
56 73
77 80
94 98
36 42
68 70
6 47
61 82
30 35
24 32
16 30
80 90
41 42
44 48
13 20
44 53
76 83
32 39
74 81
58 64
82 85
24 30
27 35
9 12
33 36
22 26
7 13
47 66
60 66
76 79
12 19
14 19
48 50
42 53
30 39
14 19
37 47
73 83
91 96
55 62
1 8
85 94
27 41
84 99
1 3
55 62
28 41
46 63
75 81
69 74
40 45
24 34
71 81
36 70
15 39
25 49
5 14
77 78
17 26
72 81
25 35
45 59
48 54
75 90
15 18
79 90
1 19
10 21
18 32
51 60
90 100
57 61
39 51
67 89
61 72
35 43
47 59
7 23
65 79
3 15
17 25
22 33
36 54
93 99
90 97
20 34
13 26
75 80
25 34
82 92
13 26
52 69
55 59
35 49
61 73
71 94
46 81
24 29
64 69
90 98
42 65
34 40
47 75
25 56
16 25
60 74
40 51
33 44
71 80
39 45
73 81
90 95
96 100
52 68
83 95
43 53
36 38
49 65
60 85
22 26
15 26
76 85
83 86
13 41
48 50
6 16
83 88
3 14
