100 20 20 8
00000000000000000000
00000000000000000000
00000110000000000000
00000000000000000111
00000000000000011000
00000100011100000000
00000000000000000000
11111000000000011111
00000000000000000000
00000000000000000000
00000000011110000000
00000000000000001111
11100001110000000000
00000000000000000000
00000000000000000000
00001110000111000111
00000000000000000000
00000000000000000000
00000000000000000000
0000001000000100000
0000001000000100000
0000001000000100000
0000100000000000000
0000000000100000100
0010000000100000000
0010100010010000000
0010100010010000000
0000100010000000000
0000100010000000000
0000000010000000000
0000000001000000000
0000000001000000000
0000001000000000000
0000001000000100000
0000001000000100000
0000001000000100000
0000001000000100000
0000001000000100000
0000001000000100000
5702
7 9
11 23
22 42
35 81
29 40
1 9
4 15
58 66
13 28
10 14
1 10
2 24
73 86
9 22
51 59
3 14
42 46
76 88
30 42
9 16
24 29
78 89
48 51
84 88
52 77
67 78
55 61
50 58
90 99
70 81
3 18
19 25
13 41
3 17
59 69
56 66
57 65
62 70
23 34
52 71
61 84
28 49
2 20
45 55
49 57
40 46
2 16
62 76
96 98
32 33
55 57
76 78
19 29
81 92
45 49
12 14
8 15
55 71
10 20
1 27
81 92
10 21
36 43
55 91
89 100
40 46
11 18
31 41
55 69
46 52
80 85
75 83
87 95
71 86
6 15
85 91
63 69
96 99
16 19
53 57
42 50
80 87
43 56
59 79
74 87
72 82
65 69
32 47
69 76
4 7
23 28
26 35
70 80
63 73
49 51
41 51
36 48
80 94
42 51
39 67
22 39
67 72
41 47
66 73
18 23
17 24
54 59
6 17
14 29
93 98
9 25
54 56
79 84
85 92
8 15
69 71
41 46
8 23
31 47
48 58
52 64
4 6
90 94
32 43
87 90
4 28
35 44
39 49
28 37
55 69
67 75
7 20
20 28
28 35
86 92
29 57
67 80
23 54
1 11
72 82
73 78
22 29
1 6
2 21
62 63
57 64
80 100
74 89
5 16
55 76
11 13
28 39
71 98
48 63
65 76
47 56
78 87
85 89
53 85
47 68
4 7
79 92
80 91
76 82
42 47
58 78
16 25
79 94
4 21
83 89
95 100
75 78
80 91
3 9
75 81
67 72
35 44
25 32
69 81
75 81
40 49
25 35
5 19
50 54
48 84
76 83
88 98
74 84
23 31
9 15
79 90
41 48
75 82
59 69
53 63
77 81
29 36
42 74
46 47
24 27
89 92
51 68
28 39
10 17
85 91
82 85
73 90
23 39
40 55
28 41
88 97
66 81
68 81
79 92
73 80
10 21
83 88
20 31
1 5
16 22
70 74
29 50
86 89
26 33
10 23
3 14
2 21
42 43
83 95
19 33
2 5
45 53
74 83
80 94
81 89
74 85
90 95
6 11
30 35
21 34
20 43
36 42
44 55
3 10
57 65
24 30
71 92
42 52
4 8
29 34
41 49
37 67
19 26
84 87
48 59
82 91
20 24
73 88
72 84
14 36
74 78
74 83
61 74
59 68
31 40
45 71
20 37
3 15
92 97
20 35
52 63
19 23
2 8
74 84
26 31
40 51
88 91
32 66
2 11
64 70
6 25
84 94
3 19
41 44
33 47
59 62
72 75
40 72
65 78
24 36
36 81
23 27
14 30
9 25
51 53
87 99
33 41
16 31
69 79
2 15
44 59
55 68
92 99
60 69
39 45
52 63
37 45
11 35
50 57
19 22
39 47
58 79
59 65
28 36
84 90
66 83
56 80
49 63
11 16
11 17
76 91
16 41
36 48
77 88
25 45
43 59
43 53
41 57
22 23
41 44
7 15
24 28
69 78
9 16
22 23
9 13
36 69
65 77
24 30
76 85
26 35
60 90
59 65
29 59
1 13
28 43
25 45
66 72
37 61
8 15
66 88
17 28
49 65
86 94
1 10
83 89
75 83
57 64
69 88
13 31
7 11
8 11
48 71
61 79
49 67
39 52
57 63
89 98
33 38
70 84
39 49
68 70
23 33
93 99
79 95
87 93
58 77
11 15
78 91
37 45
12 21
68 81
26 39
83 91
16 19
56 70
70 76
70 97
74 81
56 61
5 9
25 30
84 96
49 60
10 15
44 56
5 19
61 68
69 76
49 56
19 32
59 72
74 92
31 35
67 72
2 14
31 40
52 64
41 50
85 90
79 82
21 41
36 53
32 37
43 49
79 92
31 40
15 22
49 54
52 58
46 57
65 80
86 91
35 53
70 93
84 91
6 15
40 46
94 98
65 75
36 38
2 15
35 43
26 28
14 19
39 51
24 39
76 81
20 30
49 55
14 26
31 41
7 21
83 95
26 28
81 98
24 31
79 99
45 57
48 52
35 40
93 98
27 33
56 64
28 38
92 95
4 19
16 29
32 49
88 98
41 45
55 64
1 11
89 96
53 58
31 44
75 78
22 38
7 11
54 60
15 26
27 30
43 46
85 97
57 65
83 93
36 44
80 85
63 69
35 46
82 90
14 23
55 63
37 55
90 94
29 37
1 7
55 68
22 26
60 64
59 64
18 27
53 67
47 59
69 74
67 69
59 65
17 26
11 16
87 98
74 95
24 31
44 63
11 29
90 100
32 42
56 71
8 40
4 13
95 98
22 43
53 61
63 68
28 43
14 27
86 98
25 45
59 78
6 19
91 98
21 28
85 100
36 43
26 36
61 73
53 71
41 49
83 86
14 23
81 89
22 25
64 70
65 75
12 23
77 93
25 35
51 56
51 68
45 57
27 35
23 28
25 28
35 47
18 31
49 56
36 39
89 96
53 67
9 34
8 12
21 40
55 71
29 41
48 66
36 45
2 10
18 26
1 7
65 70
30 35
9 22
54 69
31 38
48 56
69 74
40 43
88 97
58 64
48 57
68 87
13 26
12 16
23 27
21 28
55 61
39 55
22 44
59 67
96 100
71 79
63 66
30 38
68 83
47 48
22 31
51 60
12 25
66 75
91 98
34 50
37 42
57 76
64 79
74 75
77 86
8 27
3 23
52 59
39 47
22 50
36 49
90 100
10 22
65 73
30 32
40 63
79 99
77 85
4 9
17 36
37 46
7 20
48 85
66 72
70 85
59 65
71 78
20 28
53 66
8 14
41 58
81 99
3 15
7 11
21 24
9 13
60 63
75 79
69 80
85 96
35 54
66 77
24 31
29 35
63 68
55 64
12 20
6 24
18 21
1 5
84 94
74 88
47 53
37 40
81 86
64 74
44 52
13 22
36 41
76 80
96 97
80 87
58 67
26 37
4 29
64 72
55 58
35 42
86 88
54 58
90 100
89 95
67 71
56 59
72 78
76 79
32 37
56 68
84 98
51 62
76 97
36 43
49 65
72 79
46 51
92 96
75 88
57 66
76 94
72 81
83 97
13 35
83 89
65 80
88 100
30 38
7 18
86 100
68 73
64 67
79 86
83 88
77 80
74 81
27 41
48 59
31 45
49 70
69 75
31 36
15 25
39 45
38 58
57 71
88 99
10 16
39 49
67 71
40 47
14 35
26 34
56 62
90 94
95 100
54 67
20 25
47 57
30 33
91 94
41 48
6 16
21 45
11 16
77 83
11 22
13 45
17 30
11 21
39 51
41 55
76 86
56 64
7 17
14 24
43 46
59 82
47 55
18 38
30 36
12 18
8 18
8 47
12 16
19 28
23 34
84 97
61 78
5 11
45 65
71 93
76 82
69 78
67 69
21 39
31 38
21 25
27 33
81 94
11 26
86 94
70 81
25 36
69 80
45 62
25 30
10 15
66 77
94 98
48 62
36 47
42 51
56 69
57 60
43 54
86 94
42 56
78 80
22 41
43 47
61 73
19 61
24 42
82 88
59 66
7 21
41 51
78 86
76 93
17 28
7 13
55 66
25 39
44 59
29 35
61 77
50 74
55 59
6 14
95 97
68 72
32 55
47 56
59 75
60 73
20 37
62 66
60 70
22 48
63 65
78 92
79 87
16 19
16 18
57 65
77 80
69 85
61 77
41 57
20 32
42 57
46 53
68 69
53 71
12 21
70 93
28 39
57 65
53 64
32 45
27 44
19 23
63 68
38 51
17 30
39 45
13 22
38 39
14 18
62 69
38 45
85 95
15 24
12 20
5 11
68 78
73 75
61 64
15 27
80 84
76 82
32 49
22 32
48 51
65 72
86 98
5 18
13 17
16 22
22 35
51 70
76 81
76 93
77 90
11 14
6 14
6 12
40 47
56 63
33 41
31 58
34 42
8 18
51 68
20 31
34 39
79 89
55 62
29 51
26 29
64 90
23 33
88 100
3 14
34 42
2 10
92 99
40 56
96 99
79 85
74 78
56 78
72 86
86 99
32 42
18 33
72 79
20 25
76 85
73 81
57 70
70 73
37 48
60 68
68 79
54 60
39 54
66 85
8 20
59 63
63 76
4 24
68 81
81 99
43 58
73 80
60 65
37 48
96 99
37 44
54 88
8 11
3 9
84 92
17 21
19 29
12 24
14 35
80 98
47 55
27 31
69 74
49 72
13 15
46 72
26 33
62 75
50 53
4 11
42 56
14 27
45 54
83 88
65 81
44 92
41 46
36 39
20 29
30 38
74 77
42 51
71 92
66 94
84 99
39 50
53 61
34 46
78 90
52 68
70 85
23 28
52 65
53 63
56 67
16 21
13 27
49 56
26 34
60 68
60 69
34 45
61 66
91 97
30 46
65 74
17 33
56 68
52 64
82 100
17 43
38 95
56 59
57 75
69 82
53 63
27 37
71 97
67 78
20 29
92 96
45 48
89 97
9 16
87 91
17 30
78 99
38 53
54 71
42 52
27 53
67 80
62 77
71 78
39 48
57 78
51 68
13 16
54 68
82 88
23 31
64 66
22 36
82 93
28 42
30 46
51 58
58 68
52 55
33 37
15 22
13 25
82 91
46 58
6 13
52 61
3 17
3 20
76 80
23 28
35 43
40 66
18 24
11 25
52 57
69 85
75 80
53 63
72 84
24 32
79 86
47 54
71 81
67 76
59 62
50 56
53 60
29 34
55 70
46 52
15 20
86 92
50 63
44 64
6 10
54 61
2 18
8 13
5 13
29 63
55 58
5 12
60 67
78 85
63 68
37 43
48 54
88 95
14 22
10 24
55 61
49 57
45 56
32 55
7 23
43 49
46 58
43 56
36 39
20 25
86 90
56 72
87 96
39 44
78 86
46 50
62 73
70 78
19 28
20 25
92 100
8 28
52 67
70 79
49 55
27 35
42 48
47 65
59 67
44 54
87 96
20 30
34 38
62 71
51 67
10 22
40 52
25 26
37 46
80 87
83 93
2 5
17 31
77 84
1 5
85 94
25 45
4 9
25 30
59 63
33 55
23 26
21 26
72 85
79 93
24 25
80 89
76 90
63 66
4 15
16 43
34 43
19 34
28 36
35 46
8 19
27 37
77 92
2 14
9 18
87 94
2 14
89 99
7 17
72 83
20 28
70 83
75 85
79 84
56 71
58 88
39 51
93 99
82 95
50 68
28 51
25 36
27 37
80 84
59 62
15 22
26 33
30 45
24 36
74 95
75 91
10 27
17 22
4 15
56 71
94 98
67 72
28 54
50 56
64 74
47 63
20 30
58 70
34 36
52 56
46 49
69 87
62 71
74 77
11 17
59 62
45 59
52 65
10 22
53 62
29 38
7 11
11 20
18 33
29 34
59 71
86 90
88 93
35 56
27 32
43 45
20 30
13 21
25 33
68 88
69 75
16 33
24 35
73 85
74 89
18 40
76 83
27 36
84 93
27 35
57 62
45 50
5 18
39 60
39 49
86 93
70 83
26 39
7 23
43 53
30 52
28 49
83 94
13 33
26 44
81 85
31 39
87 94
50 55
51 54
34 63
73 79
1 7
84 85
14 28
40 43
43 53
55 59
71 93
15 22
8 13
11 18
58 67
83 92
72 75
4 12
48 57
8 19
48 79
70 74
96 99
23 35
37 45
32 33
17 30
55 71
41 54
75 77
89 94
75 87
32 51
5 22
45 60
41 49
2 10
51 54
24 37
1 17
15 19
2 6
71 84
11 15
30 34
12 20
72 80
59 68
57 80
88 92
78 94
45 50
52 71
8 12
17 23
51 68
88 97
19 30
48 60
84 94
86 93
12 30
76 81
86 87
49 60
24 27
32 45
23 32
85 89
49 70
79 88
35 42
78 86
73 77
54 65
66 71
4 26
82 96
77 85
65 81
83 96
50 56
79 94
78 89
5 8
61 71
25 33
45 51
38 60
38 52
6 14
56 68
23 31
94 98
91 94
62 76
69 84
52 58
52 60
48 65
64 68
22 38
44 58
39 61
79 93
55 86
86 95
73 85
90 96
37 44
67 75
29 40
88 98
2 19
76 80
82 89
71 77
63 78
7 12
65 72
15 40
38 41
67 77
46 51
23 28
72 83
54 60
57 68
24 35
4 21
72 81
60 92
44 50
22 24
11 18
25 28
82 87
76 83
59 74
17 33
73 78
45 66
80 86
5 18
36 43
41 48
32 38
81 95
45 54
58 63
22 34
5 11
10 34
12 23
15 36
34 49
56 74
42 54
77 83
42 48
89 97
97 100
2 14
67 83
41 46
83 89
50 61
84 91
83 93
46 68
77 86
90 97
56 62
27 36
50 60
12 36
48 52
37 42
86 89
55 64
27 36
87 92
73 81
57 73
81 90
21 25
37 46
42 62
1 8
7 24
32 43
55 69
53 71
27 33
44 59
16 24
68 70
92 98
84 89
30 41
54 60
33 45
24 35
90 97
86 95
53 61
19 30
87 99
10 13
41 55
31 36
9 17
36 56
32 55
72 79
11 19
50 59
32 45
87 97
18 42
4 17
21 31
21 50
22 35
84 94
73 76
64 77
74 85
10 45
15 41
8 12
78 82
84 86
2 9
25 37
67 83
34 40
35 41
75 97
32 40
28 30
46 50
43 49
6 17
48 58
40 51
24 42
82 87
52 61
38 40
31 52
36 42
39 42
21 23
6 22
16 45
67 79
47 53
52 56
18 26
76 87
34 37
3 42
58 63
23 29
21 28
16 29
11 13
14 17
89 95
91 100
72 95
78 80
67 76
68 71
80 91
24 28
7 16
15 43
45 70
33 45
46 58
72 75
8 29
84 99
41 44
1 8
37 55
84 90
19 28
77 90
88 96
18 27
39 47
76 79
15 45
55 79
37 62
51 54
50 53
16 23
78 85
5 33
46 53
28 37
73 89
66 79
31 58
8 13
33 94
2 14
56 60
80 89
53 66
53 59
10 19
32 38
83 91
25 28
44 54
5 18
1 15
24 33
31 36
17 24
84 89
89 92
15 37
45 57
29 43
26 43
57 64
78 82
87 100
10 16
61 78
48 57
65 74
23 33
13 20
15 28
64 97
31 37
51 62
40 50
56 79
58 64
6 13
12 23
89 99
56 75
72 75
65 68
72 89
21 51
95 98
20 33
70 79
76 82
89 100
66 73
51 57
10 32
10 17
25 36
36 46
14 26
84 90
33 43
58 68
3 14
92 95
2 12
26 45
13 25
34 48
93 96
12 16
70 75
55 89
82 87
46 65
60 70
65 70
14 45
70 87
63 65
46 50
80 92
75 99
69 98
59 64
62 79
70 80
70 80
42 59
95 97
81 86
18 25
45 49
13 18
36 48
42 61
5 11
46 59
71 89
33 36
1 17
75 90
55 75
41 51
66 74
78 82
7 27
73 84
37 92
37 46
21 42
40 47
63 94
84 100
45 92
38 47
22 58
44 68
79 89
26 48
41 55
83 93
66 68
64 72
61 71
54 62
54 85
35 48
78 90
70 82
86 92
83 93
34 42
54 74
84 93
26 34
35 53
7 13
68 86
20 30
36 45
86 96
59 70
39 64
6 11
93 99
50 55
21 32
79 85
66 80
25 30
18 29
52 60
52 66
44 66
16 30
6 11
74 94
41 51
12 19
16 21
31 44
49 67
65 83
79 85
82 88
57 66
62 66
58 62
85 95
9 19
48 59
39 51
77 85
29 33
34 50
90 97
73 86
56 64
82 95
4 27
52 60
31 37
23 27
78 100
31 47
52 61
51 93
18 34
20 34
87 92
15 26
82 89
45 52
75 86
15 23
61 70
26 42
50 61
2 21
40 46
2 24
35 44
21 32
10 12
61 70
4 17
21 35
81 84
40 79
48 83
76 83
67 80
54 59
32 43
64 87
71 77
28 39
50 68
76 94
69 81
61 70
28 33
18 30
48 52
13 25
73 79
16 60
50 58
11 17
88 90
51 59
85 90
42 63
35 45
11 13
76 86
62 75
21 29
34 48
24 34
64 70
58 63
39 41
33 45
20 33
55 57
62 85
46 53
78 79
88 96
29 32
93 99
39 49
66 80
65 76
2 26
27 30
41 52
14 27
23 28
79 90
35 44
7 10
69 77
23 38
59 62
19 25
44 53
40 47
85 88
12 23
27 32
53 59
44 51
24 37
33 34
50 64
64 70
69 77
70 83
70 83
53 57
41 63
86 95
34 42
50 64
89 95
36 45
56 71
43 52
30 38
64 74
55 70
51 60
82 86
85 93
5 37
41 58
38 54
18 36
49 58
80 83
13 27
68 76
32 39
10 15
66 72
31 34
82 94
64 81
56 65
92 99
15 29
84 87
63 71
6 11
35 38
77 84
38 55
48 54
81 90
69 86
80 93
49 63
81 96
29 38
39 80
72 80
47 62
30 33
76 96
47 54
47 50
26 34
22 33
46 53
10 18
90 97
16 23
71 86
46 56
35 38
88 97
92 94
55 59
24 36
63 68
13 18
52 74
54 73
83 88
87 94
31 54
50 78
68 73
24 31
71 80
65 79
25 43
47 51
16 20
38 44
7 17
18 23
87 90
41 45
4 14
84 93
91 99
17 29
25 40
13 16
68 91
62 66
57 64
76 88
16 25
58 64
61 65
22 35
1 10
16 28
67 77
85 86
21 36
63 88
64 71
63 74
79 91
69 80
26 31
62 67
70 82
90 94
7 24
1 8
37 44
16 20
90 97
13 49
41 47
54 72
27 43
7 10
75 86
69 76
19 46
73 77
80 90
58 62
22 24
32 47
64 72
68 82
12 24
35 41
13 20
86 98
82 97
33 45
27 37
12 27
55 63
42 50
9 24
30 43
66 76
35 38
72 87
64 86
74 78
52 60
73 77
29 49
88 92
85 87
9 18
51 56
6 18
46 54
22 42
39 48
39 50
14 24
11 18
90 96
45 62
50 68
76 82
80 89
64 69
79 82
14 21
24 32
14 38
24 29
13 16
60 63
83 91
51 63
19 21
23 28
84 88
66 97
64 73
88 99
15 28
38 45
80 100
82 87
38 40
30 37
27 44
77 97
76 93
80 85
69 83
35 72
6 10
26 42
79 97
66 82
24 30
88 94
77 83
11 21
73 80
72 86
28 37
45 47
62 68
52 62
16 25
27 38
47 57
19 28
10 25
32 51
31 68
38 72
70 94
3 11
92 94
9 12
2 7
13 22
35 38
78 88
2 17
33 62
76 80
30 39
73 86
31 35
3 12
31 38
37 52
60 62
28 35
40 47
36 48
43 68
19 26
2 13
66 82
81 93
88 100
45 53
75 76
81 86
14 35
64 86
16 21
37 46
95 96
71 76
38 65
27 36
61 64
60 68
89 93
75 81
35 60
33 48
72 77
15 26
41 54
86 96
35 48
5 42
51 64
74 87
5 35
61 82
54 57
89 93
46 49
31 38
45 53
40 45
18 33
48 71
8 22
41 48
56 81
5 21
3 14
45 69
43 50
63 84
69 80
4 15
57 64
95 100
41 48
77 86
85 89
37 49
6 11
83 86
5 15
39 49
6 14
36 47
20 39
46 63
61 71
21 28
61 73
30 40
50 61
13 33
58 70
9 12
65 72
91 100
5 26
36 49
81 97
30 36
17 23
78 82
29 41
15 32
89 96
65 70
1 9
6 21
3 10
79 89
19 22
84 93
50 59
91 98
79 86
27 31
10 13
77 81
51 71
72 92
26 40
61 66
57 59
91 96
68 78
69 76
6 16
18 39
93 98
53 65
71 78
84 92
17 34
44 50
45 52
22 30
48 57
53 55
22 41
28 44
3 24
43 59
63 72
88 96
19 30
16 19
14 39
41 68
87 93
21 61
54 66
11 12
68 83
52 61
39 44
38 47
33 43
36 49
52 75
13 16
70 73
25 38
61 65
46 60
9 20
55 88
72 92
21 27
39 44
71 75
19 25
41 63
38 43
77 81
15 24
7 16
70 88
13 34
20 39
26 33
66 73
25 33
43 50
48 58
24 31
56 64
87 93
51 55
24 35
5 19
23 32
3 11
10 23
45 59
33 37
46 51
89 98
80 94
44 65
63 87
48 54
57 65
1 16
41 74
16 20
57 69
23 34
24 37
77 87
81 88
64 69
62 67
76 91
20 30
86 89
44 50
12 15
7 14
54 56
70 76
26 35
42 45
13 16
58 66
74 80
80 83
61 66
42 47
62 83
30 41
87 95
31 34
14 19
44 70
36 51
80 87
38 40
1 12
10 36
52 60
51 62
16 28
78 89
86 98
90 94
55 64
35 41
66 73
70 83
8 15
22 31
10 28
63 74
39 46
35 46
7 18
40 46
88 91
53 62
2 11
69 95
50 61
27 38
29 39
63 77
86 97
91 98
83 95
21 25
50 61
48 60
17 25
13 67
28 54
30 35
84 90
14 23
27 31
20 32
90 95
85 90
72 80
36 45
32 43
84 100
21 26
2 12
64 71
77 93
15 30
20 44
77 94
44 50
12 28
60 71
29 34
59 95
68 76
92 95
91 94
25 36
24 31
69 73
59 64
32 64
6 21
50 69
73 81
19 31
52 59
24 38
50 77
2 15
10 17
21 26
44 66
58 76
29 43
23 32
47 59
61 74
29 60
3 17
47 52
4 15
3 8
61 67
13 19
50 60
68 89
79 90
31 42
32 53
64 87
12 23
70 86
72 77
1 11
66 74
10 30
35 38
24 41
32 50
52 63
33 46
44 53
27 35
90 96
36 50
29 36
43 60
82 90
75 82
28 37
39 64
16 27
5 17
27 61
70 81
47 50
66 79
42 58
51 57
37 46
22 41
26 37
36 57
49 53
9 15
19 34
86 97
4 20
71 78
91 95
31 45
93 97
88 98
72 95
33 53
41 43
66 83
16 40
38 54
12 15
73 84
65 80
27 34
34 41
46 49
57 62
39 69
67 79
5 13
54 86
49 54
76 88
40 56
68 80
64 93
18 30
66 74
7 30
76 78
38 51
28 38
29 40
37 45
25 34
91 98
30 33
48 59
54 65
2 6
97 99
56 66
47 54
82 89
96 99
68 76
60 62
38 59
26 34
11 31
59 72
28 40
61 74
48 59
7 12
52 58
39 50
18 62
44 58
81 85
44 47
82 93
74 85
25 34
24 36
42 52
59 76
62 71
11 28
4 10
87 93
81 96
47 52
66 68
71 80
8 17
63 72
71 81
39 61
46 51
41 47
82 85
55 75
37 42
25 47
4 13
72 76
36 40
44 56
68 75
7 14
35 44
13 26
5 12
75 84
20 25
80 90
86 96
21 41
4 6
8 29
38 54
85 88
19 25
66 73
62 65
34 50
49 62
19 22
66 72
71 76
59 67
73 78
67 74
51 67
21 30
48 54
97 98
75 82
85 94
52 57
6 12
84 88
36 46
53 62
6 16
31 41
61 70
85 97
71 79
23 24
1 9
75 83
50 60
54 56
30 39
50 56
56 63
7 10
91 100
1 11
47 54
48 57
71 88
60 69
4 15
39 51
18 38
50 53
4 9
6 17
54 59
16 27
78 82
67 75
7 14
72 92
15 37
77 86
38 47
21 30
36 47
56 70
23 32
22 27
1 13
11 34
4 10
92 98
44 46
50 66
21 35
9 11
68 77
7 16
47 58
60 66
76 80
50 75
17 30
81 89
20 22
18 23
3 20
72 90
50 55
28 45
95 100
46 61
15 23
21 25
57 68
27 31
58 69
31 36
9 15
61 79
28 36
78 87
50 61
49 57
29 50
67 78
73 87
25 36
27 32
27 34
30 33
84 97
23 28
67 81
83 98
11 14
16 39
55 70
72 86
22 34
46 56
42 48
22 38
78 83
49 66
16 26
80 86
62 73
35 46
51 68
69 86
21 28
22 45
68 71
1 10
9 23
83 91
18 37
83 87
88 97
32 43
25 38
59 67
74 77
49 54
69 76
38 51
45 50
17 30
90 96
7 19
12 25
89 95
1 11
91 100
25 38
34 46
96 99
69 81
83 95
54 67
32 53
11 25
61 73
3 6
12 20
66 82
15 33
10 27
51 55
54 63
14 22
63 69
78 82
50 54
49 50
33 36
39 43
36 67
4 25
16 26
18 38
11 24
5 14
3 20
27 33
61 75
71 77
67 88
1 7
65 75
73 81
29 41
29 33
86 94
6 13
32 44
21 30
68 80
5 21
46 63
57 63
39 47
38 53
33 52
13 18
84 96
88 93
35 45
59 70
3 26
8 20
42 52
66 77
33 46
13 23
78 93
62 66
6 18
58 68
54 57
62 75
49 68
2 6
39 48
45 54
48 55
29 33
48 52
65 80
60 80
69 82
5 27
37 59
73 89
15 27
51 57
28 42
72 78
43 48
84 90
8 25
20 30
66 93
85 91
28 71
65 71
45 53
67 69
73 86
26 35
63 69
90 98
52 61
52 68
66 71
62 67
22 33
10 18
50 58
62 69
36 48
76 81
75 87
2 8
22 26
72 87
79 85
7 13
58 68
3 11
31 38
32 33
17 60
45 49
23 37
50 58
69 77
5 22
20 28
74 85
40 48
52 60
7 14
25 32
31 41
14 31
15 20
69 88
25 31
39 40
39 53
29 38
58 73
60 81
27 35
88 92
23 28
36 50
23 34
47 54
25 33
35 41
6 12
19 34
66 72
55 67
9 35
74 86
26 49
58 78
37 52
5 8
38 56
24 27
13 18
11 18
28 33
60 74
26 42
76 83
61 81
14 27
67 68
59 72
30 38
57 78
25 33
68 81
79 86
52 63
57 60
78 90
18 24
13 21
66 70
73 78
8 36
53 57
50 54
88 100
95 100
51 68
9 27
69 85
24 51
75 82
38 41
61 65
24 37
34 54
12 17
61 82
42 52
36 50
16 23
89 92
43 51
25 39
77 82
62 73
41 44
2 10
46 60
54 57
71 75
24 34
37 47
38 45
76 89
41 56
18 26
47 53
38 50
36 45
22 32
76 84
77 79
60 67
40 49
29 33
57 73
6 11
43 49
56 63
43 49
23 40
50 53
72 78
64 71
16 21
9 31
25 61
48 56
82 94
12 18
67 83
12 21
25 30
33 43
64 73
82 90
79 83
74 90
68 90
38 45
53 58
37 48
86 90
36 52
21 39
3 8
13 41
85 92
10 14
42 43
15 23
73 93
44 53
25 48
49 67
10 32
7 16
2 19
28 34
27 33
50 57
40 48
63 68
21 48
62 78
93 98
75 81
68 77
35 41
41 46
42 47
91 94
42 57
21 22
6 11
32 37
55 58
89 96
7 26
46 55
60 68
74 80
21 32
62 81
66 76
64 71
62 75
49 53
76 83
71 86
89 92
45 64
38 50
35 40
73 91
37 46
43 80
66 69
17 25
56 73
60 64
48 60
16 47
12 25
91 98
69 77
38 48
56 72
1 24
29 42
22 52
69 74
70 83
1 16
90 99
30 42
79 84
29 53
29 40
51 69
24 34
83 90
71 76
23 30
76 79
5 7
35 63
28 37
61 66
27 38
1 8
5 16
61 64
33 46
17 29
90 95
52 65
81 86
36 47
5 6
74 85
30 33
55 67
13 46
5 13
2 19
52 65
69 75
11 37
16 24
62 94
68 79
51 59
8 20
38 59
28 35
92 94
51 65
5 15
16 21
48 52
73 96
47 53
81 92
57 59
39 44
12 43
83 96
91 96
85 97
14 24
67 75
53 67
48 56
80 94
9 22
49 61
50 56
88 95
87 97
58 71
46 50
87 89
82 99
12 31
71 84
7 20
70 76
49 62
28 37
60 68
32 53
57 77
44 56
70 93
13 22
22 31
32 45
3 4
41 42
24 35
74 82
24 36
52 66
52 66
47 51
47 54
46 72
36 39
67 83
67 74
29 38
73 83
79 88
91 97
60 66
27 38
4 17
5 13
45 54
2 9
41 52
79 80
52 56
55 60
48 66
70 73
20 51
86 97
64 71
47 57
90 98
16 27
25 48
37 60
27 36
5 88
86 100
34 45
63 79
20 38
68 72
54 60
60 70
33 42
62 65
10 17
36 41
72 77
73 84
22 30
1 8
76 84
37 59
93 98
84 100
88 94
69 78
60 70
52 59
69 75
16 24
53 62
17 21
26 35
1 6
88 99
52 60
43 55
73 93
14 25
40 56
77 83
27 55
79 85
52 54
32 46
71 89
24 49
3 10
56 62
58 93
56 92
24 32
78 93
91 96
59 92
19 31
42 58
75 80
39 42
43 54
63 66
18 30
10 13
68 81
49 56
86 98
55 61
42 56
9 17
38 46
52 79
40 44
17 29
62 79
16 34
71 86
75 80
39 49
51 65
29 46
25 32
37 45
74 82
43 59
85 96
28 37
62 65
3 11
55 59
39 45
40 51
18 29
28 32
31 50
18 29
13 18
44 50
79 96
89 90
5 10
33 42
44 56
80 84
87 91
30 49
62 77
55 67
22 37
3 13
59 69
30 51
86 92
77 91
16 19
13 21
58 65
63 73
83 90
57 67
28 36
1 15
45 57
27 60
59 64
24 34
55 61
93 96
13 28
48 52
65 72
41 50
41 48
24 29
36 46
62 94
52 69
46 49
78 84
76 85
92 99
89 92
64 66
9 16
62 66
82 87
18 55
82 85
83 91
12 26
80 98
37 52
37 42
77 99
57 62
79 91
54 73
36 54
61 75
40 41
50 70
15 26
85 92
49 54
66 88
28 35
2 16
56 68
78 94
58 65
77 82
9 18
5 23
85 97
92 100
51 54
14 27
8 12
78 95
30 49
7 18
56 68
92 99
41 46
62 67
72 86
84 96
67 74
58 89
7 26
31 46
42 53
26 30
6 16
87 91
33 38
68 71
64 69
30 62
69 76
29 34
22 30
11 18
41 49
78 83
39 52
3 16
78 85
2 7
45 54
68 81
34 52
81 98
37 49
29 35
54 76
4 28
10 30
59 74
58 64
68 75
63 80
65 80
82 89
47 52
77 95
64 71
26 29
22 36
17 33
63 78
60 69
25 30
10 45
37 44
80 96
51 58
74 83
5 24
51 63
5 17
20 24
29 42
63 71
43 59
74 83
69 75
74 86
62 70
56 60
85 88
51 77
38 46
81 84
32 51
69 77
34 41
26 40
47 60
80 85
14 21
11 14
82 86
50 54
78 88
4 12
31 41
69 73
25 27
75 86
41 63
39 48
71 84
25 28
36 50
32 40
79 87
85 87
17 46
67 73
22 27
53 54
51 72
4 40
44 63
19 29
36 54
25 30
11 16
86 90
38 53
10 21
40 57
38 46
42 59
33 52
9 27
23 37
62 69
38 42
25 43
18 25
20 25
32 44
6 18
83 89
77 85
14 20
75 79
29 35
51 66
19 32
90 95
10 15
62 94
44 54
58 69
69 75
3 10
57 66
36 41
43 56
69 71
77 84
40 47
50 55
1 30
21 28
48 51
79 88
2 9
44 53
12 20
24 28
30 34
17 38
77 93
15 19
5 21
49 71
90 99
3 8
66 84
36 63
44 61
78 85
30 31
48 63
35 39
26 30
4 12
91 96
56 79
70 79
39 46
55 70
82 88
65 85
62 75
84 90
73 90
79 89
52 57
11 21
87 98
54 60
2 6
41 43
46 51
38 47
6 11
22 32
84 91
60 70
40 52
14 21
60 67
58 67
17 25
16 22
71 79
27 29
58 79
74 77
18 23
3 8
86 95
28 37
28 35
3 6
47 58
88 92
15 21
70 75
19 33
60 67
46 63
74 77
46 60
88 97
10 27
8 19
74 78
76 87
35 48
4 10
19 24
30 43
28 41
22 36
46 52
45 64
52 71
85 91
24 27
87 94
49 59
78 82
66 73
8 10
30 46
84 90
26 30
38 49
49 55
11 20
9 23
3 16
56 64
48 66
19 35
67 78
71 79
32 48
4 10
19 34
15 24
23 28
73 82
31 42
32 36
14 18
29 39
74 75
5 11
57 64
30 46
74 83
44 62
55 69
43 49
38 43
76 92
9 14
24 29
73 81
20 26
85 89
42 63
87 100
72 78
95 99
16 19
83 91
5 8
39 52
23 44
79 86
19 24
57 72
4 31
16 28
24 44
14 17
57 66
22 42
28 52
73 78
27 31
30 56
60 93
94 99
49 56
74 88
25 32
33 47
16 36
25 28
74 84
79 84
95 98
58 68
34 85
18 26
35 48
27 37
78 89
58 72
46 52
60 81
42 46
43 57
38 43
69 73
64 76
76 81
86 93
60 69
72 85
47 58
55 63
81 100
79 85
78 92
22 34
25 31
59 64
15 24
8 28
7 24
43 48
30 36
45 63
69 81
73 98
51 58
23 44
55 76
63 69
53 64
36 39
24 27
52 61
69 77
87 96
20 25
57 61
4 14
71 78
70 75
13 24
56 58
76 86
33 39
41 43
49 59
49 60
1 7
47 66
90 94
3 11
14 22
48 68
27 38
81 84
42 50
54 60
94 97
37 51
60 67
27 39
37 42
76 82
77 88
67 85
7 22
22 32
82 85
60 72
7 15
60 68
64 72
83 90
47 67
76 81
10 23
40 70
56 66
83 89
14 31
19 21
87 94
59 76
46 75
39 52
20 31
1 22
38 50
53 63
75 82
52 63
76 82
17 53
33 75
69 78
59 75
79 92
48 66
26 32
21 25
33 43
66 73
84 89
81 97
31 50
55 63
15 48
94 97
2 32
15 36
49 73
81 87
89 99
44 52
73 77
94 97
59 69
37 43
32 44
18 24
58 69
43 56
76 82
68 85
24 37
51 60
72 79
92 93
26 51
44 49
74 84
22 30
52 59
16 44
19 29
6 10
74 82
32 52
18 22
19 42
70 81
52 58
56 68
16 31
13 19
6 9
21 36
16 23
25 44
41 62
31 36
16 25
73 98
42 54
88 91
43 53
39 46
30 34
8 13
55 63
74 80
67 76
11 15
19 38
62 66
6 12
8 16
39 54
79 89
50 56
62 67
4 13
14 26
82 86
64 72
62 74
8 17
22 28
34 42
41 57
26 37
44 51
66 76
69 78
72 84
91 93
59 61
25 56
91 93
19 28
41 58
25 30
40 50
33 46
88 94
81 97
57 65
39 52
30 34
87 100
61 67
20 24
45 57
63 96
15 35
10 12
62 73
75 85
28 38
36 47
81 96
29 46
25 37
44 64
4 13
4 11
84 88
32 34
58 65
1 4
46 60
9 26
40 47
57 63
19 29
50 69
40 47
82 91
33 39
74 83
59 73
32 40
8 33
21 30
79 97
36 59
56 74
46 54
28 37
48 54
60 74
12 16
27 30
68 75
61 69
26 33
66 75
87 97
21 27
25 33
18 23
79 84
24 28
77 88
8 13
18 31
29 51
24 31
19 25
88 98
26 34
4 7
10 22
55 67
64 71
25 42
41 45
30 41
51 61
77 85
16 21
41 48
67 72
93 96
24 27
43 66
45 50
26 37
7 18
35 57
32 38
24 31
27 32
34 53
46 53
91 93
9 15
9 18
59 68
9 19
24 35
67 72
39 45
39 46
53 59
75 79
40 50
15 28
30 35
24 36
26 37
16 25
55 58
5 12
46 61
37 47
34 38
25 42
64 88
38 51
44 49
30 46
43 55
93 97
84 87
28 46
29 34
51 69
28 30
1 19
78 91
34 50
14 17
91 99
47 51
64 75
83 100
23 32
45 57
69 87
11 23
1 11
53 90
33 42
80 87
70 77
59 63
30 38
35 52
28 42
26 36
27 45
84 95
18 20
66 71
50 61
5 8
5 14
61 86
56 58
30 51
10 16
23 28
16 25
58 66
87 89
22 29
93 97
55 58
68 76
23 42
54 64
34 41
29 70
61 75
68 82
78 86
91 95
49 56
87 94
6 15
35 58
70 75
1 4
79 85
27 33
19 31
40 44
44 61
26 30
12 20
76 79
91 96
8 17
80 85
48 59
6 11
36 40
15 28
40 44
42 53
4 12
8 36
32 44
23 41
32 38
58 66
17 24
32 41
31 40
14 22
81 93
5 17
86 97
28 33
48 67
3 8
47 70
58 62
60 74
20 30
15 19
24 28
5 31
47 62
56 83
68 90
19 22
41 48
29 39
70 79
18 26
34 43
58 79
10 14
27 34
27 31
36 52
53 70
82 85
33 35
67 95
48 54
74 80
4 11
4 19
31 42
39 73
25 40
91 96
76 94
46 49
78 83
25 48
78 90
20 42
74 88
10 12
57 62
23 28
3 10
28 47
13 22
61 77
70 90
67 80
51 55
2 7
81 84
30 37
63 67
64 68
13 14
20 28
61 75
50 53
50 62
18 31
61 69
44 55
25 31
65 69
86 96
34 38
85 91
26 38
7 14
60 71
29 36
54 60
44 64
75 90
37 42
49 60
69 71
73 87
48 59
44 49
65 78
66 78
79 89
49 62
82 98
52 61
70 96
20 31
46 53
44 47
21 27
61 69
92 95
74 91
43 57
81 90
53 63
60 66
77 84
3 10
40 59
55 66
13 24
83 96
73 79
27 41
47 58
48 59
66 83
55 64
58 79
50 63
79 85
34 48
73 78
4 24
29 36
33 41
85 90
45 49
15 25
87 97
49 57
36 39
27 32
73 76
3 8
55 68
33 48
48 54
53 59
73 88
56 60
43 49
58 63
33 55
55 62
59 75
47 54
74 87
82 87
29 50
47 55
71 77
21 32
41 57
15 20
80 95
5 20
14 18
75 83
74 81
36 40
85 93
60 64
86 89
35 40
36 52
23 26
89 96
67 70
73 92
40 41
78 89
89 94
12 20
86 92
3 5
70 81
16 29
87 91
19 21
44 52
33 52
27 35
4 8
10 15
83 89
34 61
86 95
42 46
2 22
48 72
73 90
18 32
33 34
8 12
3 9
36 40
89 96
9 20
18 32
48 62
35 52
24 39
21 45
47 67
24 37
79 93
4 12
49 65
55 80
94 98
3 23
21 29
62 69
97 99
46 50
67 79
2 25
6 20
22 37
10 16
6 19
91 95
76 80
1 7
34 49
79 88
81 86
14 28
14 51
62 68
26 38
16 34
61 80
65 71
84 87
16 27
18 27
16 33
82 96
3 11
46 62
39 49
36 62
55 70
76 88
33 44
81 98
77 82
26 30
8 15
46 64
11 23
64 83
47 74
23 26
75 85
2 7
71 78
2 8
16 35
66 86
6 13
47 58
72 74
41 60
25 32
13 21
54 58
20 39
51 65
35 45
23 27
48 60
37 47
48 68
49 61
47 59
4 17
3 17
47 73
75 90
88 92
59 66
9 20
78 97
61 70
54 63
56 67
44 83
50 82
40 50
71 80
53 66
22 28
33 45
82 89
32 37
24 29
71 75
3 10
69 73
82 84
52 63
26 35
43 45
26 33
74 93
72 84
53 59
68 77
82 99
20 29
13 25
72 93
73 79
21 27
22 36
1 14
69 75
19 22
55 57
53 54
80 96
29 36
64 69
34 43
71 81
27 30
31 50
8 25
54 79
53 60
15 25
77 83
71 84
34 40
76 83
7 30
24 52
4 10
72 78
75 90
14 41
49 53
61 75
20 37
73 82
39 44
78 81
50 52
65 76
43 73
92 95
12 22
54 64
89 95
85 100
46 51
55 68
45 55
1 6
6 16
23 33
59 65
8 23
14 20
8 16
22 48
34 50
72 86
76 86
27 34
50 58
81 87
4 8
29 41
8 13
49 55
30 35
63 69
46 55
10 16
73 80
47 58
72 94
40 68
56 60
61 67
14 29
90 94
72 86
16 19
26 29
23 31
55 71
23 34
46 50
66 73
78 84
8 23
1 13
25 35
42 49
64 68
87 98
75 83
83 87
26 35
29 36
57 62
45 59
35 44
60 78
48 55
86 92
63 67
50 58
45 49
15 18
9 14
52 60
53 58
8 11
45 59
35 40
54 76
17 26
79 83
47 73
72 75
77 86
78 82
18 25
70 86
2 6
6 9
94 97
54 61
10 14
68 70
84 95
33 38
42 55
4 10
29 39
75 77
85 99
42 53
34 42
22 33
1 24
63 81
6 21
88 94
45 50
85 99
55 72
55 62
59 65
73 93
64 72
10 27
28 71
88 92
54 58
53 59
44 54
40 52
32 45
4 20
53 59
31 40
22 40
87 91
36 41
60 66
1 13
9 22
69 85
72 87
1 39
32 34
62 63
31 35
16 45
47 57
72 83
18 22
19 27
36 38
81 85
21 30
69 75
63 76
35 59
33 49
83 92
8 16
61 73
71 91
78 86
58 62
82 84
53 59
15 27
70 86
51 65
5 8
32 44
55 77
61 70
73 82
76 84
22 36
22 31
63 78
29 35
50 60
31 38
29 50
12 17
76 82
28 34
47 51
62 66
34 41
71 83
79 87
41 47
63 69
28 34
39 77
86 95
40 57
29 47
34 45
38 58
83 97
68 76
51 55
3 5
11 16
24 30
53 64
68 76
1 10
45 53
21 31
7 14
75 92
21 29
66 73
55 75
54 65
72 77
19 24
84 91
35 42
52 58
68 80
45 66
37 44
76 82
60 77
49 60
9 14
63 68
18 35
67 75
34 52
45 56
30 58
44 52
44 71
47 62
69 90
75 91
68 90
19 31
55 60
19 38
17 23
76 87
22 35
77 86
9 26
26 32
39 47
48 59
54 60
66 74
59 63
52 57
31 38
67 77
48 54
91 97
23 39
27 38
11 18
4 21
21 43
39 68
2 9
50 61
40 51
13 24
73 83
43 64
26 46
39 49
25 35
53 69
50 64
59 67
88 91
72 80
88 96
28 32
63 71
79 85
6 16
55 62
83 91
58 66
49 55
93 98
23 50
20 37
93 100
82 88
35 49
32 41
44 53
54 64
76 85
48 54
28 38
68 74
25 32
11 42
49 61
5 18
42 55
58 61
44 51
60 66
19 35
51 76
79 97
13 28
55 83
27 43
80 87
46 55
1 8
15 42
67 72
38 46
30 40
77 80
79 94
76 89
56 74
38 44
84 92
60 78
53 62
53 66
48 51
38 60
43 47
23 30
34 44
5 11
69 84
59 71
49 64
67 76
37 47
53 68
29 42
85 90
43 56
38 47
20 30
80 90
38 55
93 100
44 52
75 84
55 62
1 10
21 25
1 19
30 37
55 81
54 64
30 50
43 65
48 61
6 21
7 14
60 73
75 81
31 40
3 8
77 95
75 77
28 31
17 28
45 51
49 57
8 32
49 65
60 81
94 98
36 53
41 44
35 53
2 16
46 51
93 97
81 100
26 30
22 48
46 74
50 62
42 56
70 76
72 76
71 77
37 43
89 98
16 26
40 44
55 56
19 44
7 17
13 21
31 47
67 75
48 55
15 41
60 71
26 30
50 58
31 37
19 41
76 81
13 24
56 78
23 27
24 33
18 31
8 77
33 43
33 42
49 58
13 27
59 66
50 64
92 97
20 57
59 79
69 79
69 82
36 53
37 55
29 36
54 65
72 88
23 33
74 82
12 18
8 13
69 90
73 83
75 97
83 88
37 49
70 80
46 49
46 55
72 76
25 58
42 61
34 78
4 15
39 46
16 21
14 32
8 13
39 46
53 69
14 25
69 89
48 64
4 7
76 82
5 21
22 28
59 62
37 46
46 88
32 39
20 34
67 78
67 76
17 25
48 66
26 32
29 38
8 18
16 59
46 52
70 75
82 97
13 17
34 54
68 76
48 56
13 25
58 65
78 83
6 35
72 82
26 33
78 99
36 42
58 64
61 95
25 28
4 21
10 22
42 47
80 84
12 22
44 48
17 24
32 48
63 75
20 33
25 36
92 97
14 23
63 72
25 35
58 67
5 12
7 14
38 48
4 9
91 95
37 51
68 75
32 38
4 15
76 94
91 96
8 15
28 39
14 28
38 58
15 22
29 37
28 39
62 68
18 24
60 65
64 77
76 82
38 40
30 38
46 68
35 42
53 65
9 17
46 57
5 16
34 49
36 57
19 28
87 88
82 86
36 45
78 93
57 72
49 55
72 83
36 48
2 7
58 78
50 52
77 95
74 85
18 22
14 19
6 12
19 27
81 92
79 95
71 77
19 30
30 40
51 66
63 76
46 52
83 93
85 97
22 30
54 63
75 79
21 28
1 14
31 52
43 54
8 16
66 78
82 96
57 61
68 74
16 30
57 63
11 25
55 61
2 14
74 76
64 67
35 40
41 45
6 32
1 18
33 61
65 75
47 57
6 10
61 78
46 51
92 100
48 61
27 31
30 37
37 41
82 84
40 45
73 82
35 45
34 38
20 42
84 93
58 65
33 60
8 13
70 79
60 78
67 78
26 31
69 74
83 90
14 19
41 48
20 45
36 41
10 17
93 96
72 91
16 39
13 22
59 63
20 32
79 97
33 40
74 79
85 87
48 50
70 81
44 73
29 38
89 97
53 60
8 11
67 69
55 75
20 22
33 65
58 61
70 73
53 93
63 67
57 64
74 78
32 39
60 71
20 35
14 25
60 70
86 90
22 31
7 23
13 23
18 31
77 83
69 76
30 50
39 44
82 85
32 72
24 42
76 82
75 89
61 70
88 97
79 86
26 29
11 23
64 66
86 91
71 80
31 33
43 96
15 25
14 23
62 64
29 38
35 45
72 78
25 31
50 56
18 20
77 82
54 64
50 55
67 70
57 67
57 60
80 86
24 37
42 62
25 33
23 31
43 46
73 80
15 18
11 21
11 14
38 46
41 45
28 50
25 39
26 53
83 92
73 82
18 26
14 33
55 67
79 91
68 88
32 71
57 62
50 55
22 37
3 16
70 77
1 17
49 57
5 23
78 86
86 95
11 23
25 34
62 83
16 30
78 95
17 27
56 64
19 26
69 75
34 45
41 48
50 61
5 11
59 64
85 94
52 63
8 13
62 84
26 37
20 30
85 96
48 63
36 96
17 23
2 25
4 15
45 61
49 56
36 46
78 84
67 75
46 50
40 43
33 37
69 75
67 75
19 24
31 37
58 74
29 32
27 36
28 36
88 98
19 36
68 73
65 68
91 99
80 89
7 11
31 34
4 10
59 76
73 82
77 100
72 76
58 62
5 16
30 34
35 46
72 80
79 87
10 23
54 66
85 92
28 41
42 57
6 16
66 74
25 37
20 31
1 8
86 92
81 88
81 97
4 16
69 79
33 37
3 11
7 16
56 64
53 62
17 20
29 34
52 58
88 93
37 43
77 91
49 73
8 15
44 84
55 80
28 31
34 39
80 93
8 16
64 76
51 64
14 23
84 91
68 71
89 95
9 21
49 57
72 84
42 53
54 75
79 84
17 25
18 21
78 92
89 98
41 59
34 51
36 48
24 33
24 35
49 50
55 61
36 48
32 40
16 36
7 19
75 96
21 25
34 45
12 16
84 89
58 77
85 86
75 84
26 62
46 56
84 89
65 72
60 71
33 37
16 26
79 82
85 92
55 61
37 47
49 55
73 93
36 55
33 40
20 31
65 76
10 13
34 56
87 93
20 31
41 56
20 31
83 99
39 40
89 92
38 49
8 42
4 17
1 6
55 58
67 77
54 60
50 55
36 62
41 47
62 84
69 96
51 54
22 36
31 37
86 92
41 48
56 66
2 11
50 60
32 44
35 48
44 64
91 99
85 99
3 6
80 86
8 20
25 42
45 49
82 98
89 97
83 92
37 48
20 32
67 84
80 98
2 9
4 12
87 97
46 51
21 25
32 57
56 87
15 27
62 89
73 81
15 44
93 95
49 61
58 64
68 74
84 92
79 85
57 68
14 28
65 73
67 76
24 29
65 83
49 64
10 29
84 96
66 84
77 88
36 47
7 12
66 77
74 80
38 40
70 74
12 26
70 75
49 65
22 33
93 97
63 77
26 32
33 48
52 56
8 12
44 63
18 29
89 95
3 6
38 45
48 52
68 79
7 29
34 41
49 72
16 20
14 17
40 52
19 29
78 84
6 12
16 25
24 39
54 58
21 22
50 60
4 9
68 81
59 62
84 96
49 63
61 78
70 79
72 96
1 9
44 50
16 32
49 64
75 92
41 53
63 81
59 72
83 91
68 88
47 51
33 36
54 60
10 17
19 22
26 29
60 78
90 100
8 28
28 31
7 18
83 92
44 53
29 34
7 32
38 53
57 63
22 43
72 75
27 30
91 94
58 91
6 33
22 38
17 26
25 35
46 49
58 73
65 73
59 67
18 29
3 8
36 44
24 29
90 94
31 43
8 18
92 98
59 66
59 69
29 34
60 71
96 100
19 25
38 42
64 79
87 92
44 50
45 49
52 55
28 39
66 89
87 97
60 65
39 53
8 25
74 87
80 81
94 98
21 30
92 98
42 47
51 63
38 53
18 24
10 18
21 24
9 16
65 100
4 13
30 33
45 57
61 93
24 40
72 79
6 27
80 92
54 64
38 44
32 45
5 11
75 82
81 91
65 71
79 91
85 99
62 78
32 34
25 50
54 59
28 30
25 35
27 33
68 84
49 53
87 93
4 12
59 63
5 16
60 72
82 85
3 17
46 55
3 7
66 75
66 77
42 63
8 17
36 54
74 94
21 41
60 65
95 97
41 45
10 25
75 90
85 96
53 75
42 53
51 67
54 69
78 81
47 64
8 18
21 30
7 16
93 100
14 24
40 53
18 32
31 48
24 32
26 28
51 55
9 29
96 100
14 20
11 14
32 51
1 16
41 47
3 9
77 87
90 100
7 18
37 56
82 83
8 31
22 29
20 42
74 83
39 48
50 55
33 42
52 59
37 42
72 85
56 78
38 42
31 34
34 41
24 41
42 46
30 46
36 40
13 44
67 88
78 89
20 30
5 11
71 80
77 83
82 86
68 72
86 90
69 77
31 41
13 24
85 87
57 67
74 83
42 58
50 54
69 81
7 16
63 71
41 46
29 38
6 20
46 59
91 94
36 51
80 86
23 38
32 43
62 69
3 17
61 83
68 89
64 70
37 51
1 4
25 50
6 22
43 49
75 82
42 48
39 49
16 24
10 49
20 41
23 29
26 31
16 41
36 46
26 46
21 35
15 41
10 47
39 57
87 93
85 92
10 28
23 32
11 17
77 83
73 78
54 55
13 24
63 69
66 79
3 17
37 54
61 68
6 13
18 28
88 97
61 72
19 25
35 54
18 33
24 31
56 63
45 74
25 33
83 94
29 32
29 38
80 92
65 70
45 50
2 11
68 75
2 19
26 44
15 23
16 36
54 63
77 96
70 76
68 74
80 85
6 18
39 62
2 6
25 36
78 84
52 62
85 96
76 79
87 93
22 32
61 67
90 97
76 86
55 70
54 66
87 91
89 97
77 80
27 34
69 83
74 93
19 25
32 38
37 66
5 10
90 94
48 53
1 9
53 61
19 22
37 44
2 9
53 63
75 83
73 75
31 38
21 25
63 76
62 81
47 61
13 38
57 63
63 87
20 21
5 23
29 44
65 84
38 53
73 81
26 36
43 46
4 17
35 46
11 23
30 36
50 67
27 56
74 81
3 23
17 20
59 70
36 50
29 37
72 98
92 96
82 86
81 86
94 96
15 33
79 89
61 65
11 16
7 17
55 73
87 91
13 16
81 87
56 69
13 25
81 90
83 100
58 64
66 72
86 92
40 54
39 60
42 53
87 100
