100 20 20 18
00000000000000000000
00011000000011000000
00000000010000000000
00000000001100010011
11000100000000001000
00010010001111000000
00000000110000000000
11011000000000111000
00000011000000000111
00000000111100000000
11111111000001100000
00000000000000111100
00000000000000000000
00000000000000110000
00001000100000000011
00111100000111000100
00000000011000000011
11000010000011110000
00000000000000000000
0000100100000100100
0000100100000100100
0010100100000000000
0010100101000000000
0000100001000001000
0000010001000000100
0010000001001000100
0010000100001000100
0010000100100100100
0010000100100000000
0010000100100010000
0010100100100100010
0010100100100100000
0000100100100100000
0100100100000100000
0101000000000100010
0000000000100100000
0000001000000100000
0001010000000100000
0001010000000100000
6219
71 97
46 50
79 88
47 62
86 87
71 79
49 90
21 28
4 9
24 29
57 61
37 52
39 49
76 87
21 33
8 23
15 22
33 44
28 52
16 28
74 86
33 37
36 54
81 87
50 68
48 56
63 67
59 65
29 44
39 45
69 92
52 69
51 59
46 89
27 29
71 76
10 20
73 79
74 83
32 37
46 94
92 98
49 52
67 69
39 43
33 42
81 86
40 42
86 96
33 41
53 73
36 49
72 79
10 36
17 24
8 15
42 63
87 93
84 98
10 33
42 49
79 87
59 63
68 69
92 95
36 41
55 66
93 97
1 9
45 49
67 80
46 70
57 82
18 22
6 38
80 91
22 37
38 46
19 26
9 25
53 56
84 93
69 89
48 54
76 86
80 82
9 17
31 36
70 82
81 86
53 65
2 18
61 87
60 66
39 56
59 76
20 28
88 97
9 14
5 15
39 49
24 43
92 97
76 87
94 100
4 6
70 87
41 58
25 43
33 46
53 58
73 89
20 30
31 54
74 85
65 76
9 29
56 64
68 74
61 81
46 53
21 31
13 25
9 18
73 86
86 96
78 90
6 14
49 57
31 38
41 48
87 100
20 42
10 29
74 93
35 38
38 40
45 56
36 40
24 32
86 89
51 59
21 37
36 45
56 69
10 23
85 92
34 52
4 41
18 34
13 19
5 23
32 56
30 42
82 88
45 50
74 87
60 65
47 63
45 60
67 82
47 61
47 55
15 29
61 69
74 83
47 59
24 30
86 91
54 73
47 56
62 72
38 46
81 88
66 76
19 20
41 56
44 60
90 95
38 44
24 31
90 98
18 24
55 62
17 23
7 16
40 57
31 36
45 53
70 83
67 71
16 27
52 86
49 62
23 37
89 95
57 66
58 73
56 61
75 77
44 56
72 78
19 34
37 39
70 96
5 9
35 51
5 15
8 13
40 51
90 92
20 28
57 62
40 48
39 46
77 89
14 24
37 46
8 14
7 14
45 81
54 62
94 97
66 68
30 38
55 63
37 46
87 93
84 92
46 53
70 84
36 47
8 16
14 23
28 34
69 80
45 61
47 58
10 20
39 58
16 21
76 81
32 41
42 63
81 91
56 84
69 78
65 71
21 22
59 64
93 100
78 85
71 72
31 36
34 39
64 75
37 39
46 70
30 46
77 83
67 80
82 86
80 89
59 86
21 25
48 56
97 100
2 15
11 19
16 33
6 20
59 64
28 39
83 96
31 43
17 21
25 38
56 67
77 85
36 44
91 100
1 18
1 31
5 18
68 74
40 49
72 77
53 71
34 75
84 97
17 28
2 5
29 43
27 31
47 57
8 13
48 60
62 67
87 95
12 15
56 69
74 81
4 9
71 84
36 39
56 60
6 19
72 100
23 37
70 93
14 28
79 86
54 64
16 27
30 37
57 76
37 52
84 92
92 100
82 86
37 55
69 86
73 77
24 50
29 38
39 42
19 25
28 36
23 29
30 45
16 27
84 93
20 24
76 93
80 94
45 60
1 10
92 99
20 35
16 33
5 10
5 8
84 91
33 64
38 57
78 92
30 37
49 54
12 19
90 92
87 89
2 25
31 41
1 16
63 69
41 60
1 17
68 73
37 41
77 85
60 62
41 49
8 13
82 93
54 57
90 95
58 60
91 93
77 87
42 54
66 71
47 53
20 37
18 24
95 100
58 60
64 75
7 12
91 99
19 29
72 95
81 88
26 28
77 85
18 55
90 94
66 89
53 59
40 51
46 51
18 23
75 86
23 30
22 51
4 6
73 87
56 76
47 53
81 92
24 29
2 5
46 73
18 29
9 19
66 82
32 56
76 90
6 12
47 50
72 88
20 29
54 63
68 72
8 16
56 64
13 19
63 71
43 58
41 51
27 40
82 87
26 36
34 39
11 25
34 37
19 25
62 67
20 34
36 42
46 49
65 70
68 91
87 98
7 15
92 95
88 94
59 68
77 80
31 37
58 66
33 47
59 63
69 89
63 65
70 91
70 75
37 41
70 73
10 29
23 35
12 28
17 27
32 37
85 90
22 31
37 44
31 33
24 33
51 65
33 41
54 59
23 26
28 36
30 41
58 70
81 89
85 93
18 29
72 77
2 7
8 14
31 57
24 44
86 94
50 57
14 19
30 46
11 23
55 60
16 34
70 78
35 37
41 71
24 29
30 34
45 67
78 84
5 24
63 76
64 75
55 95
44 53
69 72
79 92
84 91
23 33
74 80
35 38
45 54
68 83
21 35
83 89
36 46
37 41
4 26
17 26
63 71
18 25
72 84
62 77
78 89
84 87
12 16
87 90
53 59
14 27
35 44
86 97
17 23
28 58
70 79
17 25
4 18
58 71
61 68
48 50
17 23
2 8
24 32
35 41
38 58
76 80
70 82
47 75
26 34
59 87
35 53
26 32
68 74
39 46
20 32
53 59
10 21
10 18
47 57
8 24
80 96
10 16
7 33
9 21
84 88
57 70
61 68
19 31
38 47
34 38
71 75
28 37
21 30
64 86
91 100
23 32
39 69
64 74
85 87
41 43
6 13
16 31
64 73
43 85
85 94
84 98
91 96
85 88
27 31
23 30
40 46
55 62
58 87
71 74
40 49
22 26
56 59
84 91
83 93
4 16
80 88
68 81
41 64
55 59
47 59
70 77
31 37
53 62
23 27
79 96
24 32
14 41
24 42
89 93
71 79
65 73
76 84
2 7
45 63
44 62
79 85
69 79
80 95
55 72
26 44
42 55
4 17
57 66
78 95
49 56
93 97
56 70
79 89
34 48
13 20
4 18
93 96
27 37
29 65
67 89
67 77
1 22
89 92
70 93
91 100
73 75
48 61
49 68
72 82
5 20
27 39
5 31
64 79
93 97
85 99
1 12
5 9
69 75
43 62
51 61
2 10
67 88
60 70
10 16
16 30
45 62
12 20
63 76
25 46
38 54
17 22
34 43
33 61
47 49
7 26
41 46
62 73
71 84
22 30
25 37
36 54
33 39
41 47
60 63
58 64
85 93
11 17
27 36
26 37
20 33
72 85
46 62
7 30
40 44
17 36
15 28
16 35
13 42
45 70
14 17
72 100
51 58
73 81
84 87
63 71
64 68
37 54
59 87
80 90
32 33
74 86
62 75
53 59
22 44
49 74
65 77
57 76
20 43
22 32
74 86
59 70
13 16
36 52
42 58
91 100
20 23
30 35
70 79
8 15
9 21
36 41
32 44
6 13
73 83
20 29
43 53
77 83
39 65
59 77
92 97
62 86
63 66
67 72
63 70
74 83
27 32
6 21
21 37
82 97
64 76
16 28
73 84
24 31
15 24
56 63
55 63
36 40
57 68
18 23
21 28
34 91
56 64
21 32
1 11
6 15
73 82
34 41
57 62
17 24
7 14
81 85
11 17
15 20
17 36
62 71
33 49
15 37
22 31
42 70
70 75
74 81
10 21
57 62
11 72
25 31
9 17
50 68
67 72
58 63
31 49
80 92
66 79
11 40
83 97
57 65
11 23
57 72
70 87
58 81
49 65
20 29
49 71
88 93
80 90
72 75
38 61
69 74
79 84
34 47
37 46
21 26
15 29
50 59
56 80
86 92
60 63
41 47
37 69
16 28
45 56
68 72
2 10
54 77
22 27
9 16
48 61
60 71
10 14
15 22
59 75
63 75
68 74
49 62
79 88
68 84
44 54
90 97
25 33
41 49
83 89
43 51
12 22
33 53
29 46
33 38
73 99
9 21
21 28
19 24
54 72
9 20
1 5
37 45
44 53
58 69
67 85
18 29
52 58
19 79
44 60
46 88
40 58
48 61
44 65
46 49
67 82
63 64
68 74
29 40
16 18
63 74
58 61
74 88
41 54
72 75
45 55
20 47
73 82
31 42
25 28
16 28
70 75
24 38
61 71
2 14
37 41
88 98
38 53
4 16
61 81
62 77
38 53
36 47
42 50
45 49
78 88
76 94
7 28
81 95
89 92
9 15
65 87
87 95
46 52
72 76
49 53
11 22
27 33
82 84
84 88
22 31
10 41
66 76
59 70
68 69
58 72
12 23
92 99
9 14
29 36
79 89
72 84
69 73
42 52
80 86
62 74
94 98
3 14
29 35
76 86
75 83
65 68
54 71
29 57
64 69
27 34
20 46
64 70
24 29
67 75
82 87
37 55
46 57
22 47
42 46
70 77
6 15
45 53
33 41
74 92
7 19
50 99
61 68
68 71
54 61
60 63
16 21
20 23
34 51
54 58
93 99
77 96
58 62
62 65
7 15
64 73
92 98
45 49
74 84
18 24
26 47
5 13
77 98
25 33
15 20
61 72
23 38
64 68
80 96
72 84
17 37
34 40
50 59
85 86
30 36
4 19
91 99
21 29
77 85
43 56
78 82
85 92
7 22
81 91
70 85
48 59
78 98
32 41
46 66
55 62
84 89
85 89
72 78
13 69
29 37
78 84
49 70
10 23
92 100
86 98
42 48
31 36
56 60
83 87
78 89
31 43
64 97
90 99
39 54
19 34
13 39
65 72
9 19
49 58
2 10
63 70
16 26
59 100
22 30
52 58
64 93
72 79
42 74
33 56
75 84
36 52
11 30
75 83
56 73
39 48
27 32
43 48
79 91
67 75
48 60
1 3
58 70
69 76
46 59
70 79
29 34
61 71
90 91
95 98
44 49
40 48
57 64
42 51
65 88
54 58
10 20
3 15
5 8
21 41
89 92
26 42
90 98
66 74
21 43
35 39
82 84
22 29
13 19
72 82
71 75
39 45
27 37
24 29
47 61
53 59
64 72
23 63
44 67
32 57
83 89
12 19
89 96
8 11
19 24
58 85
78 82
18 26
20 30
48 54
2 30
83 92
38 45
52 64
67 77
69 76
48 50
16 28
63 69
1 15
69 73
9 18
52 58
22 29
27 35
48 55
16 30
49 65
6 20
32 36
48 53
41 56
62 68
71 91
88 94
34 48
81 94
71 82
95 98
52 58
59 63
10 22
49 58
82 95
20 26
67 76
88 93
73 85
19 29
36 74
36 42
19 23
26 41
35 47
3 20
29 46
57 63
47 56
69 77
82 86
69 74
15 42
42 48
20 25
73 89
2 7
2 13
68 79
76 86
23 29
76 80
26 40
33 59
55 62
21 35
42 49
16 21
11 42
1 29
86 93
95 97
82 84
59 71
27 39
58 71
53 59
26 44
47 58
73 79
32 45
58 63
34 42
69 85
52 74
15 22
81 99
13 18
82 98
75 79
81 84
19 40
85 92
11 13
14 21
67 77
37 45
1 9
81 95
47 51
9 15
32 51
39 47
57 60
1 25
62 79
46 51
33 45
5 14
21 31
39 45
46 50
47 57
85 97
26 40
24 35
39 43
53 61
45 49
95 98
53 71
3 14
57 62
2 8
14 35
80 87
26 31
82 88
16 28
35 40
89 94
66 69
78 84
71 85
38 49
64 70
87 93
70 88
85 95
41 58
32 51
82 93
31 35
20 41
42 47
48 64
11 25
16 29
67 76
56 72
8 17
8 14
81 90
47 55
20 31
70 76
69 83
58 59
17 39
58 77
48 50
3 31
10 18
18 26
77 87
42 51
67 83
50 59
8 27
29 48
67 78
66 82
38 48
61 76
79 92
19 36
64 66
56 63
25 42
13 19
66 67
19 34
72 86
44 49
39 45
8 23
67 79
21 30
70 92
14 30
29 37
66 80
48 53
25 33
26 32
8 12
59 65
73 77
48 56
59 61
74 76
17 28
68 78
20 33
54 80
49 57
45 64
40 45
31 47
19 23
63 66
9 23
24 33
4 8
1 7
14 28
90 94
35 60
2 5
91 100
19 24
9 22
22 46
56 62
61 64
70 83
39 52
26 51
78 86
73 80
15 30
5 8
66 77
8 16
9 33
14 26
14 18
42 45
75 79
50 97
58 68
25 31
4 10
44 72
84 89
13 22
11 40
27 46
85 92
52 57
88 99
46 49
66 77
2 21
79 86
48 61
8 27
37 48
38 44
54 61
41 66
51 56
71 92
71 83
29 33
15 27
60 65
2 10
29 36
38 45
6 13
70 77
5 9
79 93
66 83
85 91
37 54
2 5
52 59
31 36
65 72
80 89
88 96
93 99
58 63
62 93
49 51
10 27
75 83
71 77
80 93
57 62
55 63
83 94
77 83
76 86
9 18
9 19
93 96
57 73
39 54
36 41
47 54
49 54
23 46
72 87
47 60
62 92
69 79
4 7
26 28
49 59
76 94
67 72
34 40
26 31
22 26
55 63
70 81
54 60
76 79
10 31
72 85
4 13
64 68
3 13
82 93
45 53
31 36
90 97
25 29
65 68
65 72
71 89
5 16
68 89
50 64
42 56
34 44
1 6
18 21
67 83
24 27
2 16
28 45
3 15
73 83
18 27
21 26
60 70
58 70
36 41
91 96
5 23
14 22
42 49
8 13
5 9
7 15
49 60
49 57
16 24
71 81
69 74
26 37
68 75
11 20
26 35
52 67
63 73
56 58
12 20
53 67
27 32
61 78
83 89
19 28
53 57
24 32
83 95
10 15
65 80
78 87
89 97
82 89
14 33
24 28
32 48
6 10
38 47
44 50
70 86
18 26
42 44
81 97
2 17
37 46
43 47
12 19
48 57
85 95
7 12
14 19
22 28
1 9
63 78
72 80
61 64
25 36
23 37
23 28
75 84
44 58
69 70
40 45
22 27
38 46
75 85
64 68
7 10
59 72
62 74
65 74
12 23
65 77
57 70
80 91
65 73
62 71
22 24
20 43
25 33
16 19
21 58
90 100
64 81
56 63
81 90
47 72
89 99
30 43
85 96
50 55
78 80
76 84
58 64
48 52
78 86
29 32
54 75
83 90
29 50
29 55
75 77
1 12
75 99
82 92
35 40
42 55
72 80
23 32
13 34
70 77
55 66
73 78
35 50
77 83
41 44
55 59
50 66
63 72
31 37
53 57
16 31
70 81
72 84
3 22
79 95
85 89
44 56
52 55
16 24
14 24
9 29
55 61
4 12
33 59
19 27
38 48
12 18
17 26
19 34
28 35
68 77
85 100
77 84
70 76
1 14
26 37
94 100
32 41
24 44
65 77
33 37
7 10
81 92
58 85
98 100
1 9
72 79
12 32
40 84
68 73
82 87
5 14
48 57
54 66
89 96
51 65
46 51
39 50
71 74
58 69
61 75
36 50
73 83
34 55
17 25
8 15
66 80
39 42
27 35
69 72
64 70
62 69
30 57
92 98
11 22
43 49
7 13
78 86
11 26
55 63
68 78
77 88
23 40
43 53
29 36
28 37
72 89
75 78
48 57
54 85
17 24
47 57
85 96
2 9
39 44
77 92
47 52
14 45
59 66
12 23
3 7
12 24
36 51
74 91
67 77
48 53
25 32
65 76
31 34
18 88
39 45
82 92
89 97
28 31
38 85
26 29
60 71
12 18
15 27
69 87
5 16
63 73
57 62
68 91
63 76
45 49
64 90
14 44
48 50
1 3
28 38
82 100
65 68
7 32
32 49
5 10
45 54
91 98
14 24
10 22
27 38
34 41
75 82
34 42
6 14
40 64
4 13
73 91
75 82
94 97
8 15
67 71
85 91
68 78
23 29
37 41
81 84
53 65
35 38
1 8
11 16
13 15
17 22
74 79
14 19
62 71
79 90
69 83
79 87
46 55
32 34
23 42
75 81
56 77
65 69
30 34
53 61
33 36
28 45
25 36
36 51
5 8
50 53
32 39
39 48
11 18
66 71
1 13
3 9
85 93
48 55
52 57
43 50
37 57
25 38
14 34
48 66
69 84
27 29
69 72
57 64
10 21
33 59
73 88
7 17
26 44
72 79
96 99
46 50
28 34
46 60
34 47
43 59
13 22
21 29
69 79
36 51
42 52
14 18
89 99
32 53
55 65
72 97
49 64
69 76
61 66
63 84
58 75
57 68
28 32
65 69
31 44
27 34
35 48
85 94
80 93
6 33
48 56
55 71
84 94
26 40
6 12
39 61
13 22
55 66
47 53
28 33
29 46
19 40
77 95
39 63
52 59
14 19
1 44
53 66
77 97
12 17
73 78
41 45
52 55
57 61
12 19
48 61
27 43
86 99
69 75
85 93
41 45
57 59
35 41
69 79
67 75
70 87
60 80
62 88
70 95
57 67
25 26
76 80
63 79
27 42
22 42
15 29
14 22
94 98
12 18
71 83
71 94
32 37
9 29
24 29
25 31
66 82
7 14
6 27
11 16
26 34
21 27
71 82
6 19
26 36
7 14
87 97
74 82
35 48
90 96
47 62
33 40
18 23
44 71
50 96
4 7
22 32
67 68
58 64
47 49
49 68
10 25
78 94
77 81
24 30
84 97
92 99
3 10
63 88
48 51
59 73
67 72
32 49
70 88
42 56
67 79
34 37
35 45
85 92
71 79
61 76
11 22
68 81
71 80
29 39
58 65
34 41
9 15
47 58
42 54
28 32
6 22
11 21
36 45
48 55
64 76
75 84
46 51
25 28
54 67
18 28
92 97
30 32
31 40
80 91
56 74
72 80
40 52
22 28
65 70
79 93
30 61
62 72
70 92
49 55
34 54
24 39
66 69
33 39
82 95
26 29
14 17
38 47
31 43
61 79
32 39
20 39
73 78
37 51
63 65
38 52
42 46
40 43
50 61
47 53
89 98
45 70
33 45
5 15
45 51
77 88
28 39
80 95
13 28
6 35
38 57
27 34
66 76
84 92
28 38
65 79
79 89
91 95
34 40
3 18
4 16
76 100
17 22
36 56
66 79
34 43
5 21
52 59
27 41
2 11
85 93
14 25
10 31
90 97
8 17
48 51
91 100
81 100
79 96
25 31
6 14
91 94
15 30
52 91
13 14
67 70
56 69
78 98
39 46
15 22
57 88
64 72
8 20
28 33
18 30
38 61
82 96
44 56
42 65
52 65
83 96
46 52
31 48
20 40
54 58
32 46
27 34
48 76
23 32
15 25
88 100
40 46
26 30
83 90
63 67
47 52
64 71
7 14
73 77
87 93
53 60
21 34
65 80
7 20
77 93
66 70
69 76
8 24
26 31
4 10
47 56
44 50
58 81
72 82
66 69
9 27
63 78
24 32
30 36
15 29
87 95
79 87
31 40
26 33
66 73
8 13
9 14
18 28
91 98
57 63
36 59
48 99
48 57
56 74
10 13
77 84
9 17
78 88
74 82
69 76
7 16
54 79
42 50
13 21
9 51
61 73
83 93
49 58
69 84
68 83
25 31
9 13
23 28
71 84
91 95
3 12
86 97
44 65
55 76
52 60
66 84
74 83
8 13
2 11
33 36
59 69
58 61
65 77
16 18
5 17
38 44
54 61
36 42
15 20
13 29
26 33
91 98
30 42
13 18
90 95
87 91
6 13
80 94
34 45
10 25
54 65
76 78
75 81
39 43
67 71
17 25
16 23
53 68
62 77
17 35
46 52
84 89
89 99
29 47
2 7
14 18
4 8
84 89
69 93
87 97
39 46
48 55
33 39
93 97
23 34
41 44
85 90
75 79
26 65
91 100
62 73
81 93
48 79
71 84
78 99
20 22
18 35
38 56
26 38
65 68
27 35
14 18
75 88
64 84
79 100
21 29
19 22
79 91
32 38
57 65
64 68
81 100
41 51
73 82
63 68
53 59
64 71
58 65
33 49
5 21
6 19
72 81
60 80
73 90
23 27
18 34
68 81
3 4
42 57
66 70
14 19
37 63
70 75
76 81
51 55
71 76
90 100
25 40
14 16
71 76
54 62
13 24
74 82
62 67
70 82
28 40
65 74
2 7
36 41
75 88
62 67
45 56
81 93
7 23
6 20
8 23
45 72
87 91
59 81
84 92
6 14
37 42
84 89
43 58
62 66
7 14
32 41
49 66
83 89
69 75
81 89
83 85
36 49
15 21
18 25
87 99
26 29
58 74
75 100
59 77
21 49
72 80
18 36
50 67
57 59
63 76
30 49
82 87
56 61
31 38
44 48
61 73
61 63
12 20
83 91
66 80
22 48
40 65
39 46
49 71
75 90
30 49
63 80
47 56
24 37
3 7
12 22
18 37
37 46
12 21
50 60
83 91
23 26
67 73
16 25
50 52
35 52
26 36
52 54
71 76
35 44
35 47
59 74
40 47
31 45
9 12
89 99
42 51
4 8
74 82
25 31
49 53
71 75
20 30
89 98
10 18
34 42
63 73
17 22
50 69
75 81
41 48
26 41
27 39
45 52
53 64
64 70
59 61
38 44
86 92
48 55
33 40
80 90
46 51
72 82
44 59
4 12
58 65
12 18
33 40
33 41
19 28
54 73
93 98
12 63
19 36
57 60
59 70
28 33
1 28
90 99
87 93
47 61
43 52
7 19
22 29
1 3
55 64
14 32
31 35
54 63
26 35
66 70
76 82
1 6
12 23
53 65
16 26
75 87
79 83
88 92
12 23
32 54
37 59
64 73
1 13
54 62
22 27
66 89
59 63
81 91
75 87
6 12
59 65
68 79
44 47
61 81
47 57
85 89
3 22
36 43
23 36
29 32
62 70
87 90
54 74
4 9
29 41
51 82
69 81
10 30
27 31
30 33
92 98
2 10
22 51
95 97
70 76
28 35
25 34
35 40
23 29
60 67
34 57
44 55
32 46
87 92
15 23
26 32
15 55
90 95
12 23
56 60
24 34
20 36
81 95
89 94
59 64
65 72
80 91
42 54
36 50
48 56
24 58
28 31
69 78
39 43
2 4
55 60
96 98
46 82
51 60
63 74
62 67
56 68
7 14
81 95
54 57
49 59
75 83
17 29
88 92
77 83
88 93
84 88
77 87
43 48
33 48
78 81
38 42
92 96
76 100
17 29
56 60
72 80
28 33
43 49
55 72
28 30
55 67
68 79
3 6
56 68
69 77
15 31
29 39
8 18
18 31
81 88
2 13
20 29
62 66
16 25
10 56
83 98
9 39
36 46
53 58
5 11
69 78
8 14
3 18
2 27
53 77
20 27
17 32
62 75
22 27
22 35
55 75
75 82
95 100
90 96
17 20
76 84
83 90
8 15
49 77
50 58
64 73
57 63
4 12
89 94
32 36
55 68
57 64
32 40
18 24
79 90
49 51
13 51
27 53
46 52
89 96
72 76
40 44
16 27
90 96
33 50
29 39
68 83
27 39
68 79
47 62
43 54
61 65
65 71
65 71
49 59
30 40
46 58
8 11
33 34
50 58
79 87
27 32
82 98
84 87
79 86
79 88
81 90
34 39
6 13
83 90
64 69
54 62
65 90
75 94
36 45
33 84
13 23
3 23
28 39
53 58
36 49
70 78
47 52
5 13
92 95
94 99
30 41
73 79
37 44
39 55
32 36
40 50
47 58
57 68
7 33
43 46
73 84
20 34
31 39
34 44
56 62
85 93
84 94
55 65
64 71
74 78
40 47
66 88
60 66
8 13
73 75
81 89
62 69
70 83
21 32
12 30
72 92
42 59
82 86
36 51
26 35
57 68
39 47
38 46
6 26
47 51
70 75
49 61
83 87
80 92
29 33
10 23
10 34
13 18
55 67
9 14
86 92
81 91
67 82
33 48
95 100
64 74
61 76
73 80
76 99
39 45
20 29
33 53
6 13
83 87
52 61
2 13
43 68
10 15
78 80
55 66
30 40
6 17
43 48
66 73
10 26
63 75
25 50
14 22
16 25
81 84
42 51
26 36
62 71
51 53
82 87
65 68
7 22
64 74
91 95
63 76
45 56
9 19
90 94
21 38
7 20
88 95
63 70
77 83
46 51
55 59
68 77
75 81
25 29
7 31
48 57
64 72
6 28
55 64
17 24
87 93
47 89
20 41
36 41
80 90
72 89
50 54
58 63
14 21
41 54
12 28
66 82
51 55
13 19
75 79
31 47
30 42
67 74
19 22
37 48
28 47
73 86
85 100
6 27
57 64
2 12
48 63
20 38
87 94
63 75
23 40
55 70
33 43
15 27
85 89
70 85
31 51
5 15
12 19
65 69
66 70
65 75
2 7
18 20
9 19
26 35
26 39
24 29
76 82
62 68
29 38
32 44
11 21
71 99
1 10
87 92
42 54
62 75
13 29
9 10
24 32
13 19
59 68
5 10
53 63
12 28
91 97
49 60
54 64
48 64
61 82
40 50
27 34
18 30
69 72
35 40
22 25
28 34
18 23
44 61
28 42
69 85
34 48
70 76
56 83
89 93
4 20
82 89
19 29
83 87
82 91
48 67
80 95
16 27
52 67
28 35
54 59
10 16
90 94
58 65
63 65
91 99
27 36
47 57
39 44
27 32
71 76
37 44
86 99
3 23
75 96
39 56
83 95
65 72
84 86
21 37
5 13
26 30
53 60
73 84
87 100
46 50
30 52
17 30
13 17
50 72
19 24
11 20
28 42
16 28
4 9
10 20
67 91
58 63
58 72
24 31
42 47
94 99
32 43
89 96
5 7
77 95
19 31
66 85
26 34
34 50
59 73
61 69
6 23
7 13
22 24
40 43
18 26
6 22
90 99
61 75
68 79
16 23
19 23
86 93
72 78
23 27
34 46
30 34
61 67
46 55
80 97
9 15
25 39
60 71
12 23
17 20
24 28
13 24
23 27
68 77
40 46
38 39
1 11
17 24
18 57
63 76
64 76
80 88
21 48
36 45
63 67
27 38
56 77
56 65
72 94
10 24
29 42
50 55
90 97
80 86
56 66
43 48
38 50
29 42
25 52
16 22
84 89
87 94
76 83
25 34
67 75
46 69
50 64
17 28
55 60
70 78
57 69
31 40
37 55
12 20
42 51
59 65
33 45
60 69
49 58
48 51
51 55
33 39
41 45
4 22
45 64
39 49
84 85
36 59
90 100
55 69
70 84
40 54
75 93
93 98
39 46
27 33
18 22
74 78
70 82
36 48
57 65
18 28
58 60
62 69
1 8
38 42
45 50
36 59
21 33
14 16
62 67
14 17
14 24
19 31
44 51
79 92
4 12
57 62
74 87
23 33
12 33
75 85
81 91
3 8
82 90
79 86
79 90
75 94
2 11
55 65
14 21
78 91
15 18
61 66
46 53
69 93
85 100
86 95
84 95
14 22
72 80
68 75
79 89
63 66
53 61
46 59
70 81
28 38
37 39
35 40
3 19
12 26
65 79
5 8
84 94
72 77
90 94
63 73
49 65
54 60
52 60
77 83
6 11
4 6
45 54
76 95
39 53
37 41
37 52
38 43
45 65
45 52
73 88
11 17
57 82
1 18
60 61
76 78
76 81
18 49
62 67
37 45
82 92
93 99
69 91
18 36
62 75
82 85
38 43
76 95
6 21
55 64
9 72
47 58
10 22
47 59
47 56
32 43
8 15
45 47
72 76
10 15
63 72
31 44
82 93
61 70
68 82
40 48
22 40
80 82
17 44
61 68
68 86
52 58
47 58
20 24
20 35
52 75
18 28
12 23
62 68
61 71
5 32
89 98
10 12
57 62
35 42
65 79
78 81
18 27
58 78
91 95
85 92
58 79
86 92
7 16
29 44
82 95
53 66
75 92
69 82
34 47
60 66
91 98
30 42
7 28
11 20
17 32
2 7
12 13
31 47
40 62
4 21
58 62
17 23
77 88
72 79
95 100
84 93
89 95
40 61
28 38
86 91
27 31
92 96
65 77
65 72
86 96
64 71
86 89
78 90
63 71
45 48
19 28
46 66
52 56
14 27
83 89
37 58
53 56
62 67
43 49
68 73
44 51
81 90
52 74
66 75
90 97
36 73
48 58
13 15
55 67
5 9
56 68
34 62
56 73
23 30
40 50
81 87
28 34
46 52
36 39
13 24
43 45
2 7
3 12
90 97
4 14
76 89
82 89
61 71
13 22
1 9
20 29
16 21
63 66
57 60
47 56
45 51
88 96
69 78
39 45
51 57
63 72
2 30
90 97
52 74
31 36
8 15
76 86
33 37
47 68
72 85
16 30
12 18
62 70
35 40
65 74
47 51
82 91
84 94
76 95
14 23
16 21
6 13
87 93
55 62
24 30
50 57
40 50
3 13
75 77
48 61
11 27
58 96
46 54
42 50
41 45
30 39
70 92
48 57
86 91
59 70
77 98
56 67
62 71
4 8
36 57
15 33
86 98
63 69
62 72
77 88
49 61
3 18
79 87
87 92
39 47
22 25
82 88
15 19
24 39
62 94
42 54
26 31
75 89
76 80
10 33
69 76
74 79
21 30
95 99
38 47
15 21
5 13
4 13
15 29
26 28
80 88
26 37
41 68
41 47
65 83
73 85
85 95
26 30
1 7
28 41
45 50
42 63
44 57
11 20
21 31
41 67
58 65
34 44
6 23
50 53
33 70
24 35
52 56
64 72
20 26
61 67
10 24
58 63
14 38
68 79
66 74
41 54
11 16
83 93
2 38
71 97
69 78
3 8
72 83
4 14
66 69
50 57
5 16
70 84
93 99
76 86
27 37
42 58
70 73
26 42
7 20
23 29
86 93
79 85
33 55
73 87
69 83
63 83
6 13
29 37
66 78
4 10
6 19
44 51
3 13
2 5
44 49
3 14
42 49
23 26
20 44
38 48
65 81
57 76
48 54
42 70
79 94
43 51
11 16
23 43
24 28
11 17
28 42
78 88
43 55
67 97
51 57
43 49
40 53
88 97
18 24
48 59
29 38
32 53
73 75
44 53
70 78
7 39
60 92
18 30
5 22
86 98
60 73
1 15
33 38
38 45
15 31
71 73
68 74
45 48
3 8
31 39
34 38
16 39
57 76
23 29
59 62
23 37
49 58
79 81
11 21
70 75
32 41
67 86
2 24
49 54
39 53
79 92
30 54
31 46
22 33
46 57
9 13
64 68
14 25
26 35
34 41
51 55
10 22
20 30
1 3
69 76
35 46
63 69
30 54
81 85
63 68
63 71
53 74
87 100
84 97
79 87
11 20
9 33
41 60
70 85
2 13
17 20
42 51
38 41
5 37
67 92
62 75
56 74
74 83
67 79
75 95
93 97
22 29
63 69
15 27
94 97
81 88
53 61
65 68
15 26
18 29
14 30
83 94
67 83
31 46
13 28
43 53
59 78
90 95
76 85
66 79
3 38
74 98
36 38
81 84
83 91
20 24
83 93
77 85
42 47
54 71
42 56
47 51
43 59
95 97
33 43
83 100
77 88
81 89
47 59
60 77
71 79
9 33
35 53
53 63
56 87
28 44
72 76
71 81
56 58
21 27
25 33
40 43
54 56
32 60
16 21
37 45
54 63
24 29
72 76
18 31
50 57
38 47
24 37
13 19
44 64
9 26
71 83
69 73
40 48
50 64
55 76
15 29
77 82
6 12
82 90
30 46
46 74
78 88
64 74
30 34
65 77
19 31
89 98
81 90
32 52
36 60
42 53
64 73
65 66
62 73
2 28
58 68
18 36
27 41
47 55
50 58
78 87
69 80
23 32
25 38
5 20
42 46
57 76
88 95
61 78
64 85
5 10
66 69
4 17
77 86
33 42
7 10
86 99
44 50
24 30
22 30
54 62
43 53
27 31
12 19
18 30
5 13
51 58
34 44
6 11
6 16
73 89
52 67
25 50
46 51
8 11
45 51
48 51
57 65
8 16
37 42
73 82
47 60
71 80
9 16
55 75
28 58
78 86
51 70
88 95
44 51
73 83
38 39
93 98
13 37
14 36
52 59
3 18
24 28
11 15
72 75
26 37
11 15
68 79
35 43
2 20
57 60
39 49
70 97
69 79
22 26
46 54
15 42
79 98
20 23
47 52
87 89
47 66
66 69
1 13
78 97
75 82
61 75
85 93
28 30
52 74
16 39
2 4
72 78
36 44
15 28
41 47
4 11
40 51
4 11
40 80
35 56
58 61
50 57
16 25
36 39
74 82
72 77
33 51
12 15
62 66
81 92
64 87
87 98
77 82
55 66
3 69
57 64
43 50
58 68
48 65
7 13
27 38
46 80
25 35
65 78
86 97
9 34
25 42
50 61
61 69
51 78
24 33
65 72
4 35
68 72
36 57
46 74
83 94
23 28
34 38
37 64
17 24
14 28
51 52
39 61
84 96
60 68
11 22
10 24
52 70
26 38
53 65
77 79
87 97
37 44
48 58
49 69
15 26
83 92
31 40
52 67
90 95
48 52
56 84
52 60
69 77
30 44
68 71
47 64
49 54
24 30
47 50
74 86
75 92
3 17
57 64
82 98
71 76
93 99
94 99
5 9
38 42
64 69
34 39
47 53
7 19
8 21
40 50
69 75
8 21
53 66
59 65
97 100
47 57
83 90
7 16
73 76
44 56
50 55
21 25
10 21
17 20
35 62
60 68
42 49
46 60
34 52
6 10
38 47
78 96
64 74
40 46
28 39
74 81
19 25
14 56
6 29
6 26
15 19
16 27
25 46
67 82
29 35
74 87
83 89
4 10
8 18
86 94
64 80
58 79
86 98
82 91
19 25
6 14
43 60
59 65
64 71
67 86
6 18
54 85
43 57
70 80
13 24
13 17
25 33
10 18
62 85
65 69
30 48
72 78
48 51
32 44
86 87
81 87
70 85
62 73
85 86
75 81
18 23
55 57
34 67
71 81
69 89
29 39
86 100
48 55
66 73
92 97
81 85
31 33
17 30
71 79
12 24
4 16
10 13
27 36
85 99
58 72
9 33
45 56
71 86
25 27
78 91
84 86
24 34
5 20
77 94
39 44
42 50
90 92
46 74
31 36
56 65
20 27
19 26
43 50
42 73
24 34
5 16
56 63
33 39
21 30
64 96
75 98
36 42
49 57
76 87
79 82
91 94
8 20
78 79
76 87
62 69
14 20
79 89
13 17
7 22
12 15
44 55
27 36
58 60
12 20
3 15
19 27
1 4
52 60
48 56
5 9
65 83
55 63
43 58
41 57
79 83
61 65
14 31
45 54
57 64
87 99
27 47
17 29
21 28
28 38
71 84
92 97
43 45
29 34
16 25
64 69
56 67
25 39
46 67
20 35
5 10
76 83
46 60
84 94
52 74
55 66
15 20
2 11
3 24
64 78
36 52
74 79
45 54
82 88
37 44
32 39
31 35
46 57
46 55
3 14
57 72
28 43
40 44
55 63
18 25
73 84
89 99
1 14
62 67
46 52
72 93
39 44
61 89
24 42
55 60
24 33
44 46
5 26
5 16
35 43
69 86
40 45
65 69
20 28
82 90
6 10
5 14
41 52
8 12
42 51
63 98
73 76
19 23
47 56
53 72
60 71
17 45
8 24
33 39
60 76
16 22
74 79
75 85
59 65
22 34
21 29
72 87
22 26
47 51
70 86
40 46
38 53
57 98
79 87
4 8
25 45
49 68
21 34
51 73
4 11
42 51
76 82
87 92
16 42
64 70
85 99
76 88
65 78
27 34
64 78
75 79
86 97
9 18
11 18
52 61
36 38
86 93
33 35
16 30
42 80
12 27
92 97
88 100
44 53
68 74
92 99
6 17
45 61
81 90
22 30
30 45
46 59
23 57
23 27
3 8
84 92
62 68
4 14
59 70
76 81
57 63
12 14
72 79
59 69
54 61
19 28
36 42
51 64
40 47
14 21
70 76
6 10
61 67
51 57
31 39
75 99
12 21
62 75
50 68
35 47
66 69
2 10
84 89
36 40
47 50
38 51
54 61
23 28
80 85
2 17
63 71
52 67
81 92
82 86
29 41
58 60
51 59
84 89
83 90
66 77
65 71
31 70
18 43
40 81
28 41
18 29
89 96
58 92
5 8
36 57
75 97
48 54
5 8
5 9
62 72
81 85
13 41
62 70
52 58
62 74
68 71
18 28
40 44
58 69
29 36
34 50
5 17
9 17
76 85
16 26
68 80
36 42
39 45
55 66
61 67
5 10
42 54
10 30
62 94
28 36
87 93
24 29
2 8
10 22
78 91
53 68
80 84
17 22
41 48
81 86
66 72
43 65
42 50
41 44
43 53
86 99
21 30
31 39
85 91
28 43
87 100
61 71
76 90
2 9
83 89
7 10
85 91
54 67
75 83
63 69
9 22
40 48
35 43
88 99
17 46
5 13
53 65
79 88
85 96
75 89
83 90
21 39
10 21
75 80
16 29
17 25
5 17
24 35
29 37
82 88
18 31
25 29
2 8
6 22
32 40
56 64
76 83
56 64
57 64
13 29
64 80
67 71
42 48
28 58
20 34
4 5
57 64
20 29
36 47
58 65
40 52
27 32
30 48
2 7
21 23
48 55
23 40
15 24
80 84
41 69
12 30
35 41
51 55
76 80
72 84
90 100
57 66
15 30
43 65
65 72
85 99
43 48
86 94
49 57
3 5
3 12
58 65
15 19
13 18
52 62
72 81
17 33
80 87
39 42
1 4
37 41
42 51
93 98
81 89
25 44
58 63
79 88
23 28
49 57
16 54
40 42
43 52
48 54
91 99
96 100
34 43
22 32
72 83
7 16
72 76
54 61
36 54
83 97
90 98
66 73
37 53
48 57
90 94
21 30
80 87
93 95
77 83
94 99
7 39
6 10
88 96
22 41
58 62
57 69
51 56
72 79
34 46
72 81
88 100
35 70
9 11
72 81
24 54
8 12
6 11
67 73
68 87
19 49
18 51
3 21
74 80
23 27
20 49
60 73
52 69
73 84
56 69
57 71
8 46
51 56
12 18
24 33
73 83
82 85
28 48
83 88
31 44
6 10
78 92
71 77
41 46
66 81
15 44
17 33
38 50
60 69
13 31
31 38
69 90
68 88
33 41
54 65
40 58
11 15
81 84
64 66
3 10
91 100
83 92
62 64
70 78
88 93
17 23
82 91
92 96
64 91
51 57
8 21
56 68
14 25
79 87
67 79
9 22
70 73
6 21
47 53
10 22
71 82
3 13
33 38
64 73
56 67
6 17
51 63
18 23
37 45
20 45
42 48
50 67
61 95
49 62
13 24
3 11
26 38
70 76
47 64
91 94
42 46
70 77
47 60
51 57
48 59
50 55
29 58
87 98
43 62
74 85
35 42
80 92
73 79
2 16
87 93
9 20
6 19
10 25
31 44
44 60
62 77
96 100
3 11
87 92
84 96
19 26
60 73
41 46
85 92
51 54
68 74
82 91
82 99
30 40
43 51
38 46
75 85
65 69
19 28
90 98
61 78
47 52
96 100
26 31
56 59
27 33
6 20
58 71
68 72
92 96
60 65
76 82
18 22
76 79
17 26
61 68
16 52
13 26
80 100
44 50
67 99
31 42
33 43
55 64
8 29
41 53
10 18
39 52
38 41
38 51
73 78
72 88
46 51
64 82
51 54
6 16
1 17
69 72
78 88
17 30
54 58
68 76
8 24
33 41
9 14
54 67
27 29
10 17
47 51
75 88
76 81
28 38
77 99
46 52
11 39
59 70
34 44
20 28
45 57
52 57
5 10
5 9
66 71
53 61
65 72
5 22
37 39
10 26
67 71
15 26
25 30
11 15
16 33
61 100
7 24
79 96
35 54
64 68
60 78
79 88
13 28
60 76
44 55
24 29
6 26
73 82
90 98
62 92
62 68
59 74
78 90
46 61
13 21
22 29
52 63
21 27
75 92
75 89
88 93
23 32
4 14
14 36
56 87
6 7
46 62
22 36
28 38
33 43
59 76
19 22
79 82
40 50
55 66
63 69
3 12
48 51
60 69
51 73
78 85
10 17
81 97
65 87
49 62
44 52
51 61
40 71
19 22
87 91
68 86
61 70
77 85
17 30
54 81
88 94
80 84
53 80
38 44
77 85
54 64
8 15
56 71
68 82
6 13
67 71
8 15
19 33
37 56
83 91
61 72
77 86
12 19
49 57
60 79
28 32
19 38
20 38
71 84
20 44
28 35
80 86
1 29
61 67
18 44
4 12
44 52
36 50
54 72
32 39
46 53
14 34
30 46
77 78
45 47
41 50
1 7
59 71
34 57
31 42
60 99
49 65
3 10
26 29
25 33
26 49
84 91
3 8
49 62
84 96
70 81
7 23
77 88
56 71
15 23
2 9
23 30
67 71
17 20
87 96
1 5
51 55
32 40
54 65
9 46
10 35
48 55
63 69
69 75
29 43
8 23
76 82
63 75
9 30
63 76
28 42
11 50
56 66
25 38
43 59
30 45
92 99
50 68
16 28
40 65
68 70
85 95
49 57
24 60
41 48
69 81
68 84
3 14
29 35
58 74
12 19
21 41
67 82
10 18
36 59
47 50
86 95
74 89
52 72
92 100
65 74
21 23
11 24
80 93
97 100
40 56
9 14
43 50
44 56
64 73
76 85
17 21
93 100
57 67
1 18
13 15
1 14
37 42
18 28
67 80
19 30
33 42
44 54
62 79
11 37
75 78
76 80
37 40
30 47
35 36
39 58
52 59
46 48
29 31
5 7
8 13
34 42
70 90
81 84
87 98
73 77
23 32
51 55
55 70
84 91
54 63
77 80
71 83
9 26
3 7
45 62
4 8
93 96
1 9
50 58
8 38
37 50
71 91
31 39
90 92
56 62
29 46
36 41
93 99
82 92
32 56
31 36
77 87
48 52
20 37
56 84
16 29
91 94
3 18
10 13
69 87
53 68
54 57
52 57
87 98
49 55
91 100
66 84
70 86
90 93
75 81
79 93
22 35
91 95
38 67
13 23
3 7
92 98
37 46
25 42
18 23
80 84
32 40
24 33
18 35
2 16
60 72
16 23
5 10
72 78
42 46
75 86
20 48
37 60
21 25
91 98
32 43
48 56
47 60
53 59
40 59
11 19
77 89
51 66
3 18
48 54
21 28
59 72
51 62
48 56
20 37
19 31
62 84
63 74
86 90
50 59
47 65
74 86
50 63
4 9
47 52
2 16
26 37
54 60
2 5
89 94
66 75
43 59
34 39
37 42
87 93
44 56
31 37
9 20
90 98
52 65
89 92
73 85
91 94
61 85
37 54
65 74
48 79
59 66
8 12
75 82
49 60
49 58
80 92
35 39
42 52
62 68
88 94
56 68
95 100
29 64
83 95
47 56
57 68
60 67
11 23
61 68
73 81
92 96
49 53
30 41
42 50
35 51
32 46
34 38
10 35
53 70
82 89
15 30
27 41
23 29
45 52
57 77
93 97
35 54
73 79
41 45
78 89
5 31
4 17
81 89
47 51
50 74
87 96
80 90
63 97
60 65
78 81
42 94
36 45
26 40
7 13
12 35
4 40
66 69
22 30
35 42
38 50
61 83
59 72
43 58
11 27
26 32
86 92
77 86
13 45
53 59
18 26
49 59
26 59
46 60
35 57
37 44
9 25
37 52
84 93
47 62
8 21
19 37
49 54
70 78
20 44
72 84
44 56
19 29
89 93
12 21
75 89
1 3
46 54
66 70
5 21
23 36
24 30
93 96
14 19
46 50
68 98
34 36
54 62
40 47
16 21
92 98
94 99
29 61
36 43
85 86
78 91
69 73
41 47
36 45
21 32
10 19
67 80
42 50
41 68
20 31
59 63
43 52
67 79
82 100
36 52
85 97
70 83
63 75
71 98
82 90
91 94
50 62
45 60
52 69
88 96
87 97
8 20
50 58
86 94
81 99
14 21
82 90
75 87
41 81
79 84
41 48
64 72
61 68
38 55
75 84
44 55
42 46
61 67
44 50
54 67
87 98
39 57
56 67
76 85
58 62
19 29
76 89
34 48
8 19
21 38
52 69
82 91
61 71
91 99
20 34
81 95
77 84
49 69
72 84
7 22
8 27
5 16
49 52
63 75
16 24
24 32
74 86
74 83
86 95
60 82
26 38
46 53
61 77
17 21
17 37
12 23
19 31
5 8
55 60
97 98
72 83
85 99
69 80
66 72
69 77
22 34
75 84
69 85
10 14
37 45
24 26
25 33
5 24
69 86
11 26
95 98
88 100
81 92
95 98
88 98
77 79
33 39
44 50
50 96
60 86
73 75
72 78
48 53
22 31
78 92
92 97
55 88
26 41
9 30
32 53
76 94
43 52
76 87
71 94
12 28
84 87
12 21
14 19
72 77
21 28
88 93
53 59
81 84
11 38
62 76
33 44
7 23
40 45
39 43
71 80
42 51
36 50
82 91
82 88
4 12
50 55
23 29
72 81
28 34
65 80
36 48
67 79
74 83
48 59
89 96
67 73
76 93
22 56
17 25
38 55
56 59
89 100
58 69
4 36
75 85
13 32
26 32
64 76
25 32
90 100
6 17
49 52
50 75
86 96
42 47
70 78
56 69
75 84
6 24
8 33
16 27
46 63
28 38
37 40
40 44
77 83
74 80
75 98
95 99
34 44
87 95
61 67
45 52
59 64
13 35
87 93
64 76
21 40
27 38
74 81
72 83
71 76
92 98
72 77
23 35
58 69
87 96
22 26
10 21
54 61
20 29
62 76
57 63
82 85
60 71
69 73
25 40
51 63
85 92
95 99
26 35
58 69
68 78
58 67
31 45
2 12
42 47
54 59
41 53
53 60
8 15
81 84
29 42
47 56
38 58
84 97
40 49
10 20
61 68
91 100
11 19
2 5
60 66
74 90
86 87
21 31
1 28
22 30
49 55
55 61
40 48
78 87
56 66
86 93
57 77
36 41
42 46
24 29
25 30
80 84
4 16
80 86
76 90
66 83
39 49
27 33
2 15
60 67
26 34
74 85
29 42
86 89
33 40
55 56
70 77
38 45
32 44
11 24
92 96
27 40
1 5
61 70
54 89
19 29
86 95
18 35
38 48
3 16
72 99
34 39
17 33
48 54
63 69
77 85
22 28
76 88
39 50
68 74
39 43
68 75
9 21
79 93
20 30
34 57
86 89
44 59
49 57
11 20
43 49
40 59
86 90
5 11
39 49
58 66
67 78
79 81
6 31
83 88
12 21
7 11
43 49
32 49
56 59
13 19
37 47
2 7
47 52
13 20
83 100
8 18
77 83
64 67
59 75
39 52
52 61
87 96
63 66
73 80
17 41
28 42
31 44
40 45
54 70
7 24
23 45
36 48
80 85
13 26
14 19
72 80
4 13
64 90
76 89
63 80
82 97
47 58
64 74
71 73
15 68
86 95
2 3
13 16
74 76
32 44
13 25
83 90
38 44
86 94
75 94
86 90
32 35
63 68
11 31
63 65
82 86
72 83
53 60
55 59
32 41
74 81
19 30
80 97
57 76
11 22
56 77
3 7
20 24
47 60
58 73
90 93
27 39
45 50
66 83
69 74
49 66
5 12
53 67
18 28
21 25
92 100
35 46
27 33
37 59
54 68
94 100
44 62
37 58
69 98
80 84
1 6
93 97
75 79
35 38
30 37
17 25
31 39
67 76
22 32
8 19
24 31
56 63
12 21
7 12
2 12
9 19
35 50
67 79
48 64
15 21
18 38
41 45
84 96
51 61
58 98
29 36
74 90
45 62
48 79
27 32
4 33
53 69
71 77
76 80
41 51
16 20
64 71
89 94
40 48
25 35
19 22
83 86
69 80
57 61
49 58
77 90
56 70
27 29
74 80
49 81
17 22
54 65
21 31
77 96
67 83
61 65
93 97
6 13
34 46
45 59
57 72
20 29
89 97
36 39
66 74
22 26
39 44
45 70
43 52
30 34
63 69
15 42
83 88
30 35
46 64
78 93
85 92
8 15
11 22
51 59
65 69
96 99
19 29
80 93
81 94
22 28
6 15
60 68
85 92
5 12
59 66
54 58
13 23
54 61
21 46
80 93
62 73
56 98
63 69
28 39
43 55
1 4
5 24
86 93
67 75
13 25
66 81
32 39
69 74
14 18
27 51
65 75
37 65
40 45
32 39
18 26
70 87
60 68
31 52
68 76
39 48
82 85
33 50
52 71
16 19
15 28
35 56
2 19
24 32
17 26
3 7
26 33
61 73
84 94
59 93
91 100
69 93
41 49
57 62
50 64
28 30
22 37
12 20
41 44
17 30
50 70
61 66
61 66
79 81
47 54
28 38
72 80
69 72
27 35
2 23
27 34
70 80
60 65
24 33
73 85
84 98
69 81
78 92
63 68
61 77
79 83
32 39
75 79
11 20
6 18
4 11
85 92
13 31
60 87
35 49
10 19
71 100
1 19
20 52
62 68
53 62
63 69
75 86
77 88
24 34
13 26
68 90
68 73
20 24
54 66
37 60
26 32
38 60
31 47
63 70
24 32
21 30
39 46
28 42
72 83
86 91
94 100
91 94
66 69
83 94
55 72
35 43
74 81
79 94
64 68
43 51
59 64
34 48
56 62
1 16
14 21
9 11
73 83
70 79
87 91
36 59
37 50
16 21
5 10
21 32
49 59
6 11
34 46
63 67
79 94
92 100
31 46
41 54
84 94
14 22
73 75
56 65
92 97
15 24
29 44
97 99
24 26
62 87
35 44
58 65
48 52
85 97
79 83
32 39
46 50
34 43
58 65
38 46
26 34
42 49
35 55
29 54
7 15
90 99
17 22
59 71
48 51
87 93
48 52
42 45
93 98
12 23
87 95
42 48
5 30
6 26
6 15
61 68
51 73
33 38
2 13
66 77
23 39
3 14
14 22
53 62
37 40
65 73
72 78
85 95
10 31
73 89
81 97
33 49
74 77
56 59
61 92
47 57
49 61
67 83
24 31
52 67
81 99
59 66
67 73
86 88
76 87
67 74
71 75
33 41
49 56
83 89
29 37
82 90
2 9
6 16
82 93
12 20
4 9
41 54
14 27
58 66
85 94
31 37
70 77
55 59
74 80
24 27
71 78
5 53
34 43
60 72
75 90
74 79
78 82
25 41
75 80
29 39
45 62
32 35
49 56
14 23
21 40
44 66
32 43
38 48
12 21
67 99
29 39
88 94
26 28
48 66
85 89
23 27
74 79
17 28
58 74
16 30
61 66
74 97
74 87
82 93
22 25
24 28
17 27
52 54
52 56
50 56
93 95
9 13
51 60
9 14
44 50
70 85
55 62
22 33
55 59
29 34
19 38
14 23
27 33
3 31
50 71
54 60
47 55
40 55
77 100
4 12
35 39
23 42
5 13
3 10
48 58
54 58
69 93
68 76
19 31
4 15
61 65
78 87
83 96
1 26
56 65
10 25
21 51
16 34
4 13
90 100
39 53
57 63
23 31
21 29
47 51
15 48
3 25
51 67
66 81
6 15
52 62
65 89
42 45
14 21
36 43
49 55
51 74
70 78
64 68
34 41
73 83
40 44
76 94
57 67
59 71
40 52
54 78
34 48
76 93
3 7
71 83
83 92
69 79
36 55
74 93
83 94
33 39
28 35
17 36
49 69
50 59
79 98
28 43
15 21
66 73
44 49
34 46
76 82
39 44
47 54
13 26
31 35
10 34
57 70
50 58
21 25
87 97
62 70
50 57
11 18
58 87
70 74
8 17
45 61
69 81
4 8
68 75
60 84
49 62
28 36
40 48
70 82
13 17
69 76
9 12
48 54
3 21
52 55
12 16
95 100
12 20
42 55
27 40
34 59
11 14
28 34
34 40
86 95
39 64
7 23
25 56
42 61
21 27
22 43
19 22
58 92
25 43
31 40
54 63
5 17
59 61
56 76
43 56
56 86
31 40
4 10
23 29
48 55
4 15
18 22
41 43
3 13
56 78
3 10
31 34
75 79
5 12
41 52
30 38
76 86
57 71
9 15
32 36
17 22
36 40
84 97
42 62
2 16
81 91
92 97
60 71
38 44
6 17
72 79
3 31
7 24
58 64
39 65
50 60
68 72
62 78
67 75
66 73
55 65
60 69
41 46
81 83
41 51
47 59
6 31
27 43
35 41
10 14
65 78
33 44
22 31
72 82
40 48
72 92
15 23
42 46
32 45
33 53
41 48
13 34
38 51
8 15
11 42
90 93
44 57
68 81
56 70
54 64
7 16
70 77
80 85
79 100
21 43
73 91
52 65
11 17
31 59
2 8
61 69
56 65
47 75
48 61
76 96
69 88
42 46
31 52
47 53
10 18
7 10
69 78
53 59
17 23
74 81
59 63
54 72
94 99
44 82
63 68
37 48
79 96
43 55
68 76
93 97
75 81
45 58
50 53
49 59
61 72
51 58
14 18
72 98
64 71
68 73
16 29
48 58
87 92
58 81
12 19
12 17
66 70
52 57
27 33
65 72
74 84
67 86
26 33
86 94
21 27
15 19
77 88
74 78
48 59
34 45
66 71
74 80
35 63
22 25
38 51
35 59
63 88
67 80
25 35
13 56
33 46
19 45
11 15
66 78
58 60
18 29
78 86
14 22
7 19
8 24
35 44
28 38
46 53
37 53
66 82
7 16
44 53
61 67
84 100
21 32
79 86
59 65
6 20
60 67
60 86
56 67
73 77
30 46
23 29
19 28
74 89
74 80
26 34
54 59
55 58
28 41
41 51
53 67
58 80
71 77
55 61
12 28
31 33
23 33
51 56
85 96
56 74
69 72
74 79
80 90
15 19
52 63
58 64
29 39
38 44
34 47
90 91
7 21
42 66
68 76
91 100
53 55
27 35
45 54
58 76
32 51
13 21
36 49
79 87
70 76
65 72
76 83
50 59
74 82
76 81
46 66
13 18
8 14
7 9
60 74
4 7
53 59
48 56
48 71
25 49
14 18
28 50
33 57
70 75
37 39
28 45
61 81
81 87
15 27
34 40
84 89
51 66
76 79
77 87
68 78
10 36
73 83
60 71
21 26
86 98
21 30
35 41
66 79
67 76
80 84
28 64
45 58
85 88
77 83
28 39
90 99
11 20
74 78
19 30
10 20
32 44
67 74
55 70
77 87
34 41
61 73
78 95
69 86
28 31
24 31
9 11
40 44
17 23
26 36
81 84
61 65
9 16
86 95
17 21
50 57
65 72
76 81
43 46
54 66
13 18
3 22
78 91
1 16
57 67
56 74
22 38
46 55
65 76
40 50
62 66
55 78
78 89
31 49
49 55
40 43
69 83
92 94
21 31
7 17
40 46
14 21
37 40
24 44
32 50
60 68
48 59
39 46
45 59
38 59
86 88
31 40
70 78
54 61
87 93
25 39
11 27
91 94
62 73
62 71
63 73
38 46
6 19
86 92
43 49
58 64
67 74
52 55
29 38
52 65
53 63
77 85
69 73
21 27
11 42
18 23
26 33
62 71
55 77
92 99
14 17
30 33
18 27
83 91
6 12
88 97
48 61
20 27
8 12
21 43
34 62
65 74
27 43
44 51
56 65
49 69
22 37
40 55
80 86
67 84
62 68
39 57
57 69
71 86
9 14
93 98
49 76
15 38
1 16
9 13
60 80
82 89
52 63
48 58
64 76
42 48
32 33
54 56
56 62
6 16
73 86
7 19
15 36
38 58
46 87
46 56
68 79
79 96
39 46
5 28
61 82
7 16
1 10
83 89
88 97
23 35
28 44
85 96
73 76
57 65
49 59
49 55
51 56
14 20
50 56
57 74
50 57
68 70
72 82
74 85
38 48
34 46
10 24
35 44
55 67
7 17
9 24
58 71
52 61
48 68
49 53
20 25
22 35
58 69
58 63
21 23
17 19
8 23
52 61
46 53
57 68
2 12
96 99
61 67
38 55
56 68
69 84
90 96
84 95
77 84
30 35
72 79
12 24
19 33
41 46
65 79
12 14
73 86
68 76
73 82
15 39
67 74
30 33
21 24
36 41
4 19
49 59
48 60
52 58
10 12
58 66
19 26
1 7
47 51
2 9
45 52
10 14
12 18
82 88
79 99
3 15
54 61
6 24
39 52
1 6
77 96
42 54
50 81
47 56
61 72
84 94
51 58
56 60
72 81
25 44
16 27
79 86
5 11
95 97
73 82
49 59
6 13
34 53
13 18
51 58
45 50
24 29
20 32
90 97
26 34
86 97
51 55
20 33
33 41
87 91
13 19
69 82
78 86
91 98
84 98
17 27
18 23
50 55
46 48
76 81
39 46
51 59
34 55
48 55
24 28
66 73
