100 20 20 19
00000000000000000000
00000000000000000000
00000000000000111000
00000100000000000000
00000000010000100000
00011100000000000111
00000000000000000000
00001100110000000000
00000000000011111000
00000110000000000111
11111000011100000000
00000000000000010000
00000000000000000000
00001111111000000000
00000000000111000000
00000000000000000000
00000000000000000000
00000000000000000000
00000000000000000000
0010000010000100000
0010000010000100000
0010000010000100000
0000000010000100000
0000010010000100000
0000010001000000000
0000010001000000000
0000010001000000000
0001000000000000000
0001000000010010100
0001100000010010000
0000000000000010000
0000000000000001000
0000000000100001000
0001000000100000000
0000000000100000000
0000000000100000000
0010001000100001000
0010001000100001000
0010001000100001000
4381
37 41
43 53
49 55
3 28
92 97
8 14
2 17
59 65
82 92
30 34
61 64
49 66
56 79
15 23
46 48
15 31
26 34
55 60
74 92
1 15
80 92
89 93
49 70
49 58
89 93
76 82
1 9
3 8
10 20
76 83
39 50
28 57
43 50
70 77
50 53
64 74
30 33
1 11
16 24
41 46
35 45
51 63
58 70
6 44
64 72
67 97
39 48
27 62
11 32
47 55
76 81
48 55
13 18
26 34
64 73
53 62
64 72
45 58
68 99
76 84
41 50
13 41
51 53
8 16
56 65
11 16
42 58
48 56
70 100
13 14
44 77
19 28
59 90
70 78
42 46
12 21
53 64
18 24
83 85
66 94
74 78
65 69
67 78
76 80
72 84
62 66
45 51
78 81
2 19
49 66
4 24
60 66
61 65
69 80
34 57
55 76
60 67
22 46
35 42
59 69
13 22
48 49
28 39
27 32
39 51
40 47
59 69
70 82
63 65
43 55
38 44
35 44
46 57
5 13
71 78
34 36
34 39
28 35
42 88
40 47
12 30
1 28
89 95
1 13
69 83
39 48
74 75
30 32
59 80
50 66
50 56
11 26
46 53
90 97
65 67
57 63
10 20
63 74
30 44
52 62
8 12
53 67
91 94
6 13
27 29
87 89
48 63
69 85
24 27
31 38
62 71
81 86
83 93
13 30
8 13
86 93
59 64
27 38
94 98
56 66
14 19
5 11
68 76
38 47
26 49
55 81
3 11
22 38
64 74
47 56
70 74
64 76
42 48
29 46
91 97
64 71
35 38
89 96
22 28
1 8
13 19
14 23
68 76
63 67
70 82
90 100
71 89
55 63
61 68
56 78
5 14
51 75
82 88
5 16
24 25
15 23
9 29
46 67
40 50
15 22
18 23
30 36
47 51
82 85
84 86
30 36
26 41
8 25
40 47
6 8
85 94
7 33
65 72
91 94
53 65
37 43
57 61
72 80
42 44
9 18
83 93
40 48
7 15
14 20
26 35
43 58
4 10
45 57
53 64
44 56
28 41
58 74
23 45
80 83
31 43
9 18
1 34
7 13
86 92
4 7
3 13
34 50
48 59
73 78
70 82
68 78
64 100
70 85
28 30
49 52
16 24
46 61
83 90
35 40
2 12
27 31
54 65
15 23
10 17
2 23
69 82
19 31
93 98
55 69
14 29
84 97
21 35
88 95
45 48
85 90
20 33
3 6
18 22
17 25
48 55
68 75
4 13
63 67
41 54
25 36
48 57
67 77
2 10
14 25
34 47
4 12
67 87
80 96
5 21
31 40
46 58
2 9
10 18
42 59
42 49
71 75
36 40
27 33
25 44
49 58
48 85
39 49
23 28
21 29
64 81
44 55
9 29
11 28
18 37
20 29
44 53
6 7
54 60
30 39
3 8
85 94
46 52
41 47
28 40
52 62
29 77
42 48
51 58
40 54
18 28
11 16
24 34
2 11
30 37
76 100
10 21
58 74
3 16
14 43
61 73
12 28
80 89
54 71
94 99
29 44
93 99
7 12
45 60
25 30
88 95
78 100
57 66
39 60
52 62
25 35
51 55
79 84
66 86
92 96
55 58
90 98
32 40
78 84
68 80
17 35
50 53
91 98
74 86
43 62
84 100
64 70
32 44
43 49
96 98
57 65
58 70
63 72
37 69
33 37
71 75
65 74
81 86
15 24
22 33
56 58
80 83
25 27
48 53
90 93
1 12
38 43
49 60
50 71
21 42
43 55
7 12
72 76
35 51
12 57
65 71
23 28
22 28
78 82
45 57
54 62
62 71
31 39
67 71
66 68
22 31
38 47
84 87
72 76
84 95
5 41
68 72
72 79
68 77
11 22
64 74
34 41
49 76
34 41
57 66
43 61
54 64
76 98
20 24
95 100
16 24
74 84
69 75
81 97
74 87
94 97
55 58
34 48
33 39
32 53
19 32
10 19
34 46
54 61
5 17
24 37
37 46
7 33
67 73
87 98
33 50
60 68
20 24
64 76
56 82
76 81
3 21
55 66
68 72
51 67
62 78
40 44
70 92
83 100
17 25
15 24
31 61
70 74
72 93
67 72
21 27
4 6
44 68
12 30
10 19
89 100
36 51
69 98
49 62
69 86
62 70
23 39
47 58
12 28
53 85
35 43
55 65
51 56
2 25
64 71
9 17
13 18
19 63
7 13
68 80
83 87
53 57
68 78
59 61
76 79
94 98
26 32
53 58
56 57
84 92
43 51
50 71
55 60
11 12
43 48
42 47
59 67
43 53
4 31
11 15
65 78
5 15
22 30
20 27
4 21
34 38
66 72
69 75
6 11
13 30
42 58
75 85
69 98
63 76
9 21
78 99
88 92
24 29
20 30
42 45
63 73
3 12
29 42
45 47
75 85
89 95
12 18
23 33
92 94
77 83
40 43
40 61
76 85
36 47
35 60
47 65
6 16
19 39
81 86
79 81
60 73
58 67
38 47
79 90
53 63
53 57
31 40
26 41
81 92
54 60
67 71
55 69
66 84
25 34
45 53
10 22
52 59
46 51
42 52
19 31
63 66
60 71
75 100
83 90
9 20
17 24
5 9
10 18
57 65
76 82
61 68
76 88
25 52
42 58
77 93
81 83
32 36
39 55
5 13
17 23
68 95
65 67
63 70
68 72
18 25
57 60
68 81
16 35
38 50
61 68
4 8
64 71
77 92
4 5
59 97
61 69
92 97
83 87
81 84
13 21
10 20
30 48
59 71
44 69
2 10
45 49
21 26
53 62
54 71
62 67
23 28
35 42
93 100
39 70
11 15
45 54
83 89
82 98
1 10
31 33
68 85
63 84
73 86
91 95
71 75
9 15
86 98
41 51
48 53
2 23
73 84
35 55
57 93
7 16
16 21
26 32
26 29
80 90
76 92
71 77
73 98
56 70
81 95
31 46
69 94
49 56
37 47
72 81
77 88
20 33
2 7
54 57
2 7
78 84
60 72
90 94
36 57
48 59
46 62
9 41
36 45
83 87
90 98
55 58
57 70
85 93
47 54
29 53
8 21
84 89
28 32
17 32
72 77
64 69
26 41
78 82
70 78
90 97
30 46
88 96
44 58
9 14
75 85
20 22
51 55
5 11
73 80
2 15
14 24
62 73
28 39
19 38
84 100
63 70
18 49
89 95
33 37
62 67
49 53
34 55
50 59
39 46
81 83
55 62
11 22
72 82
1 4
35 40
19 30
79 87
49 59
76 84
73 76
96 100
11 31
20 33
33 41
49 67
33 48
16 33
21 37
22 37
40 51
47 54
9 43
5 17
45 52
31 43
79 91
26 57
23 46
91 97
12 18
59 68
68 71
5 35
61 66
71 82
2 21
58 69
53 55
43 54
77 81
61 73
51 60
56 62
47 52
83 90
78 82
36 78
62 74
67 71
69 92
63 80
30 57
3 10
78 86
10 27
76 83
72 74
32 37
14 22
60 77
24 34
7 17
54 60
23 29
31 34
65 82
35 44
68 74
52 56
64 71
52 58
72 73
30 37
55 68
11 22
34 36
71 82
7 23
5 11
51 95
50 55
26 42
22 33
29 34
3 32
48 63
40 44
40 45
82 84
2 20
90 99
47 71
44 53
48 64
81 87
85 92
30 45
40 49
69 76
88 91
68 83
23 30
34 43
47 60
30 38
5 10
67 71
26 39
83 90
8 10
92 98
22 65
24 32
36 42
47 57
41 42
37 56
58 64
89 94
85 96
68 80
18 29
62 68
67 71
1 6
81 96
11 21
22 29
24 32
47 56
51 64
1 14
93 100
64 68
49 63
56 72
27 42
86 90
52 67
22 36
57 67
33 55
10 25
82 93
50 59
36 44
59 78
75 96
39 45
5 19
79 87
47 51
35 47
59 65
36 40
28 33
42 59
66 97
20 32
51 62
2 13
57 63
71 78
61 80
92 96
12 17
66 89
6 9
20 25
42 47
81 92
59 66
12 17
28 38
51 54
73 87
17 27
44 62
42 57
24 33
63 76
65 76
21 41
18 25
16 25
11 27
3 9
51 67
96 100
59 64
41 45
92 100
7 15
21 28
18 49
65 82
45 58
2 21
11 29
20 28
77 81
89 96
64 76
9 18
6 15
84 96
92 96
3 17
33 37
73 80
81 84
68 90
12 22
82 95
41 66
48 61
94 97
90 95
74 80
74 80
33 40
67 74
8 19
31 41
89 91
38 47
31 34
73 79
89 94
10 15
24 31
22 34
58 78
69 82
32 45
19 23
82 91
27 55
48 55
14 20
75 79
16 23
86 94
5 17
52 60
44 50
80 90
63 69
62 71
76 100
75 81
85 97
54 69
60 67
89 93
37 49
3 32
43 52
29 39
63 67
13 16
17 25
48 66
49 58
28 36
1 10
11 30
54 55
63 73
36 37
93 96
28 31
23 29
80 99
21 29
11 14
23 29
40 47
24 30
33 39
20 43
67 90
15 19
23 28
14 25
61 69
41 67
62 76
31 48
68 87
59 61
82 93
5 17
83 89
59 70
46 65
30 35
37 65
46 63
59 66
31 39
56 62
3 13
32 36
38 54
43 64
44 50
48 61
69 77
66 76
79 86
40 52
44 54
34 47
41 49
18 27
12 18
51 60
10 23
18 27
17 23
83 93
14 17
32 50
31 33
76 80
11 28
67 79
23 36
43 62
66 70
16 38
43 57
67 86
32 58
47 61
60 67
22 30
37 43
16 21
15 21
39 61
44 48
73 85
91 96
26 27
17 32
79 96
46 49
15 30
17 29
20 29
15 20
78 84
26 29
4 22
72 79
5 19
22 57
61 83
50 59
11 19
21 41
88 93
30 34
20 35
18 32
18 27
71 97
62 80
69 74
87 91
81 87
23 32
80 88
83 94
82 95
43 56
58 64
93 96
42 62
48 68
34 40
5 10
45 55
87 100
91 98
6 9
52 78
32 42
39 41
89 94
65 71
4 17
29 61
15 43
71 90
8 22
16 22
81 98
90 98
43 53
7 13
9 12
13 17
34 38
4 16
28 30
65 78
51 56
76 86
10 16
17 32
24 38
47 54
79 92
27 53
79 86
87 98
11 21
9 16
71 79
16 20
63 76
57 87
88 94
56 77
70 73
90 98
21 34
20 28
58 67
74 89
17 28
49 54
50 72
64 71
15 21
15 45
45 59
30 33
52 60
68 75
86 93
88 94
13 17
4 12
39 40
84 87
2 7
45 78
55 60
40 55
80 84
73 80
37 44
48 55
34 35
70 82
45 52
83 94
80 89
8 26
29 41
42 51
62 70
18 27
20 39
73 100
72 78
38 49
42 50
64 70
84 96
89 99
8 17
23 27
10 20
6 21
37 45
60 86
56 57
18 33
11 19
13 24
15 24
5 8
28 30
29 41
23 37
86 96
23 37
94 97
81 89
75 85
3 7
80 89
18 22
83 91
29 39
47 49
61 68
10 15
60 69
58 73
89 90
53 59
83 88
60 72
4 21
64 81
2 36
5 11
84 100
61 68
81 84
17 22
84 90
60 70
22 38
39 45
14 21
68 81
54 61
71 75
48 62
2 23
18 26
63 79
61 76
44 55
75 84
75 79
56 62
74 84
57 73
4 11
60 68
65 89
58 66
86 96
71 80
62 89
72 87
74 85
34 40
60 66
54 59
29 34
27 44
38 44
44 50
69 75
69 72
91 95
82 84
79 84
9 15
56 76
39 43
9 16
5 8
71 75
12 14
13 24
12 20
58 61
93 100
44 52
73 82
88 96
27 62
72 79
69 77
82 92
36 47
92 94
57 68
76 84
57 62
39 58
4 22
2 15
32 45
21 24
83 92
90 96
22 42
78 84
45 53
61 88
64 74
7 20
64 76
63 70
23 36
43 48
37 40
78 89
70 77
59 85
11 36
82 90
63 82
26 37
4 8
79 92
71 78
33 44
18 46
26 29
41 61
29 37
19 23
48 54
32 34
16 22
63 73
49 60
40 52
65 69
55 66
62 70
18 31
13 21
60 71
86 91
71 83
56 67
1 6
2 11
10 15
9 72
22 24
16 20
63 72
26 38
30 33
77 87
27 39
19 27
36 37
37 52
92 98
24 34
75 80
87 100
48 63
25 32
53 69
60 67
49 53
4 27
13 35
52 68
8 14
26 38
72 82
59 68
18 29
22 38
30 39
62 74
74 83
49 56
64 73
69 83
77 96
34 37
44 57
37 42
30 44
69 79
12 23
14 27
43 50
15 26
84 89
14 28
34 44
44 48
14 21
30 33
66 90
73 85
2 5
90 97
68 76
74 95
54 63
90 97
47 49
22 27
2 10
55 61
12 23
47 57
27 31
69 72
3 32
36 41
5 14
36 46
52 63
64 76
58 74
77 81
57 66
31 35
13 22
70 76
36 57
20 27
5 14
31 57
85 88
85 89
84 98
42 50
49 52
19 27
22 32
13 32
3 18
15 24
91 97
28 40
41 63
23 70
20 28
30 66
90 99
91 97
55 76
3 10
7 13
58 74
2 9
89 99
10 44
11 18
74 78
85 90
33 48
45 48
56 68
63 81
23 31
38 43
76 90
64 75
56 61
47 55
15 27
21 30
72 88
65 75
32 39
65 77
84 88
48 57
19 28
35 46
25 30
3 22
10 18
53 67
83 94
7 12
50 62
85 92
27 31
6 37
77 88
49 78
89 96
42 48
56 73
5 24
4 9
83 86
55 67
92 96
20 41
1 9
50 55
24 29
47 56
56 64
58 66
22 26
14 23
45 57
63 69
40 47
17 23
77 81
10 24
38 43
28 55
2 12
29 34
68 85
37 42
88 98
39 45
77 82
69 88
30 54
44 54
57 80
79 96
64 89
89 98
49 57
61 68
47 66
36 39
22 36
77 95
89 95
46 58
2 10
1 8
3 24
70 78
41 44
42 55
59 67
52 55
56 65
96 100
28 46
63 72
68 74
32 49
76 94
71 82
31 47
70 79
14 36
62 67
5 41
47 69
75 80
40 58
63 73
59 68
1 6
46 61
74 90
12 19
43 53
76 89
33 46
36 48
3 6
20 29
14 21
22 33
63 68
37 59
37 53
66 76
24 35
35 37
67 72
14 26
34 39
25 41
3 10
75 84
69 99
27 37
16 31
71 73
11 16
69 79
33 42
42 50
46 55
80 97
30 39
64 78
64 70
84 91
13 26
38 45
78 86
5 26
16 25
14 19
23 34
29 46
48 65
43 49
6 16
9 14
19 33
56 58
28 44
27 41
2 13
17 20
14 19
25 35
75 78
72 76
34 39
84 98
60 67
68 81
69 88
66 76
63 76
51 62
4 15
77 89
57 70
15 32
29 34
93 100
15 28
18 44
17 30
39 42
18 26
45 64
41 46
88 100
90 94
72 85
62 67
82 91
80 85
75 90
89 97
24 38
51 74
6 14
45 54
62 66
34 39
70 76
7 11
79 89
4 13
24 43
21 26
90 95
81 90
19 35
36 41
52 66
30 41
63 67
18 26
86 91
62 70
15 33
31 40
67 92
35 54
71 82
44 57
38 51
16 18
27 32
4 27
21 24
45 56
43 55
38 41
75 82
48 55
69 82
82 87
51 63
15 25
35 47
87 93
53 60
55 61
1 8
53 58
4 8
81 92
55 66
66 70
33 37
83 89
59 69
32 51
26 42
25 86
1 9
18 30
31 45
92 97
55 73
76 93
80 84
55 71
62 69
48 50
75 78
78 80
2 13
50 52
22 36
15 23
58 65
64 67
87 94
30 38
7 23
22 29
9 14
41 43
45 52
29 34
67 80
35 54
41 67
2 16
80 83
46 54
77 89
59 69
49 56
76 83
5 10
76 84
2 24
82 99
69 92
87 94
69 79
41 53
79 90
14 19
62 71
23 33
9 29
64 80
2 21
12 25
75 81
30 41
57 61
16 25
15 28
22 31
58 61
3 10
10 16
62 68
52 56
64 72
55 80
7 20
7 9
83 90
76 80
28 34
34 42
91 98
17 20
59 64
52 63
20 26
50 54
1 7
6 17
61 68
44 56
36 42
3 6
75 82
76 81
31 33
1 3
71 78
60 64
78 86
18 24
65 76
43 47
48 70
48 64
2 7
26 35
2 15
42 55
48 55
84 90
69 75
61 80
92 94
20 23
89 92
74 87
34 50
40 44
18 27
12 17
67 77
66 78
39 48
4 18
35 49
10 16
17 41
8 19
38 42
11 17
89 99
16 21
57 68
32 40
62 81
24 43
46 48
47 62
47 50
40 55
69 76
47 56
9 13
41 49
20 27
18 21
26 34
52 72
14 34
12 26
46 67
65 69
1 8
67 87
29 33
83 89
41 90
84 95
91 93
76 83
46 50
15 34
82 93
66 70
50 81
65 98
12 19
24 31
58 69
38 48
89 100
71 79
19 24
27 36
23 33
21 27
12 34
42 52
85 90
50 58
47 57
55 61
30 37
32 49
77 87
45 59
43 60
34 43
8 23
22 33
57 62
45 57
5 35
33 47
31 40
73 91
39 65
44 54
63 70
41 51
40 66
81 84
46 86
64 89
15 47
82 83
29 37
14 23
12 26
17 24
37 45
78 85
24 67
70 80
7 22
86 90
20 31
81 99
50 55
2 9
93 97
12 18
79 85
63 86
21 25
96 99
23 27
20 24
74 89
2 25
55 64
69 71
50 58
16 22
66 92
75 77
66 77
30 39
11 25
28 40
72 78
2 6
53 61
25 35
90 95
73 100
56 73
23 31
60 63
27 30
50 75
82 89
12 20
62 71
9 14
47 74
79 84
41 48
15 18
57 64
71 88
44 51
49 59
81 85
67 83
51 68
40 50
94 97
45 49
9 35
77 93
2 13
15 36
44 53
21 33
73 77
30 36
64 84
89 97
22 25
54 74
76 83
62 79
42 47
4 22
85 89
17 25
55 63
62 67
38 67
5 12
46 61
73 81
22 33
18 29
51 71
35 37
29 37
52 62
17 61
88 99
17 24
52 63
86 92
47 59
28 38
50 56
33 42
20 30
17 24
81 92
56 60
92 100
49 81
27 39
35 44
38 47
7 23
25 26
6 15
45 58
55 97
83 91
25 35
42 50
88 92
77 80
81 85
50 57
22 29
5 39
17 20
87 92
1 10
26 48
11 26
33 79
63 81
8 32
30 35
42 65
19 38
77 85
29 32
40 47
26 43
5 23
31 50
57 66
40 45
28 53
62 72
74 97
26 40
45 59
17 38
27 38
40 47
79 100
68 84
7 12
58 79
52 58
1 19
21 30
29 33
14 25
38 44
76 79
44 54
2 3
5 17
25 33
65 76
46 53
82 87
6 10
59 89
8 21
74 82
53 63
46 59
27 54
10 15
63 69
39 51
66 84
28 42
21 43
38 51
29 58
3 26
89 94
61 82
82 92
22 27
12 27
21 29
41 44
53 57
76 81
38 41
16 24
33 62
47 81
20 27
2 15
7 17
73 87
40 43
11 15
38 46
60 70
58 72
63 69
6 11
31 39
60 69
10 23
75 79
37 40
42 69
46 56
76 82
31 52
43 57
47 52
14 67
47 57
20 32
75 82
33 64
70 83
68 76
6 35
50 55
22 27
65 72
35 45
39 49
68 79
14 17
24 34
76 81
34 37
86 96
66 78
86 96
47 71
6 14
82 97
29 48
26 30
79 84
80 87
60 64
35 40
33 40
17 21
68 83
69 99
57 64
16 23
42 61
45 69
14 17
20 25
34 41
14 36
7 11
3 7
59 65
41 51
35 73
38 42
59 63
72 94
41 47
87 97
81 88
35 59
9 19
59 80
41 58
57 60
31 36
61 66
18 22
57 66
77 91
16 24
14 36
21 23
11 22
36 47
29 58
76 86
11 25
74 100
37 42
88 96
47 55
38 51
14 19
39 52
50 61
64 71
17 22
32 38
69 99
22 34
4 18
26 39
18 25
70 72
13 21
68 75
56 63
58 75
73 78
73 81
4 10
80 90
17 36
67 88
57 60
17 20
84 100
90 97
35 49
11 21
46 62
70 78
32 40
10 30
31 46
68 73
51 56
72 79
42 50
52 60
33 42
43 48
14 30
24 34
75 93
39 48
10 19
56 81
32 45
42 65
14 26
54 68
57 66
41 44
55 65
43 53
51 61
45 64
26 35
13 22
28 36
38 47
1 17
88 93
25 44
47 62
55 72
28 39
57 65
65 74
90 99
22 27
87 98
38 56
15 19
83 90
72 83
75 84
14 18
1 18
49 62
7 12
23 28
33 46
11 14
35 55
15 27
73 90
83 96
67 78
66 95
54 67
83 96
87 96
49 72
43 53
84 91
41 67
49 61
78 81
72 77
27 48
18 36
52 65
1 7
17 27
19 34
58 64
77 88
69 73
72 83
56 64
79 89
3 12
7 15
41 61
27 44
19 39
15 25
15 23
21 34
13 29
76 86
13 16
47 55
42 51
66 72
82 98
61 90
59 65
30 37
50 58
73 87
81 90
76 87
33 38
33 39
74 91
61 68
6 17
72 79
39 42
27 40
81 100
9 27
41 47
50 61
29 52
32 41
46 49
12 21
30 40
85 89
1 5
35 43
67 100
50 65
31 39
47 52
71 77
64 69
77 94
84 90
57 63
45 53
32 49
35 41
70 74
38 49
17 21
34 45
86 97
60 70
35 39
15 22
19 23
70 77
41 49
91 96
6 9
58 63
65 76
40 43
39 47
26 37
11 21
14 94
59 66
71 74
53 65
82 95
31 35
89 96
6 22
65 79
15 19
60 69
38 44
60 63
8 18
22 33
43 50
58 68
95 99
10 16
28 34
40 44
32 36
8 16
42 72
82 89
21 29
59 73
2 8
21 34
78 85
72 85
61 73
30 37
46 53
63 76
63 68
17 24
22 45
33 48
57 65
16 34
30 33
15 35
10 14
34 37
23 25
57 62
26 32
8 22
16 24
36 63
32 41
32 42
30 43
13 23
60 66
2 14
39 73
41 47
87 96
2 13
63 70
44 56
26 36
67 72
46 57
91 100
17 25
29 36
93 98
43 48
46 56
74 89
41 47
44 59
35 38
18 32
5 10
51 86
56 68
75 84
22 29
72 78
56 58
59 75
67 94
46 60
18 26
2 36
74 76
71 92
6 18
82 90
7 15
92 98
51 69
57 61
78 82
61 71
32 45
50 54
9 18
85 94
61 76
60 65
15 38
19 27
49 66
39 61
37 42
31 40
56 61
57 64
77 95
58 71
77 81
4 7
35 55
46 57
68 83
75 80
27 32
46 50
21 34
50 58
93 98
64 71
25 34
81 92
18 22
51 52
67 77
94 99
46 56
25 37
92 100
6 12
50 58
3 25
47 71
36 41
90 96
47 55
30 42
42 48
86 92
52 63
75 86
48 59
67 72
49 55
52 65
13 25
9 38
3 21
43 57
74 83
29 49
79 91
46 52
31 38
66 82
79 91
21 29
31 47
60 69
22 34
55 87
72 83
12 19
7 14
35 58
4 19
40 47
27 37
48 67
45 55
10 23
30 38
57 64
17 19
77 81
33 37
46 49
67 71
60 83
51 60
44 51
30 39
41 48
15 32
34 63
52 59
42 48
14 23
53 59
77 87
21 30
45 57
52 56
64 75
13 23
73 81
41 47
93 99
1 21
33 46
18 36
31 67
23 26
9 14
26 43
90 92
62 75
41 69
66 70
14 24
1 11
55 61
1 13
45 55
93 99
54 60
20 39
58 85
89 99
16 25
47 53
59 63
7 18
18 26
85 94
22 34
86 92
78 89
18 36
45 56
35 49
76 85
29 34
22 33
31 41
62 75
85 92
40 53
31 41
87 100
7 16
31 34
20 34
81 94
9 13
40 53
4 12
34 51
85 89
75 77
41 51
66 73
28 37
84 89
28 57
64 69
53 55
24 34
17 31
10 19
3 20
75 85
16 43
50 66
26 47
67 71
40 61
84 98
69 82
53 67
53 58
1 7
28 42
91 94
27 42
5 22
81 100
25 29
28 52
61 76
17 33
65 72
28 36
62 67
7 12
4 33
4 14
78 93
4 13
4 24
45 50
84 92
70 96
2 11
42 49
9 18
73 80
28 46
15 21
39 47
74 85
3 29
69 75
27 42
79 88
72 88
34 36
54 61
32 48
37 44
38 42
1 43
26 36
7 16
64 77
11 22
36 40
55 68
3 11
84 92
23 31
65 75
31 39
27 36
67 81
91 100
44 57
56 63
37 48
50 62
58 84
42 44
33 45
92 96
18 23
59 69
51 63
70 95
48 59
22 42
25 31
50 62
37 42
28 47
10 16
53 63
78 83
52 78
69 85
25 30
88 98
22 29
37 41
30 44
58 86
92 97
23 30
49 54
16 21
13 26
70 76
44 49
84 91
35 46
42 48
37 58
81 85
14 28
7 15
38 52
81 85
39 58
51 75
9 18
27 47
38 42
72 80
13 22
2 7
2 18
20 35
19 23
58 69
15 20
4 30
67 77
31 45
52 62
11 25
36 50
14 37
27 31
46 56
70 86
10 18
2 7
1 25
62 72
16 23
53 63
82 85
33 55
64 91
33 37
48 55
79 85
65 73
42 48
21 29
49 60
47 53
16 54
88 91
26 31
90 93
23 28
68 77
43 69
76 85
15 19
88 92
74 87
84 99
61 66
41 48
35 41
71 77
45 59
35 48
93 99
19 33
72 78
8 26
82 91
40 65
45 51
56 64
29 41
34 41
49 58
33 48
21 35
50 55
20 35
5 13
36 41
66 82
28 36
73 80
25 34
62 74
65 76
81 95
36 84
40 49
22 27
17 34
44 54
75 78
54 64
54 58
39 61
75 90
30 36
83 88
84 88
56 62
18 20
5 26
91 98
89 99
88 100
14 20
74 85
82 100
76 81
25 39
31 81
21 25
1 39
57 61
24 29
28 33
5 9
4 7
32 60
28 33
58 78
6 20
47 50
16 30
52 64
51 69
20 27
70 85
76 95
62 68
37 50
78 83
57 69
76 96
25 34
12 20
16 35
38 45
89 95
60 66
37 44
50 56
84 95
36 42
43 61
58 66
8 27
79 89
89 95
19 44
73 89
69 74
11 33
44 53
34 46
11 25
15 26
29 54
49 57
44 58
48 53
9 22
43 71
6 13
68 85
7 26
32 46
1 2
79 88
71 78
86 95
49 56
34 45
79 83
82 97
38 70
92 96
85 100
79 83
7 12
67 78
43 48
60 74
87 88
34 41
48 54
27 72
10 11
29 46
61 86
60 66
78 88
19 27
84 95
25 35
49 53
29 46
57 71
25 43
35 49
36 42
73 81
1 7
16 29
50 52
80 90
36 48
16 25
74 78
65 70
42 49
78 87
19 28
80 86
2 10
71 83
17 33
45 52
61 84
39 50
83 89
65 86
28 54
44 50
43 48
45 50
68 73
41 44
93 97
3 17
12 38
5 29
28 38
42 52
46 61
40 52
32 55
44 53
42 50
29 33
57 60
47 54
52 57
69 76
77 92
59 65
81 94
18 33
39 55
89 100
79 88
74 82
36 49
74 76
11 18
83 89
29 35
7 31
69 89
19 36
4 7
51 57
51 68
9 38
38 43
38 40
42 48
52 60
39 50
35 40
82 91
24 36
57 72
29 34
45 53
10 32
43 51
62 76
10 29
54 67
42 48
81 93
29 34
93 96
67 84
51 57
92 98
86 97
60 68
58 69
1 20
38 46
20 29
78 86
65 71
62 78
25 42
30 34
33 40
3 14
43 93
49 87
29 32
29 45
64 82
46 62
41 55
71 80
86 94
70 79
37 42
57 70
82 91
61 69
18 27
6 25
26 45
19 27
64 73
40 44
9 16
15 23
48 56
14 24
45 56
74 80
24 26
45 56
8 52
67 75
79 95
41 49
63 69
83 87
24 29
16 20
64 69
70 75
37 49
28 35
28 40
34 36
50 53
30 35
13 16
61 75
97 100
42 54
81 92
33 49
39 53
26 38
19 26
57 69
14 20
22 31
38 42
70 80
52 60
73 82
30 48
25 29
35 41
59 70
36 44
49 61
86 90
9 14
42 50
10 27
16 22
18 22
86 94
84 97
1 18
43 52
20 35
29 52
4 10
41 47
85 91
5 9
84 92
48 53
69 71
84 91
55 74
60 68
72 76
91 94
75 76
35 57
49 55
40 46
60 72
30 37
79 84
26 42
18 36
46 66
4 32
66 72
37 51
61 70
77 85
57 64
68 70
49 67
58 63
92 96
15 26
32 63
27 31
90 97
45 55
40 53
47 71
15 19
32 62
88 91
1 20
8 28
51 60
20 25
70 73
18 39
44 53
8 19
53 63
35 40
6 30
22 30
11 15
43 55
3 14
51 58
39 69
12 15
49 58
21 35
23 34
27 30
4 6
6 8
84 87
81 89
92 98
13 21
80 85
4 9
21 28
60 84
59 83
49 54
46 72
70 90
13 32
46 58
71 76
4 17
77 81
25 39
19 22
40 53
36 47
62 69
1 6
10 26
5 19
59 65
80 94
74 94
32 46
55 59
72 77
4 11
36 49
67 69
11 28
42 47
88 92
53 71
7 12
53 70
45 59
76 85
50 61
75 85
76 90
76 84
74 85
47 63
67 79
83 90
80 91
72 80
4 24
29 36
46 50
76 86
41 58
15 20
43 50
31 36
46 75
74 85
85 87
64 88
35 43
22 32
25 26
54 92
2 20
34 38
73 82
37 52
26 30
77 93
25 34
83 88
57 83
34 40
69 75
85 90
1 4
20 23
64 67
19 27
66 78
88 97
14 39
62 85
21 28
9 17
17 27
27 34
71 88
53 67
38 51
26 38
50 62
56 62
25 40
30 34
12 22
73 88
33 50
78 82
73 85
8 19
63 73
82 89
53 63
66 71
21 27
82 83
58 71
64 72
20 31
51 56
55 65
50 62
22 30
28 34
38 47
20 50
45 77
78 86
37 46
77 84
22 36
64 68
61 81
64 70
82 99
49 54
71 74
83 94
38 49
1 23
60 65
83 88
20 24
20 25
6 11
30 37
2 11
17 27
71 81
68 75
11 24
1 19
81 84
59 65
59 77
14 24
22 27
27 39
53 57
56 62
6 22
77 86
44 46
68 79
29 33
56 60
78 84
21 29
77 83
94 96
5 35
70 88
11 25
4 17
7 19
25 37
83 91
35 37
55 57
47 83
52 65
60 64
83 93
37 43
4 14
38 43
10 11
36 45
80 93
7 11
66 75
43 48
11 18
43 49
41 45
13 31
79 99
32 53
40 48
73 76
56 65
75 86
66 72
95 98
6 22
25 40
15 35
48 53
49 55
59 64
51 58
7 14
6 13
80 87
49 55
60 73
72 75
59 67
6 9
32 64
26 56
58 64
49 60
64 70
12 33
30 37
45 61
9 10
27 33
75 78
11 17
22 42
60 71
86 95
18 42
16 33
76 81
54 63
11 30
55 60
39 53
13 23
62 80
37 40
50 59
79 82
75 100
45 81
70 77
51 56
34 49
63 73
41 60
82 90
54 60
90 98
66 79
56 75
64 75
25 27
37 46
28 37
62 63
9 14
10 22
39 51
53 72
59 70
22 29
76 84
34 44
88 95
37 40
80 85
10 30
5 19
55 72
8 20
35 50
70 80
26 47
19 30
31 36
40 53
88 94
35 43
43 47
38 50
67 80
28 45
16 26
14 24
81 94
34 51
52 66
2 11
78 83
35 38
15 21
52 62
29 54
48 58
75 81
60 64
50 54
10 13
37 50
89 94
77 84
90 98
39 50
33 42
48 49
55 61
42 51
21 24
26 34
33 48
54 65
30 49
43 45
38 56
72 74
47 50
35 42
88 100
15 22
43 56
16 30
43 47
55 64
4 12
88 95
69 81
61 75
64 91
78 94
25 28
59 85
45 67
64 83
34 37
8 24
1 7
10 13
17 27
29 35
32 39
27 32
21 36
13 21
36 41
25 47
14 18
91 97
64 73
5 14
78 91
17 23
17 25
15 36
76 92
15 27
26 33
4 12
45 57
18 35
3 11
66 82
74 85
75 83
42 63
26 55
76 86
24 34
14 21
26 29
15 21
24 35
59 67
61 71
37 48
69 77
46 55
71 86
9 14
38 43
8 23
54 63
49 72
48 56
7 20
75 80
17 53
65 69
24 26
5 16
50 60
21 30
35 45
41 53
35 40
21 26
38 47
81 84
24 36
10 24
29 38
65 72
38 41
10 18
59 63
79 84
42 49
39 40
19 25
64 89
35 43
66 73
48 63
90 98
27 30
78 91
86 91
86 95
10 13
33 40
82 88
39 46
6 10
64 73
55 57
20 31
65 70
84 97
11 34
37 61
44 48
16 20
47 67
75 79
90 95
21 28
6 10
6 11
19 32
11 27
59 70
23 30
65 71
33 41
70 86
20 27
43 77
20 35
38 46
69 86
79 91
83 90
91 94
8 20
42 45
94 97
13 49
33 41
33 40
46 79
32 69
19 25
64 77
84 89
49 55
24 37
61 86
8 12
46 53
49 55
5 10
29 37
55 63
9 39
23 34
29 38
62 68
76 78
40 42
32 40
68 81
11 27
63 95
73 76
38 48
32 48
25 41
67 73
33 47
21 29
29 37
37 46
89 94
21 27
58 69
39 57
24 46
74 100
25 63
44 53
38 48
30 46
25 30
39 53
62 77
7 15
29 34
22 27
1 7
95 98
1 11
26 27
39 45
91 93
16 23
50 63
18 50
7 25
78 90
23 30
6 10
61 71
49 58
82 90
36 46
65 72
67 75
35 46
91 97
50 68
56 67
83 86
51 54
62 73
76 82
30 58
24 37
18 33
2 16
74 83
23 30
79 89
65 70
37 43
12 29
35 57
23 37
48 58
2 21
83 92
21 25
5 38
81 99
59 64
27 34
88 97
40 48
23 33
51 54
8 14
87 93
35 43
67 86
5 7
83 86
74 89
10 14
2 13
44 55
61 67
14 17
6 21
56 67
42 53
80 90
77 88
62 66
55 63
38 57
79 84
74 77
14 21
72 79
4 43
58 60
20 27
37 47
64 68
48 53
18 25
97 100
59 74
71 78
58 63
57 63
5 18
17 24
28 46
37 39
29 43
3 9
1 9
65 70
7 18
29 43
24 34
37 52
32 41
78 87
10 16
85 92
61 82
82 89
22 36
86 91
47 57
1 5
59 80
14 36
27 54
5 17
68 99
2 14
25 35
5 14
3 10
81 91
87 96
44 63
50 56
46 71
58 62
51 70
30 35
20 26
77 94
1 5
74 88
52 70
13 29
79 90
44 70
34 45
34 42
9 14
44 46
90 97
22 46
73 74
95 100
8 14
18 23
45 58
49 58
15 17
48 51
29 37
51 54
19 28
36 39
85 99
32 46
50 64
78 92
86 96
50 69
13 23
4 23
44 46
36 45
14 22
14 21
60 64
23 35
11 21
45 50
63 68
55 63
67 73
17 24
12 17
7 12
67 85
58 70
71 80
95 99
70 85
49 56
40 45
58 73
5 8
11 21
75 87
84 93
34 48
38 46
44 60
82 90
12 17
82 96
46 62
77 81
94 99
39 78
38 47
70 80
97 100
64 75
68 81
33 42
53 56
45 51
54 63
7 18
60 62
75 84
42 48
23 31
69 77
20 25
5 15
64 88
51 61
39 43
46 56
29 32
3 10
15 27
59 75
89 99
89 98
67 91
30 41
12 22
31 54
7 13
28 32
2 13
51 54
51 61
22 31
9 19
79 86
42 67
7 16
89 96
39 57
90 98
70 74
24 32
4 13
14 19
41 50
74 94
11 27
59 62
60 71
21 67
54 69
72 82
40 50
46 61
47 67
48 59
38 54
2 44
11 41
85 93
43 52
5 15
44 54
1 11
37 55
54 62
21 41
74 81
85 97
82 85
62 72
20 25
2 24
46 49
17 21
19 36
9 25
79 90
2 29
51 58
15 21
89 96
11 23
60 70
41 53
19 23
30 47
27 41
17 22
61 77
13 35
74 86
30 53
74 98
21 43
74 80
68 78
40 48
50 74
11 20
50 55
34 44
35 40
75 80
22 25
86 97
30 44
75 85
76 83
29 37
70 86
73 95
83 87
94 98
40 50
84 87
19 29
37 48
13 30
51 85
88 95
27 31
84 94
10 17
11 18
18 41
44 52
73 81
50 53
85 96
77 87
18 23
11 23
69 86
89 99
87 98
32 47
80 85
57 75
52 60
6 15
73 92
66 82
69 92
88 95
68 72
18 20
30 42
15 25
51 67
11 18
46 52
92 98
54 62
8 11
18 39
57 58
1 14
72 74
84 98
2 16
65 76
47 80
46 50
67 93
41 48
20 34
3 5
69 84
52 62
2 17
50 56
44 50
14 32
8 13
76 80
50 56
29 46
15 21
2 19
13 25
20 40
51 56
1 6
16 21
58 66
27 39
30 50
59 62
80 89
35 48
81 89
44 53
85 93
56 62
70 100
86 94
2 26
73 87
54 68
80 100
47 58
28 57
4 14
76 80
22 32
32 36
76 86
42 57
70 79
10 18
6 11
2 11
79 89
32 40
71 78
31 38
63 90
80 91
1 6
66 68
18 35
26 53
91 95
79 84
74 95
53 67
25 28
71 82
50 61
4 8
83 92
76 80
45 66
67 69
34 42
90 95
31 38
43 46
8 17
28 46
2 7
43 48
52 53
97 99
18 24
38 55
3 8
33 40
47 70
79 84
44 70
45 54
52 75
64 68
25 37
43 65
42 49
71 80
95 98
62 83
53 58
8 13
91 96
67 74
31 36
95 98
6 21
20 29
87 92
68 89
3 10
82 95
69 80
67 71
14 33
62 95
74 85
45 54
86 94
60 79
57 63
11 45
83 87
6 16
34 40
10 15
40 45
15 24
19 35
46 49
93 99
26 34
46 61
82 100
25 36
39 42
91 98
54 70
57 68
72 83
60 68
17 29
4 16
11 32
62 69
40 45
13 17
18 33
42 46
4 19
3 8
14 21
27 31
37 47
1 2
58 65
75 87
53 75
32 36
24 29
14 19
40 46
50 74
30 55
15 34
53 61
82 97
71 75
25 30
71 78
6 14
29 36
2 19
12 20
10 11
34 39
30 35
82 90
24 33
21 45
50 62
62 64
60 70
3 11
73 78
57 83
47 64
18 25
33 44
9 32
63 66
40 44
71 86
25 33
77 93
29 35
33 34
89 90
58 86
31 32
12 16
75 79
20 31
18 25
62 69
82 84
53 61
43 52
23 36
57 88
53 65
74 78
85 94
38 46
68 83
51 57
19 21
3 12
31 36
35 65
67 71
23 36
12 26
87 96
28 40
42 51
41 67
60 66
9 16
48 61
64 69
22 35
77 98
68 71
18 20
50 53
75 81
74 92
64 73
39 44
57 68
23 29
71 82
84 91
18 34
42 48
51 54
83 88
8 11
28 30
77 90
41 46
87 91
66 83
40 46
51 55
78 84
40 45
39 46
41 78
12 15
91 97
86 91
44 60
6 11
58 63
70 94
28 34
18 41
18 27
71 79
95 100
42 64
43 53
8 28
65 70
59 65
17 23
85 92
34 42
19 27
6 9
73 97
48 61
27 31
49 59
78 92
38 43
24 38
92 99
54 62
22 31
43 52
55 58
4 8
29 35
4 11
24 31
76 88
29 39
44 48
5 12
30 36
57 70
2 12
34 38
