100 20 20 11
00000000000000000000
00000000000000000000
00001110001100000000
00000001110000000000
00000000000000000111
11100000000001111000
00000000000000000000
00000001100000000000
00000000000111000000
00000000000000000111
11111110000000000000
00000000000000000000
00000000001111100000
00000000000000000000
00000001110000000000
00000000000000001111
00000000000000000000
00000000000000000000
00000000000000000000
0001000000000001000
0001000000000001000
0001000000000001000
0000001001000000000
0000001000000000000
0000001000000000100
0000001000000100000
0000001000000100000
0001000000000100000
0001000000000000000
0001000000000000000
0010001000000000000
0010000000000000000
0010000001000000000
0000000001000000000
0000000001000000000
0000000001000000000
0001000001000100000
0001000001000100000
0001000001000100000
3893
17 28
34 37
70 84
85 99
16 29
11 44
43 49
48 53
65 71
91 96
49 62
85 89
28 33
18 23
29 33
18 34
6 14
45 47
12 17
54 65
80 87
74 88
36 39
78 90
82 86
50 60
41 44
63 67
7 18
52 61
64 69
83 91
87 93
30 33
15 25
78 90
40 43
90 97
55 64
83 93
53 59
12 31
48 54
70 88
41 49
78 81
85 93
54 72
27 41
6 38
41 52
36 51
67 87
68 79
2 10
75 83
77 82
45 65
25 38
76 89
53 62
35 41
25 47
73 81
75 97
82 90
68 77
29 39
49 64
13 18
82 90
29 45
29 34
54 68
52 55
35 43
80 83
23 27
21 25
66 72
14 23
26 29
6 9
16 36
11 50
79 87
27 41
12 38
18 24
14 16
37 50
80 97
44 63
22 33
31 36
7 9
33 50
75 86
14 16
80 92
3 14
6 19
40 53
61 68
56 79
71 88
53 63
54 76
27 32
11 12
50 80
62 77
38 46
75 82
31 43
41 46
52 55
35 49
26 42
47 66
29 38
59 63
29 34
38 43
57 66
45 53
13 17
42 46
59 63
33 38
10 23
7 16
54 65
7 11
68 77
3 14
26 35
91 99
58 73
35 62
87 98
1 16
94 97
61 64
93 96
1 4
35 44
38 42
59 64
90 97
22 31
27 37
31 42
62 72
74 94
50 60
38 60
1 6
37 64
65 74
51 55
29 35
5 20
78 83
35 42
54 75
51 63
39 44
20 35
70 86
2 8
18 28
73 79
34 45
64 73
54 60
10 29
35 48
67 83
12 24
66 81
27 31
27 48
78 95
27 35
19 34
22 39
72 84
50 88
6 15
63 86
88 91
42 57
58 83
71 72
12 21
68 80
58 91
5 8
1 14
32 42
17 21
89 93
65 78
33 42
7 22
24 37
61 71
8 11
43 49
59 75
75 83
29 50
75 83
44 49
68 76
70 80
79 88
4 9
69 91
27 37
89 97
58 71
82 84
14 21
37 49
39 56
17 31
5 12
32 35
1 12
60 63
10 17
71 80
76 90
24 33
16 31
9 16
44 49
71 98
84 87
74 88
26 32
62 89
1 13
7 11
38 51
22 30
68 72
65 73
27 33
51 60
50 64
88 96
74 84
1 17
62 69
16 24
92 96
26 41
61 68
31 41
76 93
77 86
17 28
25 27
16 30
50 63
17 19
30 44
34 55
29 34
70 95
82 93
46 61
74 85
10 12
80 86
62 74
80 82
56 66
6 11
72 82
68 75
81 97
25 37
42 58
52 61
29 41
61 71
65 77
32 41
89 99
66 68
19 32
92 100
72 84
39 43
3 9
36 55
83 88
33 43
69 72
81 95
51 67
39 52
48 52
27 39
71 81
7 12
65 74
6 12
40 45
86 96
67 82
18 27
70 78
25 35
7 17
19 30
81 82
64 74
10 28
60 82
89 91
86 100
4 10
68 84
34 58
23 33
73 80
57 68
86 95
23 41
87 93
24 31
17 22
39 51
18 31
44 63
42 58
16 62
46 50
78 93
30 41
70 82
78 82
46 74
68 80
23 30
15 23
47 53
59 63
53 60
1 6
71 74
13 30
78 83
19 47
56 66
73 88
55 66
44 65
64 88
87 91
45 56
7 42
84 97
88 94
84 95
53 60
72 74
17 24
43 60
4 18
64 84
33 42
60 77
86 89
71 91
38 43
73 80
78 88
38 50
58 64
28 29
46 50
60 67
57 78
42 54
44 49
68 86
43 50
57 78
31 35
21 32
38 47
51 61
53 59
45 50
74 87
29 32
52 58
24 31
8 26
60 68
80 91
74 81
4 26
6 10
20 26
80 88
70 79
47 60
35 51
94 100
67 73
10 13
95 97
10 13
57 66
69 84
30 35
34 41
81 89
24 31
19 29
22 29
12 26
13 24
23 30
45 65
36 48
26 31
87 95
86 92
11 28
33 45
40 49
1 30
51 55
63 68
33 36
82 95
26 29
84 91
5 23
57 64
47 64
51 57
34 46
35 44
65 74
86 89
23 35
5 27
19 25
49 79
29 36
43 51
13 20
51 63
92 94
77 85
54 77
14 25
3 20
64 70
32 42
22 33
65 78
23 44
74 97
77 86
62 69
40 48
13 29
39 49
85 90
8 14
12 22
20 32
16 22
88 97
49 53
1 9
44 48
32 44
18 38
83 100
62 87
89 97
79 96
33 36
1 21
70 78
14 20
68 81
79 88
57 59
83 87
17 26
2 51
34 45
93 100
83 100
24 28
9 18
17 32
8 23
9 22
59 72
75 85
24 36
59 64
41 54
86 96
15 18
39 45
4 11
42 47
36 48
50 57
15 36
38 51
11 21
13 22
17 30
39 42
21 23
34 53
48 62
2 6
71 80
83 86
10 16
39 45
32 66
44 50
63 83
36 43
61 70
85 96
77 86
9 21
82 90
90 94
7 12
51 67
31 41
58 83
16 22
73 88
38 40
41 45
53 69
83 97
51 71
94 98
76 87
15 31
3 13
85 92
91 99
48 58
75 85
30 46
45 53
40 56
52 75
39 54
69 82
73 95
33 45
59 66
91 96
32 48
35 41
30 40
16 26
12 14
27 33
35 47
61 71
33 58
26 31
24 28
44 46
82 86
84 90
11 17
45 51
75 90
45 51
59 71
23 41
13 19
27 53
15 31
2 4
27 44
53 68
18 24
38 45
78 85
15 39
57 74
73 81
76 84
33 50
26 54
90 94
58 61
63 72
37 56
38 57
29 36
62 68
68 80
94 98
56 71
2 27
45 49
54 61
44 56
8 20
85 95
25 29
13 19
8 34
56 65
72 79
80 83
28 38
12 21
50 64
58 63
14 29
75 88
56 61
27 34
62 72
2 3
61 65
3 11
46 63
80 86
14 23
65 83
33 38
79 82
62 66
55 58
80 84
58 64
85 93
67 79
86 95
82 85
20 27
64 70
78 88
45 51
66 75
28 53
57 62
28 29
29 39
62 75
51 62
69 82
31 39
71 88
36 48
56 68
56 64
82 90
96 100
4 15
25 37
44 52
51 61
39 49
68 72
15 32
71 83
53 66
12 32
32 40
93 99
34 80
66 83
32 38
87 95
21 26
39 44
52 55
50 59
23 37
13 21
32 43
1 6
2 10
82 89
7 24
27 36
15 33
93 100
38 44
16 30
74 85
24 30
77 100
51 57
84 96
13 36
26 45
74 85
72 81
86 96
48 57
73 91
67 74
19 27
10 16
19 65
86 95
36 47
24 28
10 24
9 16
47 66
66 72
9 17
17 26
56 65
52 71
53 58
5 12
32 44
77 94
43 47
29 39
17 25
66 76
17 25
77 91
44 55
34 40
37 41
16 21
30 33
21 27
25 30
76 80
64 96
58 78
66 76
78 89
45 50
89 92
89 94
3 24
68 73
72 90
80 86
69 74
56 65
75 82
5 15
55 67
48 56
19 22
1 11
40 44
19 31
83 92
28 36
72 80
2 11
2 26
82 92
10 27
91 95
16 20
26 48
4 22
74 86
66 91
33 42
30 35
47 54
71 77
57 69
9 26
38 81
7 10
4 11
66 79
9 17
13 24
4 13
69 81
15 24
66 77
70 75
11 20
92 95
18 28
80 84
55 64
15 18
70 83
5 11
50 56
74 77
74 82
87 100
1 5
45 59
17 29
4 12
25 46
21 37
56 64
36 76
20 35
1 20
24 27
35 37
33 40
13 17
89 94
87 95
1 36
12 13
67 74
4 9
79 92
26 32
79 88
45 54
17 26
18 24
3 14
31 35
59 66
53 72
16 19
37 52
61 70
73 90
38 50
81 100
33 43
86 97
57 61
41 47
46 51
29 35
12 43
53 69
44 55
12 34
30 58
7 11
27 33
69 75
73 83
95 97
5 23
35 39
53 68
71 77
50 65
32 35
16 26
73 81
81 84
80 84
27 35
43 51
31 34
68 82
24 34
50 63
86 95
84 90
53 63
64 74
3 11
74 81
64 70
67 71
55 74
12 15
28 38
79 87
46 52
9 17
29 32
94 98
43 55
85 92
55 74
14 15
42 44
6 29
41 79
7 9
52 60
47 50
50 60
6 18
80 85
28 40
31 47
88 91
81 93
92 96
90 100
95 99
29 41
75 90
91 97
79 92
43 47
21 33
63 88
29 36
55 63
44 62
28 30
31 34
92 99
10 46
67 90
88 94
94 100
87 97
35 57
11 66
17 23
24 35
24 31
35 65
47 53
62 95
50 60
91 100
10 22
70 74
10 36
46 55
35 38
71 85
4 9
4 14
38 53
84 88
16 22
34 49
29 37
70 84
1 8
19 29
60 65
50 91
5 12
52 66
50 59
66 77
36 51
14 24
38 45
25 29
48 66
58 61
88 98
81 97
33 51
65 84
72 78
7 20
13 36
68 73
69 71
36 47
16 36
67 77
14 20
84 100
49 58
21 31
82 88
39 47
24 47
76 82
28 32
28 67
6 22
5 19
56 60
19 28
38 73
67 72
4 12
67 73
7 14
77 87
5 7
56 64
51 60
57 70
54 68
35 58
47 64
36 51
20 23
69 72
65 70
45 55
40 53
42 53
80 86
64 82
44 56
66 82
27 36
18 28
6 10
72 81
44 66
39 45
49 60
82 95
40 51
32 37
68 80
89 96
8 11
74 78
48 54
64 70
90 97
86 99
71 84
91 99
47 54
24 30
65 79
36 49
65 73
32 42
11 19
93 99
50 58
54 60
56 60
86 90
87 94
37 57
67 74
46 51
35 67
66 82
38 49
47 61
30 51
46 58
71 75
42 46
13 21
92 98
62 77
81 86
40 46
52 63
82 91
76 83
25 32
66 97
25 34
18 28
41 73
30 37
62 74
27 29
56 59
55 61
54 73
55 63
25 32
50 52
21 37
54 65
82 93
17 24
55 68
9 25
9 18
80 84
41 60
33 46
77 81
81 93
72 88
32 49
49 69
57 74
49 65
72 74
1 12
27 41
84 91
60 89
78 91
3 8
4 12
20 29
11 20
27 38
30 50
89 100
86 96
63 71
55 67
81 88
20 34
53 72
78 90
74 76
31 35
43 51
44 54
70 78
76 90
53 78
7 16
49 77
11 44
26 50
41 59
74 89
39 63
42 51
70 74
83 92
12 15
53 59
18 23
71 83
51 63
2 14
67 92
63 66
84 100
24 47
41 53
86 98
40 47
46 49
29 30
22 32
3 18
3 10
84 87
27 38
62 67
67 73
31 45
51 58
69 83
1 13
77 82
62 67
63 67
31 35
62 67
61 92
31 35
75 76
1 20
62 74
20 36
19 39
75 85
1 18
9 19
71 81
30 31
29 32
64 77
1 8
87 99
48 65
6 11
3 11
65 69
37 46
8 11
45 49
22 33
21 43
33 43
35 41
5 10
28 37
52 66
60 62
26 29
61 82
26 43
40 43
64 85
5 23
11 17
56 62
49 52
47 54
90 95
49 54
48 56
77 87
88 94
78 83
72 81
85 88
3 31
31 43
36 43
64 79
4 6
55 69
24 27
76 82
24 37
89 92
67 89
73 88
45 48
70 76
61 85
18 24
27 41
12 39
41 55
8 17
37 52
28 31
1 7
8 13
54 63
57 63
79 83
1 11
4 14
42 48
46 54
33 41
43 55
52 58
63 72
52 73
69 88
1 4
13 27
54 68
34 37
34 47
43 56
78 92
90 98
36 63
60 97
19 29
25 42
86 95
83 88
71 79
45 49
59 90
9 11
85 89
48 62
38 61
11 22
32 41
41 45
87 92
40 48
52 72
33 68
36 71
33 43
78 94
23 28
76 82
61 72
5 22
53 61
63 67
23 27
91 97
40 47
82 89
43 51
75 96
50 58
7 22
68 71
11 23
3 9
81 90
83 91
78 94
17 21
90 99
72 85
16 22
7 15
80 99
79 83
27 38
6 12
41 51
43 63
24 46
44 50
37 62
25 38
73 77
28 38
72 82
24 42
51 56
63 78
30 47
76 81
34 41
48 69
61 81
36 56
68 72
85 88
83 94
44 64
61 67
7 12
17 25
71 97
90 99
46 53
27 43
33 39
14 30
55 60
39 52
34 48
11 17
9 24
96 99
91 95
48 67
8 14
19 22
59 89
73 82
92 99
53 93
13 17
44 48
34 58
79 93
14 22
6 28
9 32
72 81
28 30
91 100
29 40
97 98
54 58
65 77
20 46
77 82
80 86
37 43
45 58
35 41
43 50
1 10
18 23
40 43
39 46
42 53
16 26
41 52
60 88
70 80
14 19
13 18
30 38
63 67
67 85
3 15
13 20
72 78
54 60
46 68
82 89
6 43
38 57
9 27
29 34
15 33
54 62
83 95
8 34
47 93
69 75
37 44
57 64
2 28
73 87
23 36
19 22
81 98
18 26
77 83
54 63
62 65
21 27
33 43
5 17
22 36
19 32
72 75
62 64
61 77
45 58
15 31
7 15
8 76
23 30
59 65
43 52
94 99
64 69
78 83
39 44
13 23
55 59
77 86
59 66
15 26
33 38
58 63
14 18
31 47
9 22
42 61
46 61
25 51
39 58
6 10
19 26
93 97
79 85
46 68
71 79
47 62
32 52
72 85
17 38
24 31
68 73
64 92
42 47
10 14
15 18
57 66
41 46
29 33
18 21
33 45
27 31
26 35
73 77
51 53
73 83
75 79
31 43
68 84
7 21
9 22
33 39
35 54
62 70
48 56
79 90
20 24
22 27
34 47
62 74
31 39
82 88
9 16
55 65
62 73
19 39
5 15
33 36
12 21
16 25
48 58
21 30
32 36
17 39
10 25
68 72
67 77
12 16
63 67
47 57
92 98
20 48
74 78
27 30
21 33
16 40
43 52
5 16
41 56
39 43
90 96
47 53
57 68
3 16
35 47
5 12
8 11
92 97
22 27
30 76
39 45
43 47
15 29
28 41
1 22
40 57
37 45
63 64
24 27
56 66
8 29
52 76
27 55
20 25
90 97
41 47
33 45
15 19
69 76
14 25
43 69
54 66
15 20
70 76
44 48
45 55
27 36
43 61
18 46
6 17
94 99
7 53
83 100
91 96
10 27
47 56
5 8
34 66
49 61
29 41
87 91
17 33
72 75
90 91
74 81
47 54
90 100
13 17
18 28
52 60
49 55
47 60
60 65
69 71
2 9
21 62
49 52
47 54
81 97
31 38
52 66
70 86
38 42
60 62
78 85
55 58
66 87
34 36
35 43
25 37
74 79
24 31
18 26
30 45
88 99
36 54
49 59
29 36
15 38
60 70
75 84
51 63
30 55
11 25
84 87
47 59
31 35
78 83
61 65
56 66
29 34
96 99
42 56
32 47
14 26
20 23
37 45
13 18
15 19
6 14
57 78
33 75
13 22
29 36
1 6
48 53
57 63
40 52
87 92
20 28
77 80
70 76
53 62
70 84
73 85
15 29
29 34
3 15
1 8
9 25
53 63
65 77
30 42
35 43
20 33
57 88
10 19
3 7
4 12
40 43
57 67
50 59
49 55
71 79
51 55
23 40
35 39
66 69
11 17
3 21
11 16
29 46
72 78
12 17
32 38
87 93
58 64
46 51
3 19
14 18
88 93
1 7
9 19
78 93
71 81
54 61
55 56
30 36
15 26
85 91
59 69
72 87
36 44
59 65
15 24
80 100
77 90
84 92
64 74
46 52
47 52
13 16
58 67
53 70
1 7
20 26
32 39
13 19
39 43
79 95
89 98
39 47
6 37
16 39
52 61
8 13
2 8
70 74
10 17
52 61
70 75
3 14
62 73
17 29
74 89
71 81
5 19
48 63
63 94
53 64
25 40
22 30
55 58
17 42
21 32
55 71
52 75
27 31
87 89
53 64
18 37
11 14
33 45
79 88
75 84
38 47
63 72
32 47
89 97
56 64
89 95
48 67
83 99
48 60
78 82
71 82
69 97
46 54
88 96
87 94
73 80
5 22
68 84
30 41
70 75
20 31
28 38
9 25
39 42
70 81
66 71
27 40
30 57
84 95
73 90
32 45
16 21
42 50
49 65
47 62
79 92
12 22
29 64
24 41
63 69
70 85
24 36
40 51
84 90
73 78
56 68
97 100
87 95
52 59
50 58
6 14
34 38
19 27
29 32
69 76
22 31
13 18
75 82
1 12
20 22
12 31
35 48
67 77
60 93
60 65
66 71
19 20
75 90
13 23
85 98
55 68
30 34
27 37
57 64
71 84
7 20
11 37
72 77
31 39
60 65
50 54
83 90
79 84
14 21
31 39
23 34
15 38
52 58
41 47
2 6
39 45
75 84
82 86
94 99
40 53
89 92
13 37
49 58
41 51
18 28
37 51
88 96
84 91
31 36
74 83
18 27
16 26
61 71
80 90
36 40
44 52
65 71
42 54
20 22
5 23
69 77
66 76
57 86
61 78
14 33
68 80
46 52
7 11
61 64
48 64
2 20
60 78
65 66
74 90
17 28
9 16
48 57
88 91
31 33
3 6
92 100
86 97
1 24
46 60
49 59
51 69
44 57
36 50
17 33
23 32
66 77
78 87
64 76
54 74
5 23
85 91
50 70
80 87
17 35
61 68
20 27
25 39
33 41
25 31
64 79
50 63
62 73
9 12
69 79
24 30
24 28
56 63
21 26
87 94
51 56
45 70
52 60
28 37
14 26
14 30
78 85
41 50
61 69
71 83
1 9
2 28
7 17
2 8
42 51
78 87
83 91
52 73
54 62
16 21
31 35
36 50
21 27
1 15
18 42
24 40
27 54
85 100
12 14
26 41
44 51
91 95
8 36
63 66
59 72
2 21
1 6
46 57
28 30
61 65
49 64
22 43
75 85
45 58
35 42
60 68
74 75
82 93
81 86
72 81
37 53
69 80
50 69
72 82
41 49
78 93
23 33
76 85
65 69
83 92
26 39
31 41
76 81
90 99
69 80
82 92
34 62
55 69
46 52
7 15
46 62
4 12
67 77
42 56
90 100
82 84
34 41
65 85
39 44
22 27
91 97
31 94
62 72
37 46
64 71
38 54
70 85
8 13
23 31
20 40
87 91
84 92
3 34
9 13
49 64
81 90
34 47
45 55
23 33
7 24
85 90
70 84
80 92
3 15
49 54
73 75
59 90
62 76
37 45
10 14
69 90
77 88
33 41
82 89
61 73
12 17
3 10
67 75
41 48
1 15
13 43
46 53
86 90
55 63
23 49
42 51
8 35
25 30
55 59
32 68
56 63
8 23
70 75
49 56
80 90
72 76
38 40
68 79
33 40
46 51
60 64
29 35
14 34
52 72
46 51
67 76
1 17
10 23
60 73
55 62
71 86
69 75
46 69
60 66
14 41
23 27
75 92
3 18
25 31
81 89
61 74
42 51
93 99
78 89
81 84
33 60
54 63
59 63
9 23
28 55
20 36
37 60
32 47
14 27
53 60
49 66
38 43
65 73
25 35
88 99
70 81
63 73
85 92
61 77
9 13
56 59
92 94
8 26
87 88
87 94
65 73
49 56
70 76
35 45
89 99
63 68
59 61
86 93
9 18
83 88
2 13
11 17
12 16
93 98
33 57
19 26
58 64
87 95
67 82
63 80
57 70
90 96
44 51
65 80
40 64
54 61
9 28
9 18
19 24
49 53
86 91
43 49
47 58
29 32
63 68
25 33
34 42
44 52
9 12
7 14
78 87
38 52
40 89
29 35
43 48
31 34
51 69
77 87
74 78
16 34
29 37
80 82
63 75
36 43
67 79
68 70
43 45
89 98
56 63
91 98
62 83
68 78
40 48
52 63
82 87
37 48
52 60
76 82
44 61
23 37
78 97
46 51
49 56
61 66
34 39
37 47
36 49
45 71
36 41
93 98
24 30
33 35
89 96
2 23
34 39
62 77
4 19
83 91
71 81
18 27
83 95
18 44
29 32
36 43
5 10
85 91
59 68
17 33
88 98
45 61
11 23
36 48
69 78
59 65
26 39
11 18
21 28
28 35
61 72
65 71
76 86
40 53
77 94
77 94
41 59
93 95
21 27
68 76
42 44
47 53
82 90
16 20
60 62
8 11
18 35
67 76
27 46
2 16
32 42
77 85
53 67
7 14
49 54
22 37
47 59
32 72
3 8
7 21
7 25
61 67
8 14
50 52
11 22
52 64
17 56
49 65
54 64
38 44
44 53
12 14
19 21
22 47
81 85
53 69
35 45
81 95
65 71
3 53
16 31
39 58
13 26
69 83
45 50
94 97
50 63
59 67
22 24
41 56
56 60
83 95
6 18
69 81
66 71
27 33
83 86
68 75
64 72
6 12
15 18
53 66
8 11
39 42
71 77
73 77
80 87
63 78
41 46
74 78
3 10
72 90
15 23
14 18
27 46
25 35
60 62
55 68
20 45
86 90
37 55
13 20
79 96
20 60
86 97
23 38
16 23
64 92
70 74
16 29
3 15
66 76
11 20
24 30
68 78
4 13
69 73
7 10
25 39
35 47
49 51
35 43
61 75
76 80
68 73
28 36
4 10
42 46
47 51
13 37
31 40
57 63
15 29
53 59
54 62
18 38
76 87
71 83
69 73
37 40
34 43
6 12
23 40
26 45
54 60
39 58
63 69
59 74
17 25
84 94
2 7
77 84
89 94
28 33
67 73
42 44
62 88
53 65
17 36
62 70
37 54
80 96
37 42
21 27
42 51
6 13
63 72
82 87
11 20
94 99
15 27
48 58
40 58
54 61
19 31
47 60
27 78
75 97
74 84
44 64
39 50
28 39
63 75
2 29
42 45
74 83
57 86
55 62
86 92
8 12
21 26
85 100
50 71
83 90
49 73
55 59
26 41
36 44
27 54
33 68
21 28
10 16
25 28
41 51
14 25
33 45
31 36
84 92
43 62
14 37
20 31
48 54
52 63
60 66
29 32
29 33
39 43
76 87
58 61
95 100
49 64
30 34
23 35
3 36
5 11
16 27
36 65
28 32
80 86
19 52
17 19
69 74
90 95
64 71
40 69
40 41
23 38
18 31
5 15
8 20
25 37
36 42
46 67
26 33
52 60
71 80
1 17
33 49
43 53
19 42
59 71
5 40
34 38
27 35
61 86
79 99
11 16
63 70
59 92
81 86
38 72
35 39
27 38
1 2
57 63
28 46
3 11
15 24
63 73
77 92
63 74
35 72
78 86
87 90
49 54
29 45
75 98
43 48
66 90
88 99
42 46
33 54
76 94
43 59
74 85
87 95
6 24
24 28
28 32
73 81
33 39
8 13
27 69
66 71
59 71
84 91
5 14
59 63
22 27
17 23
71 80
18 29
49 55
24 29
80 87
9 15
28 46
65 72
9 26
22 29
78 84
37 47
75 91
87 98
8 14
51 61
11 19
47 56
13 22
78 95
71 88
22 36
48 58
37 67
79 89
29 43
66 72
22 30
51 57
30 51
21 34
43 51
18 30
5 30
69 78
77 94
46 53
1 4
44 48
69 95
40 43
95 100
20 32
41 49
78 86
32 51
25 34
53 83
49 58
80 95
67 88
59 71
15 23
30 42
53 56
61 85
49 55
75 90
13 18
60 72
57 69
44 56
4 10
48 52
70 85
44 50
90 96
37 43
66 76
72 81
36 49
4 18
36 50
72 82
22 50
21 26
84 98
22 31
85 92
34 41
46 51
9 14
58 67
78 80
87 94
10 11
29 36
11 20
12 38
31 51
14 21
76 85
45 65
17 20
4 6
61 79
23 36
90 97
19 22
48 51
80 90
42 55
43 49
26 29
79 87
19 29
74 79
78 81
88 91
61 76
36 42
40 43
5 34
66 75
16 31
9 16
19 35
4 28
57 61
76 87
65 80
8 15
51 70
27 39
13 21
15 32
46 53
87 92
30 39
19 26
1 8
88 98
72 82
82 96
72 78
19 37
43 54
14 22
49 71
64 85
50 58
17 30
59 81
55 68
54 60
55 65
12 18
20 34
69 93
53 56
30 51
34 48
15 27
49 57
7 19
57 73
33 38
76 91
74 87
52 59
60 76
23 31
79 96
66 70
69 78
18 23
29 40
53 66
41 47
24 32
66 85
61 84
21 33
55 61
46 61
8 44
69 88
51 62
50 76
76 83
78 82
37 46
6 9
6 11
15 22
91 100
35 45
25 29
32 50
55 60
47 56
17 46
16 19
5 16
56 84
76 82
1 20
80 90
55 98
29 35
9 24
39 43
33 38
41 45
11 20
8 32
14 28
86 94
43 54
72 76
78 93
10 21
25 27
50 58
19 25
77 84
83 93
65 86
77 97
64 69
60 69
38 57
86 95
53 69
40 46
87 95
28 74
59 64
18 25
35 44
28 35
10 14
84 92
27 36
44 48
15 19
81 94
70 75
78 91
49 54
42 56
37 45
48 53
56 67
15 22
10 12
17 32
36 38
22 34
49 60
24 30
11 13
15 21
90 95
59 64
60 71
22 29
3 22
17 26
85 89
77 86
44 54
8 17
83 96
22 29
48 76
67 78
42 69
85 98
8 17
50 76
55 68
41 47
8 23
2 9
44 69
43 62
5 15
5 11
37 44
86 92
21 34
17 20
60 71
52 60
30 39
76 94
49 54
61 64
15 41
13 24
33 48
33 39
79 83
6 18
45 58
77 96
83 100
2 24
32 38
47 55
30 39
5 12
52 82
60 68
44 53
20 33
79 89
22 44
75 87
8 18
71 88
88 90
56 69
42 47
55 60
12 26
69 75
95 98
63 76
96 99
69 78
13 27
84 93
19 42
25 29
8 38
27 36
33 41
30 52
8 36
70 74
20 23
75 79
21 32
53 63
59 76
32 35
85 97
38 42
52 55
11 19
74 98
22 49
51 63
76 99
41 48
22 30
62 72
20 44
5 85
1 7
15 23
86 89
14 31
74 94
75 85
32 46
55 70
88 93
35 43
73 76
79 88
13 32
63 76
60 65
58 67
25 43
69 80
23 35
9 15
25 31
61 67
31 48
80 87
19 26
12 35
92 100
51 60
4 13
88 99
71 82
52 76
62 70
29 37
63 68
10 29
54 69
40 51
44 53
53 81
89 92
15 24
46 60
16 25
3 11
64 72
58 68
76 92
55 66
85 93
46 50
4 22
26 41
55 62
30 49
75 83
60 70
30 35
22 29
51 58
82 93
66 74
86 91
57 86
56 72
52 58
64 71
64 74
36 51
13 50
70 78
2 21
18 32
12 20
74 97
22 35
24 28
93 100
33 44
37 42
49 77
90 95
46 58
85 93
40 49
41 59
4 17
12 25
9 20
18 28
31 38
26 36
65 80
34 44
25 31
69 80
82 90
90 100
84 91
60 69
48 52
75 86
31 32
41 54
69 78
81 95
77 87
46 52
65 70
40 50
58 63
36 49
13 30
78 85
16 27
15 24
10 11
59 68
52 58
12 21
45 78
75 85
35 54
92 99
50 52
48 53
6 10
24 33
65 72
42 54
51 80
56 65
59 62
21 30
38 52
53 60
74 81
86 98
11 29
21 29
65 74
31 36
73 85
72 83
63 79
77 98
21 52
54 67
17 26
50 66
97 100
63 77
73 87
16 19
57 63
13 26
32 48
56 65
1 7
20 24
13 25
7 19
39 43
62 73
25 52
15 22
36 60
50 76
54 57
44 48
16 22
83 89
81 89
89 93
41 56
19 24
74 83
39 46
53 82
65 73
84 99
21 37
1 34
64 69
55 61
66 81
50 70
23 34
80 97
31 45
2 31
83 89
66 74
25 30
86 92
42 47
41 57
31 41
67 80
26 49
68 82
63 71
1 15
29 40
17 25
41 46
34 40
26 32
72 75
11 21
56 72
38 48
66 67
70 77
59 70
4 11
28 32
41 75
6 12
63 69
4 13
4 23
27 28
57 63
73 94
37 57
68 73
67 85
76 87
1 7
38 72
42 44
59 65
17 25
1 23
38 43
3 17
56 65
80 92
24 33
29 41
89 94
31 39
83 99
18 31
16 22
28 34
39 46
21 41
22 27
86 94
84 91
90 92
60 80
80 91
51 64
50 66
8 25
12 34
26 38
64 76
3 8
10 32
78 98
88 93
51 62
8 13
43 53
41 47
60 67
28 33
6 13
14 20
73 82
28 45
88 95
52 60
78 88
30 39
10 14
32 40
15 32
32 41
65 70
88 95
14 17
41 68
4 9
69 77
23 40
13 16
17 55
40 48
86 92
50 75
39 42
53 60
34 52
91 97
89 99
83 93
75 92
44 68
47 87
10 23
16 22
60 89
11 34
5 10
27 42
32 49
50 62
41 53
36 53
65 71
76 81
67 69
34 47
19 77
30 40
64 79
9 16
3 13
59 70
60 67
78 93
35 61
88 90
62 74
28 40
40 51
66 84
10 28
68 75
5 13
25 29
74 81
14 15
82 97
68 79
3 30
24 29
2 7
46 55
3 16
18 30
74 89
52 59
73 84
28 50
28 42
75 89
33 43
40 66
50 60
57 71
5 10
90 97
17 27
57 61
1 9
44 53
64 66
35 54
35 41
89 99
89 98
2 4
25 41
88 94
40 94
7 26
44 52
41 54
8 30
31 35
82 97
80 95
55 70
59 65
21 31
56 57
46 55
66 74
26 31
25 31
29 39
22 28
11 19
63 72
62 66
62 67
32 33
33 41
25 44
24 28
85 89
17 20
16 33
66 82
72 86
48 67
27 28
48 64
12 19
33 49
36 46
9 17
2 5
65 72
5 30
20 38
71 91
35 53
75 90
72 79
49 70
60 76
4 18
39 42
39 44
59 67
30 50
91 99
47 55
85 100
30 34
76 88
68 76
31 34
13 21
38 44
55 64
89 96
84 94
28 46
74 78
5 10
73 90
58 76
5 18
25 48
68 87
73 86
92 98
30 38
8 34
51 66
92 96
74 83
45 56
16 24
13 23
26 38
19 34
47 69
50 67
87 95
41 51
18 31
52 61
23 33
44 60
83 98
13 49
76 93
9 16
2 21
45 48
71 83
47 52
15 28
25 42
40 55
35 44
31 51
24 42
21 23
48 55
27 36
22 39
87 90
67 71
40 48
70 93
70 79
1 13
29 35
69 72
91 97
37 48
76 82
16 23
24 26
39 58
46 54
38 45
64 79
77 89
73 88
15 20
79 94
18 27
67 72
50 56
48 61
47 60
6 19
67 74
14 45
32 46
40 50
15 26
43 58
57 70
14 22
58 67
54 63
38 48
12 20
11 25
82 95
84 89
5 10
42 57
33 46
62 74
85 89
53 61
10 24
7 10
60 65
15 22
83 88
17 32
73 94
87 96
87 93
89 99
32 38
15 26
39 46
30 58
10 20
9 18
71 87
50 52
60 68
66 75
16 42
86 92
57 63
74 82
22 31
64 69
79 96
64 67
42 49
93 95
28 69
60 87
25 44
83 90
81 92
67 86
36 53
21 25
63 71
8 10
88 100
26 38
8 12
75 83
30 35
75 89
51 61
63 77
72 81
31 42
3 13
57 70
37 44
68 90
12 15
32 37
35 44
84 89
74 81
12 22
75 83
64 79
32 45
63 68
43 51
60 93
69 76
10 17
25 34
22 36
19 45
50 58
88 96
37 43
74 81
9 14
7 13
25 32
71 78
27 42
68 80
36 58
62 84
45 49
2 11
27 43
75 81
48 57
47 56
60 80
28 42
75 84
18 27
57 73
15 24
43 47
71 95
72 83
81 87
32 37
44 48
31 45
73 83
31 46
8 20
39 47
72 77
19 30
3 13
10 26
78 90
83 88
60 80
18 40
45 51
38 43
8 19
67 74
44 56
41 62
3 24
74 90
60 67
10 18
78 92
70 85
4 24
42 47
35 61
30 34
33 41
52 57
31 34
3 8
82 93
33 43
4 7
14 18
89 99
73 80
87 96
30 41
48 54
5 13
59 71
79 94
84 95
21 34
1 14
67 88
75 79
55 68
36 42
18 36
11 18
93 99
27 32
2 6
39 51
32 40
78 97
22 58
72 89
45 60
46 72
70 87
15 18
47 58
9 15
32 39
75 87
50 59
62 69
3 6
64 77
63 70
19 29
33 38
24 41
73 87
53 55
79 86
79 83
81 85
46 52
40 49
74 93
52 74
74 79
27 31
62 84
2 9
38 48
22 32
23 28
72 79
75 85
80 95
40 48
41 49
50 54
51 52
67 72
65 84
51 59
33 41
29 34
43 61
82 91
10 15
90 95
18 23
1 29
76 80
22 55
40 47
27 42
19 24
77 96
31 46
72 86
14 18
41 51
5 20
71 86
74 86
52 57
62 70
40 80
5 12
72 82
47 73
54 84
45 55
82 95
15 19
52 66
27 38
65 81
88 99
54 65
40 43
40 59
5 8
93 96
12 25
21 43
56 61
24 30
28 33
15 22
11 21
34 60
84 89
73 79
61 70
89 95
49 56
64 70
86 89
14 36
87 92
4 25
86 98
50 57
61 66
61 69
50 57
1 20
87 97
60 72
47 69
9 22
20 27
71 88
39 55
78 91
36 37
62 67
38 47
30 40
84 93
79 93
61 75
48 60
73 86
50 53
41 52
34 37
61 70
68 71
5 11
40 47
60 70
76 88
88 94
55 57
45 55
29 33
74 85
11 20
74 85
38 67
32 39
60 66
28 40
48 55
24 32
67 76
81 94
61 68
57 66
51 53
60 66
48 53
33 38
14 24
50 52
28 33
18 22
69 86
76 83
86 100
26 40
14 22
83 91
71 93
44 46
52 62
10 29
29 37
1 5
26 35
7 30
17 23
1 16
61 76
32 40
38 50
76 79
57 65
90 95
48 53
66 70
6 16
5 12
55 82
62 76
70 77
71 92
61 70
24 47
46 93
37 53
18 22
1 22
29 46
10 30
8 23
69 73
93 98
51 61
18 28
64 87
64 92
62 76
89 96
88 94
16 32
95 99
39 46
57 61
42 44
31 37
65 79
86 88
75 87
32 43
19 48
14 24
84 88
13 30
19 26
58 69
56 65
63 84
65 73
67 78
63 69
35 51
92 99
76 90
11 18
78 88
62 68
64 72
64 76
40 47
87 93
10 22
50 53
57 60
1 12
45 49
81 86
66 70
65 73
79 98
94 100
47 61
72 86
13 30
8 19
48 73
52 62
37 42
81 93
83 87
26 35
70 96
57 60
90 95
68 77
33 47
59 64
45 49
85 95
13 65
32 37
28 33
40 49
81 93
79 85
76 89
45 53
91 97
58 77
46 65
79 89
19 29
78 87
58 68
9 15
67 79
3 18
27 45
42 54
29 42
25 31
72 76
56 75
89 94
26 42
25 31
1 9
28 32
97 100
49 57
3 6
17 68
67 85
62 67
53 65
53 60
4 20
48 55
57 72
10 18
59 80
79 97
92 97
46 55
19 25
90 94
3 18
52 60
33 37
23 32
31 44
42 49
88 93
52 65
10 16
24 38
75 86
8 39
35 36
3 6
73 88
6 9
3 12
8 14
78 89
13 46
56 62
34 39
