100 20 20 3
00000000000000000000
11001111000011000011
00000000000000000000
11100011100000000100
00011000001111100011
00010000000000000000
00000100000000011000
00000000110000000000
00000000001110001111
11111110000000000000
00000000000000000011
00000011001111000000
11000000000000011000
00001101000000000000
11100111100000000000
00001000000000111111
00000001111000000000
00100010000000000011
00000000000000000000
0000010001000101000
0000010001000101000
0000010000000100000
0000010000100100000
0010000100100100010
0010000101001010000
0010000001001010000
0010100001000010000
0000100001000000000
0000101001001001000
0010010001000000000
0010010101000010000
0000010000011010100
0000010010011001000
0000101010010001010
0000100000000001010
0001000000000000000
0100001010001000000
0010000010001001000
0010000010001001000
3443
82 90
26 30
33 39
40 64
12 23
43 50
53 76
76 85
26 31
19 34
41 49
36 42
74 87
42 52
49 82
66 72
81 100
37 62
11 15
15 33
51 68
11 21
32 41
83 93
17 35
83 98
47 59
20 26
72 92
17 30
87 94
33 60
67 80
18 47
11 16
26 28
85 92
41 60
62 70
38 47
9 19
52 71
81 99
27 37
26 30
66 76
74 82
58 67
71 85
43 52
73 90
83 100
53 75
63 71
82 93
5 33
14 17
14 19
57 74
60 88
74 88
61 67
3 4
26 48
10 17
10 14
60 94
36 55
89 95
12 20
70 78
67 70
66 89
27 41
15 18
89 99
66 69
5 35
87 93
58 68
58 68
87 96
37 47
42 48
67 91
79 88
40 45
7 10
62 66
45 60
22 31
82 100
74 100
48 52
13 22
38 40
11 16
68 75
24 32
27 41
76 80
91 97
55 71
21 39
60 69
12 22
32 45
75 79
74 81
48 54
25 30
9 16
72 81
18 24
76 96
91 100
39 50
58 96
71 81
51 63
46 59
85 90
30 43
29 32
22 35
54 63
48 57
64 68
36 57
48 94
28 43
39 48
55 77
29 45
20 98
4 14
33 47
23 50
8 21
72 85
18 24
20 40
28 45
27 31
45 61
27 36
45 54
63 79
45 58
76 84
33 41
89 99
54 58
44 47
20 32
69 78
32 42
67 76
6 13
27 54
44 50
46 48
45 54
24 36
45 76
83 100
5 9
24 36
56 69
27 59
5 11
49 60
36 57
72 86
77 84
25 29
91 95
61 71
39 52
68 78
19 23
61 67
77 84
7 18
52 61
16 28
95 100
34 44
47 56
29 55
73 78
80 94
7 20
90 94
72 86
72 74
5 8
97 100
14 23
62 66
60 66
48 51
57 80
17 20
31 44
34 39
49 58
66 87
86 96
50 59
70 74
68 98
32 44
69 94
27 36
28 42
48 64
32 59
57 62
6 24
76 85
3 14
89 97
38 42
72 77
90 92
66 74
78 90
46 68
69 82
59 82
29 39
20 24
74 77
86 95
23 36
66 88
14 22
15 19
73 83
33 44
16 22
70 85
52 66
11 20
69 71
31 38
96 99
14 31
76 86
35 50
21 24
47 66
18 34
55 71
21 26
30 40
84 95
30 39
5 19
57 77
39 62
85 92
81 97
72 78
86 96
52 62
57 60
36 43
78 93
28 33
35 50
42 46
54 57
27 34
58 60
20 42
19 23
62 97
77 78
45 73
57 65
38 46
91 94
71 94
60 75
29 36
71 89
40 57
9 23
7 15
76 83
58 68
40 62
51 59
54 90
54 62
19 39
12 24
8 15
6 19
20 27
81 88
50 58
44 58
87 94
34 43
7 19
81 94
43 49
94 100
77 88
8 14
58 65
39 44
22 41
27 39
47 68
40 63
89 97
45 55
29 67
34 47
3 11
53 61
29 36
46 50
62 71
57 69
92 98
8 24
28 37
42 70
59 64
25 26
54 65
6 11
31 36
8 50
64 72
6 14
25 34
57 69
46 66
56 71
62 70
31 36
30 44
29 32
28 29
14 22
75 91
6 13
64 72
55 65
57 63
16 20
83 90
42 52
33 41
77 92
78 84
62 69
60 76
74 90
47 53
51 56
68 74
2 15
43 74
66 78
52 63
16 25
58 67
15 23
27 34
97 99
36 41
38 41
82 97
52 65
51 67
39 47
48 59
64 70
12 16
69 77
76 88
12 21
63 72
94 96
63 74
39 54
54 63
32 38
54 58
85 90
39 49
10 15
27 36
57 61
81 85
76 94
55 78
52 71
11 14
40 60
54 71
30 39
69 84
48 59
73 81
25 39
50 72
74 79
73 91
46 58
81 92
9 23
12 58
31 37
25 32
89 98
62 74
41 50
70 95
54 62
40 58
41 61
48 51
2 7
1 9
14 18
47 51
10 29
36 41
25 57
35 45
65 70
43 49
78 87
20 32
13 17
3 23
7 18
19 30
57 65
44 59
18 27
75 95
42 48
26 40
5 11
48 61
8 19
79 89
17 21
81 86
63 87
95 99
1 9
24 31
7 15
5 15
54 67
40 46
27 35
21 28
68 70
23 42
85 91
31 36
91 98
74 80
90 97
46 49
44 55
49 63
60 72
47 49
49 76
82 91
77 84
86 93
51 72
36 86
18 30
42 52
40 52
47 73
62 71
49 66
46 54
18 26
59 63
57 62
78 86
46 52
3 11
27 34
15 18
42 51
14 29
87 91
8 11
60 71
7 11
37 44
53 71
69 79
55 69
54 67
80 85
5 15
8 27
46 60
11 14
6 15
48 51
9 13
64 72
29 37
63 69
1 7
61 77
20 23
66 87
6 9
73 86
84 89
30 61
16 29
74 83
45 76
79 86
74 77
76 95
76 86
25 30
49 55
58 67
30 35
73 76
46 54
4 6
14 26
2 6
16 24
60 63
3 8
55 65
17 21
64 85
17 21
42 47
51 77
54 80
75 89
62 90
47 48
15 23
73 81
33 41
76 87
52 59
17 40
60 85
34 39
11 20
34 52
80 94
5 24
2 7
32 39
6 20
51 82
50 53
51 65
87 98
51 54
75 80
21 42
6 31
11 19
50 60
5 24
48 60
15 16
75 80
6 19
11 14
86 96
29 57
37 43
27 40
22 69
39 42
45 47
42 47
71 83
72 75
9 22
18 39
60 66
63 66
51 57
6 13
26 40
67 75
56 60
53 58
12 16
57 69
18 33
38 42
89 97
5 18
1 15
69 72
29 47
62 69
73 84
6 16
5 34
58 99
82 98
36 55
22 33
42 45
3 12
92 97
35 49
61 76
24 32
72 85
86 93
81 95
11 22
90 96
8 22
28 32
21 23
17 40
72 86
65 76
6 19
13 28
20 98
6 16
86 91
53 69
74 84
40 53
8 18
49 53
28 32
66 72
11 51
64 66
48 51
1 7
69 76
72 79
48 64
30 34
1 7
26 33
24 25
71 76
62 84
46 48
54 65
72 84
88 100
35 51
20 22
71 80
54 60
84 87
82 87
25 42
12 18
46 52
77 84
34 48
8 14
48 54
52 54
52 54
58 79
59 70
3 10
20 30
7 12
89 94
46 52
67 85
89 95
40 54
38 57
69 78
80 90
25 40
75 87
6 26
60 79
35 69
48 53
58 68
47 53
65 95
22 42
15 38
9 53
53 63
81 83
64 66
59 60
25 39
35 37
93 100
31 43
12 23
71 80
49 55
56 69
53 60
71 74
67 88
66 68
78 94
42 46
49 57
24 50
87 92
24 28
4 20
53 66
45 50
7 30
42 49
27 33
64 80
3 25
87 93
11 22
12 51
39 53
58 59
90 95
87 98
22 29
42 50
49 57
44 53
57 84
43 52
76 86
65 70
64 80
85 89
67 70
19 36
41 46
52 55
75 89
62 78
1 6
42 54
27 30
70 82
2 17
83 86
19 35
59 83
33 43
25 32
34 46
49 58
73 88
58 61
86 91
6 9
42 58
3 23
4 13
36 47
50 63
2 16
70 74
32 51
65 68
61 67
85 89
27 39
45 66
60 79
15 27
15 28
19 27
25 28
56 88
78 86
38 42
14 20
16 65
10 21
34 37
41 54
76 89
51 54
6 12
49 53
56 68
70 75
56 74
76 78
23 37
9 21
6 11
4 8
26 37
71 74
12 17
85 97
76 86
58 71
75 88
6 26
34 47
37 56
34 38
35 42
67 72
46 53
26 31
87 94
47 56
7 19
90 94
49 55
30 36
68 78
51 62
45 58
62 82
12 17
32 51
78 93
38 54
11 26
76 88
71 81
35 43
85 98
85 99
26 36
77 92
53 65
24 31
45 56
2 8
91 94
55 76
26 51
93 97
65 85
23 47
57 63
22 32
34 50
8 22
51 56
71 75
46 59
47 65
45 55
15 21
4 10
56 74
28 38
87 99
76 82
18 40
5 21
94 98
49 72
37 48
11 27
58 61
49 53
72 78
92 99
23 41
67 85
37 55
13 22
23 28
14 18
49 64
13 25
6 18
37 57
35 58
75 87
77 89
63 80
71 78
39 43
27 38
71 81
75 84
10 12
57 59
26 48
71 91
72 89
83 92
23 26
33 43
32 59
47 51
67 84
31 41
86 95
26 30
35 51
57 59
65 71
4 22
50 63
91 100
86 93
57 60
61 71
5 62
87 94
7 27
31 37
62 83
54 71
69 97
28 32
7 14
51 64
32 40
13 33
47 56
50 57
41 58
85 94
6 19
2 14
64 94
10 20
9 33
31 43
40 49
73 99
67 79
64 71
68 73
10 18
12 27
83 87
5 14
71 75
75 84
19 83
28 82
39 73
72 78
85 94
29 35
80 89
12 17
63 71
82 95
71 90
22 36
2 11
26 33
29 42
62 69
4 16
34 58
71 77
20 34
18 21
46 67
62 82
31 34
17 28
60 66
15 20
27 34
10 23
64 73
17 24
19 28
27 40
12 29
26 32
28 42
58 89
91 94
33 37
12 19
92 96
57 74
34 50
14 29
73 79
15 26
32 73
28 44
84 87
77 82
65 89
74 82
36 49
35 43
53 68
21 27
59 93
70 76
39 44
65 96
10 17
63 68
6 25
63 74
62 77
62 75
6 12
8 31
96 98
53 59
87 99
66 73
80 89
11 18
22 37
74 80
30 33
76 93
90 96
86 94
69 74
62 69
3 8
16 22
43 51
62 70
41 50
62 66
34 44
78 91
79 89
65 77
72 77
15 25
67 80
26 39
69 74
62 69
60 64
46 78
52 56
5 10
28 39
7 13
69 75
2 14
18 36
54 59
31 70
72 79
29 42
61 67
30 36
74 81
55 69
70 76
23 56
77 80
57 65
55 72
45 52
39 42
29 34
48 60
44 50
24 26
71 91
24 30
82 89
92 98
28 41
23 32
52 56
46 51
26 35
66 88
51 70
89 95
55 62
79 93
80 87
72 75
17 25
61 64
15 57
35 41
16 26
50 61
93 100
88 95
30 63
3 6
48 67
20 22
22 27
56 64
50 63
30 45
29 39
34 51
36 53
84 99
52 59
17 25
14 22
47 59
16 30
15 33
79 83
28 68
66 74
42 46
9 15
13 22
92 94
65 93
86 90
65 67
83 98
72 76
11 33
32 37
2 11
75 87
41 48
27 32
63 69
24 55
67 90
24 33
21 26
3 9
36 47
74 93
37 44
28 35
35 53
73 77
90 95
56 59
64 70
50 56
59 63
21 28
52 61
62 76
42 50
60 76
91 96
7 13
80 85
26 38
83 95
15 32
58 61
51 64
40 63
25 31
1 21
37 46
12 23
69 89
71 78
9 17
73 85
59 71
66 85
31 43
33 55
49 57
6 10
19 24
6 10
16 20
48 54
41 46
41 51
72 89
85 91
76 85
64 86
59 61
41 47
46 55
30 34
37 46
61 71
34 39
43 49
57 75
41 49
56 63
34 58
20 79
48 55
15 24
2 10
29 40
14 19
25 28
18 31
7 21
14 23
76 93
77 84
2 19
18 24
29 35
46 69
71 75
21 27
74 80
12 20
18 27
47 49
9 10
5 12
79 88
68 77
81 97
79 89
10 47
1 19
27 32
23 31
4 14
61 63
28 31
77 89
48 72
80 88
18 21
68 73
76 87
25 33
91 93
67 74
39 62
64 75
78 85
70 81
77 86
2 5
90 94
77 80
8 17
69 80
83 90
37 43
12 29
10 21
65 81
18 22
74 80
34 43
17 21
49 61
45 60
68 83
75 90
75 96
69 71
67 77
20 29
59 78
69 82
46 54
33 39
56 61
12 21
20 37
82 96
14 37
43 49
31 64
85 88
64 78
53 63
73 92
7 13
65 76
66 84
45 60
73 84
50 54
27 29
27 41
56 63
68 71
42 52
54 65
36 57
46 51
35 41
27 34
84 88
38 51
34 46
42 44
24 29
48 52
26 40
21 32
64 68
82 94
85 94
25 33
31 40
91 100
35 57
71 85
63 95
1 18
8 13
13 30
44 65
71 86
72 82
37 58
90 93
67 81
76 88
29 37
66 68
63 81
11 33
75 86
48 56
63 83
37 47
22 30
25 43
76 93
63 65
66 84
44 48
8 17
27 41
50 53
11 22
35 42
86 97
31 45
44 56
69 77
49 66
16 30
79 88
64 71
63 69
62 80
38 40
85 97
91 100
58 69
76 87
10 27
21 41
31 39
92 100
6 18
43 52
23 24
34 38
65 76
61 65
3 7
35 37
23 41
86 99
69 78
40 54
19 24
12 20
82 94
81 90
38 50
55 60
18 34
3 13
3 10
30 38
5 16
10 24
45 47
89 96
22 27
83 94
1 4
22 27
90 98
84 96
8 12
48 58
22 29
42 51
22 31
2 16
50 67
31 34
39 41
29 46
21 27
33 62
57 67
25 39
59 78
18 24
31 45
15 26
47 57
10 12
58 69
64 71
54 65
46 67
52 62
46 54
58 72
69 83
49 70
62 71
71 90
21 34
39 44
5 13
2 12
35 47
62 72
73 78
21 27
67 81
78 90
66 71
80 83
85 94
37 48
49 54
79 100
40 44
6 20
68 73
37 41
19 33
8 44
52 63
65 70
54 70
45 53
19 34
28 30
49 61
79 85
16 46
18 36
83 94
58 65
28 46
7 17
16 25
25 52
1 9
67 73
11 19
85 95
29 50
4 20
8 17
11 17
60 61
22 29
2 13
15 24
15 26
28 39
48 50
75 97
33 38
36 44
34 39
52 59
27 30
31 40
3 15
9 12
1 7
24 28
84 97
85 95
62 72
3 9
55 81
34 45
77 96
77 82
15 22
53 93
88 98
53 64
77 88
23 30
49 58
80 87
49 68
49 59
14 39
5 10
40 49
34 54
31 42
59 82
74 90
60 68
68 93
38 41
69 89
55 65
29 37
79 86
74 84
32 50
11 31
53 74
35 52
73 96
6 32
37 46
47 56
21 27
10 16
86 95
19 32
52 69
39 44
2 25
60 86
35 49
61 69
43 50
12 14
89 95
8 25
87 95
13 25
64 80
62 75
23 32
1 13
65 76
12 15
61 66
17 23
69 83
31 35
8 33
41 50
28 33
67 76
71 73
12 23
12 15
47 60
31 38
60 67
31 42
5 29
69 76
50 63
64 77
78 82
89 98
9 36
26 29
45 60
31 39
55 78
54 61
42 55
12 17
39 44
83 92
56 93
59 90
32 43
63 71
22 44
19 28
68 76
13 20
25 38
4 9
73 91
69 76
64 87
62 68
58 93
28 44
5 28
20 39
58 72
52 59
62 67
66 69
47 51
88 95
50 69
70 75
75 83
36 50
60 73
34 54
86 100
74 77
48 64
57 60
69 73
28 52
73 81
18 39
88 95
62 94
60 65
71 78
75 79
29 44
45 71
58 65
14 21
65 83
31 52
44 47
7 16
10 23
72 78
5 15
5 13
12 17
60 71
67 77
8 14
32 42
58 81
71 72
14 41
77 88
10 24
14 21
90 96
50 72
30 35
54 57
46 52
4 12
29 54
86 95
56 69
37 55
80 96
54 69
21 32
47 52
71 77
21 24
8 14
96 100
43 90
23 26
90 92
84 96
36 58
43 70
18 23
29 50
72 81
58 71
65 80
79 90
66 68
51 58
4 12
94 99
45 65
31 34
27 47
64 67
28 36
58 71
2 8
81 99
74 89
6 8
35 45
86 97
2 12
65 81
5 7
74 92
58 65
63 71
35 44
12 29
48 63
27 39
86 94
47 58
2 24
72 81
10 18
70 78
16 22
68 74
75 78
70 80
23 27
34 56
13 24
78 95
28 47
34 39
25 38
31 52
69 88
88 97
43 55
62 68
73 81
31 45
4 100
6 11
49 55
85 88
30 37
46 52
32 35
61 69
76 86
56 58
54 58
67 77
80 85
29 44
24 26
31 33
88 98
26 35
60 75
76 88
9 19
66 73
76 81
5 23
84 90
33 49
44 46
29 48
71 82
17 23
89 98
1 17
12 19
13 26
36 57
47 60
15 22
41 49
44 51
67 72
16 23
88 96
30 48
65 93
32 61
28 33
2 6
90 100
75 83
40 48
10 22
58 65
16 23
92 99
44 61
12 14
59 77
66 74
26 43
33 41
55 59
71 76
26 38
30 40
13 21
25 34
17 26
24 25
22 35
58 74
71 91
34 42
19 29
51 62
52 79
34 56
11 23
5 10
77 91
5 6
44 47
86 99
64 69
70 86
7 14
78 89
47 51
73 78
19 21
72 76
30 33
74 91
32 41
57 68
23 30
2 17
62 77
19 65
36 54
15 22
45 49
62 71
10 31
85 99
69 90
82 87
47 61
20 36
35 43
20 29
33 43
9 15
2 7
25 37
49 59
55 58
21 33
23 63
34 40
72 78
60 80
30 37
60 67
18 19
66 82
73 81
29 33
48 66
93 98
32 46
73 78
88 97
73 82
68 91
39 42
31 38
66 72
33 47
39 45
16 20
41 73
30 64
2 10
47 54
7 21
65 78
33 36
59 93
6 14
59 67
85 98
25 29
33 47
53 57
42 49
55 60
63 79
35 69
47 65
51 66
6 15
20 28
86 94
32 40
44 46
72 85
24 31
25 44
68 72
33 40
15 19
93 98
41 53
6 15
21 29
26 32
98 100
81 98
11 20
68 88
81 95
12 41
52 60
55 62
12 24
5 23
71 81
47 51
28 35
25 41
5 20
34 45
17 21
49 54
3 7
74 86
61 68
26 92
15 29
16 19
60 74
27 37
2 27
22 27
32 50
39 55
44 49
47 60
68 80
66 78
24 30
56 59
19 33
46 53
11 17
80 90
20 54
72 79
32 39
89 96
24 27
92 100
62 76
23 42
44 53
36 45
76 79
93 97
19 26
31 39
25 36
59 67
85 98
71 100
59 74
49 59
27 36
57 65
12 16
25 53
78 88
64 73
9 23
67 74
76 91
79 87
86 89
64 74
45 71
28 31
83 89
7 14
58 63
21 34
58 82
75 84
62 71
87 97
67 92
42 46
72 81
7 24
69 73
23 47
69 77
34 39
70 77
90 91
17 40
75 83
71 88
58 80
44 56
39 65
38 42
54 61
37 41
46 62
8 30
70 84
71 81
3 16
66 84
37 53
73 78
50 71
74 83
81 98
54 59
33 55
9 14
53 58
82 90
63 68
29 46
79 91
62 68
13 19
71 80
73 80
54 58
26 36
5 10
57 63
60 74
73 100
72 74
25 46
41 55
89 97
6 56
60 70
22 25
76 87
24 40
76 79
1 8
47 56
45 49
20 23
17 27
54 60
74 87
84 100
92 96
27 30
11 18
65 85
13 26
58 80
44 49
36 45
11 22
19 41
72 80
25 31
47 53
32 44
93 98
15 33
19 31
23 33
4 21
39 44
78 85
68 81
33 41
44 68
11 17
76 84
21 28
74 80
77 87
60 67
45 66
14 21
26 32
33 40
30 35
32 35
94 100
73 79
74 84
25 35
86 96
25 42
36 42
62 75
44 48
62 75
73 80
23 26
50 84
76 82
75 80
26 37
25 36
90 98
64 67
46 56
34 52
12 20
43 58
75 81
16 21
63 77
59 69
35 46
47 52
74 81
50 60
11 15
38 54
61 66
54 66
24 26
74 87
77 87
43 49
76 85
61 69
82 83
85 94
19 26
10 15
36 45
49 59
36 44
36 47
50 70
40 45
72 78
68 76
81 90
66 82
24 29
74 79
69 77
35 44
30 35
55 73
63 74
78 92
27 31
94 100
57 67
22 35
87 99
91 97
6 9
72 76
71 76
46 58
49 56
87 93
76 88
74 84
66 86
58 74
46 58
7 19
23 27
3 8
1 9
83 97
21 33
92 94
45 73
40 67
88 92
17 26
53 78
58 68
3 4
8 16
11 19
21 28
13 20
32 43
35 47
43 60
29 36
55 66
21 27
81 84
60 71
31 58
61 70
37 42
31 36
34 39
52 58
84 93
73 83
83 90
63 72
30 44
61 70
44 50
27 35
70 90
33 53
86 96
25 27
42 44
20 31
41 57
38 49
76 82
65 77
24 31
62 80
58 64
3 15
31 53
74 83
25 31
24 26
56 87
25 31
72 89
16 29
77 92
48 70
58 73
74 80
72 82
66 71
86 94
53 65
36 49
16 22
59 61
33 41
97 100
66 77
38 47
14 34
12 17
50 60
30 64
43 62
9 22
26 39
38 44
51 64
72 78
47 54
27 37
16 24
86 96
55 66
4 8
54 66
68 74
42 62
30 66
50 83
46 63
92 96
19 29
34 61
13 26
63 71
68 77
68 82
53 71
36 60
58 62
1 6
67 70
14 29
14 31
86 97
50 61
28 57
80 85
23 37
32 40
85 91
52 73
71 85
45 57
63 74
3 15
39 50
60 86
61 68
73 78
23 48
66 71
24 31
26 41
27 42
75 83
46 70
65 72
62 98
86 90
17 27
39 44
31 34
10 17
17 29
26 32
15 32
37 50
27 36
8 11
76 81
12 28
21 29
83 87
10 27
16 20
32 42
47 67
59 66
75 85
10 19
79 81
70 89
55 58
64 67
27 53
60 75
7 15
13 25
38 45
66 69
40 46
59 77
74 85
75 83
38 44
89 99
2 7
16 26
74 83
85 92
59 67
42 51
38 47
88 94
79 82
19 24
46 49
14 29
30 46
13 29
41 46
55 59
48 52
85 96
8 29
46 49
47 54
81 92
40 46
68 79
24 30
86 89
47 68
86 97
54 77
74 79
59 66
19 27
8 14
66 72
23 34
36 37
2 8
8 11
68 76
52 65
47 72
82 98
38 47
74 81
22 32
19 23
21 38
71 80
72 78
40 47
7 18
9 15
67 71
57 65
82 88
29 40
55 62
5 13
85 89
15 24
43 58
2 20
21 29
47 54
53 59
2 10
58 60
37 54
50 68
37 58
14 30
60 65
50 64
17 28
65 79
12 36
20 42
55 77
64 79
62 67
5 19
70 78
73 81
44 52
47 58
3 22
41 54
3 12
80 86
50 72
74 80
8 12
60 78
93 96
11 27
29 39
25 43
12 18
66 80
35 47
55 72
1 8
73 80
54 74
40 69
68 97
37 44
33 73
60 78
38 49
55 62
79 82
67 85
17 24
60 65
56 74
73 80
4 13
81 98
42 48
46 50
51 64
20 32
74 84
90 94
10 21
39 42
87 95
4 6
68 77
1 8
31 35
38 41
7 11
66 80
71 75
54 61
7 24
84 89
66 84
36 49
42 54
4 44
19 40
54 59
19 48
53 90
68 74
10 14
89 98
92 96
92 100
6 11
84 91
62 70
50 62
24 30
2 18
7 13
67 77
42 46
37 51
49 67
68 81
54 63
88 97
61 68
80 94
37 48
79 85
26 30
17 22
78 89
14 41
58 70
58 64
55 65
74 76
40 50
77 87
65 74
56 68
45 71
14 25
25 37
6 20
5 18
84 97
33 39
62 70
62 65
65 76
41 45
83 94
51 59
4 9
23 25
80 90
22 29
18 29
37 44
76 79
6 10
78 81
9 16
26 31
92 96
38 53
65 76
94 98
22 33
21 39
31 43
39 55
11 16
34 43
81 87
36 45
56 57
31 46
36 40
89 94
67 69
15 26
46 67
47 62
29 42
11 21
12 35
86 95
29 49
31 45
48 55
89 96
64 73
4 16
46 57
43 49
29 36
3 8
58 64
40 49
8 29
3 56
72 91
25 28
42 48
53 65
79 100
60 69
86 89
1 5
79 88
37 49
14 24
51 61
51 71
27 36
68 80
2 12
12 29
59 74
78 96
73 80
54 82
44 46
66 75
57 75
26 37
6 11
56 76
18 20
58 88
19 26
6 9
50 65
19 23
90 97
12 20
58 63
60 66
20 39
30 37
5 13
36 51
59 70
67 87
67 82
62 73
21 30
64 73
60 73
35 41
79 83
39 47
28 31
48 59
59 63
22 29
88 97
38 43
26 41
6 24
64 72
84 88
60 66
7 15
89 95
56 67
10 20
52 66
6 17
73 95
8 14
15 20
78 79
39 50
24 32
24 40
46 61
75 79
61 70
20 26
8 15
55 71
73 81
77 85
33 42
45 46
92 98
28 39
14 30
64 76
2 8
85 95
31 42
6 13
72 79
67 73
53 58
36 46
10 21
95 98
44 47
66 72
27 42
55 63
13 35
44 75
47 52
24 33
30 50
40 53
79 97
28 35
44 58
74 86
19 34
17 25
89 95
83 90
85 88
3 13
39 43
79 89
29 39
44 57
85 92
5 14
97 99
52 56
51 59
77 89
39 48
30 33
37 42
12 30
2 13
6 20
5 12
80 92
23 39
68 82
3 16
74 86
59 72
11 17
49 60
43 50
53 63
94 99
20 33
34 44
47 64
52 61
38 51
65 77
42 56
51 62
41 47
8 16
51 61
48 58
87 89
4 11
74 81
34 38
71 82
69 77
25 50
62 68
13 30
88 91
54 59
55 59
6 12
70 72
85 93
90 93
61 81
11 28
47 59
78 87
80 85
31 34
84 95
66 71
61 71
46 59
47 56
35 66
57 64
58 89
18 28
31 41
91 94
15 21
50 85
9 28
23 27
15 27
45 83
21 26
1 23
22 34
34 57
88 93
46 47
47 56
16 28
18 26
23 34
9 29
3 20
53 56
20 39
71 82
41 53
66 80
32 44
51 76
40 52
20 62
39 44
51 60
25 36
53 61
63 74
87 93
24 28
48 60
33 49
18 24
41 58
45 52
88 95
31 49
5 10
83 97
74 88
73 96
3 12
85 95
27 44
84 99
3 11
49 68
38 43
82 98
19 27
71 82
10 15
66 69
13 29
64 88
35 42
75 77
31 50
55 59
3 6
80 95
21 36
84 93
59 81
65 84
40 46
73 79
74 99
21 46
29 35
67 82
44 59
85 97
1 20
82 87
93 99
43 55
48 54
31 45
46 55
4 30
53 70
89 97
50 53
52 57
11 15
9 21
36 40
26 30
18 22
60 81
46 54
36 46
64 68
11 21
77 91
32 37
69 83
59 67
41 54
50 57
14 27
74 91
16 22
75 100
25 32
21 35
87 91
10 18
14 17
13 22
27 33
92 98
41 45
9 40
86 98
8 16
69 70
16 29
84 98
56 63
10 20
22 45
14 19
84 95
62 69
64 73
47 59
17 42
14 20
88 98
25 31
10 20
25 35
77 83
39 58
14 30
38 47
46 55
71 88
51 56
1 21
40 50
71 77
36 65
31 47
25 32
13 72
66 77
65 83
85 89
50 60
68 82
62 66
56 63
12 19
22 31
16 20
92 100
29 93
89 98
74 90
75 90
7 14
51 58
60 64
81 87
47 49
82 87
58 65
8 20
13 25
13 29
36 52
57 73
5 12
20 43
79 82
41 55
65 75
74 83
8 12
69 79
19 40
33 55
63 71
38 46
31 46
26 47
28 43
72 93
90 95
20 34
37 41
24 31
28 51
3 10
71 83
73 80
70 92
13 16
34 39
18 51
55 93
64 67
24 33
29 38
23 47
70 75
14 17
29 38
16 33
27 33
47 52
65 95
89 95
24 35
72 79
68 85
61 73
3 7
78 82
58 68
69 86
37 49
50 58
87 93
33 44
16 26
94 99
56 71
26 30
85 93
68 79
19 25
28 35
1 4
94 99
69 71
8 18
2 5
39 59
68 70
21 39
54 59
46 55
2 10
8 20
29 44
2 8
8 22
8 49
23 31
1 32
11 59
92 100
13 19
56 62
30 37
83 96
50 56
67 88
15 31
10 13
79 91
37 63
55 74
16 22
65 73
10 36
40 53
38 52
37 42
38 40
53 64
28 43
49 71
11 14
18 23
22 48
73 80
31 40
16 32
27 34
37 44
41 58
39 48
88 94
48 51
82 86
71 80
58 70
78 86
87 91
82 91
50 75
28 76
31 45
31 40
64 68
54 57
10 23
59 65
89 91
4 18
79 98
39 42
37 39
49 60
60 77
27 48
22 29
61 73
66 89
47 74
14 19
72 74
86 95
87 100
35 58
18 34
69 96
58 62
4 11
56 65
47 49
87 92
90 100
18 25
12 27
82 86
12 42
92 100
17 21
32 48
27 40
65 87
81 89
53 63
50 92
7 41
22 29
61 64
3 7
4 5
50 56
82 92
62 76
82 91
4 9
66 76
34 41
89 98
76 84
49 65
10 17
55 58
5 24
86 96
67 69
49 53
82 85
70 84
4 16
45 57
80 86
32 36
76 79
65 71
29 42
55 65
26 38
53 65
55 79
72 80
60 75
82 88
5 31
16 24
80 83
60 81
67 69
36 47
91 94
49 65
67 70
34 70
52 56
22 26
88 93
92 98
63 80
38 57
21 31
89 90
74 82
5 10
46 50
68 77
27 49
35 47
58 71
50 59
14 18
8 20
70 75
82 90
71 75
14 28
62 64
84 95
8 15
32 35
95 100
54 65
35 45
83 85
59 76
7 15
24 36
17 26
77 81
37 47
21 27
48 50
14 26
44 51
57 69
32 59
59 68
91 99
77 80
73 89
1 12
38 44
33 36
48 64
87 91
16 27
87 91
53 63
60 77
28 45
27 35
47 56
70 83
20 23
62 70
52 56
21 32
59 61
81 96
39 61
77 86
80 86
40 49
26 32
24 45
84 97
6 25
70 88
9 15
61 66
60 77
42 48
14 33
51 59
37 46
79 88
51 73
9 34
45 54
57 77
78 88
94 99
66 78
14 29
79 81
65 81
27 35
34 44
8 13
84 93
45 63
67 74
18 20
22 51
74 83
2 12
13 32
10 25
26 35
33 55
74 86
56 84
82 88
88 92
2 11
7 14
18 25
28 37
80 86
51 60
70 76
58 65
85 97
85 89
19 40
34 40
50 57
35 42
65 100
86 94
65 68
49 64
36 43
49 61
5 28
55 64
67 79
6 52
95 100
29 38
20 31
37 42
43 52
43 47
11 62
55 62
68 75
20 38
42 48
50 94
35 42
29 34
48 62
29 35
77 89
21 31
87 95
29 38
41 56
79 84
78 93
2 8
42 54
83 92
42 55
47 61
36 49
49 66
55 77
87 93
70 76
53 62
88 91
24 43
90 96
17 27
24 52
28 43
75 77
33 39
15 17
46 51
26 38
23 25
34 38
80 97
29 60
73 78
23 30
10 16
14 32
37 56
13 21
68 73
50 70
52 74
25 42
27 30
34 38
89 93
54 66
74 86
63 66
76 85
42 49
1 13
1 28
77 84
27 32
38 42
67 94
56 69
56 71
93 95
6 15
25 29
25 35
38 44
38 52
78 94
7 31
56 71
24 28
56 62
82 89
85 96
23 29
14 23
73 81
27 31
51 56
60 80
57 60
18 20
32 47
12 23
79 99
39 54
59 63
38 44
63 79
89 95
13 22
86 97
19 47
9 11
78 87
53 84
87 98
