100 20 20 12
00000000000000000000
00000000000000000000
00000000000000000000
00000000000000000111
00001100000000111000
00000000000111000000
00000000011000000000
00000000000000000000
00000000000000011000
00000000011111100000
00011111100000000000
00000000000000000000
00000000000000000000
00000000000000000000
00011111100000110000
00000000011100000000
11100000000000000000
00000000000000000000
00000000000000000000
0010000100000000000
0010000100000000000
0010000100000000000
0000000000100000000
0000000000100000100
0000010000100100000
0000010000100000000
0000010000000000000
0010010000000000000
0010010000000010100
0010010010010000100
0000000010010000100
0000000010010000000
0000000010000000000
0010000010000000000
0000000010000001000
0000000010000001000
0000000010000001000
0000000010000001000
0000000010000001000
3733
32 37
66 77
71 82
18 37
1 4
80 85
61 68
20 24
29 51
32 40
23 33
45 51
69 81
52 55
82 92
37 56
20 23
28 33
38 50
31 48
86 92
77 88
53 60
30 66
51 56
60 68
89 95
26 56
45 69
53 59
15 28
29 36
73 88
38 52
21 25
61 67
64 79
45 74
72 83
59 69
4 8
52 65
67 70
16 43
65 74
30 37
38 47
28 41
65 92
79 87
19 28
58 71
25 32
17 49
78 87
20 40
71 77
4 19
57 72
6 14
17 26
88 94
80 82
56 58
12 26
82 89
78 87
61 70
60 74
75 93
85 94
90 100
56 59
68 82
74 80
74 79
80 84
37 41
19 24
44 56
70 80
14 19
23 30
38 67
68 81
69 72
50 57
3 10
36 39
36 79
56 61
61 72
34 43
21 24
14 19
48 52
58 62
90 95
52 65
24 42
45 54
6 11
44 62
39 47
48 59
42 61
22 31
9 11
3 8
67 84
46 49
37 39
75 90
39 44
2 7
27 35
64 76
16 42
40 44
93 97
13 19
85 86
29 37
34 62
89 92
77 84
36 67
64 72
16 20
21 30
41 55
47 52
48 65
16 42
92 99
15 23
84 91
31 50
72 77
63 76
36 40
30 34
51 61
25 70
34 38
34 43
63 74
52 55
11 17
54 100
16 25
90 92
23 29
48 76
10 22
33 41
76 94
9 25
39 40
74 84
44 53
54 64
68 76
19 27
10 21
34 44
73 83
19 33
80 85
56 59
52 67
50 57
27 30
71 88
71 83
69 81
37 52
5 14
58 62
14 33
28 35
74 89
3 5
82 95
58 72
65 74
24 37
59 75
9 20
87 91
33 44
4 15
84 93
52 64
87 99
42 48
81 89
92 100
48 63
72 83
4 20
41 59
76 95
43 46
54 59
56 65
61 76
92 99
6 9
32 43
62 72
36 49
32 39
24 39
4 7
16 23
51 60
11 29
76 80
19 45
55 69
73 87
45 57
77 81
6 16
35 38
33 49
27 45
68 74
62 87
76 89
52 75
82 85
14 36
19 29
12 36
84 95
54 61
49 63
6 57
32 43
71 76
11 40
77 87
65 71
61 64
33 42
6 14
25 39
70 79
15 23
43 53
50 57
11 21
3 9
49 64
52 74
96 100
39 56
25 31
38 44
45 51
53 61
12 15
56 62
84 87
8 15
3 20
48 56
11 22
36 48
36 40
19 36
36 44
3 20
51 57
9 20
52 57
9 29
2 45
1 16
89 96
2 18
70 80
45 51
16 25
19 43
36 42
86 88
23 60
67 70
67 69
9 21
44 80
69 74
24 45
26 36
56 61
27 32
92 93
45 68
91 97
57 74
17 23
88 91
84 95
79 86
52 60
55 66
77 87
22 31
24 28
85 95
40 53
44 51
67 82
33 46
89 99
38 44
4 7
40 43
48 58
24 47
60 82
81 90
44 56
35 66
77 80
49 58
16 21
50 55
57 63
63 74
62 71
74 80
48 59
91 99
72 78
6 11
64 76
56 65
25 31
48 57
32 41
41 52
13 24
33 45
52 80
44 49
29 37
50 53
22 29
87 92
32 35
71 83
69 87
48 53
39 59
39 47
16 23
20 26
16 23
11 17
27 32
48 51
79 88
70 78
36 42
13 20
29 44
6 36
85 93
56 63
43 60
52 96
32 39
21 32
75 87
48 59
18 27
72 85
50 55
82 88
35 43
79 82
52 58
91 99
88 99
20 32
62 75
76 86
21 59
6 19
17 20
71 82
78 83
16 32
28 35
6 12
23 32
47 66
8 17
35 38
32 48
86 91
69 76
45 54
58 69
16 37
8 26
15 27
80 82
28 44
77 86
47 54
94 99
25 30
7 13
33 37
56 61
80 88
53 60
74 85
67 72
41 49
38 47
80 83
71 80
49 75
15 33
53 62
50 64
47 89
78 83
13 30
67 86
55 59
55 64
80 90
41 45
41 47
9 24
80 85
43 52
55 65
37 43
33 39
56 63
37 45
88 99
49 57
4 10
50 60
54 59
58 67
74 86
19 48
71 91
52 65
51 58
37 51
64 75
43 77
71 83
77 92
18 23
26 37
78 80
33 44
53 60
19 44
53 79
67 73
42 66
60 66
42 56
33 60
78 86
23 29
23 35
59 68
63 69
69 76
18 32
58 66
60 81
58 75
13 19
15 54
61 67
67 72
58 63
18 20
20 37
47 60
35 43
6 14
89 94
15 19
38 48
12 34
56 60
74 96
1 4
17 30
13 34
80 91
62 70
62 75
55 86
27 40
14 20
36 46
77 89
14 22
5 11
71 87
16 24
61 76
58 61
61 74
52 58
80 99
26 36
55 67
77 82
1 15
31 38
24 28
28 30
32 42
73 78
9 14
78 81
40 58
63 81
40 70
42 66
73 90
92 94
74 79
65 77
31 40
63 72
49 61
54 65
88 94
58 62
46 49
6 30
90 98
48 54
72 80
88 95
62 66
39 54
45 82
74 76
15 24
56 65
78 84
3 7
87 95
59 69
86 90
10 23
8 29
47 78
38 56
49 66
5 18
15 26
42 72
4 22
21 36
45 56
22 27
12 23
76 80
30 40
63 68
90 94
10 20
71 80
11 44
20 46
57 61
19 30
13 23
10 18
65 71
62 78
71 93
47 52
10 35
72 81
14 15
75 79
53 57
45 52
41 81
73 91
50 70
70 72
37 40
26 33
57 60
15 23
71 86
13 18
21 31
59 63
30 68
62 69
8 12
80 89
38 42
77 87
66 90
69 85
64 86
41 49
74 81
16 33
90 95
11 18
11 19
45 62
67 73
88 93
20 27
14 29
57 66
17 36
53 63
97 100
95 100
23 33
49 53
80 84
70 78
51 66
68 90
57 67
21 36
79 99
34 38
48 54
71 76
35 73
62 76
12 15
89 96
20 22
79 84
72 93
89 94
49 61
34 45
69 78
11 49
12 22
11 21
71 81
72 83
41 47
72 80
91 97
41 45
53 61
32 36
23 30
56 75
43 61
59 74
17 25
83 98
35 42
81 86
49 56
37 41
46 48
54 67
24 41
22 28
73 83
71 94
22 28
53 64
64 66
29 43
21 27
33 39
35 57
65 76
80 90
34 39
11 20
78 86
13 32
61 70
37 63
89 91
43 60
37 47
33 40
55 59
31 34
90 99
84 93
83 94
25 30
63 66
57 64
68 73
39 55
3 9
63 91
20 34
58 68
51 59
21 23
82 84
4 27
95 99
46 49
78 80
45 66
68 97
82 92
58 68
23 30
37 53
83 86
83 100
86 90
38 43
20 32
82 97
5 27
47 54
33 40
24 37
10 17
79 86
68 74
24 29
57 63
64 69
62 73
31 37
46 56
42 52
13 21
77 81
78 80
9 24
94 100
80 96
78 83
4 13
5 14
30 34
77 85
81 97
86 98
11 22
76 91
70 83
73 77
58 70
31 45
80 97
41 47
6 19
27 36
47 56
33 44
40 57
23 27
24 32
85 87
57 72
17 24
77 83
14 23
80 89
89 94
25 32
36 44
21 31
37 46
67 70
76 98
55 78
9 15
46 55
85 95
1 4
85 92
18 30
15 23
81 89
3 22
67 78
12 19
73 94
55 59
94 100
5 32
32 48
13 33
4 12
21 31
67 71
58 82
81 94
21 30
17 19
85 87
79 94
32 41
67 87
64 76
59 68
13 19
7 21
17 52
64 79
79 85
32 40
47 63
60 72
47 53
12 21
80 88
59 78
72 83
49 85
34 55
4 13
34 63
38 50
53 64
22 25
12 19
32 47
66 72
65 75
10 23
23 30
80 93
19 29
77 90
90 92
15 49
93 99
16 25
62 79
50 58
8 35
5 13
62 74
56 64
75 82
49 60
93 99
34 38
39 61
82 91
10 26
41 47
26 31
52 67
48 52
61 69
47 51
60 71
59 69
75 88
67 75
20 25
40 44
79 99
10 15
96 98
77 80
80 98
13 15
39 48
7 21
15 17
55 65
20 30
89 95
75 86
63 74
15 20
38 47
35 47
36 40
39 44
12 54
50 61
25 29
55 60
60 74
30 55
39 45
21 32
56 62
47 54
26 50
25 28
12 17
58 64
1 19
42 73
32 35
39 51
41 53
38 52
13 22
89 99
57 63
74 80
47 69
76 93
29 32
25 52
2 12
29 35
51 58
19 31
85 91
37 61
60 80
5 14
65 71
78 84
19 29
18 29
52 70
82 99
40 49
72 83
40 54
61 72
72 77
75 87
82 87
94 100
31 53
94 99
33 43
8 33
37 46
29 42
88 97
42 62
31 37
37 43
11 15
96 99
68 79
46 54
68 79
68 71
80 91
69 87
36 43
26 35
73 80
20 26
36 50
79 88
51 64
18 26
81 95
22 36
8 18
26 45
34 38
20 33
35 39
1 19
69 71
81 98
53 64
8 35
36 44
5 14
80 90
75 77
78 95
35 38
11 25
4 29
13 23
21 28
56 61
24 28
14 27
52 53
24 31
23 34
23 27
12 36
13 24
76 78
23 41
43 49
79 84
11 15
6 21
32 38
28 35
74 84
38 44
52 73
29 36
61 69
19 30
83 99
41 44
28 30
53 69
57 63
46 51
47 54
50 62
22 35
51 62
60 66
34 72
39 55
21 25
77 83
57 68
54 62
11 21
94 98
59 63
21 29
24 31
40 49
5 69
31 44
29 42
40 50
58 81
55 59
26 34
81 87
24 27
81 90
19 33
55 74
76 89
2 14
5 9
1 15
58 62
19 31
68 74
27 28
35 48
77 86
54 83
52 63
13 18
23 38
20 34
41 51
90 96
55 62
21 25
9 34
80 90
33 37
79 84
38 42
63 80
43 50
24 34
76 81
41 57
6 20
84 93
72 91
3 12
17 37
72 84
46 52
8 14
44 51
27 41
68 89
7 21
7 19
62 82
53 67
46 57
7 14
42 46
11 27
42 83
56 91
79 89
9 13
93 97
55 65
63 93
46 58
70 80
77 87
52 57
22 47
49 55
79 91
67 73
77 99
6 19
58 68
79 86
58 74
54 59
33 37
89 95
70 77
15 21
97 100
35 42
89 97
37 99
61 66
5 9
77 87
2 18
28 61
38 61
22 30
47 59
2 18
75 81
76 82
15 29
91 98
72 90
7 12
5 12
45 52
56 65
21 28
12 20
57 67
49 58
92 93
49 52
40 43
63 66
62 72
50 67
8 20
62 79
52 61
67 73
84 99
56 65
2 6
21 27
6 21
52 65
38 59
74 77
26 50
67 68
61 74
23 28
85 88
78 82
41 51
5 48
80 84
38 45
55 67
41 52
70 86
19 29
36 64
59 72
62 81
18 53
61 76
12 17
82 91
40 53
45 57
83 90
91 98
65 70
41 48
5 11
16 27
57 64
31 47
41 58
31 61
54 59
40 50
40 49
20 37
4 6
34 37
69 86
71 97
11 26
49 72
80 91
27 38
38 40
81 92
76 99
26 36
72 80
17 22
64 72
23 36
71 80
34 41
76 83
39 45
52 59
3 11
26 43
65 67
63 71
35 39
42 46
61 74
5 19
24 28
27 43
41 55
20 35
85 99
28 35
93 98
57 62
16 30
96 99
21 40
61 84
42 46
2 19
3 8
61 82
49 57
67 73
37 47
58 63
97 100
85 96
91 95
6 13
54 69
44 66
50 60
52 59
94 99
58 64
71 77
70 75
17 21
15 28
62 77
84 93
58 78
24 35
81 91
4 14
60 67
1 14
38 42
6 15
68 92
49 60
61 80
21 32
50 63
56 67
42 52
1 100
4 7
13 49
67 90
60 72
27 41
41 60
62 79
91 97
46 62
42 45
29 52
18 24
30 48
86 94
25 40
59 63
55 60
30 39
47 59
18 28
47 53
5 13
89 98
24 31
45 56
23 29
25 34
79 84
6 20
36 44
8 20
15 19
34 49
71 91
77 95
23 26
84 98
89 92
66 80
63 69
44 56
38 44
39 48
96 100
45 60
80 92
20 25
57 63
22 29
3 9
11 17
21 26
33 40
53 56
46 49
65 80
65 73
16 19
49 59
1 8
21 28
35 39
14 27
56 72
70 76
65 80
8 27
50 65
62 74
47 55
21 25
40 51
8 31
22 28
24 31
21 26
4 18
15 20
70 91
2 7
65 79
19 32
25 39
61 75
47 63
14 18
18 24
54 69
15 26
30 38
4 21
78 87
31 41
5 13
64 69
86 91
25 30
50 53
43 71
35 46
10 13
16 27
60 75
40 67
68 82
21 37
23 29
17 25
75 78
15 19
5 28
64 71
73 87
82 84
9 27
63 80
49 52
32 45
29 38
88 91
59 79
10 15
41 53
51 56
1 24
10 33
85 89
5 25
35 50
59 67
48 66
80 90
79 83
48 49
12 28
26 43
23 31
55 67
34 36
25 33
86 92
69 76
8 20
36 52
71 76
63 78
11 14
71 75
3 12
77 83
86 94
21 25
84 94
58 66
29 38
65 77
43 56
48 52
6 10
23 39
3 10
60 74
87 89
13 29
75 84
26 34
6 33
23 32
40 46
25 47
40 45
72 78
68 74
35 40
55 64
84 94
59 72
51 57
29 47
62 86
9 15
34 60
64 70
25 38
42 91
89 95
53 59
71 91
77 86
35 48
77 95
66 81
63 80
5 16
28 38
13 23
12 16
77 86
60 86
10 54
15 22
12 17
24 31
84 87
74 96
34 59
50 77
9 13
82 91
24 37
67 86
22 36
33 38
91 99
77 84
27 33
94 97
31 35
42 51
42 50
17 29
24 32
11 16
68 82
77 90
78 91
73 86
63 79
62 67
39 48
57 68
1 7
23 35
73 83
76 89
25 51
70 73
69 89
30 52
8 13
47 53
47 56
46 52
46 57
33 40
84 87
49 59
42 47
65 93
67 73
42 69
7 23
30 38
92 97
28 31
5 20
52 56
47 57
80 85
22 31
85 91
11 18
38 45
56 63
55 62
57 67
8 13
17 27
66 75
92 97
15 25
50 54
18 33
4 16
29 38
42 57
12 22
24 39
34 41
80 92
15 24
61 78
27 33
11 27
21 31
81 93
68 85
31 37
23 27
33 36
65 72
64 74
1 7
10 25
39 46
34 37
60 68
16 25
31 36
32 38
68 75
55 91
95 97
50 56
50 58
77 92
88 91
86 91
24 38
45 51
30 58
50 64
31 36
6 13
40 53
41 60
28 38
7 18
26 32
70 82
7 21
15 33
65 75
64 66
12 75
86 88
90 94
39 43
45 50
32 47
60 70
76 82
46 49
88 96
25 31
38 53
57 65
14 27
12 17
39 50
56 59
25 34
32 45
22 34
94 98
43 48
33 49
49 66
68 76
3 6
57 78
80 84
53 57
58 76
11 20
58 75
87 99
9 23
66 82
87 92
48 62
15 19
65 75
13 26
79 83
24 34
10 12
20 48
62 68
2 12
73 80
15 68
17 37
2 6
42 44
31 42
15 25
52 66
6 25
53 65
86 99
59 66
22 29
82 89
56 63
37 44
64 67
82 90
28 39
85 95
19 26
42 65
78 92
7 14
58 65
37 69
60 76
15 39
45 55
14 21
28 37
47 68
53 69
86 93
81 84
47 54
24 44
37 47
57 65
18 26
70 93
27 32
65 91
34 47
54 56
80 89
50 65
9 16
17 21
55 63
83 96
37 52
67 71
12 15
54 60
47 54
90 100
70 95
52 64
86 90
13 28
62 69
34 47
90 97
27 34
40 53
84 97
21 35
5 11
59 71
93 96
39 49
7 13
57 71
74 88
8 14
18 33
16 26
43 64
96 100
39 50
45 54
82 95
25 63
20 32
75 80
43 52
24 51
87 99
15 21
35 54
88 96
57 67
53 83
69 78
56 60
45 51
51 61
71 80
27 35
81 93
24 27
79 85
20 68
66 78
66 81
61 71
38 51
8 15
4 10
75 85
14 19
41 70
32 39
65 80
14 27
85 98
24 49
68 75
30 47
51 61
67 78
22 46
20 30
69 77
53 64
29 35
86 91
35 42
87 99
77 81
66 75
63 79
82 83
72 81
82 86
8 16
80 88
84 93
81 92
73 86
63 72
1 23
54 61
40 56
37 54
67 76
16 24
58 91
43 52
2 10
64 81
70 80
96 99
63 80
48 52
68 90
89 99
34 47
63 75
23 24
72 83
92 93
48 50
89 98
81 87
12 50
78 80
58 69
88 99
75 90
58 86
64 71
57 65
24 55
18 27
8 21
32 36
65 88
13 24
44 46
47 55
64 69
11 22
16 38
41 56
95 98
60 71
22 28
8 17
94 99
17 37
66 78
86 90
56 69
9 18
39 48
22 38
3 8
59 77
67 72
26 64
13 22
21 29
42 53
84 91
72 76
46 81
6 44
56 62
84 98
57 70
9 27
20 31
67 74
93 97
19 23
37 47
11 14
65 67
41 52
18 32
78 86
27 35
15 33
92 98
95 98
48 55
69 78
73 81
11 24
82 94
41 49
24 29
91 94
35 40
3 7
84 97
58 62
27 39
89 92
84 90
61 68
29 35
46 56
76 90
85 90
59 76
23 34
28 36
81 89
20 38
22 30
70 95
14 43
43 49
18 23
25 35
82 89
71 86
87 95
63 67
17 20
88 99
19 25
89 100
20 23
11 19
17 19
4 22
45 50
64 87
72 81
65 73
10 17
74 87
2 12
20 47
25 29
43 48
5 26
80 85
49 52
74 82
44 52
43 46
58 69
4 14
13 47
6 12
91 97
25 28
65 72
71 77
47 53
33 40
88 98
78 82
49 53
77 90
54 70
81 95
51 61
23 40
18 29
13 18
16 20
4 19
75 79
11 25
88 94
5 15
81 100
5 8
62 72
14 25
84 92
40 53
39 53
23 35
84 92
48 76
87 91
4 13
83 97
75 93
93 95
75 81
52 69
18 26
26 46
9 14
25 57
79 84
26 39
48 55
44 85
45 55
17 29
9 15
61 69
68 77
4 9
86 100
74 87
50 57
87 92
20 23
66 78
55 66
60 68
80 90
81 97
46 56
2 16
49 66
7 20
15 21
12 23
75 98
84 91
47 56
15 23
43 64
46 56
20 30
81 85
29 35
70 77
80 92
65 75
11 21
13 16
12 23
5 16
14 28
43 55
26 53
85 94
15 30
75 87
65 77
80 87
18 31
10 16
89 93
69 72
16 23
23 34
43 60
34 42
66 79
70 96
39 44
78 97
29 32
77 89
78 84
37 53
25 30
5 19
77 90
70 79
9 13
36 39
21 29
93 99
66 73
27 33
39 52
64 69
85 95
89 96
86 100
50 60
25 36
87 92
51 66
16 20
14 33
62 68
35 43
22 31
34 40
53 61
51 54
26 32
72 85
18 25
34 41
70 84
8 13
50 60
27 53
38 59
54 61
51 70
59 64
37 70
48 59
74 85
5 14
12 33
48 57
70 81
76 83
25 27
53 70
76 89
91 99
24 28
49 67
17 20
91 94
42 50
53 60
64 92
19 23
29 36
18 35
84 90
28 34
39 44
61 71
67 73
77 84
42 78
29 41
21 33
55 72
63 76
26 49
71 81
60 64
33 50
22 34
18 21
59 80
71 86
7 15
78 83
43 53
34 41
86 98
39 43
26 37
29 39
73 82
74 79
64 77
26 59
71 82
25 39
5 15
40 68
33 38
61 78
47 54
23 28
27 35
86 94
88 99
2 26
57 58
59 82
24 37
32 34
45 50
29 41
25 36
26 40
39 44
7 37
60 73
81 89
8 26
28 37
14 26
41 45
36 42
22 31
19 23
54 61
30 48
29 36
68 73
56 76
65 74
43 46
22 37
48 58
72 83
27 33
3 20
1 24
77 82
20 35
65 83
47 51
87 98
21 26
56 65
10 18
9 22
32 35
78 90
29 36
56 61
98 99
35 50
2 11
61 72
77 84
57 77
73 85
21 28
22 43
63 75
72 78
64 82
2 10
27 34
8 23
44 49
94 96
67 87
63 84
27 31
58 68
32 47
60 77
27 41
75 87
46 58
75 84
95 100
48 54
73 83
89 95
4 13
41 56
64 92
32 36
47 58
65 86
65 68
59 73
38 49
60 88
49 53
28 33
39 48
7 16
50 73
41 57
38 60
23 29
63 69
18 21
27 31
16 28
18 21
56 62
47 56
3 5
87 98
1 59
46 58
91 100
73 83
10 18
39 44
32 55
85 91
32 44
7 36
8 17
39 42
63 67
16 23
81 87
89 98
25 32
8 38
59 61
79 92
63 78
30 43
24 87
46 54
10 18
86 91
53 66
65 80
23 30
73 80
24 45
63 88
55 70
6 28
57 66
36 56
39 42
84 96
12 21
68 84
74 82
92 97
26 29
49 54
59 68
34 36
16 26
18 22
46 59
85 99
65 72
48 60
49 65
70 90
27 47
78 88
4 22
39 49
65 70
75 94
75 82
8 22
89 98
22 26
22 40
39 51
34 37
25 33
72 80
4 23
47 54
51 61
31 44
13 41
2 35
31 64
50 55
55 64
54 61
84 94
42 50
6 16
68 71
74 79
81 91
86 98
35 38
7 23
78 95
29 40
41 57
79 81
57 68
42 50
5 20
50 54
77 89
21 27
14 21
26 37
37 40
49 54
13 16
10 32
32 41
66 73
88 93
9 16
61 70
5 12
57 67
12 18
8 10
10 13
38 45
2 17
59 68
18 23
49 59
2 8
61 75
39 63
52 65
11 14
44 53
38 42
6 14
14 28
18 21
20 28
79 85
15 27
74 86
68 85
75 96
46 48
85 89
9 18
27 36
19 35
33 38
88 92
29 49
58 60
77 88
10 20
18 26
76 95
46 51
9 19
15 34
1 8
14 22
53 57
18 47
43 52
53 64
54 70
49 67
60 73
35 59
68 83
44 57
51 61
62 69
84 94
30 43
83 88
88 96
50 53
56 78
14 17
34 43
93 98
41 46
20 27
37 42
70 74
39 43
85 97
53 57
41 51
16 23
63 65
35 43
3 13
29 35
4 15
73 79
57 63
51 65
28 36
12 16
74 91
52 61
8 18
70 85
47 55
23 30
9 18
63 77
27 31
36 40
33 41
81 85
21 30
3 13
13 26
82 91
12 26
60 64
53 69
47 67
45 51
76 83
56 74
6 16
69 75
60 68
88 100
12 21
75 92
79 93
48 61
59 66
18 34
5 23
48 56
51 53
56 59
20 35
29 36
42 49
16 31
11 13
9 13
24 30
65 79
24 63
82 88
21 29
80 89
14 17
71 79
89 99
77 85
66 74
9 18
31 45
47 57
69 89
14 17
81 88
57 63
36 60
41 49
29 34
50 80
38 45
55 71
29 36
13 25
45 52
40 44
71 83
55 60
32 37
89 98
77 85
39 59
46 75
19 26
26 37
63 86
28 40
59 72
53 75
67 74
6 18
41 70
63 72
19 36
18 29
38 50
38 44
1 13
31 38
27 49
78 83
70 79
84 89
38 54
32 50
56 62
68 81
17 26
10 16
52 79
3 9
63 71
59 76
15 31
72 77
22 28
81 95
31 38
21 29
88 91
11 23
8 24
44 51
29 36
31 86
72 94
22 50
7 19
63 72
19 24
2 9
18 45
34 43
39 44
24 40
45 54
7 15
80 92
1 9
48 56
21 32
34 42
78 98
39 48
61 71
87 96
70 81
73 84
9 19
44 48
26 28
25 29
74 80
92 100
44 55
40 43
48 53
25 34
23 30
69 78
53 71
40 44
65 74
3 12
76 92
50 55
21 38
22 28
41 47
23 29
80 87
53 58
44 59
80 82
39 53
79 83
81 84
33 36
82 93
25 34
4 8
38 59
50 57
15 18
7 45
18 22
67 77
17 19
2 10
70 80
83 89
57 72
13 16
30 41
5 15
43 67
59 61
28 45
40 52
55 77
78 90
13 26
36 42
13 21
79 85
3 23
16 21
20 29
72 86
70 74
48 62
29 44
85 91
15 17
81 92
91 95
52 82
2 8
40 43
15 21
64 72
76 94
35 42
3 6
6 10
41 46
23 31
19 33
81 95
39 45
24 33
9 16
21 25
64 72
71 92
60 69
8 36
19 24
14 28
78 85
65 68
67 75
39 45
71 87
53 63
81 93
37 55
55 71
89 96
2 9
85 91
44 47
37 62
37 43
57 74
50 58
63 73
15 24
1 11
39 49
75 96
63 79
96 100
24 42
81 95
31 35
45 51
30 48
75 82
91 96
26 42
47 49
58 64
55 58
30 47
82 90
87 94
28 35
70 78
15 29
55 60
20 25
19 30
11 20
95 98
86 95
77 85
81 88
86 91
10 36
46 56
84 95
23 36
32 62
79 88
23 33
7 24
56 67
9 17
70 87
61 76
33 41
78 83
20 24
2 7
14 29
61 73
22 29
13 18
78 86
31 43
8 22
80 93
53 73
1 12
8 12
17 25
76 86
88 90
7 19
23 37
31 44
45 48
15 19
2 9
11 16
38 64
46 56
32 54
9 21
2 7
63 71
77 79
63 75
43 57
25 40
85 94
58 70
69 88
53 56
79 93
43 49
45 49
72 78
60 82
89 99
86 94
7 17
16 24
35 41
59 91
50 52
65 80
12 17
37 50
19 45
59 68
76 80
70 78
54 62
56 59
6 17
41 51
23 35
18 28
26 35
26 31
77 85
44 62
85 88
87 98
26 34
73 77
75 81
51 64
67 78
51 57
77 90
29 44
26 38
12 13
41 47
87 98
28 36
13 22
66 73
13 25
41 72
55 61
75 85
41 46
14 23
22 97
1 29
54 71
57 64
2 12
44 63
14 19
19 27
51 57
70 74
49 56
88 98
36 69
58 69
17 21
39 44
39 56
45 53
81 87
49 54
84 87
80 92
86 90
45 51
92 98
60 64
29 38
16 20
83 95
93 97
2 15
54 65
67 77
35 54
41 58
38 43
40 41
55 59
63 71
27 42
82 94
2 11
14 26
77 81
1 7
70 87
23 37
59 62
52 60
42 68
75 100
57 62
35 48
24 31
42 47
31 40
77 89
39 41
3 10
14 24
6 19
94 97
17 35
12 36
12 28
64 69
68 78
34 41
48 64
49 64
12 47
55 64
23 61
68 78
82 92
55 63
72 84
78 84
48 58
37 45
19 24
72 79
65 83
52 72
20 26
13 22
87 96
37 49
55 70
6 15
80 83
39 56
28 33
16 28
27 38
36 49
50 62
81 87
15 22
37 52
12 15
5 7
11 14
59 69
28 54
10 22
3 16
17 25
30 33
91 100
11 16
26 35
17 34
25 29
45 61
78 92
51 69
51 52
11 33
80 87
63 70
2 15
52 58
13 21
88 92
5 11
39 51
17 35
28 38
68 92
10 18
20 27
58 67
10 23
22 31
66 74
56 61
45 58
52 71
19 36
70 80
78 86
73 79
2 18
76 79
40 45
28 34
20 71
54 65
57 70
62 65
28 38
33 43
56 63
68 73
68 75
81 87
13 22
50 65
66 70
18 35
31 43
64 78
9 25
9 18
36 45
3 7
13 23
37 45
63 83
33 40
38 58
55 62
13 22
75 83
20 31
35 43
82 92
10 16
20 41
63 69
30 38
17 24
70 74
25 31
30 77
54 58
67 74
23 43
9 18
45 52
2 8
40 58
64 78
46 59
53 57
32 37
17 31
56 62
33 58
62 68
16 21
70 76
43 70
11 32
85 96
3 18
74 87
35 45
63 68
24 42
65 69
3 16
62 78
5 33
10 21
47 54
21 41
68 71
17 30
59 79
85 89
37 41
21 85
76 79
83 87
57 66
62 70
93 100
35 57
45 66
72 84
61 96
13 25
79 82
35 74
21 31
79 92
65 72
34 61
35 50
4 16
54 72
88 98
16 21
58 84
14 24
28 38
36 42
50 57
18 41
26 34
77 87
16 24
24 37
55 66
57 64
61 73
2 16
83 89
65 86
39 55
50 64
24 35
37 41
58 69
27 43
20 26
57 91
28 37
20 32
20 31
50 65
68 83
85 89
41 48
14 20
57 64
66 81
4 14
23 35
37 40
24 36
79 99
83 95
66 77
91 94
84 85
21 42
87 94
35 46
9 16
5 11
61 87
62 71
5 37
62 66
80 90
27 36
51 59
50 52
8 21
67 91
5 12
56 67
43 50
42 49
32 46
55 65
10 18
61 73
10 16
66 73
28 35
26 36
54 60
78 83
70 75
59 68
3 7
92 97
38 42
25 28
10 17
36 41
4 9
55 73
44 52
20 25
14 18
25 32
44 55
36 82
50 63
65 78
7 10
49 54
56 70
33 45
28 35
92 96
29 38
38 49
83 95
14 31
6 52
81 85
64 76
82 95
39 56
60 78
47 56
13 32
42 58
23 53
78 97
2 11
38 44
22 44
53 63
37 58
55 59
75 83
77 86
88 96
37 53
32 41
50 61
87 98
16 34
69 89
57 71
78 82
39 63
56 73
26 32
13 20
42 45
33 36
4 26
37 53
67 73
24 32
69 91
8 28
5 15
86 96
21 24
50 52
21 25
81 87
6 18
3 19
62 67
55 65
54 61
50 65
92 95
63 67
73 89
15 29
23 31
78 86
25 28
13 34
33 38
84 88
76 85
19 39
19 23
61 70
86 97
62 68
76 82
83 90
38 53
35 45
47 66
87 98
12 16
28 31
35 40
4 10
75 77
72 82
5 13
65 70
75 78
26 36
47 52
63 67
89 96
82 90
53 58
34 42
24 31
8 17
33 54
53 58
21 26
44 57
57 68
80 85
46 51
80 93
5 11
41 47
62 82
69 78
39 48
33 50
82 89
2 8
49 57
31 42
1 9
26 32
12 29
89 97
15 30
72 89
93 96
16 26
53 72
89 93
46 70
62 67
31 47
71 82
16 39
58 63
64 79
23 56
57 72
40 50
52 66
27 67
45 60
78 90
27 37
5 13
32 38
52 54
55 74
53 65
79 86
38 44
69 81
16 21
5 21
46 56
89 98
14 23
95 98
57 73
65 70
39 49
86 100
32 51
92 97
8 22
62 74
87 100
14 21
20 54
65 84
21 27
35 42
1 7
71 86
55 75
47 51
22 25
61 74
14 21
7 8
80 88
29 32
55 60
75 76
7 18
84 95
47 51
16 29
39 51
20 35
29 39
43 62
81 89
90 94
52 65
11 21
82 93
70 81
67 71
7 18
36 54
28 38
52 63
77 92
26 35
8 18
20 31
73 80
79 91
79 86
16 25
13 26
64 76
18 28
80 92
52 54
20 28
36 46
31 35
35 46
30 46
84 93
76 80
2 18
52 73
24 31
34 43
29 34
17 26
73 80
45 56
23 34
32 35
15 32
70 81
40 58
7 12
53 61
9 12
62 80
18 26
36 46
46 61
26 53
63 79
53 80
65 71
71 84
71 90
16 27
56 57
1 11
41 50
58 65
73 80
32 42
86 92
3 9
82 93
11 24
2 9
36 42
42 48
91 96
54 59
37 46
52 58
73 83
54 58
30 36
4 5
30 57
30 36
60 71
56 64
66 85
18 28
68 80
44 60
29 34
69 72
78 89
48 57
23 39
29 41
14 29
93 98
38 44
98 100
18 25
51 66
69 79
34 59
35 45
14 22
51 60
90 98
65 81
84 98
10 18
8 26
91 97
62 80
74 80
24 31
56 64
75 79
15 41
39 49
66 71
42 70
80 96
13 40
77 80
51 69
44 53
74 82
88 96
52 64
49 53
42 50
51 69
74 79
20 29
50 61
35 45
19 27
33 47
23 25
61 74
11 18
7 33
78 79
28 34
77 94
23 32
54 59
88 92
7 12
33 39
66 81
74 90
16 21
73 88
31 37
9 13
71 81
9 23
21 24
14 37
26 28
26 43
68 87
20 29
2 14
9 20
50 54
56 85
74 86
82 96
38 44
88 94
62 67
51 71
27 49
15 29
48 60
8 19
2 26
35 41
28 40
72 79
47 53
3 7
29 31
77 81
61 74
29 32
47 53
42 45
39 50
14 28
62 74
35 44
33 39
72 80
88 98
90 99
37 55
90 94
75 89
31 50
73 78
26 38
90 98
42 50
26 35
44 85
29 32
65 81
26 30
40 46
8 21
71 94
75 98
87 93
74 99
42 59
63 72
66 83
10 36
32 35
47 53
29 40
87 94
7 12
9 57
54 60
5 11
23 44
61 73
2 10
88 94
55 60
92 96
65 72
85 90
31 39
8 18
47 67
78 87
19 33
87 93
85 90
25 33
51 56
82 86
86 99
25 36
47 64
46 51
55 61
53 58
21 24
19 40
18 24
53 58
39 58
76 85
40 42
13 17
17 22
3 7
54 61
38 47
37 40
11 20
34 54
34 38
62 80
29 41
28 38
41 57
48 57
66 67
90 95
74 89
51 69
49 64
62 69
57 64
61 77
75 84
35 44
55 63
63 72
56 67
15 41
7 17
61 73
70 76
27 33
18 23
54 78
48 60
58 66
50 53
79 82
57 65
31 39
13 17
76 91
43 49
45 56
21 68
55 62
49 59
1 13
28 47
20 22
4 14
58 65
13 22
85 92
73 94
44 53
64 73
23 32
8 20
53 56
48 55
4 9
71 76
10 22
34 39
54 59
74 80
72 90
58 68
9 27
7 14
12 19
40 78
86 94
57 68
40 47
8 30
41 52
57 69
29 41
15 42
1 22
66 73
30 34
85 92
22 27
5 11
33 46
74 79
10 15
49 85
10 19
52 58
56 66
47 49
34 41
51 70
11 16
