100 20 20 1
00000000000000000000
00000000000000000000
00000000000000000000
00000000000000001111
00000110000000000000
00000000000000000000
00000000000000000000
00000000000000000000
00000000000000000000
00000001111111111111
00000000000000000000
00000001100000000000
00000000000000000000
00000000000011000000
11111110000000000000
00000000000000001111
00000000000000000000
00000000000000000000
00000000000000000000
0000001000000000000
0000001000000000000
0000001000000000000
0000001000000000000
0000001000000000000
0000100000000000000
0000100000010000000
0000000000010000000
0000000000010000000
0000000000010000000
0000001000000100000
0000001000000100000
0000000010000100000
0000000010000100000
0000000000010000000
0000001000010000000
0000000000000000000
0000000000000000000
0000000000000000000
0000000000000000000
5992
44 47
9 22
13 29
33 36
53 55
78 93
74 75
8 43
47 60
6 11
83 89
8 45
43 57
80 90
43 77
49 59
78 84
56 80
26 39
41 64
36 67
84 95
76 88
19 34
30 34
11 15
67 90
32 36
17 40
47 53
94 98
25 36
1 9
80 86
8 28
32 42
41 55
40 72
59 69
60 73
47 53
11 13
33 43
38 47
74 84
38 76
40 69
87 93
6 35
42 56
84 94
33 40
54 71
22 34
63 67
63 68
78 86
36 44
77 92
43 48
2 10
19 22
6 12
32 37
62 77
42 47
36 40
23 29
46 54
83 98
26 34
57 67
27 36
47 57
74 84
79 83
11 19
9 17
19 24
39 45
75 83
44 48
79 92
51 60
59 63
15 32
72 94
29 40
59 66
3 18
68 74
1 19
75 85
61 67
30 39
76 84
61 73
20 30
60 63
79 90
14 34
29 39
77 89
25 35
84 88
30 40
41 54
63 77
42 44
33 41
39 43
62 85
80 86
20 36
23 25
69 78
10 22
36 41
85 90
25 65
49 66
38 43
3 11
67 92
80 88
77 97
44 50
43 63
25 30
86 96
48 63
34 46
9 20
76 84
74 78
61 76
38 44
56 70
65 69
5 17
97 98
51 60
60 67
60 64
41 56
33 45
21 23
92 98
61 76
1 5
84 91
54 67
10 15
66 79
37 47
33 40
80 87
75 90
43 46
83 99
58 61
3 6
83 92
11 24
84 94
44 49
20 44
75 92
68 74
1 11
35 42
32 44
35 42
76 83
72 82
65 72
58 61
59 63
42 59
13 79
29 41
82 87
18 24
23 26
61 69
62 69
47 56
90 99
90 93
34 55
41 49
62 70
76 82
23 31
48 74
47 56
86 93
16 27
82 88
89 95
79 92
36 41
52 69
50 55
39 46
68 79
36 40
37 43
74 80
15 26
52 58
24 33
73 84
58 61
24 44
82 91
74 83
6 21
50 56
76 100
85 99
15 33
92 98
75 76
33 46
48 54
28 40
38 43
79 85
60 63
71 79
14 30
58 77
59 80
59 65
9 14
79 100
9 20
33 56
65 71
44 49
12 18
56 64
87 94
34 58
72 83
26 36
81 86
73 79
87 92
77 99
59 64
6 21
49 53
60 71
52 59
72 84
77 100
10 21
49 54
69 79
18 23
18 38
88 97
66 79
29 43
62 94
62 70
44 56
20 33
59 67
76 82
85 92
68 72
14 17
15 21
73 77
53 64
3 20
34 49
94 100
6 28
9 11
19 41
60 65
43 49
63 80
26 35
90 95
53 58
19 30
79 97
19 23
35 57
39 48
29 60
54 69
12 25
41 47
43 49
57 60
38 50
21 31
37 39
88 90
65 75
10 13
36 52
38 40
62 69
64 73
20 27
80 86
80 92
14 18
21 33
89 95
39 46
9 13
7 22
1 5
65 88
5 7
42 58
71 81
28 36
28 38
65 82
52 71
8 12
84 91
47 53
64 95
13 20
38 60
65 68
69 82
27 40
16 23
25 35
42 59
36 38
48 70
31 36
76 84
72 82
78 88
60 67
49 55
60 70
14 27
20 25
87 98
6 22
19 53
70 79
15 28
59 65
94 99
83 86
55 62
78 99
12 19
41 53
83 87
4 9
45 49
57 67
62 75
39 45
78 92
40 55
62 67
34 43
55 63
77 82
28 43
51 56
70 74
55 65
50 54
50 72
9 18
17 40
48 76
27 41
71 81
25 28
74 90
17 26
7 16
33 34
47 55
26 36
62 74
24 31
15 23
40 44
84 98
17 33
53 64
57 77
91 96
82 88
15 28
4 10
11 28
29 47
76 92
38 48
22 27
59 66
78 89
48 52
44 57
77 94
32 35
54 78
11 15
5 16
33 38
57 69
55 64
32 47
46 62
51 56
1 22
62 70
58 67
54 62
47 60
29 36
76 82
29 38
72 82
23 30
1 14
54 64
33 42
27 29
69 80
22 28
9 18
42 47
1 17
83 88
3 27
24 34
12 34
26 41
13 44
2 11
22 27
77 100
93 98
14 29
11 19
85 100
26 32
33 43
5 12
49 67
73 95
16 33
9 21
4 11
27 39
70 89
40 53
23 47
35 60
54 62
82 93
20 25
55 62
32 68
86 100
68 75
7 14
49 67
20 49
3 6
37 52
49 53
7 23
48 60
32 41
41 47
74 82
19 33
7 16
77 82
30 40
77 84
52 60
55 62
57 74
57 67
82 86
72 77
54 58
91 99
15 24
18 22
73 79
90 100
80 83
30 35
72 86
20 31
19 22
63 73
76 100
34 49
79 100
9 16
8 19
18 23
48 53
35 42
92 97
84 89
49 67
36 39
74 82
23 42
56 78
5 14
7 11
48 52
45 52
49 65
83 99
1 17
9 17
9 20
6 12
1 32
42 51
28 35
7 25
3 12
83 87
53 57
20 32
51 60
78 99
45 62
81 85
3 9
23 53
57 81
46 55
32 37
75 92
42 48
63 97
82 86
63 72
46 50
70 77
91 98
65 83
79 87
13 22
90 92
32 38
26 49
60 72
77 91
16 33
25 36
31 35
30 46
61 68
25 35
26 50
46 56
47 64
65 77
28 40
14 28
13 40
28 32
7 19
47 72
13 16
78 95
7 23
66 72
48 57
50 55
38 52
53 66
85 97
57 75
83 91
52 54
62 69
60 67
10 13
36 42
48 54
43 59
43 58
4 18
84 89
2 8
81 99
79 90
17 26
91 95
75 78
91 98
62 81
3 7
54 63
60 70
69 82
44 66
41 55
59 70
57 63
57 66
78 94
9 16
37 46
32 46
27 35
28 59
94 98
68 76
42 44
42 50
76 81
20 27
81 85
75 85
31 43
49 52
34 43
55 65
22 30
53 64
75 92
51 72
89 94
43 46
60 65
73 81
81 89
4 7
11 30
27 47
37 65
61 71
83 89
31 37
77 81
86 100
66 74
90 96
14 19
4 28
55 75
72 84
71 94
69 74
41 44
87 92
31 46
79 89
45 52
3 11
5 17
64 98
68 77
49 53
82 87
68 73
86 91
38 41
61 78
26 33
72 81
40 49
46 52
85 97
14 19
47 64
46 52
84 87
80 94
15 22
9 21
3 8
69 77
65 87
77 88
17 31
4 11
38 45
43 58
5 12
78 90
34 41
59 71
51 81
24 32
30 33
28 41
67 80
10 16
9 19
40 46
3 17
19 38
45 49
12 22
75 99
46 54
61 71
10 18
77 85
34 47
56 61
33 38
79 96
25 33
3 14
68 80
63 78
54 72
81 95
1 11
46 65
51 58
6 19
8 15
34 41
2 9
67 72
35 44
64 88
46 57
47 50
3 11
18 22
74 100
49 56
24 36
70 81
87 90
11 20
67 75
57 71
54 80
92 95
81 88
56 61
30 41
45 71
61 69
18 22
66 79
51 59
55 64
41 52
93 97
54 62
61 71
78 79
3 8
76 99
45 63
55 69
24 41
67 83
79 90
41 51
9 20
70 79
76 79
35 41
82 92
42 74
42 47
17 30
67 84
46 50
15 25
15 29
53 61
15 20
43 63
86 91
23 35
31 36
38 48
54 76
18 25
85 93
76 91
75 81
54 70
50 67
23 40
19 25
86 100
6 16
9 11
30 35
82 89
40 60
42 46
81 84
28 33
79 86
87 100
33 49
59 80
73 80
73 81
19 24
66 70
80 85
59 73
12 16
7 9
77 90
7 9
24 44
79 90
52 70
51 66
8 17
3 23
59 72
79 90
13 31
75 88
58 61
36 40
68 74
71 75
77 92
74 100
79 82
27 31
79 94
76 83
76 90
86 87
52 56
9 23
8 16
69 85
89 96
62 70
55 60
6 13
43 47
91 97
68 77
70 82
10 14
79 94
22 41
3 8
46 50
40 47
58 65
30 37
28 32
28 32
67 84
37 42
42 56
25 30
67 73
75 81
48 52
57 63
84 88
68 74
74 83
18 23
4 5
49 58
50 81
76 99
42 49
37 49
5 18
2 20
48 58
46 49
29 35
77 95
18 22
15 51
26 34
28 32
33 37
30 44
5 34
16 43
7 25
57 60
35 41
12 27
38 44
14 25
45 58
80 82
76 86
58 69
42 44
57 64
83 98
57 68
71 73
36 42
94 100
21 35
78 88
20 26
44 53
53 59
58 70
53 68
37 41
93 98
75 85
29 37
43 70
49 70
54 72
37 41
56 64
1 8
46 54
28 38
55 58
48 51
24 25
88 94
72 78
63 67
23 36
66 82
27 35
48 59
24 40
27 40
97 100
21 28
86 89
35 42
91 96
63 74
12 17
35 41
41 44
39 42
63 73
71 93
27 33
71 75
22 29
33 47
56 74
56 72
50 55
85 88
15 22
52 56
11 37
51 66
13 28
66 81
63 71
50 53
82 100
53 55
73 79
82 89
13 18
31 36
61 76
36 45
82 93
13 32
39 49
41 48
12 28
92 98
5 17
27 33
49 54
10 16
58 63
19 23
52 56
38 43
60 64
71 78
30 38
43 52
18 22
60 69
23 35
65 72
41 59
73 77
50 72
21 24
78 94
50 58
46 54
62 72
19 29
23 36
86 99
73 82
2 7
28 47
34 48
84 98
69 77
37 38
80 85
4 10
44 47
73 81
61 63
49 55
49 52
39 78
88 96
95 100
27 35
14 20
60 70
24 28
35 53
38 49
14 21
42 54
74 94
42 50
49 62
5 11
53 63
70 76
96 99
51 67
13 17
87 99
56 65
54 67
61 72
81 88
76 92
27 50
46 50
2 18
39 43
54 63
67 80
35 53
2 25
25 29
21 45
60 69
16 29
33 37
50 63
77 83
70 73
33 52
47 51
32 40
69 86
41 48
8 17
47 75
22 27
45 62
86 100
46 51
17 29
88 93
72 75
9 12
55 64
13 23
43 58
22 36
47 71
86 95
44 52
57 64
2 7
51 61
14 20
73 80
38 44
23 25
62 69
48 53
94 99
54 67
95 98
44 50
20 32
28 36
55 63
80 85
76 88
78 83
53 71
35 43
7 10
15 19
17 37
82 90
33 36
59 67
85 92
87 93
11 20
2 13
75 77
91 97
22 33
88 94
4 26
24 33
14 22
68 69
18 30
31 60
58 67
11 18
73 98
55 68
37 43
2 16
21 36
58 62
31 34
17 36
23 25
40 46
21 28
59 84
37 49
59 64
2 9
24 30
23 25
73 80
18 31
41 51
11 14
62 64
92 96
48 70
83 90
40 54
3 13
77 85
28 37
43 58
37 54
14 28
55 86
46 61
79 86
9 11
59 65
75 80
32 45
66 69
15 18
71 78
43 50
45 59
61 65
52 54
46 52
32 44
65 72
20 30
75 81
39 52
20 34
74 85
16 28
48 52
65 76
45 70
65 70
14 48
56 61
41 44
61 64
13 23
3 21
79 100
75 87
10 20
80 86
17 26
22 32
38 44
54 58
47 70
72 78
12 25
49 52
66 82
66 79
28 35
42 49
66 70
56 62
47 52
78 97
62 68
49 60
78 88
50 63
21 30
40 46
61 73
50 54
28 36
70 74
29 33
33 45
36 44
2 39
40 44
56 66
76 82
74 81
71 77
96 100
39 51
60 66
14 23
72 93
40 54
69 73
56 68
18 20
43 48
76 82
45 56
73 77
79 86
35 52
16 38
33 42
24 27
27 50
17 34
61 98
53 62
17 32
49 81
71 81
11 17
24 30
75 78
14 25
11 18
11 20
64 93
69 86
37 43
53 61
22 25
18 44
67 92
15 24
19 29
69 78
69 78
82 92
77 86
9 14
68 84
58 78
73 83
63 72
12 21
1 12
71 79
79 86
48 69
38 46
21 27
36 48
90 93
60 64
10 30
68 76
71 78
35 40
24 29
5 15
25 33
9 17
96 100
35 38
28 37
61 77
57 69
39 46
27 28
33 34
65 80
81 87
78 88
3 27
65 85
3 10
18 67
28 39
78 97
62 73
34 41
27 36
71 89
22 31
53 61
51 63
1 11
48 58
60 69
81 87
47 57
30 46
8 28
48 61
77 82
2 21
54 65
94 100
1 16
55 62
23 42
8 13
12 22
83 99
30 39
64 67
24 30
8 13
80 88
53 71
1 5
61 65
60 68
55 66
31 43
40 71
14 21
7 18
74 88
21 26
48 59
12 37
32 44
65 70
77 81
30 31
6 17
21 24
42 69
38 41
48 56
35 43
43 46
58 65
12 34
37 56
18 26
11 22
12 20
51 55
63 79
41 60
77 85
17 23
83 93
70 82
10 29
58 60
66 73
84 91
40 43
61 68
13 21
59 69
16 27
96 98
56 65
22 28
19 38
89 96
47 53
53 72
28 39
36 44
42 47
73 92
72 82
38 55
73 89
48 63
6 12
14 29
49 60
90 98
40 46
26 29
63 80
31 41
87 96
74 81
46 55
74 85
27 34
70 87
49 53
61 68
56 62
20 26
46 51
58 74
69 78
71 89
69 79
29 30
82 91
23 41
37 45
17 33
80 89
8 17
88 92
25 43
35 61
39 45
40 44
2 7
34 47
18 22
65 78
70 76
33 42
2 12
63 64
7 21
9 18
19 24
8 14
36 43
87 92
31 49
64 69
56 65
46 53
25 31
60 64
5 16
65 94
82 94
28 45
27 40
89 95
19 22
29 45
57 60
55 76
81 91
44 54
71 76
77 84
59 66
67 90
76 80
73 83
22 33
35 55
38 41
63 71
41 54
20 26
27 35
46 64
15 22
72 90
1 9
65 69
11 37
32 35
11 16
3 34
58 71
25 62
10 25
2 13
92 100
71 74
83 93
50 68
78 85
79 89
78 86
63 71
39 46
60 63
32 46
90 96
20 38
5 8
85 95
7 33
4 28
38 60
90 94
65 73
64 67
18 65
66 91
71 76
48 58
79 89
21 34
70 83
42 55
65 70
29 40
3 12
19 27
50 80
15 22
27 36
52 85
84 92
55 67
23 30
34 39
47 55
5 26
27 34
28 41
62 66
35 38
78 90
70 78
17 35
74 85
63 75
70 80
89 93
8 17
77 86
16 26
78 84
60 79
56 60
89 95
51 57
38 57
74 81
32 38
43 58
5 39
20 40
66 76
5 14
88 94
53 57
35 40
22 30
5 14
30 36
34 38
5 8
58 66
35 48
65 69
93 100
39 56
44 55
73 86
95 100
85 92
20 36
28 38
6 70
37 43
25 79
57 94
22 26
33 37
64 73
69 75
47 54
28 42
64 85
71 87
26 43
85 91
42 48
69 75
84 99
64 68
91 95
63 66
15 18
63 69
48 77
47 53
58 73
24 27
31 89
34 47
12 22
81 97
62 66
71 91
37 52
32 40
10 15
52 64
20 24
10 26
72 98
31 36
23 50
63 80
70 84
76 82
60 62
27 40
24 32
76 98
74 83
25 41
29 38
55 59
8 26
91 97
55 64
70 80
34 39
5 10
47 82
28 40
74 87
12 24
40 49
5 14
52 98
12 22
38 51
94 99
24 37
64 65
6 13
44 56
66 80
2 4
78 91
54 62
67 86
40 52
17 28
18 23
79 92
31 35
91 98
51 68
82 83
48 63
77 96
85 89
66 76
56 73
83 92
12 19
19 24
37 48
78 84
9 17
78 87
62 71
41 50
70 76
37 45
6 30
24 39
47 54
67 70
59 63
37 44
67 78
20 42
18 33
66 81
24 29
52 56
61 70
30 34
19 31
4 11
8 25
20 32
51 57
47 58
96 100
22 46
5 18
40 55
92 97
36 41
12 26
42 51
82 94
44 51
48 58
26 36
94 97
82 86
82 95
53 60
67 74
80 89
3 11
47 53
15 28
8 15
37 41
27 40
53 57
72 81
35 39
77 84
41 60
90 93
79 83
53 94
62 76
53 61
12 33
51 68
17 23
59 65
80 89
85 92
8 20
6 9
22 37
64 70
89 96
58 66
59 73
50 56
73 76
5 26
12 27
18 24
43 53
15 24
76 80
61 72
9 21
42 47
47 54
34 47
49 59
30 72
35 39
53 68
88 92
48 54
90 95
63 87
64 71
83 91
19 25
95 100
72 86
30 34
25 30
6 18
86 100
81 88
43 57
85 93
32 44
34 46
6 12
1 7
75 91
43 48
40 49
41 46
11 20
68 73
90 98
35 48
96 100
13 37
37 43
15 30
52 62
82 91
93 98
9 21
54 63
30 35
88 93
37 57
20 29
82 87
40 58
35 40
89 92
56 63
2 6
32 49
40 51
22 27
20 35
43 64
37 41
52 59
42 47
17 36
24 31
48 55
68 76
11 27
32 38
9 12
25 34
48 59
15 23
75 94
48 67
66 68
62 74
50 67
68 72
18 38
16 23
68 75
28 38
71 96
14 30
18 28
88 95
54 77
69 83
84 99
16 43
8 13
46 59
40 46
20 28
9 10
16 20
42 51
29 37
77 84
26 37
84 91
18 49
18 41
43 55
63 77
27 54
56 67
11 13
81 86
45 52
65 91
41 49
52 73
66 73
25 30
57 76
35 49
40 51
80 88
41 48
7 18
73 82
33 39
9 35
20 36
78 97
32 46
93 100
88 92
57 73
30 52
51 65
25 34
74 80
45 52
87 96
58 64
14 32
53 61
41 50
11 22
89 93
66 85
25 31
20 25
33 37
25 31
40 57
45 70
41 52
65 68
86 98
45 69
30 52
91 95
35 44
27 38
88 98
31 40
54 57
22 49
49 56
38 42
88 95
43 49
80 89
58 65
72 79
70 76
16 28
54 65
2 13
15 24
71 90
59 87
48 52
49 58
25 33
74 89
13 19
1 27
48 63
74 79
34 56
64 69
60 66
72 76
61 70
41 54
94 99
21 27
4 12
33 42
73 86
32 50
56 60
11 14
17 24
4 21
39 49
3 17
29 41
48 56
1 84
79 88
53 62
54 57
56 72
63 64
52 60
67 70
28 31
32 41
20 23
35 53
45 57
16 22
51 61
28 45
4 18
81 94
46 62
13 20
42 44
61 66
44 46
38 47
17 22
72 81
20 36
1 13
61 70
39 54
13 18
86 88
23 31
38 51
78 81
51 65
60 65
30 39
13 26
1 40
84 90
23 49
94 95
48 56
47 68
69 74
68 72
57 72
85 87
22 27
52 72
76 85
33 41
76 82
89 97
20 32
23 32
47 64
37 45
87 100
21 26
42 62
20 33
62 75
39 67
41 62
73 87
60 64
32 40
38 42
8 12
43 60
20 23
66 76
4 13
46 57
43 54
1 17
6 14
16 25
43 53
16 18
82 86
79 81
15 23
75 81
4 16
35 51
42 51
41 90
64 73
82 85
14 19
86 93
41 44
61 87
40 55
46 54
13 23
11 36
17 44
34 47
7 14
54 87
53 62
52 54
2 14
12 16
16 21
20 37
25 30
69 81
10 16
50 61
23 29
93 95
67 75
6 8
72 77
11 18
43 47
34 50
23 36
15 23
4 8
16 32
20 28
9 17
76 93
4 9
74 83
20 28
50 58
29 42
9 11
73 78
61 64
70 74
15 53
80 88
68 79
2 24
87 100
45 50
7 25
65 70
17 27
40 52
25 31
48 51
12 35
40 46
82 91
88 95
95 99
81 86
88 94
73 88
22 36
89 94
44 52
73 80
17 27
25 37
87 90
9 27
74 79
29 52
61 76
29 43
64 77
46 51
43 57
61 65
68 80
69 85
49 59
73 81
33 44
65 75
16 19
6 24
65 89
82 85
71 75
87 99
39 44
71 87
83 90
7 13
48 56
65 67
63 65
26 44
56 96
45 63
88 92
2 20
66 94
6 18
82 90
28 51
32 54
86 100
24 30
2 8
57 65
59 68
24 31
15 41
26 34
42 49
78 93
37 81
47 50
44 49
97 100
60 76
86 96
48 57
63 83
74 77
75 89
61 67
6 11
11 17
10 19
89 92
62 66
45 56
70 81
54 76
27 41
48 55
48 59
66 73
61 68
71 79
18 27
8 28
59 70
56 72
63 93
85 99
55 64
8 13
27 40
79 84
64 77
13 16
39 50
75 81
60 68
27 41
12 25
54 56
48 62
85 91
84 90
62 65
90 96
27 31
14 36
77 98
55 65
68 73
18 36
19 22
54 61
11 13
35 42
51 63
24 37
63 85
41 49
43 50
5 37
76 88
59 67
38 41
81 92
62 75
9 23
86 92
1 6
76 86
40 45
5 14
56 62
74 88
6 11
41 53
73 75
56 70
67 71
39 48
9 16
14 21
85 93
26 37
49 71
84 86
8 15
52 70
10 20
57 65
43 51
7 35
16 29
58 63
21 27
12 26
26 29
73 87
91 99
32 34
58 77
16 24
75 82
52 62
8 11
19 30
47 61
33 47
89 94
1 10
29 56
50 66
12 26
60 69
50 60
31 48
42 54
88 94
5 12
65 70
37 45
8 51
68 76
5 8
74 84
61 65
10 77
96 98
50 54
62 67
49 79
76 100
75 80
84 89
53 66
5 13
32 38
43 49
6 19
91 99
7 15
50 56
22 36
27 38
44 48
32 36
15 22
2 11
88 100
39 43
76 81
60 68
6 12
38 42
73 82
67 86
3 17
28 44
22 26
13 28
84 96
71 78
6 16
8 14
85 90
81 89
63 68
36 45
28 36
1 26
15 30
41 53
86 90
25 33
48 51
54 69
30 64
37 60
2 50
40 45
51 66
95 97
81 88
71 89
6 11
76 83
23 26
48 69
62 76
90 93
62 87
94 95
58 68
56 64
49 62
33 63
42 48
23 58
84 93
38 41
92 100
68 71
4 12
6 17
70 77
86 93
86 96
10 14
31 47
44 57
86 97
61 74
36 41
50 54
14 30
92 99
35 38
23 28
16 37
20 28
76 84
10 13
63 71
51 68
84 90
22 42
64 68
85 99
73 77
69 75
25 58
91 96
55 61
23 30
30 41
40 44
31 45
39 46
48 51
73 83
43 57
75 87
22 40
48 63
92 97
57 64
88 98
26 36
41 51
30 35
33 39
66 96
48 55
17 34
22 29
22 39
47 55
80 96
41 60
60 81
9 24
73 84
61 74
26 29
70 79
2 19
15 30
68 78
75 81
75 79
27 44
15 31
12 25
79 86
20 27
5 8
54 63
63 64
46 60
16 35
7 20
71 77
34 39
55 70
18 29
60 63
36 54
57 63
51 64
66 71
28 41
43 56
25 36
87 95
18 26
73 76
16 21
25 33
18 20
57 72
80 85
31 43
77 82
90 91
82 93
18 27
20 31
69 76
1 14
8 31
17 28
6 11
76 88
49 58
85 94
51 52
13 16
51 53
61 77
90 96
16 38
69 98
62 70
62 74
38 52
45 50
48 51
14 43
7 28
4 10
64 77
21 58
69 84
41 46
90 94
10 22
75 88
57 58
29 35
84 94
55 72
59 64
34 41
42 48
47 50
46 54
23 35
81 85
23 25
14 29
48 64
90 98
75 85
31 40
31 34
37 48
70 83
34 45
29 36
78 90
62 70
71 72
76 87
21 39
8 18
60 68
82 90
20 30
28 36
31 47
32 47
71 99
39 45
51 59
18 28
72 90
78 87
5 15
2 10
51 58
46 57
21 26
40 58
60 70
84 91
26 30
37 42
2 9
48 72
39 50
37 43
34 48
81 90
40 61
1 62
6 9
13 52
7 22
28 34
45 46
55 83
6 22
73 77
56 62
19 24
79 90
49 58
57 67
3 19
64 73
45 53
81 94
86 93
21 45
39 46
36 41
28 56
53 60
12 22
23 38
67 72
71 87
67 94
75 82
59 61
67 92
39 48
26 31
75 86
13 37
2 5
88 89
62 99
51 55
30 77
67 77
76 93
55 86
19 26
35 36
43 52
69 71
18 29
55 70
89 94
38 45
5 15
60 65
67 81
45 50
45 47
33 48
63 78
57 75
77 85
68 79
69 72
36 53
56 77
31 53
81 94
46 61
87 91
76 89
84 87
52 55
71 82
82 100
33 51
64 89
40 52
42 50
15 25
87 93
55 61
45 52
47 54
14 25
18 33
59 83
39 55
66 73
19 20
25 35
43 65
68 74
31 57
75 83
5 16
10 16
95 99
85 95
1 3
14 25
74 80
55 61
30 40
15 29
64 79
86 98
94 100
59 67
2 8
24 26
46 57
44 56
59 62
23 37
95 100
66 73
60 65
91 97
81 87
25 42
70 82
26 37
58 80
75 81
23 35
42 50
55 60
23 30
86 94
78 85
11 17
65 81
30 42
50 64
67 72
75 79
55 76
48 65
23 28
44 48
21 28
6 20
21 26
67 76
6 13
24 43
53 60
79 89
20 31
50 56
65 68
23 38
27 40
70 78
28 48
66 77
61 78
72 76
19 23
24 40
48 77
57 63
73 83
19 26
16 26
55 60
24 32
46 66
35 41
15 24
29 41
56 77
32 47
83 88
14 19
54 71
60 80
88 96
15 29
43 52
50 62
6 14
66 72
6 14
33 58
60 83
68 75
41 53
44 50
62 72
38 53
46 60
46 56
66 87
69 73
25 46
34 49
49 56
38 47
63 75
25 34
55 71
35 39
84 88
24 34
6 11
10 32
76 84
38 45
6 13
70 76
5 20
11 17
13 42
20 33
1 12
61 78
55 68
75 85
50 56
5 11
15 25
25 28
41 47
55 82
61 81
31 37
87 91
44 49
76 87
82 92
53 66
3 6
41 56
35 57
24 34
35 45
49 59
78 82
67 72
26 30
83 85
88 100
15 25
73 84
12 14
59 62
75 80
59 77
84 91
55 97
68 73
74 78
87 92
11 30
8 24
51 66
45 51
58 70
5 19
21 30
89 100
82 87
49 59
60 71
63 77
68 79
82 94
5 18
25 30
81 93
53 55
15 26
2 11
54 58
70 95
17 23
62 66
71 92
78 85
76 79
75 83
66 72
52 65
69 77
11 15
69 86
48 54
29 36
61 82
74 82
53 60
29 43
95 96
56 62
17 22
55 63
53 57
57 84
39 46
51 60
66 78
61 66
34 40
52 62
11 34
88 94
57 70
46 66
2 7
77 85
37 46
61 69
31 37
26 30
51 55
84 89
71 89
66 82
34 65
38 48
45 69
50 56
34 52
82 95
39 47
13 27
82 98
91 93
79 85
14 41
91 96
61 88
59 63
60 78
10 17
24 33
69 76
89 96
67 75
29 58
12 22
73 79
37 41
44 68
61 70
75 87
59 62
32 42
53 59
65 73
26 35
34 41
1 6
45 52
3 17
29 37
82 86
43 50
84 93
73 85
49 61
92 98
78 89
57 69
54 58
16 33
24 55
8 11
14 26
78 99
56 63
29 32
45 60
51 68
19 23
52 62
33 45
28 37
24 27
77 86
85 100
45 47
83 91
25 51
3 10
26 43
33 41
59 66
48 63
81 88
24 46
70 80
39 42
51 75
80 88
14 30
16 22
39 42
1 11
27 34
54 66
88 94
90 92
89 93
79 88
56 64
48 54
17 26
39 44
47 51
12 25
28 40
51 72
44 55
33 50
23 28
60 64
91 100
14 28
25 45
30 36
93 97
68 73
1 4
52 63
74 78
50 54
66 69
81 94
14 20
85 95
6 11
74 82
11 18
8 54
65 74
44 58
1 32
41 51
10 16
59 73
40 46
37 48
86 97
72 80
9 24
71 87
52 64
51 59
65 70
23 31
65 71
3 6
51 84
89 99
55 58
79 96
21 30
42 45
12 22
74 81
30 37
19 27
28 31
8 25
34 36
77 83
32 36
82 92
83 95
33 35
31 42
5 25
67 79
40 60
41 54
19 24
8 24
63 77
32 40
27 35
73 84
77 87
3 13
8 42
63 91
53 64
41 44
54 60
18 23
77 85
4 14
33 44
20 56
9 13
56 61
15 18
86 89
23 48
49 60
57 84
58 67
13 19
9 18
9 12
45 63
30 37
93 98
55 63
13 22
32 50
12 27
12 15
47 56
34 61
14 23
10 15
53 61
62 70
25 31
58 80
27 32
84 93
5 19
22 48
84 93
70 85
6 16
22 23
88 96
35 41
41 70
38 54
88 97
72 78
22 27
64 78
30 38
81 99
64 82
45 57
58 77
13 30
30 34
69 74
26 31
8 17
32 58
87 95
46 55
70 76
3 10
35 38
62 67
62 63
28 46
81 84
58 63
34 49
87 98
52 67
85 92
24 36
62 78
93 98
88 98
19 22
72 77
56 68
11 15
44 52
69 77
3 6
67 71
61 71
11 18
8 27
58 67
75 91
56 64
53 60
32 45
8 22
52 66
71 80
16 18
23 32
38 55
19 51
65 72
4 24
41 66
56 63
5 17
12 15
9 35
10 14
91 99
74 91
91 100
17 38
47 51
92 100
4 15
72 77
71 74
69 79
54 72
5 16
49 51
57 62
30 45
4 18
70 82
57 64
55 65
51 57
58 63
66 75
53 56
7 19
78 88
9 25
16 23
72 87
84 96
34 51
58 77
5 18
62 68
53 72
83 93
3 15
32 44
7 88
59 64
29 47
86 98
54 63
84 90
12 17
51 74
9 15
46 77
61 67
45 52
10 32
92 95
63 75
81 90
55 68
8 10
82 90
84 94
2 8
81 91
3 8
36 43
33 47
80 89
28 33
72 80
7 13
53 93
41 66
28 36
24 50
78 96
9 16
57 69
65 68
24 32
83 91
85 96
65 79
15 26
62 69
81 89
9 10
15 22
58 64
49 63
82 100
31 43
3 17
13 36
63 73
25 37
62 65
40 55
61 80
64 72
1 7
75 81
8 24
31 36
47 50
37 42
81 85
65 77
3 6
65 81
2 9
59 71
13 27
90 93
77 90
26 30
83 91
55 72
27 41
73 78
84 88
66 69
2 7
38 58
32 38
86 90
85 99
91 98
47 56
54 58
10 32
37 72
40 58
55 62
81 96
36 56
40 57
22 44
73 77
58 75
30 39
35 66
32 41
82 91
45 60
17 30
85 91
27 33
20 35
21 28
55 70
68 77
8 29
71 85
11 35
70 77
19 27
82 89
47 54
33 39
85 91
53 62
62 70
88 96
23 38
91 100
57 65
14 18
36 49
37 40
82 94
21 33
61 72
91 94
90 92
76 89
74 97
62 68
3 16
36 45
52 60
46 53
21 31
20 35
73 78
9 14
47 59
28 55
81 86
13 21
85 96
67 80
65 76
14 24
73 79
42 52
83 90
71 82
77 85
39 47
10 29
53 72
7 11
5 25
85 98
79 86
62 74
33 35
22 32
61 72
34 50
21 29
69 81
32 42
74 95
41 68
65 74
27 47
92 99
24 40
25 28
19 23
23 29
46 60
88 96
58 63
4 15
15 48
50 59
23 38
26 30
73 79
96 99
14 22
19 34
49 60
62 77
55 68
58 63
71 80
6 7
54 58
53 60
50 54
85 99
12 19
59 67
18 25
22 30
66 67
52 63
80 90
65 72
59 71
21 25
25 60
9 15
66 71
50 52
35 51
61 65
78 85
52 58
25 30
50 52
30 33
59 75
9 26
67 71
79 83
13 20
84 93
46 54
47 57
33 47
91 97
51 58
18 23
49 51
39 50
50 52
43 48
19 32
39 51
3 29
40 48
35 48
8 14
6 11
40 50
73 78
93 100
25 36
70 87
60 63
9 16
15 26
73 79
8 13
92 98
5 12
93 96
32 52
26 35
51 62
47 60
76 87
69 78
48 64
1 10
68 84
58 74
72 78
13 19
62 73
23 34
33 38
89 98
44 55
32 39
27 36
81 86
55 63
81 90
83 95
49 56
74 87
3 13
78 89
10 16
49 74
47 54
47 57
30 39
5 28
30 37
16 23
92 100
84 89
34 41
27 41
47 60
39 44
59 65
23 30
40 59
62 71
47 53
83 91
31 38
19 24
14 23
72 76
24 37
92 95
94 98
25 26
30 35
33 60
18 27
78 84
43 56
63 67
24 55
81 88
55 70
51 62
72 80
58 68
78 87
89 91
65 73
93 99
69 74
23 33
21 40
86 93
18 42
69 77
47 60
29 43
33 39
36 48
59 75
85 98
18 24
49 63
37 49
70 89
85 99
51 66
63 70
92 96
71 94
70 81
4 25
28 36
59 66
54 75
12 20
87 89
81 93
22 35
14 30
5 30
93 95
30 37
62 99
19 25
67 69
2 5
3 5
60 80
27 34
39 56
76 90
78 86
22 37
18 27
17 22
22 30
4 13
44 48
34 39
35 45
65 71
28 50
79 92
11 27
6 18
53 84
58 73
56 80
49 55
69 85
75 99
29 38
21 39
64 70
11 15
49 56
43 61
59 63
27 30
34 57
30 41
42 57
28 33
92 96
17 23
27 32
63 83
78 84
10 44
62 68
92 95
75 100
4 11
68 79
30 62
1 46
4 35
76 85
68 76
54 63
35 42
24 49
32 50
13 15
91 94
8 26
42 46
52 63
66 82
87 92
20 35
52 66
41 46
54 65
90 98
38 42
37 51
43 56
43 50
94 100
18 46
87 99
79 98
47 60
43 44
41 52
24 32
77 84
87 98
4 19
35 44
27 33
2 5
58 61
30 39
1 12
27 46
38 53
31 39
39 46
35 45
12 17
82 86
66 69
14 22
10 18
77 96
70 74
84 96
42 59
34 49
28 33
85 89
64 91
54 57
30 36
16 26
1 12
9 19
76 92
44 55
59 63
20 34
92 98
29 33
86 98
13 23
21 40
54 58
61 73
7 13
78 95
73 75
51 65
65 68
68 90
16 34
67 95
74 80
32 51
45 55
65 74
20 24
2 7
83 100
1 15
70 78
6 22
43 56
1 2
44 60
8 13
35 45
14 22
34 58
20 36
57 62
53 62
53 57
31 43
45 50
18 26
83 89
42 56
39 54
42 49
6 30
59 73
3 8
79 86
94 99
90 96
7 14
43 48
70 80
71 81
84 89
51 60
65 72
27 31
29 32
86 97
88 94
16 36
40 48
24 45
41 45
27 35
83 91
42 44
19 25
84 87
65 74
63 68
84 89
46 50
6 29
6 15
25 40
52 65
27 35
77 83
23 41
8 27
4 12
50 61
38 43
20 33
77 90
57 67
46 59
5 11
18 27
52 60
63 75
70 78
1 4
33 36
43 46
65 68
60 67
29 36
34 51
31 46
39 57
73 78
91 95
83 87
34 40
67 74
56 87
55 78
21 28
61 64
36 44
59 62
83 94
37 59
36 40
72 87
32 45
89 100
25 39
91 99
2 12
46 59
49 53
70 77
22 30
44 50
6 11
12 28
26 35
2 10
48 58
97 100
11 18
34 41
11 16
37 45
86 92
30 34
94 98
7 29
32 37
74 83
55 67
7 23
37 61
51 57
51 63
46 58
65 77
65 70
80 94
41 47
10 17
7 14
8 19
7 27
53 65
15 30
42 47
60 74
17 27
78 85
49 57
23 26
9 25
10 25
80 87
71 77
6 11
95 98
53 79
61 73
50 56
67 73
75 78
86 95
56 69
31 37
15 22
59 72
68 74
27 46
34 40
74 82
18 25
82 85
28 40
79 99
10 18
34 36
51 55
5 8
44 95
12 39
14 35
15 25
34 46
46 71
65 78
1 17
31 46
1 11
51 59
42 73
10 28
62 80
14 18
5 11
17 31
69 81
89 99
23 35
56 60
56 58
19 26
1 10
54 75
68 80
56 66
89 93
30 35
82 98
64 72
3 5
78 79
91 98
70 83
71 81
15 21
48 74
66 87
46 86
8 11
37 49
88 93
31 46
34 45
51 56
54 61
56 75
47 67
65 77
34 52
35 40
86 98
74 94
16 21
91 95
41 42
24 34
18 49
91 97
72 74
27 36
9 14
25 29
12 44
39 51
74 87
37 42
13 30
32 49
41 48
21 25
76 89
62 66
7 22
87 98
78 83
81 86
34 47
86 94
38 48
36 48
28 38
46 53
63 70
26 33
69 85
51 73
12 20
12 17
72 73
15 87
16 31
69 74
50 55
69 74
68 73
25 35
27 79
31 40
61 67
47 55
66 68
92 99
74 89
82 86
68 72
58 71
92 99
36 47
5 17
74 82
26 36
66 77
79 87
60 76
43 50
82 88
76 82
54 57
30 38
91 95
87 93
93 96
43 52
62 73
71 78
51 66
16 34
14 24
49 78
60 73
72 81
44 64
96 98
18 40
20 28
61 89
56 66
52 58
76 88
22 26
23 39
43 58
38 55
71 80
80 86
64 80
23 57
43 73
69 89
56 69
20 26
16 27
80 93
29 33
7 26
7 13
20 27
7 12
76 79
19 26
1 10
73 97
8 25
44 48
48 66
13 18
36 47
25 33
46 55
21 31
56 76
35 55
71 76
34 41
56 62
65 71
43 50
12 21
58 66
86 99
38 47
46 54
86 90
84 88
46 57
30 42
56 67
81 99
7 18
79 97
59 79
42 56
54 59
59 62
38 51
84 99
65 78
82 94
80 88
74 89
14 37
72 78
58 70
68 91
44 61
38 43
34 44
20 26
59 79
64 80
38 42
27 38
95 98
13 19
78 84
49 61
11 18
86 92
8 16
66 76
28 32
25 30
6 13
52 68
84 89
43 55
58 61
86 95
59 62
52 60
38 41
30 43
64 75
19 28
53 63
44 49
65 86
1 7
60 80
89 99
8 15
93 96
12 16
67 96
54 63
70 78
60 62
54 68
71 79
11 52
59 66
60 75
36 45
21 30
68 73
72 77
71 83
15 24
64 76
1 11
28 37
37 43
17 30
23 36
28 33
28 42
63 69
41 62
61 87
43 59
18 31
71 80
90 97
64 74
56 65
71 78
33 44
51 74
35 45
75 88
4 11
1 54
57 92
74 82
82 92
67 71
66 83
51 58
66 71
34 39
88 95
77 82
72 96
7 21
87 100
17 20
87 91
4 14
17 27
13 18
17 22
44 52
72 76
26 32
12 19
46 54
75 93
26 34
66 85
2 5
83 90
62 81
55 70
60 65
71 76
11 32
50 57
78 90
77 83
77 91
28 38
61 65
77 90
57 68
69 86
11 15
83 90
46 55
73 77
43 51
60 66
27 35
15 25
58 70
79 86
92 99
50 64
51 61
3 68
44 46
13 28
24 27
5 19
34 75
38 44
83 90
84 95
40 44
35 46
21 27
42 50
87 92
32 78
80 93
13 34
84 95
34 44
63 79
54 64
61 68
37 39
79 95
78 93
17 33
80 93
58 69
67 78
25 55
52 63
45 58
21 32
52 64
40 77
38 53
60 68
55 64
24 31
58 64
30 44
57 69
63 76
55 59
5 14
9 17
37 43
24 30
70 80
22 26
23 38
13 19
68 86
44 77
1 15
33 37
62 76
90 95
16 22
36 47
73 82
79 87
43 50
46 93
32 40
58 69
36 41
76 85
76 82
54 66
79 90
71 86
16 25
5 12
41 53
74 80
91 96
75 78
12 17
8 12
54 63
55 65
92 96
64 74
72 76
54 61
28 32
86 93
18 23
11 14
16 36
29 38
51 56
44 49
78 81
70 85
67 91
19 22
90 100
32 38
64 70
39 51
20 32
21 37
25 31
18 26
15 24
44 57
14 26
9 10
72 87
66 70
31 35
62 73
36 39
83 87
49 54
5 27
33 39
15 24
44 58
76 94
27 31
59 70
45 58
7 19
26 47
57 62
58 68
54 63
50 58
32 49
42 56
70 75
73 78
41 55
45 52
86 99
39 48
54 64
89 93
66 74
31 41
35 42
39 44
38 49
56 62
60 66
85 92
4 21
6 24
49 52
47 54
65 76
3 14
42 60
94 99
73 83
44 80
17 33
43 55
23 35
35 41
13 24
66 76
54 62
9 20
14 31
95 97
6 12
79 89
36 66
54 87
80 88
26 59
41 45
10 20
74 99
92 98
88 98
3 22
6 26
64 72
33 41
45 51
50 54
8 22
17 26
84 97
21 34
75 82
1 8
17 24
57 64
28 35
52 59
33 44
71 74
29 32
56 64
47 53
54 73
66 89
60 62
81 94
9 22
66 73
63 73
74 87
27 34
71 76
47 56
69 89
8 21
12 17
40 49
42 52
24 28
8 13
66 94
30 48
14 24
32 38
38 53
22 31
25 40
34 38
44 66
32 43
74 87
7 17
47 52
35 42
55 60
11 53
48 50
7 13
80 88
21 26
1 23
51 61
2 57
19 35
39 43
83 91
55 61
66 80
69 81
3 15
86 89
51 77
51 67
72 73
91 100
93 98
89 96
12 24
47 57
45 53
81 92
54 59
25 33
44 54
38 52
79 85
95 100
4 17
40 46
52 67
64 77
46 51
86 99
32 36
19 33
68 75
62 85
26 32
19 37
48 57
28 39
44 53
30 41
57 79
67 79
31 71
65 70
91 100
23 47
70 80
53 59
9 11
70 73
14 23
69 77
64 75
11 16
9 22
34 39
8 15
18 25
12 15
10 30
90 96
1 8
53 64
28 38
46 52
49 61
58 71
70 78
66 73
58 74
4 14
34 40
55 77
56 66
78 87
3 7
93 96
41 49
84 99
11 20
34 40
86 95
64 82
37 46
68 100
74 84
53 69
53 56
74 77
34 49
93 95
6 11
54 62
8 23
92 97
54 59
75 85
41 44
98 100
57 61
35 54
56 60
85 89
22 45
82 88
49 58
12 30
27 52
48 58
87 93
6 18
73 88
94 97
54 70
45 53
1 15
32 47
19 22
47 55
32 39
45 60
66 74
21 30
2 22
22 33
81 91
4 22
77 85
24 28
57 72
37 52
32 51
1 11
10 27
70 75
49 70
83 100
41 49
38 59
59 82
32 44
7 10
5 16
26 42
10 18
61 65
18 27
79 96
61 76
55 70
3 7
13 17
63 77
40 53
23 37
57 64
89 100
4 14
54 65
29 53
76 96
3 22
38 43
29 36
21 33
80 88
22 52
74 80
22 35
8 19
62 76
43 46
57 68
19 27
79 99
25 31
5 16
28 45
37 47
10 20
41 69
46 55
31 40
33 44
32 38
87 95
41 47
30 37
76 94
46 52
91 100
41 47
79 82
43 49
74 80
42 56
1 10
21 25
54 60
82 96
43 54
23 27
90 92
32 41
42 51
22 36
21 38
75 88
45 51
38 48
74 89
32 45
87 92
6 28
48 57
77 88
74 81
44 49
66 69
57 65
22 27
25 36
47 62
35 49
66 71
80 92
25 33
64 73
33 46
40 77
52 65
37 46
4 16
25 35
50 63
76 83
22 27
47 96
19 25
26 37
16 24
28 34
58 64
7 15
60 83
58 87
85 90
40 71
53 66
42 47
90 97
28 31
89 94
84 88
44 51
78 87
84 93
62 71
82 96
2 12
43 47
51 56
53 71
19 29
59 68
41 76
33 39
63 68
68 80
65 76
10 17
1 19
6 11
33 41
77 91
34 46
21 36
39 53
44 57
41 60
84 92
74 90
79 87
17 26
39 54
56 59
12 24
85 90
76 100
72 78
7 16
73 85
57 86
63 68
34 38
38 48
54 63
22 35
91 96
66 75
50 64
68 70
93 100
70 81
45 51
14 36
64 70
21 40
59 67
54 62
18 27
57 71
67 71
88 98
7 12
94 97
22 30
11 20
8 11
92 98
62 72
43 52
22 31
28 35
67 71
77 82
80 85
88 97
22 38
89 96
27 36
3 19
80 87
50 72
82 88
59 71
71 75
72 78
89 93
21 44
18 22
26 42
29 40
16 19
67 70
53 56
30 40
57 69
87 98
70 83
53 62
34 51
32 42
24 42
17 47
89 92
27 32
30 33
35 48
68 77
95 96
26 56
92 100
73 76
61 64
44 53
41 45
40 46
42 60
72 78
6 10
41 66
91 98
58 71
4 8
49 76
11 16
51 63
8 21
22 30
70 77
62 72
4 11
55 58
30 38
68 72
33 62
25 33
68 76
66 71
31 40
62 73
74 84
80 91
47 58
27 31
31 48
20 30
72 82
59 74
70 88
68 73
45 51
50 61
30 41
22 27
56 63
23 32
49 83
37 48
69 73
39 48
48 58
66 76
73 87
66 81
82 91
63 72
81 92
52 61
47 74
21 28
43 51
1 8
68 69
48 53
34 48
30 99
76 80
39 55
22 46
6 19
93 95
21 24
23 34
14 28
42 61
50 69
44 64
57 67
43 52
47 70
18 29
2 14
49 52
80 87
30 41
54 69
74 83
9 26
91 98
62 64
93 99
25 39
67 80
15 47
13 19
3 5
92 96
31 34
7 10
34 43
70 79
75 85
52 64
55 75
10 32
75 93
80 90
79 83
71 77
86 95
13 22
60 67
21 35
30 46
87 92
81 85
32 35
80 83
18 28
36 58
86 94
36 52
30 44
47 60
81 94
88 93
39 46
32 43
6 21
24 36
17 22
38 57
87 95
33 44
24 25
63 83
26 42
42 65
86 93
91 100
66 98
37 47
51 67
51 55
27 34
36 53
40 48
75 80
57 71
70 76
61 91
29 32
67 74
61 71
21 35
65 67
5 16
35 43
72 75
5 28
20 35
59 65
87 99
75 79
49 56
87 91
58 70
7 10
42 56
75 83
2 9
75 78
62 79
7 21
28 43
42 48
84 96
43 55
30 51
23 27
72 77
22 34
24 34
53 70
59 66
73 81
34 41
9 19
38 66
14 17
45 61
53 70
69 76
10 18
78 87
84 91
43 45
34 42
10 23
3 27
59 70
66 75
8 25
78 96
70 85
88 95
21 25
55 74
9 24
11 18
47 58
25 33
85 96
25 29
6 13
85 90
20 35
29 44
34 37
79 92
82 95
84 97
88 99
50 58
12 43
16 31
27 31
57 75
67 83
76 82
59 61
66 69
70 78
14 18
68 78
42 49
34 41
45 51
35 50
71 78
66 86
41 47
93 97
37 40
72 77
17 36
57 61
4 12
15 34
85 99
17 25
71 76
66 70
9 29
42 57
44 53
32 46
42 49
83 92
62 88
29 38
50 67
46 60
15 24
6 22
46 55
23 42
38 49
37 53
64 67
83 94
26 38
79 83
13 31
73 85
89 94
89 94
23 26
60 64
90 100
37 48
49 81
61 66
85 96
3 15
33 39
63 74
59 69
24 32
39 50
81 88
32 52
39 50
1 8
86 92
46 58
84 92
70 74
84 93
6 14
23 35
20 41
44 47
5 15
9 18
63 80
47 89
70 81
53 64
8 11
93 96
26 29
52 59
89 96
24 34
8 16
34 40
13 34
79 94
34 38
3 16
37 45
85 97
65 74
9 22
34 35
11 14
88 99
65 72
1 9
42 47
64 74
37 47
78 87
19 46
1 27
70 75
52 62
65 87
44 48
86 100
70 76
42 44
3 15
71 79
17 30
50 65
51 57
66 77
59 67
81 99
62 67
21 33
70 78
47 54
88 98
37 49
81 86
11 23
9 20
47 53
1 13
1 13
55 60
28 35
3 11
36 46
83 94
56 64
8 24
70 76
39 42
83 99
45 63
41 51
43 45
26 27
66 70
69 79
57 79
37 41
5 20
62 76
77 90
81 88
91 98
40 52
72 80
92 100
16 31
78 92
4 14
35 45
43 56
35 41
22 30
19 29
24 26
66 80
5 13
83 92
57 80
59 66
53 69
88 96
39 61
46 54
20 29
57 62
15 21
80 90
71 80
53 57
19 31
4 15
51 74
88 89
66 75
10 17
63 71
91 99
34 39
74 81
15 56
62 68
78 92
51 59
41 47
24 50
37 40
67 71
5 12
75 84
8 14
32 40
56 59
43 51
62 69
52 57
33 42
83 93
35 39
36 50
78 81
74 92
79 83
71 76
31 33
55 81
36 62
81 85
31 36
53 59
48 55
22 33
30 45
25 27
4 8
69 75
18 29
42 55
8 29
68 73
29 78
24 57
13 30
19 22
47 50
5 12
83 92
20 27
61 68
78 91
21 29
3 17
4 24
31 39
85 97
53 59
63 68
69 75
9 18
40 55
16 27
53 67
64 68
37 47
47 63
82 94
19 40
54 60
40 49
76 97
19 31
18 22
22 23
69 74
73 81
49 54
42 58
54 59
62 64
84 88
15 42
43 62
17 23
73 76
3 21
14 18
67 71
66 73
19 38
52 64
74 84
53 57
48 62
74 79
84 88
32 40
12 32
62 79
14 26
5 12
43 56
35 46
48 59
46 58
75 82
45 50
82 88
34 50
48 58
23 30
37 44
80 86
15 17
66 85
15 23
71 81
1 9
78 93
58 64
76 91
77 95
61 68
37 48
4 10
66 69
52 56
49 58
50 67
12 21
13 21
25 36
21 25
68 79
57 61
64 73
10 31
73 99
35 43
8 15
73 86
70 93
61 74
38 50
79 84
64 68
85 90
58 64
62 73
19 37
32 36
65 77
1 13
67 73
34 49
37 49
11 17
27 34
16 53
79 92
23 33
64 69
97 100
50 70
33 41
69 76
45 53
29 43
1 6
51 60
20 26
52 74
72 100
17 28
67 70
31 39
52 63
25 33
7 13
44 48
17 30
77 83
38 49
76 84
39 72
5 16
18 28
22 34
30 47
62 68
72 79
21 33
56 60
12 21
68 71
8 30
50 58
15 41
34 54
62 74
16 20
28 33
43 64
66 70
69 78
90 98
3 17
76 87
57 73
69 72
4 11
74 81
65 74
48 54
28 29
47 57
31 53
8 14
56 73
39 43
34 43
48 61
52 63
4 9
17 21
72 79
62 75
62 78
94 97
76 81
56 66
22 25
61 74
4 15
88 95
24 26
16 23
34 44
50 52
7 12
25 40
72 79
58 59
27 38
1 8
56 81
21 31
4 10
74 90
78 84
18 28
65 79
94 99
69 73
40 46
72 87
38 49
81 91
81 95
25 34
48 77
12 21
25 46
42 51
62 70
69 82
3 7
1 16
15 33
39 51
51 59
46 52
8 16
70 78
25 32
53 60
32 38
77 82
94 98
91 97
80 94
69 72
45 62
19 24
40 49
11 20
54 61
8 13
59 64
79 93
20 28
45 49
59 79
18 25
40 55
4 12
33 38
92 98
53 63
31 42
42 50
74 80
64 69
75 83
66 81
20 26
65 91
28 35
34 45
9 13
38 42
75 86
92 98
17 25
5 11
17 24
4 15
46 60
27 32
69 79
48 58
27 30
28 40
15 21
38 44
20 27
86 93
33 68
41 56
64 77
66 71
80 99
68 76
51 67
22 27
89 99
12 22
18 25
31 45
37 47
88 95
80 93
56 62
20 26
63 79
51 60
11 19
27 44
62 94
3 7
34 60
79 98
21 28
15 22
6 16
59 63
77 82
28 45
79 97
88 90
88 96
35 45
19 23
64 68
71 79
50 60
39 48
79 88
13 40
53 61
6 30
24 31
14 22
1 6
19 29
71 90
38 45
18 28
59 70
18 25
7 21
77 91
49 61
73 81
49 62
63 84
27 42
49 62
43 50
77 82
77 82
9 43
36 62
66 72
74 90
43 48
59 71
55 61
8 20
81 84
86 93
28 34
75 79
1 9
82 91
26 32
47 57
45 50
4 9
30 38
53 67
32 40
62 65
56 69
10 15
69 76
35 39
3 13
22 30
61 67
25 60
57 68
80 85
10 19
7 20
14 20
14 17
73 84
54 61
62 72
70 85
71 80
30 48
58 69
7 21
87 95
49 56
32 41
32 50
63 71
18 25
94 100
44 56
62 75
90 95
16 26
35 48
77 88
1 20
78 96
88 92
4 11
14 20
47 64
67 85
48 68
16 24
21 32
1 28
53 62
13 15
45 59
88 100
3 26
8 14
42 53
13 20
71 73
21 25
32 44
15 24
42 47
88 94
23 39
37 43
33 48
17 29
29 37
41 50
78 91
8 13
72 80
23 25
14 23
4 20
45 68
43 57
15 38
68 94
53 58
13 19
81 86
19 37
96 100
15 32
1 12
33 38
57 62
65 82
95 100
83 100
45 49
3 38
33 50
30 46
15 24
70 77
66 75
82 93
16 21
81 87
8 30
34 71
5 22
52 65
16 25
80 88
40 50
65 68
41 67
51 65
64 69
64 71
12 24
82 94
21 27
11 20
67 72
8 13
92 98
1 14
9 17
79 86
16 23
66 74
13 15
11 16
8 26
79 86
55 59
40 46
49 64
55 88
90 92
32 43
31 37
32 34
20 29
9 15
36 44
49 52
65 71
19 25
70 81
71 82
11 13
78 89
87 94
95 100
14 18
22 54
42 53
71 79
3 11
45 65
29 41
43 59
19 23
87 92
55 62
92 94
33 48
42 51
4 12
39 43
23 29
51 58
86 95
70 97
47 51
46 55
77 90
55 65
17 29
55 64
26 36
9 24
45 54
75 79
32 44
18 23
67 84
48 63
50 59
49 66
15 27
16 19
63 67
55 69
19 26
23 28
11 26
1 14
85 90
41 52
92 97
11 21
64 71
86 100
25 39
28 55
46 56
18 21
70 77
35 43
70 88
34 46
75 80
6 34
44 53
73 76
74 82
73 83
17 26
31 43
14 36
27 34
45 72
38 51
20 23
28 37
45 53
2 14
12 33
27 33
39 52
13 33
73 89
64 96
85 87
15 31
37 52
10 13
65 77
40 48
33 40
93 97
25 45
65 72
8 13
28 36
53 59
12 17
42 57
12 18
49 53
46 54
27 43
32 44
13 21
50 59
37 48
38 62
33 43
19 26
90 100
75 99
38 42
29 35
15 29
23 40
76 85
59 76
22 38
39 50
76 82
71 82
84 96
29 39
89 94
66 74
50 55
25 33
33 38
72 84
47 57
77 84
14 33
27 36
35 40
67 74
24 39
52 63
83 89
1 23
10 25
41 56
27 35
73 80
88 96
34 43
48 59
18 38
69 72
19 25
72 86
33 48
56 68
73 80
65 72
3 5
80 86
38 60
94 97
74 84
