100 20 20 6
00000000000000000000
00000000000000000000
00000000000000000111
00010000000000000000
00000000000001110000
00001000010000000000
00000000000000000000
11110000000000111111
00000000111100000000
00000011000011000000
00000000000000000111
00010000000000000000
00000000000001000000
11100011110000000111
00000000000010000000
00000000000000001000
00011100000000000000
00000000000000000000
00000000000000000000
0000010010000100000
0000010010000100000
0000010010000100000
0000000010000000000
0001000010000000000
0001000010000001000
0001000000000001000
0001001000000001000
0000001000000100000
0000001100010100000
0000000000000000000
0000000000000000000
0010000001000000000
0010000001001000000
0000010010001000100
0000010010010000100
0000010010010000000
0000010000010000000
0000010000010000000
0000010000010000000
5277
74 77
38 44
81 95
80 83
14 17
68 74
57 68
36 38
76 81
75 86
40 47
7 21
25 33
87 92
48 54
41 65
35 53
74 86
45 51
15 20
8 16
37 50
42 55
44 48
2 24
94 99
64 75
11 15
93 100
66 72
59 60
94 99
13 18
23 40
11 17
18 24
4 13
39 56
25 43
86 92
44 54
57 64
7 23
51 61
86 95
30 35
55 70
13 22
16 18
19 24
27 41
64 73
69 76
44 74
48 53
67 77
64 91
7 12
66 98
98 100
17 19
39 66
48 53
21 26
19 25
32 40
66 78
6 23
75 84
42 48
70 75
5 18
39 46
44 60
14 28
40 48
68 96
34 47
53 59
65 71
5 13
1 8
63 66
23 32
22 27
88 91
13 17
42 49
82 96
28 32
45 60
47 55
21 27
48 56
41 55
17 40
2 6
35 40
26 30
2 19
14 23
20 27
27 34
21 47
87 90
49 63
13 18
54 67
15 19
26 34
28 48
90 96
55 72
80 83
96 100
43 47
12 21
47 55
50 55
16 30
94 97
18 21
7 22
38 52
46 50
9 13
5 34
63 75
64 75
42 55
36 49
36 55
37 52
56 60
66 80
4 17
89 97
72 82
61 65
55 67
50 60
75 85
84 92
48 56
15 23
30 35
78 83
73 79
56 65
32 49
28 37
77 89
43 55
35 44
6 21
45 59
2 18
89 95
92 100
17 26
72 77
66 71
4 14
73 75
58 60
70 83
32 37
43 47
60 94
14 21
36 39
51 63
16 21
26 33
59 68
53 57
27 66
62 80
50 57
43 44
74 85
48 56
13 21
65 76
33 35
28 40
34 52
78 89
60 62
58 63
63 70
3 8
30 40
48 57
74 83
81 86
47 60
26 32
28 36
59 63
77 91
58 63
79 84
71 73
90 92
47 56
75 84
54 61
61 99
28 32
78 85
18 25
47 52
25 48
4 5
8 13
63 67
10 16
24 33
56 66
75 88
21 26
51 55
57 72
36 39
43 71
41 53
51 74
69 78
22 36
17 37
27 40
57 71
93 95
63 70
13 18
75 83
51 56
24 28
64 78
80 88
39 46
32 35
62 69
50 61
6 22
1 7
2 5
44 52
70 84
61 77
29 38
62 70
19 39
19 28
40 44
79 98
77 84
57 63
57 67
92 94
12 21
88 96
37 49
6 20
41 46
1 3
1 13
17 34
79 93
97 98
77 89
74 83
18 20
17 29
23 30
45 59
2 9
84 89
26 36
51 62
38 47
57 64
59 63
78 98
6 16
26 36
44 48
51 66
41 46
8 18
41 55
51 58
25 32
21 40
40 64
45 54
67 78
32 53
47 55
13 20
86 96
92 97
63 70
91 95
90 96
36 41
81 89
78 87
8 14
8 18
6 12
58 64
9 45
72 81
89 93
61 64
87 90
70 82
53 62
40 48
51 63
43 47
9 14
49 60
19 31
83 95
30 47
56 63
59 81
73 88
69 89
89 95
53 70
55 72
45 55
19 26
23 33
14 34
67 81
82 89
12 16
94 100
15 32
44 46
27 46
84 90
12 28
4 19
49 57
73 74
16 20
35 44
45 51
30 39
79 86
74 81
27 30
38 40
56 62
38 42
80 86
59 77
43 54
20 24
43 79
82 98
55 67
28 31
4 45
92 94
15 25
61 66
3 14
29 44
23 26
78 90
90 99
7 19
81 90
15 39
62 71
59 69
59 68
69 73
22 29
52 60
27 40
27 29
81 91
72 88
25 41
17 40
65 74
40 48
50 60
29 33
32 44
81 91
13 22
60 63
77 81
35 41
45 55
55 59
19 24
60 65
81 88
23 26
41 45
46 76
1 9
41 51
89 98
90 95
50 62
65 68
80 92
13 25
22 48
70 79
75 98
3 19
32 42
81 99
68 83
71 76
71 86
66 75
68 71
57 63
76 92
47 91
30 40
56 63
12 18
78 84
33 55
8 16
31 59
6 19
77 88
56 61
43 52
23 31
13 23
36 44
7 18
61 67
11 25
68 75
78 93
8 49
54 63
85 98
84 91
89 93
16 23
91 94
78 88
45 48
57 58
75 78
67 75
74 77
67 76
21 34
29 66
64 75
55 57
41 49
44 60
9 20
49 75
21 41
80 86
69 72
20 22
43 47
56 68
30 38
47 59
81 90
22 24
30 36
8 18
74 84
19 63
36 62
11 20
46 50
28 31
4 13
3 9
78 86
10 15
85 95
55 63
25 30
30 41
78 81
15 28
38 52
40 46
41 64
49 69
49 65
67 78
83 94
26 44
72 94
12 23
57 67
55 78
48 62
56 67
30 34
15 33
36 47
46 52
49 73
57 68
39 49
91 100
14 20
3 11
65 74
23 29
82 84
9 16
37 46
49 59
52 60
75 79
81 97
23 30
77 83
63 79
46 57
65 71
76 80
96 100
28 38
16 32
12 30
80 92
13 22
60 74
66 85
72 85
63 72
28 34
50 53
18 28
5 16
74 81
30 43
63 73
37 43
1 13
36 44
84 91
35 37
18 24
20 32
93 96
44 65
90 96
47 57
84 88
49 60
8 23
16 24
35 62
62 74
89 97
10 12
9 15
5 12
22 32
26 30
34 44
42 47
28 46
59 67
34 46
20 26
46 61
57 59
1 7
42 57
57 62
82 90
18 21
56 76
38 60
35 44
1 21
42 47
78 90
12 16
40 55
97 100
59 86
79 89
9 24
87 95
43 57
24 25
43 48
6 10
17 28
35 49
23 28
18 37
16 40
93 98
44 54
72 79
17 21
40 62
56 86
75 82
46 56
74 87
18 28
66 80
32 39
8 23
60 77
9 21
6 15
29 37
6 22
57 77
9 21
11 22
67 93
38 44
9 14
43 48
67 81
22 74
45 52
48 60
70 86
39 57
23 28
33 36
4 11
45 61
81 85
84 89
60 76
76 82
52 58
19 67
49 55
45 58
4 9
82 89
92 98
85 89
91 95
79 94
17 24
38 47
30 40
90 95
8 10
27 30
1 8
74 100
60 75
75 91
85 90
69 81
38 45
85 96
63 94
37 51
65 72
88 92
36 41
34 43
64 72
58 70
85 98
23 35
13 26
38 74
56 66
4 17
14 30
81 89
17 26
11 16
86 92
21 26
65 79
57 65
21 24
78 96
25 26
32 35
3 26
56 75
59 83
15 24
37 58
14 19
76 91
85 98
36 51
66 84
46 52
43 53
49 62
40 63
81 88
17 20
49 65
44 49
44 56
82 98
6 24
18 31
88 92
13 28
33 53
5 10
64 81
34 38
24 39
22 36
25 40
42 62
16 25
2 6
48 54
15 32
45 54
78 84
30 36
20 33
3 14
61 72
51 57
66 69
10 30
52 71
61 67
35 39
30 35
9 22
23 29
44 52
54 65
34 52
80 84
85 90
51 65
87 95
81 85
19 28
39 64
46 58
58 69
76 86
27 32
12 15
56 59
78 85
82 86
30 39
32 38
1 13
21 23
7 18
56 65
17 20
1 3
63 70
74 87
55 61
8 14
5 11
30 35
15 27
19 34
52 55
84 88
81 91
3 9
82 92
61 73
64 72
43 47
11 18
91 96
77 90
91 94
40 58
17 31
13 21
69 83
45 68
86 99
81 89
45 63
64 87
23 51
64 69
16 26
21 42
30 52
44 50
30 54
86 92
22 41
69 81
2 7
6 21
94 99
41 61
58 64
22 41
46 54
23 30
22 35
90 94
52 65
84 98
16 57
59 85
36 48
70 91
22 25
45 50
77 80
58 63
83 91
74 79
65 78
41 47
90 99
86 91
54 64
12 24
3 9
95 100
7 8
3 10
77 82
55 61
40 91
31 41
87 93
16 40
87 95
43 50
21 27
26 30
33 38
57 63
49 64
15 17
18 36
48 57
47 50
16 22
27 40
13 22
79 88
75 84
89 97
78 85
58 67
76 79
87 94
55 60
21 31
35 52
21 36
60 66
65 73
77 81
80 92
77 91
36 47
12 21
24 53
38 47
1 3
87 99
12 17
27 44
65 74
45 55
23 34
61 71
45 53
33 38
73 86
18 44
86 93
24 32
1 13
86 99
59 63
73 87
3 12
14 22
37 47
16 21
77 83
45 50
20 25
25 36
39 41
39 51
9 19
22 27
47 76
68 80
72 79
70 80
6 11
35 44
3 8
81 99
24 43
52 55
14 24
67 75
82 88
63 81
4 7
63 74
7 18
81 94
10 32
85 92
77 89
43 50
55 70
13 31
65 72
36 50
47 61
51 59
10 35
57 78
70 77
50 62
91 94
45 50
58 68
90 99
3 17
59 77
12 15
11 17
33 40
18 33
19 46
24 34
74 82
44 79
92 96
35 44
69 73
33 39
76 79
49 74
27 33
45 56
77 83
21 39
31 34
33 39
59 75
44 47
80 82
14 34
71 82
16 40
32 54
89 97
37 64
73 83
49 67
10 21
72 77
58 63
68 82
15 22
29 36
65 69
13 37
49 60
50 74
29 36
13 22
81 92
72 83
10 23
18 24
3 18
7 23
24 29
26 32
47 60
55 60
37 41
4 13
37 63
60 66
26 33
51 54
72 74
4 24
61 74
54 59
33 39
77 84
22 25
13 51
62 66
10 34
86 93
43 50
80 84
28 33
41 65
92 98
33 37
54 62
70 75
87 93
40 49
61 72
62 80
62 71
46 75
27 38
82 88
3 14
28 39
28 36
79 97
16 23
5 12
82 92
17 22
62 72
6 22
9 14
51 61
38 50
27 34
55 98
21 30
46 56
74 85
40 54
30 41
3 22
53 62
18 24
51 59
53 75
73 81
57 65
48 67
40 50
41 51
43 58
14 16
7 13
70 74
52 59
82 88
39 47
31 64
71 86
78 96
68 91
35 41
84 95
77 88
32 44
52 55
36 44
62 70
52 57
34 41
50 57
90 94
89 97
70 76
14 26
85 87
41 49
57 68
29 45
81 92
48 60
35 52
12 16
10 26
30 38
16 24
37 43
76 82
15 19
18 59
47 60
91 98
36 43
75 94
10 14
68 78
23 31
33 52
16 32
92 99
7 20
32 49
90 95
11 15
6 14
84 97
44 56
77 82
52 58
3 17
13 33
43 85
36 44
25 40
23 31
28 40
36 47
46 77
19 27
4 24
75 78
61 67
30 48
64 67
31 38
4 12
1 6
61 65
31 38
50 58
72 79
19 25
1 7
42 57
4 17
36 47
29 51
26 35
3 17
67 80
56 69
5 22
77 90
84 91
35 42
47 53
18 24
61 66
69 74
31 44
7 16
1 10
46 52
70 81
8 29
43 56
22 33
46 49
14 17
94 98
76 94
9 22
31 53
23 30
13 19
95 100
43 50
75 90
55 76
48 59
29 53
59 68
64 72
36 37
19 26
72 75
63 71
89 95
81 89
29 53
49 65
11 32
24 28
41 50
9 14
94 100
60 68
39 51
24 33
77 85
29 35
89 100
69 78
37 46
2 7
60 66
19 25
43 52
35 57
82 86
12 17
34 44
95 100
71 82
43 61
79 91
64 68
55 66
35 46
60 76
53 84
23 34
26 51
92 95
36 54
27 63
95 99
3 12
69 73
35 38
56 60
12 19
51 65
85 98
73 79
92 96
13 26
64 73
55 78
64 79
46 48
74 85
26 27
52 62
60 86
18 21
10 14
26 36
41 43
52 75
32 58
64 83
65 89
53 64
10 14
76 80
36 54
3 5
14 53
73 99
33 44
20 36
54 68
27 33
64 69
49 55
46 57
17 35
25 29
44 49
27 32
35 49
3 7
28 34
57 69
89 98
5 14
73 80
57 92
38 58
3 15
69 75
3 5
83 96
79 89
6 16
92 99
16 32
84 89
24 33
65 74
90 95
22 46
25 31
89 99
78 86
68 78
51 66
73 84
10 26
48 65
39 49
9 29
87 92
1 17
51 56
58 62
29 48
38 47
75 83
76 78
88 94
32 35
19 22
9 27
6 13
52 58
68 73
46 49
2 10
15 22
62 67
61 67
42 89
25 36
32 37
4 18
36 57
25 41
65 73
75 86
77 90
33 55
19 32
66 74
20 26
7 15
31 34
82 91
79 94
32 49
79 94
54 57
22 24
76 86
43 55
47 70
73 100
60 71
51 54
76 99
34 36
71 80
9 14
51 59
37 47
25 47
87 100
68 82
31 44
76 85
46 96
13 19
14 18
12 23
81 85
68 75
58 64
57 61
52 82
63 89
62 80
22 27
85 100
80 99
44 58
38 43
73 86
78 85
54 62
32 42
31 48
30 40
48 55
33 54
41 49
19 26
3 18
81 84
14 28
48 51
33 42
62 74
36 52
35 43
66 74
7 41
77 83
44 54
82 94
34 44
5 17
49 64
77 81
86 91
23 58
80 100
16 27
62 64
82 86
46 62
25 42
75 88
12 26
71 78
74 84
59 65
67 70
72 78
18 44
6 15
32 43
41 53
69 76
51 59
23 39
43 65
67 75
74 81
55 66
21 28
38 43
27 36
18 28
87 98
20 29
82 95
78 85
34 43
33 54
43 53
1 17
29 40
1 16
27 32
31 47
8 14
83 94
37 45
44 58
61 66
32 41
12 15
8 15
77 93
80 87
76 87
58 66
21 27
71 75
45 50
54 60
36 40
5 17
37 48
77 83
82 88
41 56
34 43
44 72
78 81
1 20
71 82
29 32
11 17
23 40
7 14
67 95
23 27
38 46
86 94
36 42
11 14
14 30
14 23
86 99
26 34
2 12
38 46
32 46
69 76
30 41
41 50
22 31
60 71
19 21
48 53
10 16
15 24
59 90
75 79
75 83
28 34
11 23
20 24
74 79
39 43
73 94
41 57
3 19
54 68
13 18
88 91
52 66
1 12
24 28
81 90
84 97
92 100
39 42
41 56
2 4
24 37
57 72
42 45
14 18
45 49
88 93
96 100
19 23
43 64
1 11
86 96
11 21
13 21
21 28
88 99
14 25
73 91
11 17
84 91
52 60
68 82
28 43
65 67
59 66
73 82
56 70
23 34
54 61
57 76
50 58
96 98
39 49
1 21
8 21
20 59
55 67
52 83
77 81
56 64
46 53
24 63
47 57
61 68
67 74
37 47
8 20
37 48
71 83
89 94
21 24
26 40
37 46
84 90
45 61
13 18
2 7
69 79
19 39
20 36
82 90
19 37
38 42
1 11
61 67
70 98
84 94
43 60
89 94
36 43
10 18
34 58
79 85
63 74
68 76
9 26
52 61
26 28
19 60
57 61
49 70
59 76
36 42
2 10
57 64
75 97
65 71
25 32
52 61
24 34
59 66
71 74
92 99
24 40
6 25
14 19
20 34
27 40
6 18
23 31
7 13
54 64
67 72
76 100
79 84
28 52
96 100
23 25
25 31
79 83
68 73
44 55
67 75
22 63
25 39
14 19
80 84
4 6
63 74
72 87
54 74
8 22
11 18
67 80
37 42
57 66
77 79
23 30
60 81
33 43
84 88
41 60
29 52
40 57
48 56
32 39
23 34
89 92
71 78
56 59
5 17
16 29
60 71
53 58
1 10
34 44
19 29
39 47
33 41
55 80
15 28
64 67
7 24
16 20
46 53
73 79
44 51
49 54
60 68
69 70
54 89
35 45
64 81
11 19
10 17
67 76
51 60
65 78
65 69
52 56
25 29
2 15
19 25
11 28
8 16
10 21
35 48
41 55
82 94
53 59
62 67
23 67
17 25
42 49
50 64
28 34
66 73
52 62
25 28
20 28
69 75
47 62
87 92
93 94
19 21
46 56
31 41
51 57
88 99
43 49
14 45
12 16
10 21
25 39
53 63
12 26
36 62
15 25
53 58
41 63
59 78
9 21
44 66
50 64
33 47
4 28
74 82
51 68
68 80
27 52
6 20
22 44
37 47
57 69
54 62
1 5
74 93
64 81
29 45
34 47
58 68
49 54
36 50
29 46
17 29
90 96
22 33
92 98
28 33
20 29
58 81
67 92
94 100
63 78
90 95
95 99
31 38
5 10
89 92
63 79
56 63
10 27
66 81
62 67
84 97
35 42
8 12
83 99
83 95
15 31
19 22
39 60
14 26
50 57
33 40
70 78
90 93
17 31
41 49
54 66
63 69
19 41
70 89
12 20
57 67
17 51
31 46
14 17
78 86
74 77
25 34
48 54
34 64
73 89
29 69
53 57
13 21
57 60
86 95
43 52
85 93
59 73
5 11
84 91
36 43
52 67
41 54
43 53
40 48
53 60
16 20
31 40
28 35
2 12
3 12
12 16
62 71
57 63
67 79
84 98
62 71
84 90
54 65
78 83
17 23
24 32
1 10
81 90
91 99
40 50
34 42
29 37
54 58
57 64
8 12
58 69
13 27
53 62
25 30
71 83
51 79
53 72
14 25
89 97
8 35
31 41
21 22
86 92
29 35
74 82
79 85
42 54
24 34
24 30
92 96
37 61
49 58
19 31
66 73
42 51
28 44
49 65
67 85
48 53
20 38
49 53
27 43
71 83
60 63
47 54
79 89
10 21
46 54
28 36
75 79
15 24
33 45
47 62
75 93
68 73
12 23
5 7
83 85
30 42
77 86
87 100
58 70
48 62
6 23
12 15
29 32
13 16
9 20
17 23
67 69
84 91
4 17
4 12
76 98
18 51
36 41
8 19
7 12
13 19
39 56
29 37
87 93
14 19
4 39
10 45
83 96
40 47
53 57
85 95
74 93
54 67
49 55
22 30
48 59
86 100
61 65
43 70
74 97
80 94
47 52
56 64
44 50
52 64
89 98
62 70
50 67
7 18
51 55
20 40
91 97
46 66
18 25
93 100
24 61
20 25
8 19
1 7
31 38
59 66
25 39
73 83
65 72
71 72
84 92
48 58
48 57
71 77
53 75
35 46
44 48
60 67
4 11
74 85
66 88
47 53
86 95
45 49
18 42
39 50
26 33
27 35
45 49
32 38
4 9
68 72
1 3
50 60
45 54
2 12
84 97
86 94
8 35
29 38
30 35
35 45
28 40
65 75
43 55
73 79
11 19
30 63
14 29
4 10
52 63
52 68
72 79
12 40
69 77
70 78
49 61
67 71
25 33
7 16
20 28
29 32
13 30
91 98
43 55
81 99
25 42
65 71
54 66
48 79
38 52
1 13
87 90
30 54
18 30
81 86
48 51
36 40
84 100
33 41
61 72
50 59
43 51
8 22
44 60
25 49
28 35
79 91
77 91
28 36
31 52
17 24
81 93
86 95
45 55
41 55
27 35
56 87
61 89
39 59
4 13
20 33
96 98
69 84
28 44
41 48
81 84
46 56
20 33
31 34
47 63
38 53
60 73
64 68
78 83
33 39
15 19
56 61
15 22
81 86
90 93
63 70
53 65
5 9
79 89
40 47
85 87
21 28
21 25
41 59
4 36
31 42
72 76
8 19
64 70
65 76
51 57
88 95
10 20
57 95
39 44
8 15
38 42
89 94
80 94
51 56
37 62
35 57
14 21
49 70
38 57
56 66
70 80
24 29
65 71
53 62
27 33
15 31
55 60
5 9
53 55
9 13
48 76
93 98
81 87
35 45
31 40
59 62
58 67
47 59
79 85
77 81
30 60
55 60
10 17
11 18
14 36
44 53
63 71
39 50
62 70
28 35
41 46
62 67
22 31
76 95
92 99
1 9
69 76
30 44
28 36
74 93
60 68
49 65
21 28
60 76
11 39
21 32
54 63
55 67
56 66
74 82
10 17
10 16
84 89
62 68
90 100
4 52
51 65
7 11
84 93
61 65
7 17
47 56
83 86
43 49
38 48
17 31
51 61
87 93
44 47
6 23
16 36
7 23
88 98
13 17
85 93
33 40
37 40
73 87
49 55
75 94
15 31
1 7
38 44
18 61
57 59
20 26
67 75
55 59
4 17
84 95
40 49
35 44
27 35
23 24
22 46
9 14
22 27
64 75
20 36
30 40
39 43
50 55
8 26
36 41
48 57
82 92
66 75
76 82
86 94
22 26
53 64
6 20
20 26
84 92
7 28
34 39
35 42
43 48
25 30
62 79
72 75
3 16
70 75
31 44
5 10
75 89
66 77
44 58
33 53
55 62
50 57
42 49
25 35
57 65
61 68
93 100
40 49
19 25
7 16
26 42
58 61
84 90
6 14
35 48
38 58
9 13
64 69
53 70
56 63
67 77
46 53
62 85
9 17
88 96
53 70
1 8
60 83
75 84
29 31
29 36
45 56
19 27
4 10
36 46
56 60
40 54
89 94
9 17
78 87
1 7
11 23
85 99
29 35
38 62
35 42
8 37
40 57
85 96
3 7
9 20
34 50
30 34
1 8
38 51
62 66
8 36
75 82
63 81
62 70
60 72
66 79
15 26
26 35
58 68
40 55
3 21
63 69
89 97
54 62
17 20
93 100
49 58
16 25
15 20
79 93
71 83
86 93
6 13
44 56
69 72
8 22
86 94
20 33
14 22
2 12
77 87
41 51
55 63
9 17
26 30
51 62
60 70
55 73
78 91
9 17
1 6
49 60
83 92
17 32
1 7
48 52
81 97
30 37
44 58
89 93
14 27
16 27
47 51
24 29
56 70
4 14
7 17
54 55
69 98
41 46
84 88
34 44
25 28
78 85
18 48
21 35
42 50
75 85
75 88
93 99
9 16
8 38
4 10
55 69
16 22
65 78
68 79
50 67
15 20
75 83
77 99
21 31
25 48
19 32
40 61
5 7
61 70
45 72
25 59
84 93
19 23
67 86
47 50
12 36
20 31
30 37
73 77
82 92
10 20
81 85
24 30
79 100
91 93
9 19
69 73
95 99
69 75
62 67
11 35
79 84
53 59
23 29
7 15
9 27
45 54
15 37
61 72
68 77
43 55
82 86
49 58
42 51
58 60
45 52
13 34
88 96
87 97
45 63
9 12
60 68
67 69
68 78
3 15
65 69
30 37
4 13
40 43
13 44
56 66
41 62
92 93
64 70
5 19
70 79
40 58
40 42
86 91
76 78
52 66
20 41
18 21
30 63
59 73
41 61
4 16
2 18
59 69
50 60
24 32
36 46
71 78
27 45
72 91
76 89
65 70
80 91
52 68
10 15
28 38
64 77
6 17
56 75
81 88
83 89
34 40
76 81
25 40
76 82
50 72
57 74
30 35
15 26
50 70
25 29
15 20
69 85
54 60
73 81
78 90
41 50
8 30
57 73
73 79
4 24
78 83
47 65
61 69
61 71
78 86
47 54
4 6
29 38
29 41
46 54
64 83
41 48
16 20
39 45
5 15
73 79
86 98
34 50
20 35
61 68
69 100
73 76
88 98
58 64
3 13
94 99
58 70
75 81
65 82
93 99
49 81
89 99
91 96
4 12
5 12
81 83
21 39
15 22
36 39
22 28
42 68
1 21
2 30
77 89
27 42
47 56
4 26
38 49
54 62
83 92
35 40
22 30
59 81
15 22
23 29
65 69
35 40
32 42
20 40
34 53
55 63
72 81
60 65
76 80
25 75
49 67
69 82
3 12
81 86
81 87
9 33
79 88
57 67
11 19
15 39
33 43
26 42
85 94
31 38
85 98
58 75
57 62
9 16
62 69
43 52
73 81
2 9
3 12
9 26
8 29
34 41
59 82
22 29
91 96
60 65
74 78
32 42
58 75
51 56
72 79
10 15
2 20
77 92
40 47
25 35
64 67
16 29
40 48
89 94
2 13
38 59
28 34
95 96
14 19
5 28
37 50
64 66
22 49
65 75
82 90
12 14
44 60
57 59
78 92
41 51
21 39
23 26
4 23
95 99
51 74
17 28
24 27
19 27
57 72
59 80
6 35
62 75
67 75
17 20
32 42
95 100
21 31
29 44
55 85
25 39
7 14
20 38
73 79
26 29
51 72
82 100
49 57
26 38
26 41
19 34
6 18
8 11
55 59
69 74
32 37
71 100
76 91
42 47
79 87
29 45
26 39
21 51
58 67
62 67
11 18
46 62
9 35
74 84
7 37
57 64
5 21
24 37
56 80
16 25
15 27
33 38
33 51
82 88
89 94
72 77
28 32
55 67
42 46
16 20
72 75
28 31
48 60
26 33
59 67
19 36
39 47
60 73
14 23
31 37
44 47
1 9
23 29
77 87
28 33
4 23
84 94
32 36
51 58
9 21
36 49
7 25
69 86
18 25
75 86
52 67
9 23
55 74
28 49
8 18
64 74
13 33
20 35
20 23
47 51
6 10
15 26
32 47
89 99
4 30
78 82
4 12
67 76
68 70
14 24
18 35
6 15
18 57
13 21
27 42
6 16
64 83
34 41
32 46
4 8
11 39
81 99
32 35
93 98
77 98
62 71
46 51
94 99
20 29
56 58
23 28
31 41
15 17
9 19
51 56
27 42
32 47
90 94
44 57
3 7
38 46
59 64
41 55
75 84
27 38
9 21
85 93
83 87
69 74
32 39
34 43
78 86
35 51
47 55
1 15
74 81
40 89
41 57
18 37
64 72
63 79
66 72
86 96
19 28
3 18
25 42
35 37
35 36
88 95
67 75
8 19
76 82
29 43
47 67
51 56
1 7
43 88
3 10
8 11
49 57
74 92
92 96
15 33
29 39
43 66
7 12
37 39
64 69
50 63
36 52
26 35
15 20
68 77
15 27
94 100
94 100
78 84
70 84
46 59
74 80
81 92
42 80
86 95
66 72
75 79
60 69
47 61
34 56
81 85
30 38
27 34
31 36
15 32
31 51
10 11
12 33
60 67
44 59
25 33
41 57
23 31
75 81
59 74
18 30
81 97
39 53
44 56
33 40
59 71
25 37
79 92
24 38
29 32
60 63
84 87
3 9
78 90
71 87
82 87
42 50
3 11
28 36
5 28
48 50
62 70
23 30
48 58
76 82
75 77
43 55
30 43
51 54
73 88
21 23
12 19
84 88
57 76
85 92
66 73
32 48
18 23
60 73
11 20
41 46
23 30
30 37
69 86
89 95
43 53
5 38
50 60
30 63
70 75
14 23
25 34
34 46
41 55
84 93
34 41
36 46
10 20
40 43
4 24
76 80
59 62
4 18
43 63
27 48
63 77
75 96
49 71
88 94
15 41
90 96
16 29
23 26
39 44
78 94
16 23
82 85
22 28
60 62
76 100
28 35
11 19
24 31
17 32
21 28
90 95
59 63
93 97
70 72
31 52
67 73
75 79
43 54
67 85
69 84
92 96
79 91
21 23
70 80
37 64
69 76
41 53
75 85
32 50
41 49
91 96
50 57
34 47
73 78
41 49
76 82
24 34
75 80
70 85
71 87
69 73
60 67
11 15
69 72
1 17
25 46
47 52
59 79
43 47
27 38
60 65
95 100
69 78
36 45
10 17
72 80
14 27
59 83
18 25
37 46
75 79
44 55
3 17
22 38
12 22
28 38
57 73
4 10
20 33
84 92
75 82
88 99
19 33
93 99
63 65
89 97
72 86
38 44
75 80
63 67
49 55
58 85
15 53
34 53
36 66
9 28
74 78
51 58
59 63
17 29
50 53
67 70
22 26
84 92
14 16
16 38
12 22
41 56
56 63
52 66
8 21
17 24
18 40
32 46
42 55
21 55
73 80
90 98
5 16
25 36
77 85
61 75
6 14
10 20
22 28
86 94
67 74
10 19
54 66
50 57
76 86
49 58
54 63
82 94
52 54
89 100
31 45
74 88
17 23
71 88
55 66
14 23
42 46
66 96
42 48
12 24
2 10
33 42
74 80
31 39
34 38
26 31
65 69
15 21
50 55
16 36
27 31
59 67
47 55
59 74
67 71
65 98
31 46
15 25
8 21
40 45
60 84
52 70
17 43
50 57
46 52
41 48
7 16
35 38
15 23
8 10
87 98
16 24
68 94
28 72
66 90
71 75
83 91
76 84
51 66
19 25
19 28
4 10
46 70
9 10
28 38
4 10
68 73
2 11
34 45
80 93
30 36
15 24
68 75
20 28
8 24
20 25
69 71
13 21
24 29
73 87
27 37
84 85
82 99
20 29
66 96
69 78
22 40
54 64
56 68
40 50
50 55
51 69
22 29
29 39
23 34
67 83
4 42
21 29
8 12
9 21
27 43
55 61
26 30
79 92
8 11
44 51
9 15
46 66
62 70
70 75
61 91
55 71
66 78
22 32
69 92
42 48
8 24
56 62
26 33
60 75
50 55
28 45
16 31
45 46
15 25
56 61
59 84
42 48
46 52
76 93
4 19
10 26
33 72
20 26
72 76
57 62
69 98
55 66
69 84
36 65
26 39
53 78
46 59
30 44
70 72
62 67
5 26
17 23
78 85
92 94
12 16
22 31
56 63
82 87
85 88
66 73
42 48
57 76
78 84
16 28
20 24
79 96
68 95
33 40
13 25
84 86
42 53
2 6
3 28
58 67
77 85
46 59
74 87
10 14
65 72
23 28
72 91
31 40
33 54
38 54
75 83
36 50
87 92
36 44
23 29
44 49
29 31
66 91
36 53
86 97
1 14
72 83
45 66
45 50
17 27
37 40
67 74
84 94
17 38
5 18
23 28
71 87
15 16
14 19
51 62
50 53
45 54
51 57
53 65
1 3
13 23
30 37
49 66
85 87
79 86
1 7
76 85
44 58
70 78
3 7
76 87
90 96
56 64
2 12
26 41
93 100
90 96
88 95
27 41
67 74
29 33
54 64
31 34
22 27
44 47
38 44
19 26
42 48
28 34
45 51
30 51
21 31
70 77
63 70
70 80
77 87
39 45
2 13
40 48
44 55
65 71
9 25
4 25
8 19
64 71
12 18
58 71
23 43
15 30
89 93
51 56
58 64
86 99
72 90
12 32
71 83
64 78
69 83
32 35
80 86
11 19
73 78
46 65
80 93
87 92
59 67
74 77
11 16
17 28
26 32
86 90
23 37
13 21
49 61
72 85
18 45
43 48
43 61
15 20
10 25
27 33
25 40
34 50
14 21
21 62
27 40
64 88
27 47
77 99
61 91
42 49
43 54
44 51
47 72
55 65
55 66
77 87
76 89
74 83
64 69
82 89
27 32
82 88
14 22
48 52
74 93
66 72
54 76
71 86
3 12
69 94
62 69
49 62
20 31
97 100
10 26
9 15
77 84
93 96
65 75
26 33
23 54
47 63
88 95
27 31
81 95
38 53
58 68
4 9
40 57
85 93
58 72
69 72
83 93
15 34
52 59
15 26
16 21
63 74
6 13
43 50
12 15
72 80
21 51
31 37
84 93
20 24
40 55
78 90
58 64
35 49
15 23
36 42
9 16
23 29
10 20
46 61
44 66
75 91
16 22
58 64
44 49
58 68
78 96
57 61
44 58
49 68
27 31
84 100
71 73
56 84
85 93
89 96
50 60
13 20
49 54
65 71
38 68
11 35
10 19
60 64
29 46
68 75
30 39
55 80
5 20
22 32
12 17
63 69
93 99
7 34
4 10
7 11
5 16
62 69
31 39
14 17
61 67
41 50
6 14
43 55
9 41
28 38
77 91
52 59
17 28
45 48
47 51
49 57
7 13
40 46
22 48
49 56
5 14
12 38
43 47
64 73
64 69
73 79
24 27
72 76
14 24
24 35
64 71
50 90
73 80
72 78
92 96
76 80
42 63
18 59
14 21
43 50
60 70
51 63
57 64
68 75
60 65
21 38
87 100
54 67
9 31
79 88
42 53
35 61
71 79
68 81
12 22
59 72
49 56
6 26
63 77
19 30
33 47
49 55
45 60
33 41
30 35
36 42
76 89
39 46
81 87
83 93
50 53
14 33
68 87
78 87
80 86
59 60
40 57
59 66
49 62
75 89
47 68
70 75
66 72
16 28
39 53
33 51
46 54
28 35
87 94
7 21
51 54
13 19
65 68
93 97
11 30
51 63
28 46
13 16
44 47
29 35
19 40
46 54
37 42
82 87
48 53
56 63
42 50
51 57
28 31
78 84
38 54
93 98
5 29
7 15
55 59
65 73
36 60
69 75
70 76
64 69
68 77
20 29
87 95
6 20
47 53
51 63
30 42
23 41
15 26
71 88
17 32
22 25
77 96
18 25
57 64
7 12
61 76
34 52
38 46
4 10
90 96
63 86
19 31
5 12
56 87
73 85
58 77
82 87
78 97
33 49
23 44
93 96
38 41
58 63
36 44
48 53
26 37
55 92
91 100
63 67
83 89
34 60
79 86
88 99
89 92
13 22
31 41
14 25
2 29
63 67
8 16
73 81
19 27
15 24
41 50
18 31
79 90
29 33
13 24
52 72
35 41
86 99
20 30
85 91
45 50
9 27
72 93
34 43
21 43
19 39
38 45
16 18
82 94
66 75
39 41
39 46
32 36
39 65
52 80
79 84
85 91
36 38
74 80
29 36
81 92
69 88
1 15
1 38
72 77
13 23
12 22
24 48
58 74
80 90
41 49
51 60
11 30
1 12
70 90
27 33
86 89
31 44
16 20
59 66
86 96
51 65
2 12
53 62
29 37
87 95
24 33
66 85
38 49
3 35
68 88
58 69
62 67
35 43
32 40
25 36
34 37
49 71
12 14
9 18
49 69
51 58
85 96
19 61
56 74
78 89
38 55
6 23
34 39
33 40
7 17
27 35
49 52
52 69
12 20
25 30
85 92
79 90
29 32
77 83
2 3
62 86
8 32
32 37
70 82
67 80
19 77
15 23
68 72
62 78
95 97
22 30
14 29
30 44
37 47
75 93
27 43
90 100
87 99
24 32
30 67
43 64
14 19
52 57
50 52
46 64
25 35
1 7
57 81
44 57
70 73
70 84
55 66
85 90
4 15
36 44
6 31
36 44
70 79
58 62
74 89
12 15
11 19
68 76
53 71
64 74
81 83
83 92
1 14
35 41
83 90
71 73
12 20
6 9
20 28
9 25
58 80
38 45
53 78
84 97
85 92
57 66
35 42
72 86
16 28
60 70
53 63
72 86
39 50
7 100
76 89
52 63
28 39
42 64
26 32
46 52
94 99
62 70
62 71
81 86
11 34
32 37
25 32
64 69
50 64
8 11
39 45
40 48
73 82
74 78
75 90
80 98
61 78
87 98
83 95
58 63
57 63
65 71
18 26
16 35
12 29
32 43
46 52
64 82
11 23
90 96
88 97
10 24
14 17
42 60
61 75
28 33
2 14
51 61
95 98
1 7
4 10
42 44
22 84
32 94
19 24
34 54
12 28
4 6
80 89
15 18
70 77
58 61
32 45
52 62
16 40
57 67
52 76
53 62
37 58
32 35
19 25
61 65
31 47
69 81
67 74
33 52
18 40
64 74
49 64
49 57
35 40
57 67
74 80
48 65
94 98
16 27
74 83
74 93
17 26
21 42
24 30
33 42
46 66
57 72
2 19
79 90
8 11
83 92
44 63
59 84
25 34
75 94
18 34
16 33
80 93
53 72
5 8
4 8
3 10
27 40
12 19
32 44
51 56
10 16
74 84
82 87
81 88
73 82
50 67
52 59
81 91
53 61
81 92
72 78
63 66
69 81
68 96
93 98
34 39
80 95
12 16
32 38
45 57
59 66
95 98
29 46
90 99
36 45
35 50
57 60
75 79
9 16
64 70
61 65
50 57
27 31
80 84
35 48
6 8
49 52
68 69
36 41
29 50
21 46
15 24
86 97
26 29
23 34
72 82
41 48
62 69
66 86
18 25
62 66
17 21
8 17
55 62
55 71
78 85
39 48
43 62
2 7
66 77
80 84
60 64
85 90
50 58
26 38
47 52
21 30
54 58
81 94
18 25
34 42
55 67
62 74
2 50
20 40
50 55
58 68
49 53
3 8
13 24
95 100
4 38
75 79
76 85
40 48
72 95
30 39
87 92
49 64
51 55
75 89
32 40
37 43
47 57
3 8
16 29
47 55
22 32
20 37
19 26
49 64
90 100
10 16
80 90
20 37
54 74
43 65
32 37
38 42
78 86
31 38
66 77
37 44
63 76
60 66
35 42
25 33
7 10
29 41
15 24
2 6
92 98
54 58
37 55
71 84
6 12
84 99
63 72
29 41
17 53
20 32
50 57
51 63
50 66
49 70
43 59
89 97
33 43
70 83
17 23
36 52
88 94
57 74
2 11
10 22
38 41
74 85
4 11
93 98
41 52
44 48
43 58
15 26
84 92
61 91
36 77
23 35
69 79
70 75
65 76
76 80
47 59
72 76
54 69
81 93
30 35
40 46
29 37
49 82
91 97
46 57
76 96
90 96
50 53
12 35
52 64
22 42
74 88
54 60
83 89
4 24
71 77
7 12
2 6
50 53
25 27
50 53
61 72
4 26
64 69
40 51
33 44
68 77
35 42
4 12
90 95
92 98
94 97
82 95
1 33
36 42
38 59
28 51
23 31
18 29
33 44
59 75
52 57
51 72
64 85
4 18
45 49
34 51
19 26
41 49
41 53
15 27
66 88
24 33
50 59
3 13
30 48
16 24
21 43
32 50
33 42
20 23
34 39
22 30
40 47
86 88
10 20
7 22
28 74
30 36
51 63
15 24
61 67
83 86
93 99
53 72
76 94
21 27
61 75
45 59
89 99
62 72
22 27
1 51
15 24
83 95
5 12
23 32
21 32
51 64
15 32
87 94
92 100
94 99
18 20
56 69
53 57
51 61
63 80
73 76
44 61
47 84
25 28
66 89
37 52
34 53
73 82
45 51
70 84
46 67
13 17
94 98
69 82
90 94
7 28
12 19
48 53
51 63
78 84
34 48
50 57
61 90
28 38
14 18
11 30
60 68
77 85
9 13
20 26
15 17
58 61
74 84
12 19
77 85
54 59
4 12
55 61
45 53
80 91
74 81
20 30
64 74
4 13
55 62
10 26
7 10
45 62
25 43
16 21
82 87
7 15
82 94
72 80
32 36
94 100
45 51
71 73
46 58
66 74
21 42
78 88
48 67
53 58
81 98
90 97
49 65
31 35
85 91
58 68
51 57
51 65
88 90
25 31
79 82
81 86
51 54
12 17
16 23
74 89
75 87
3 11
20 29
53 64
61 68
65 71
37 50
20 31
42 60
41 47
25 34
71 90
74 80
83 93
89 92
31 42
52 60
49 60
13 22
68 76
7 21
72 75
71 78
21 42
72 97
32 46
83 97
44 49
11 26
12 16
67 72
63 68
3 22
49 69
54 64
36 57
48 71
82 99
85 93
37 50
87 98
35 44
55 66
87 91
28 53
36 52
23 41
1 12
34 50
31 35
19 26
44 46
4 23
17 24
86 94
75 80
33 45
23 48
9 15
83 92
17 31
5 7
4 18
42 44
72 79
31 52
55 74
17 31
66 70
84 96
38 46
30 37
16 27
45 48
49 55
11 27
80 89
30 32
82 93
77 88
58 62
64 91
88 93
74 78
40 45
31 38
39 46
13 20
15 31
49 56
41 64
36 43
29 36
90 96
12 26
14 21
48 64
50 58
66 72
32 48
42 45
39 55
26 31
84 86
59 95
90 94
7 31
49 55
93 96
48 72
1 6
47 61
11 18
66 70
33 41
82 96
59 64
10 23
2 26
85 92
65 70
84 91
62 65
76 98
66 70
87 94
60 68
63 69
56 60
71 78
21 24
42 56
59 65
77 89
48 51
74 78
59 65
14 19
17 27
49 65
13 19
56 63
66 74
76 87
78 89
74 93
27 34
42 51
4 33
40 54
30 39
67 84
10 33
65 68
23 35
51 58
13 35
22 27
4 9
8 20
17 32
20 32
31 39
2 20
2 18
29 52
26 36
41 48
13 20
54 61
90 99
36 40
7 15
78 89
56 78
2 10
71 85
31 39
61 65
4 13
67 77
16 27
67 76
66 83
66 78
19 23
16 28
86 96
42 45
33 43
47 97
66 77
82 88
10 16
66 70
53 63
65 71
37 54
15 25
35 44
64 71
11 18
15 18
51 54
70 89
69 75
43 59
53 58
65 67
47 57
6 14
32 58
51 57
62 80
58 85
87 95
62 66
72 97
63 71
21 23
28 31
18 20
71 76
55 61
73 80
56 65
71 74
25 37
81 90
20 35
51 56
43 49
63 66
87 90
54 59
82 88
55 75
46 53
18 22
55 59
91 93
26 35
26 34
59 75
8 31
33 38
25 36
7 14
42 50
57 60
51 66
27 30
84 97
59 76
35 53
71 75
79 91
40 47
55 63
60 82
40 43
76 86
56 63
73 85
30 34
24 32
29 42
79 86
24 31
18 31
69 72
60 67
58 68
72 100
84 89
39 45
59 74
5 13
45 57
80 91
71 80
59 64
72 82
11 16
70 85
11 36
53 55
81 84
20 22
72 82
42 71
31 40
13 23
51 61
48 68
29 45
6 11
15 21
54 89
19 23
41 55
15 25
17 25
3 7
50 60
6 26
8 15
35 43
42 59
30 39
1 6
23 28
60 63
79 92
29 38
2 10
80 89
64 80
6 10
59 75
50 57
23 38
51 57
35 39
28 51
67 80
46 69
67 69
77 81
76 90
68 78
88 100
6 11
56 66
28 36
62 81
49 56
41 57
54 68
35 41
24 40
25 36
86 100
33 58
35 43
4 11
49 53
35 48
58 63
78 82
11 23
79 87
21 35
73 77
28 38
51 63
14 27
57 71
58 82
16 23
53 69
54 84
9 25
20 31
56 61
3 8
61 72
24 32
21 31
73 81
65 89
50 52
69 89
1 7
68 87
10 23
10 13
35 50
12 18
87 91
64 73
9 20
35 40
16 26
5 13
19 21
8 15
68 73
44 51
62 85
57 72
60 68
67 85
13 38
84 93
18 24
25 44
67 73
82 85
72 80
68 80
3 7
48 56
96 100
23 51
47 58
82 91
68 73
4 18
35 37
16 23
40 49
81 87
16 23
37 53
25 49
2 13
36 40
90 98
2 22
11 24
6 15
51 57
33 42
71 73
15 19
28 37
53 65
56 63
84 91
27 40
74 78
70 79
65 77
10 18
25 32
10 18
59 67
60 72
78 90
12 23
21 25
50 55
52 57
59 76
5 40
12 20
54 64
16 26
50 54
78 84
62 69
50 68
57 65
72 79
59 69
67 75
47 57
33 69
3 28
16 30
11 20
80 85
63 72
77 85
54 64
7 16
73 96
70 88
2 16
70 74
11 13
90 96
7 9
80 90
13 20
59 84
41 53
42 55
84 98
38 45
22 29
87 99
28 33
68 86
38 44
9 27
1 15
42 73
3 8
81 86
28 41
11 23
36 53
81 86
40 51
57 65
85 99
67 81
79 85
91 97
40 48
64 74
14 23
42 53
50 62
93 99
16 26
17 20
34 52
30 32
48 54
36 83
86 95
38 52
61 80
29 40
30 43
32 35
14 21
11 23
53 84
73 83
15 22
29 36
81 88
2 29
13 26
30 36
63 78
59 67
59 71
34 42
70 79
29 41
78 84
76 93
37 58
53 59
2 19
26 34
46 49
80 93
58 66
68 77
48 89
63 70
62 71
26 35
87 92
51 66
21 26
10 15
71 86
40 50
79 87
36 46
90 97
87 95
6 27
17 29
36 40
30 40
24 28
26 80
69 87
68 71
37 51
91 95
72 80
8 28
94 100
20 33
41 49
37 48
48 52
79 83
29 42
13 18
80 87
81 83
7 16
26 41
72 77
14 34
19 21
84 99
31 34
77 86
36 51
60 71
85 99
93 97
60 62
17 27
62 77
15 27
26 44
58 75
29 36
2 17
21 36
20 37
21 23
25 27
68 85
60 73
76 91
55 67
31 34
60 69
5 10
45 55
8 27
96 98
24 34
18 29
10 21
27 32
25 29
70 79
3 11
46 54
80 91
78 91
1 6
76 94
83 88
1 14
81 85
68 79
82 95
76 91
68 79
95 99
37 38
14 18
61 72
44 49
5 7
18 27
63 80
73 80
80 83
40 45
63 66
19 49
51 61
68 76
87 92
20 23
74 81
8 23
79 84
75 93
83 88
83 89
54 57
45 72
57 63
40 51
11 19
43 51
50 61
6 17
77 82
79 83
28 39
56 74
83 86
67 72
63 84
50 56
55 66
54 63
40 57
7 12
12 23
1 5
73 79
21 44
79 89
84 100
17 28
11 31
45 47
16 21
39 43
84 97
62 86
11 19
70 95
78 91
9 14
18 27
72 73
20 29
71 79
52 79
85 92
7 26
31 37
1 7
23 30
45 50
47 56
34 46
69 86
65 82
82 85
75 81
33 44
69 74
6 19
34 41
2 9
68 74
61 84
43 52
60 65
21 24
13 30
46 57
37 43
84 93
2 14
63 70
51 62
59 70
48 53
92 97
64 76
32 44
45 51
63 70
75 95
29 70
32 47
33 42
78 88
34 40
13 16
29 39
31 36
11 22
64 68
63 69
91 96
16 24
43 51
42 50
78 83
23 36
67 87
1 26
35 38
45 55
31 41
22 28
59 82
27 34
34 39
2 7
62 72
79 89
36 79
33 35
55 59
8 13
66 70
60 67
81 93
15 19
45 74
66 72
23 31
1 9
79 85
59 71
38 63
1 11
94 98
34 40
49 53
87 96
36 44
29 33
70 77
9 29
67 71
60 86
23 32
67 76
15 38
22 37
39 55
91 98
29 38
31 36
45 48
72 77
59 71
93 96
10 13
60 70
10 19
31 42
9 16
31 34
76 94
34 55
48 50
65 71
63 75
79 85
60 68
25 32
13 43
26 39
49 54
41 48
35 40
92 99
34 73
1 6
31 40
11 18
71 82
35 66
23 30
61 73
50 56
53 72
63 90
7 25
90 96
90 93
77 97
40 45
42 49
57 71
38 46
53 56
54 57
56 66
56 61
57 62
57 62
13 26
73 82
70 78
33 49
59 63
81 86
16 21
31 36
43 49
92 96
72 78
89 98
73 81
36 45
5 11
30 40
87 100
5 11
58 65
22 57
66 77
13 25
8 23
86 97
57 69
71 83
19 26
63 97
86 91
21 31
83 91
48 57
38 43
29 39
89 92
50 56
46 55
80 94
57 67
4 10
66 67
43 54
18 19
43 59
31 45
77 99
74 82
10 20
75 80
86 89
44 52
81 89
21 28
23 36
77 88
69 78
37 42
71 81
62 70
72 83
41 50
30 33
51 56
76 83
26 66
67 77
71 77
77 90
74 84
7 12
31 43
79 85
17 22
46 64
53 84
50 57
52 68
45 54
41 53
14 22
65 69
9 19
18 39
5 27
77 84
86 94
41 61
84 88
49 56
69 91
7 17
59 73
37 53
33 42
86 95
72 84
85 96
42 49
44 58
58 92
53 68
57 71
53 58
6 34
48 52
55 58
31 59
63 70
21 37
24 34
77 92
90 99
65 74
80 88
33 41
57 61
7 12
54 66
36 40
21 30
20 38
60 67
55 63
8 20
72 88
87 92
72 83
90 94
35 40
73 80
55 60
69 94
29 34
33 35
81 100
77 91
21 27
37 92
49 75
76 88
30 35
19 32
83 95
91 99
27 38
1 5
53 62
78 83
2 13
41 55
78 87
74 85
58 66
48 58
9 17
9 19
43 50
68 73
35 42
11 20
78 87
88 96
73 79
10 27
35 53
52 58
64 69
31 42
18 34
28 46
20 24
59 62
68 80
3 7
26 33
7 20
83 94
47 52
26 40
39 45
31 41
22 27
22 50
23 29
5 10
77 97
35 41
48 74
28 48
64 68
82 88
55 60
65 71
45 47
29 40
85 91
35 42
87 100
90 95
42 52
60 84
10 29
24 33
6 17
