100 20 20 13
00000000000000000000
00000000000000000000
00000000000000010000
00000111111000000000
00000000000000001111
00000000000000000000
00001100000000000000
11110000011111000000
00000000000000000111
00000000000000000000
00000000000000000000
11110000011111001111
00000000000000000000
00000000010000000000
11100000000000000000
00000110000011100000
00000000000000000000
00000000000000000000
00000000000000000000
0000000000100000000
0000000000100000000
0000000000100000000
0000000000100001000
0000000000100001000
0010000000100000000
0010000000100000000
0011100000100000000
0000100010000100000
0000100010000000000
0000000010000000000
0000000010000000000
0000000010000100100
0000010010000000100
0000010000000000100
0000011000000000000
0000100000010000000
0000100010010000000
0000100010010000000
0000100010010000000
4128
20 26
54 66
47 69
50 60
44 53
47 53
68 73
19 37
50 58
78 91
43 55
26 31
49 77
11 17
51 54
74 82
67 81
68 78
15 19
13 20
21 32
32 39
46 55
57 72
47 57
28 35
86 95
13 56
68 78
92 98
41 69
72 77
10 20
16 27
17 20
18 21
3 8
40 46
5 24
89 95
11 18
1 5
88 100
16 21
48 58
43 52
49 53
25 32
53 70
47 60
67 77
4 10
25 36
85 100
38 50
61 65
83 91
79 86
75 85
29 41
17 61
63 69
34 47
63 83
63 79
11 14
53 59
26 33
47 54
72 84
69 83
18 26
18 21
35 41
44 47
75 92
29 35
51 55
10 28
6 17
19 25
46 58
40 58
60 79
77 91
90 94
78 88
64 78
47 61
10 51
59 72
53 64
4 6
77 84
7 14
43 49
17 28
55 58
67 70
47 59
43 52
56 70
38 53
23 38
19 34
19 32
57 63
68 70
56 62
44 53
16 23
46 60
13 24
19 23
76 83
47 50
7 13
85 92
55 60
13 56
5 15
8 29
71 98
23 32
93 94
50 59
87 99
1 9
96 100
57 70
7 20
12 15
48 70
56 60
84 91
88 99
82 91
32 52
52 80
4 9
54 60
64 83
23 28
86 97
18 30
89 97
5 9
32 39
30 37
47 65
16 23
97 100
55 73
36 46
41 58
37 48
89 97
61 71
57 64
30 44
78 83
52 58
28 50
37 48
88 92
85 93
74 87
69 81
8 19
32 55
44 49
61 67
62 67
26 62
69 80
6 11
34 40
94 98
80 85
75 88
37 48
20 29
64 72
1 3
9 19
18 22
21 28
32 42
20 27
26 35
51 57
41 57
56 69
35 79
19 27
34 57
95 100
41 47
68 75
48 66
22 39
15 23
55 63
48 53
18 41
57 64
88 90
50 53
64 70
49 57
39 72
5 11
14 41
42 49
87 97
52 67
63 70
19 26
33 45
14 18
18 29
54 69
86 90
95 98
37 42
65 71
89 95
21 26
29 38
24 46
91 99
41 46
87 93
36 47
89 94
12 35
54 70
4 7
5 11
57 70
38 43
45 52
94 96
20 26
72 77
13 16
16 35
71 74
77 86
51 80
74 78
54 68
37 43
41 63
57 72
50 54
72 97
70 77
17 27
52 62
51 60
2 9
39 47
39 51
9 18
71 97
30 37
24 37
65 67
9 12
49 68
87 97
3 16
74 86
7 19
56 74
93 95
22 27
73 85
16 24
32 43
8 20
55 61
43 50
17 26
27 33
17 29
54 69
20 83
25 40
90 95
81 91
71 80
65 78
9 19
76 82
58 79
53 63
35 40
12 16
10 20
60 70
27 45
1 9
53 65
23 29
54 62
47 67
83 91
47 61
78 86
35 41
3 10
53 72
4 63
60 64
41 52
91 98
38 50
59 66
88 95
85 95
29 56
17 28
44 66
91 96
43 46
93 99
19 26
30 34
49 87
20 33
75 89
51 74
25 41
59 83
35 83
27 32
58 82
44 51
18 21
96 100
1 5
3 8
72 80
37 43
14 19
59 68
29 42
5 21
31 45
29 39
70 79
35 37
20 29
32 45
70 79
60 78
59 63
92 97
49 58
19 30
87 91
85 98
17 22
37 46
42 67
45 52
43 53
17 48
28 42
37 48
7 15
53 67
42 55
13 21
41 45
47 66
73 80
83 92
22 35
23 29
73 83
96 100
65 73
44 48
38 46
68 94
80 88
70 81
5 11
67 71
66 78
37 64
20 32
31 38
74 81
8 15
69 76
91 96
16 27
57 59
23 45
72 80
26 39
60 64
78 80
24 29
19 21
73 86
18 24
60 71
70 80
70 76
64 74
2 25
35 44
78 92
39 48
57 66
43 55
31 45
8 14
62 75
6 14
9 29
63 66
11 16
89 94
58 70
16 22
38 48
25 33
44 62
61 71
96 99
89 98
69 74
22 30
44 46
37 68
38 46
26 33
44 62
17 20
83 91
62 69
38 69
85 89
71 75
5 10
21 47
41 54
52 69
6 17
76 88
87 93
44 51
25 48
45 53
18 35
25 29
34 55
62 72
25 36
46 50
68 79
59 75
34 44
52 60
14 18
24 42
29 33
16 22
40 59
76 88
94 96
71 90
39 52
59 76
3 6
49 61
37 50
16 22
27 54
29 41
3 16
22 27
81 87
41 51
64 74
87 96
27 36
28 40
47 57
72 87
4 23
63 68
63 66
32 42
90 96
7 14
8 23
28 36
8 21
2 11
78 84
82 86
66 77
1 7
71 82
25 60
6 14
43 79
39 57
35 37
26 34
75 80
72 79
34 45
27 45
45 50
11 33
71 74
57 61
58 68
3 10
64 68
22 30
79 88
12 27
66 75
16 29
75 85
15 24
9 14
2 8
7 21
55 60
3 31
15 29
70 78
71 75
4 13
22 25
8 22
58 74
47 74
30 51
72 82
32 40
79 92
54 68
1 10
11 15
80 86
50 67
4 22
59 69
80 88
30 32
54 68
62 75
14 33
17 23
64 70
1 11
21 25
59 71
17 47
1 7
43 54
63 73
61 64
82 90
38 55
6 11
87 98
28 30
15 27
85 99
74 95
54 94
41 60
55 88
28 36
86 91
49 52
73 82
48 58
71 84
14 30
37 53
8 24
41 52
40 51
50 56
64 71
68 74
3 60
76 92
84 91
46 63
67 85
80 86
12 19
13 18
40 56
62 75
10 17
85 87
27 48
6 33
47 48
87 93
33 42
86 95
28 31
14 22
21 26
85 89
19 26
5 8
21 32
38 57
28 33
45 52
47 52
61 66
33 38
65 74
5 20
63 74
15 21
10 14
49 53
69 78
40 44
14 20
12 31
86 96
27 30
2 5
80 91
82 90
54 64
26 44
59 69
41 47
7 22
37 42
10 13
77 87
17 23
68 76
42 49
13 22
21 28
15 26
38 52
8 15
78 90
76 99
32 42
60 64
13 31
91 100
43 50
38 43
87 92
39 41
69 72
51 75
64 83
44 59
43 51
49 67
24 28
22 30
41 49
8 23
46 49
76 84
90 96
49 54
63 76
18 29
3 31
23 30
75 81
67 71
84 97
11 21
49 60
24 41
25 43
68 78
63 74
9 24
45 48
41 53
36 42
3 11
52 58
27 42
60 69
40 45
70 79
31 39
77 90
2 7
77 97
72 79
13 18
9 14
61 87
31 34
5 16
40 60
90 95
47 69
78 95
65 77
88 91
50 53
51 58
15 25
79 91
51 59
18 37
64 67
46 74
47 54
2 6
33 47
81 82
89 98
11 13
89 92
74 85
64 82
50 54
42 53
85 89
43 61
35 48
34 61
18 32
9 20
78 85
36 47
2 12
36 44
81 86
4 16
51 56
11 19
36 61
84 95
61 72
62 72
24 33
66 74
62 78
53 67
53 65
77 81
2 25
30 49
19 28
75 84
2 4
53 66
36 42
18 36
38 82
86 89
1 32
26 40
74 78
48 52
11 14
62 72
22 56
12 14
15 22
38 44
55 68
3 8
52 74
24 30
6 16
55 62
50 59
11 48
59 82
78 82
74 92
69 77
27 51
74 82
33 41
56 59
38 41
79 92
9 17
10 21
18 25
83 92
13 24
2 17
28 45
47 66
16 23
7 10
34 40
48 74
46 49
90 96
47 56
36 37
34 43
37 44
25 45
50 59
52 63
1 7
7 29
21 24
84 87
35 39
17 22
17 35
77 87
3 12
48 55
36 62
87 95
29 53
45 50
67 76
44 56
24 31
50 55
58 66
81 92
21 44
68 81
77 92
3 13
54 66
21 28
47 55
79 87
49 54
28 67
50 65
85 91
48 50
17 61
32 55
84 92
1 8
70 94
28 52
26 32
38 53
16 27
14 25
63 69
70 81
68 69
78 82
21 31
34 43
35 40
33 42
54 70
50 51
76 81
13 20
79 98
56 64
75 88
69 78
44 59
14 50
54 67
28 31
50 52
46 48
59 69
27 37
28 31
68 72
73 78
70 74
58 68
14 19
52 63
86 91
77 85
16 31
85 91
37 45
21 65
65 70
5 11
74 84
19 32
52 64
1 24
47 55
67 75
11 31
14 27
21 31
35 42
81 85
69 76
62 70
12 23
48 52
11 21
41 44
32 34
6 12
72 75
76 85
39 42
48 54
52 72
4 22
61 71
66 70
3 17
80 84
60 63
14 21
22 34
86 91
61 75
58 64
16 26
43 60
38 55
71 76
50 58
29 39
74 94
15 18
55 71
30 39
49 53
63 76
21 25
49 55
93 98
6 14
80 90
84 97
35 40
53 63
46 56
27 32
91 98
65 67
46 64
23 30
40 48
55 58
2 12
18 25
59 66
45 53
21 28
8 14
47 60
31 42
52 58
48 51
8 18
61 65
50 62
52 81
6 11
61 69
12 28
68 77
80 86
70 74
19 25
24 40
54 59
77 90
30 40
71 96
41 47
93 99
2 23
44 59
91 100
72 85
86 100
15 22
67 76
33 41
9 27
47 55
76 91
32 33
12 18
9 22
14 27
57 74
7 13
26 32
16 26
46 54
77 87
88 99
50 64
12 21
84 93
47 66
45 62
93 96
33 39
33 39
71 83
3 18
29 37
52 60
24 32
82 97
23 33
64 81
36 42
60 68
87 91
74 99
12 25
49 66
68 83
53 64
17 50
48 59
27 42
10 30
62 71
77 81
50 54
63 65
38 43
11 14
70 89
39 47
87 95
38 43
14 24
5 20
53 57
9 22
72 82
46 56
44 51
78 80
29 37
25 40
52 58
50 55
59 70
6 33
37 55
42 66
56 69
29 68
29 34
85 91
6 29
2 10
50 59
41 45
29 36
73 90
11 25
80 93
41 56
12 17
84 91
52 55
56 60
39 48
37 39
71 74
66 70
40 56
37 49
77 85
25 34
30 34
18 23
58 69
65 71
4 21
84 90
47 69
52 66
16 24
70 79
85 90
54 57
76 85
45 81
17 21
35 42
64 85
62 70
17 41
7 29
54 59
23 40
42 49
9 19
24 74
68 78
52 56
61 70
34 47
24 27
14 26
9 11
44 62
5 12
48 53
25 33
15 34
1 16
1 15
2 7
1 5
57 68
13 22
10 20
44 49
69 78
47 72
82 88
58 64
12 16
28 37
49 63
55 60
55 82
48 60
17 27
35 45
4 24
17 40
38 56
13 19
78 94
27 39
39 48
83 94
64 69
56 69
56 62
83 95
85 98
48 64
18 23
74 80
13 22
55 60
63 95
40 46
29 35
10 27
16 18
26 40
14 32
67 87
6 13
70 75
77 87
14 28
73 79
50 57
6 37
31 38
25 47
27 48
1 4
32 45
51 65
26 40
2 7
21 31
62 69
81 85
7 16
10 19
35 52
88 100
63 73
15 43
73 87
54 70
67 73
30 37
63 68
68 82
2 10
58 65
26 33
33 39
89 96
59 74
72 89
45 63
91 99
40 51
62 69
24 29
37 59
40 51
60 81
89 92
13 15
40 47
27 32
52 78
76 82
49 75
8 16
24 51
44 61
69 90
24 31
56 66
87 99
42 45
3 20
56 64
29 38
6 11
54 58
10 20
65 73
88 99
42 58
41 48
23 43
2 9
86 96
49 57
46 65
70 77
49 55
74 79
40 51
41 52
1 7
72 96
12 15
8 16
74 77
90 99
46 59
33 48
83 100
72 76
30 36
15 24
56 85
56 62
69 72
75 86
78 93
76 80
9 23
86 93
82 91
61 65
88 98
22 42
56 59
86 99
75 84
3 15
67 76
22 30
61 66
26 46
15 20
27 36
39 47
6 22
38 47
72 84
61 73
85 89
41 46
6 12
19 28
60 83
2 12
55 69
33 50
65 72
32 45
9 25
12 21
2 12
96 99
23 39
67 74
41 45
74 91
15 27
50 73
27 32
93 96
90 100
88 99
68 74
23 41
36 48
76 81
55 64
49 61
83 89
66 93
15 77
27 45
18 21
56 63
80 87
36 52
33 40
71 79
4 20
3 26
91 99
44 48
56 59
3 31
63 73
42 59
87 99
60 67
34 38
36 49
82 100
12 23
15 19
50 66
90 95
21 27
65 70
25 75
12 36
47 51
4 12
16 24
32 38
66 94
41 61
3 20
62 67
39 53
74 79
35 43
36 62
3 15
79 86
2 10
10 19
66 80
85 88
68 73
67 95
72 76
67 75
58 64
54 66
5 10
16 27
67 87
4 15
43 55
68 86
34 36
45 65
11 15
75 80
67 70
78 89
20 42
29 36
8 25
47 54
44 59
69 86
82 93
39 55
30 37
88 90
90 99
82 89
92 100
39 43
17 32
60 65
90 97
12 16
33 39
65 74
37 47
44 51
34 41
16 25
45 52
62 72
35 49
40 45
12 21
10 17
56 65
76 86
6 14
51 64
68 69
15 21
3 13
23 35
39 44
6 24
18 29
8 17
65 70
7 27
16 22
71 75
28 44
20 32
20 25
57 60
11 27
39 53
74 79
65 82
21 25
69 93
78 83
49 81
38 47
54 63
11 14
21 40
62 81
75 96
46 49
58 65
25 36
23 36
79 95
61 80
52 65
53 64
50 68
21 28
71 77
66 82
73 100
60 72
71 79
38 48
79 84
1 13
15 19
44 54
16 26
60 68
62 74
44 48
16 26
68 91
78 91
19 31
7 21
32 67
48 59
93 100
23 36
22 33
62 70
51 77
81 92
28 39
26 41
42 44
83 94
9 18
55 62
26 32
57 61
33 36
10 35
88 98
89 95
46 59
70 84
46 67
15 23
43 63
33 39
30 38
91 95
25 38
11 14
75 88
23 29
5 12
46 54
40 46
60 73
87 94
14 23
61 68
51 65
71 75
56 76
74 82
69 73
10 23
72 79
64 75
64 72
62 77
3 25
7 13
70 83
19 26
7 18
48 65
46 53
74 83
57 68
12 26
70 78
14 22
47 57
45 56
42 50
2 11
90 96
60 65
67 83
35 42
19 26
12 20
78 91
37 44
51 81
17 19
26 33
13 33
29 32
3 10
27 34
20 28
56 73
31 40
44 52
69 89
44 49
44 52
62 76
72 82
74 90
88 96
5 15
5 23
7 28
25 34
57 65
2 9
16 38
39 44
27 34
22 27
89 92
39 48
26 33
80 83
61 70
64 71
77 86
45 52
93 100
47 52
74 80
73 89
71 75
6 37
60 72
44 62
31 56
79 84
44 60
31 33
1 17
35 50
97 100
48 66
77 86
40 46
61 64
70 75
22 31
25 37
84 92
40 55
80 85
73 87
93 100
72 79
37 45
82 100
27 36
42 60
86 100
75 86
15 20
72 81
89 99
63 67
83 91
51 77
68 74
48 63
10 14
83 87
56 83
34 61
9 17
5 14
43 50
66 74
21 23
76 81
34 44
28 35
28 36
22 28
7 14
52 55
26 49
62 70
1 4
15 32
43 49
58 72
19 26
63 65
84 89
24 27
50 55
59 65
63 69
24 27
75 86
36 40
58 62
38 48
79 89
14 24
8 30
48 53
40 49
29 35
76 86
60 78
46 49
40 46
22 35
51 77
30 46
75 79
65 72
45 57
41 48
10 16
57 63
35 52
33 43
42 45
18 28
4 14
24 27
81 96
13 19
1 13
65 87
3 6
80 94
42 46
31 41
5 22
45 63
31 51
79 91
68 74
43 60
59 65
48 53
51 63
57 65
77 94
31 35
81 90
67 73
74 89
73 81
22 34
7 13
63 67
56 65
85 98
31 43
39 44
58 76
29 35
38 79
6 16
62 72
26 46
63 68
26 44
21 28
1 8
12 20
14 21
80 86
79 89
70 84
50 61
10 24
88 91
51 74
51 81
52 57
48 69
7 14
52 70
20 24
60 72
61 82
13 21
63 71
61 71
3 18
46 50
19 26
84 90
65 79
8 15
73 74
31 35
85 98
82 86
67 72
67 91
20 22
70 80
83 89
55 62
46 53
6 37
69 80
59 73
62 73
33 53
73 79
49 53
81 95
16 29
79 83
37 56
58 62
53 65
42 65
61 77
55 67
75 81
46 58
63 68
42 80
42 45
56 72
90 98
35 39
55 59
39 52
7 26
62 69
32 38
4 25
54 80
95 100
83 94
71 92
7 13
10 27
10 23
56 72
21 27
21 49
1 11
52 55
23 42
29 32
11 24
16 33
73 75
35 61
42 64
72 95
55 61
71 85
57 73
83 87
92 98
66 89
46 52
13 20
28 48
77 92
24 33
55 60
54 56
22 37
37 42
34 45
8 15
68 99
30 39
42 49
67 80
71 93
78 90
24 35
55 59
39 46
63 83
57 78
58 93
43 55
31 37
56 71
86 95
68 74
58 83
13 24
17 30
60 67
55 60
7 11
65 76
14 39
78 88
80 93
14 19
9 19
51 55
13 21
95 98
21 31
93 100
83 89
30 40
60 65
4 12
53 59
19 27
62 66
22 34
29 39
12 22
21 24
38 53
73 79
69 81
48 55
67 75
74 87
46 56
56 74
53 78
54 70
77 84
53 58
28 48
82 99
90 93
17 29
15 21
29 67
21 33
70 78
41 50
61 65
77 91
35 44
12 23
81 89
57 68
70 73
70 85
27 31
85 89
10 21
20 24
29 36
86 96
47 58
41 58
24 26
15 21
83 90
30 31
17 67
64 72
78 85
35 41
8 20
16 21
22 29
9 18
10 37
71 78
32 45
1 8
37 70
17 27
20 44
20 42
71 83
31 47
64 71
15 23
56 65
89 95
66 71
25 31
19 24
28 39
2 11
84 87
74 80
53 83
52 90
11 33
53 56
92 99
56 62
80 91
53 64
2 12
1 9
83 89
18 28
78 86
24 30
71 82
14 26
70 87
18 31
27 47
92 100
75 91
58 61
35 59
68 82
10 14
9 15
67 77
7 13
64 80
13 22
53 63
46 65
59 81
31 35
28 34
23 30
40 48
85 88
31 45
77 81
15 43
96 100
47 75
13 25
33 45
23 41
57 65
11 14
68 78
66 76
43 44
22 27
52 79
85 88
3 11
66 72
53 64
51 69
64 74
54 70
17 37
51 59
42 52
77 93
62 70
54 65
10 20
44 53
48 54
64 68
80 83
15 24
59 65
89 99
75 83
88 99
47 53
83 91
44 59
71 78
42 54
68 77
85 90
75 84
45 54
34 48
12 19
42 46
14 17
50 74
23 27
35 43
84 85
75 89
2 22
91 97
55 67
58 65
32 50
55 67
92 98
38 46
73 79
20 27
67 73
81 87
72 99
82 88
32 42
35 39
50 57
51 68
75 78
84 94
13 23
32 35
23 31
70 83
47 58
67 90
42 53
17 29
71 73
8 14
20 23
50 88
85 97
51 69
9 18
61 78
3 8
48 50
73 86
22 29
60 62
3 8
91 99
64 75
32 38
45 59
14 25
73 78
59 71
54 60
8 23
13 25
24 39
63 71
23 34
57 62
42 46
27 34
21 31
48 52
65 78
86 97
67 76
77 79
25 30
1 4
78 85
29 39
5 46
35 46
77 85
33 38
46 55
16 63
81 89
35 55
58 66
33 43
44 58
50 64
62 74
66 99
42 46
4 18
37 41
90 94
54 70
46 59
67 97
86 91
38 45
85 100
94 97
18 35
49 61
31 37
74 87
38 58
66 70
55 58
11 21
42 49
8 29
52 59
54 80
39 43
81 88
51 61
28 34
45 53
34 50
71 81
86 95
74 82
19 26
30 36
53 65
80 98
10 30
94 96
65 75
35 63
27 37
89 99
84 93
36 43
33 48
73 92
3 14
38 42
48 60
23 33
51 56
4 14
69 76
81 95
70 90
31 37
68 72
83 92
61 66
85 91
66 76
15 23
78 88
67 76
10 13
76 94
30 33
72 78
21 32
52 65
7 10
64 88
4 24
22 45
80 92
42 50
10 22
14 27
81 95
23 39
28 44
34 38
57 78
14 60
40 45
64 80
63 77
79 89
36 42
41 44
33 41
36 46
46 64
59 66
20 37
73 78
50 63
27 50
24 30
20 30
1 9
37 50
61 70
59 61
45 54
34 44
35 47
15 22
34 40
29 35
9 28
40 45
64 70
29 38
17 37
23 31
1 11
81 84
24 33
16 27
61 71
40 49
91 96
18 21
72 76
81 84
5 37
60 64
86 89
66 77
82 95
62 69
33 67
81 93
59 64
79 94
35 49
6 24
20 24
81 84
11 33
73 76
52 61
65 86
36 41
35 47
65 70
84 99
67 73
67 80
28 32
56 64
73 80
14 29
22 25
47 55
4 13
45 52
32 47
66 75
34 46
1 13
84 96
12 24
60 87
19 29
86 97
47 61
36 47
33 42
88 96
90 99
42 65
17 26
31 32
46 55
23 38
74 100
61 70
69 76
44 47
24 35
68 84
47 57
13 19
27 42
31 38
77 84
71 82
79 97
34 47
21 29
67 77
60 71
8 12
39 53
59 68
61 73
7 10
35 45
23 36
58 72
77 92
62 72
31 49
18 24
22 33
28 55
2 4
48 59
77 96
5 19
13 29
34 48
68 78
51 61
1 4
80 87
75 87
46 50
58 79
35 41
38 58
46 61
42 60
52 61
88 96
34 48
31 40
1 15
4 16
78 99
51 75
39 44
44 63
36 41
77 94
42 44
77 88
2 15
57 86
23 30
68 87
21 32
62 84
14 27
33 47
3 18
86 98
64 75
83 85
58 70
63 68
63 69
22 31
46 54
30 36
43 58
48 56
27 46
78 90
49 66
75 83
81 94
65 73
12 24
61 79
15 28
72 79
64 66
66 80
69 80
52 71
25 46
65 79
37 42
24 42
2 17
85 90
44 58
48 57
58 65
85 93
41 52
65 75
31 36
30 36
7 11
3 7
5 13
37 46
25 36
9 19
61 81
53 59
53 69
56 65
31 50
12 24
64 81
76 80
52 64
11 18
23 58
63 71
17 54
30 38
20 34
55 68
54 56
46 49
67 71
94 95
78 87
57 73
41 46
55 62
12 30
91 98
68 74
19 26
23 31
41 44
25 36
72 80
39 59
20 26
13 21
15 19
59 62
64 76
87 95
31 42
26 30
79 86
79 90
88 89
51 56
35 53
61 75
53 71
56 59
33 35
65 84
56 64
59 77
55 63
33 52
19 30
60 61
23 38
79 88
13 18
14 29
36 48
14 32
48 53
4 16
8 17
51 62
61 80
29 32
59 85
37 43
79 90
42 44
9 24
38 56
63 70
32 42
79 96
60 67
40 50
60 68
22 25
61 78
17 24
28 49
82 96
4 23
53 63
48 84
37 44
42 48
3 16
23 43
3 14
88 99
58 61
44 52
69 79
39 49
2 10
57 61
70 76
9 17
7 20
8 23
29 59
39 48
41 54
34 42
35 51
9 32
31 42
43 53
35 43
70 83
5 10
57 64
42 55
44 53
60 71
83 91
55 70
70 82
60 69
1 5
6 9
60 72
35 47
9 39
92 99
13 23
20 33
29 38
41 55
12 19
43 48
62 81
21 28
41 43
73 86
53 57
29 38
33 55
13 18
9 12
73 83
26 33
77 81
23 35
2 12
67 90
82 88
3 18
52 55
83 98
64 71
20 24
47 63
55 59
86 91
91 98
31 40
52 58
13 22
50 59
14 26
66 88
42 55
45 47
9 27
64 69
45 52
48 63
54 75
22 39
19 26
81 97
71 75
29 47
67 76
83 89
17 33
6 14
49 67
41 52
61 64
52 81
83 94
40 73
65 76
95 97
26 31
76 91
81 90
41 82
90 95
25 47
16 31
84 88
2 8
46 54
5 15
79 88
59 78
46 52
86 93
69 75
57 62
10 33
54 90
82 98
54 62
65 66
58 73
73 77
54 69
48 66
38 46
9 32
22 35
35 52
5 17
12 19
43 60
42 53
78 83
34 42
80 87
7 8
72 90
44 49
1 8
23 35
20 30
83 89
19 31
16 31
50 68
1 10
86 93
12 21
30 39
31 62
89 93
47 57
59 62
46 61
56 64
75 88
29 64
25 32
95 99
68 75
2 12
90 98
50 63
35 46
32 43
60 68
40 53
5 89
2 10
12 18
9 11
2 21
5 21
21 39
71 81
61 73
59 68
57 63
11 16
83 91
80 88
41 46
67 73
31 36
2 9
93 98
38 56
65 70
74 92
15 24
76 90
44 50
20 22
38 45
2 10
75 80
73 75
17 22
56 75
8 31
22 40
3 6
85 89
1 17
62 83
84 92
48 57
37 47
7 14
54 62
70 80
75 85
56 59
89 93
29 44
43 56
84 87
82 93
82 90
11 14
10 25
31 41
36 38
47 53
62 66
30 34
22 31
41 60
44 52
72 82
71 83
84 88
16 21
81 100
49 66
47 66
58 63
77 88
29 52
90 95
20 45
49 61
24 37
53 59
31 40
77 81
51 58
29 35
7 15
17 26
28 32
46 57
45 52
37 47
43 49
82 96
84 90
83 87
86 94
38 58
57 63
72 82
69 77
95 100
20 26
31 36
62 69
68 85
87 91
2 8
12 35
93 99
26 37
72 85
55 69
94 99
80 100
47 62
53 60
31 42
54 70
54 73
76 83
83 87
26 52
68 74
29 47
6 15
89 97
50 58
80 93
72 76
62 65
18 24
17 25
64 69
81 82
24 26
3 13
66 75
83 94
72 75
52 57
25 36
51 57
55 70
44 49
3 6
30 34
26 38
48 60
78 84
54 59
24 36
84 90
21 31
15 29
47 73
25 35
26 40
45 47
60 77
45 48
5 26
78 88
24 40
55 63
1 8
1 6
85 91
72 80
22 26
31 38
39 66
12 22
86 93
16 29
37 57
54 60
44 53
37 47
21 26
35 38
49 59
79 89
22 29
65 76
80 86
81 92
17 24
42 48
37 64
41 46
35 41
2 11
18 34
33 42
44 51
77 81
87 93
9 31
67 74
86 96
49 86
72 76
80 91
31 38
23 41
89 93
54 59
39 48
15 50
30 40
66 75
73 79
32 47
4 10
50 55
81 84
36 43
45 51
61 76
18 28
81 89
77 83
23 42
31 43
52 63
23 29
73 87
56 66
28 44
21 26
33 37
33 38
60 66
44 83
62 72
50 55
62 67
78 100
35 40
45 48
39 46
38 47
53 61
36 42
58 68
32 52
7 30
52 64
69 79
67 87
67 99
8 12
40 59
12 20
3 15
52 64
84 88
7 18
42 52
41 52
37 60
89 100
66 71
25 35
35 65
29 55
72 80
61 80
44 55
6 12
73 75
10 41
5 9
66 69
4 25
34 39
2 18
28 33
18 26
92 96
51 58
89 98
20 27
20 28
19 28
53 60
36 46
21 34
81 100
27 34
77 90
72 78
93 100
7 21
78 88
3 15
54 94
22 36
35 41
70 81
11 18
54 63
3 10
71 82
81 96
90 95
31 34
4 5
65 98
25 37
3 15
39 42
17 23
80 89
62 73
45 74
8 24
31 34
66 71
46 56
4 13
43 50
16 23
22 27
77 92
68 72
54 59
31 44
29 40
56 59
44 52
23 25
32 47
84 99
45 72
86 90
75 80
24 36
5 10
50 60
40 46
17 34
4 8
62 68
76 87
32 39
18 27
29 36
55 61
6 17
93 100
21 40
35 40
66 75
84 87
50 59
39 63
29 63
20 24
57 66
78 84
42 46
11 15
84 97
18 31
23 34
79 86
65 76
10 19
28 38
29 42
59 77
79 94
37 51
3 9
44 87
28 40
26 28
19 26
5 10
46 57
55 65
44 51
15 27
6 29
62 79
38 49
40 52
36 46
60 65
91 97
34 41
77 98
14 19
37 51
55 63
43 52
61 67
8 14
20 41
14 19
32 35
84 89
30 54
84 98
34 52
31 56
73 78
58 65
37 48
86 90
5 15
55 69
73 81
52 63
89 93
50 64
46 56
62 63
77 85
55 61
72 74
82 92
32 46
35 37
31 36
81 96
14 30
50 62
29 50
17 22
82 85
74 83
13 20
75 83
68 73
44 57
59 64
20 28
65 76
6 9
70 85
24 33
28 34
1 11
63 80
11 16
44 50
85 87
34 40
70 99
50 66
31 52
75 80
60 67
88 93
51 55
36 49
34 43
46 64
67 96
74 87
63 81
4 7
81 89
73 79
48 53
47 51
34 45
86 98
44 57
80 92
70 79
52 64
41 58
36 41
17 26
8 22
48 58
21 74
15 24
70 73
36 57
58 69
83 90
29 42
92 96
89 100
46 51
47 62
81 88
35 44
75 85
33 52
42 46
79 83
46 57
21 24
2 10
22 31
40 50
6 12
88 99
16 22
83 86
36 44
30 37
16 28
5 13
80 83
17 23
45 51
22 40
29 33
78 94
30 46
38 48
45 53
87 95
54 57
46 48
29 42
10 17
15 33
16 40
30 40
9 15
82 85
58 65
39 53
5 12
56 60
42 50
7 18
48 56
4 14
55 71
76 90
80 90
43 50
47 53
60 66
50 61
24 45
69 87
25 37
41 55
10 22
39 44
72 88
47 66
86 92
79 94
20 22
54 61
43 82
75 90
63 65
39 50
40 54
54 61
30 38
96 100
75 76
31 61
15 22
20 24
43 55
51 57
4 15
86 90
42 47
17 28
59 67
35 38
73 88
62 65
24 36
43 47
84 94
68 75
21 26
14 31
65 85
19 26
21 28
39 44
66 79
82 93
5 12
58 89
72 77
66 76
51 77
61 72
91 98
50 61
20 70
51 67
69 74
13 25
24 29
81 87
57 77
60 70
69 84
46 58
24 29
24 28
12 27
12 27
75 80
91 97
10 21
7 35
43 58
60 70
15 24
71 75
60 64
11 29
77 84
22 39
55 67
8 11
53 61
64 86
85 90
28 42
16 34
11 21
36 61
15 21
49 62
58 73
17 27
76 83
81 88
40 42
16 22
90 96
80 84
80 96
68 82
24 30
25 38
64 83
62 75
90 94
45 51
69 78
58 62
12 17
57 65
79 85
31 36
24 74
66 73
1 4
31 36
45 48
53 63
38 50
63 73
31 73
56 69
81 94
64 76
31 47
57 63
51 66
45 48
90 100
55 62
75 92
43 60
22 31
74 87
44 58
5 25
20 24
1 7
5 7
32 40
87 92
48 53
89 92
49 52
88 97
93 100
14 25
16 39
36 51
78 89
39 92
16 30
3 12
71 92
79 88
76 97
83 88
48 52
88 90
8 17
90 94
89 97
54 92
65 70
80 92
10 16
36 41
48 54
70 86
72 87
6 18
92 94
11 17
80 82
14 22
28 36
93 100
43 52
86 92
44 54
23 27
87 93
22 35
48 58
11 26
87 91
19 24
25 29
19 32
56 69
87 99
11 22
22 33
86 96
44 49
22 38
78 86
7 8
35 43
70 80
37 58
45 48
8 17
71 80
26 38
66 71
5 31
2 25
75 77
92 97
38 54
15 18
46 55
13 31
79 86
25 29
91 99
59 67
64 69
82 90
63 77
32 42
32 36
68 73
55 59
53 68
17 22
36 40
77 82
72 76
60 69
26 38
96 99
4 8
35 40
60 74
85 88
67 68
36 41
17 31
93 97
47 54
51 57
75 82
76 88
73 75
8 20
13 25
35 55
38 50
27 33
76 81
78 82
33 36
60 72
13 22
11 39
84 90
24 34
87 100
43 64
67 73
4 12
42 55
53 61
81 85
93 95
54 65
6 25
25 39
65 81
69 74
65 76
45 59
26 34
20 24
9 27
85 90
25 34
31 56
34 42
27 29
66 80
48 57
40 60
61 75
18 25
35 46
65 72
13 48
64 89
57 64
9 16
80 83
13 24
72 85
50 58
82 95
29 42
25 44
9 19
31 40
52 57
32 39
46 59
1 10
13 18
83 88
64 66
18 39
35 42
50 72
57 62
15 19
16 20
53 80
72 80
39 49
20 28
21 40
33 39
87 100
73 78
67 78
83 93
12 32
86 95
21 51
27 37
4 9
13 20
14 20
26 36
10 23
54 56
21 31
6 22
43 67
4 26
24 30
65 78
66 76
5 32
78 85
67 96
38 50
27 53
24 36
66 80
23 41
13 16
85 90
50 58
78 84
61 74
44 53
62 66
47 63
79 89
42 50
25 37
57 64
9 17
23 32
65 71
65 76
86 94
58 63
28 34
10 25
42 45
7 36
75 92
23 26
57 78
30 52
45 50
9 13
4 14
23 30
49 73
17 22
6 14
20 36
30 42
42 54
36 41
67 73
42 77
81 87
47 55
34 58
60 71
11 29
75 82
25 54
29 49
50 54
50 57
24 40
26 35
51 59
19 23
81 90
16 20
41 44
80 85
78 85
42 51
46 54
84 90
8 11
28 34
1 12
78 88
33 50
29 37
43 55
2 10
45 52
49 54
90 92
30 50
41 77
93 100
50 60
33 51
1 8
75 87
38 47
86 93
75 76
56 61
58 65
86 94
39 68
71 90
19 23
37 43
46 50
67 85
75 76
34 46
23 29
14 18
10 26
90 95
69 74
80 90
26 34
55 57
69 85
44 58
86 89
52 57
77 83
21 38
72 92
1 12
2 9
2 7
7 16
86 97
46 58
69 90
35 56
92 99
22 26
44 59
68 74
51 55
49 62
37 65
21 29
37 43
55 71
21 32
4 7
22 54
80 93
17 34
16 24
4 24
32 43
11 18
45 51
8 12
81 95
63 69
83 96
44 62
37 72
76 79
16 28
55 59
81 88
32 36
84 93
80 86
28 38
68 76
21 31
8 21
34 46
80 90
15 35
9 19
41 52
30 40
26 31
78 92
31 41
7 13
7 17
60 69
62 81
5 10
20 39
70 73
63 83
54 87
44 51
41 49
15 48
48 61
90 96
40 46
53 87
85 88
9 13
72 76
55 72
79 92
68 95
61 84
80 92
64 75
26 36
10 30
56 77
11 28
74 78
8 25
25 37
58 67
66 83
85 97
21 39
54 61
44 47
45 49
61 70
83 96
29 37
92 100
28 33
38 40
32 37
3 24
92 96
14 22
53 57
42 53
76 86
3 12
34 49
36 52
23 36
29 39
20 26
67 80
9 22
10 30
76 87
31 41
75 87
4 20
41 46
4 13
85 88
62 70
92 96
72 78
66 71
6 14
35 38
56 75
22 39
37 44
39 50
18 36
89 92
87 92
7 59
11 17
5 20
73 84
13 24
37 45
60 77
1 8
63 68
13 24
6 12
83 92
39 55
24 41
49 56
23 34
62 72
14 26
35 42
16 21
21 35
79 83
61 68
27 31
55 71
76 91
24 48
75 81
7 10
52 56
36 46
33 40
24 32
25 27
28 43
47 56
23 43
65 79
50 57
74 89
82 90
50 66
18 39
33 56
67 99
57 68
3 18
75 95
11 15
11 15
38 53
88 93
87 94
9 16
52 59
26 36
72 74
18 21
36 39
46 53
51 57
35 59
43 47
73 77
53 57
43 62
83 87
24 31
73 81
30 42
8 27
45 57
12 20
58 65
25 36
75 87
53 67
9 13
18 25
2 8
55 61
19 26
58 70
90 95
20 27
4 20
43 57
18 29
12 16
49 53
16 29
58 67
52 63
10 13
3 6
80 89
59 65
26 40
84 94
3 11
33 45
32 36
47 66
77 87
32 42
45 51
44 64
13 26
7 13
54 69
92 98
50 61
93 97
90 94
38 51
56 66
59 67
77 96
42 49
8 23
79 85
1 7
48 62
5 9
63 76
21 32
82 85
51 53
81 87
94 99
25 34
26 49
82 89
21 33
50 63
68 75
30 41
19 36
66 70
24 31
5 22
17 21
19 26
1 9
44 51
64 74
27 40
74 76
78 91
21 35
27 32
3 36
4 18
81 92
53 66
17 23
46 51
17 48
48 64
16 25
89 97
67 70
79 95
37 56
49 62
72 81
12 16
30 47
44 50
33 56
90 95
48 71
29 41
20 42
82 99
43 66
84 96
39 42
2 9
43 49
90 99
58 62
62 73
59 68
44 49
5 7
8 22
19 31
61 66
58 92
21 26
39 49
54 72
35 59
10 11
8 21
10 23
45 58
1 22
2 14
41 48
21 30
41 51
26 32
65 74
10 21
47 67
59 66
94 100
68 87
82 94
83 100
37 42
2 9
52 60
53 70
2 8
30 43
60 67
46 54
7 13
32 48
37 49
56 64
49 55
43 49
41 47
13 22
30 34
50 61
71 75
2 19
35 52
86 96
33 70
23 34
15 35
24 38
25 39
84 87
51 64
63 79
86 96
43 48
72 84
63 72
28 44
55 75
58 74
92 95
46 58
40 52
57 75
16 29
41 48
30 33
88 100
23 29
37 46
94 99
58 71
71 80
59 67
24 37
53 66
96 100
38 50
58 63
82 83
94 97
75 90
32 46
54 75
7 16
18 23
43 60
82 85
42 46
32 35
25 56
14 19
54 63
44 66
78 83
4 25
50 54
79 91
16 20
64 79
33 52
51 70
84 98
24 31
42 47
10 24
11 24
60 62
41 62
18 24
53 70
32 40
9 15
74 82
3 87
