100 20 20 14
00000000000000000000
00000000000000000000
00000000000000000000
00000000000000000000
00000000000000000000
00000000000000000000
00000000000000011111
00000000000000000000
00000000000000000000
00000000000000000000
11111000000000000000
00000000001000000000
00000000001111111111
00000000000000000000
00000100000000000000
00000000000000000000
00000000000000000000
00000000000000000000
00000000000000000000
0000001000000000000
0000001000000000000
0000001000000000000
0000001000000000000
0000001000000000000
0000001000000000000
0000000000000000000
0000000000000000000
0000000000100000000
0000000000100000000
0000000000100000000
0000100000100000000
0000100001000000000
0000100000000000000
0000100000000000000
0000000000000000000
0000000000000000000
0000000000000000000
0000000000000000000
0000000000000000000
6770
89 94
91 99
36 42
84 97
18 21
39 55
46 58
46 75
33 50
10 33
68 75
30 35
1 7
15 18
71 79
79 83
16 24
27 36
26 42
18 29
76 90
59 67
56 74
18 31
7 17
11 29
5 22
88 98
78 93
40 48
24 44
44 47
95 98
85 97
23 37
12 20
50 54
86 98
7 34
5 28
81 98
9 15
32 37
25 33
64 75
19 28
73 78
35 78
70 74
66 81
47 62
1 5
28 48
37 44
46 72
23 32
24 33
75 81
82 92
20 39
88 91
70 83
11 18
35 59
6 20
84 95
68 79
57 72
41 51
74 75
34 58
31 41
52 55
57 67
23 26
3 28
22 48
75 81
74 79
55 65
40 51
41 46
14 20
71 88
61 73
1 31
7 28
75 83
63 71
24 40
6 20
60 66
28 44
52 63
54 83
85 99
7 15
53 60
21 33
87 94
70 81
83 86
11 19
74 90
6 14
17 35
31 49
9 21
39 46
25 29
15 24
79 83
3 13
11 14
22 34
74 94
19 24
7 13
90 96
34 43
27 47
71 78
3 7
52 57
37 43
39 43
67 79
4 8
69 76
94 98
22 34
77 94
89 92
38 42
58 61
55 80
38 46
2 5
42 56
83 87
30 35
81 89
78 81
48 51
38 40
47 54
55 72
58 68
62 83
9 13
18 26
75 95
11 34
12 36
40 44
56 63
48 51
35 45
17 20
29 64
55 63
22 33
59 63
72 79
2 32
48 62
7 14
42 53
62 80
29 34
75 88
42 71
3 38
9 13
55 61
49 52
41 47
10 25
3 9
40 49
91 98
21 42
58 62
53 62
61 77
85 91
38 41
43 53
40 51
11 21
73 89
85 92
33 47
19 23
72 91
45 52
81 92
32 36
67 75
36 45
75 83
74 91
14 19
91 95
90 93
30 41
40 43
20 34
20 36
61 69
49 53
12 27
61 86
43 50
79 99
39 49
82 92
13 21
20 33
36 62
37 61
70 77
31 40
75 79
36 46
76 82
28 37
20 30
18 30
11 19
62 70
36 45
61 68
32 42
70 82
87 91
29 34
32 34
57 89
32 39
95 99
71 76
3 12
64 87
87 93
66 86
25 35
91 98
14 20
73 81
87 96
72 97
81 85
13 23
75 76
26 62
21 27
58 74
80 84
27 35
10 14
85 93
18 30
58 84
40 54
33 66
62 66
20 24
70 90
23 34
77 89
59 68
23 28
89 96
51 59
46 52
68 73
42 65
88 92
37 44
72 74
4 26
79 87
43 49
15 20
64 79
58 73
30 46
32 45
30 34
19 25
48 58
33 45
12 16
42 43
5 28
34 40
92 98
51 66
24 32
15 32
21 33
8 38
60 64
5 18
72 88
18 22
62 66
56 61
31 53
2 8
23 27
88 94
7 31
3 12
14 21
85 92
65 84
31 50
68 74
34 44
69 77
12 31
14 21
18 51
66 72
80 87
28 35
81 92
54 62
85 95
61 67
18 38
64 83
2 4
92 96
30 36
77 91
53 65
77 82
36 53
60 64
58 74
28 31
33 40
88 100
48 57
2 10
50 54
82 100
40 47
38 44
32 37
15 20
23 47
45 50
7 14
40 51
9 37
59 74
1 20
46 58
41 44
90 100
64 72
43 47
25 36
24 31
88 89
44 51
62 79
11 24
98 100
63 73
24 34
69 71
77 85
56 65
71 79
3 16
29 46
14 21
21 30
72 88
18 38
21 31
19 35
4 9
72 75
7 14
8 11
61 66
6 12
50 58
70 87
41 55
30 47
82 90
4 11
68 76
7 9
68 94
21 25
82 85
65 93
75 87
61 78
82 91
53 69
65 68
50 58
64 77
25 29
80 90
54 60
75 83
65 78
18 30
55 67
49 59
15 29
7 20
57 61
36 49
3 7
93 98
65 81
12 21
29 33
38 65
29 40
4 9
38 50
84 87
78 82
85 96
82 99
5 34
59 74
44 56
71 75
78 83
3 28
24 28
41 68
79 87
69 73
88 94
20 32
29 38
37 45
52 58
15 26
35 39
88 93
78 84
18 24
97 100
42 52
51 61
72 76
78 95
69 78
23 34
59 92
42 48
42 59
6 10
71 79
40 58
4 7
6 11
3 14
32 41
61 71
12 27
73 88
3 7
55 60
58 66
65 73
24 30
74 82
88 98
39 49
32 40
26 45
39 44
43 49
10 17
37 44
60 79
18 25
46 65
9 19
24 29
54 81
33 42
74 90
69 75
2 9
85 90
47 62
26 32
45 70
1 6
42 47
31 38
34 37
35 50
18 21
4 8
77 85
14 20
63 73
7 15
56 59
69 74
56 67
68 78
62 67
58 62
35 45
25 40
14 19
58 74
34 43
1 20
86 96
22 26
83 91
42 53
82 84
46 66
70 86
74 87
58 65
18 26
42 63
61 74
35 36
22 43
64 91
25 46
34 42
54 60
81 90
38 49
47 57
62 71
78 88
70 76
19 33
63 72
68 85
39 44
73 77
61 83
95 97
51 55
48 62
14 19
41 50
68 73
67 75
21 30
61 65
20 24
27 51
40 48
16 20
53 60
45 56
43 45
23 24
30 37
66 86
45 59
69 88
37 44
3 7
35 43
75 100
84 90
82 90
22 29
19 32
58 60
19 27
87 94
64 73
54 70
40 50
2 11
34 53
69 74
37 49
31 40
3 11
86 95
27 53
87 97
61 93
7 19
41 54
36 43
90 92
70 91
17 28
42 52
5 8
55 61
83 91
67 81
36 44
20 41
26 32
8 9
88 100
2 15
25 33
25 31
60 73
93 99
30 46
8 18
15 40
8 13
27 30
37 49
43 54
30 37
20 22
12 17
13 22
26 36
20 34
2 9
69 75
74 84
9 25
70 71
63 72
45 58
12 17
59 64
75 85
40 62
52 67
15 23
92 97
79 87
34 55
73 85
37 41
69 72
87 89
60 66
7 28
29 32
72 76
44 56
34 46
32 40
57 71
33 42
84 90
18 32
84 88
17 22
69 83
67 80
12 17
8 14
5 21
72 97
21 32
28 32
7 19
10 39
86 92
67 77
4 21
29 43
73 100
47 54
74 92
67 74
87 90
95 100
62 75
15 37
41 46
4 15
22 27
23 29
7 23
20 41
89 100
71 81
1 5
87 91
19 44
39 62
41 49
81 96
86 89
38 46
18 30
51 56
20 31
43 56
63 70
11 28
61 73
22 50
18 24
43 55
77 83
72 77
1 32
2 33
90 96
50 82
31 37
13 31
38 48
3 16
35 46
41 49
59 73
11 18
7 28
5 21
73 86
41 49
15 25
16 27
53 64
84 89
27 32
62 64
8 22
24 49
72 76
82 88
61 71
86 98
24 26
57 67
78 84
46 52
31 38
34 49
26 36
65 68
14 26
24 27
19 32
70 80
30 41
14 31
12 21
84 88
18 36
41 51
40 46
84 91
11 26
33 36
80 87
8 18
7 11
37 50
91 97
84 89
69 72
1 8
67 70
79 92
26 33
55 63
49 61
12 28
54 72
1 5
54 60
6 14
68 81
64 79
16 21
61 66
79 87
76 80
53 65
80 89
89 99
46 71
73 76
81 94
39 57
33 43
35 40
70 84
43 55
11 28
10 18
76 80
36 44
40 50
68 85
62 68
50 54
10 15
49 64
35 47
7 25
9 18
31 43
31 39
75 84
83 90
19 30
3 18
63 75
4 14
1 10
21 34
50 56
15 23
34 49
3 8
15 39
71 84
60 68
79 86
71 75
96 98
23 33
69 72
23 42
14 31
31 35
22 47
80 87
32 36
83 99
51 61
82 89
65 68
66 70
88 94
5 19
27 44
66 75
60 67
40 42
38 43
69 95
30 45
7 22
9 15
50 55
8 12
35 40
92 98
48 63
69 82
1 13
84 96
8 14
2 17
81 89
36 44
85 97
74 82
15 19
83 89
44 54
54 77
83 87
12 16
87 94
70 80
41 55
17 25
52 61
19 46
85 92
14 24
75 81
29 42
19 25
11 21
65 67
23 31
64 76
4 19
15 21
87 96
36 45
13 19
8 16
26 39
62 72
17 24
30 35
79 84
64 70
55 64
38 50
31 47
52 56
51 71
65 86
52 53
46 57
12 16
92 100
63 76
53 65
80 87
33 40
21 32
25 37
52 60
47 62
38 44
6 10
50 55
79 98
87 91
83 92
87 92
69 83
15 28
58 65
8 17
87 89
39 50
19 27
42 51
11 17
30 40
63 81
3 10
42 48
45 57
35 41
7 10
52 63
11 20
16 27
46 54
26 40
65 76
76 87
69 75
47 52
73 77
42 49
38 53
28 50
53 65
85 90
79 88
64 79
36 46
10 32
7 40
24 34
60 79
22 39
24 37
71 78
65 79
59 82
18 42
59 66
38 85
21 42
7 15
46 57
63 69
27 35
78 87
60 77
81 94
29 35
31 34
83 92
64 76
11 21
36 40
17 27
62 69
76 80
19 21
36 46
93 100
25 33
58 70
23 27
92 97
55 63
6 12
27 37
56 71
53 65
43 49
84 100
53 64
61 77
84 100
53 89
94 99
12 32
46 59
23 25
42 48
2 9
76 83
33 66
24 39
16 20
88 91
27 50
68 71
72 79
34 57
33 43
83 97
46 65
27 35
50 62
59 64
20 30
9 17
47 72
31 59
11 19
24 35
79 88
81 90
52 58
67 90
16 27
73 83
4 17
94 100
36 71
61 72
67 78
60 75
21 30
56 60
78 91
40 41
82 96
82 91
88 92
57 65
36 59
68 81
77 86
80 88
33 48
66 80
64 74
16 21
4 33
76 80
27 37
44 55
7 18
15 20
23 38
32 42
27 39
7 38
86 91
57 64
35 37
44 52
25 43
9 23
7 11
30 34
8 26
29 38
93 98
48 51
49 58
89 94
81 90
14 23
3 8
22 31
96 100
73 83
14 26
60 66
21 29
15 23
20 38
7 12
50 64
64 90
8 31
87 94
35 40
78 94
6 13
32 52
22 55
61 69
12 39
56 67
35 45
3 11
48 60
20 28
43 61
40 47
66 73
30 35
74 83
1 24
19 37
53 66
71 75
48 57
71 77
41 53
7 14
4 12
19 23
80 91
22 31
29 46
17 24
41 44
91 97
27 35
57 69
1 4
29 31
39 42
83 88
3 17
73 78
14 17
47 51
53 64
20 28
18 39
59 72
18 29
59 93
79 82
41 47
14 27
56 63
9 22
24 37
20 31
1 6
22 38
56 66
13 26
67 84
30 39
91 95
40 71
32 36
52 57
45 51
80 93
47 55
84 91
11 42
43 47
53 62
8 15
29 36
34 45
9 16
46 47
54 66
86 88
60 71
49 59
30 34
42 54
52 57
37 46
88 95
48 57
43 55
6 18
51 55
65 74
25 32
39 48
55 65
17 25
26 47
3 16
15 23
27 34
1 9
80 85
56 72
88 100
85 93
90 96
80 87
79 92
70 73
88 94
63 74
11 23
37 45
26 39
70 84
47 64
31 46
33 43
74 91
67 77
38 53
44 58
27 31
24 58
8 14
18 21
16 25
96 99
32 41
45 56
27 32
80 93
43 64
22 42
91 100
36 46
8 13
51 59
32 41
53 62
38 46
15 22
84 92
19 23
28 48
11 14
83 97
81 92
55 78
47 65
4 10
19 42
41 61
35 62
44 56
40 49
1 23
93 98
62 76
84 100
23 47
83 91
94 96
27 29
71 80
62 74
37 39
84 96
83 85
16 63
95 100
65 73
44 47
50 63
49 64
47 74
31 38
17 25
94 100
2 26
27 32
67 88
28 55
9 23
62 76
50 58
51 60
21 44
92 99
5 9
12 18
42 49
56 60
29 69
48 53
48 56
12 15
1 14
56 62
62 76
5 16
30 42
49 58
92 100
29 39
23 33
51 73
87 98
47 57
81 88
49 59
26 46
28 59
62 70
3 25
75 82
26 58
14 22
13 23
74 82
4 7
69 77
20 53
23 33
84 96
46 60
8 25
46 54
4 11
82 97
19 29
79 84
85 99
52 57
4 9
30 57
79 92
91 93
11 19
34 61
16 21
74 84
52 73
42 45
40 66
80 96
82 85
44 54
64 77
15 16
43 49
78 86
42 50
84 91
19 26
27 31
76 83
82 98
43 52
37 48
19 23
78 92
11 18
11 15
43 47
37 41
88 100
46 51
47 54
33 37
22 32
6 30
33 46
41 66
77 81
65 68
12 19
92 99
19 29
20 34
26 29
42 45
25 31
43 47
18 24
52 59
93 99
49 55
19 29
68 79
11 15
43 49
62 74
11 23
70 82
28 36
44 72
4 9
8 15
49 57
13 21
81 89
64 81
69 74
3 7
2 11
79 87
20 29
25 40
4 6
29 53
83 92
88 97
2 20
29 37
46 50
52 58
22 45
25 33
59 85
14 25
8 19
86 93
74 93
7 14
58 65
42 48
29 37
57 59
41 45
81 91
56 65
35 50
1 6
81 95
77 85
33 41
7 22
63 82
16 24
79 95
35 47
10 24
10 15
20 41
70 75
11 54
54 63
60 62
66 69
50 60
2 4
57 82
31 42
3 5
83 91
69 74
39 64
50 58
90 99
54 60
78 88
68 83
63 74
31 41
72 85
45 49
57 60
85 87
90 95
7 14
44 54
48 52
10 28
50 58
24 46
2 4
49 59
66 70
30 37
54 67
39 42
22 27
16 28
80 89
24 29
22 34
85 100
53 63
22 37
68 72
23 31
15 30
62 76
68 84
81 88
47 56
75 85
76 84
33 44
22 38
74 83
47 52
11 36
36 48
82 98
49 62
78 93
68 73
27 34
81 88
74 91
2 16
67 75
24 39
76 88
80 92
10 17
51 57
24 38
58 70
82 88
9 76
42 46
15 22
10 15
65 73
46 54
89 98
21 32
46 55
89 98
38 42
56 66
53 78
70 73
32 40
61 75
15 22
45 50
81 84
77 82
17 25
39 49
23 38
35 42
6 11
42 52
70 96
77 84
1 19
13 31
63 77
30 38
70 93
27 39
95 97
47 53
39 50
59 73
22 30
87 90
40 67
13 19
43 52
50 64
57 65
24 41
30 46
79 84
62 72
69 86
81 91
5 23
45 56
15 27
1 6
5 12
86 89
15 18
46 51
77 91
69 86
7 19
20 30
68 80
79 98
3 17
8 10
43 51
57 62
47 54
14 26
16 22
22 31
22 43
22 29
20 28
56 74
48 59
61 70
72 82
60 69
1 20
52 59
42 64
92 98
10 15
87 92
80 87
12 19
86 94
18 31
76 80
55 62
56 93
43 69
25 32
13 34
66 68
42 48
59 63
70 82
5 12
69 84
78 82
27 37
3 10
39 47
3 30
31 41
68 74
6 13
73 87
42 48
68 76
72 86
73 79
67 81
15 17
29 39
14 22
73 90
40 52
36 47
80 92
67 91
58 65
33 37
31 45
92 98
38 51
31 36
53 62
10 21
50 70
33 41
89 100
14 21
90 94
32 44
49 62
11 18
53 65
41 58
24 33
69 77
90 96
80 93
83 87
72 86
12 37
63 85
25 34
2 8
68 75
81 92
8 13
68 82
14 17
19 38
27 32
86 99
20 26
14 24
21 25
31 39
75 78
23 29
60 62
1 12
89 94
75 85
52 62
73 83
33 35
49 52
68 86
22 32
2 8
7 13
29 33
17 28
52 60
21 40
62 67
18 26
35 62
72 87
8 21
51 59
30 33
20 32
51 76
37 54
22 29
68 93
54 68
92 96
5 17
47 50
63 78
53 55
41 62
38 43
44 51
4 31
32 37
42 47
71 97
15 23
41 49
52 60
1 6
65 72
31 44
27 36
80 92
49 71
96 100
67 84
75 89
67 85
7 15
18 25
62 70
22 29
58 72
17 24
61 78
46 53
9 14
10 26
43 56
16 30
35 72
24 34
21 34
78 89
85 89
26 29
12 19
38 45
11 18
8 20
29 44
45 57
54 57
84 90
33 41
87 93
36 44
17 36
48 58
25 31
90 96
6 20
18 19
22 30
8 13
32 41
10 17
6 15
70 78
6 13
27 41
46 51
3 14
46 53
82 85
41 55
31 48
59 88
48 52
68 72
36 49
34 43
13 30
81 96
37 42
83 92
70 72
71 89
87 95
40 44
50 56
23 37
12 48
27 40
29 44
80 94
31 36
21 40
73 80
25 27
61 75
16 42
19 29
45 59
70 81
73 82
74 84
49 60
51 55
36 68
40 60
1 13
4 14
60 65
23 33
17 40
42 53
40 57
70 79
68 76
48 65
79 82
61 64
43 61
52 58
52 59
51 56
49 57
12 16
18 27
55 66
67 71
8 40
43 47
71 88
43 48
12 21
49 58
12 42
21 29
32 36
29 44
86 100
47 58
32 41
19 25
77 89
10 22
63 75
80 90
49 74
1 11
70 82
42 52
69 91
79 92
33 38
64 76
31 48
91 99
46 66
43 54
30 40
33 34
58 63
82 91
61 73
83 87
38 44
23 27
13 28
9 18
20 31
80 98
10 23
84 88
40 47
50 64
2 7
12 21
49 54
89 95
70 75
33 85
69 75
59 66
61 64
23 28
28 39
60 69
64 77
46 51
55 61
80 88
62 78
70 79
54 60
85 94
68 86
57 66
39 53
35 60
9 13
7 21
13 24
82 93
83 89
39 48
22 31
85 89
39 43
92 99
14 22
32 46
50 62
15 19
28 35
9 29
35 54
43 47
40 50
35 50
8 18
90 95
29 57
72 88
55 68
69 82
83 89
2 7
55 65
52 67
38 51
62 90
90 98
78 98
3 5
49 58
71 77
49 59
52 59
54 64
69 78
88 96
6 13
38 51
75 89
74 84
45 52
9 29
25 32
24 35
62 65
33 44
22 29
63 85
5 11
39 43
2 6
48 57
2 8
15 29
53 55
61 71
68 72
63 69
18 21
85 91
16 21
28 44
71 72
12 15
69 83
10 19
94 96
46 52
47 58
27 35
21 31
67 88
3 16
45 62
51 57
76 83
10 16
50 58
4 7
2 9
52 60
84 97
47 50
7 11
5 9
19 30
40 52
63 87
49 57
5 18
77 87
30 40
12 20
39 54
86 90
28 40
2 8
69 77
26 38
67 80
5 21
5 18
40 47
30 50
31 37
85 91
33 38
52 70
41 50
67 81
47 56
11 47
30 32
92 96
15 33
6 34
15 31
87 92
4 11
18 29
53 56
53 71
64 75
65 75
30 54
13 29
30 33
13 19
11 25
56 67
12 22
20 36
52 63
15 27
27 44
5 13
82 93
52 55
59 63
58 71
68 72
30 45
25 39
46 61
65 80
75 78
57 67
78 84
77 90
82 91
55 65
27 38
13 18
90 94
90 100
59 62
81 97
22 34
28 40
85 90
18 26
77 95
67 77
12 21
16 23
34 41
60 68
23 40
26 33
40 60
10 24
78 88
33 38
2 20
84 94
34 48
20 28
51 54
80 100
87 91
89 91
16 21
6 12
8 21
83 87
57 67
26 35
55 72
82 96
73 76
50 56
27 47
76 84
31 45
31 42
46 68
11 23
9 19
40 48
56 68
11 19
44 57
38 46
7 12
1 6
19 29
5 20
92 96
12 19
23 39
2 21
71 88
60 65
5 18
14 26
58 88
71 74
64 83
64 84
47 54
12 18
35 62
84 95
43 58
6 18
53 64
11 18
69 72
36 38
44 50
62 69
54 57
75 92
50 65
89 97
71 85
9 16
26 48
52 58
14 20
88 93
10 17
21 27
9 17
79 93
29 40
66 69
23 39
68 75
13 24
3 16
30 33
51 63
75 99
39 43
5 60
2 7
59 89
20 26
72 76
81 85
20 49
29 46
10 19
28 36
7 24
78 93
49 63
14 23
59 71
89 94
37 50
36 48
86 92
91 99
91 96
5 9
30 33
80 84
45 58
2 18
10 19
26 31
41 52
9 12
74 92
34 45
12 29
21 40
83 94
84 87
85 97
59 64
2 6
43 55
80 88
16 32
29 41
5 15
63 68
67 75
90 97
58 61
22 26
28 39
4 12
91 94
77 95
76 82
80 84
8 18
27 40
73 80
22 34
9 15
60 75
39 51
68 85
46 57
47 50
77 79
22 28
51 63
57 73
52 75
5 15
85 92
57 61
30 38
78 94
45 50
21 67
26 30
25 36
89 100
4 8
14 20
37 53
71 96
48 53
3 10
56 78
74 86
2 8
13 15
77 97
60 82
63 67
71 77
28 37
76 86
57 65
73 76
58 62
52 59
60 65
36 41
43 46
89 100
18 31
16 21
82 91
78 95
30 35
68 77
88 91
80 86
11 46
87 94
55 64
65 74
92 97
45 50
56 61
19 22
43 48
39 57
57 78
35 38
94 100
79 89
66 72
46 56
34 41
62 81
48 73
21 33
35 38
13 43
89 96
62 68
16 18
5 17
1 7
49 59
51 65
83 94
47 54
71 81
26 38
10 14
74 89
25 30
90 98
45 55
27 31
73 81
49 87
46 58
6 14
19 30
67 70
32 54
5 9
68 71
24 36
51 55
16 37
48 60
16 21
83 92
1 3
39 58
73 92
68 73
50 57
55 60
34 37
25 28
80 84
78 84
35 38
83 85
55 65
78 85
85 90
86 98
67 74
9 12
29 35
62 65
81 87
76 82
42 47
47 67
9 30
2 10
69 74
53 59
17 31
7 17
63 85
91 94
70 74
64 76
83 93
35 41
37 80
18 32
32 45
73 85
36 53
48 65
54 74
35 42
95 98
65 74
6 15
47 57
69 76
44 51
49 53
76 85
85 94
63 89
23 31
8 15
26 27
87 96
55 64
16 28
3 21
79 92
81 93
21 25
8 14
75 87
73 77
36 42
95 100
78 85
4 6
88 92
58 65
24 50
57 73
63 77
20 44
46 50
32 66
32 37
33 66
79 87
41 54
76 91
21 30
76 85
80 98
61 70
78 100
3 17
34 41
52 61
23 49
94 100
73 83
43 59
54 73
42 47
12 15
8 16
10 13
57 62
63 66
42 54
56 88
55 68
71 72
92 99
12 29
66 72
31 49
60 67
79 96
11 23
16 33
40 53
77 90
7 17
5 44
33 37
23 47
70 73
42 57
58 64
82 87
15 23
38 44
6 13
70 76
20 24
11 23
88 96
40 42
45 49
81 87
57 69
24 29
3 9
33 47
3 9
11 16
75 79
83 88
77 86
89 92
36 43
85 92
63 68
61 67
33 41
34 52
71 76
16 54
72 92
85 98
91 96
78 91
42 61
85 90
76 82
37 76
86 96
64 71
66 68
9 16
40 42
9 11
49 53
23 30
5 30
77 86
1 8
23 31
72 82
70 83
57 64
30 49
87 92
8 20
72 84
39 55
64 84
41 57
69 79
70 84
66 81
44 50
31 39
1 8
77 89
21 24
39 52
20 28
51 64
94 99
88 95
85 94
67 87
7 25
23 31
12 20
54 77
72 79
9 14
85 88
33 43
70 88
75 80
52 79
14 23
39 55
35 44
26 37
84 88
20 27
33 52
32 43
49 61
51 56
44 54
60 62
41 49
55 65
91 96
11 15
21 26
81 86
48 56
14 22
52 66
69 75
8 28
65 89
82 93
61 72
47 76
56 69
81 86
45 51
21 26
36 53
56 63
83 91
10 16
87 99
9 18
13 25
61 65
53 75
11 24
46 52
16 21
31 41
81 92
20 59
19 38
66 80
16 24
64 69
94 99
56 83
2 19
65 78
67 85
51 58
74 99
42 69
28 43
32 56
26 45
81 99
76 81
2 10
81 85
49 66
42 49
87 91
34 40
73 76
54 67
5 10
75 89
69 76
58 72
58 69
4 11
62 67
30 40
19 32
5 6
26 32
19 30
2 13
79 97
41 53
3 8
60 70
59 63
4 19
30 54
19 24
84 94
24 38
83 85
13 32
38 43
18 27
51 74
33 38
9 15
19 30
38 42
34 38
36 41
60 88
8 30
70 77
61 63
57 65
67 84
54 58
70 73
23 37
72 83
19 26
36 61
17 21
47 57
69 80
78 84
6 22
78 83
8 15
12 16
98 100
1 17
15 29
22 32
30 56
75 79
20 25
23 26
23 41
23 35
81 92
37 46
33 38
60 82
63 76
94 99
18 45
13 19
43 62
54 63
19 33
59 72
75 89
7 13
80 88
32 40
67 77
26 47
75 80
63 65
42 52
54 65
32 38
90 99
43 61
12 21
76 99
69 99
47 54
8 13
50 61
49 51
76 79
84 95
34 93
73 83
84 92
28 31
58 74
8 30
34 52
85 96
3 13
32 47
62 74
76 88
28 40
65 76
69 80
36 51
84 90
70 79
24 29
62 69
37 71
51 61
54 60
69 79
16 19
18 19
21 30
80 85
61 69
51 58
88 99
74 81
77 89
81 89
48 60
5 12
47 60
74 88
80 100
40 45
15 30
19 27
53 66
26 32
36 45
37 54
1 34
74 90
27 33
20 47
22 29
88 93
45 59
7 19
55 58
1 16
59 75
84 86
29 47
24 34
21 27
38 48
2 18
83 88
49 54
43 50
55 68
7 12
1 4
7 24
58 76
46 56
19 25
52 56
8 11
61 66
16 33
11 16
85 89
56 71
46 60
47 53
60 63
45 57
71 83
44 66
39 50
1 18
75 89
79 91
29 41
3 48
47 53
58 86
5 13
88 96
88 100
25 37
11 30
92 95
63 73
49 52
1 19
69 77
54 64
84 95
12 15
65 81
7 11
63 75
69 75
18 39
34 61
77 94
66 73
43 55
29 39
35 41
8 29
82 91
26 29
7 13
23 31
87 92
49 64
77 80
56 62
38 55
78 88
1 7
5 17
2 8
39 57
65 74
80 90
65 73
44 54
94 98
59 71
49 55
77 99
77 85
43 47
45 54
61 94
59 63
57 63
61 72
14 23
73 81
41 48
55 61
59 71
40 52
55 68
11 27
6 19
28 31
65 71
74 95
22 29
1 19
44 53
84 90
33 43
31 36
66 68
46 50
9 19
77 84
83 91
55 69
34 37
73 97
75 85
64 82
30 40
66 81
44 60
15 19
4 9
4 18
47 59
13 32
71 81
7 20
24 33
4 30
38 48
32 43
39 44
1 27
18 27
77 85
32 45
63 76
79 84
50 53
13 20
61 74
37 40
64 78
39 41
43 53
61 69
50 52
93 95
54 72
83 93
36 45
35 51
7 14
19 24
27 36
87 95
23 29
69 76
32 44
3 17
59 64
1 14
78 91
14 24
50 54
16 20
56 65
94 98
70 84
30 42
55 62
21 25
18 33
9 16
17 23
28 33
59 72
45 50
87 94
29 39
80 84
18 25
72 79
54 65
22 38
71 90
68 72
1 8
28 39
88 90
94 98
25 36
45 68
37 42
30 39
12 13
26 31
64 69
13 24
56 60
92 97
11 16
2 8
14 22
68 93
29 34
38 50
21 26
8 16
2 7
48 54
3 20
15 33
68 79
95 100
62 88
44 56
33 47
52 57
57 78
94 98
69 81
20 33
83 97
34 39
5 14
14 29
50 63
53 58
89 93
79 86
45 48
5 30
68 82
14 35
42 46
73 77
37 41
34 40
60 66
79 86
77 87
44 56
43 51
61 76
23 55
89 93
45 53
93 99
78 82
66 91
12 23
24 29
63 70
61 82
21 32
95 98
67 84
23 43
84 86
61 69
48 63
74 84
67 75
28 56
75 92
47 54
36 42
45 62
90 93
64 72
51 58
77 81
67 78
27 31
37 44
30 91
25 32
53 58
23 71
11 17
9 16
22 41
18 37
76 83
69 82
64 69
33 44
90 97
42 58
87 89
20 27
48 57
4 7
17 25
66 78
15 19
42 56
78 90
85 95
86 93
44 48
46 53
14 18
14 16
71 80
40 53
48 61
29 33
25 48
22 76
14 23
18 25
14 28
3 6
15 20
67 81
26 54
21 22
43 60
12 21
86 91
59 87
68 72
21 29
20 28
44 51
34 47
79 85
36 43
4 10
44 53
66 67
13 19
31 38
5 20
49 74
79 81
81 87
42 45
37 52
11 19
7 12
77 89
9 40
34 37
38 43
38 81
85 94
17 41
13 19
43 63
46 51
63 74
20 25
73 84
55 80
95 99
11 20
15 34
8 15
28 48
9 22
18 33
27 34
9 19
13 20
5 15
84 90
38 44
87 96
46 51
44 47
89 98
28 35
76 81
70 74
18 24
89 98
54 55
5 22
38 44
33 44
83 86
7 16
24 38
26 38
17 24
22 34
21 32
4 29
91 98
89 94
32 45
4 19
73 83
26 29
21 30
57 62
13 25
2 9
31 35
68 80
60 69
63 71
56 78
76 81
60 67
33 46
31 44
17 35
50 77
29 34
52 57
52 57
2 23
37 57
44 52
35 49
75 93
14 28
17 81
42 49
51 67
56 58
27 44
68 89
15 29
76 96
85 91
62 77
2 8
79 92
49 59
6 15
19 27
51 56
37 50
18 33
10 27
50 78
45 59
61 70
80 87
78 93
5 16
32 51
94 100
44 56
27 49
22 72
25 31
69 76
88 97
53 62
24 30
71 80
17 21
72 74
27 38
73 79
11 22
1 6
16 35
77 97
85 87
39 50
47 59
79 90
4 9
12 22
41 51
9 14
31 37
49 59
56 65
74 94
48 55
2 11
33 40
70 80
12 23
2 12
54 63
94 98
52 55
1 23
82 96
65 75
69 74
84 95
7 17
44 54
64 78
58 62
85 94
58 69
13 28
26 46
35 41
78 83
28 37
51 74
20 29
24 30
13 19
63 75
76 87
3 17
16 28
3 19
15 18
57 64
35 40
55 69
36 38
86 99
40 48
50 57
20 36
24 29
13 37
61 75
4 20
4 18
67 78
37 48
1 4
69 75
84 85
19 21
61 79
35 50
7 32
14 34
62 65
51 64
93 100
14 22
84 87
48 55
13 25
69 73
9 21
68 91
44 55
3 14
61 69
29 45
5 28
78 96
91 93
76 87
29 42
62 71
24 44
42 49
8 16
92 100
48 54
22 30
73 85
40 42
30 37
46 68
37 42
53 67
83 87
38 45
66 72
24 35
51 63
50 70
2 17
5 11
35 50
28 44
8 19
29 43
21 29
8 27
54 58
28 40
44 51
48 59
43 60
12 34
70 78
26 32
61 70
49 61
48 63
56 65
44 57
41 56
33 37
60 66
27 42
15 22
3 23
26 29
12 21
16 27
25 26
49 96
37 46
24 32
53 77
67 73
42 50
17 24
54 58
73 82
48 59
73 91
11 23
42 48
55 61
88 98
71 76
70 80
59 62
38 51
62 71
33 40
84 92
39 53
70 86
41 46
28 37
51 69
28 34
85 90
51 68
8 20
56 64
8 26
4 14
33 44
10 15
11 24
44 50
22 52
25 30
40 51
2 6
40 46
70 71
79 98
97 98
33 41
33 44
77 85
62 85
78 86
27 32
20 45
35 55
51 56
32 48
11 18
63 95
17 24
11 22
78 86
41 58
47 59
53 78
71 78
71 89
85 100
67 76
70 77
49 66
29 33
1 17
36 45
91 92
83 95
8 14
92 97
60 79
14 30
82 95
17 22
27 47
57 67
60 63
73 75
16 28
37 56
36 40
11 27
76 81
55 60
32 39
79 90
21 33
56 82
66 83
50 57
50 58
35 41
82 95
15 27
56 64
29 35
53 73
56 70
74 84
61 65
2 19
41 52
3 24
35 39
87 91
41 48
44 55
82 95
8 17
27 33
1 4
67 85
18 49
72 96
30 47
18 40
25 39
2 9
1 7
58 79
48 55
13 42
4 28
72 76
83 93
69 82
43 47
60 75
49 57
27 34
67 75
39 46
62 74
59 65
14 35
28 39
36 38
30 43
5 7
65 71
29 39
50 56
60 70
64 71
48 63
12 22
35 46
87 90
39 51
1 3
17 37
28 40
71 78
7 15
22 36
39 63
16 26
83 91
81 95
55 64
84 88
63 69
66 86
74 94
13 20
8 21
71 80
93 99
52 58
1 18
36 43
74 82
52 64
34 46
3 22
65 75
58 77
41 49
46 60
46 58
9 13
2 28
69 95
49 53
17 24
49 99
48 53
80 91
40 68
26 32
56 67
19 40
44 54
52 62
43 50
34 57
39 69
5 22
66 71
36 41
14 16
31 45
27 36
40 44
62 79
44 60
74 78
50 56
47 89
35 48
84 93
22 26
3 8
90 94
3 10
23 37
71 77
36 41
4 13
9 23
49 69
19 41
80 90
25 37
78 90
19 28
4 23
20 29
63 65
90 94
29 31
23 54
54 91
4 10
22 34
85 86
46 59
18 31
58 69
27 43
94 95
49 55
32 34
7 19
91 97
74 79
64 68
82 89
6 23
52 57
59 64
48 51
74 82
87 94
41 51
47 67
42 66
66 68
49 60
72 84
1 6
65 86
14 20
86 97
20 40
13 25
45 55
11 17
56 82
53 59
13 22
20 31
91 99
57 81
57 65
56 71
36 41
18 19
6 17
58 89
60 73
79 97
11 20
74 79
28 40
87 90
94 98
41 46
18 21
13 17
22 31
46 50
79 97
67 73
1 5
30 39
29 31
94 100
72 79
13 22
60 70
31 37
29 51
77 85
89 96
27 38
54 67
65 82
54 60
76 87
79 96
15 19
31 41
76 88
43 50
62 66
38 57
7 12
15 62
12 29
44 81
40 45
87 93
23 27
6 52
22 35
58 70
13 27
64 74
5 11
5 16
40 45
30 34
45 59
64 72
13 16
27 43
8 15
76 82
28 49
61 67
72 78
19 23
42 49
68 74
79 84
81 91
53 61
14 25
32 39
8 26
51 55
32 37
76 88
89 98
67 70
80 95
8 20
73 80
77 89
49 56
51 60
37 42
19 28
4 13
85 92
56 64
54 56
39 56
76 85
60 66
52 54
10 40
19 28
31 44
28 33
78 86
80 84
8 42
10 20
82 91
14 38
55 59
72 75
80 89
81 87
65 76
16 26
28 40
18 28
17 27
7 13
29 43
5 27
87 96
26 34
4 12
37 42
64 95
94 96
51 55
25 35
15 32
72 79
59 98
54 59
5 53
22 31
3 7
27 32
30 38
5 19
46 62
66 79
71 84
68 92
42 61
14 21
30 35
86 96
48 51
84 86
58 73
47 53
29 82
84 92
45 66
52 65
65 77
74 80
58 67
75 86
41 45
83 94
58 65
52 54
18 31
52 59
23 46
15 24
12 24
87 95
69 92
36 49
12 16
16 21
40 50
15 24
4 20
51 63
74 83
32 53
89 95
74 89
22 23
77 84
55 61
30 43
32 40
13 21
35 39
74 85
29 42
87 100
21 26
4 12
83 99
26 30
69 77
44 50
62 75
16 26
70 78
7 26
56 80
52 58
66 78
61 64
81 84
61 63
76 90
91 96
81 85
31 38
23 33
87 96
87 94
46 50
78 83
21 37
21 26
49 64
18 30
16 23
38 41
45 48
75 81
52 65
22 36
54 60
78 88
22 28
65 73
35 51
75 89
16 23
31 37
77 92
84 91
34 37
31 39
37 45
87 96
33 37
4 25
13 29
35 45
47 55
16 19
9 22
95 99
39 53
23 32
60 64
16 23
45 47
50 60
20 25
81 93
12 19
2 18
97 100
66 73
16 23
47 59
28 35
19 44
62 79
13 52
10 20
72 80
66 74
69 76
81 90
37 53
45 55
75 94
54 57
34 54
76 80
86 93
30 38
65 76
6 12
86 89
23 46
44 52
50 69
8 12
14 20
40 60
90 100
3 14
52 59
50 60
22 33
75 85
49 57
96 100
84 89
55 85
72 76
40 59
85 92
55 62
14 21
78 82
21 31
69 82
44 50
47 56
14 25
61 80
89 98
27 45
11 13
38 41
38 47
71 80
43 72
38 44
42 58
4 13
91 95
61 71
48 60
24 26
51 70
76 83
28 32
40 51
49 55
63 94
5 8
65 72
8 20
16 22
66 69
40 45
42 59
46 52
7 13
83 92
48 78
80 92
50 62
22 27
39 55
8 18
24 30
13 15
30 41
16 32
32 38
78 83
51 57
56 60
26 40
38 44
71 77
78 83
25 44
65 69
44 49
56 67
74 88
16 34
50 54
88 100
34 46
63 66
65 71
52 89
64 81
1 15
23 35
50 63
3 30
57 65
34 49
93 96
44 59
9 16
28 36
14 28
83 91
39 73
51 57
95 98
15 23
34 37
90 95
66 74
30 39
19 26
11 30
5 16
31 44
41 51
63 68
15 19
86 96
22 50
50 59
16 33
35 56
91 96
71 76
24 41
66 80
50 53
51 57
28 36
9 40
6 14
77 83
10 34
53 72
40 50
5 10
86 92
75 84
63 75
27 33
44 59
70 80
62 65
50 59
70 74
88 94
89 91
41 45
50 63
77 82
52 63
16 20
52 65
48 55
8 26
5 8
12 46
19 23
38 39
21 27
79 86
4 13
13 21
24 33
71 75
78 95
86 92
47 52
75 87
30 40
29 54
75 100
3 16
73 87
80 88
69 94
1 9
64 72
7 21
21 24
53 58
50 56
4 12
75 84
81 84
70 77
46 49
73 91
77 82
11 14
67 72
25 40
87 99
55 64
55 58
68 75
74 85
81 94
92 95
35 44
60 72
61 73
20 37
3 8
23 35
17 45
60 65
60 75
72 81
6 11
68 82
79 84
64 82
72 90
86 96
48 53
6 21
53 66
5 26
34 46
30 37
53 56
75 80
27 62
12 18
91 95
5 15
50 56
26 43
24 40
6 16
34 54
24 44
66 78
72 91
66 76
34 40
33 36
66 70
33 37
10 20
62 96
75 86
86 98
83 96
84 97
10 17
80 98
75 90
86 90
62 74
22 28
69 73
45 56
39 45
70 86
44 56
70 84
60 67
54 62
30 39
43 53
24 39
62 68
64 69
91 97
81 97
39 63
76 82
16 30
26 40
39 59
87 93
71 83
54 59
32 38
52 57
66 80
72 83
63 75
46 61
53 58
81 100
31 43
61 67
38 43
7 26
62 66
53 60
52 76
18 24
72 81
30 44
64 69
36 70
80 91
78 87
51 57
25 49
12 16
82 87
81 95
77 92
83 93
24 63
27 34
74 80
26 49
51 75
68 79
50 64
64 67
57 64
60 72
53 59
44 48
76 83
45 65
88 95
20 48
70 83
48 54
76 90
26 35
82 95
28 35
11 13
2 4
22 27
15 18
11 16
1 9
12 17
67 81
6 16
67 75
78 86
30 38
67 82
11 29
10 22
5 10
34 40
8 17
94 98
53 76
33 41
6 13
58 66
72 80
90 100
35 42
52 65
26 30
80 84
71 77
45 57
19 63
61 71
16 25
68 69
73 84
70 82
88 99
5 20
85 89
3 17
49 54
76 85
16 21
85 87
70 82
45 49
45 55
39 51
13 17
48 52
14 36
6 35
69 74
14 19
51 55
15 23
38 60
20 25
24 29
84 91
50 62
67 89
50 77
86 92
38 47
74 83
43 53
90 98
70 84
12 14
46 56
81 90
57 59
74 77
14 18
31 42
5 19
18 21
56 60
11 29
29 34
39 64
96 100
41 44
35 43
70 74
39 45
40 49
86 92
12 29
47 76
47 51
50 60
88 98
53 57
70 79
25 32
78 83
2 18
54 59
83 99
26 51
8 18
40 41
59 61
26 35
12 17
26 48
2 6
62 82
79 83
68 76
57 92
55 61
35 42
32 51
24 32
6 10
53 83
25 41
6 21
58 73
31 38
59 64
26 32
83 93
18 23
38 45
95 97
78 88
71 78
12 37
53 71
29 34
64 68
2 13
14 22
92 96
42 51
71 79
77 81
28 48
20 26
6 9
57 87
59 65
54 57
17 19
40 52
89 98
64 72
81 82
62 76
54 65
61 67
9 20
78 88
67 78
52 68
53 54
11 16
76 82
28 46
88 94
74 75
1 16
89 97
26 33
56 63
93 99
54 68
14 24
85 87
42 45
6 15
79 97
31 36
63 74
32 63
69 86
32 40
63 73
30 41
77 87
66 69
55 62
33 49
38 45
83 92
88 97
69 73
51 58
27 29
80 86
11 23
22 30
48 55
97 100
15 53
47 59
48 56
88 94
37 51
43 60
23 45
20 30
78 87
35 54
40 43
41 47
41 51
89 97
16 29
79 81
55 61
67 80
44 50
27 48
28 32
27 32
38 49
19 33
31 70
60 73
86 96
88 94
82 91
12 35
10 27
91 98
9 21
48 53
51 66
31 38
82 92
74 87
3 12
81 91
46 55
71 82
14 19
16 29
80 94
10 20
9 16
29 39
74 89
48 54
70 79
24 33
1 10
59 82
44 57
16 26
27 48
81 84
34 50
21 26
80 87
62 66
7 12
32 54
42 50
78 85
72 86
1 7
35 43
69 77
6 28
14 24
53 64
3 13
50 59
59 68
37 72
6 10
80 96
77 80
54 57
17 19
5 17
47 52
39 57
65 69
68 86
21 30
67 75
29 30
77 85
21 28
39 50
68 75
47 54
55 59
26 39
25 31
50 68
78 84
61 65
52 62
7 13
17 29
65 71
5 14
24 37
8 19
15 21
47 52
54 58
25 32
59 65
44 48
17 25
2 17
44 59
63 69
22 39
74 78
54 57
65 71
84 96
75 81
3 11
62 70
22 39
74 92
84 99
15 23
28 32
53 62
42 68
13 30
23 33
18 27
73 82
39 55
31 51
9 33
44 54
18 45
85 98
1 4
74 82
34 48
80 94
72 84
39 57
70 89
48 60
16 50
38 64
62 72
25 38
54 72
8 17
42 48
69 100
34 38
69 76
83 94
27 36
70 73
73 94
74 83
31 37
63 79
39 43
74 90
45 66
19 24
71 79
71 78
12 24
66 69
33 39
44 52
78 95
42 46
53 62
13 17
42 47
3 10
13 17
44 51
61 73
13 25
43 53
83 89
26 46
51 56
18 24
23 29
21 24
35 56
1 13
62 66
46 56
47 51
51 57
91 95
85 99
69 78
94 99
42 47
42 49
11 27
25 29
73 86
71 79
73 94
73 78
69 74
66 76
73 84
70 79
93 97
44 62
15 33
40 89
92 97
44 61
47 52
20 27
44 48
85 90
85 90
76 90
64 79
17 28
59 80
68 71
51 61
78 83
23 31
46 56
15 22
75 89
35 44
83 93
66 87
63 75
81 92
35 39
47 51
85 93
67 71
25 32
35 43
84 92
1 10
10 12
52 90
26 44
74 82
58 62
69 82
51 67
6 9
7 60
5 35
1 6
41 77
25 27
93 95
77 83
26 35
17 18
38 46
26 35
50 75
13 18
59 70
48 64
31 36
27 40
37 44
65 81
20 26
66 78
55 58
12 20
26 35
72 88
67 70
87 98
55 74
83 92
91 100
69 85
8 26
39 54
43 51
44 56
43 71
44 58
45 58
17 40
14 19
61 68
54 71
53 60
34 48
56 61
24 41
31 37
45 50
20 46
62 69
85 98
38 43
87 96
68 87
66 82
97 100
85 97
69 75
70 75
12 17
64 73
55 83
13 32
42 46
14 18
91 96
15 29
25 29
90 98
80 84
97 100
85 92
37 47
21 49
87 94
40 49
52 54
4 9
70 85
7 22
54 61
63 74
48 54
20 29
88 99
45 74
6 15
59 65
49 57
71 96
32 43
67 86
53 57
55 64
47 51
70 74
38 52
73 88
41 72
27 46
28 39
76 81
14 19
2 9
5 17
10 23
93 96
57 76
94 97
45 59
43 51
73 79
11 15
88 99
86 93
36 47
84 86
88 100
70 75
61 67
61 68
82 88
91 98
62 70
54 63
72 89
54 60
79 82
56 62
53 65
83 94
10 19
71 94
37 54
50 58
82 90
48 54
84 90
47 56
13 16
47 71
9 20
44 48
48 61
89 94
39 43
70 82
40 56
55 62
46 51
87 92
67 78
44 59
28 45
30 33
59 69
66 82
25 47
18 72
58 61
71 76
19 28
1 18
47 62
84 98
15 27
6 10
22 30
20 48
28 35
32 48
38 44
18 27
77 93
67 80
60 78
41 49
3 40
43 51
42 49
34 51
37 48
21 42
24 36
58 77
73 92
33 43
61 65
35 43
16 22
39 56
40 57
39 41
75 89
18 23
5 14
68 88
25 39
52 55
77 87
25 32
36 45
66 75
73 78
70 85
56 85
77 82
82 85
29 35
3 7
79 93
16 22
80 82
79 85
65 75
75 79
86 96
53 59
66 78
77 80
6 20
9 51
3 25
14 19
37 41
25 39
44 48
81 88
78 89
14 30
72 91
47 54
72 87
42 48
78 89
44 53
44 51
73 78
23 26
7 16
3 20
80 82
57 81
38 42
29 38
46 71
64 71
7 17
49 60
9 12
48 75
83 88
4 10
39 45
56 63
15 32
38 46
95 100
33 60
21 36
36 44
75 90
67 84
65 78
54 58
52 57
41 53
4 13
23 29
53 65
28 41
85 89
86 100
67 70
65 85
20 25
28 31
49 53
27 33
42 48
75 88
10 41
5 11
11 16
50 67
74 77
57 77
13 17
59 68
82 90
1 10
56 60
54 65
4 14
7 11
19 31
82 86
30 42
36 59
20 24
77 90
71 81
64 84
84 98
77 88
62 69
66 90
52 61
72 78
55 66
60 69
89 98
34 49
94 99
79 94
69 79
49 57
27 33
14 20
13 19
47 50
33 46
68 80
90 95
56 67
49 70
68 80
60 91
3 13
62 64
45 51
69 77
75 81
34 37
81 94
53 60
34 63
1 26
69 91
80 89
65 76
37 39
24 35
56 58
93 98
56 61
24 31
3 11
35 49
39 46
70 74
68 74
31 47
63 68
84 92
39 43
34 44
20 23
77 90
45 51
34 39
50 60
2 27
34 55
2 27
63 96
15 26
35 42
43 47
38 59
35 43
72 81
49 55
22 37
4 5
44 52
54 60
12 29
57 73
55 64
12 21
26 29
58 71
70 75
17 27
70 89
14 19
57 68
71 76
51 57
21 28
89 95
50 63
2 5
83 90
50 57
14 23
64 67
71 79
42 51
47 69
55 57
9 17
7 19
19 23
55 61
26 34
84 89
31 41
86 98
85 94
80 96
40 47
53 58
51 57
78 87
38 57
7 14
72 78
1 6
73 85
45 52
1 5
58 78
60 95
37 48
56 70
4 15
8 16
33 61
65 73
65 67
20 44
5 25
83 88
45 51
22 28
50 59
23 46
11 22
60 70
68 77
6 37
78 81
17 29
25 43
38 41
13 29
90 99
79 85
82 95
32 56
13 24
47 60
65 68
49 55
72 88
70 83
14 22
27 50
31 37
78 86
29 32
4 17
47 56
1 10
24 26
68 81
70 75
41 53
30 40
83 89
19 24
15 24
60 99
75 84
31 40
57 74
83 97
53 59
71 87
86 97
27 58
47 56
65 71
34 46
45 49
13 28
9 30
58 83
8 11
35 43
32 41
68 93
70 75
38 57
81 89
71 78
60 66
26 31
91 96
33 40
59 68
65 67
75 91
71 78
40 46
77 91
68 85
65 84
38 43
57 65
24 43
61 75
5 19
75 84
56 64
4 25
52 55
77 91
14 28
66 74
16 24
14 29
82 90
31 40
12 24
64 67
51 62
59 76
30 36
93 98
18 38
12 83
10 13
6 23
25 44
25 34
5 10
88 92
12 26
58 65
44 54
33 40
70 79
42 53
38 49
11 21
91 99
36 44
66 69
34 40
91 96
8 22
46 68
81 87
11 14
26 38
91 94
14 22
39 43
5 23
72 85
54 78
4 10
25 30
55 62
45 57
71 77
18 36
3 17
63 78
5 11
61 70
14 32
14 25
2 11
52 60
73 78
37 46
51 57
64 92
33 57
7 14
48 73
4 22
72 77
34 50
43 56
11 16
45 59
63 95
39 50
76 87
6 16
21 31
9 15
11 29
73 83
20 26
31 43
31 42
19 59
34 51
97 99
61 69
87 97
86 93
33 42
12 33
73 94
77 87
55 61
17 21
42 48
7 16
36 48
8 19
14 25
2 5
55 61
3 11
9 11
4 8
2 14
41 55
14 61
50 53
49 61
67 93
2 6
55 79
1 17
1 6
14 23
31 38
63 66
15 24
21 31
43 52
20 30
83 90
16 33
60 65
65 74
57 65
13 25
43 51
63 80
15 29
41 46
52 64
89 100
61 77
78 90
46 59
32 52
93 97
79 85
4 12
93 99
85 99
17 34
78 80
77 93
66 74
30 43
29 52
59 61
38 46
15 28
23 32
21 36
68 88
93 96
53 64
75 83
82 91
52 70
70 80
21 27
36 45
48 55
70 77
65 70
35 53
36 45
64 70
2 13
35 44
94 100
90 96
74 89
81 93
71 81
42 48
82 86
53 55
43 48
40 54
69 76
5 38
54 62
84 91
27 33
61 67
30 43
76 87
26 36
38 45
14 24
15 22
63 67
83 97
26 31
19 34
76 89
53 57
64 78
8 22
78 90
50 76
32 35
36 43
57 69
28 34
73 77
23 29
5 9
60 75
57 68
55 58
44 58
32 48
44 47
82 94
35 39
77 83
83 90
19 54
34 50
43 46
61 81
40 47
7 15
73 78
4 16
74 96
16 36
7 20
82 91
54 57
62 78
68 81
5 25
11 22
9 23
61 69
4 15
2 15
32 49
89 100
51 58
18 26
92 100
16 42
54 64
53 59
58 76
44 56
20 22
87 93
58 61
39 57
72 76
28 45
73 84
5 10
17 28
71 84
19 24
76 81
15 51
58 62
78 81
72 78
72 94
60 76
85 100
88 95
52 58
2 7
65 73
66 73
71 93
51 58
84 98
58 61
78 89
37 53
69 78
1 11
88 97
59 63
41 46
2 14
87 97
28 45
47 55
86 95
71 78
81 92
44 77
34 42
72 86
44 48
84 87
72 91
19 26
76 84
43 52
80 85
39 48
65 89
81 84
62 77
38 40
39 43
24 29
31 37
65 70
96 99
3 10
91 93
53 59
76 86
23 27
20 25
83 97
2 11
76 89
86 95
58 60
12 18
1 21
71 77
34 41
70 83
13 16
4 6
62 78
33 38
19 26
4 9
5 14
46 61
37 43
7 24
58 63
43 51
5 13
55 59
7 15
51 69
84 91
40 47
88 99
25 63
36 41
60 74
22 50
60 66
28 33
6 13
63 67
38 46
15 29
43 80
26 56
90 99
35 45
76 90
47 50
1 7
74 79
3 8
66 74
23 65
21 36
16 20
13 24
29 50
59 69
31 46
37 49
7 20
81 87
18 31
69 96
65 73
37 43
32 38
80 96
88 92
20 27
59 73
79 84
4 8
83 97
78 85
2 19
23 27
4 17
18 26
12 29
85 94
27 33
61 67
44 54
79 95
90 97
56 64
10 18
32 40
60 70
33 50
1 3
62 73
1 6
54 62
44 56
70 84
54 65
56 75
67 87
61 63
83 90
10 14
74 86
70 97
48 53
9 14
14 24
68 86
75 88
29 34
15 24
90 96
53 64
30 46
17 22
56 62
62 84
30 43
31 53
33 47
49 61
60 68
81 89
53 64
90 98
45 46
48 55
51 55
46 73
83 95
65 71
81 99
71 76
51 57
37 46
41 49
32 43
57 65
70 79
61 63
12 24
55 59
29 43
72 87
31 38
54 64
91 98
27 33
4 14
45 47
86 97
88 91
2 17
85 88
34 38
40 45
51 60
63 67
32 42
69 97
16 28
83 98
79 94
34 42
5 13
55 59
23 36
30 34
22 26
91 98
46 62
83 100
82 89
23 30
12 19
49 53
52 67
72 95
57 73
33 38
44 59
26 33
65 76
82 91
75 86
71 84
18 35
48 60
49 56
68 73
15 23
9 22
2 12
47 66
10 20
37 44
8 13
82 91
11 30
45 76
51 81
83 88
81 89
33 52
48 52
67 73
6 29
44 59
31 37
14 40
33 43
78 90
73 75
62 81
87 96
69 77
3 10
69 78
10 12
47 65
47 56
41 51
11 16
55 62
3 11
57 64
53 59
41 55
64 79
58 68
15 25
51 57
28 44
68 72
8 22
15 29
68 73
1 6
23 32
76 80
67 72
6 24
70 82
43 62
11 21
62 86
14 25
48 64
77 88
3 6
74 95
47 55
30 50
21 35
83 94
70 81
27 36
65 73
43 52
41 48
74 78
66 68
31 40
7 11
17 32
33 40
9 24
55 76
6 10
65 83
36 39
89 95
59 97
34 52
75 96
16 20
38 55
11 24
51 56
79 81
76 90
44 52
20 34
63 66
37 54
49 62
93 100
63 76
19 28
66 79
20 42
18 24
13 22
11 22
40 55
54 84
51 57
24 38
7 33
59 62
9 25
67 74
57 63
96 100
51 57
87 97
21 36
19 60
79 92
89 92
13 15
25 28
87 89
29 40
43 49
30 33
27 35
30 37
35 44
48 59
51 59
35 42
67 72
52 56
89 91
73 96
79 86
78 84
53 76
79 89
89 97
64 75
17 29
17 32
24 38
48 65
61 73
25 41
21 30
3 9
11 21
23 32
53 57
4 14
85 95
37 39
27 41
49 61
72 94
45 58
82 86
96 97
48 54
40 54
44 55
43 53
48 68
1 8
85 93
76 82
58 61
75 84
16 29
49 74
80 93
64 82
62 74
28 39
63 79
60 70
50 60
80 96
18 26
67 74
18 25
62 66
76 89
2 15
51 68
78 93
55 62
15 31
8 14
35 95
13 22
22 26
15 24
67 92
71 78
55 69
73 85
11 50
22 27
42 46
33 39
62 68
84 91
54 56
70 82
70 82
53 63
11 18
91 100
89 99
11 17
42 82
57 64
41 66
24 31
34 37
32 47
50 57
42 53
41 49
3 7
82 85
77 90
32 38
29 41
29 51
60 68
52 56
65 72
16 27
9 26
80 92
25 29
26 28
11 23
47 60
37 43
1 11
66 78
80 99
34 39
60 69
13 14
70 87
76 89
19 39
66 76
47 69
58 64
33 45
51 55
20 23
56 68
48 59
94 100
8 25
32 44
65 79
80 84
7 13
41 48
27 46
15 22
32 40
73 98
20 32
87 98
25 34
38 58
50 55
36 40
42 47
43 47
25 48
9 16
51 59
18 31
4 13
64 69
71 80
14 24
55 66
9 19
10 21
7 13
74 80
25 31
40 49
52 65
30 36
51 58
6 18
33 40
74 89
73 88
91 100
43 49
39 47
55 62
56 71
38 44
6 18
90 95
33 37
44 48
67 79
16 20
39 49
58 72
76 78
84 91
17 25
74 83
4 9
46 55
47 58
2 12
53 71
17 21
63 76
81 89
35 44
44 58
50 58
43 62
48 53
2 14
82 95
8 10
16 40
48 61
29 44
37 74
13 23
74 87
26 42
79 94
4 11
57 72
47 54
11 22
21 28
20 25
2 25
61 70
1 7
10 41
43 52
88 98
1 10
3 16
59 70
41 54
41 46
25 37
49 59
40 54
79 89
57 62
82 92
67 76
7 18
3 8
9 16
75 86
42 53
74 85
38 45
33 44
56 68
76 86
54 72
25 31
59 68
52 60
74 90
78 84
7 22
31 47
12 17
49 62
1 19
29 33
19 27
3 16
57 59
6 22
74 76
52 66
54 61
84 92
52 63
24 32
62 67
47 62
64 80
76 84
70 75
43 58
59 67
17 31
20 32
11 18
41 62
39 45
12 22
85 94
82 93
34 46
87 92
9 16
72 95
27 38
59 82
22 42
38 47
62 83
70 95
17 43
18 24
10 16
11 16
30 40
37 56
56 76
55 61
40 50
12 18
57 59
25 28
40 58
76 91
77 90
51 56
59 69
32 35
40 47
72 75
34 40
6 14
20 25
49 54
30 49
76 99
9 22
64 73
5 25
9 13
57 83
9 27
66 82
17 25
58 71
50 55
14 17
46 55
90 98
28 64
40 47
27 33
5 8
42 49
70 85
44 52
82 95
16 26
56 60
30 40
56 74
79 93
67 74
43 50
38 44
37 41
37 61
45 58
28 34
83 86
47 62
9 22
35 43
62 64
52 65
91 97
54 63
81 85
54 61
80 98
54 66
4 44
9 20
2 15
24 36
2 5
46 55
32 42
10 22
69 71
56 59
84 89
31 46
38 41
67 84
51 59
35 40
57 70
3 7
58 63
46 67
8 14
58 61
6 25
84 89
12 18
56 62
36 42
51 58
5 8
1 12
25 39
64 68
49 63
68 76
43 48
19 30
51 59
21 39
67 78
43 54
42 50
58 68
74 95
16 27
19 41
4 11
3 5
53 89
71 91
33 38
24 40
24 33
56 70
1 9
10 20
66 82
60 79
64 77
20 39
1 4
5 11
55 62
38 48
1 9
13 21
32 42
87 93
38 58
89 97
26 41
83 89
68 85
5 8
23 25
46 60
65 80
12 24
55 58
13 23
9 16
59 67
8 28
34 49
24 31
42 47
38 55
23 35
29 37
47 58
88 91
29 36
33 38
77 82
58 66
42 51
77 95
6 15
1 6
9 18
29 49
58 64
78 83
60 70
4 13
15 22
66 75
85 100
2 9
31 35
27 40
72 80
83 89
38 44
52 73
27 29
42 47
85 92
57 71
25 42
15 22
63 65
30 46
23 62
45 69
82 92
50 73
48 52
1 5
13 23
14 23
82 92
7 20
4 15
13 17
28 35
6 24
35 44
23 36
78 84
74 80
17 35
19 36
70 82
32 37
42 57
73 77
28 35
6 29
43 52
56 73
77 88
11 24
11 18
44 50
19 27
89 96
25 39
3 12
25 34
19 26
23 36
6 17
15 19
55 71
16 23
65 89
61 79
27 68
87 89
18 23
27 33
53 56
85 94
19 26
82 89
34 63
64 71
23 34
68 71
94 99
63 76
22 28
23 28
73 89
44 51
42 47
41 58
42 46
78 95
87 98
48 58
6 7
56 61
63 65
14 31
47 51
23 32
21 33
94 97
82 89
73 94
66 76
87 99
15 25
14 24
1 12
69 79
17 42
64 69
16 23
46 53
68 83
88 97
91 98
35 55
79 88
3 17
51 54
24 30
67 75
71 83
6 30
71 77
72 92
32 37
21 37
36 40
22 31
71 83
1 5
49 56
48 62
82 90
96 100
50 73
31 52
45 53
86 96
70 86
62 73
55 63
2 9
36 42
40 50
66 68
37 47
11 19
2 20
25 34
14 20
84 97
23 30
34 41
24 39
22 29
43 47
7 24
52 56
37 43
71 77
36 44
78 97
50 60
86 94
10 45
64 73
23 30
24 35
66 70
15 42
83 98
65 73
71 84
81 87
31 44
94 98
43 56
39 66
94 98
70 78
36 60
21 31
70 80
16 33
25 30
19 21
50 73
61 71
3 5
70 83
55 78
13 32
33 40
71 73
66 87
68 88
42 45
17 27
81 91
11 21
86 89
65 74
78 86
25 34
69 81
66 70
55 66
8 17
45 77
83 98
37 45
10 16
53 63
67 77
64 73
65 72
83 95
80 86
61 72
12 26
29 39
31 38
85 89
60 78
88 91
9 31
23 31
44 47
23 28
25 26
57 70
83 95
42 51
66 78
65 73
37 44
73 80
44 54
7 22
80 97
28 38
41 59
50 72
33 37
85 89
54 62
41 73
91 97
66 73
12 35
84 96
33 38
76 96
70 83
1 8
4 22
18 38
7 14
66 88
94 100
45 53
58 67
48 57
64 70
50 52
1 8
22 43
2 7
24 33
69 75
33 51
43 52
33 37
78 85
80 97
37 47
54 73
17 24
25 34
26 47
21 41
11 23
69 80
63 72
26 31
47 56
74 97
14 23
55 68
5 10
68 100
2 15
59 66
11 24
64 71
72 74
18 29
27 34
81 91
42 46
67 73
22 27
10 21
24 27
27 45
98 100
47 61
9 20
23 27
95 97
30 44
38 57
37 39
25 27
33 52
20 22
6 10
34 56
65 72
13 27
12 23
38 50
29 41
33 41
22 25
40 42
41 63
17 25
59 64
65 77
19 24
79 84
74 85
56 65
42 46
28 46
59 63
77 88
66 87
68 76
69 74
27 48
14 34
28 37
15 36
8 22
77 94
48 52
54 57
62 72
80 90
39 49
9 16
23 31
78 84
9 16
78 91
55 59
67 73
14 20
32 47
91 97
59 74
27 41
2 13
74 86
64 69
68 73
1 6
57 67
71 78
3 7
4 15
86 88
77 84
28 33
22 27
35 44
6 13
34 46
54 66
53 56
4 18
44 53
3 9
61 66
19 24
56 66
24 32
19 24
42 51
3 33
33 40
3 18
22 35
1 15
4 17
71 77
53 60
50 60
29 51
3 36
31 47
77 82
70 75
11 17
78 100
6 25
35 50
51 59
