100 20 20 16
00000000000000000000
00000000000011000000
00000000000000001000
11000110000000001111
00100000011110000000
00000000100000000000
11111110000000111000
00000000000000000111
00001001100001100000
11000000001110000000
00001100000000000000
00000000111000111100
00011000000000100011
00000000011001000000
11001110000000011000
00000001111110000011
00111110000000001000
00000000000000000000
00000000000000000000
0010001010000100000
0010001010000100000
0000000010000100100
0000100010100101000
0100100010100000000
0000100011001010000
0000100001000010100
0000101000000100100
0000101010010000010
0001000000011000010
0101000001000001000
0100000001000001000
0000000000100100010
0000101000100110000
0000101000100010000
0000001000100000000
0000001000001000000
0000000000001001000
0000000010101001010
0000000010101001010
3829
35 60
42 48
64 71
74 89
30 55
57 71
15 23
8 13
58 78
23 26
87 100
9 13
69 99
16 21
89 97
23 45
65 77
68 71
38 42
67 76
55 68
44 59
2 9
60 67
91 99
76 86
87 100
14 25
71 77
73 86
40 64
53 62
94 99
68 73
63 92
60 65
75 76
83 86
2 22
20 29
12 18
69 76
18 24
15 42
53 59
19 33
3 26
80 86
52 68
70 86
45 56
55 84
53 65
79 88
47 75
69 79
35 49
15 21
59 67
6 18
11 13
47 61
26 37
31 44
27 35
18 46
68 88
86 92
41 51
31 42
67 73
70 81
34 41
2 9
36 47
44 57
54 61
58 75
81 99
61 71
30 36
62 76
3 5
62 67
69 79
32 49
89 96
47 50
49 59
51 60
84 91
1 8
31 95
79 85
15 25
13 28
20 31
1 11
45 64
66 75
50 61
95 99
83 96
31 40
33 36
49 57
53 56
19 22
23 34
22 35
22 30
44 47
20 43
6 12
54 68
68 79
58 63
12 26
12 22
55 65
36 56
81 90
15 28
22 38
8 12
41 45
57 63
33 41
51 65
54 62
34 53
28 32
83 90
49 54
20 29
51 54
73 89
34 41
81 90
49 60
12 35
42 60
57 79
95 100
17 29
83 92
13 15
68 79
64 78
13 29
60 70
16 47
90 99
14 37
17 35
44 86
7 20
28 31
43 55
15 24
41 78
68 74
34 40
56 64
41 51
71 85
23 34
69 81
41 58
53 68
47 68
74 98
69 97
3 12
15 19
37 48
59 62
26 38
84 87
82 87
51 69
77 79
92 99
23 34
66 85
31 38
23 41
68 72
50 81
71 81
57 68
44 52
3 6
43 49
56 75
43 69
27 39
74 81
59 69
45 71
49 55
77 80
22 43
37 89
2 12
85 93
88 98
69 82
96 100
57 64
31 38
37 48
63 86
13 22
3 13
22 33
17 40
37 60
31 37
60 71
71 90
87 91
73 78
29 38
49 74
90 97
82 99
33 55
52 54
17 26
28 39
16 32
78 86
80 88
57 60
82 95
75 83
21 33
14 34
63 65
16 22
76 80
64 72
68 87
46 63
56 68
81 94
55 66
79 97
86 100
1 8
46 57
23 29
4 12
73 97
57 65
59 64
40 70
13 21
23 60
13 18
13 20
86 94
53 59
75 87
63 72
52 56
87 90
8 21
53 81
78 80
6 25
17 26
61 66
84 95
53 60
43 64
66 73
41 47
21 29
26 52
15 20
33 42
46 52
10 19
17 27
88 99
67 75
45 53
42 52
80 84
24 44
81 92
30 35
94 96
77 82
38 59
16 26
39 50
79 84
92 97
44 46
46 56
41 50
37 54
93 97
80 90
19 37
57 63
11 27
21 31
73 92
56 63
61 81
45 52
74 80
15 28
7 11
16 26
70 84
33 41
77 100
66 78
41 54
83 88
57 71
26 53
22 38
15 17
89 93
92 94
81 87
33 37
26 33
27 34
73 79
69 70
90 99
93 98
72 75
28 38
13 18
85 100
1 5
44 63
17 19
29 36
52 57
20 29
62 75
14 20
49 65
21 35
32 68
58 74
39 51
48 60
40 57
44 49
3 29
84 88
65 71
74 84
68 87
80 97
71 85
69 95
30 33
60 86
43 49
69 75
78 95
87 100
63 71
88 92
36 42
56 67
80 83
92 97
24 39
22 40
12 41
63 77
76 90
67 71
74 81
11 22
38 46
44 55
67 81
2 8
80 83
12 27
6 24
7 12
33 40
10 42
24 30
32 37
60 63
36 40
46 58
9 14
60 87
83 98
15 27
84 99
34 52
19 28
86 92
37 50
30 47
7 20
24 39
12 19
59 70
58 60
71 81
94 99
94 100
21 28
36 54
59 67
52 56
2 15
57 60
73 76
38 43
69 82
63 72
81 88
18 29
6 29
61 65
53 84
21 24
71 90
55 67
14 35
51 58
59 75
5 12
16 29
66 77
5 22
65 83
51 56
9 23
77 86
79 88
34 43
77 81
89 94
36 49
56 89
7 17
28 35
10 16
64 75
37 52
76 91
57 80
63 88
5 18
11 22
67 77
63 70
4 19
77 81
91 97
58 66
20 26
76 86
2 5
17 30
85 96
11 14
30 39
92 97
62 85
31 36
44 53
37 42
1 4
12 21
30 35
9 19
68 80
7 18
20 70
67 78
34 42
70 88
27 36
15 20
21 31
28 41
49 55
64 72
32 36
86 98
11 15
81 86
69 98
20 26
19 31
87 99
61 73
37 42
45 55
73 87
45 51
85 89
45 55
51 59
39 43
5 35
17 25
20 24
23 29
46 85
24 35
58 66
69 100
5 10
41 52
40 56
8 20
68 72
55 59
5 12
92 96
64 76
82 88
41 48
56 68
3 19
21 31
69 72
78 86
66 76
7 21
22 28
26 39
22 30
18 27
12 19
54 65
69 79
22 27
14 21
18 42
7 13
73 81
20 28
68 84
52 56
25 36
84 100
82 86
81 85
67 71
77 91
52 59
84 100
27 50
41 46
4 54
49 71
58 65
80 99
31 43
40 52
69 89
56 64
69 74
91 98
76 92
35 38
20 33
28 38
87 93
63 84
58 67
57 58
49 66
79 90
74 81
15 18
51 62
38 48
56 67
29 33
85 92
76 86
40 49
93 96
69 77
43 64
39 51
52 63
51 57
2 21
13 25
23 39
26 39
43 53
45 55
29 33
42 45
24 37
96 98
31 42
46 56
36 41
15 23
42 53
63 69
12 16
61 68
21 34
13 29
28 49
82 93
39 42
68 75
46 78
75 84
55 65
74 83
7 26
18 30
51 72
39 47
11 25
82 95
95 99
21 30
33 38
33 35
45 76
93 96
63 84
22 37
30 56
84 90
28 54
35 41
76 82
1 11
80 83
6 20
55 65
79 81
52 58
24 45
30 40
75 79
84 86
13 23
90 97
72 92
50 57
79 86
25 40
4 9
17 51
75 81
20 28
45 49
27 66
63 71
35 44
31 46
77 91
28 43
68 80
28 33
61 63
14 22
58 67
88 98
34 56
7 19
67 82
59 75
53 82
22 27
77 98
18 28
33 35
37 44
25 28
80 95
50 57
92 97
55 66
5 19
79 85
76 91
7 12
73 98
81 90
7 8
72 80
94 96
82 89
86 93
78 96
6 16
4 26
36 47
35 43
89 95
34 38
12 20
33 40
5 31
25 30
6 19
3 15
13 15
7 17
3 18
40 50
62 77
58 69
2 6
37 49
58 79
6 23
43 47
67 89
43 58
56 70
74 91
3 7
25 30
29 38
59 77
3 23
51 79
65 71
77 98
13 25
18 25
38 45
44 62
38 47
84 93
90 97
41 50
23 33
25 40
50 63
3 17
33 41
51 70
40 44
85 87
11 42
27 44
89 91
62 69
76 82
57 63
5 24
65 76
42 48
8 31
70 91
87 93
20 23
40 66
82 88
44 72
59 68
6 14
5 8
49 64
48 93
29 43
69 82
81 88
27 39
51 60
80 88
57 60
60 72
21 27
57 66
18 35
34 56
75 86
18 24
87 93
57 66
61 79
3 22
36 39
50 89
51 61
35 40
38 44
45 55
13 19
57 64
15 30
28 33
62 68
34 38
44 48
81 89
81 95
25 31
56 58
55 58
67 93
43 58
1 7
87 95
65 70
16 23
73 76
83 91
4 15
8 20
13 39
4 22
33 42
80 98
43 51
25 44
45 59
39 62
73 83
95 96
17 21
84 92
34 44
36 41
64 83
59 94
81 91
53 58
22 26
77 88
27 39
4 13
65 76
36 64
43 57
58 96
4 9
54 69
50 62
64 82
67 81
7 20
67 77
73 80
87 90
76 91
1 4
20 31
33 44
22 47
26 36
75 80
64 70
60 78
70 74
2 7
35 57
58 65
93 98
29 33
41 46
69 81
30 32
67 80
4 12
84 100
63 68
12 18
44 59
57 63
21 33
23 29
80 92
47 60
24 30
24 29
1 6
37 45
25 34
78 84
64 71
32 38
1 32
69 76
35 58
42 53
50 69
18 40
5 10
73 98
68 79
80 86
58 63
57 66
31 35
32 37
20 23
50 72
5 15
35 44
25 30
40 50
13 20
75 77
58 69
85 98
47 62
75 81
39 44
6 9
62 74
37 56
29 37
72 88
77 90
14 49
25 35
45 51
1 5
32 39
1 12
58 68
57 69
16 28
31 34
42 45
28 39
43 57
28 40
28 36
33 43
5 17
1 16
49 61
40 45
20 31
9 23
13 21
16 41
63 73
31 40
59 71
51 71
55 67
34 45
12 43
70 73
65 76
54 86
24 32
19 54
11 28
65 84
30 34
6 17
10 16
82 91
14 21
2 26
72 77
52 60
11 16
53 58
79 86
68 74
39 62
22 31
8 17
47 58
20 31
23 56
34 46
55 69
9 19
95 96
6 15
57 65
1 21
48 51
25 33
52 73
93 98
79 82
18 31
80 85
79 91
12 26
14 24
63 73
39 56
5 33
22 40
61 67
34 49
40 68
82 89
35 49
22 46
89 100
16 29
56 64
50 62
48 52
66 89
10 17
73 89
45 63
67 82
33 37
22 28
3 8
2 27
72 82
2 9
17 25
39 58
46 65
70 82
47 54
49 64
44 71
61 86
8 11
20 23
32 46
78 84
3 16
23 27
11 23
30 37
62 73
3 14
65 68
41 84
39 52
59 69
96 100
60 71
84 98
85 93
24 44
52 69
24 34
45 52
83 94
70 95
73 82
17 22
7 10
80 93
51 53
54 58
77 82
71 79
40 47
21 27
43 47
73 78
22 31
61 65
49 62
21 31
33 77
83 98
63 93
17 25
21 42
16 22
5 15
69 81
64 73
52 57
73 96
67 76
10 31
70 95
18 24
19 31
68 76
74 91
2 16
75 80
13 26
76 84
78 85
13 26
20 34
4 8
14 23
59 60
90 100
31 38
68 80
2 14
10 17
43 51
66 72
87 97
22 36
20 27
9 30
39 54
35 43
20 37
40 55
59 72
37 44
89 97
60 66
56 62
76 85
3 22
56 65
79 85
71 96
65 73
69 80
42 57
19 27
74 80
39 59
52 74
16 21
2 7
38 48
78 92
46 55
25 38
47 66
8 15
45 55
15 78
18 29
31 37
91 99
46 48
44 78
69 77
49 77
50 72
4 16
70 75
88 93
67 80
20 44
76 79
62 83
76 87
11 15
53 86
52 61
57 68
62 72
90 93
86 93
65 70
18 21
29 35
41 67
32 41
24 34
11 23
66 75
63 78
30 33
16 19
35 41
25 30
20 30
40 49
18 28
55 62
68 83
4 6
55 64
76 88
82 89
39 63
20 30
5 9
70 74
18 31
85 100
18 24
75 85
4 16
63 88
67 72
55 75
5 32
60 73
79 83
36 44
50 62
27 43
50 64
91 95
51 53
67 73
11 20
53 62
61 65
76 79
67 76
37 50
50 58
40 45
31 34
20 23
92 98
89 94
43 53
59 67
84 90
53 60
78 83
1 9
40 55
52 66
24 29
35 49
28 31
30 50
25 31
5 26
83 88
34 56
38 44
89 98
79 95
74 76
63 73
4 12
31 38
30 58
69 97
62 67
36 38
77 85
41 48
52 61
50 55
72 75
79 81
5 45
61 88
59 77
57 62
22 30
32 37
51 71
61 65
29 36
24 47
22 27
41 45
64 95
41 48
30 48
82 88
78 82
69 83
77 95
20 24
81 90
41 61
84 90
8 20
23 49
68 82
64 69
57 63
48 55
71 86
32 40
98 100
76 85
71 99
46 54
61 77
40 53
59 64
56 67
14 17
41 57
37 45
48 54
18 34
88 94
96 100
28 53
59 75
90 97
19 33
38 43
46 63
80 83
79 92
39 47
93 97
3 14
47 84
77 79
92 95
17 24
21 26
65 86
5 19
85 90
20 25
73 87
7 27
28 35
74 84
51 64
35 40
3 7
39 55
42 50
26 30
50 52
67 74
41 69
57 83
9 47
22 27
63 67
8 13
32 39
76 88
38 50
67 74
85 95
1 8
52 58
87 98
88 94
69 83
55 65
17 20
8 15
62 68
45 66
56 65
47 51
58 82
91 96
49 54
12 17
53 76
2 33
77 80
10 18
66 77
41 45
84 90
83 100
39 50
87 93
53 70
51 58
5 17
72 82
22 44
36 39
40 50
59 66
10 33
64 78
76 79
18 44
88 96
59 75
16 24
61 75
44 50
49 63
62 74
34 40
81 86
62 81
92 98
26 36
82 98
65 92
69 86
31 46
2 19
6 13
76 87
72 83
67 78
39 45
33 53
76 84
56 82
80 91
46 57
53 90
61 67
78 90
34 40
68 71
36 46
91 96
14 40
49 52
27 39
6 23
27 41
3 13
50 56
51 59
13 35
73 81
48 57
37 47
79 92
59 69
16 20
62 70
30 37
7 16
82 96
15 23
85 99
42 59
73 80
38 52
58 63
49 58
9 32
61 75
5 9
61 77
76 79
59 64
89 91
43 49
51 61
85 90
48 53
3 11
3 21
70 73
83 86
50 59
61 65
71 90
60 72
49 58
21 29
47 66
45 51
31 41
12 24
59 64
41 47
72 87
15 19
22 25
56 65
32 51
3 22
56 63
62 66
30 38
73 76
20 29
66 74
52 68
11 27
26 35
39 62
14 40
4 18
12 24
75 84
54 60
37 47
30 69
22 34
87 90
16 38
61 66
22 34
54 73
33 43
29 54
12 17
77 82
41 59
88 99
65 70
20 25
17 20
55 70
19 26
39 56
79 95
4 9
54 74
50 58
44 53
38 50
79 92
52 65
27 30
61 76
4 15
73 77
9 18
24 40
78 86
80 92
14 45
87 98
25 36
55 58
71 86
51 63
86 92
34 46
64 71
95 97
78 89
7 19
61 70
80 92
23 41
82 92
78 89
78 82
5 10
5 18
12 21
72 76
63 72
22 27
15 20
11 12
20 25
73 80
3 5
47 56
16 23
3 18
14 16
90 99
3 7
6 14
33 35
50 60
76 82
38 62
88 91
12 18
22 29
70 77
48 54
62 71
29 38
40 46
12 20
47 64
42 78
23 33
47 64
59 68
40 45
44 51
19 27
59 63
14 32
64 69
23 29
24 34
79 89
42 45
58 73
69 73
22 41
76 91
37 46
54 59
79 83
49 52
18 20
85 91
46 54
31 34
34 41
52 59
78 83
36 48
17 66
42 47
30 53
85 93
70 74
81 94
15 29
46 62
21 29
24 27
38 44
15 20
21 25
19 35
58 63
20 46
61 72
83 86
51 53
32 37
4 8
18 54
88 95
34 57
89 94
54 58
77 85
40 56
25 29
34 44
60 70
2 10
16 20
50 53
82 84
79 94
49 52
68 78
68 71
40 60
86 90
22 29
86 93
7 14
68 75
25 41
54 74
85 88
40 47
47 53
11 31
59 76
35 50
48 60
78 82
5 24
7 12
71 92
19 28
15 38
16 26
78 87
41 47
63 83
85 88
84 94
56 67
64 69
80 90
62 67
21 28
11 21
60 65
25 37
47 57
28 36
4 12
6 10
14 23
50 54
76 90
65 88
85 89
40 45
23 27
48 52
48 82
36 43
66 73
49 51
28 44
81 95
94 99
50 63
61 77
22 31
57 72
49 66
22 27
16 34
30 54
54 60
5 9
79 98
40 45
74 90
58 64
55 56
21 34
90 100
86 96
27 37
75 83
1 8
90 99
57 83
8 21
69 73
35 46
32 40
88 99
23 28
93 98
32 36
67 72
14 44
34 43
24 38
15 33
83 87
25 46
82 87
54 58
43 48
15 40
19 24
58 71
55 67
88 92
28 52
39 49
50 66
46 57
67 71
58 64
49 59
88 92
61 75
88 94
45 61
57 74
67 82
30 37
13 26
73 85
74 81
79 91
4 15
46 59
65 75
82 93
9 18
31 41
45 52
2 18
46 83
65 71
37 43
77 83
66 74
53 68
30 39
74 76
23 51
8 12
30 36
88 95
3 16
7 11
6 14
94 98
79 89
75 95
85 92
43 56
69 80
91 94
40 50
34 37
62 74
36 45
29 37
23 29
62 75
64 87
56 66
82 97
9 11
59 68
28 38
43 55
88 96
96 100
62 71
4 13
72 83
43 59
73 79
52 63
5 12
22 35
1 16
58 64
70 75
34 46
90 98
11 30
9 14
40 62
44 58
26 50
14 25
3 9
81 86
65 81
76 82
48 50
73 92
74 85
38 54
57 67
10 27
1 22
36 65
55 72
1 9
59 75
66 70
28 38
55 65
57 61
69 90
32 64
19 27
26 37
46 64
75 88
95 97
62 71
68 81
26 28
40 49
29 42
18 23
89 93
80 91
29 42
85 90
15 24
65 73
74 83
60 64
50 59
73 85
10 18
19 35
52 61
95 99
81 96
46 51
95 98
18 27
36 52
69 84
22 35
4 13
44 56
14 18
4 26
83 85
49 61
62 87
54 63
25 37
9 34
84 100
27 55
35 41
39 46
59 76
52 59
54 58
83 85
60 75
1 10
33 41
18 42
42 62
7 17
91 98
12 49
35 47
77 85
9 15
91 94
4 11
8 13
51 63
59 65
25 43
79 90
12 17
77 98
26 33
2 9
79 84
70 79
71 86
41 47
10 23
30 48
14 22
1 17
67 80
16 37
21 29
72 76
64 68
66 72
8 20
55 71
21 23
24 65
64 81
74 90
18 38
17 26
80 84
56 83
42 59
31 42
20 27
63 81
51 63
11 13
79 83
59 81
84 92
62 68
33 38
38 80
28 33
78 87
63 99
75 89
32 49
10 14
23 32
25 44
64 72
15 18
33 47
28 41
7 11
84 91
16 29
1 11
92 99
3 10
31 38
62 68
56 73
39 50
13 35
54 60
37 40
69 73
65 78
88 98
80 85
12 19
59 67
89 97
7 13
4 19
23 27
72 83
73 81
60 65
6 12
60 68
60 65
76 85
80 86
13 24
50 56
72 86
10 23
69 75
41 50
43 51
60 68
28 33
65 73
24 34
21 26
38 61
66 74
50 63
53 61
71 86
48 58
63 82
28 31
69 70
2 18
68 72
57 62
76 83
54 59
29 44
88 99
65 68
13 18
46 56
14 29
26 31
49 60
60 65
64 69
54 61
87 95
46 56
71 79
42 45
64 74
74 81
47 54
79 82
71 81
33 46
37 57
10 23
35 40
69 79
37 41
72 79
15 26
56 64
5 8
74 95
64 68
33 55
30 52
27 76
65 71
70 78
1 21
94 99
33 50
15 41
64 67
46 52
76 90
38 48
54 58
83 92
78 82
10 21
61 65
10 20
45 56
7 16
30 45
35 42
79 85
84 98
36 48
29 40
48 56
89 95
23 30
5 40
16 25
32 39
74 83
3 10
65 72
1 14
33 37
21 37
36 45
26 50
54 80
28 34
7 27
84 90
11 24
47 56
48 64
22 35
7 17
42 47
66 79
85 92
87 94
63 76
31 36
25 32
65 69
67 78
44 53
53 77
49 56
5 12
86 91
1 9
1 10
52 55
1 13
30 42
16 24
84 92
66 79
29 38
66 73
9 15
87 90
43 54
17 19
83 90
53 56
48 55
46 50
66 72
22 32
15 38
67 74
76 81
96 100
8 19
26 31
5 19
79 97
45 52
6 12
66 84
41 61
52 67
45 53
4 13
59 75
28 39
75 90
76 81
58 65
41 65
10 52
33 40
59 87
87 99
73 82
88 96
50 53
23 40
21 30
86 91
20 30
66 80
7 17
45 52
72 86
49 55
6 22
7 11
33 39
83 92
37 49
69 81
26 43
76 78
27 49
84 94
76 80
76 99
8 11
3 16
94 97
8 22
37 52
34 50
26 43
22 30
85 99
37 61
52 58
4 12
42 50
61 75
82 96
68 73
39 45
41 49
2 6
81 90
31 63
46 54
51 59
61 73
90 93
25 33
66 73
62 65
6 13
46 52
15 30
46 60
37 45
14 19
35 42
38 53
28 36
8 16
49 68
11 27
54 64
37 42
50 62
67 78
84 88
11 23
23 28
68 86
55 62
90 96
3 7
39 49
53 90
35 42
20 31
96 100
90 95
43 52
87 90
79 88
55 76
75 82
89 92
53 64
10 37
40 52
41 46
74 91
55 75
27 34
6 10
81 85
3 13
1 15
37 57
9 11
44 51
41 49
91 92
11 25
51 62
40 66
87 91
58 62
70 79
50 64
44 59
82 92
47 58
49 57
82 96
83 88
3 26
73 88
2 13
67 77
53 74
52 62
18 43
40 47
7 17
72 76
71 78
58 63
42 55
32 38
66 77
19 24
13 18
4 11
64 78
81 100
67 74
45 53
32 46
96 100
26 28
34 40
10 19
15 24
75 96
67 68
93 97
18 20
75 84
6 12
39 45
6 13
44 51
82 96
36 45
14 20
11 25
1 8
55 59
55 66
40 70
26 50
9 16
52 63
34 42
84 91
6 11
43 45
68 74
27 35
48 59
2 14
41 55
28 33
83 98
36 43
73 93
8 19
42 54
17 33
10 19
23 34
22 24
87 99
70 76
41 52
57 82
35 41
33 37
64 80
70 77
64 78
58 72
28 33
58 76
35 45
80 86
78 88
41 56
71 89
35 43
9 15
46 51
18 33
63 72
76 81
36 47
3 8
70 77
7 27
76 98
34 39
21 42
61 74
59 78
18 46
17 21
20 26
11 22
70 97
92 99
19 21
51 57
40 56
43 64
1 9
21 29
28 47
91 98
8 15
4 12
17 24
3 12
33 45
37 42
56 60
45 51
75 79
3 23
53 59
73 76
51 59
36 41
74 77
77 80
39 52
81 98
82 92
11 20
74 82
61 70
42 51
33 46
67 79
68 74
66 79
8 17
66 92
10 23
88 94
2 8
33 42
55 68
32 45
52 59
12 27
5 31
62 76
73 81
40 47
83 93
44 53
76 83
86 93
23 41
11 38
18 26
76 99
79 85
65 69
8 19
70 79
1 10
38 74
38 49
35 39
87 89
64 75
41 45
32 38
15 22
57 72
62 66
64 71
4 31
42 60
40 55
11 28
63 69
20 22
14 58
13 29
48 51
42 51
42 67
80 85
86 94
55 76
60 83
18 34
71 79
1 10
42 46
92 95
6 17
30 33
60 76
17 24
73 83
81 83
46 60
63 67
34 47
21 45
31 33
87 90
15 41
78 84
54 73
77 82
69 94
25 35
61 68
50 58
68 79
88 99
63 86
48 56
38 46
47 58
7 19
9 19
58 80
50 59
28 34
49 67
27 39
30 37
80 90
26 31
64 70
5 16
4 10
91 97
76 95
37 48
21 37
79 83
86 93
17 35
71 89
20 31
13 27
76 80
93 96
31 42
66 73
19 25
82 85
30 38
16 23
9 15
19 40
7 39
12 22
65 67
20 30
25 31
63 78
1 3
32 35
15 18
65 71
37 43
37 49
60 71
49 65
8 21
33 44
25 34
47 59
52 77
4 29
90 92
72 76
37 46
58 75
67 85
21 27
88 95
63 71
7 22
37 50
20 26
57 61
52 59
3 11
35 46
65 78
56 67
1 10
59 67
51 67
74 81
5 10
71 82
28 70
26 38
81 86
50 60
65 82
3 10
82 88
30 35
45 50
16 29
29 33
65 98
28 32
72 85
31 37
39 44
22 45
61 69
68 84
20 26
25 39
32 35
67 83
58 66
67 73
1 14
59 65
56 61
15 23
24 46
57 72
88 96
11 18
13 19
33 44
16 25
6 15
71 78
33 43
77 94
73 80
70 77
89 99
58 76
47 59
78 80
2 8
9 19
65 73
64 80
42 52
71 75
20 25
37 42
20 25
68 73
85 96
16 26
40 52
25 32
47 51
75 86
60 67
43 54
22 31
70 79
86 95
9 14
66 72
57 79
67 79
11 19
63 73
15 27
35 45
10 17
28 37
57 92
54 63
31 39
28 33
8 10
35 50
27 31
15 29
21 26
16 23
14 21
53 61
39 52
87 98
86 97
11 32
44 55
61 65
49 55
6 11
21 30
68 72
80 88
75 80
49 63
76 89
29 43
9 15
82 87
65 75
18 38
64 81
86 95
82 89
39 50
3 17
39 61
92 95
17 25
62 68
71 73
72 79
41 44
3 8
65 77
95 99
34 57
37 53
22 49
26 33
9 12
72 87
17 34
1 15
18 27
73 78
15 28
33 46
9 20
24 47
68 71
14 26
76 92
14 34
55 63
18 37
18 27
63 82
70 78
9 17
27 38
23 31
70 73
29 35
44 55
74 76
15 26
76 87
94 100
59 74
66 72
12 18
50 69
20 23
38 48
67 85
54 60
37 44
13 17
87 93
49 54
56 65
58 79
31 41
70 78
58 63
75 88
9 14
6 28
42 45
6 14
76 85
33 42
66 80
20 26
87 99
28 34
53 84
16 33
75 83
45 48
96 98
47 50
29 36
22 33
59 72
21 27
22 47
76 82
62 65
46 49
30 44
4 20
18 27
74 78
30 44
70 74
49 54
65 71
51 57
49 52
22 32
48 56
58 79
2 5
55 62
5 20
69 75
56 69
31 42
13 20
51 56
25 36
37 45
63 65
59 70
27 37
12 24
45 57
43 56
10 25
9 29
86 100
47 53
13 32
94 98
38 61
78 86
72 89
60 86
10 16
67 85
26 39
55 60
55 63
27 41
21 30
75 83
62 90
69 73
59 70
61 69
4 22
15 23
13 18
32 36
77 86
81 94
11 36
57 71
26 29
42 55
21 53
41 47
37 48
85 94
30 39
88 100
74 76
38 80
56 83
93 94
65 75
4 17
72 79
52 58
61 67
85 95
8 24
52 65
73 82
39 72
17 28
73 86
51 58
41 50
32 37
18 28
13 24
34 40
7 21
68 77
11 34
52 56
31 37
81 90
67 69
28 36
24 29
29 34
59 67
65 95
79 89
71 77
85 87
7 14
42 59
29 35
38 40
42 59
10 34
19 23
25 49
46 54
39 50
59 87
23 29
15 26
13 32
84 95
4 25
28 35
48 56
9 14
46 60
3 20
49 56
80 90
2 18
33 34
46 54
72 83
35 42
22 27
10 24
21 30
31 49
64 72
66 69
6 12
83 99
67 72
51 54
72 85
33 53
45 56
68 79
73 85
3 12
13 28
2 9
67 87
3 19
8 22
1 11
82 91
52 59
68 75
74 82
14 20
47 52
81 88
51 93
29 47
79 90
60 66
74 77
23 31
62 73
27 32
86 88
79 89
9 24
21 23
75 78
79 89
42 48
70 76
22 30
78 84
57 65
6 16
86 90
38 54
71 90
15 25
69 80
5 19
80 97
33 36
40 50
44 81
16 21
25 30
84 99
33 42
84 93
84 95
10 20
61 65
27 30
50 66
56 66
22 30
89 98
20 30
80 90
7 15
79 82
28 41
34 38
48 55
11 18
88 98
60 64
28 37
75 86
15 25
62 68
17 52
60 69
41 68
46 48
39 55
6 10
39 46
21 27
18 26
92 97
82 100
44 48
82 96
37 45
50 54
62 80
56 66
63 73
39 43
76 84
72 81
13 22
77 84
49 53
67 78
59 72
58 68
35 46
81 91
67 82
87 90
70 98
51 59
83 100
91 98
19 29
42 64
86 95
86 96
8 12
38 48
76 78
80 85
46 55
65 77
15 22
36 67
58 69
71 95
30 33
9 44
81 97
82 95
55 67
80 91
5 10
8 15
44 72
9 12
43 60
77 82
47 63
21 30
52 58
16 33
46 52
84 95
37 42
79 86
84 93
25 31
15 31
68 79
36 46
30 35
66 68
68 74
3 32
55 60
63 69
21 30
21 29
69 72
20 26
3 7
34 39
79 84
59 63
35 38
66 71
58 79
57 62
73 76
22 30
55 80
87 100
2 9
45 61
75 85
66 70
6 14
11 18
58 77
9 18
15 21
1 10
29 47
78 90
10 18
6 16
25 37
17 29
75 81
74 79
50 65
88 93
12 19
50 72
39 65
60 66
70 84
48 63
27 47
31 39
34 51
9 21
61 72
2 8
80 88
12 22
26 36
32 38
11 22
50 59
80 94
75 90
58 67
7 10
59 78
50 57
49 57
9 17
71 76
42 45
59 67
92 97
39 48
5 14
50 58
31 33
20 40
92 97
1 11
89 99
10 22
25 34
36 49
35 56
90 100
71 82
48 56
6 50
64 67
57 70
53 60
31 36
85 88
6 15
21 55
16 25
77 85
68 82
30 37
21 24
13 19
21 73
29 32
9 18
26 37
38 51
30 37
47 58
48 52
22 38
68 77
53 69
82 88
49 55
75 87
10 27
36 56
21 30
78 93
21 36
72 81
9 26
62 66
53 56
58 60
26 40
78 96
77 85
66 71
44 52
75 91
57 67
45 58
16 21
77 81
62 67
71 77
15 31
87 92
73 80
89 97
35 47
71 81
10 23
50 59
52 75
54 73
22 36
24 38
62 72
23 50
56 59
10 19
38 59
94 100
62 77
3 12
55 63
56 63
28 35
62 77
20 25
11 29
62 67
83 94
71 82
69 81
19 30
16 29
27 30
32 41
27 49
1 6
28 39
29 32
59 70
77 85
23 27
71 78
11 20
15 58
6 18
55 66
73 94
68 75
52 97
58 66
65 78
42 85
16 23
6 12
38 49
32 42
35 41
65 69
68 91
38 50
83 90
6 17
59 65
15 50
7 14
81 94
88 100
12 16
76 86
22 28
40 51
46 51
87 95
39 56
81 91
51 66
29 43
6 31
55 61
86 92
65 70
17 21
92 98
65 76
8 15
26 31
55 62
41 49
56 70
8 12
65 71
83 86
3 13
37 47
61 67
51 60
67 73
39 43
30 39
43 50
51 65
18 26
72 86
61 72
17 30
56 70
3 21
74 79
30 37
79 85
71 79
10 26
62 80
13 49
47 70
34 38
50 54
32 44
89 100
85 97
28 39
61 68
9 20
78 96
66 84
60 65
14 19
94 97
68 83
16 24
85 93
45 58
70 89
86 95
20 34
57 92
55 61
14 24
13 20
51 75
8 17
25 33
90 98
68 77
89 97
63 84
68 77
1 14
46 61
56 69
71 83
17 27
27 36
46 59
27 32
57 78
54 58
48 54
22 27
59 69
36 45
38 63
77 79
45 50
53 70
9 39
83 88
64 72
88 96
24 36
13 18
72 79
17 19
1 8
73 77
39 43
46 52
49 53
61 72
14 27
47 54
61 71
11 26
64 73
77 87
17 34
58 60
63 72
76 93
40 47
7 9
3 7
21 27
10 21
76 81
69 74
27 32
11 28
34 38
21 42
34 50
67 73
15 18
83 94
65 71
76 83
29 47
31 36
46 53
8 25
83 97
73 88
19 31
23 49
60 71
13 35
89 95
65 68
68 80
30 39
40 48
60 79
75 78
72 75
68 82
86 99
58 66
42 51
32 37
68 81
1 53
5 9
25 29
79 88
38 54
36 44
47 90
15 28
6 13
68 83
69 83
9 26
59 63
75 80
52 59
70 73
93 100
4 12
33 56
12 17
36 42
90 98
73 80
56 66
30 40
69 78
32 38
58 68
18 21
75 89
42 57
49 51
38 52
32 41
53 62
13 19
35 41
89 98
12 33
54 73
60 67
7 12
77 88
28 34
46 54
88 94
61 77
32 41
31 39
41 50
34 69
88 95
72 90
60 71
66 70
9 18
32 37
38 46
53 67
63 100
60 78
74 82
5 27
27 41
16 25
60 67
69 74
85 89
88 93
11 37
63 66
35 47
29 33
15 28
32 42
40 58
23 41
85 99
7 14
20 24
3 8
68 72
20 25
2 9
64 76
57 69
8 17
30 37
82 87
52 59
62 77
33 40
77 90
61 71
46 51
67 72
51 56
11 32
48 55
28 38
44 47
17 24
13 35
50 54
66 69
31 36
19 24
31 50
84 89
25 31
4 23
76 79
57 64
14 18
44 60
84 96
57 64
7 24
74 82
42 49
1 19
40 47
69 81
18 21
61 77
15 23
67 74
15 19
10 23
13 20
53 60
14 26
24 77
80 99
73 97
36 45
78 93
2 39
24 36
70 86
37 49
86 91
33 44
96 100
37 49
39 44
20 31
45 51
38 59
44 51
86 90
40 45
21 24
4 9
47 62
2 7
30 39
83 95
3 10
66 72
5 8
20 25
71 84
5 13
69 72
88 97
29 39
84 88
89 92
34 43
15 30
21 23
33 38
21 46
44 56
46 51
31 60
49 72
29 38
75 97
34 57
75 87
38 62
29 40
60 67
61 79
54 68
24 31
76 95
41 44
78 82
57 65
73 83
59 66
86 100
58 89
35 42
11 21
8 15
76 81
75 81
14 56
18 23
50 58
88 98
21 44
83 95
78 85
44 60
73 93
13 27
60 69
73 85
77 84
67 75
19 41
17 44
19 29
27 31
36 48
5 15
38 43
55 82
48 53
49 54
45 47
44 63
14 39
13 26
12 28
87 93
64 70
21 27
16 19
65 69
87 92
79 86
27 37
64 85
49 59
80 89
7 18
22 40
80 93
74 89
53 63
21 28
40 68
66 79
42 52
79 89
44 51
68 72
52 58
52 64
72 82
59 80
34 40
39 49
28 32
86 94
48 64
17 23
85 96
50 55
61 66
32 42
31 33
10 21
29 43
38 87
40 70
4 17
24 96
70 78
59 64
68 80
55 63
31 41
88 97
76 80
60 65
54 70
50 64
60 68
32 52
53 58
26 44
14 24
54 56
23 33
47 53
82 85
81 87
50 54
5 29
45 58
71 87
50 66
11 18
90 96
43 58
40 46
91 98
85 96
57 87
79 89
74 81
42 57
55 61
24 34
61 63
40 55
36 39
78 84
29 35
12 15
53 57
32 40
13 21
73 77
41 56
17 22
1 22
27 46
78 95
90 94
3 6
21 49
30 35
73 77
80 92
52 53
11 31
35 46
37 42
20 25
15 18
87 93
55 57
57 71
6 16
29 36
51 60
80 85
12 22
17 26
44 56
5 12
7 16
10 13
6 16
55 59
20 44
99 100
40 51
76 83
47 58
88 90
90 97
11 24
29 34
23 31
16 27
63 77
26 53
38 55
40 50
68 79
29 45
62 68
42 56
27 55
41 45
42 45
34 38
1 6
45 51
36 43
9 21
5 12
43 56
59 87
