100 20 20 17
00000000000000000000
00000000000000000000
00011000000011000111
00000000111100000000
00000000000000000000
00000000000000000000
11111100001110001111
00000000000000011000
00000011110000000000
11110000000000000000
00001100000000000000
00000000011000000000
00000000000000000000
00000000000000000000
00010000000000111000
00000000011100000000
11100011110000000000
00000000000000000000
00000000000000000000
0000000000000100000
0000000000000100000
0000000000000100000
0000100000010000000
0000100001010000000
0000100001000001000
0000100001000001000
0000010000000000100
0000010000000000100
0000000001000000100
0001000000000100100
0000010000000100000
0000010010000100000
0000010010000100000
0000000010000100000
0010000010000000100
0010000010000000100
0000000001000000100
0000000001000000100
0000000001000000100
3996
74 86
3 25
23 25
75 88
2 13
21 24
65 69
43 50
52 64
22 45
65 70
55 67
63 68
75 82
18 23
56 59
25 31
11 37
49 62
18 34
90 91
55 68
6 16
57 69
57 66
43 53
58 82
89 97
50 61
44 57
41 55
83 94
19 33
84 100
82 90
89 99
50 61
45 50
55 61
54 65
28 32
31 41
8 27
29 40
39 43
7 15
22 31
43 61
43 47
58 73
63 67
23 33
33 51
16 18
55 65
50 57
2 3
47 56
6 17
53 59
70 88
31 40
68 73
56 68
46 53
80 82
23 25
5 11
85 90
75 82
63 66
67 73
12 36
93 97
39 51
81 100
19 32
71 86
72 82
33 47
8 17
28 35
33 42
73 78
46 59
50 60
71 80
44 53
83 87
82 86
78 84
50 54
49 52
49 62
7 17
80 84
9 14
33 41
59 71
68 72
40 52
65 73
4 11
42 52
52 59
6 23
57 62
29 35
81 93
34 37
84 88
16 22
22 29
2 10
12 17
34 44
44 52
20 33
36 41
11 53
72 94
87 95
63 69
16 43
44 60
2 8
41 44
84 90
44 57
35 48
42 47
7 10
47 51
75 91
12 17
78 79
16 34
85 95
60 93
88 94
21 25
22 35
25 31
8 35
63 79
82 87
15 21
84 90
3 13
58 65
52 67
27 40
63 75
71 80
81 92
13 20
47 56
83 90
76 88
59 69
18 33
74 100
2 10
36 38
12 16
33 36
25 61
58 65
77 86
16 24
35 50
82 91
46 86
60 65
23 29
25 43
53 69
55 76
61 62
9 16
50 72
37 51
72 77
15 25
83 96
1 18
50 68
42 47
21 28
45 53
47 57
50 53
76 86
27 33
32 54
67 69
24 32
73 80
81 91
33 43
5 16
69 71
69 74
13 22
70 76
40 49
60 65
92 100
93 99
84 91
63 72
59 70
58 73
38 46
51 59
60 68
48 54
50 75
86 91
76 86
71 83
76 84
72 84
5 11
6 12
65 88
38 46
8 16
78 82
26 31
46 51
18 32
39 43
51 61
92 98
17 36
6 20
16 28
47 53
62 63
42 46
61 68
49 53
82 89
13 17
23 30
61 68
9 12
29 97
19 27
25 37
68 76
1 10
26 37
41 43
54 60
49 74
5 31
24 29
42 61
36 58
56 61
84 96
94 100
76 88
51 62
28 31
82 93
39 47
4 9
79 86
17 22
19 40
8 16
24 32
75 83
53 59
32 39
65 84
15 17
49 60
45 49
18 30
53 94
41 48
12 17
8 13
49 57
65 75
77 83
66 88
25 40
80 92
45 54
24 36
57 68
50 72
8 23
53 67
64 68
32 41
90 97
64 67
55 68
60 62
57 86
7 9
86 96
40 55
52 64
61 68
10 17
74 87
43 62
58 66
42 45
84 95
61 68
94 100
6 15
79 85
18 27
75 84
4 20
5 29
36 42
41 46
29 45
77 81
67 70
78 98
71 78
58 70
29 38
49 58
52 59
6 9
56 68
34 42
24 27
11 32
47 60
33 40
38 56
60 81
3 20
87 91
23 39
68 80
2 15
26 30
45 51
20 42
72 84
84 95
26 33
43 58
16 29
54 59
63 72
6 16
72 75
27 34
6 13
19 27
36 39
5 11
94 100
8 19
26 36
9 19
25 44
54 61
79 83
79 88
5 15
47 59
34 47
38 43
83 94
66 78
6 16
20 29
5 14
40 43
19 27
47 50
81 86
53 63
8 17
55 62
21 30
82 89
43 64
26 27
45 55
62 71
54 69
19 28
43 46
58 68
84 91
81 89
41 49
33 46
25 38
80 84
77 95
9 15
68 76
77 82
83 91
7 9
95 97
61 87
44 65
68 71
56 74
54 68
41 49
14 18
77 83
83 90
47 55
28 37
37 48
33 39
52 57
83 93
69 71
24 33
65 69
53 55
2 9
35 41
51 62
81 98
31 36
72 86
82 97
34 40
25 39
11 22
35 48
13 15
62 76
87 91
50 63
18 31
10 22
62 70
46 52
27 32
94 97
2 9
64 67
2 15
61 68
22 38
88 94
53 66
17 21
99 100
67 72
12 17
79 96
58 73
55 58
36 46
33 57
80 86
32 42
8 17
23 27
21 52
22 42
55 75
82 88
71 73
48 55
10 22
34 53
63 68
3 14
37 44
70 86
5 9
19 32
41 47
80 90
57 65
61 69
10 13
43 60
25 32
26 32
20 29
43 60
41 52
79 87
13 18
45 65
72 93
41 51
4 20
41 50
68 82
85 90
64 69
58 66
44 51
90 97
52 65
91 97
19 37
79 92
12 23
31 44
41 50
9 15
19 30
24 28
11 17
58 64
61 80
92 99
80 83
23 36
6 15
1 16
54 63
12 19
26 32
15 21
23 38
34 50
76 88
29 33
7 12
18 24
59 70
11 29
21 31
43 48
2 5
91 95
15 19
61 68
87 93
54 76
4 16
52 53
65 68
54 73
67 73
33 53
54 61
4 10
52 60
58 67
44 52
3 10
61 64
22 26
50 62
41 51
34 42
68 83
7 14
44 57
28 32
36 45
56 63
40 48
72 93
35 69
22 30
87 93
56 66
64 88
4 8
44 55
38 51
33 50
88 96
89 99
58 65
62 64
31 38
19 27
43 49
64 73
54 65
34 40
24 29
62 73
24 39
8 26
9 16
32 38
76 82
21 83
47 52
64 98
29 44
78 86
11 15
52 58
13 20
68 76
2 4
21 28
46 64
23 28
49 72
34 38
94 98
59 73
21 25
53 63
88 91
82 89
29 47
65 73
46 56
41 48
60 84
8 23
67 88
38 56
96 100
8 39
21 32
37 54
40 47
85 88
38 51
83 90
65 90
25 29
18 47
76 87
85 97
64 81
61 73
32 40
1 13
12 26
74 86
51 72
21 35
26 38
47 63
30 44
11 28
55 62
72 81
62 79
33 43
54 68
61 75
11 25
68 75
12 16
87 97
52 67
27 31
68 77
70 86
56 63
44 49
81 88
2 14
15 29
49 55
69 94
74 77
60 74
52 56
93 95
35 46
24 38
14 26
17 20
83 98
58 93
60 67
1 3
46 62
3 24
48 62
44 48
74 79
12 23
29 31
9 13
22 28
51 77
25 29
49 57
63 74
61 67
9 20
32 44
71 75
41 51
21 30
57 79
23 25
69 90
82 95
54 78
80 88
27 32
57 64
9 14
12 25
18 31
24 30
82 87
25 36
10 28
51 63
71 73
82 91
59 66
84 89
13 19
67 78
96 99
83 89
54 74
24 27
73 93
17 21
24 31
47 56
60 93
33 39
24 41
93 95
71 84
17 47
72 80
43 44
74 84
4 9
45 55
85 98
50 66
56 65
2 16
35 44
21 57
34 46
45 63
52 69
62 67
53 58
41 47
35 41
57 61
25 45
49 64
3 9
49 64
23 28
63 71
88 91
5 13
75 97
42 51
29 36
89 95
32 42
50 61
1 8
81 93
22 31
23 26
55 62
11 23
3 71
37 41
86 94
33 45
14 20
63 95
36 44
70 77
86 90
64 68
55 85
82 84
59 68
10 15
31 39
45 53
32 37
62 67
38 43
62 93
42 50
7 15
66 79
8 17
84 99
28 34
89 99
44 51
57 90
25 31
70 78
70 85
29 35
56 64
22 27
86 93
50 55
89 97
45 50
10 15
6 9
91 94
9 30
60 64
31 36
71 74
36 50
87 92
54 60
18 39
13 17
81 93
73 90
44 52
72 88
63 67
14 28
66 76
47 67
29 40
65 79
81 88
35 38
82 91
56 61
74 76
24 32
8 21
36 51
3 13
27 31
9 29
42 77
52 64
82 92
49 54
89 97
98 100
75 81
39 41
13 23
53 62
2 9
72 80
15 24
5 33
70 91
24 36
92 98
71 83
88 93
72 88
81 88
22 40
91 94
20 41
92 97
34 47
47 64
29 41
16 28
12 39
70 78
17 24
51 65
76 82
81 97
82 90
61 79
74 76
35 57
55 68
78 86
43 52
82 85
2 12
60 88
52 59
57 71
77 95
46 64
82 98
4 25
22 27
87 97
20 40
24 28
54 71
33 41
89 94
11 22
84 88
54 71
9 23
44 92
91 99
70 78
81 97
42 60
33 44
59 62
84 95
4 9
14 36
65 70
74 85
2 6
14 38
23 49
10 17
1 34
45 61
49 54
47 65
77 85
73 85
6 12
83 91
16 35
30 37
41 51
68 87
66 72
63 77
25 41
64 77
82 93
19 40
79 88
32 40
45 53
18 30
61 75
50 57
18 40
14 27
17 28
85 90
28 62
78 85
73 81
47 53
13 22
20 37
49 61
18 25
60 70
30 36
66 73
85 91
48 66
51 70
24 36
7 19
56 62
87 94
30 47
59 86
33 48
62 74
8 15
92 99
37 48
4 7
73 78
11 14
31 48
26 30
17 26
82 99
46 52
6 13
22 38
68 72
54 75
38 54
47 65
4 15
44 59
69 77
41 66
33 36
4 26
39 52
60 74
51 57
76 79
41 47
5 15
11 17
54 64
11 24
33 57
20 31
33 36
23 52
24 31
6 9
25 43
46 49
71 91
15 18
21 36
47 48
70 77
31 39
56 69
54 60
29 32
22 29
4 16
71 84
62 82
65 86
73 80
72 94
19 28
60 69
51 60
73 79
40 47
68 78
26 31
14 26
34 56
55 76
11 22
64 83
17 28
61 68
5 12
19 34
33 52
71 81
83 100
31 32
39 53
50 62
45 59
49 56
46 54
77 83
35 47
40 68
64 86
22 31
38 55
68 89
52 55
53 59
26 28
20 29
45 68
74 83
15 33
15 27
50 56
32 47
50 69
73 83
66 77
26 33
23 32
32 47
67 73
34 36
41 48
50 57
15 33
90 97
14 19
43 59
2 12
54 72
31 44
15 27
20 29
5 19
51 53
27 34
88 96
48 56
2 31
30 49
59 71
88 97
83 84
40 52
70 81
82 98
68 86
29 33
33 42
83 88
56 65
77 86
14 15
59 69
76 88
53 77
8 22
47 55
2 15
42 53
63 66
34 39
75 79
85 97
6 23
13 22
43 48
12 29
85 90
61 72
80 91
12 22
59 70
44 51
84 91
42 74
90 96
94 100
84 94
67 82
35 44
51 62
24 26
32 42
43 49
63 82
67 91
63 77
48 55
74 80
46 56
65 76
38 70
30 39
65 73
71 80
25 32
78 83
6 10
45 58
52 66
55 68
14 18
19 37
74 81
63 72
13 21
11 24
26 36
5 12
84 90
12 18
45 59
79 85
41 72
75 90
67 91
74 83
32 43
68 78
77 84
7 11
72 80
14 26
74 76
9 29
19 28
70 80
24 28
82 90
51 59
29 34
73 77
5 22
40 43
22 27
66 76
34 44
36 45
8 19
11 26
11 28
26 46
93 99
56 60
56 66
93 99
84 91
33 43
9 22
1 46
5 9
7 21
68 75
65 69
63 67
28 37
68 77
14 20
65 70
28 36
39 42
76 95
25 34
50 67
77 78
56 82
9 13
44 67
7 9
32 46
30 41
1 5
57 60
69 78
16 22
20 22
30 40
42 58
84 91
33 73
57 84
64 82
70 89
47 64
62 69
39 50
18 28
33 43
23 32
40 49
21 37
50 57
72 89
62 68
65 77
82 95
11 20
51 59
67 83
49 67
5 14
81 94
49 57
37 57
40 43
37 49
9 20
60 75
52 70
8 13
74 83
68 82
84 93
51 58
36 48
44 55
40 56
62 76
24 35
64 75
28 38
24 54
59 95
19 46
49 54
52 60
2 11
87 88
66 70
37 59
20 24
91 94
33 44
32 42
27 29
19 35
93 100
4 10
1 4
90 98
2 14
59 72
36 50
14 28
12 29
58 72
40 50
4 24
59 64
44 46
27 33
6 15
14 17
33 37
18 25
58 85
16 37
88 93
32 54
33 40
21 35
85 87
76 97
24 36
10 12
87 99
89 99
10 20
14 27
67 85
34 43
69 71
85 98
70 76
66 84
37 47
87 90
81 93
1 7
7 17
58 63
35 44
47 66
90 96
56 61
46 61
9 15
24 31
27 40
7 19
74 81
80 88
82 98
24 40
49 55
43 46
11 29
65 70
52 57
65 71
55 63
37 43
23 30
44 90
51 61
54 58
83 97
24 33
69 77
86 99
12 29
86 97
31 42
26 33
83 89
34 39
62 81
44 51
47 51
80 85
53 63
30 46
38 44
15 21
18 23
43 60
59 60
44 51
24 37
71 78
26 45
46 54
49 62
36 64
4 11
12 24
27 38
14 22
34 41
73 82
20 27
75 83
39 56
12 13
1 14
90 94
50 65
28 41
72 86
54 58
17 24
18 42
56 68
69 80
52 76
26 36
3 25
19 31
82 90
83 87
70 91
63 71
62 77
9 22
51 59
9 16
36 49
41 68
32 45
26 37
85 98
29 35
15 34
8 12
45 52
17 23
47 60
89 93
91 95
36 46
97 99
84 97
20 53
81 89
29 32
53 57
40 53
34 37
52 60
28 40
66 69
81 100
4 12
23 28
67 72
25 37
88 98
81 87
73 81
24 32
17 38
58 65
70 83
65 69
51 72
64 74
62 85
68 73
20 29
79 93
32 40
43 99
40 75
61 68
75 78
31 41
86 93
49 52
35 40
23 44
13 21
22 39
42 68
32 37
79 95
47 68
27 57
28 47
65 77
19 23
88 97
74 76
19 26
62 75
43 48
80 98
70 79
71 86
27 41
8 26
47 54
4 12
92 95
45 53
39 45
68 74
24 33
84 89
28 31
90 99
81 88
2 9
96 98
11 31
66 74
43 45
13 18
66 78
47 75
41 47
83 95
28 47
20 26
27 36
24 28
24 30
18 30
37 65
79 86
51 58
58 87
73 80
44 51
50 57
39 57
15 20
10 24
83 88
50 55
41 49
26 34
81 91
20 26
62 79
66 83
27 51
18 28
49 65
92 96
63 82
66 81
85 94
39 43
25 46
19 38
19 26
58 62
31 35
9 23
7 18
84 98
6 18
69 99
49 59
12 25
89 96
14 23
24 36
3 13
6 64
80 90
40 57
66 71
73 74
8 40
79 85
68 73
95 100
69 81
86 92
66 80
28 42
92 98
55 96
64 75
55 66
53 63
67 72
32 48
55 66
48 63
4 12
94 98
91 97
44 51
28 37
69 74
49 61
39 52
67 85
19 25
61 66
26 44
7 20
46 53
1 15
33 44
46 49
51 65
33 42
79 88
14 27
12 20
33 44
83 96
93 99
55 83
49 74
43 52
81 88
22 32
44 47
24 45
45 54
81 96
12 15
2 11
28 33
32 48
43 50
16 38
91 96
71 77
67 78
53 64
71 77
62 74
61 74
70 90
71 74
35 49
74 84
65 72
23 29
7 23
52 60
78 90
38 40
90 94
32 35
56 62
23 38
7 36
69 78
13 17
82 85
43 47
39 48
22 35
68 80
92 97
84 99
11 18
21 25
36 39
34 46
17 31
61 63
66 83
45 50
68 82
31 47
53 58
6 11
81 86
62 81
86 92
38 41
10 16
22 47
22 32
67 74
9 14
45 57
26 30
7 14
67 76
4 13
48 72
29 38
72 78
37 73
11 16
48 70
1 61
57 62
66 77
68 81
18 25
54 57
53 63
15 21
52 56
11 41
35 46
41 64
80 85
44 55
4 23
74 82
63 68
16 29
41 46
66 75
46 55
49 51
35 47
25 33
56 76
10 25
38 45
52 58
15 24
81 87
17 20
65 93
54 63
21 44
47 62
28 38
40 55
10 24
87 91
19 30
83 91
58 72
35 43
10 44
10 15
32 44
83 96
11 16
45 56
38 44
92 95
41 54
67 88
68 83
43 51
4 14
31 49
74 82
25 34
52 58
10 18
17 38
31 40
26 28
52 73
30 42
43 54
40 48
44 46
62 75
62 67
30 45
35 39
80 86
53 65
39 44
43 62
28 31
49 56
23 32
12 44
38 66
24 36
79 98
43 62
7 38
64 69
64 83
32 44
21 29
71 83
80 94
71 81
56 78
56 66
59 69
65 84
69 86
30 34
45 58
23 26
24 47
37 41
61 67
16 28
61 87
86 97
65 79
10 16
54 60
5 10
45 55
10 22
38 46
36 62
52 65
20 27
34 41
37 42
27 37
6 24
86 94
31 41
51 57
3 22
56 66
38 53
80 85
35 39
42 46
50 56
23 31
87 97
58 70
83 84
47 50
36 51
28 33
16 24
12 29
55 64
57 62
33 36
68 72
60 69
16 30
51 60
47 76
32 55
22 45
17 30
3 19
15 23
74 79
53 67
31 35
42 48
12 14
58 72
37 58
77 99
31 38
17 22
3 15
21 45
47 55
9 35
16 35
49 51
53 57
29 38
49 53
8 19
56 62
56 61
60 62
37 50
3 19
8 10
16 22
80 88
80 93
6 11
78 91
48 64
2 53
87 98
21 26
9 24
12 31
22 30
25 27
18 31
60 74
20 29
26 36
69 75
31 33
88 90
69 74
43 71
65 72
57 65
32 59
6 8
41 55
38 42
3 10
45 51
39 48
33 57
95 100
32 42
6 16
69 73
87 100
6 13
31 44
23 25
30 43
83 93
72 86
68 74
51 62
43 60
21 34
18 28
5 8
3 16
6 14
13 23
32 43
85 92
35 47
33 39
54 72
74 76
30 45
35 38
71 79
58 68
56 64
14 19
15 42
3 13
24 29
48 57
66 78
15 28
30 33
45 98
1 11
79 85
3 21
34 41
78 86
26 30
7 18
57 65
30 34
54 68
90 100
68 69
4 33
53 59
56 68
75 88
71 77
13 26
22 33
27 37
23 34
2 13
82 93
5 13
22 49
60 85
78 83
7 9
45 55
55 58
11 32
21 27
22 42
87 95
41 51
67 79
57 80
66 85
19 33
27 43
37 57
59 93
49 56
69 75
9 19
82 97
86 97
84 91
47 61
39 45
2 18
37 57
19 33
21 32
57 63
84 92
42 53
88 98
38 47
17 25
41 49
4 21
65 75
58 67
39 54
52 58
51 57
64 77
7 15
5 18
6 11
60 68
17 32
54 58
31 51
19 31
87 92
42 47
92 98
40 56
77 88
11 20
27 30
11 25
75 82
10 25
14 35
16 30
60 66
53 61
68 78
40 43
34 69
8 44
54 75
21 35
2 7
62 66
59 76
77 96
87 92
12 18
9 16
33 38
87 94
50 65
36 42
22 57
66 85
62 75
12 25
34 38
56 67
68 80
52 61
11 16
38 52
58 67
43 47
78 91
72 77
9 27
50 70
5 18
48 64
25 47
75 92
60 70
58 61
90 99
42 54
59 87
27 40
58 63
1 7
91 99
60 69
15 22
16 23
52 56
58 64
77 80
22 25
26 30
73 79
29 33
54 93
72 80
35 44
59 70
56 73
13 23
53 65
43 47
68 76
21 24
34 38
56 66
42 50
20 23
55 61
36 47
9 12
56 61
48 70
84 92
28 32
47 57
41 47
3 15
60 82
78 86
10 25
3 12
55 69
54 67
54 61
8 16
12 22
50 53
74 98
38 48
79 91
67 75
20 41
57 62
15 23
37 65
7 18
11 14
21 34
18 29
34 40
58 67
69 84
49 51
82 95
55 82
91 95
9 14
54 63
41 56
25 28
62 70
29 43
61 78
22 27
46 56
2 8
58 63
34 38
6 19
34 39
60 83
90 99
58 83
51 87
46 57
76 86
57 64
48 52
21 27
15 41
24 61
73 86
70 79
15 19
70 75
18 22
68 84
33 40
26 32
79 81
28 35
29 32
29 37
9 24
69 76
51 75
72 91
9 39
4 15
50 53
42 52
68 71
69 77
29 40
47 62
5 19
49 52
58 65
40 46
7 14
88 95
14 24
7 12
85 90
33 42
39 48
43 61
45 68
40 53
13 24
88 96
60 84
40 49
21 28
17 24
49 65
52 69
75 84
76 81
63 98
67 84
19 36
48 67
38 43
54 60
56 75
70 73
41 55
24 29
88 97
47 52
20 29
52 57
37 54
64 82
86 100
58 65
36 45
18 21
10 17
62 95
40 58
71 86
46 73
20 30
26 32
1 6
76 81
65 74
39 41
18 35
66 94
58 76
35 44
94 99
38 55
5 12
66 87
80 86
5 12
72 91
68 83
85 89
29 35
3 10
19 26
64 75
33 38
59 67
24 39
34 45
42 51
4 57
60 68
49 57
41 42
20 27
42 45
48 63
84 93
59 85
25 38
54 75
50 57
34 42
57 63
52 72
50 52
23 30
7 13
68 77
31 53
51 61
19 32
3 10
43 47
65 96
6 19
74 80
75 85
57 59
8 21
3 19
7 19
72 86
16 33
69 82
29 36
96 99
38 56
54 58
4 10
41 47
63 84
47 52
38 50
47 55
27 33
11 24
31 40
24 44
22 65
14 20
2 9
14 21
53 63
76 88
5 13
47 96
11 15
30 51
6 20
4 16
20 31
36 38
19 27
57 66
1 24
86 91
60 71
46 49
73 80
13 19
71 89
53 55
38 60
67 86
33 47
45 50
3 10
52 55
70 79
16 32
80 86
18 35
62 86
78 86
2 33
18 24
17 20
23 36
48 80
43 54
80 94
46 58
72 78
42 46
71 81
48 61
83 90
65 69
18 50
25 35
5 14
50 57
36 44
89 93
11 47
27 47
9 33
42 55
26 51
75 94
65 88
19 24
35 56
14 19
38 44
38 50
9 26
56 63
9 18
31 46
70 91
88 95
48 55
20 21
31 35
26 31
1 12
39 44
33 36
41 65
2 7
14 25
20 26
10 18
69 85
23 27
12 17
11 51
68 74
30 45
28 43
47 72
71 78
27 36
64 75
77 83
49 59
21 25
57 75
69 72
18 23
13 32
40 45
16 37
88 94
63 75
2 3
65 75
42 52
46 55
52 64
83 92
13 18
62 64
56 58
53 56
12 16
81 96
61 70
84 99
82 95
93 96
57 71
15 33
22 25
72 80
90 95
77 81
10 17
56 88
36 43
38 46
81 94
86 95
51 52
56 68
83 87
42 49
61 72
30 35
4 11
76 91
52 68
60 66
34 44
43 50
10 35
18 26
53 58
5 9
45 53
46 52
93 97
5 8
70 88
24 29
31 35
81 99
31 39
77 86
68 76
17 29
48 56
29 42
45 59
32 46
77 91
37 64
5 13
34 39
37 56
33 37
76 81
60 72
84 89
28 35
55 67
48 53
14 20
41 63
10 22
55 76
38 41
55 76
62 66
10 14
36 49
72 99
13 16
19 26
6 12
62 71
84 97
35 43
86 97
57 67
68 75
21 25
39 90
63 69
39 55
30 35
77 85
21 24
51 75
83 92
25 36
28 35
39 63
51 60
39 56
3 35
59 74
58 86
79 82
20 34
57 74
46 59
36 59
46 56
1 5
84 96
27 44
85 91
58 64
19 31
65 76
55 72
9 19
66 76
30 42
32 68
18 29
19 39
23 33
10 19
58 68
21 33
60 84
16 34
20 26
64 69
57 65
33 40
44 49
74 83
15 24
78 89
7 21
21 27
51 57
22 31
22 30
45 54
25 36
11 40
20 35
75 82
38 46
77 85
14 18
60 76
62 80
18 25
75 83
9 20
33 36
67 75
72 86
27 42
64 74
37 43
26 28
68 75
79 94
73 81
32 49
41 48
24 36
91 96
37 44
95 98
42 53
32 46
40 57
78 83
6 18
25 28
42 51
63 67
28 36
61 64
82 89
44 59
21 29
58 75
71 88
72 76
27 36
85 100
15 31
23 31
22 30
40 46
57 63
20 27
53 62
54 67
49 54
47 76
82 91
41 60
27 36
1 15
48 60
4 11
8 10
87 91
51 61
17 21
40 62
79 85
96 100
12 22
42 64
25 32
52 57
15 34
14 37
9 26
75 88
9 23
91 99
65 73
67 74
60 62
78 90
16 28
48 53
82 85
18 57
78 89
4 16
61 73
7 9
72 76
14 22
1 22
21 45
34 43
12 48
5 10
82 90
57 75
7 19
30 50
79 83
63 77
36 54
76 82
49 58
54 67
41 46
72 86
6 13
47 61
64 85
32 38
92 98
77 89
58 67
71 84
32 39
23 29
62 67
85 100
10 32
30 38
73 74
43 56
73 83
6 10
25 31
6 14
13 38
78 83
75 94
33 52
60 67
1 14
70 79
3 22
19 26
37 45
67 81
86 92
48 53
5 18
80 83
31 37
3 15
26 49
56 67
7 14
51 70
25 26
34 44
41 43
13 26
33 38
42 63
85 99
28 30
53 59
45 54
43 51
54 69
72 80
86 97
77 86
73 86
74 81
67 72
12 19
45 48
24 53
31 48
3 15
77 87
10 30
31 34
90 94
20 35
44 50
9 14
32 37
32 40
89 96
57 83
89 99
31 39
12 15
87 99
4 21
36 51
73 79
20 27
89 93
32 39
80 84
8 46
38 42
48 51
16 26
11 24
4 10
16 40
36 44
58 69
37 43
15 21
72 79
7 17
75 92
61 80
88 94
38 46
10 22
17 44
26 37
12 17
37 47
60 65
36 44
59 71
39 45
46 56
9 12
67 77
40 45
62 71
76 90
8 13
48 64
27 36
17 30
83 85
19 32
11 34
23 34
9 16
15 38
38 50
28 42
68 81
16 27
46 49
52 59
84 91
53 55
15 22
29 38
8 14
1 9
20 32
68 72
92 99
42 50
23 34
36 48
41 53
38 43
58 64
10 28
15 21
91 99
30 38
89 97
69 86
24 34
48 54
16 32
66 71
74 84
26 34
40 53
63 72
89 98
12 27
75 76
58 100
55 63
54 63
55 68
49 56
91 100
72 87
25 44
7 20
76 95
80 86
14 26
58 67
21 31
92 100
87 90
43 59
9 22
73 86
94 98
1 23
78 80
6 15
54 84
59 69
53 57
50 60
74 77
40 47
58 64
64 77
74 83
52 59
9 27
38 43
12 19
16 28
10 17
73 85
10 18
61 67
12 16
10 27
33 43
16 22
77 90
85 98
25 31
71 76
48 57
7 20
21 29
61 71
28 41
73 83
67 78
81 94
27 35
1 8
10 19
4 16
66 72
78 87
88 92
64 75
78 92
40 63
14 32
16 35
3 12
33 36
5 21
70 79
35 47
46 64
31 41
87 97
72 81
15 21
74 81
15 16
4 10
59 68
52 60
1 18
33 41
55 61
9 45
88 100
75 80
76 90
66 68
45 57
32 34
24 38
60 65
62 68
80 91
58 65
5 33
27 34
77 87
30 36
11 18
2 19
29 36
50 72
19 24
65 68
68 87
57 60
13 22
12 18
18 34
38 59
42 50
29 35
17 18
6 9
87 95
16 27
45 52
92 100
73 80
40 51
27 40
23 34
4 17
51 57
2 7
59 81
76 91
25 34
92 100
88 90
49 57
47 60
24 27
20 39
3 9
58 65
32 44
37 44
36 75
19 32
46 58
49 64
41 50
32 45
80 93
68 71
76 83
77 91
77 90
29 55
86 94
35 45
12 30
39 58
87 99
22 32
78 85
86 94
39 45
47 57
34 46
10 15
39 56
52 60
47 52
60 68
61 68
10 18
34 42
39 52
55 63
31 34
29 36
44 56
21 34
92 99
26 32
16 25
42 49
64 80
68 79
14 22
83 91
68 75
10 24
70 74
57 61
7 11
82 88
1 6
62 69
77 89
50 53
30 34
28 45
78 86
13 20
17 29
88 94
72 87
31 66
63 74
45 57
74 89
13 18
72 83
20 35
55 68
72 76
47 51
80 87
55 59
6 31
35 55
48 67
33 38
40 50
12 20
14 21
58 75
85 90
31 42
9 26
3 24
91 96
8 15
2 7
60 70
54 86
53 74
18 23
50 58
25 28
81 87
70 86
76 89
43 50
25 32
85 95
51 58
53 72
83 87
32 41
77 82
51 67
49 65
39 44
65 79
73 83
67 72
70 84
59 76
44 61
72 80
15 42
56 63
40 45
68 94
20 36
53 69
81 95
64 69
66 81
10 17
50 66
24 30
37 38
35 57
32 46
31 56
56 82
18 76
58 65
66 94
80 88
39 50
20 27
67 73
79 85
71 79
77 85
67 84
90 97
13 29
29 36
40 44
72 81
63 78
95 99
42 47
75 78
53 57
46 71
5 14
57 69
23 30
51 59
53 61
30 54
59 72
14 22
45 59
6 28
18 21
73 78
48 56
30 34
27 34
22 31
26 32
34 42
51 79
42 49
75 86
85 91
90 96
57 62
27 36
31 59
13 20
73 79
41 66
31 55
55 80
2 14
76 81
45 51
79 82
4 26
77 94
65 72
15 23
53 61
40 48
93 96
56 61
24 30
90 91
88 94
19 24
28 33
70 98
74 82
59 67
6 17
52 58
27 33
47 52
21 43
81 85
83 87
78 99
18 26
67 82
30 40
42 63
22 32
23 32
21 31
23 33
72 90
44 48
4 17
34 42
5 10
45 48
66 84
49 59
39 43
15 21
61 65
59 80
16 29
11 32
46 53
82 100
1 4
81 90
79 86
85 94
75 80
82 90
36 49
40 50
37 40
36 54
30 43
11 20
23 34
72 84
17 25
87 91
79 84
58 64
87 90
20 31
26 39
59 71
95 98
62 70
46 52
38 49
82 85
9 16
22 28
15 22
22 47
17 30
42 53
67 71
73 78
33 37
89 94
1 8
54 61
89 96
9 19
67 76
55 60
7 26
84 92
11 26
26 38
37 45
16 20
5 12
55 71
62 64
78 94
8 16
3 15
15 22
1 23
30 44
27 47
62 71
47 51
48 58
69 82
11 26
32 38
81 92
40 48
15 21
6 14
87 96
14 20
66 74
27 28
53 58
49 58
69 78
2 10
84 88
31 41
19 23
73 84
30 64
7 10
86 100
28 47
58 63
45 63
40 43
14 23
11 56
30 38
44 51
10 13
4 41
92 95
50 59
9 12
64 74
52 60
52 85
92 95
88 97
68 88
58 62
64 75
39 51
9 19
68 96
52 69
72 75
36 48
34 46
9 13
5 11
44 50
30 34
42 46
5 18
26 38
59 97
18 52
2 18
68 73
60 72
70 75
61 65
9 21
9 16
80 87
5 13
19 25
67 72
34 43
81 87
52 66
25 36
10 14
11 24
34 37
50 57
56 63
49 57
93 97
24 31
76 83
21 37
23 34
8 15
19 24
64 88
55 63
73 82
78 100
30 38
8 13
67 78
29 37
5 13
35 40
87 90
33 37
42 64
18 25
82 86
59 70
42 59
42 45
36 82
55 66
46 49
54 56
46 71
84 89
38 45
65 68
46 67
78 98
75 96
75 79
44 50
9 24
15 28
79 90
84 90
89 91
76 83
78 85
9 16
75 96
86 94
7 25
33 43
47 53
24 38
48 57
54 60
78 87
5 11
48 59
59 69
8 25
44 54
50 56
77 89
30 36
11 16
53 64
80 92
78 83
55 61
1 25
75 88
75 91
66 70
1 5
90 97
63 79
49 50
29 46
31 42
27 40
88 95
50 58
14 25
42 50
91 93
68 76
42 53
71 76
84 92
10 16
62 78
61 68
53 78
19 31
71 78
2 49
36 52
11 19
8 33
4 18
70 74
28 37
50 56
7 19
60 72
88 92
28 81
55 74
27 33
87 96
34 45
48 52
54 68
85 97
83 88
71 77
23 32
12 25
36 43
86 91
82 93
51 62
12 38
82 92
56 62
39 51
14 20
87 94
10 22
57 72
17 22
31 36
45 51
17 26
81 97
64 80
1 14
52 57
34 69
31 37
76 82
78 83
15 24
84 97
92 99
84 96
87 92
61 70
26 40
53 62
3 37
77 85
67 79
39 55
51 61
70 78
20 33
38 54
47 54
19 25
47 57
2 11
74 94
31 50
22 29
35 43
64 78
2 16
59 64
62 75
51 69
26 35
81 86
42 60
39 42
72 78
18 27
67 76
4 6
51 57
14 27
18 26
91 100
16 43
83 91
56 72
10 20
32 65
60 80
9 15
68 81
38 43
80 96
10 21
3 12
36 43
60 70
34 43
29 40
54 65
39 50
15 48
17 24
13 28
59 72
59 85
66 79
87 88
51 54
53 59
69 76
24 31
35 39
85 95
32 36
47 68
53 71
63 77
50 56
84 89
7 20
14 32
36 54
27 33
55 72
37 57
34 38
65 75
39 44
9 14
43 50
88 92
60 93
62 84
82 91
4 11
18 22
17 28
9 13
51 59
68 74
28 43
69 71
8 12
42 78
2 20
2 14
66 80
56 73
7 27
58 63
4 21
60 70
45 64
63 75
53 60
85 90
62 64
19 87
10 15
16 37
23 48
72 92
44 54
76 87
39 53
87 99
32 36
72 74
44 52
12 15
83 97
8 12
81 86
76 82
81 96
57 68
42 47
71 75
70 81
55 65
93 100
4 16
64 71
45 58
84 97
46 52
41 53
3 30
78 97
42 54
25 39
35 46
11 34
86 96
29 43
14 17
39 46
23 32
7 21
6 20
2 23
51 63
66 80
70 74
82 86
23 29
15 22
49 63
83 85
86 91
82 88
10 21
74 81
1 22
65 82
21 28
91 94
75 81
13 25
62 68
55 72
5 8
68 79
57 64
66 79
25 52
88 98
12 22
5 50
86 92
51 66
63 75
78 87
43 49
6 10
4 25
91 95
30 57
25 32
57 59
52 54
78 86
61 67
71 81
28 40
26 40
32 53
61 67
7 12
78 90
58 81
38 43
65 80
46 49
62 76
22 28
65 79
6 10
60 89
9 24
35 48
58 82
41 52
35 43
63 83
81 86
4 16
30 39
72 74
41 50
28 37
19 44
78 87
9 20
76 83
62 75
88 93
34 42
18 31
26 32
48 52
28 35
13 33
8 13
74 83
35 49
50 60
34 36
45 54
4 7
82 86
16 31
33 45
18 22
15 27
10 17
15 40
6 22
27 36
38 50
34 50
37 39
17 22
13 23
10 21
91 96
88 90
48 57
30 46
24 33
84 89
13 18
54 71
29 36
44 53
3 26
11 20
56 67
38 51
21 31
9 14
26 28
74 79
8 15
19 33
48 54
80 88
31 41
71 83
24 30
39 50
64 68
23 28
43 54
68 77
14 21
4 25
21 54
25 29
75 87
3 11
49 51
76 83
69 78
66 79
45 57
19 34
71 83
81 97
12 22
51 67
18 28
10 19
15 19
74 84
12 15
65 85
48 70
51 56
32 55
47 71
18 25
87 100
63 70
34 36
57 67
56 63
6 11
59 72
86 89
14 26
38 54
91 97
11 18
12 20
30 52
61 68
6 17
27 56
89 93
3 32
14 23
49 55
25 34
39 51
46 60
10 20
51 68
36 51
48 58
34 42
74 81
6 11
43 46
11 23
29 35
43 46
65 76
69 84
91 95
11 21
42 56
6 20
65 79
73 78
76 80
80 97
58 65
32 36
53 59
86 99
4 16
72 83
62 86
16 22
29 37
3 11
25 32
26 34
63 74
23 38
17 23
87 92
22 29
51 60
77 88
69 81
80 95
88 93
56 66
11 14
56 63
4 13
56 67
45 53
39 45
60 74
11 13
64 76
28 38
19 35
54 61
42 48
66 72
24 36
75 96
31 46
33 35
86 92
93 99
58 66
16 32
8 13
56 76
66 71
41 47
37 48
26 52
1 20
46 49
16 30
84 99
24 26
30 37
66 75
70 76
73 80
87 92
39 45
84 94
1 12
72 99
86 100
81 99
78 85
18 46
42 46
89 95
15 26
56 62
79 80
7 16
74 89
74 88
5 19
10 21
57 63
78 90
56 70
50 54
12 21
22 30
26 33
62 72
52 65
77 84
37 44
57 73
5 8
68 81
14 19
17 52
13 36
48 51
57 91
48 57
33 40
52 63
11 15
32 52
2 17
17 22
21 30
80 87
85 97
