100 20 20 15
00000000000000000000
00000000000000000000
00000000000000000000
00000000000000000000
00000000000000000000
00000011111000000000
00000000000000011111
00000000000000000000
00000000000000000000
00000000000000000000
00000000000000000000
00000000000011111111
11111111000000000000
00000000000000000000
00000000000000000000
00000000000000000000
00000000000000000000
00000000000000000000
00000000000000000000
0000000000100000000
0000000000100000000
0000000000100000000
0000000000100000000
0000000000100000000
0000000000100000000
0000000000000000000
0000000000000000000
0000000000000000000
0000000000000000000
0000000100000000000
0000000100000000000
0000000100000000000
0000000000000000000
0000000000000000000
0000000000000000000
0000000000000000000
0000000000000000000
0000000000000000000
0000000000000000000
5377
26 40
50 57
68 76
16 24
48 55
21 28
57 60
3 7
22 43
27 32
33 39
41 63
36 51
7 8
53 58
17 38
7 28
31 42
82 89
49 58
25 38
9 19
71 98
37 52
11 18
51 65
38 62
57 70
16 23
55 60
58 65
17 24
46 66
65 71
12 17
29 40
50 65
48 54
54 69
9 30
69 92
39 48
11 37
1 25
28 34
64 72
76 85
42 55
38 58
85 93
52 59
59 83
20 29
38 53
48 69
27 32
65 69
7 22
83 93
26 33
71 77
11 19
7 25
10 13
18 26
43 45
26 38
73 74
10 20
24 44
80 84
79 83
19 34
72 80
89 92
1 7
65 78
39 44
58 65
2 20
24 38
75 79
77 94
40 62
46 51
73 81
8 18
48 55
32 37
65 73
76 86
22 33
23 70
46 75
51 62
39 46
65 75
58 68
72 77
6 19
67 76
34 48
37 58
84 92
31 57
95 98
26 33
48 51
48 63
47 61
33 37
5 29
40 52
40 48
60 68
6 19
43 47
20 25
65 98
25 33
26 40
77 81
12 22
33 40
56 62
41 56
49 60
50 56
89 99
43 53
82 93
29 48
49 59
43 45
24 29
7 16
91 95
11 21
16 25
38 43
14 23
31 53
75 88
51 63
20 30
78 84
52 68
53 55
46 63
78 87
95 100
30 57
60 80
48 64
23 32
42 62
52 68
47 53
76 81
23 33
76 88
74 83
34 46
30 35
68 75
59 63
52 56
6 15
67 78
60 67
73 95
63 68
67 73
57 75
13 29
10 21
19 21
69 75
91 100
38 43
5 14
44 70
22 25
3 10
1 10
4 8
20 36
73 80
8 21
35 50
49 59
5 32
94 96
2 55
63 72
40 74
52 64
8 16
5 17
20 76
24 30
32 48
65 72
12 23
38 51
14 22
29 83
45 72
26 41
27 38
84 96
25 28
24 31
17 33
87 98
78 86
64 81
24 55
42 52
44 46
81 86
28 38
57 63
46 54
6 37
31 40
62 88
19 47
40 47
5 10
12 18
23 47
24 61
28 31
61 73
9 21
42 48
33 47
55 63
20 29
24 37
35 49
43 67
8 28
61 63
25 53
87 89
73 80
82 86
39 50
76 87
11 16
70 84
78 87
30 45
89 98
19 31
7 39
33 37
14 24
81 86
4 19
49 79
36 46
50 54
86 91
9 40
83 97
65 74
83 92
19 41
41 48
85 92
49 56
76 84
51 56
80 94
44 53
56 58
50 59
19 32
46 55
2 15
30 35
36 43
70 79
20 39
64 70
54 57
34 42
19 25
25 34
62 65
85 93
78 91
58 71
84 92
65 67
47 62
10 17
12 21
14 28
21 26
24 42
10 22
60 70
2 11
22 32
58 61
1 10
19 38
36 67
56 80
94 99
77 81
29 37
84 99
63 73
28 39
15 21
54 59
79 84
49 53
41 53
20 25
48 55
88 97
40 43
49 72
44 51
46 51
84 87
1 5
31 36
4 11
65 86
67 85
74 79
21 32
52 58
50 59
84 91
27 39
39 47
63 73
6 24
74 94
61 72
64 75
90 99
66 85
37 43
91 99
20 23
43 48
11 16
92 100
45 54
70 87
4 17
88 91
61 68
35 49
89 96
71 81
24 63
90 96
86 97
56 69
53 62
51 60
86 93
78 86
54 58
12 33
71 93
52 71
1 14
84 92
77 80
66 68
58 99
85 93
77 85
50 63
81 85
34 42
79 92
23 25
91 98
19 26
56 66
30 49
4 13
76 85
40 45
27 36
42 53
24 30
23 35
77 85
55 64
71 77
27 40
17 24
26 29
50 53
7 9
65 72
84 87
4 8
43 58
94 98
29 38
87 99
63 71
81 90
43 52
25 44
55 61
8 21
88 97
52 70
39 53
74 78
83 85
42 47
15 23
68 82
82 87
29 34
87 91
87 92
18 33
34 53
89 99
62 83
28 46
37 44
84 93
57 60
4 21
45 52
62 65
11 19
12 19
74 83
70 79
80 84
82 89
32 38
66 70
57 61
62 69
73 85
77 87
71 84
27 28
8 93
41 53
11 30
22 51
53 62
76 92
89 98
25 34
79 92
34 58
91 100
7 17
32 36
5 10
15 26
6 14
64 74
94 99
20 27
7 18
16 38
75 78
25 33
72 77
58 68
34 43
51 53
95 100
67 90
15 21
66 74
80 83
37 46
71 92
12 14
30 40
45 54
51 54
81 91
63 84
17 33
45 48
22 28
6 24
86 94
27 53
95 100
34 59
64 68
82 96
49 65
16 21
28 43
83 86
34 39
13 19
69 78
62 75
28 34
68 80
16 41
13 18
9 16
83 86
17 31
58 66
62 74
84 92
29 57
11 21
34 37
82 90
15 22
49 63
9 16
22 32
12 21
60 77
72 94
33 41
56 65
69 83
51 73
18 34
30 37
36 40
89 92
1 19
17 22
16 21
74 90
27 29
82 90
39 49
4 14
58 82
48 56
64 70
82 91
20 40
21 50
11 18
85 87
96 99
59 70
39 49
37 43
69 92
14 27
85 91
77 95
71 90
59 67
54 62
56 64
25 43
21 27
17 18
84 88
86 98
47 51
66 79
87 97
68 78
49 62
10 17
73 76
82 96
76 91
52 64
21 45
12 31
78 84
12 48
39 49
57 66
71 84
20 40
49 55
58 75
70 77
59 63
17 38
36 53
49 59
27 42
48 54
12 22
11 22
56 64
27 39
5 18
39 44
74 80
80 84
19 26
14 68
7 20
44 53
81 87
82 96
33 39
53 65
92 97
29 37
25 28
25 41
18 42
88 98
41 79
35 49
56 62
90 94
26 42
14 22
15 27
86 89
26 41
90 100
59 63
13 22
85 92
17 21
6 10
29 36
13 25
81 86
80 87
87 97
42 51
55 79
48 64
10 19
73 76
56 78
7 41
25 38
83 88
33 39
8 17
82 89
77 97
4 20
41 47
25 29
51 59
47 60
54 63
27 39
86 91
36 46
21 35
5 7
76 80
31 34
8 28
21 26
27 41
52 53
24 28
62 81
85 97
2 15
60 68
88 97
76 82
76 98
9 17
56 61
22 27
2 23
81 89
68 72
86 94
33 38
90 96
30 37
25 34
42 84
4 25
81 83
65 81
66 75
93 100
60 88
91 96
21 27
30 38
55 74
27 34
78 90
9 17
90 100
40 51
7 9
17 36
3 10
3 8
12 21
9 36
13 32
90 95
25 50
74 82
10 16
47 52
75 79
54 70
22 41
84 93
70 82
21 30
5 9
27 45
73 98
18 54
28 31
67 77
47 57
52 69
70 87
6 20
58 70
85 88
40 69
55 61
27 35
15 19
50 53
10 16
44 50
78 87
72 87
84 89
38 42
66 72
77 87
63 77
64 71
44 51
50 55
62 69
53 60
24 30
61 72
86 96
39 58
50 59
9 29
33 41
52 73
54 58
19 27
75 83
83 98
41 46
88 93
59 71
90 96
4 12
18 83
21 27
39 42
12 16
73 82
64 72
26 37
69 74
5 9
17 32
77 95
67 87
40 48
14 27
44 55
27 34
44 51
19 21
48 69
61 64
21 29
41 48
3 11
26 31
37 46
89 93
61 87
92 94
72 91
44 50
10 16
71 76
38 43
16 29
53 73
20 50
30 33
37 50
67 89
11 23
54 62
34 49
32 35
69 75
20 26
85 91
90 97
44 65
88 89
49 59
3 11
88 94
13 18
48 66
20 36
88 100
5 15
75 84
56 76
75 97
13 30
37 47
4 11
1 7
5 13
67 80
36 48
58 72
60 63
54 61
38 47
87 92
34 52
21 24
9 17
53 80
54 59
38 53
65 96
38 46
48 51
64 73
52 90
73 82
79 97
9 32
91 100
80 97
22 33
26 32
24 46
20 37
47 52
5 15
64 71
42 57
27 32
44 54
25 30
8 17
15 25
17 25
42 55
16 26
4 14
27 33
51 55
35 42
30 38
91 94
49 65
67 89
72 80
72 76
49 71
40 46
71 82
58 85
38 66
68 76
22 40
54 65
32 43
84 91
19 38
20 33
34 46
65 74
29 33
21 33
71 76
3 10
78 89
85 98
23 28
50 69
15 25
53 58
74 78
51 60
56 68
74 79
44 52
35 40
21 28
40 64
47 53
85 95
59 63
95 99
59 69
37 56
62 67
33 38
6 12
67 72
13 21
7 8
76 84
13 24
57 63
21 35
26 34
30 36
46 52
61 69
44 51
20 31
41 43
41 68
38 43
78 99
84 96
66 76
53 63
45 49
81 87
70 84
56 68
88 100
35 44
12 28
71 78
67 80
82 90
13 23
38 51
1 6
58 63
30 46
3 10
68 74
79 88
11 14
68 76
28 42
85 92
69 75
84 98
19 25
67 82
46 56
37 45
9 14
28 41
85 91
7 26
57 78
36 48
8 33
82 88
18 27
27 31
39 47
57 70
10 19
20 24
75 98
50 61
59 87
88 99
1 6
85 100
70 73
32 56
20 25
72 82
28 43
82 91
7 11
75 84
2 20
31 38
61 70
12 45
24 32
71 78
17 24
28 33
69 74
88 98
37 49
6 12
61 70
77 86
95 97
4 8
37 39
78 96
57 64
16 36
92 97
42 59
21 77
46 49
32 56
53 62
89 96
59 70
81 96
80 87
72 76
85 98
54 58
22 27
3 11
33 37
28 40
90 94
68 79
74 82
84 91
33 51
71 74
52 59
70 81
12 24
12 16
21 28
52 65
60 76
5 19
78 85
78 92
51 57
6 15
69 98
18 33
44 69
3 16
68 97
16 21
12 20
55 58
62 65
88 100
40 48
45 50
69 88
48 64
84 92
33 50
44 52
85 90
80 100
66 77
59 72
9 14
64 68
64 91
36 64
16 31
92 96
76 90
53 61
71 85
40 62
27 49
15 21
19 24
62 72
17 28
91 96
89 99
11 17
91 94
43 48
32 57
48 52
10 17
31 60
58 63
53 56
73 83
13 24
41 49
50 56
70 85
26 30
47 68
49 65
10 16
5 42
32 49
75 86
72 80
88 91
53 63
57 67
44 56
66 73
58 60
68 78
54 67
22 32
94 96
49 57
40 53
19 35
27 34
11 18
18 30
33 46
23 30
6 10
29 40
36 69
11 16
1 13
50 63
49 61
83 85
81 93
52 58
74 82
10 19
20 30
75 90
82 92
51 64
44 51
76 92
21 27
69 83
94 100
9 18
11 13
55 60
18 19
66 73
33 47
67 74
86 87
44 53
31 34
43 50
51 55
59 66
5 11
10 18
78 87
95 99
29 38
10 39
46 52
59 82
67 87
30 45
77 96
10 14
26 32
81 86
41 60
11 23
75 87
64 70
40 53
8 15
27 43
85 99
84 94
74 91
4 7
49 64
73 80
10 22
46 60
78 84
16 34
80 89
54 64
44 47
94 100
34 53
29 39
8 20
19 26
55 58
47 60
39 56
4 13
80 92
31 38
50 56
90 93
71 80
90 97
83 88
23 32
11 15
31 34
50 73
13 24
7 19
89 92
69 81
58 90
69 81
31 35
12 31
11 15
3 15
66 69
41 46
39 45
7 22
69 81
55 60
84 94
76 93
62 74
26 30
38 41
37 49
72 87
20 23
42 54
22 28
59 83
8 16
79 87
4 7
48 71
70 85
70 74
17 23
26 35
8 17
46 52
2 11
23 29
36 40
20 32
74 86
41 50
84 90
79 91
76 93
60 70
72 76
39 55
12 25
80 93
76 80
82 94
32 41
3 10
68 78
36 40
7 18
13 24
30 42
38 53
86 98
82 89
91 100
9 26
41 46
38 50
39 50
51 54
84 89
65 69
15 22
63 72
41 45
51 54
33 46
58 76
10 33
75 82
88 95
73 77
1 7
62 71
74 88
34 39
62 93
67 91
69 78
74 89
56 65
2 12
77 80
39 41
69 80
66 72
86 91
30 41
48 64
73 85
36 48
75 82
2 15
8 20
58 59
36 39
43 62
74 89
2 7
81 88
18 29
24 28
20 26
41 48
66 73
16 28
16 28
33 42
17 40
78 83
23 31
53 58
58 63
31 49
21 28
98 99
45 54
16 36
50 54
93 99
52 67
83 92
14 21
33 49
10 23
63 67
23 46
83 86
7 13
9 29
67 79
58 68
8 28
10 37
59 77
84 89
35 39
6 11
30 41
39 81
44 48
62 77
82 86
85 98
26 33
30 34
39 52
67 75
69 83
42 54
58 69
9 15
17 27
40 53
33 37
18 53
34 51
66 74
45 62
25 29
34 46
73 81
50 56
16 23
80 96
73 82
20 27
67 78
25 34
5 13
92 96
84 87
2 5
69 77
47 61
74 83
53 64
48 56
76 80
67 73
4 12
57 72
78 95
27 52
6 16
96 98
41 47
4 10
15 29
46 53
75 92
64 87
56 60
25 29
15 45
56 74
4 25
29 36
82 88
17 31
5 14
49 53
37 42
28 33
10 14
8 25
92 98
49 64
40 45
15 41
24 53
65 71
70 82
17 21
65 80
6 34
65 88
66 71
35 42
54 70
79 96
92 98
69 76
67 73
81 94
63 71
12 16
78 87
48 50
10 23
51 57
18 37
82 97
28 41
38 62
84 90
16 23
83 100
54 61
54 63
1 20
32 44
58 77
28 35
60 67
2 5
2 9
92 98
36 45
81 98
23 33
11 20
77 98
61 69
31 59
56 67
17 21
41 59
52 54
72 80
91 98
49 56
59 69
77 96
48 90
62 83
73 79
14 25
41 50
78 91
43 51
37 47
30 38
62 68
1 8
54 63
59 67
44 60
49 60
51 77
6 22
17 32
30 42
7 15
86 90
91 93
6 10
55 59
14 27
82 86
88 99
13 35
62 73
54 60
71 78
51 57
46 59
27 34
37 45
81 86
67 88
87 100
50 56
33 40
19 29
44 52
9 31
35 46
26 36
67 73
90 98
33 52
56 70
59 73
13 23
88 98
20 34
51 58
90 96
4 7
4 22
20 26
5 26
67 75
1 20
22 33
72 79
34 51
66 74
34 43
96 100
43 60
47 66
29 53
78 82
28 39
26 39
23 42
57 79
36 42
44 52
80 87
7 15
28 33
42 49
36 53
52 55
66 77
5 19
69 76
74 77
24 32
65 80
94 99
33 40
36 45
20 33
25 42
62 81
11 18
5 10
19 35
63 75
64 80
62 70
50 53
51 65
82 92
19 29
90 98
26 50
6 15
59 67
57 69
41 43
5 13
39 47
42 58
33 42
4 11
52 61
92 98
24 51
10 18
32 55
62 73
20 32
60 71
17 31
56 63
24 69
53 58
76 88
40 49
47 53
72 86
63 74
40 45
36 43
9 16
44 52
20 24
4 9
96 99
31 37
69 83
20 50
21 27
74 86
29 40
55 65
31 42
59 65
40 51
87 96
30 38
83 89
2 17
22 29
86 95
74 83
24 26
57 69
73 100
65 70
42 48
90 98
86 97
24 53
60 70
76 92
79 83
48 57
25 36
33 66
73 78
13 23
1 7
62 69
25 35
53 59
51 61
26 49
70 75
83 94
36 61
17 22
79 89
81 92
69 95
87 93
74 77
15 23
34 62
11 16
22 31
58 73
14 16
54 75
85 92
64 74
40 46
58 69
49 59
33 38
86 94
87 97
14 23
54 57
67 74
63 71
40 51
55 68
69 79
60 64
56 67
93 99
35 36
72 78
82 92
21 34
81 87
3 9
29 38
1 6
19 26
97 100
57 66
20 34
27 50
60 63
41 44
47 60
40 61
5 8
66 73
44 49
3 8
56 62
73 80
41 47
5 16
76 85
59 65
15 44
3 29
54 61
29 37
16 26
74 85
73 78
34 48
6 28
60 77
62 81
64 67
9 28
86 89
42 53
65 70
52 56
46 52
41 51
34 51
85 91
54 61
2 20
34 40
11 26
64 79
1 10
48 61
87 90
58 70
76 81
94 98
8 14
5 14
60 77
51 74
72 98
60 63
1 17
68 74
66 70
47 55
41 50
36 41
39 69
42 58
78 88
13 18
59 72
10 25
55 62
76 90
70 78
45 55
92 98
42 48
78 85
21 34
39 43
26 32
72 90
88 96
31 43
94 98
41 48
66 79
47 54
28 49
20 46
10 17
2 26
38 41
75 85
78 95
29 38
96 99
23 36
1 13
71 76
54 68
86 91
47 59
79 83
5 11
32 40
16 20
7 16
47 53
1 11
53 69
58 72
22 26
85 95
62 86
3 10
82 86
77 90
54 69
66 80
63 67
57 63
47 58
19 38
42 54
60 67
69 81
57 65
75 84
32 42
57 65
56 86
13 18
43 61
69 95
82 90
41 57
52 58
91 98
67 97
56 63
69 76
25 45
11 20
54 66
81 93
15 45
49 66
10 14
21 32
1 44
28 37
64 78
15 20
47 55
6 15
35 41
66 79
55 59
31 41
12 29
22 37
20 24
60 66
20 30
98 100
16 26
2 18
54 62
81 93
19 28
27 54
16 19
70 78
43 69
62 64
47 50
59 73
12 23
36 45
17 34
44 52
26 27
60 80
76 81
34 37
53 70
53 56
3 20
54 61
76 85
54 96
6 35
90 99
24 34
23 32
87 95
74 82
14 23
32 45
6 15
48 57
13 24
81 93
78 86
12 20
2 7
79 94
75 80
54 64
55 69
15 42
28 45
58 77
17 22
15 18
44 49
2 15
13 28
58 63
93 97
27 47
28 38
47 56
27 33
27 39
67 72
68 73
85 99
57 69
25 42
72 78
54 64
33 44
22 31
39 46
58 85
29 33
74 81
61 65
63 71
54 61
16 25
12 17
78 87
68 76
50 55
93 97
11 16
44 63
54 57
7 14
98 99
83 91
66 80
13 19
77 91
10 17
8 43
80 93
91 94
2 13
82 94
73 78
8 14
49 66
12 29
13 46
82 90
39 47
3 14
13 19
1 9
74 83
70 79
34 43
19 27
5 11
32 35
41 48
72 78
91 96
26 39
45 58
58 62
53 76
42 57
23 59
73 94
65 73
82 94
48 54
57 69
20 32
22 28
68 75
49 60
92 96
80 86
55 63
80 87
57 64
86 95
20 30
85 86
18 30
22 53
24 34
66 74
20 29
86 95
35 61
4 13
46 52
89 96
39 47
65 88
84 93
89 97
29 33
86 91
61 71
23 29
36 39
92 100
4 18
49 66
14 22
79 86
54 60
70 78
33 39
58 74
19 32
63 84
1 8
70 77
55 68
65 84
31 39
76 81
38 43
18 36
25 57
30 34
73 84
63 70
4 21
15 22
56 79
38 53
37 55
76 82
56 74
44 46
44 49
73 76
10 17
67 74
37 42
22 25
79 83
88 99
91 96
78 89
57 75
38 56
52 56
40 43
28 32
23 30
35 65
1 8
89 95
10 19
32 40
72 93
8 17
41 51
89 97
76 89
73 86
62 67
5 11
42 58
85 99
55 67
72 78
62 73
63 71
4 9
15 41
37 47
79 84
44 51
75 84
69 89
74 90
90 99
65 79
89 96
31 50
47 49
84 99
3 11
71 98
37 74
6 9
3 13
54 58
10 14
47 59
36 42
60 81
23 33
80 90
85 97
47 50
23 32
25 27
54 57
34 45
73 80
24 30
3 4
86 95
7 17
46 61
66 69
46 56
55 68
2 9
64 67
78 85
43 55
66 76
38 51
50 65
93 98
16 27
62 70
36 40
63 74
15 20
68 82
20 29
91 93
96 100
73 93
14 18
31 54
73 84
21 46
76 97
33 40
53 58
36 59
79 91
60 75
45 47
63 70
79 85
12 17
33 38
25 31
35 67
63 65
72 87
21 56
75 80
40 52
49 68
65 71
12 27
11 35
66 71
58 73
37 42
9 23
28 32
54 67
81 88
6 16
9 17
87 96
63 68
74 83
37 42
28 34
58 69
17 37
45 60
46 55
19 33
30 50
33 42
30 42
29 40
47 55
25 41
10 14
51 61
26 50
56 74
11 17
22 28
45 52
43 57
60 93
23 26
5 14
89 94
61 68
16 18
30 33
3 12
25 32
20 51
76 98
58 61
43 49
44 59
4 15
11 17
23 28
17 29
22 41
34 51
14 32
5 30
31 46
50 68
1 17
73 81
21 33
30 38
44 72
46 90
35 58
52 60
11 17
1 5
3 9
74 79
1 12
48 88
50 67
56 66
92 99
75 83
44 59
64 73
60 79
61 79
78 91
85 99
12 28
31 35
22 44
24 29
90 99
8 17
34 78
16 28
59 61
8 19
47 58
40 56
76 85
66 74
39 41
87 92
58 67
22 30
34 46
72 77
14 23
43 55
28 31
24 32
12 22
1 12
9 21
7 19
34 41
29 35
60 70
43 69
26 35
91 100
31 45
51 72
13 15
23 26
24 37
29 50
55 63
87 90
47 68
74 84
75 89
7 13
7 22
15 31
68 76
62 69
43 73
81 85
29 40
32 38
8 21
28 33
3 30
17 24
66 72
72 83
36 40
43 51
18 22
64 69
89 96
74 81
31 46
43 50
75 81
21 28
23 50
61 74
80 92
94 97
85 100
26 39
75 87
53 73
65 71
49 64
1 5
7 22
62 71
83 93
52 60
74 81
56 59
65 72
73 95
6 13
4 9
7 16
15 18
62 68
2 10
88 97
56 64
87 93
7 19
50 59
69 81
64 72
13 23
2 8
9 51
86 91
69 93
3 15
94 99
67 79
16 41
51 55
36 42
28 38
43 61
85 98
16 25
42 47
78 94
59 63
93 96
74 81
12 41
6 11
30 44
91 95
47 59
34 41
80 88
4 8
30 34
62 78
28 39
58 71
82 89
48 50
74 94
92 96
40 44
12 16
71 78
70 75
4 10
68 72
76 100
53 57
61 69
34 43
32 34
3 24
12 23
52 66
72 79
4 9
18 27
22 37
30 42
69 73
73 87
4 20
1 31
31 56
18 53
17 30
75 86
19 24
4 19
93 99
3 20
9 23
83 87
24 31
55 77
19 24
23 32
5 9
6 19
32 37
18 30
86 96
8 15
79 91
47 57
10 17
2 21
47 51
53 62
83 97
7 23
78 83
43 51
31 43
47 52
33 44
29 48
9 17
53 61
10 16
31 43
9 14
30 53
37 52
59 67
26 33
1 3
20 26
32 39
34 36
29 37
97 99
48 67
63 73
11 26
14 20
25 55
72 80
12 23
72 80
30 35
72 79
8 17
3 18
25 29
90 100
1 14
79 85
86 100
74 84
67 83
2 9
3 10
23 26
23 29
14 23
20 47
82 92
70 76
53 56
88 91
53 66
21 28
40 54
39 47
78 82
8 16
31 51
18 31
1 5
41 48
32 37
82 86
53 68
72 87
15 23
19 31
17 23
38 44
76 83
76 85
66 81
63 67
16 21
1 16
63 72
7 16
64 70
61 73
77 92
13 21
18 24
82 88
28 51
64 79
60 62
42 48
65 98
3 5
73 75
28 33
29 37
63 64
1 5
6 11
7 20
74 80
59 79
85 93
34 39
56 80
50 60
61 66
29 37
61 68
42 57
77 85
29 42
1 14
32 38
69 75
82 90
57 60
81 88
31 65
82 96
27 42
58 75
91 99
19 33
70 81
48 60
36 46
59 63
62 65
22 51
91 99
20 38
35 52
27 58
38 44
2 11
36 53
79 85
2 52
89 99
91 93
29 32
53 62
13 15
57 64
27 34
9 17
19 26
24 38
86 91
35 40
47 49
84 91
54 66
36 48
8 19
57 82
33 51
58 71
69 81
46 54
43 72
35 43
74 93
18 24
82 96
59 65
27 33
20 29
26 32
33 41
17 24
20 27
61 85
42 48
53 73
71 81
31 37
22 48
55 66
1 3
23 48
33 49
84 95
11 20
42 68
71 76
55 68
61 80
16 23
22 47
48 55
86 94
83 99
19 25
31 86
60 74
26 35
64 76
96 99
54 65
30 36
2 13
18 24
21 32
82 89
80 93
14 22
10 15
59 72
9 24
64 79
62 71
29 39
52 61
83 87
15 20
70 78
66 78
48 65
31 44
12 22
54 57
43 49
66 75
54 61
62 74
58 66
12 25
90 93
18 23
77 79
78 89
58 66
68 97
2 3
81 85
47 57
23 26
31 40
32 42
33 41
26 41
20 33
59 64
15 49
76 93
25 59
51 60
5 33
44 52
47 94
11 24
20 27
50 70
11 24
24 31
91 100
53 55
73 86
88 92
72 83
68 95
10 15
26 39
82 85
52 60
2 27
94 100
24 31
2 39
29 35
65 76
32 43
75 86
78 81
11 18
34 39
33 38
62 75
32 41
53 83
11 20
25 30
62 71
38 47
76 88
94 95
5 20
41 50
59 63
82 87
50 59
16 24
22 28
24 55
47 82
3 6
5 15
25 40
39 43
31 52
59 82
70 73
61 65
18 32
27 51
13 17
38 62
28 34
62 70
51 56
70 81
71 84
41 52
23 30
3 16
75 82
38 65
12 20
30 34
39 49
22 26
27 31
11 13
22 60
2 11
10 13
13 21
84 89
42 50
19 22
13 29
82 100
59 69
53 57
31 41
70 78
10 25
60 65
77 93
4 10
1 5
40 48
42 56
32 34
7 16
32 42
44 47
83 91
8 13
49 55
17 24
18 21
75 92
75 85
26 30
71 80
88 92
41 53
43 55
47 56
18 31
78 85
41 53
79 99
76 80
79 87
26 37
1 18
19 33
74 86
6 13
31 34
10 18
32 35
64 75
15 16
95 96
72 81
18 70
28 33
96 99
49 68
59 67
59 67
79 87
42 61
70 76
37 46
27 31
99 100
29 37
11 36
9 16
20 33
50 58
47 58
59 65
57 62
65 85
1 14
85 91
6 20
48 85
73 82
61 67
27 41
95 98
64 80
89 96
26 69
90 100
67 77
60 67
52 60
8 44
30 38
75 86
71 79
7 13
69 72
2 19
71 83
81 96
57 60
25 44
62 70
4 12
5 16
53 58
21 25
26 37
63 71
20 30
28 38
25 36
49 56
12 21
64 93
86 96
31 39
51 58
78 92
82 95
54 63
74 89
86 98
65 73
18 44
12 21
1 6
46 55
26 40
51 58
1 7
70 90
56 71
3 9
22 24
49 55
17 44
19 62
91 95
73 77
49 57
6 18
21 30
25 46
22 28
1 13
31 63
26 35
86 97
8 24
45 55
2 19
49 58
13 14
31 45
58 73
17 24
88 98
41 52
36 47
19 33
43 50
8 33
19 25
28 36
9 20
46 80
84 92
44 57
36 54
12 16
42 48
20 27
83 90
73 77
26 30
24 31
68 88
89 97
84 96
91 100
58 70
55 66
52 58
38 51
4 12
86 92
24 29
20 33
85 93
63 96
37 40
66 72
77 80
42 50
25 33
68 76
39 55
22 36
18 25
62 65
39 46
46 54
34 45
13 15
67 96
52 55
41 48
50 57
85 100
48 55
82 90
18 32
45 56
53 64
45 50
20 47
79 89
66 73
60 65
7 15
33 40
36 44
65 76
10 17
70 78
56 67
51 69
17 23
78 88
29 40
27 46
36 47
21 38
68 76
5 24
54 57
63 72
71 78
14 28
70 74
39 54
40 49
56 62
55 61
40 45
75 80
12 19
48 64
61 69
33 45
79 95
26 48
18 20
37 44
81 86
76 92
27 35
15 19
41 48
24 44
39 56
46 56
44 48
14 26
36 41
71 83
50 66
12 23
90 95
50 59
64 73
72 86
31 35
74 98
72 83
57 61
48 53
76 82
30 39
31 36
74 94
14 37
73 77
7 19
9 25
4 14
5 34
85 97
75 79
36 56
38 52
67 82
52 60
27 36
25 34
35 39
62 80
58 72
87 96
52 67
40 55
3 12
80 86
31 34
78 83
27 57
82 87
13 20
83 90
78 86
76 87
84 98
52 59
96 100
56 72
46 76
23 66
53 55
53 59
41 46
54 58
48 57
28 33
62 66
64 83
36 44
38 44
41 51
54 69
40 57
14 25
50 68
54 58
91 97
45 57
73 79
2 9
79 89
61 71
23 39
71 74
51 57
59 66
4 6
59 63
22 40
60 68
71 76
10 20
27 30
74 78
78 83
5 9
42 56
10 11
45 49
54 64
62 66
63 80
35 40
54 60
63 74
83 91
37 54
34 41
35 46
23 30
80 91
56 78
84 100
29 45
47 52
26 46
39 44
27 30
43 49
9 15
89 95
72 83
97 99
82 87
34 39
25 32
31 50
79 86
46 52
25 29
71 93
64 76
78 82
70 81
45 55
75 92
89 99
57 64
59 64
51 62
52 71
9 21
79 93
78 91
93 98
74 80
48 57
45 52
84 96
43 54
44 55
78 85
43 57
69 81
38 53
56 62
62 78
23 28
56 66
53 64
81 93
15 25
26 47
11 22
1 8
1 18
36 42
87 94
72 83
57 76
9 26
67 69
41 47
55 63
8 14
83 100
76 97
22 28
29 31
59 66
89 99
17 31
67 74
53 72
93 100
92 95
67 71
82 86
43 52
83 90
36 46
79 92
83 91
24 37
18 43
38 55
83 84
57 67
59 67
51 66
9 18
71 89
84 100
70 76
10 20
70 79
73 78
80 87
54 66
94 99
14 25
48 50
18 25
43 50
69 81
43 48
10 23
61 78
28 32
4 18
62 66
3 41
19 21
78 83
19 51
42 67
38 41
47 53
72 76
80 92
60 67
91 98
88 94
27 31
75 90
22 81
8 22
2 22
34 40
49 54
25 30
19 29
64 69
7 26
70 81
55 72
78 83
60 72
11 17
82 88
30 47
54 58
62 74
40 49
36 44
78 88
71 75
93 96
10 20
55 64
87 98
84 91
50 63
15 26
68 69
3 22
60 78
52 61
16 27
34 42
77 81
21 23
35 40
26 42
54 84
27 39
78 84
25 31
52 56
27 39
45 56
59 64
83 92
5 10
47 56
75 80
23 32
55 60
38 86
49 62
64 80
78 83
30 43
70 78
81 92
25 30
15 34
43 50
59 68
66 71
1 12
36 61
80 90
53 68
74 79
18 21
40 72
18 24
26 29
69 87
45 68
66 70
10 15
16 22
58 67
56 59
17 35
71 76
96 99
61 77
28 40
55 65
59 75
44 57
54 59
44 69
67 78
74 87
64 69
7 17
14 27
19 31
24 28
57 66
15 23
6 8
12 20
60 64
24 33
45 51
39 43
54 79
66 76
25 36
12 25
18 42
27 50
28 38
18 24
76 84
15 34
58 87
50 55
73 79
35 48
17 26
10 42
29 41
22 40
39 42
62 73
47 57
9 22
16 21
63 87
80 89
10 22
37 42
44 53
36 45
29 39
80 84
41 45
94 97
8 15
66 89
78 100
5 11
64 70
57 70
67 83
89 92
61 67
65 79
49 59
48 53
40 52
4 19
59 65
40 54
69 79
73 100
6 12
59 67
83 88
76 92
45 57
62 73
18 21
88 95
67 76
3 5
28 39
8 26
58 64
77 86
38 52
44 47
28 37
11 18
90 96
23 41
66 67
82 86
80 90
87 94
15 21
19 21
38 45
69 81
11 23
5 16
6 13
41 51
91 99
54 66
10 16
2 12
48 56
61 67
12 14
37 45
75 88
2 8
41 45
63 75
12 18
37 42
34 51
56 66
25 55
92 98
72 79
15 20
46 59
26 42
74 84
16 23
72 83
13 19
69 100
62 70
48 65
68 74
20 21
4 12
86 93
3 16
59 66
69 79
69 72
85 93
46 50
23 35
23 46
23 31
66 83
84 97
77 88
81 84
3 7
18 23
10 39
72 89
35 42
79 93
37 40
91 96
81 93
68 76
22 25
44 48
3 10
39 42
34 50
6 17
32 37
35 40
22 34
91 100
76 83
75 90
88 100
66 78
54 59
71 82
69 77
13 25
66 72
86 90
9 13
15 23
84 86
13 19
34 46
22 54
20 24
37 53
33 60
36 41
66 82
14 19
85 97
41 44
10 22
56 78
7 16
57 62
70 78
80 94
58 79
15 26
95 97
18 28
14 16
49 63
92 99
61 69
70 87
43 57
63 80
28 34
18 22
69 82
6 16
36 90
41 65
51 62
89 95
50 55
73 78
71 73
28 37
49 54
21 28
44 52
62 73
87 96
46 75
62 66
82 89
84 94
63 67
3 15
52 56
46 61
13 21
33 41
47 63
12 19
63 83
25 33
38 42
46 60
82 92
46 59
85 87
33 43
25 33
17 27
32 41
5 9
36 39
95 99
14 22
15 36
47 55
16 20
27 47
16 21
57 64
31 49
28 34
57 61
35 44
17 25
1 15
3 16
48 55
23 39
17 49
43 53
18 35
34 51
19 28
25 29
61 79
51 54
63 65
86 92
27 44
89 99
52 58
70 71
25 51
11 30
39 54
78 84
86 94
6 13
1 5
55 64
83 94
6 19
33 40
53 60
19 28
6 13
54 57
35 53
67 77
4 8
43 53
13 21
48 55
33 39
34 39
51 65
56 66
49 55
42 52
74 86
39 51
41 52
86 94
54 69
57 71
22 30
15 18
11 20
32 35
63 80
70 77
24 31
76 79
18 22
24 31
13 19
43 48
58 67
71 80
33 38
77 81
20 26
70 76
52 61
69 78
44 53
22 37
20 33
70 87
3 12
47 56
49 79
63 72
7 14
10 18
22 51
76 80
67 74
59 63
35 39
74 96
62 91
47 55
73 78
19 27
69 72
84 88
62 70
28 37
44 58
2 11
46 52
27 39
90 100
60 76
32 39
9 18
49 55
41 47
61 72
88 93
35 36
15 23
40 44
65 79
12 41
92 100
71 76
52 61
15 24
34 56
41 48
16 50
7 37
51 66
37 41
55 66
19 37
26 36
27 34
6 22
34 43
65 80
50 55
87 99
10 12
9 16
85 92
4 11
61 69
27 41
29 36
12 21
58 61
36 59
66 73
63 71
13 22
52 55
22 45
55 74
3 10
49 61
91 94
58 66
14 22
84 88
54 69
66 74
19 36
38 50
62 100
1 3
13 19
39 74
13 39
26 29
89 94
26 27
14 32
65 82
40 54
29 37
43 52
42 48
75 80
26 47
43 56
36 45
32 80
80 84
49 62
42 50
37 41
12 26
88 96
6 11
25 33
68 91
74 98
63 80
89 95
10 16
89 94
18 83
21 30
40 45
43 59
8 22
24 39
29 40
57 64
49 73
46 49
66 71
18 25
53 56
66 74
3 23
43 51
56 85
68 85
43 63
44 57
24 28
29 37
5 15
33 67
87 100
43 51
9 21
57 67
18 27
24 32
28 49
74 95
60 72
77 83
38 48
51 58
87 99
52 64
23 54
31 36
50 76
4 9
46 64
68 75
7 18
51 65
95 99
55 58
42 70
50 88
58 65
52 63
80 85
7 18
77 82
50 59
76 82
83 88
90 99
55 61
37 45
53 60
81 84
82 92
36 51
2 13
59 67
33 53
88 92
48 58
1 15
19 27
14 16
14 23
20 30
44 48
56 67
2 14
64 69
82 87
6 9
77 80
82 88
10 27
27 40
15 31
16 17
48 53
56 61
81 91
3 10
29 54
74 77
14 24
72 86
53 57
31 37
4 19
87 96
82 89
4 21
58 79
7 10
64 78
6 8
67 71
73 80
69 75
84 89
4 14
34 52
9 23
60 73
5 9
64 71
77 81
34 41
76 81
74 87
19 25
65 93
63 73
69 75
20 40
48 55
38 53
84 100
45 56
53 62
67 74
37 64
61 71
7 16
21 33
43 66
45 51
12 25
75 89
25 35
39 42
21 35
36 47
26 53
51 59
23 30
71 76
31 40
26 31
30 40
58 68
54 60
26 31
34 45
54 71
21 26
43 51
84 92
9 22
25 36
43 55
15 23
80 90
12 48
91 98
29 44
6 10
89 92
10 19
53 59
3 21
5 10
69 74
7 25
58 72
56 62
79 84
7 15
11 15
82 91
67 75
79 85
43 86
20 27
46 56
82 89
95 99
73 85
60 70
4 13
3 6
31 59
41 49
79 87
22 31
44 53
55 58
3 19
81 96
4 12
72 81
34 41
18 20
87 100
55 57
70 90
72 80
87 97
50 59
35 44
50 59
20 44
93 100
71 89
93 100
37 57
59 62
13 17
2 23
70 91
44 67
50 58
62 68
93 98
9 14
33 37
82 92
11 16
54 69
35 52
39 45
81 97
25 37
54 62
1 10
44 51
5 14
47 55
57 61
3 8
29 41
70 76
15 20
92 96
62 98
68 77
73 80
38 61
38 50
10 24
8 15
22 43
1 13
20 25
78 83
14 27
87 91
55 64
68 82
63 96
64 74
38 44
95 97
37 41
20 25
96 99
75 89
67 74
31 38
66 72
75 90
38 40
7 22
18 48
29 31
17 19
27 35
73 85
65 83
40 46
78 96
72 84
30 38
79 83
39 45
50 63
48 53
83 87
44 54
5 16
6 21
62 74
12 28
62 65
15 21
89 92
27 30
68 71
46 55
25 33
37 52
33 42
57 71
57 74
9 25
75 91
38 45
52 73
48 67
3 10
37 48
13 24
29 34
16 33
75 87
72 82
31 38
79 84
27 36
14 21
16 38
16 31
52 58
62 68
22 35
68 76
35 43
11 13
54 63
18 25
14 19
27 43
23 28
6 13
19 28
64 83
44 58
12 22
60 66
19 60
4 25
27 32
14 22
43 59
29 40
68 72
2 6
35 45
44 48
56 61
31 44
44 55
15 26
58 66
42 73
69 100
74 88
4 14
70 93
72 90
78 84
42 49
54 61
59 74
69 90
46 56
15 22
78 88
88 91
37 47
71 90
63 67
30 39
33 41
70 88
81 95
42 61
39 44
48 56
68 82
69 73
28 37
59 79
88 100
13 31
32 36
76 84
75 79
49 51
14 22
84 96
46 55
30 48
52 63
80 84
26 34
43 57
76 100
33 46
46 59
72 76
57 72
21 26
75 83
52 70
61 69
72 84
56 57
70 83
3 19
75 78
64 78
53 75
15 24
51 61
66 77
46 68
8 18
45 47
60 63
88 97
36 50
60 70
9 15
42 58
77 83
84 100
13 19
60 78
23 34
69 87
24 28
53 96
12 22
39 54
37 54
22 26
33 38
78 85
70 84
15 20
45 48
86 94
83 90
55 58
52 57
56 59
4 14
60 90
12 22
76 86
49 67
54 58
36 47
37 45
28 45
14 25
42 50
49 68
5 23
58 60
26 33
17 32
3 8
36 47
66 80
61 63
31 43
83 95
21 33
86 92
2 12
86 90
77 100
37 43
8 12
43 51
28 53
88 99
20 31
80 84
40 46
3 7
48 68
24 30
77 89
2 11
28 30
59 70
13 29
20 43
36 46
91 97
92 94
60 78
76 82
47 55
14 19
52 62
89 94
36 45
1 6
58 60
89 97
14 46
60 70
7 15
70 88
45 51
2 7
55 63
9 26
46 57
53 66
93 95
34 60
75 82
62 68
44 53
21 26
80 93
65 88
4 16
56 61
79 99
67 75
15 36
12 40
73 87
65 93
30 39
78 82
51 57
1 21
39 49
59 68
62 66
76 84
27 37
77 79
4 21
82 86
31 35
46 53
46 74
48 54
39 67
32 55
79 86
9 23
31 45
35 38
15 18
34 44
34 42
49 57
80 84
41 67
88 93
8 26
50 56
76 96
83 95
7 38
6 11
10 17
55 64
39 40
90 93
28 38
60 77
1 5
55 59
87 98
65 73
85 90
90 98
85 95
69 85
63 68
34 36
45 49
17 31
21 32
81 86
13 22
41 49
22 34
32 61
21 25
47 53
14 23
35 44
22 40
24 33
53 59
67 82
82 88
62 67
68 80
3 14
86 95
56 86
81 90
47 54
28 72
74 84
48 68
33 45
6 12
35 49
73 81
92 100
55 68
12 17
75 93
6 12
2 16
68 80
23 39
14 17
15 28
76 81
21 24
22 32
80 86
57 60
9 23
19 48
41 47
29 57
40 56
75 78
83 90
4 5
77 88
42 45
24 29
78 89
68 74
74 78
54 57
23 26
10 22
63 74
40 45
29 42
68 92
72 80
2 11
51 77
81 88
80 84
2 9
15 29
40 43
59 65
9 22
65 87
92 96
46 53
14 25
32 43
7 31
60 67
7 36
33 55
41 58
48 67
12 51
69 81
74 86
30 55
8 18
81 85
85 94
44 59
40 44
83 97
14 22
46 63
66 72
27 42
45 55
83 94
18 25
83 93
71 75
41 46
23 79
52 73
15 21
23 36
78 88
64 81
28 38
68 72
85 96
11 30
16 35
33 39
64 70
77 85
33 47
70 74
78 89
48 54
36 40
18 31
71 99
10 21
29 38
9 14
69 82
41 46
10 24
29 40
71 81
69 74
52 62
75 87
33 34
1 5
43 69
24 28
82 97
13 18
53 55
17 27
76 99
82 87
65 72
51 60
86 94
2 10
61 73
70 78
57 68
17 21
15 17
16 23
33 36
14 28
67 77
63 69
30 33
29 32
46 70
44 57
57 75
88 95
34 49
57 72
5 19
32 41
25 45
1 8
74 97
93 99
23 29
67 75
36 56
56 59
32 41
63 76
32 41
40 50
66 77
36 47
3 14
17 34
14 17
64 91
85 93
56 74
48 54
86 99
96 99
29 43
88 92
16 24
70 90
14 19
18 28
41 50
10 34
83 94
86 90
69 80
13 25
63 93
64 67
8 13
49 60
15 27
65 77
64 78
50 57
37 53
8 11
73 83
87 90
42 48
89 94
54 65
56 60
25 47
53 55
42 63
42 46
61 77
89 96
36 42
5 13
11 22
33 39
72 74
47 52
43 51
53 65
3 5
56 76
22 30
36 45
35 46
71 76
30 53
70 96
9 19
37 46
26 33
79 86
70 75
24 34
17 30
55 61
42 54
68 77
43 57
15 20
81 94
81 83
67 73
56 65
79 86
91 97
69 72
75 84
29 30
78 88
6 11
57 59
65 67
83 98
89 96
58 64
74 87
38 73
53 67
80 86
27 32
63 69
98 100
13 19
33 66
43 52
52 55
92 95
24 33
51 55
2 14
9 31
55 63
18 23
77 95
59 68
62 75
64 71
43 68
11 23
59 60
62 67
71 77
16 21
4 12
68 87
75 78
34 48
43 47
27 33
25 38
61 70
4 14
7 19
38 55
39 47
64 67
82 99
70 84
76 93
31 46
45 53
47 55
13 36
2 16
22 34
2 7
83 94
93 99
68 85
78 90
8 18
18 27
26 42
79 87
30 42
72 78
62 71
23 41
3 14
58 61
73 76
55 66
25 35
42 53
53 66
31 59
32 47
87 97
61 64
11 22
24 30
66 79
86 89
25 31
64 75
52 72
2 25
85 90
17 22
27 31
6 11
49 56
18 20
75 78
52 64
35 44
34 52
48 53
79 83
2 8
26 31
27 35
78 82
38 50
65 71
4 7
18 24
26 37
20 48
12 18
77 92
35 65
53 80
64 80
33 48
31 52
41 49
55 62
71 83
14 28
53 65
50 63
48 55
22 44
68 74
81 93
51 60
43 50
81 96
33 69
18 23
21 29
22 37
36 49
44 61
10 36
47 55
17 29
26 35
21 28
38 49
30 34
7 19
39 73
14 19
72 77
40 52
37 43
39 43
32 40
73 87
85 90
3 10
9 18
38 41
76 79
58 62
72 83
53 68
81 95
13 26
39 42
51 54
58 65
75 82
17 21
8 17
23 27
46 57
21 39
14 19
69 86
40 44
33 40
11 16
31 51
44 57
55 57
55 59
22 26
78 84
47 62
21 27
67 85
38 43
86 96
2 18
20 33
51 65
50 74
44 55
21 35
23 40
13 28
19 27
36 63
71 79
54 58
58 68
67 88
92 96
13 18
18 25
53 56
37 42
22 31
38 44
76 83
57 73
76 79
22 28
61 67
97 100
34 58
7 34
83 98
74 80
71 83
54 61
5 14
89 94
36 49
27 34
46 51
59 64
49 56
52 69
28 45
2 3
69 89
49 56
28 31
23 29
70 86
2 25
35 43
68 75
83 87
43 58
70 86
36 44
68 75
46 67
57 68
78 88
16 19
37 46
12 18
64 82
16 24
89 95
89 97
78 88
70 96
15 20
23 34
53 59
68 95
60 78
87 91
72 83
8 24
23 37
40 50
60 72
71 88
86 90
26 38
65 72
84 86
52 56
33 51
41 56
69 93
9 26
19 24
41 48
26 43
21 35
59 71
43 81
90 97
71 81
26 28
39 43
4 8
46 59
37 51
93 98
65 69
52 54
18 43
72 84
7 21
6 15
40 58
67 75
65 71
89 95
53 56
43 50
17 26
12 25
78 93
81 94
2 11
17 42
30 42
49 58
10 22
67 81
83 94
6 11
44 49
94 98
13 19
66 85
40 50
80 86
41 55
62 70
58 67
47 50
25 43
1 15
47 58
52 56
80 87
70 81
54 66
10 16
30 34
58 73
25 31
29 39
60 65
59 64
50 84
26 32
68 71
9 24
29 38
65 71
83 90
80 83
37 56
64 82
21 37
90 93
92 99
82 91
77 96
25 30
77 92
16 26
51 56
2 20
62 89
71 90
12 30
7 11
90 94
70 82
61 75
41 54
54 100
34 45
12 29
5 10
54 69
41 75
71 77
41 65
34 58
79 92
53 90
81 84
52 66
70 85
1 33
29 40
80 84
59 64
58 71
30 53
27 37
15 23
13 17
13 33
17 34
74 91
40 57
36 40
34 43
37 54
81 99
21 33
90 95
22 23
11 17
9 14
75 86
53 60
41 51
16 20
74 80
66 70
67 72
15 25
47 70
72 82
27 41
7 29
55 62
22 24
57 78
84 91
55 68
52 67
59 63
94 99
16 23
13 22
6 16
85 92
30 37
83 90
70 77
17 23
82 90
88 92
34 45
21 30
81 84
36 49
82 91
51 75
28 34
24 32
84 89
37 45
56 61
15 21
12 15
67 83
23 32
51 63
27 34
65 80
37 50
69 72
88 98
94 98
36 47
68 72
47 59
23 33
83 91
5 22
27 41
33 39
11 23
13 28
59 64
45 72
10 19
75 90
42 66
38 41
93 99
45 58
88 96
65 68
80 91
37 44
3 10
65 86
68 72
8 22
61 64
53 79
25 32
69 75
41 48
80 85
67 79
15 23
36 46
85 98
71 80
59 71
41 57
24 28
90 96
30 43
31 38
35 45
32 36
49 51
11 19
53 61
55 66
62 69
32 41
68 70
14 19
36 50
90 96
10 23
50 55
23 34
68 71
73 75
36 71
7 11
49 55
35 54
31 63
26 31
37 44
18 30
78 83
54 58
5 7
34 40
3 8
73 80
3 7
37 39
61 66
57 71
36 50
21 39
85 88
10 19
78 83
2 16
76 87
62 65
36 43
54 58
72 80
36 54
42 43
87 90
80 86
70 82
42 53
2 13
73 79
37 42
49 57
68 87
17 31
13 16
46 58
91 99
82 96
92 100
91 96
83 93
15 19
67 87
12 15
48 81
31 44
78 90
16 25
13 19
38 54
10 17
62 73
86 89
30 46
55 60
35 46
6 12
60 78
38 42
73 82
46 54
80 87
2 19
59 70
91 99
9 19
34 41
35 39
64 69
36 46
16 26
21 30
30 43
62 71
74 80
70 74
66 79
77 87
35 41
55 67
47 55
83 89
5 14
69 78
53 63
27 60
13 27
33 57
75 96
67 87
41 55
66 70
18 24
50 55
30 34
38 41
47 78
5 17
39 57
54 69
50 61
73 87
63 70
85 95
5 14
56 61
67 87
34 61
40 54
58 68
10 16
96 99
17 24
51 60
67 97
76 87
78 84
14 19
91 98
70 90
10 22
54 68
90 95
79 86
43 52
83 98
53 55
38 46
54 65
74 83
60 69
20 26
12 17
34 49
75 90
55 61
84 95
45 58
56 59
80 84
31 35
27 30
70 76
67 76
18 26
43 54
55 61
4 6
58 85
14 31
98 100
32 51
22 33
4 11
37 45
18 40
71 82
33 38
50 56
74 78
39 42
67 73
34 47
37 55
51 91
66 73
87 95
35 43
86 98
90 95
42 48
32 45
37 41
26 36
34 41
18 25
63 69
5 11
52 63
4 18
71 76
79 85
48 53
35 50
45 58
62 66
