100 20 20 15
00000000000000000000
00000000000000000000
00000000000000000000
00000000000000001111
00000000000001110000
00001110000000000000
00000001110000000000
00000000000000001111
00000000000000000000
00000000000000000000
00000000000000000000
11111111111111100000
00000000000000000000
00000000000000000000
00000000000000001111
00000000000000000000
00000000000000000000
00000000000000000000
00000000000000000000
0000010000000000000
0000010000000000000
0000010000000000000
0000010000000000000
0000000000000001000
0000000000000000000
0000001000000000000
0000001000000000000
0000001000000000000
0000001000000000000
0000001000000000000
0000001000000000000
0000010000000000000
0000010000000000000
0000010000000000000
0000010000000000000
0000000000100000000
0000000000100000000
0000000000100000000
0000000000100000000
4076
75 83
71 86
20 30
56 62
84 94
90 94
68 98
27 45
74 79
25 30
14 24
86 95
94 100
37 47
49 60
15 17
64 79
51 70
2 22
55 63
33 55
20 40
50 58
16 37
90 92
33 50
31 39
41 49
51 70
33 55
25 29
66 70
77 78
83 99
48 66
19 32
66 72
47 68
35 43
34 39
4 72
81 92
54 58
8 15
3 8
46 49
61 64
9 13
20 29
33 38
51 55
37 56
81 85
70 81
69 91
37 43
80 88
41 64
21 24
75 77
45 54
21 36
36 60
39 59
56 63
74 85
67 98
75 85
36 48
61 69
86 95
16 23
74 89
69 88
29 36
57 68
21 29
88 96
69 100
2 29
33 48
89 99
39 57
39 52
24 33
90 92
25 32
84 91
33 47
1 81
74 92
10 22
61 64
68 94
34 43
24 38
59 83
53 59
18 21
89 96
41 70
60 72
24 31
33 53
52 63
63 72
20 22
1 13
37 40
21 29
47 55
83 91
83 94
13 23
42 50
69 79
61 68
72 87
32 57
6 15
84 88
70 84
47 54
16 22
19 49
92 98
34 44
13 31
66 68
7 11
21 30
63 64
35 44
48 54
13 22
57 65
69 71
72 85
5 9
23 26
65 71
79 86
87 96
45 61
44 63
10 20
72 82
70 83
16 22
6 15
49 54
25 33
62 72
71 74
71 81
9 17
5 12
11 43
18 34
36 44
35 52
81 86
36 39
4 14
60 69
74 98
16 30
59 71
43 54
79 83
47 52
78 91
25 32
73 78
63 69
23 28
75 80
72 78
1 5
9 19
79 82
16 25
45 56
44 73
80 89
55 71
74 80
29 51
59 65
87 98
2 12
63 82
72 98
51 57
39 48
16 25
60 71
53 64
40 48
52 70
55 73
59 71
78 83
23 37
40 47
3 17
27 32
1 8
26 55
55 59
39 44
21 28
65 89
20 23
7 16
16 22
57 80
48 54
28 35
81 83
22 26
63 87
67 75
25 31
57 67
41 57
43 59
43 48
17 31
29 30
57 100
28 61
59 68
64 72
72 77
74 87
31 37
29 47
92 99
31 40
43 57
70 89
92 98
82 88
36 65
32 43
58 61
37 62
79 82
20 34
73 75
65 77
45 56
10 25
63 79
1 10
2 8
58 66
34 42
58 61
49 64
32 37
38 48
16 31
49 55
23 32
61 73
60 65
40 45
22 31
69 73
27 32
21 28
84 92
23 32
33 63
85 99
18 24
71 74
80 84
63 67
1 6
48 64
46 52
43 51
62 66
34 40
53 67
75 93
44 53
69 72
58 67
4 32
28 42
10 37
84 98
8 20
38 63
78 87
61 66
92 97
76 81
31 46
50 60
10 25
4 18
81 96
56 63
82 87
82 87
20 23
37 57
30 40
26 40
51 58
68 85
69 84
47 55
64 82
66 97
34 52
66 69
83 91
46 49
16 35
26 53
21 36
38 47
18 25
70 78
64 83
63 77
82 85
32 42
12 19
15 21
85 93
25 35
31 41
58 70
86 96
58 61
24 28
11 31
55 62
28 33
14 24
6 12
45 54
29 35
38 59
4 12
91 96
60 70
6 12
28 45
50 59
60 76
94 100
19 34
40 53
53 59
34 41
61 66
49 71
33 50
48 55
25 28
37 39
22 27
48 52
52 66
97 98
11 44
73 85
7 19
62 79
57 61
9 22
60 72
39 54
77 87
59 66
13 19
51 58
44 61
32 35
53 67
63 79
73 82
77 92
59 69
32 42
11 14
33 40
64 73
18 20
37 43
31 54
3 9
24 41
56 69
31 35
31 66
20 25
25 38
59 71
7 14
52 59
43 52
63 68
44 66
53 63
26 31
86 94
64 68
32 48
7 23
26 34
69 78
5 13
66 86
34 43
15 24
8 26
67 76
30 42
35 40
19 34
8 25
17 30
92 96
81 87
55 61
46 54
31 38
67 86
89 98
68 72
94 100
52 71
67 75
54 58
54 60
34 38
27 33
24 29
12 17
12 17
55 63
65 68
40 55
36 43
70 86
32 38
81 85
3 23
12 18
26 33
50 67
12 20
45 53
55 69
28 45
17 45
8 21
47 55
9 32
42 47
68 83
70 82
60 67
77 79
9 16
78 89
74 78
42 47
1 9
89 92
50 79
22 28
52 61
1 23
27 30
7 17
45 65
93 99
90 94
30 39
42 53
28 35
7 17
58 95
15 29
28 33
29 36
29 38
59 66
44 55
79 86
65 89
43 59
21 30
93 97
74 84
83 88
36 56
1 5
63 87
79 87
81 91
29 34
58 63
83 96
49 67
72 91
40 53
55 58
52 65
43 48
61 64
68 81
4 22
89 95
38 41
18 25
18 28
78 92
70 93
16 25
20 33
39 64
28 35
67 71
7 24
85 90
46 54
49 52
95 99
23 39
57 86
51 62
84 92
82 91
10 17
13 32
72 95
66 80
29 32
3 7
31 48
39 58
7 40
57 82
31 44
38 43
4 10
86 90
69 90
45 59
80 90
88 100
71 84
63 90
68 82
28 41
1 7
63 69
55 73
84 94
47 54
45 55
12 19
51 73
68 72
50 53
1 13
77 85
15 25
72 86
11 23
49 58
88 98
44 61
84 95
38 42
20 26
86 100
23 43
34 43
1 4
14 24
1 22
29 41
3 12
7 12
85 91
5 14
65 76
33 39
86 93
52 60
18 27
40 49
82 89
93 97
29 36
63 73
6 11
54 70
75 78
38 44
55 63
56 99
54 63
73 77
31 41
91 100
60 76
72 78
1 7
1 11
23 26
29 33
54 61
6 13
26 58
19 48
63 69
89 93
80 92
8 13
77 83
60 78
96 100
5 31
78 81
47 58
9 16
79 90
5 14
58 62
7 14
76 96
41 48
24 29
28 33
80 83
13 18
84 94
78 82
60 69
42 60
10 15
95 98
89 96
94 100
2 22
48 53
80 86
47 58
75 91
87 95
31 42
31 42
49 60
51 56
11 15
50 53
1 19
31 39
7 19
28 32
68 76
47 70
78 90
12 24
62 75
36 42
27 48
31 43
50 52
70 81
47 49
25 29
79 91
57 59
43 56
66 73
39 54
47 67
13 22
44 63
40 50
87 96
23 37
28 35
37 43
73 83
11 19
46 56
48 63
72 84
40 43
61 67
71 87
48 69
89 94
44 56
74 90
44 51
27 33
39 46
2 6
70 79
75 77
31 46
68 77
18 21
58 70
26 34
28 63
74 79
85 90
83 97
31 47
34 47
67 90
10 24
43 49
71 82
79 84
78 92
25 32
37 44
45 62
83 88
86 95
28 38
2 8
53 59
67 86
72 86
25 35
77 93
20 33
44 49
53 59
63 80
9 14
84 90
40 49
67 77
69 81
29 33
62 78
51 69
35 53
78 85
31 58
21 34
83 89
11 17
58 81
91 95
82 90
36 47
66 81
74 77
45 66
20 23
17 32
2 8
36 53
81 95
8 18
48 73
70 74
50 60
13 26
53 66
33 39
35 44
49 56
46 52
62 80
83 89
55 62
1 40
44 49
53 66
54 63
76 96
16 25
60 75
49 63
62 71
40 48
81 87
65 75
43 47
4 15
65 82
77 85
59 73
6 11
61 74
11 19
74 84
60 70
77 85
19 21
3 11
22 25
90 93
19 24
26 53
28 36
34 47
27 39
76 83
81 83
61 67
47 71
45 52
77 80
11 14
73 84
90 99
24 32
34 43
79 87
24 34
42 47
67 79
36 55
59 82
46 55
12 26
42 44
24 31
16 24
67 73
81 91
59 66
1 4
21 28
42 45
45 53
2 18
38 49
16 21
33 42
20 40
48 64
38 58
52 68
70 79
13 26
31 35
37 39
84 97
53 63
58 84
26 42
31 47
74 88
61 84
78 93
84 87
28 43
30 45
75 78
59 65
60 72
47 61
85 90
48 83
49 58
27 32
76 86
65 70
72 79
19 35
64 79
70 73
26 40
50 57
47 68
55 58
12 20
46 53
2 10
30 55
40 58
61 64
24 30
79 82
4 31
37 50
42 45
57 73
17 27
4 42
50 56
5 14
11 31
8 13
16 21
28 29
1 10
9 11
61 66
80 95
56 96
81 89
78 95
87 100
67 72
16 21
83 94
82 85
22 32
2 9
47 52
67 74
44 52
8 37
35 51
63 68
16 25
45 58
87 93
75 89
63 66
38 48
50 60
87 91
44 56
27 44
44 66
28 39
19 28
42 51
30 39
65 70
48 59
50 61
10 12
64 73
55 63
15 30
89 98
32 54
55 64
14 22
48 65
13 27
1 10
90 96
33 51
2 17
51 56
57 63
44 46
32 36
3 8
6 16
58 68
60 78
7 19
60 72
54 57
73 88
63 84
68 82
53 59
54 73
3 17
2 4
31 34
79 84
49 70
90 96
34 36
22 28
72 74
35 58
60 74
72 80
33 40
33 40
59 91
41 54
70 73
81 98
37 42
10 32
55 65
89 92
51 68
78 95
90 97
61 66
33 44
25 28
19 29
36 47
13 30
76 80
82 86
1 12
35 51
7 12
14 19
17 23
4 18
18 31
60 73
91 98
69 79
57 64
19 25
36 41
29 36
9 18
62 97
18 32
46 54
44 55
12 17
65 69
7 20
20 22
17 20
64 73
41 43
35 55
26 41
16 30
22 27
24 40
4 16
83 96
81 90
61 67
49 55
50 79
23 30
32 42
76 83
24 33
11 21
15 26
62 67
64 76
36 52
31 41
64 79
65 91
65 70
27 82
52 61
91 97
80 96
32 38
62 71
75 87
80 96
74 82
41 45
44 62
90 94
64 76
3 23
65 89
17 19
14 19
72 83
88 95
10 14
32 62
31 35
55 61
35 42
77 80
65 67
39 48
44 67
63 90
67 87
38 57
59 69
10 17
50 54
58 74
11 22
82 90
37 43
33 46
51 64
88 98
54 66
4 18
9 14
50 88
10 21
6 10
85 90
34 41
65 77
37 39
47 55
63 67
12 18
55 81
56 59
10 25
13 25
50 59
37 45
61 64
53 88
55 77
67 76
85 91
41 44
25 43
8 13
4 17
32 51
1 9
54 67
5 93
62 69
28 32
20 46
1 5
10 14
1 7
24 46
44 53
96 100
23 41
7 14
46 48
78 84
22 62
52 55
17 18
9 39
28 49
36 56
5 8
42 49
29 39
19 34
11 26
21 30
15 26
8 20
74 83
15 35
24 31
86 96
83 96
15 23
26 37
39 47
82 90
12 23
59 63
26 29
22 27
66 69
34 61
78 85
56 85
58 75
37 45
88 100
36 59
34 49
88 92
57 71
59 75
58 94
2 13
76 82
34 37
6 23
14 35
21 36
80 94
85 99
55 63
90 98
79 91
36 57
11 23
4 9
68 76
55 66
40 48
50 51
86 99
63 81
29 44
28 41
70 78
7 26
8 30
59 67
2 11
57 76
65 72
31 40
2 6
16 22
21 28
38 52
95 99
20 26
92 98
42 71
12 33
8 17
46 57
68 83
40 54
23 24
29 31
28 36
8 22
51 63
22 30
53 66
60 72
78 86
56 58
3 17
2 8
48 55
93 99
28 36
35 42
13 26
34 41
45 61
12 30
26 35
13 25
33 45
37 43
68 77
78 90
54 63
71 88
17 31
75 98
52 63
75 88
77 82
92 100
77 91
52 56
49 56
92 98
36 64
46 56
65 69
5 12
26 34
44 47
3 11
53 95
61 71
23 31
68 84
12 20
19 23
84 86
82 100
51 60
43 49
6 22
1 18
5 16
74 78
74 82
84 91
6 19
22 34
51 57
9 25
23 32
14 18
86 93
10 17
10 20
45 52
57 72
82 98
72 86
33 38
62 70
37 49
78 91
13 28
84 87
17 26
51 65
7 17
36 46
39 57
5 8
45 52
40 48
60 94
11 20
20 37
15 29
89 96
44 55
2 8
66 70
36 41
53 63
86 100
33 43
41 51
83 94
86 93
73 88
75 89
29 31
30 55
65 69
8 15
49 56
67 79
60 80
79 96
75 83
45 51
79 99
63 71
69 86
8 17
48 67
26 33
20 25
19 26
16 25
5 11
63 85
23 31
40 54
1 7
38 51
23 29
21 25
37 69
23 33
74 100
78 96
83 93
49 55
28 35
26 28
26 30
33 49
78 88
7 25
85 88
14 38
11 27
71 74
83 93
38 40
41 45
4 8
31 34
14 24
31 51
76 81
53 63
23 45
82 87
67 83
19 35
56 74
82 83
31 43
47 51
24 38
17 28
91 93
6 14
87 90
68 73
38 42
25 39
74 79
47 51
86 92
11 29
71 81
25 39
42 45
31 40
3 9
84 92
95 100
30 34
25 40
2 8
84 100
37 47
44 64
20 28
34 47
40 58
23 31
79 88
39 65
43 55
63 84
29 31
57 67
52 62
16 29
4 9
33 44
52 66
67 74
51 54
14 18
66 75
21 33
53 59
18 20
83 88
54 63
17 20
64 88
42 63
21 32
81 85
55 71
11 15
24 30
98 100
27 45
60 70
74 88
88 98
23 28
80 87
55 66
30 36
45 50
71 79
41 66
2 10
29 40
33 39
50 76
5 13
61 72
24 43
49 59
15 25
39 46
50 52
78 81
47 54
4 13
48 68
33 48
41 49
43 45
40 48
70 80
79 83
76 88
6 24
45 48
56 64
38 41
21 24
75 85
45 71
67 73
66 84
34 43
75 94
42 52
64 73
18 25
7 17
17 27
46 53
76 95
3 7
40 51
66 70
64 77
23 28
65 76
34 42
67 74
28 32
46 52
50 60
95 99
23 32
29 39
63 75
31 43
16 23
69 74
56 63
65 76
87 92
45 53
34 53
33 38
30 66
34 39
32 70
46 48
83 90
61 67
11 37
29 35
88 91
78 85
32 57
64 74
52 62
63 70
19 40
70 77
51 60
18 36
10 15
82 88
29 46
25 35
24 32
25 50
68 80
50 68
27 35
21 26
31 32
91 98
27 31
13 18
39 47
65 73
37 48
52 57
14 42
28 36
48 79
61 70
35 51
81 83
44 49
13 20
77 86
72 76
58 66
89 99
1 19
75 79
8 28
67 72
6 17
27 36
92 99
23 38
50 54
83 86
52 68
90 100
23 34
21 37
15 34
41 46
25 45
52 58
37 45
11 19
90 94
4 18
63 72
58 66
19 28
29 36
78 97
73 90
12 45
57 92
9 14
77 79
6 16
13 24
67 81
63 72
74 96
4 13
46 61
33 36
81 94
30 33
46 58
79 90
24 27
10 17
46 51
91 99
85 96
61 69
42 66
1 9
86 95
37 41
27 32
66 89
41 53
68 89
29 52
2 12
6 16
41 46
79 86
75 83
17 23
33 38
55 69
69 72
41 46
84 91
7 18
67 80
24 43
56 70
5 21
32 41
33 45
61 69
2 17
46 53
53 60
63 76
18 20
37 39
58 65
39 49
3 10
9 16
42 58
43 49
16 32
37 43
19 30
51 58
7 13
6 11
82 88
87 94
6 17
14 19
1 14
84 95
31 40
53 69
68 80
45 68
8 28
54 63
1 16
21 28
27 72
62 85
44 45
59 86
62 77
85 93
8 18
66 81
18 36
81 92
61 70
71 81
22 27
30 47
8 25
20 29
11 17
64 71
66 71
48 76
41 47
18 38
44 58
19 29
14 20
68 78
53 58
48 54
89 94
14 17
14 26
88 100
19 31
23 26
61 64
25 33
52 55
74 84
83 87
85 94
55 62
66 75
36 38
71 76
40 52
42 45
17 33
79 99
53 58
34 41
55 64
2 12
70 85
10 23
69 75
60 96
60 64
82 89
72 84
49 50
45 52
80 84
37 54
52 59
49 63
18 36
33 46
62 95
23 34
18 27
55 65
1 6
78 87
5 10
53 61
32 40
20 35
77 80
72 91
23 40
81 91
35 51
80 98
38 54
16 31
55 94
59 68
87 100
75 88
84 90
80 91
13 21
10 20
74 81
50 57
92 94
6 28
24 32
33 45
47 54
17 28
51 71
3 7
24 34
90 98
46 57
55 59
37 51
17 23
9 17
46 54
76 81
90 99
13 20
79 83
12 39
37 41
40 48
1 9
59 83
37 40
55 57
6 12
35 43
20 36
38 66
49 58
6 14
63 89
94 100
77 80
86 91
72 88
40 50
39 44
78 80
61 69
39 42
88 100
54 58
30 57
64 72
5 22
82 86
87 95
64 72
8 12
35 73
43 49
90 93
28 29
44 63
6 26
10 27
69 73
68 76
34 47
55 67
47 54
18 29
32 41
71 77
83 86
11 28
62 69
53 82
43 46
35 41
7 14
67 69
29 49
73 81
13 21
30 33
11 28
49 62
54 77
60 69
58 78
8 10
94 98
52 75
13 31
64 72
35 40
77 89
34 38
63 69
88 96
68 79
3 15
62 75
74 76
66 90
46 53
7 21
72 77
8 21
22 28
28 32
78 86
77 97
3 10
56 61
29 39
69 88
80 86
82 92
46 67
41 49
64 68
59 67
17 28
76 89
94 98
25 34
87 97
11 16
58 76
32 41
65 70
14 39
82 91
82 88
27 29
21 26
51 67
29 42
48 54
62 77
26 31
6 14
63 71
41 49
3 10
36 38
38 47
64 68
17 21
18 28
79 97
50 53
48 56
66 78
12 46
80 83
45 50
16 23
56 66
18 22
65 97
62 67
35 39
56 58
19 45
52 61
68 75
23 31
56 77
15 17
34 40
4 11
47 66
22 26
4 17
78 86
70 79
35 42
49 62
46 64
15 24
31 34
31 33
55 69
20 23
54 89
61 74
53 57
66 72
95 97
45 51
59 64
2 6
76 95
25 33
67 68
33 38
59 66
51 62
81 91
50 60
48 55
33 54
11 17
18 22
93 98
51 63
13 24
59 72
10 17
10 15
76 86
54 58
36 42
32 46
90 95
72 79
44 60
30 47
85 94
23 37
14 35
14 33
49 55
53 58
37 41
27 35
68 93
63 78
34 42
9 22
66 82
68 81
44 55
57 64
46 56
28 35
90 98
34 42
60 66
22 31
75 84
54 66
62 67
83 98
53 67
40 52
63 66
51 54
16 22
88 100
67 82
6 13
47 55
11 28
9 13
79 89
12 19
36 44
26 35
41 52
60 67
75 80
46 61
56 58
21 32
46 58
1 5
81 100
35 50
2 19
19 27
22 29
15 23
16 30
23 32
58 69
35 45
74 85
78 96
58 70
49 58
41 54
61 71
48 55
4 14
77 89
9 13
5 9
53 61
14 17
86 98
1 3
55 66
51 56
70 86
30 43
41 49
17 22
8 12
86 96
84 94
95 97
67 87
45 57
8 18
78 85
39 49
46 50
90 94
59 65
19 22
37 53
21 41
89 97
10 15
25 37
68 76
25 43
9 23
43 51
67 96
18 21
17 21
31 36
69 81
76 96
4 9
59 74
64 71
35 37
20 37
72 76
55 65
8 15
59 75
62 71
36 53
53 62
7 31
4 10
68 72
54 62
27 43
71 87
8 22
88 97
15 29
4 10
19 32
58 63
86 91
28 44
29 48
30 36
21 26
29 36
1 17
49 69
79 83
48 57
51 69
43 62
30 42
74 76
67 82
75 80
82 93
41 52
31 37
49 55
54 69
50 74
5 20
80 86
51 68
50 63
66 75
78 91
52 63
2 9
22 43
72 95
67 82
53 61
24 35
61 68
2 18
11 23
50 68
40 56
20 37
51 69
72 80
14 26
68 76
39 44
77 81
5 33
57 67
5 17
51 69
7 16
52 60
6 8
39 48
14 30
41 60
15 23
13 41
63 68
21 24
2 38
11 17
8 15
16 24
88 100
78 87
9 17
93 99
46 62
35 41
69 79
59 66
85 94
70 89
31 35
18 27
13 24
34 55
93 99
67 79
78 84
60 65
47 56
21 36
34 59
13 49
64 73
33 53
73 98
90 98
28 39
85 94
16 28
94 98
53 61
19 28
41 47
25 36
50 69
46 78
63 79
6 13
87 97
58 63
53 55
60 80
60 68
47 74
12 22
17 22
1 7
49 66
11 19
17 21
50 60
62 76
45 52
51 60
67 79
81 95
76 87
27 48
12 24
68 73
48 53
61 82
41 47
41 42
74 85
29 37
36 40
59 69
18 29
41 51
73 78
33 39
28 69
71 79
75 82
4 13
18 31
66 88
49 56
67 86
39 59
67 79
41 50
37 41
75 81
71 81
73 83
64 68
89 97
14 23
79 89
88 99
79 85
47 69
69 78
70 80
29 36
41 46
50 60
25 37
73 77
55 60
68 92
69 72
44 61
50 59
36 49
17 45
49 55
48 54
45 53
15 29
16 24
58 63
36 47
53 60
3 12
4 10
71 93
25 34
27 39
10 38
2 10
38 45
15 32
1 12
3 26
74 87
23 29
3 13
62 68
44 67
32 44
40 52
2 16
47 62
92 95
62 66
80 88
56 65
74 79
42 47
85 90
29 42
8 10
63 83
80 88
21 36
54 57
25 29
53 70
23 28
29 34
38 43
65 85
56 73
57 76
62 75
35 49
3 15
71 80
31 35
69 81
25 29
10 48
52 61
9 25
22 24
39 60
58 65
67 72
9 18
65 100
6 17
61 66
68 81
72 86
13 45
72 77
88 95
4 16
84 92
84 97
80 94
63 73
38 47
28 36
55 63
72 80
69 79
9 17
64 69
49 63
31 38
7 14
10 15
78 93
10 33
53 60
21 25
89 96
4 14
16 28
47 51
60 76
52 57
19 33
46 63
32 38
11 14
31 36
30 38
41 53
3 11
80 89
95 100
74 83
36 49
12 22
65 75
47 59
26 33
76 81
22 31
32 48
6 17
18 21
51 73
42 53
70 78
18 29
74 91
53 74
5 12
39 49
42 56
49 59
46 68
88 95
57 66
24 44
93 100
42 52
70 80
84 94
50 98
20 25
37 41
14 25
74 77
38 51
66 74
94 98
32 40
79 93
12 15
25 36
21 25
67 73
54 64
73 80
47 54
41 42
23 44
66 71
9 21
13 17
46 53
29 34
50 69
52 72
18 28
3 16
35 44
79 89
81 83
69 74
75 90
25 41
90 96
19 26
21 24
55 91
34 44
3 12
42 78
78 80
9 22
52 60
63 68
85 98
8 12
15 18
24 31
55 65
37 47
70 71
88 91
26 34
23 26
4 19
83 92
24 31
90 97
12 23
21 33
46 50
6 45
66 71
19 28
64 72
11 32
67 72
8 19
68 74
24 27
18 23
40 52
58 69
20 32
52 63
6 12
12 36
63 69
69 87
42 55
36 47
22 47
67 72
46 56
47 69
73 80
87 93
9 15
70 73
29 34
58 64
24 32
16 30
69 93
55 79
4 14
82 99
74 78
43 51
61 69
71 81
8 21
26 29
69 77
44 59
63 69
37 40
78 85
7 12
10 26
21 26
37 52
64 77
41 59
85 99
21 23
45 65
31 40
23 30
7 32
59 65
39 54
75 93
75 94
26 36
40 43
94 100
6 21
5 17
34 38
22 38
61 67
36 43
53 61
43 62
84 100
82 95
32 37
4 7
47 64
91 100
93 100
17 23
85 91
78 86
15 33
58 82
70 74
41 51
5 15
92 100
51 62
77 82
18 32
81 83
40 46
88 99
16 23
62 64
23 33
36 42
29 34
62 73
56 66
68 86
27 31
6 14
13 25
32 57
63 75
9 15
59 66
7 12
79 92
16 29
6 23
19 26
49 57
63 74
61 64
78 83
59 68
83 87
71 78
56 61
50 59
52 58
14 19
14 21
75 93
62 70
73 85
35 49
8 22
17 21
58 68
84 91
58 89
79 86
33 42
51 82
40 46
39 43
65 72
57 82
71 86
4 8
53 66
28 38
37 43
39 54
36 44
32 45
57 62
53 81
42 43
23 29
29 33
22 33
35 42
38 48
28 30
14 24
79 85
46 71
56 61
58 63
57 66
64 68
14 16
34 45
34 55
5 11
51 57
59 65
10 22
36 43
71 89
14 28
51 72
68 85
73 90
87 97
69 78
61 69
68 71
28 39
59 73
59 61
47 54
68 79
19 23
29 44
29 56
5 20
37 54
19 26
91 98
3 5
91 96
14 24
70 82
51 59
87 89
35 40
72 93
55 65
66 74
25 57
81 87
68 82
29 47
26 31
48 56
67 75
25 30
3 15
68 73
43 64
80 84
67 72
46 52
28 34
21 44
57 58
69 74
61 75
79 93
23 29
57 68
41 63
84 96
33 40
65 73
90 99
65 75
51 81
46 50
57 70
67 79
35 44
68 76
77 81
32 38
44 61
77 90
19 25
70 80
33 38
28 34
4 15
65 70
64 85
17 26
36 46
37 43
57 64
49 54
49 61
35 37
50 57
44 56
77 92
61 79
46 49
32 40
39 53
11 19
75 78
89 100
11 15
30 35
51 73
73 84
6 31
32 39
15 31
97 100
31 35
65 88
15 19
20 29
36 43
83 87
29 36
7 13
56 62
60 77
85 91
12 21
18 31
6 11
42 47
42 64
28 42
28 56
30 34
35 45
39 47
11 16
56 76
68 72
15 38
20 31
60 66
75 95
36 43
57 70
53 55
81 86
7 10
53 71
26 39
43 59
67 83
90 97
2 13
24 27
72 77
54 70
41 45
21 25
80 84
46 52
21 26
8 15
44 47
45 79
2 13
41 50
89 93
16 48
69 85
28 32
4 11
41 50
84 87
73 76
53 58
28 32
54 64
18 25
64 74
86 88
29 33
41 57
27 43
37 46
40 45
28 69
79 81
94 96
29 46
55 63
86 98
61 64
8 10
36 38
13 24
29 52
49 59
88 90
33 47
75 93
59 66
32 50
61 64
13 19
94 98
63 73
4 14
80 89
66 83
35 55
31 37
9 18
7 16
13 21
30 54
77 91
12 24
71 79
84 89
23 30
57 58
21 22
42 54
60 100
64 82
68 75
13 17
4 17
1 25
69 74
72 79
49 59
60 74
3 10
70 90
43 52
35 40
85 97
54 59
81 93
54 59
31 38
3 22
69 73
54 65
50 58
43 55
59 71
24 34
43 45
36 48
18 21
35 43
35 44
54 77
74 79
68 71
83 90
8 21
5 11
57 62
33 41
35 42
25 33
47 53
76 80
49 59
71 77
69 80
10 25
1 13
87 93
88 95
55 61
49 75
35 44
69 73
15 45
25 32
44 52
88 98
76 80
18 24
62 74
52 56
37 44
64 75
26 32
40 57
20 25
61 69
33 41
45 55
48 61
77 88
4 7
81 83
50 59
26 41
34 42
26 33
60 62
40 48
80 96
14 29
75 86
28 32
95 99
26 30
84 91
71 79
65 89
15 28
51 60
67 87
2 3
8 15
68 74
92 99
9 30
67 75
38 51
67 79
48 58
49 60
58 65
2 10
17 19
82 90
1 35
66 70
55 73
11 14
10 26
61 85
69 76
68 71
77 89
24 44
78 96
92 98
26 29
82 95
10 46
83 91
64 68
52 73
68 77
53 58
5 6
40 47
40 54
52 57
22 27
80 94
73 79
58 66
59 79
51 63
43 52
41 51
12 25
20 27
12 21
43 51
43 70
12 19
67 72
79 90
19 39
28 46
7 18
47 56
71 85
9 21
41 49
70 80
90 97
72 85
86 99
68 77
54 64
29 32
19 60
71 78
61 87
21 23
25 42
65 69
61 66
42 51
60 93
30 37
43 49
71 100
90 99
18 33
6 31
51 64
30 52
45 54
22 29
75 91
77 86
79 82
15 35
17 26
36 43
46 72
25 34
16 24
10 13
10 16
84 87
21 38
56 61
37 46
38 48
7 15
1 11
75 80
26 32
53 57
69 74
64 69
85 94
23 64
38 43
46 68
59 65
83 98
40 49
65 80
18 28
17 21
62 79
31 44
54 63
84 90
21 34
36 48
7 13
6 19
79 97
75 96
71 81
44 48
38 54
66 68
11 21
80 85
2 13
52 57
73 90
95 99
87 92
17 21
16 24
72 78
6 15
35 40
16 20
91 98
38 48
76 82
24 30
73 85
53 58
48 60
64 85
25 34
77 96
75 95
24 36
50 69
60 82
37 54
22 27
65 78
39 44
14 17
1 12
43 53
43 46
46 50
87 100
37 46
49 58
76 93
10 18
46 51
53 75
33 38
5 14
58 84
45 52
55 64
10 16
47 60
20 28
61 78
57 68
67 80
17 21
31 56
43 63
41 51
8 14
4 15
31 88
77 89
30 91
57 69
59 62
11 22
92 98
85 95
38 42
27 50
52 56
38 51
40 47
25 43
21 47
85 95
3 7
26 64
11 59
41 47
87 92
65 69
30 36
72 77
16 27
15 23
39 46
88 99
8 22
81 83
43 52
49 54
25 33
89 98
48 54
49 61
21 35
78 81
58 62
60 70
36 40
3 16
78 93
44 71
26 40
65 77
80 94
66 71
56 62
74 78
55 63
95 98
72 87
2 15
15 22
44 52
12 19
15 39
65 80
24 45
37 64
80 91
11 18
5 33
47 64
52 62
49 88
3 31
10 16
30 45
64 74
82 84
55 79
16 21
62 67
92 99
13 17
27 33
69 78
85 94
18 25
67 90
45 62
28 40
58 62
73 89
69 87
58 65
45 51
77 92
38 41
20 32
86 95
6 13
82 92
28 37
54 67
13 21
28 41
87 90
66 84
87 90
25 34
13 38
44 56
49 67
66 87
51 67
25 40
49 66
19 29
25 41
93 95
26 76
33 45
7 28
50 56
56 62
63 70
14 24
14 20
91 99
15 36
3 12
28 30
70 81
75 85
18 20
54 66
87 95
40 46
6 9
12 14
18 25
5 14
56 72
60 90
33 54
15 24
82 91
17 38
9 22
69 77
16 25
80 84
50 70
81 90
53 60
60 65
16 22
45 50
24 34
74 79
15 22
74 80
34 48
53 68
66 79
28 37
56 62
3 6
19 28
4 13
89 99
77 84
31 34
25 27
58 76
89 93
47 61
23 25
90 97
74 81
61 99
8 15
51 57
75 81
79 85
64 78
67 83
9 18
32 39
78 88
55 87
26 39
70 77
10 30
42 49
28 34
71 76
8 13
69 73
93 99
49 54
21 27
68 72
66 75
51 61
37 64
77 86
24 37
34 49
30 41
51 58
25 32
80 93
33 41
1 21
56 61
43 50
57 66
40 48
78 82
81 84
7 29
22 38
21 30
3 4
84 93
67 93
2 6
11 34
18 28
28 32
84 92
28 63
43 47
1 9
23 34
12 26
48 69
10 24
78 80
65 69
44 58
33 38
27 37
31 47
10 17
42 58
21 34
55 79
21 31
56 66
75 79
4 6
34 40
38 75
17 69
19 22
28 97
24 33
79 94
71 77
51 63
21 26
20 26
89 94
49 51
22 40
37 57
55 73
27 35
76 94
13 23
92 100
9 14
19 26
17 28
35 44
47 54
52 77
55 57
88 97
2 21
18 21
23 35
79 95
47 54
20 29
52 55
73 85
36 42
27 33
43 52
56 62
7 23
39 52
11 26
30 45
18 26
7 10
48 61
18 31
18 29
12 22
62 81
50 64
13 19
45 58
47 58
51 58
14 25
63 69
53 57
86 95
87 89
82 99
83 90
31 40
73 78
17 47
4 15
13 26
84 96
67 78
42 56
23 40
77 84
59 91
19 26
1 9
9 15
16 36
54 67
19 30
15 28
69 71
43 50
1 12
51 55
56 65
84 94
66 74
66 80
6 13
24 32
94 98
45 67
6 16
53 59
15 30
96 100
9 30
22 53
72 82
96 99
6 15
48 52
6 12
66 81
30 33
53 56
68 90
79 92
63 66
57 68
72 76
28 36
40 55
19 25
42 57
62 75
18 28
53 76
4 11
37 64
16 17
61 72
73 83
90 99
2 7
28 33
75 86
12 25
42 54
84 99
34 37
42 55
51 79
36 40
46 59
65 75
30 38
17 25
44 55
39 78
40 44
25 27
57 63
16 40
87 100
50 62
70 76
52 62
29 38
2 9
39 58
29 38
58 82
47 68
11 17
65 77
80 93
3 11
52 71
59 67
82 88
14 27
49 54
55 69
3 15
75 84
20 27
50 96
61 89
71 78
22 27
34 46
77 95
54 69
55 71
74 88
21 43
4 10
85 93
44 53
3 11
24 29
40 52
15 36
62 70
57 64
31 35
57 71
88 90
38 66
22 33
3 13
31 56
43 52
48 53
15 23
60 86
52 56
42 46
40 43
19 41
57 66
10 51
26 33
7 16
16 18
54 89
50 78
25 30
73 77
57 61
62 70
54 69
10 24
79 95
15 21
27 36
17 36
4 12
46 52
49 66
19 29
82 88
38 42
10 16
29 35
8 18
11 17
24 32
48 66
65 86
67 78
74 78
50 82
26 30
66 86
13 24
65 76
78 83
7 18
58 59
67 79
12 23
79 95
54 70
31 38
35 38
43 46
26 35
40 49
68 75
51 55
19 25
58 66
13 24
50 80
37 58
66 73
68 84
28 67
60 67
78 95
72 79
70 77
40 67
28 40
13 29
14 28
30 57
64 82
16 19
69 70
56 62
32 38
11 22
67 69
48 55
78 82
79 88
16 22
90 99
69 80
44 61
15 22
22 40
55 72
55 59
27 38
75 83
31 35
66 69
47 50
37 55
66 72
32 35
27 43
71 81
3 5
10 19
91 94
29 64
61 67
47 54
16 19
41 63
72 86
14 26
75 82
50 59
81 91
49 59
4 22
88 95
41 49
39 47
33 38
51 85
67 74
13 19
22 43
78 85
9 13
34 37
66 77
24 30
42 48
77 78
88 93
46 59
46 54
46 56
6 9
72 76
7 13
13 15
78 85
50 61
44 55
79 87
74 81
63 72
36 82
69 91
28 35
40 49
8 27
84 90
12 26
31 40
41 55
41 54
60 70
28 38
14 19
65 79
94 99
27 39
46 59
93 99
80 83
81 96
53 73
38 44
16 25
71 86
45 73
3 20
17 30
8 13
72 79
4 14
20 44
62 70
18 43
19 31
80 87
25 31
78 83
36 42
20 46
3 8
21 35
11 24
36 51
28 47
49 59
43 45
87 94
38 52
32 52
65 83
67 70
55 70
88 96
65 97
46 54
21 33
30 60
74 91
93 98
85 94
76 82
39 50
26 33
16 23
21 47
10 20
4 10
32 44
1 12
1 6
44 53
44 45
75 87
36 49
18 24
59 75
57 67
78 81
95 98
15 30
66 88
48 55
48 55
60 76
37 53
50 53
6 17
5 23
83 90
26 35
20 39
88 100
94 100
19 21
35 41
30 55
38 43
77 88
62 70
23 36
82 92
68 97
46 65
35 40
61 63
89 91
65 84
53 61
17 24
15 21
39 44
1 10
21 24
34 90
17 40
71 89
60 62
87 92
28 51
5 33
63 70
36 45
34 38
44 51
3 13
47 52
57 64
93 100
45 52
81 89
68 85
86 99
6 21
82 85
59 72
39 88
39 44
44 53
15 19
74 78
22 39
29 43
4 21
45 51
4 15
16 19
60 86
7 16
88 99
77 100
18 36
24 49
12 19
68 77
61 73
7 18
25 39
69 76
54 60
9 12
32 48
57 74
79 84
69 77
53 56
71 78
41 54
78 92
53 67
40 42
78 89
19 23
16 28
69 79
2 11
71 74
83 90
42 45
2 5
71 79
2 5
9 21
68 80
11 16
73 85
50 60
46 81
36 39
86 90
50 55
72 87
39 46
40 55
76 100
91 100
13 41
52 56
26 37
74 87
51 52
63 78
1 13
1 12
2 12
6 25
47 58
71 79
28 64
48 56
66 73
45 50
81 97
3 14
7 23
26 29
71 78
5 10
16 26
80 86
57 66
39 40
44 48
28 32
26 33
62 66
15 37
48 53
66 77
74 94
73 87
31 46
41 44
83 93
37 50
66 83
78 89
2 11
84 92
47 55
39 46
60 66
78 88
53 62
75 79
30 46
29 46
77 99
13 18
32 35
61 70
23 26
43 65
63 65
89 99
27 35
36 45
47 63
38 42
39 49
94 100
75 78
3 12
71 89
43 51
44 50
57 69
47 57
16 26
95 99
62 76
60 66
11 18
14 20
37 48
43 59
34 42
49 59
68 77
81 89
3 14
67 77
68 88
47 55
42 52
70 76
43 57
68 82
80 90
47 53
45 56
54 66
9 15
6 13
10 17
49 57
34 45
59 69
52 60
47 55
8 42
16 25
59 77
8 29
47 48
49 65
70 84
76 85
47 54
34 43
42 47
5 15
29 40
66 79
58 64
1 19
15 18
30 45
