100 20 20 14
00000000000000000000
00000000000000000000
00000000000000000000
00001111000001110000
00000000000000000000
00000000000000001000
00000000000000000000
00010000000001110000
00000011100000000000
00000000000011000000
00000000000000111111
11111111100000000000
00000000000000000000
00000000000000000000
00000000011110000000
00000000000000000000
00000000000000000000
00000000000000000000
00000000000000000000
0000100001000001000
0000100001000001000
0000100001000001000
0000100000000001000
0001000000001000000
0001000000001000000
0001000010001001000
0001000010001001000
0000000010000000000
0000000010000000000
0000000010000100000
0000000010000001000
0010000010000001000
0010000010000001000
0010000010000000000
0000000000000000000
0000000000000000000
0000010000000100100
0000010000000100100
0000010000000100100
5484
84 92
87 98
21 33
37 39
43 48
71 92
35 60
24 31
68 74
28 43
10 15
42 58
20 30
2 14
69 73
23 29
22 25
49 55
19 31
61 70
73 81
43 57
49 74
7 24
84 91
29 30
33 37
29 40
40 52
33 64
84 94
16 21
59 65
18 23
43 47
67 86
6 21
89 97
69 99
62 75
73 97
57 69
23 49
70 73
85 93
43 66
80 87
48 51
31 70
80 92
99 100
80 91
61 85
38 45
44 57
48 55
47 51
78 94
37 44
30 40
38 43
79 86
44 47
41 79
39 41
68 92
23 25
59 73
55 79
45 51
44 48
34 50
73 91
42 60
30 43
80 92
8 18
66 79
3 8
7 45
29 39
35 55
9 16
77 90
45 69
83 95
37 57
27 50
1 23
2 15
57 62
9 12
15 38
15 19
24 31
42 46
50 65
56 68
64 69
63 73
70 76
13 24
74 87
72 79
20 27
44 50
48 60
39 46
19 35
77 80
24 29
30 39
11 16
70 84
36 49
37 42
61 68
10 22
40 45
83 90
30 41
66 87
13 27
31 41
38 47
50 56
51 65
84 97
3 14
40 73
15 22
20 24
43 59
36 39
15 26
90 100
46 73
81 89
23 35
41 47
84 93
55 75
70 80
58 75
10 22
23 26
42 50
61 72
5 18
21 51
61 74
61 72
72 76
25 40
56 60
29 38
50 56
26 49
40 55
37 42
22 26
46 51
82 87
20 30
35 52
59 64
74 89
23 29
78 91
69 73
49 57
59 77
6 12
17 35
79 85
9 24
53 59
30 40
31 37
24 36
41 49
56 70
8 13
63 71
88 96
10 57
16 26
28 37
57 68
51 62
12 24
57 61
26 30
48 64
48 88
3 12
57 62
49 95
36 59
50 54
10 15
34 51
31 48
8 16
80 85
62 74
47 49
25 30
47 61
27 62
19 44
73 93
1 8
25 31
30 37
4 25
39 44
8 14
66 73
36 40
15 20
71 89
42 73
25 36
56 61
13 16
93 99
72 87
36 47
31 62
68 71
64 69
66 75
32 40
89 96
42 55
54 65
1 26
74 86
96 97
53 63
86 95
80 92
39 42
80 93
2 12
53 62
19 31
86 91
34 60
71 80
21 32
12 21
31 55
8 15
7 18
61 74
52 58
71 77
31 45
37 43
29 31
28 41
21 31
65 69
61 64
59 64
14 31
3 13
83 88
59 69
19 66
65 78
29 40
81 91
85 90
46 62
90 100
39 51
43 48
2 11
90 97
48 50
7 20
66 76
23 29
16 33
6 17
70 80
2 15
33 42
89 94
20 27
17 30
56 62
17 22
15 17
47 48
24 45
50 60
13 19
3 11
59 65
82 89
31 36
1 13
3 24
13 20
43 49
31 47
39 50
19 26
21 35
75 85
30 42
3 35
58 71
85 92
53 74
8 22
83 96
59 72
15 28
83 88
27 37
70 75
38 52
64 80
78 80
61 66
20 35
12 31
83 88
75 80
78 84
66 74
29 39
13 19
43 52
24 65
69 73
3 17
77 85
37 55
15 27
24 28
21 28
75 82
45 52
29 31
15 26
10 17
76 83
89 96
42 51
32 39
9 13
1 46
85 95
13 17
65 72
15 26
30 36
58 67
3 9
74 97
82 84
37 45
79 88
10 27
33 38
5 8
15 29
65 74
34 41
27 34
5 13
2 18
50 59
45 50
27 31
25 28
65 72
57 65
88 95
66 87
45 57
80 93
53 63
54 63
47 57
62 79
27 39
54 62
15 30
84 94
78 89
43 61
5 12
86 99
62 68
3 17
75 86
52 54
39 43
49 70
55 70
67 84
55 63
15 36
50 66
81 88
50 57
36 53
21 25
21 27
63 75
53 63
88 91
45 55
80 82
86 91
42 53
61 69
15 22
45 53
56 95
3 11
86 88
17 49
13 20
54 72
62 73
89 100
60 66
58 60
82 84
45 47
10 13
10 20
71 76
16 46
49 57
13 20
39 52
30 48
43 49
7 22
58 71
34 46
72 84
8 12
2 7
71 74
10 24
22 37
44 47
27 36
80 89
45 64
69 85
76 81
18 28
38 41
92 96
57 69
35 48
5 8
25 35
57 70
22 31
13 33
92 96
85 89
23 31
17 31
9 36
52 63
62 76
1 10
72 85
13 17
50 54
75 85
15 22
50 64
35 41
27 30
47 61
45 55
18 35
6 11
4 8
42 50
73 85
22 31
25 37
66 75
40 45
77 85
34 37
77 91
25 33
77 95
34 50
36 45
56 63
11 25
9 17
78 86
24 34
1 4
48 69
13 21
1 8
76 85
81 89
68 75
81 86
53 61
64 68
43 49
21 37
35 47
19 42
14 22
28 35
16 21
2 3
38 42
32 44
28 42
66 77
7 17
17 24
28 41
58 65
40 48
47 58
8 15
42 65
80 93
46 52
16 22
32 36
14 29
11 22
79 92
15 33
37 57
59 69
76 88
61 70
77 88
16 19
61 85
58 71
51 58
42 56
7 13
91 97
73 89
59 69
4 8
16 52
39 44
11 19
5 13
56 67
67 73
15 20
45 64
48 63
26 35
84 89
12 16
45 68
7 28
18 23
33 58
47 61
51 63
73 79
50 76
27 37
50 56
3 13
65 72
7 14
4 20
2 10
27 30
83 98
61 65
19 28
73 81
5 19
41 79
57 69
70 90
11 26
45 52
41 50
86 98
77 88
52 58
47 53
63 69
7 37
5 17
47 63
52 70
2 16
75 83
12 27
3 12
45 65
16 24
27 42
19 30
86 100
51 63
6 11
24 36
12 40
17 40
18 20
27 40
86 96
61 64
82 89
36 45
48 54
41 53
48 56
61 70
77 87
9 14
37 48
43 51
38 46
74 81
38 52
83 90
65 70
42 56
4 10
50 56
76 80
6 16
51 85
37 43
33 53
27 47
51 56
54 65
13 26
53 58
16 38
45 53
77 80
71 82
55 62
35 39
59 75
39 43
95 99
22 26
35 50
76 86
68 85
24 29
31 36
31 40
57 81
10 24
18 22
93 100
40 58
66 78
80 89
41 44
7 14
68 82
11 16
71 79
3 15
51 75
84 95
63 81
7 40
52 60
17 36
88 97
24 30
59 76
47 54
66 87
18 36
38 52
29 34
2 23
77 91
59 63
40 53
67 83
7 12
78 85
24 36
22 44
61 66
22 58
22 25
79 90
41 53
38 56
47 62
85 97
31 61
56 69
33 48
41 54
71 91
4 8
62 72
85 100
14 21
37 43
16 42
40 45
88 97
19 30
33 51
3 10
45 65
56 65
31 37
33 61
40 48
76 80
56 63
49 53
39 62
22 27
68 75
64 74
60 67
76 93
61 64
10 17
81 88
85 98
28 44
16 33
11 20
51 64
73 90
60 84
86 88
46 61
87 100
56 62
49 71
48 54
19 27
45 50
21 31
65 90
61 68
31 35
70 74
31 34
27 32
72 76
12 23
15 33
5 11
70 80
50 62
41 48
36 47
54 58
38 57
63 67
25 46
64 81
40 84
25 36
71 79
74 82
77 83
65 70
35 43
59 65
2 4
32 41
38 42
45 53
79 84
60 68
45 63
27 33
82 88
88 99
24 32
50 55
77 89
85 92
51 82
31 37
29 35
28 37
16 37
63 68
11 20
47 66
74 78
20 29
49 52
86 99
47 52
21 32
78 83
2 7
75 81
19 47
9 19
34 47
61 67
49 61
76 82
55 70
55 70
81 92
2 8
82 88
4 17
5 14
46 51
33 48
18 22
53 60
38 46
42 57
63 69
51 66
76 93
9 12
30 40
21 25
77 92
33 38
44 56
23 30
34 38
90 98
64 91
76 92
4 14
67 70
51 62
89 92
41 56
64 71
51 60
17 35
8 22
41 60
7 14
3 8
54 62
2 14
84 97
52 55
37 45
54 63
66 70
77 90
81 88
28 31
18 30
72 79
85 93
73 96
7 28
8 38
81 98
74 77
2 5
57 66
90 92
39 47
72 93
54 63
87 91
23 38
69 96
22 25
4 6
22 36
38 40
9 20
67 75
60 67
21 39
55 59
86 99
83 95
50 56
85 94
81 92
56 65
50 56
68 74
46 53
44 56
35 60
34 51
90 92
95 98
38 47
85 88
2 10
63 72
9 65
83 94
19 76
20 49
9 51
36 41
9 14
48 55
4 13
76 81
66 72
83 90
62 80
22 28
28 48
49 67
24 36
79 87
71 75
82 90
66 76
36 45
2 5
80 94
46 57
13 24
5 13
45 72
34 41
16 28
86 90
26 44
8 17
22 28
85 93
33 35
61 74
36 38
25 31
72 80
73 85
68 74
39 50
8 14
75 79
28 32
5 11
86 93
48 55
86 96
15 22
58 70
88 98
50 55
54 65
51 54
3 17
19 25
40 74
24 37
40 48
7 14
82 88
83 97
50 62
71 85
22 26
14 20
17 22
3 21
91 93
67 76
15 17
36 40
77 85
39 49
35 45
71 77
22 25
10 35
24 48
56 61
23 27
77 84
61 90
19 27
21 49
16 20
22 27
40 46
3 7
10 17
22 35
33 63
86 95
42 51
48 94
74 77
66 73
88 94
1 14
35 41
90 95
59 69
24 41
70 88
62 84
61 67
73 80
55 70
94 100
54 64
6 8
59 69
19 23
17 49
94 100
12 19
12 23
81 84
36 46
8 13
76 84
20 29
91 96
80 97
71 80
3 5
32 48
87 94
30 56
22 24
12 34
87 92
94 97
12 28
31 40
59 67
74 88
49 75
47 54
90 95
53 67
4 17
37 42
16 30
66 77
37 45
18 37
47 64
29 35
37 46
38 48
37 40
66 71
32 44
3 9
44 58
30 32
39 54
18 23
65 80
12 26
87 100
38 56
3 10
4 16
22 30
1 10
92 96
55 63
27 31
44 47
78 92
64 78
16 25
27 38
16 19
18 37
58 67
46 54
13 19
5 6
29 46
16 31
77 83
76 78
28 42
36 50
44 52
23 40
78 94
64 71
56 65
38 42
7 19
69 76
9 28
16 20
55 70
62 70
81 86
70 78
75 93
66 73
77 83
87 98
4 10
89 96
6 10
83 86
36 43
72 81
63 76
58 60
3 11
34 46
26 38
11 45
38 50
8 16
2 21
74 79
35 53
44 48
42 46
9 20
84 93
19 35
15 22
44 50
13 22
3 9
72 90
74 86
76 84
1 10
75 79
32 39
64 81
32 50
87 89
6 19
32 47
1 24
2 10
34 43
22 29
60 65
7 9
45 69
66 72
58 70
11 21
27 31
7 24
3 18
78 87
58 65
70 75
5 14
80 98
95 98
15 35
74 84
75 82
61 64
89 93
38 63
41 44
53 58
5 9
31 72
88 99
84 90
59 67
85 100
3 12
94 100
31 38
20 23
1 7
22 31
62 70
14 22
4 8
27 39
2 13
33 47
15 30
39 45
52 60
47 55
89 100
53 58
62 71
36 39
7 16
11 20
85 92
35 48
66 68
18 34
3 16
24 34
78 86
17 23
1 7
16 21
49 56
85 99
27 36
24 28
71 94
75 91
67 73
46 62
52 58
55 60
51 62
54 73
43 56
6 15
52 59
45 50
7 55
13 23
73 88
48 54
9 26
74 80
48 53
57 63
31 43
41 59
23 27
18 36
77 86
76 80
20 29
48 75
1 13
1 3
18 23
9 20
35 39
5 36
48 58
72 79
75 82
19 57
74 81
26 31
30 34
17 32
50 80
83 90
43 51
48 56
43 56
2 11
46 57
13 39
66 88
29 32
30 34
72 79
85 97
30 41
7 17
4 30
31 39
65 78
57 61
40 48
4 19
10 17
15 19
44 54
13 19
85 99
66 74
13 52
62 71
63 73
42 57
9 18
39 44
50 58
27 33
51 64
50 82
15 32
39 43
29 37
14 19
92 98
65 68
15 27
10 50
65 80
43 49
47 69
85 98
2 9
11 16
78 86
48 61
38 81
14 30
32 48
32 34
71 81
68 81
13 21
94 98
14 19
45 50
29 49
38 42
28 36
18 26
25 38
80 85
61 77
46 57
75 82
64 68
40 48
20 26
17 19
39 50
36 46
28 41
36 43
70 81
43 60
32 34
35 38
21 35
31 43
57 61
74 87
5 12
3 10
83 97
38 46
58 71
80 94
59 67
83 92
49 66
8 14
2 21
32 38
67 80
2 10
28 32
85 87
31 40
67 83
54 61
8 24
60 72
8 19
24 36
81 95
33 41
63 84
41 49
29 35
39 50
58 60
72 78
31 37
38 45
88 94
54 68
12 33
68 90
15 20
16 33
31 44
8 56
2 8
53 65
4 15
78 92
36 46
4 21
3 22
24 43
73 87
71 99
35 51
24 54
65 79
87 94
61 72
58 64
2 4
3 5
54 60
47 62
74 78
78 93
7 11
54 71
2 4
82 87
42 63
25 30
88 94
28 44
82 88
19 36
25 34
47 51
7 21
65 76
8 29
53 61
77 81
36 56
63 66
40 51
10 34
61 65
71 76
48 58
20 39
7 15
65 72
18 26
10 41
58 66
60 80
71 98
93 95
29 36
51 64
98 100
25 28
50 54
48 63
85 94
82 87
72 82
27 36
72 84
75 79
96 100
17 30
62 87
9 18
87 96
71 80
39 49
16 18
14 21
25 44
10 32
64 71
85 99
54 64
33 44
1 7
62 69
59 66
44 46
20 42
69 80
39 47
83 88
57 64
12 26
73 83
75 86
40 53
92 96
31 36
16 23
46 61
19 28
21 39
16 23
58 69
71 78
66 72
42 50
28 38
20 41
7 17
6 13
29 39
22 28
29 38
21 27
52 58
50 59
55 63
71 82
6 9
59 71
76 82
53 60
29 37
50 58
22 27
52 63
20 34
37 40
62 69
20 27
20 28
28 38
70 74
37 60
46 55
20 23
41 44
37 48
83 95
40 53
5 19
15 25
58 67
2 14
24 31
53 69
30 41
13 25
45 60
33 35
79 82
86 92
90 98
62 65
6 22
36 53
70 82
92 99
50 63
29 36
70 80
27 37
89 98
81 95
70 75
40 42
52 57
52 69
67 78
24 30
12 22
27 42
66 79
1 6
90 94
86 95
72 78
86 92
66 81
75 89
64 73
30 36
59 81
27 45
48 55
9 17
49 57
18 35
16 29
55 80
13 17
5 20
29 53
77 81
72 87
46 55
25 36
19 39
86 97
71 89
69 83
27 39
62 85
26 47
57 61
53 55
5 29
73 78
64 70
10 16
16 24
63 71
90 97
95 97
66 72
65 72
18 23
37 44
77 81
10 21
22 35
41 51
77 89
53 61
59 86
2 17
49 60
93 100
43 55
90 97
52 64
25 37
92 95
41 56
12 36
14 28
9 18
36 39
31 34
35 46
70 74
76 91
32 60
71 83
66 89
51 64
54 61
36 60
34 48
14 26
91 100
17 31
17 26
76 86
14 30
39 55
38 76
39 46
29 63
57 61
39 57
78 87
46 53
50 60
2 14
45 57
93 97
67 87
63 70
37 41
2 9
2 9
73 87
68 77
26 37
67 69
71 75
10 19
68 78
80 87
35 54
54 65
39 49
65 68
86 99
43 65
53 58
71 87
76 81
75 80
87 88
12 85
71 83
57 63
85 96
14 23
72 77
52 61
11 17
67 70
21 40
50 56
58 65
56 75
80 86
83 89
90 96
12 38
67 79
92 98
19 44
83 97
33 48
51 58
24 54
29 33
37 43
33 39
62 63
44 51
30 34
26 39
51 60
44 46
67 81
35 49
54 56
80 83
34 70
95 100
5 13
29 33
36 37
70 76
44 50
7 11
52 66
69 79
24 34
29 35
41 57
46 58
4 12
65 74
11 42
88 92
51 64
5 15
35 45
12 22
28 38
40 76
52 63
76 83
20 26
17 50
39 48
39 53
18 34
80 87
70 76
59 68
60 65
85 93
51 66
6 11
84 88
15 32
50 57
43 76
51 57
62 91
7 17
42 54
8 13
82 93
54 59
11 29
87 92
5 22
59 67
9 22
30 78
1 8
51 59
32 55
51 58
73 89
70 82
40 63
59 76
35 42
23 42
62 76
49 61
3 16
41 64
6 16
72 88
36 41
53 79
1 15
83 89
51 57
53 69
12 16
63 94
32 38
86 97
27 36
3 40
22 33
85 95
19 26
2 30
76 90
37 40
50 56
81 99
46 52
18 41
56 68
74 90
59 63
54 70
13 21
12 26
57 60
30 47
73 97
86 92
34 41
57 65
28 32
14 20
20 30
51 73
24 44
62 69
31 45
80 82
7 24
52 60
65 84
6 14
60 73
80 89
14 30
49 53
4 8
40 59
50 60
72 78
8 37
43 54
67 84
87 98
43 46
59 71
1 10
57 62
22 28
73 80
26 34
24 32
32 39
14 30
42 81
31 35
44 59
91 98
42 50
10 15
66 71
29 37
27 32
52 60
10 19
12 28
34 38
36 53
30 40
3 16
59 84
77 96
10 19
90 92
40 63
60 64
62 68
28 34
33 44
90 94
65 81
48 53
79 82
95 99
33 43
10 27
54 69
42 46
31 47
32 37
43 50
38 44
14 18
9 33
42 47
2 27
4 35
17 33
45 57
93 100
11 15
45 48
57 66
55 68
36 40
89 96
77 85
65 83
61 66
14 22
4 49
84 93
45 62
52 57
81 85
15 21
18 26
28 50
8 33
9 23
13 25
24 33
9 11
8 31
81 90
96 99
82 92
58 67
61 64
65 71
35 42
72 97
10 17
62 67
69 81
37 60
16 18
11 24
2 22
35 47
82 89
40 56
82 91
92 94
25 28
33 42
94 99
43 48
81 88
81 90
59 64
26 41
45 49
31 40
13 24
30 34
56 74
1 12
70 75
42 53
17 21
19 22
17 18
11 19
6 22
31 45
8 17
63 80
77 87
89 92
77 83
87 95
80 90
50 61
11 31
52 60
4 12
37 44
15 47
18 69
66 91
63 75
28 33
35 49
34 42
23 24
44 53
54 68
31 43
20 31
29 45
3 10
59 74
3 9
31 44
65 71
32 46
81 87
27 37
78 83
49 50
75 79
4 8
15 30
29 48
67 79
23 30
19 22
86 88
60 68
63 77
38 49
66 79
82 89
60 87
27 35
8 20
74 83
14 22
13 17
25 43
40 62
3 17
47 51
39 48
24 34
92 98
50 68
34 40
53 58
70 87
66 73
68 73
81 97
30 44
13 29
31 34
70 79
53 59
59 61
55 78
64 73
77 87
96 100
34 46
13 18
50 69
41 55
73 76
34 42
87 97
25 42
77 80
20 25
2 9
71 84
27 32
26 39
71 83
96 99
48 68
33 43
12 26
3 11
20 25
53 72
58 62
68 80
71 87
68 77
49 77
2 8
26 83
55 67
62 69
45 62
38 42
14 16
16 35
25 49
47 54
67 71
63 66
33 41
23 30
30 36
61 76
13 25
65 69
66 78
93 98
86 94
69 71
69 80
9 12
81 90
69 74
31 48
50 55
62 67
23 29
29 38
61 77
60 77
86 99
83 90
32 40
9 21
52 67
88 91
18 26
65 83
19 24
41 77
84 90
5 25
39 43
28 29
19 25
40 48
27 40
20 23
84 90
47 60
17 27
36 53
46 52
87 99
87 94
61 65
10 17
11 21
54 70
50 53
8 18
20 22
67 87
7 30
66 84
35 45
22 38
73 78
35 44
48 56
37 40
25 49
60 73
38 53
47 59
35 50
79 92
19 47
48 51
57 73
96 100
52 63
42 48
26 34
74 82
26 32
57 68
3 21
88 93
48 67
89 98
51 60
83 98
4 10
33 37
51 56
79 85
32 61
55 59
76 99
77 89
33 45
14 67
30 47
1 15
56 61
60 73
27 32
78 86
17 28
61 78
15 35
11 24
68 72
76 80
36 47
2 17
77 85
55 71
60 82
10 14
53 62
73 80
45 73
68 75
53 65
76 85
55 79
65 83
87 94
20 27
32 43
53 66
59 65
71 92
61 82
54 60
30 39
42 48
59 78
16 26
72 89
8 12
70 81
70 71
9 13
46 53
65 74
27 60
13 19
12 23
33 37
1 19
30 38
58 73
55 66
14 19
10 20
16 20
45 61
35 40
68 83
18 29
58 63
12 36
18 25
3 9
12 19
24 37
36 40
70 80
89 94
38 45
3 39
57 60
17 26
76 80
91 95
45 52
71 77
63 97
23 24
50 53
80 86
54 65
7 35
6 32
70 77
27 32
74 80
37 64
51 55
60 93
8 17
40 44
70 74
61 81
30 43
86 94
30 36
54 58
50 60
10 19
16 20
69 85
38 49
64 83
91 92
13 18
83 87
49 55
88 94
30 43
68 79
60 65
14 17
64 88
64 93
41 61
62 79
17 22
45 71
87 93
10 20
39 48
62 74
77 79
27 71
76 99
65 75
24 38
53 86
21 37
90 99
67 82
75 84
26 42
77 80
13 22
46 55
50 56
83 89
29 37
8 21
53 65
33 45
18 30
47 61
55 68
93 99
18 33
44 77
66 74
84 88
51 58
15 22
47 55
79 91
55 72
14 20
5 27
24 40
30 39
75 85
45 55
10 13
73 83
4 17
68 76
19 26
87 97
45 47
76 81
19 27
27 31
52 62
14 26
30 53
61 78
9 17
19 35
46 52
14 38
29 36
86 90
22 33
15 20
39 48
21 30
22 36
36 42
9 27
23 37
65 67
46 55
25 38
11 19
21 31
19 28
64 85
79 81
77 82
50 67
42 48
22 38
34 38
16 23
44 55
33 51
19 29
26 30
92 94
26 28
84 90
15 23
21 25
51 72
72 81
82 97
34 43
18 41
13 19
40 89
7 25
89 100
68 76
3 9
30 44
80 92
50 55
11 37
49 51
33 46
1 6
25 33
62 64
23 37
33 56
86 94
50 58
36 58
32 58
63 80
90 95
4 9
26 34
49 61
18 28
53 55
68 75
1 4
47 54
33 47
57 71
72 92
45 49
36 47
21 35
89 93
33 48
35 61
60 73
43 51
81 90
1 12
87 92
77 84
89 92
59 69
38 47
43 61
50 53
13 15
3 24
75 79
28 45
32 33
50 76
71 78
62 69
55 73
1 5
61 70
53 60
29 32
63 70
79 89
56 66
5 23
26 36
38 43
14 25
74 81
40 52
44 50
82 91
33 48
2 10
7 26
38 44
5 16
83 88
8 17
81 93
45 56
80 100
23 48
3 9
35 43
26 42
41 56
64 79
9 34
12 21
15 22
36 77
91 97
81 88
28 36
12 23
28 43
51 76
4 11
46 52
20 29
27 28
19 26
61 66
86 94
36 40
67 78
66 79
65 74
9 17
64 68
83 96
53 65
71 82
86 91
46 53
97 100
68 71
6 13
4 17
49 72
10 15
44 50
5 12
18 52
56 59
16 18
54 64
57 89
80 96
1 10
62 79
90 96
25 37
14 19
33 36
72 78
76 82
35 40
30 48
58 77
69 71
52 61
52 67
54 59
42 49
8 19
49 60
16 21
32 37
96 99
26 38
10 12
41 99
68 89
59 80
91 93
21 40
14 18
32 55
61 66
62 69
2 12
80 97
30 39
41 52
15 23
51 54
7 14
40 48
43 53
83 99
43 50
41 50
34 56
50 75
27 44
81 94
87 95
3 8
40 44
75 82
32 38
41 47
75 81
40 42
51 61
10 14
85 89
64 73
70 84
6 11
56 64
68 75
1 18
53 60
59 69
41 44
37 44
28 41
42 48
53 57
49 57
33 39
36 60
26 43
68 75
19 53
27 31
32 39
58 62
77 93
73 87
77 99
52 82
82 89
77 80
46 51
54 82
79 84
35 44
77 82
49 61
82 83
71 75
17 23
60 66
35 46
8 15
56 74
65 84
33 41
48 56
59 64
53 65
67 80
78 86
18 23
48 65
23 37
55 61
54 72
94 98
15 32
1 5
70 83
36 51
79 81
74 91
84 94
19 23
80 92
12 20
77 94
5 26
32 43
59 74
71 84
86 91
33 47
23 39
81 90
83 91
29 44
37 49
67 86
69 76
43 57
84 90
3 31
23 88
81 87
73 78
59 64
49 63
78 93
48 52
9 34
39 48
62 69
23 42
5 15
1 11
64 69
18 31
13 15
20 31
49 60
69 75
5 15
11 15
26 34
56 72
21 33
46 56
9 20
35 41
32 39
18 29
17 30
58 64
82 87
57 68
31 36
77 94
78 97
17 27
32 43
33 36
9 36
56 64
68 80
77 83
75 85
35 38
14 23
49 54
78 80
86 98
38 45
6 21
63 78
1 11
67 69
28 35
15 25
63 67
61 64
75 81
46 54
66 70
79 89
44 52
87 89
51 52
21 32
48 57
70 80
45 57
68 78
5 12
95 98
57 88
27 35
88 94
64 69
67 89
3 17
17 28
49 60
61 71
86 94
53 56
7 14
90 95
12 36
82 95
44 46
39 49
81 96
2 7
38 53
47 59
41 53
5 13
41 44
16 31
15 29
57 82
58 67
94 98
47 50
57 66
1 7
42 54
84 94
64 80
39 50
2 10
11 24
36 49
11 17
61 63
63 76
52 70
67 84
59 71
76 93
11 21
56 58
42 53
9 24
65 71
71 92
68 77
60 78
2 6
66 80
41 48
73 88
77 100
35 46
65 73
26 31
45 54
6 7
87 92
90 99
82 87
33 49
73 84
83 96
20 32
55 64
26 42
14 24
14 32
62 84
10 20
63 67
13 31
55 59
20 25
54 60
73 76
40 45
29 41
70 81
56 64
6 14
61 69
81 89
24 40
75 81
38 40
58 79
38 64
46 54
11 25
68 87
67 72
52 75
83 90
65 72
4 10
8 19
53 81
20 25
87 99
25 42
36 44
17 45
14 22
12 21
92 98
13 17
58 89
91 95
55 61
57 82
45 48
22 31
3 39
3 8
8 28
41 47
37 39
3 8
29 43
74 99
4 9
26 50
63 78
18 31
67 73
34 42
7 26
3 12
56 69
12 17
56 63
72 82
44 69
18 33
73 76
10 16
28 34
27 31
21 23
22 36
61 72
96 100
60 68
59 67
6 21
83 91
80 87
32 47
60 68
32 51
79 94
44 56
53 64
62 70
38 52
20 27
91 95
2 13
14 20
58 68
70 73
47 50
34 47
34 38
42 53
36 40
84 92
72 76
66 79
6 18
83 90
69 74
81 88
11 16
77 83
4 19
40 48
9 29
30 39
92 95
52 56
79 88
41 54
58 63
36 45
46 53
60 78
31 44
37 44
71 81
36 45
19 25
29 34
84 96
29 64
19 27
46 68
84 90
8 13
15 38
66 68
61 71
72 75
10 21
58 73
50 62
71 75
82 91
2 18
30 36
34 48
53 68
26 57
22 30
35 42
43 56
61 64
51 58
32 38
76 87
51 63
48 56
67 81
20 22
62 68
65 77
88 91
74 91
15 20
33 59
75 84
38 42
53 68
47 51
51 61
57 61
72 75
76 91
11 18
9 16
70 92
42 52
58 73
14 20
3 6
87 95
79 86
76 93
9 18
46 56
5 11
75 86
20 32
17 22
31 34
25 34
62 69
43 56
74 76
64 89
55 61
3 14
60 76
46 48
19 27
72 96
33 37
94 96
49 57
51 56
37 46
36 50
23 36
2 5
38 48
21 38
82 89
42 57
82 89
34 41
3 11
50 64
27 41
48 75
47 58
57 61
37 51
13 84
29 33
11 22
3 9
65 82
76 80
69 82
61 66
30 48
57 67
15 66
2 25
7 19
62 71
44 52
41 67
81 99
21 36
58 70
6 14
31 40
46 65
23 42
57 67
54 58
27 31
84 96
41 45
65 79
18 32
10 18
38 46
35 46
60 66
64 86
55 60
43 51
48 70
7 26
61 64
53 69
79 82
29 42
31 55
14 29
19 49
36 45
56 60
20 25
19 33
67 69
58 68
26 43
64 68
51 59
15 23
40 50
9 20
16 23
39 44
77 80
30 33
32 52
85 90
37 45
69 84
77 82
13 25
61 66
19 24
40 57
79 89
64 81
86 91
44 60
7 12
10 21
16 22
85 92
73 76
79 90
15 21
54 59
24 43
18 28
54 94
51 58
68 71
73 86
16 21
91 100
78 85
38 55
40 51
32 58
39 57
69 79
27 38
4 14
11 14
75 80
59 73
59 65
58 65
29 34
72 82
12 18
47 63
67 73
69 85
92 96
79 94
24 26
83 89
56 88
73 86
33 40
83 85
69 75
34 47
76 83
73 84
73 76
41 49
44 57
47 50
45 53
75 87
23 26
27 31
54 63
42 57
84 94
36 53
13 67
46 50
61 78
83 89
84 91
54 63
37 39
37 44
89 93
39 44
81 94
57 70
7 11
30 36
76 87
54 63
8 24
63 73
91 96
30 45
44 49
21 32
20 28
60 72
44 67
50 72
20 29
33 39
27 35
1 13
13 24
55 68
81 91
70 79
45 58
84 91
41 47
75 89
45 59
84 91
80 90
19 60
55 61
90 94
35 56
4 23
2 18
36 41
2 11
73 87
76 93
40 45
9 14
51 63
70 79
17 69
52 70
88 92
51 64
13 27
83 100
68 89
10 16
70 81
10 16
19 29
10 16
2 10
39 51
70 83
90 94
21 24
9 27
39 51
51 53
62 66
20 22
15 19
22 32
41 48
17 25
16 48
11 21
64 94
44 69
23 36
24 30
13 24
3 10
52 59
61 71
54 61
70 96
78 81
22 24
53 58
23 34
11 22
67 79
69 98
44 56
37 46
84 90
10 61
28 31
75 87
62 76
23 36
56 63
16 25
77 93
34 39
2 8
47 51
26 29
60 70
26 34
83 88
16 22
14 17
23 27
7 10
16 26
30 41
67 84
18 25
46 49
34 48
41 47
4 12
63 74
7 31
45 50
52 67
49 75
68 85
26 33
60 70
85 87
6 12
39 42
20 25
46 56
52 67
48 63
70 87
36 50
53 58
67 72
55 70
25 39
83 98
91 94
68 75
58 63
36 58
87 96
18 20
8 28
64 70
66 75
72 94
88 93
51 79
78 85
31 44
89 99
6 14
90 92
18 23
43 62
66 71
45 51
81 93
30 56
30 51
53 58
5 9
5 11
78 86
7 8
30 37
2 12
72 80
19 32
40 46
49 54
77 84
36 42
13 18
14 18
45 50
28 32
58 69
5 7
35 45
73 87
58 77
29 46
3 8
38 50
58 66
76 85
9 11
41 72
22 46
13 19
52 55
83 89
37 48
18 28
49 54
26 42
5 9
53 70
9 19
13 21
36 49
1 9
11 17
17 27
53 62
84 89
83 91
65 75
51 76
35 42
49 56
29 43
5 14
64 79
78 82
11 20
61 63
88 91
15 19
85 91
37 44
23 31
13 19
93 98
14 27
43 52
44 61
38 41
86 97
51 55
20 35
8 14
13 19
16 35
32 39
2 8
55 73
67 78
6 12
2 21
55 84
29 33
9 20
5 14
31 37
63 80
18 39
26 38
38 54
29 44
77 89
45 48
24 38
65 90
11 15
25 30
40 50
35 40
78 84
13 21
1 21
24 32
55 67
46 51
59 83
76 99
25 29
42 47
50 75
49 58
63 67
52 62
57 95
54 69
78 85
62 69
30 43
67 73
26 53
23 29
79 92
58 66
25 39
36 45
91 94
23 33
62 78
33 49
3 25
64 76
72 75
6 21
83 89
56 75
23 39
3 12
62 65
25 34
71 86
45 61
78 85
50 72
16 35
37 50
54 57
83 89
64 71
75 83
35 46
1 6
15 25
92 99
62 87
17 38
59 79
9 16
69 74
74 83
74 85
15 28
28 54
78 86
62 69
73 78
54 63
50 64
71 99
15 21
65 71
24 44
81 95
44 54
30 38
81 89
35 49
71 78
17 21
15 24
16 30
70 86
56 72
54 64
92 100
56 73
3 11
45 50
46 55
41 53
54 62
71 80
24 33
67 70
23 52
57 80
11 16
89 99
34 40
27 45
39 54
87 94
2 11
35 47
83 90
4 22
19 29
18 19
9 15
59 65
71 82
9 31
26 33
57 64
53 59
14 23
26 42
10 17
7 24
4 11
70 75
38 58
61 76
11 21
77 84
6 42
21 29
49 63
13 24
29 48
19 30
41 45
90 98
74 93
16 19
6 40
60 78
63 67
84 88
86 88
3 13
46 72
71 78
22 44
46 48
61 85
53 56
94 99
5 12
75 80
34 50
39 44
23 46
83 100
38 52
26 34
2 12
8 21
41 44
1 4
32 39
44 48
86 91
56 61
78 98
11 21
69 79
8 13
60 68
9 45
46 61
36 49
31 37
66 81
26 36
29 35
20 26
32 40
45 56
8 10
57 66
73 77
94 100
13 24
30 49
57 88
85 97
62 68
59 63
57 67
44 52
26 30
83 89
17 21
16 25
8 33
35 44
77 87
96 98
58 61
24 35
20 29
54 69
26 32
20 35
56 62
58 77
27 35
39 50
37 42
60 82
44 50
26 32
65 78
78 95
19 38
69 74
62 77
78 91
39 43
41 43
9 20
93 100
89 96
16 23
21 27
33 40
1 18
4 17
23 27
49 58
72 76
31 39
52 67
3 17
73 83
45 51
89 99
10 19
35 40
24 30
46 48
45 75
34 56
11 15
44 51
7 17
58 66
76 87
42 82
29 36
63 66
80 89
63 78
23 29
84 98
31 46
68 86
88 99
26 42
64 72
19 34
3 7
28 35
95 99
73 86
78 90
74 91
19 25
53 58
65 77
13 27
2 7
76 91
45 64
15 18
84 87
28 40
25 29
68 77
19 34
11 22
52 67
43 53
59 71
34 44
49 57
9 14
8 14
56 74
71 84
37 40
63 83
88 93
17 99
44 54
26 31
67 72
8 20
17 21
52 62
26 36
24 48
33 41
75 78
1 6
63 76
34 41
1 6
68 76
55 59
48 66
45 54
74 96
62 78
44 52
23 36
70 75
56 61
49 52
71 86
40 78
30 50
57 66
48 56
76 91
81 89
82 85
63 69
55 67
90 95
61 72
70 76
54 64
69 75
84 91
3 22
19 26
29 35
53 56
68 69
74 88
89 98
86 93
63 83
81 85
5 8
86 91
19 30
60 72
74 75
20 30
60 71
84 89
19 29
28 34
58 63
56 65
83 84
62 65
78 84
17 30
52 54
1 22
85 98
80 87
12 16
29 56
92 97
15 17
70 79
46 65
48 50
33 60
41 54
76 92
2 13
73 79
44 58
69 74
47 55
77 84
1 12
2 10
58 60
69 92
78 90
62 79
37 42
65 74
88 99
60 76
91 95
12 46
66 71
62 71
19 23
14 19
21 29
27 45
71 86
43 46
80 95
36 40
18 25
21 29
15 26
42 46
70 72
11 15
51 66
45 47
51 61
5 17
51 52
62 69
89 99
40 59
39 57
71 79
26 29
72 91
66 74
67 74
47 60
49 58
23 30
14 21
79 95
63 72
38 53
23 38
55 61
29 38
16 26
16 19
2 6
35 42
65 77
54 78
48 51
67 80
51 59
8 20
19 37
79 87
10 27
29 41
52 57
49 58
93 96
28 37
47 50
47 53
45 51
70 82
43 51
38 54
66 71
47 57
65 67
45 57
19 30
15 22
9 16
66 69
6 9
43 51
46 64
27 35
6 25
40 46
11 17
48 54
63 78
55 66
4 20
18 27
67 69
16 34
47 58
68 71
41 47
86 94
53 64
39 54
47 56
62 75
58 64
77 83
52 64
7 43
50 53
3 5
65 83
40 47
54 61
74 82
81 93
51 65
77 81
36 39
86 91
52 64
54 62
65 66
39 48
56 68
33 50
24 53
91 98
53 55
26 33
27 32
6 28
22 33
22 27
78 86
65 67
3 11
22 29
67 93
77 97
3 35
65 72
26 39
49 64
58 69
10 23
72 99
11 27
38 45
85 93
61 81
2 10
11 20
6 21
21 28
84 91
22 35
6 16
53 71
58 63
97 100
71 76
46 48
14 25
59 64
49 56
76 80
28 36
58 69
9 13
2 5
29 32
62 81
50 52
36 54
11 50
88 93
13 32
89 100
37 85
50 57
23 37
24 31
36 48
91 93
65 73
3 7
16 29
42 49
19 30
54 58
13 15
76 96
32 51
42 69
52 59
10 14
36 47
59 62
23 32
31 54
30 39
33 41
29 32
58 79
62 68
55 78
38 45
5 24
40 43
42 70
84 93
52 59
40 50
26 42
9 20
5 14
83 93
14 19
50 59
58 77
47 57
77 86
26 53
79 88
85 89
36 51
58 86
89 100
22 30
96 100
44 49
74 76
85 90
43 55
74 80
27 35
59 62
1 10
38 53
20 23
31 72
35 42
81 87
17 27
62 73
72 87
23 33
7 14
89 96
22 39
26 47
59 68
8 21
52 56
5 8
19 32
41 49
38 49
53 87
57 74
67 73
80 83
25 35
44 48
52 56
39 44
84 91
84 99
67 74
65 70
28 40
21 45
71 77
4 12
56 65
67 74
85 93
91 94
73 79
7 19
13 29
45 54
14 28
46 51
33 56
49 80
6 10
24 29
73 76
51 59
40 47
50 53
53 64
19 24
68 72
34 42
19 25
18 22
37 54
24 37
52 68
22 25
95 99
24 65
68 81
81 88
38 44
32 49
15 24
90 92
53 87
45 60
64 67
54 68
52 61
90 98
89 100
35 60
23 37
52 58
83 99
53 70
63 71
65 69
45 74
90 98
74 78
75 82
2 14
33 37
53 64
59 66
26 31
68 75
1 6
56 89
88 93
34 50
69 78
7 12
81 95
68 82
70 91
21 37
84 91
67 75
46 51
73 84
23 26
39 46
40 68
17 53
81 88
70 75
72 83
34 46
60 72
23 26
46 59
62 67
88 91
88 94
62 68
28 40
56 67
89 97
39 53
59 67
11 30
64 68
85 96
54 67
36 45
22 33
41 47
58 73
71 81
65 79
39 45
18 20
60 74
25 36
20 31
77 85
69 73
46 53
19 30
41 54
42 47
91 100
3 6
87 95
89 100
6 9
67 90
92 99
64 70
15 25
2 5
22 33
46 57
93 94
81 87
65 71
4 11
72 82
3 14
4 15
44 51
86 94
7 12
92 95
73 89
80 88
79 91
87 91
29 33
20 23
75 77
49 81
66 72
49 59
15 19
5 22
53 60
31 37
96 98
63 72
21 42
48 67
65 70
41 48
2 5
37 44
46 62
3 8
58 77
28 33
15 37
10 25
12 25
61 66
40 48
47 57
24 32
53 57
62 78
70 86
29 37
55 90
63 85
4 11
2 20
53 59
35 52
5 8
9 18
20 30
46 59
57 75
56 76
44 48
45 51
40 48
12 28
6 36
32 39
85 98
90 95
43 71
13 16
32 41
2 12
39 48
91 99
5 22
39 44
84 89
87 100
24 33
26 38
35 45
50 62
57 81
64 88
70 76
39 46
5 13
74 84
72 98
20 31
26 41
58 60
94 99
69 71
50 58
25 32
85 92
55 65
74 82
55 65
43 54
36 38
8 10
9 32
77 98
45 49
21 25
46 67
69 72
55 60
36 50
63 84
77 81
56 65
67 95
31 40
81 88
86 98
2 27
16 26
64 69
12 36
17 22
40 43
39 51
87 89
35 38
44 48
19 32
73 76
35 42
24 41
75 82
71 82
48 58
46 53
9 14
70 92
91 99
82 91
85 91
33 42
58 82
51 64
73 84
45 74
29 36
63 67
74 86
56 59
61 64
35 57
57 73
85 89
84 96
42 63
4 15
22 28
18 23
88 98
4 15
61 66
54 71
33 45
18 24
93 94
60 72
12 27
79 94
25 30
33 55
49 66
6 35
77 85
4 25
21 36
55 58
29 36
29 33
17 47
79 83
14 27
74 81
60 76
49 68
84 89
69 81
58 61
36 68
4 24
85 96
52 71
85 99
30 45
49 59
74 82
47 58
57 78
38 44
40 48
23 37
10 23
41 48
85 97
23 61
80 87
9 23
16 28
18 24
84 96
53 67
56 59
48 58
20 21
7 9
80 89
37 41
52 62
3 8
29 42
86 100
60 67
71 87
80 91
10 17
41 48
71 88
76 79
81 83
79 91
46 55
75 89
28 33
35 36
2 10
40 43
58 68
43 56
43 70
49 66
47 60
94 98
69 80
58 64
36 57
33 45
85 95
73 83
37 64
74 79
5 13
89 93
22 28
20 37
53 67
84 90
40 44
51 54
32 39
58 65
91 96
5 11
13 22
14 23
9 32
90 100
41 42
4 24
21 30
6 17
63 74
5 20
46 53
19 27
20 28
20 32
60 69
36 46
11 27
93 100
65 71
76 99
49 51
13 14
77 87
68 72
41 50
84 88
80 88
21 25
19 26
69 76
44 59
66 86
43 58
31 39
25 37
16 23
56 61
9 28
44 55
49 67
51 59
78 81
69 86
42 53
77 89
87 92
92 99
37 44
59 80
57 61
64 73
91 93
51 57
9 17
94 99
32 43
76 79
86 97
18 32
19 33
7 14
16 30
29 32
56 61
42 44
80 86
15 20
77 82
39 44
22 24
23 32
34 60
40 44
38 49
53 73
57 66
68 76
13 22
44 57
77 82
52 54
73 79
1 11
85 89
1 2
31 50
61 74
46 51
37 41
71 99
15 30
9 25
15 40
44 59
48 63
20 34
88 93
74 86
53 61
23 34
90 96
30 34
21 39
12 41
67 74
34 46
6 13
94 100
75 80
64 79
86 90
51 54
43 56
53 69
23 31
66 81
93 97
20 30
19 29
35 44
75 79
6 20
90 93
39 46
1 47
7 16
17 23
5 16
33 41
63 68
1 10
39 44
51 58
29 35
31 38
3 9
80 88
15 29
73 83
20 31
21 31
40 46
82 90
82 91
68 78
75 79
73 80
27 32
19 26
36 48
16 25
64 88
15 24
2 8
9 14
5 17
43 59
48 58
17 46
73 78
20 40
46 49
32 42
17 23
89 97
46 52
10 24
16 28
1 28
54 61
52 84
31 50
41 49
86 90
56 78
84 88
79 92
3 6
3 11
7 11
24 43
21 27
75 99
72 90
62 77
92 94
51 61
23 28
38 44
80 83
44 67
24 33
61 65
65 70
63 71
10 11
13 31
7 11
74 95
26 37
21 26
17 24
48 54
5 25
79 89
60 69
2 7
40 46
59 68
14 29
63 71
25 46
48 54
37 44
2 27
94 99
16 34
61 67
28 38
35 37
82 98
27 32
69 79
31 35
76 85
16 25
46 60
1 63
55 60
95 98
52 61
42 50
63 72
64 73
12 55
11 14
6 34
43 54
45 60
78 87
85 98
77 93
68 84
27 35
7 17
59 74
92 94
76 86
88 94
90 98
60 68
40 44
59 71
13 25
7 20
8 17
39 45
20 48
58 64
57 64
82 93
80 86
13 36
43 47
70 82
50 60
37 39
62 78
52 55
21 29
55 59
87 92
49 72
72 74
76 92
16 21
6 7
47 58
72 80
81 86
19 22
27 38
51 64
52 58
32 42
53 64
2 8
51 61
21 27
31 46
55 57
67 70
59 63
17 24
62 69
18 44
48 52
10 23
29 32
92 98
41 56
34 65
28 36
58 63
65 77
63 77
89 100
27 33
80 88
79 89
53 57
47 62
40 50
55 70
43 56
16 26
32 56
87 91
51 64
58 69
87 99
84 98
26 32
5 12
16 24
2 12
44 52
81 94
55 67
28 34
2 9
30 38
16 22
2 13
27 29
63 73
44 59
70 73
49 59
58 72
15 33
56 71
63 78
26 36
73 90
67 89
78 89
79 92
28 41
70 78
54 57
80 87
84 94
35 48
73 89
10 15
70 76
76 79
2 13
20 26
78 86
88 97
28 45
11 40
55 66
83 87
68 74
93 100
27 45
30 98
61 74
40 46
22 45
89 100
20 28
30 35
82 94
70 77
19 33
57 63
4 33
15 22
69 78
68 74
4 9
65 77
16 23
70 83
84 92
70 74
73 83
39 45
86 97
15 25
30 41
38 52
70 91
14 18
4 28
33 39
69 100
44 65
91 94
29 32
10 21
53 59
42 56
62 80
46 61
68 85
81 90
13 23
68 85
74 84
8 22
63 87
30 36
63 70
75 81
65 70
19 20
12 28
44 52
2 10
78 83
29 41
51 94
92 98
68 77
88 98
4 11
37 47
52 58
83 99
24 40
31 46
51 58
58 78
34 41
81 86
63 81
78 93
40 65
68 86
15 26
9 19
52 66
62 70
53 55
9 14
60 67
84 99
37 40
2 10
60 69
31 34
61 84
33 46
65 74
25 36
78 82
4 16
56 58
56 62
68 72
80 91
77 87
70 74
6 12
9 31
21 28
63 86
61 85
6 32
75 85
76 87
35 41
66 88
70 88
20 44
29 47
36 40
20 24
46 59
43 55
82 84
70 74
62 77
34 41
49 51
86 96
69 73
1 14
9 31
30 35
18 29
47 73
43 58
46 52
60 67
64 70
29 32
36 45
90 95
51 61
21 28
92 99
19 26
81 94
30 42
61 92
76 84
73 89
9 46
28 50
32 42
78 82
73 79
16 31
80 81
64 68
8 19
65 90
19 31
57 68
9 19
24 37
48 82
3 14
80 95
8 40
93 99
80 96
21 53
38 82
40 49
55 62
61 67
40 63
20 48
89 98
46 61
83 91
24 44
69 74
73 93
64 68
65 69
41 47
44 68
81 87
18 24
21 34
80 85
39 49
69 82
92 98
41 51
47 59
18 22
26 33
24 34
82 96
8 14
43 60
71 81
48 58
16 33
68 92
15 31
3 11
82 88
37 48
24 34
43 51
17 30
84 100
4 18
80 95
22 29
10 17
51 69
9 22
86 99
50 57
83 99
65 73
62 90
1 14
71 77
66 71
23 27
70 76
37 46
76 84
77 84
71 89
36 49
16 35
3 6
12 22
21 25
29 48
41 54
23 32
65 69
47 54
74 92
72 78
30 54
75 84
33 64
26 32
3 12
81 91
44 51
88 92
49 66
71 80
39 52
82 86
25 30
51 64
34 51
74 87
76 90
38 55
72 83
23 35
65 76
92 95
80 89
10 23
18 47
53 64
56 91
4 17
68 72
36 48
35 56
57 74
59 67
5 8
14 29
50 52
28 36
87 94
6 17
62 73
34 35
48 54
75 82
91 94
41 53
84 90
4 29
59 72
1 12
57 61
37 45
8 22
53 57
8 11
42 46
51 68
12 22
45 58
2 7
47 57
9 46
91 94
28 29
53 57
39 49
73 78
51 67
6 45
41 48
86 93
87 92
56 65
54 64
28 41
78 93
59 76
6 14
79 89
32 40
36 39
39 46
92 99
60 61
90 99
29 36
68 75
57 76
38 44
43 52
91 99
4 9
18 22
69 80
2 22
9 21
75 76
72 86
44 52
68 73
67 70
6 9
36 47
76 80
36 44
74 84
61 73
67 76
24 32
50 56
49 54
43 48
22 31
86 89
7 14
21 26
27 35
18 25
31 40
69 87
84 95
34 41
66 74
52 72
41 51
84 95
53 70
43 54
59 71
30 32
85 96
53 82
41 47
56 74
31 37
44 55
63 78
28 49
24 35
18 39
63 68
34 48
10 23
37 45
21 32
80 99
85 91
79 90
9 27
18 36
34 41
73 93
29 39
15 22
41 55
67 74
25 34
19 29
7 13
71 91
57 67
74 89
83 88
45 55
45 49
16 29
86 91
30 35
64 80
15 22
18 32
22 34
15 21
35 42
51 62
9 15
41 44
86 98
57 72
12 27
54 57
38 47
73 80
70 78
67 73
2 13
79 87
34 48
84 89
1 12
8 17
7 12
25 45
55 65
65 70
26 32
41 52
35 40
19 35
63 74
28 40
4 11
84 91
29 31
1 5
5 13
52 74
62 73
20 26
73 80
38 43
31 58
6 21
97 100
85 94
5 6
43 45
90 93
10 24
65 86
22 27
79 94
69 83
78 93
59 80
22 28
33 39
77 85
80 88
69 81
33 34
33 55
18 25
22 28
11 26
46 50
80 85
79 82
33 47
72 92
82 93
25 32
31 44
66 74
2 13
57 66
85 91
58 64
75 80
22 25
18 34
49 62
17 29
47 59
66 76
53 61
54 58
39 52
40 51
59 72
23 37
28 64
29 43
55 76
30 39
4 17
52 61
74 87
26 38
57 63
6 20
24 26
76 86
86 96
48 54
84 87
41 67
85 95
14 21
78 86
51 66
63 73
35 41
38 45
48 51
34 49
34 43
63 75
18 23
18 31
9 13
36 45
10 28
27 34
68 72
55 68
5 22
28 40
41 46
82 89
72 83
25 35
5 14
25 38
37 49
57 77
3 14
39 58
58 72
68 87
71 75
9 15
19 24
5 12
76 85
60 73
86 91
64 70
59 71
90 97
14 19
83 96
76 83
37 45
87 89
88 92
37 43
69 92
62 74
49 61
42 48
40 45
8 17
83 87
58 69
20 27
96 99
7 12
13 26
67 80
56 63
49 70
14 22
6 17
14 46
72 86
62 84
48 56
44 59
1 11
15 27
17 29
23 36
6 22
47 62
77 80
47 56
14 24
22 45
6 15
52 62
37 53
69 79
11 24
