100 20 20 4
00000000000000000000
00011001100000000011
00000000000000000000
00000000001000010000
11000000111000000000
00111110000000011111
00000000001110000000
00000000000000100011
00000000000010011000
11111111110000000000
00000000000000000011
00000100111111111000
00000000000000000011
00000100000000100000
11111000001000000000
00000110000000000000
11000000000011000111
00000000100100000000
00000000000000000000
0010001000010101000
0010001000010101000
0000000000000001010
0100000001001001010
0110010000101000000
0110010101001000000
0001000101001000000
0001000001001000000
0100010001001010000
0100010001010010000
0010010001000010000
0010010001000010000
0000100100100100100
0100100100100100100
0100000100100010000
0001100000010000010
0001000000010000110
0000000010010000000
0010010100100001000
0010010100100001000
4202
50 59
83 93
87 99
43 60
55 61
20 32
62 68
8 17
70 79
15 16
3 16
51 59
8 19
18 40
31 39
32 39
8 14
43 48
14 70
17 36
34 86
46 71
53 63
29 38
89 98
79 83
67 94
7 16
70 75
61 69
2 11
92 97
62 70
2 20
28 41
37 39
1 11
3 9
25 37
55 61
50 56
91 99
75 78
64 72
49 57
37 38
53 58
50 61
84 94
33 37
47 50
83 90
34 40
80 91
46 52
20 25
59 66
77 87
57 63
27 31
1 13
48 53
10 16
67 76
84 93
39 61
8 17
78 86
77 84
31 46
42 49
50 63
14 24
46 70
63 72
31 49
74 81
22 32
34 39
56 61
31 40
27 37
25 29
47 88
80 95
28 35
7 15
24 30
45 49
56 66
37 44
21 23
28 50
17 19
36 51
7 13
11 23
93 96
38 56
61 64
50 63
31 42
10 18
53 70
57 63
42 70
30 40
64 70
84 88
41 47
28 32
62 69
16 18
25 31
54 59
25 39
63 67
58 64
11 22
23 50
19 33
25 30
54 56
3 12
72 81
49 58
69 87
76 94
17 28
51 71
53 58
65 71
16 28
44 51
73 80
64 80
27 44
44 51
89 100
31 41
50 65
59 62
80 84
22 38
7 16
11 18
85 94
33 37
25 38
32 49
86 91
36 43
31 36
14 21
49 53
31 35
58 67
79 92
5 12
19 33
47 53
9 48
36 40
33 43
64 87
2 15
19 37
15 24
53 59
52 56
82 87
49 56
55 56
25 40
15 39
43 57
44 50
15 24
35 44
18 22
26 55
70 76
23 39
89 99
19 27
7 17
30 35
16 27
87 92
14 21
12 32
74 83
66 75
12 19
33 36
8 14
3 12
28 37
36 42
2 20
8 23
35 46
47 64
24 30
86 95
10 21
56 59
25 30
29 46
27 28
35 39
75 83
44 50
46 53
53 89
3 28
28 38
42 49
73 85
26 41
57 64
85 91
79 89
90 96
29 53
92 96
42 49
4 11
7 12
61 71
50 56
72 84
30 39
45 73
7 13
25 30
36 44
82 99
30 39
33 59
18 21
4 12
18 21
1 9
81 85
52 62
38 60
25 30
46 62
46 67
74 80
3 22
57 71
72 80
5 12
48 69
67 76
45 55
45 58
47 52
35 48
64 80
77 84
75 85
81 86
4 12
34 46
59 63
92 95
47 71
48 61
3 21
26 38
67 73
45 60
67 73
42 61
23 46
44 49
63 70
80 85
50 56
48 55
1 8
29 47
27 35
90 99
19 36
82 92
64 88
71 82
92 98
8 10
18 32
38 53
73 76
61 71
4 12
84 91
67 72
81 94
32 37
17 32
65 77
19 23
55 62
20 27
37 44
44 49
2 13
33 42
46 48
22 57
61 69
14 36
82 88
17 21
11 36
30 50
32 39
38 47
48 64
79 87
9 16
51 65
35 47
11 16
56 59
48 80
55 74
41 93
63 81
46 56
8 36
14 19
42 50
12 19
59 61
5 15
88 96
4 11
28 33
84 91
81 87
27 34
57 61
37 41
67 92
65 76
52 64
10 14
75 79
33 41
22 38
59 67
36 39
31 37
18 19
44 50
14 26
55 67
29 43
46 56
84 99
46 65
61 63
45 73
18 26
60 68
18 32
62 75
43 52
18 38
7 13
84 93
66 72
50 56
37 54
35 45
6 24
48 63
83 94
71 87
2 7
71 74
3 9
17 31
97 99
9 13
86 94
11 16
64 85
84 91
40 46
88 95
54 68
31 69
86 97
56 58
60 71
52 63
45 48
6 16
76 95
71 77
87 95
23 38
40 56
57 63
82 93
94 98
11 24
33 38
3 21
6 17
52 58
73 87
69 84
72 83
35 43
63 66
46 72
28 33
71 91
45 50
66 71
48 65
61 78
8 18
55 65
41 50
83 91
43 49
48 67
76 84
21 28
71 81
63 72
24 31
53 57
28 46
51 61
46 74
60 66
79 87
54 60
21 31
66 75
58 70
26 35
23 34
32 55
12 45
67 71
33 37
24 40
21 57
44 50
23 36
70 85
17 18
32 43
12 17
83 92
89 93
11 19
57 69
61 74
44 52
44 84
27 49
17 54
83 88
26 38
68 75
39 48
37 66
6 24
79 86
25 98
21 28
92 94
9 17
59 66
55 62
4 6
49 57
14 17
74 81
88 95
53 63
10 19
63 96
33 39
41 53
2 6
75 84
79 99
2 21
60 86
39 55
19 31
85 98
74 81
21 45
32 38
13 17
69 72
20 37
61 69
65 83
70 75
66 71
17 27
79 90
87 95
52 57
51 59
53 62
27 37
66 75
21 32
74 96
69 88
35 49
37 43
78 86
89 96
13 33
46 59
80 87
87 92
19 32
55 59
87 97
84 91
81 88
12 17
71 76
31 45
64 84
86 96
52 69
29 40
61 70
30 41
47 64
18 22
31 45
32 41
26 38
22 33
61 75
2 12
62 70
36 50
61 72
73 80
74 84
3 8
23 27
27 36
36 44
35 40
67 81
17 28
30 69
4 18
62 79
43 63
64 71
80 90
12 30
9 14
46 66
20 24
19 37
45 52
54 67
65 95
50 58
4 12
20 40
89 93
17 27
78 95
56 66
50 70
49 57
28 37
47 63
35 45
15 28
32 38
84 98
10 12
39 43
83 88
80 87
56 77
62 67
73 78
51 61
14 18
5 26
78 94
16 19
49 53
34 56
2 8
11 14
42 54
85 92
2 14
3 13
91 93
40 66
21 34
75 83
70 77
56 70
56 64
31 35
29 34
56 76
65 90
19 30
52 59
96 100
5 11
19 28
74 81
78 97
76 83
17 33
42 45
41 57
34 37
30 44
18 32
17 23
66 81
62 81
75 76
17 23
46 53
38 53
49 54
73 86
3 33
23 28
16 20
14 25
4 14
65 74
73 77
69 78
49 53
65 70
76 83
83 90
47 55
14 25
49 71
30 39
26 31
84 92
22 38
30 44
21 29
32 39
45 52
47 52
8 18
40 55
53 60
66 78
80 95
17 21
75 91
37 45
77 83
78 90
61 75
4 9
35 62
35 50
1 18
5 17
37 57
31 40
4 9
75 85
91 96
14 19
12 46
40 44
44 52
34 56
21 23
63 83
61 76
76 82
46 56
24 37
20 29
6 10
28 38
65 74
6 13
11 14
46 50
39 47
61 65
77 88
50 60
9 13
95 100
86 93
71 90
40 59
18 23
63 71
41 54
40 45
75 86
8 20
43 54
68 76
69 85
77 100
81 91
54 58
42 52
70 87
65 85
5 9
41 68
10 16
35 68
81 94
37 43
52 79
55 62
19 42
37 52
7 17
22 52
75 78
11 18
62 67
69 79
32 38
47 50
6 17
21 32
79 82
1 9
67 76
34 37
35 47
31 77
83 87
57 73
48 85
13 25
32 35
77 81
23 38
94 99
16 23
43 47
20 28
45 55
79 81
40 51
88 95
81 85
67 73
35 43
54 67
83 97
27 45
59 65
33 48
64 66
86 89
76 78
87 98
30 66
56 62
33 47
4 20
57 76
73 89
2 9
69 73
17 50
49 59
46 65
77 87
66 78
20 26
40 50
19 34
66 77
71 86
28 43
37 40
12 21
58 70
51 60
50 66
62 69
41 51
2 4
58 61
66 75
80 84
21 29
59 83
66 90
30 36
79 94
49 51
46 49
36 43
26 34
65 78
15 24
87 88
85 92
22 31
17 22
41 56
25 43
38 50
8 49
51 62
44 66
84 96
83 92
26 43
51 58
21 31
71 75
35 44
21 30
12 17
25 39
30 41
74 78
70 77
48 52
42 54
73 83
68 73
84 91
87 93
80 95
42 48
72 89
1 16
66 75
45 58
36 42
33 37
75 82
48 58
28 34
48 74
53 68
30 36
62 70
92 94
23 27
15 27
12 28
46 51
72 80
88 98
60 68
58 62
93 97
67 75
56 59
87 98
9 14
68 73
43 56
75 85
44 53
45 52
5 12
63 75
66 91
9 15
68 96
35 40
17 42
7 14
67 70
36 40
68 82
23 28
1 8
24 37
16 28
49 52
38 64
79 89
58 63
82 86
15 42
8 13
12 28
37 38
16 25
90 95
86 99
68 72
6 11
84 91
51 55
66 68
43 48
67 80
48 62
61 67
52 57
38 46
21 69
68 75
74 89
55 65
16 31
23 26
87 95
81 91
38 41
1 24
19 32
93 97
77 85
77 95
42 45
12 20
2 10
38 62
25 36
63 74
65 77
29 31
15 29
76 80
80 93
29 37
22 33
75 83
22 35
61 94
37 41
23 53
87 93
70 75
81 88
19 32
28 41
70 84
29 64
73 86
9 15
66 79
25 37
76 85
34 39
72 79
27 35
16 46
36 45
40 46
70 85
1 20
82 90
86 96
4 7
28 34
37 42
55 63
63 69
57 62
89 94
64 76
24 29
19 33
61 93
19 23
8 23
74 79
28 40
54 59
25 44
17 31
40 58
31 39
33 45
45 53
66 73
39 71
37 52
70 86
60 64
22 44
32 40
10 33
21 33
68 70
70 81
46 55
72 79
95 99
76 91
3 20
89 96
12 19
2 14
87 100
70 86
73 78
74 80
12 17
30 40
40 54
28 38
15 29
20 32
22 31
10 28
9 20
60 70
15 31
37 46
43 45
90 98
91 100
65 68
3 8
55 59
78 89
10 15
1 16
70 88
13 26
19 26
50 59
75 92
71 94
27 43
78 85
5 8
4 6
50 52
56 97
38 50
18 32
38 63
36 52
6 21
16 61
32 41
49 59
11 21
4 10
23 64
19 45
87 94
39 49
65 70
9 22
85 90
22 35
23 31
21 27
16 27
1 3
2 5
66 77
48 60
74 77
72 81
29 38
30 36
61 78
62 81
52 95
47 51
38 54
5 21
90 99
67 71
83 94
51 64
47 58
63 75
74 80
94 98
60 72
72 86
71 83
52 64
12 24
90 92
40 51
44 56
72 96
43 46
42 48
41 50
5 11
80 91
64 73
21 28
11 15
90 95
9 19
52 61
73 85
15 25
71 79
66 74
63 82
45 54
42 47
60 70
16 25
30 43
29 46
44 48
11 23
72 80
31 34
16 20
50 58
32 39
32 42
30 49
92 97
85 89
37 44
90 98
19 29
50 61
66 75
79 90
84 92
12 34
68 80
39 59
7 11
7 19
6 15
42 52
29 33
66 92
44 48
32 44
32 44
28 30
33 45
40 63
74 87
22 25
68 72
2 8
83 92
18 28
39 77
12 17
68 83
36 59
59 66
33 38
72 88
16 28
26 29
60 75
98 100
92 98
64 68
74 76
2 3
32 54
95 100
62 76
13 21
36 52
34 46
65 88
66 79
55 64
73 97
6 10
39 47
7 58
6 18
40 44
6 14
58 63
4 42
65 79
79 95
23 32
38 44
49 56
72 91
85 98
57 71
31 36
54 59
73 79
30 39
55 69
81 83
36 43
85 89
33 71
11 18
89 91
78 88
48 69
8 14
32 47
89 92
84 93
68 99
27 35
41 45
77 80
62 73
44 49
74 79
65 71
63 84
43 45
80 85
15 21
39 53
94 99
45 49
81 99
24 30
77 90
47 50
90 97
24 33
62 68
56 90
26 41
63 71
76 83
52 77
26 31
64 92
43 57
92 100
47 66
73 93
7 25
51 56
61 68
32 47
66 72
15 27
37 47
16 33
10 20
54 65
22 30
58 70
33 44
93 99
33 46
1 26
72 77
87 91
56 72
9 18
45 51
11 21
90 100
13 22
66 75
72 80
6 19
17 22
39 46
23 38
39 46
49 57
55 67
72 78
6 21
32 43
30 51
83 93
61 73
91 98
11 43
32 43
53 64
31 38
7 15
9 10
50 57
95 99
72 85
96 99
87 98
83 91
55 58
2 7
64 69
13 27
59 63
99 100
8 26
24 35
51 56
71 74
87 95
38 48
52 66
40 60
28 42
64 87
26 32
38 41
61 75
92 97
81 99
40 65
67 73
61 76
50 64
82 89
19 49
67 72
89 94
26 35
57 66
58 61
4 14
22 26
28 33
40 45
46 58
6 18
24 32
14 17
83 91
14 18
67 74
27 40
21 38
85 91
91 96
61 88
5 14
87 98
25 29
19 34
83 93
81 90
52 72
77 89
62 71
49 57
42 55
47 56
60 75
48 51
60 82
32 38
71 76
2 16
48 54
40 48
45 49
38 49
49 51
74 77
41 64
2 13
19 21
24 57
88 98
88 92
5 16
86 90
30 43
68 72
74 82
38 51
42 66
1 6
42 47
35 39
33 58
15 20
7 16
53 56
33 39
31 41
2 5
77 88
19 38
82 95
12 19
94 98
46 52
60 77
40 46
10 19
79 94
76 88
75 90
2 28
69 79
57 75
54 58
21 29
71 77
83 95
61 71
8 15
28 31
83 91
33 40
2 14
40 57
63 66
92 100
24 28
45 80
67 69
7 17
31 61
8 18
88 93
26 37
40 47
2 16
3 33
51 67
52 64
35 41
58 69
64 71
14 20
60 68
91 96
60 67
19 26
64 71
39 42
32 52
47 49
39 45
96 100
31 36
47 62
45 64
74 89
11 17
56 61
39 48
75 84
29 42
9 18
24 26
50 62
57 63
90 95
30 39
33 40
12 32
27 35
19 37
36 42
43 66
87 97
92 96
19 44
25 37
70 76
63 75
25 34
39 44
54 57
49 65
38 49
68 78
71 80
85 92
80 85
83 96
84 99
47 54
5 18
4 59
31 36
34 38
13 30
90 99
69 96
47 57
28 41
7 36
18 30
31 41
40 45
25 31
30 42
92 96
2 6
68 71
45 47
43 51
7 27
35 67
67 76
59 67
26 33
60 72
34 39
41 48
86 92
3 28
4 13
56 79
85 97
14 28
54 69
38 55
73 76
73 84
95 98
49 60
71 81
25 41
64 73
68 74
45 49
76 88
77 80
13 28
48 63
82 92
75 83
58 73
51 61
73 80
4 14
40 51
12 20
66 72
1 9
70 85
91 97
19 32
49 62
60 71
19 25
60 75
7 15
25 33
57 71
28 46
68 71
42 48
4 18
38 54
63 81
8 12
11 26
90 98
81 91
26 32
3 8
17 28
65 89
54 76
64 77
42 48
17 36
10 15
96 100
80 99
60 73
56 65
40 44
40 47
44 55
23 36
41 48
81 90
5 14
22 81
55 73
20 30
85 89
24 29
61 66
75 92
76 93
3 12
52 56
9 19
40 51
66 78
42 52
20 52
14 20
49 54
82 88
54 94
77 92
77 82
56 73
50 55
65 75
62 99
7 19
8 24
22 27
13 21
6 15
80 91
64 93
17 26
28 37
85 97
43 52
16 38
72 80
35 42
11 37
5 29
55 68
31 50
4 10
82 87
74 86
61 88
65 84
22 26
30 42
46 51
19 30
3 12
91 99
30 48
59 63
62 74
15 36
39 51
52 69
46 60
54 63
78 94
25 30
59 71
73 80
51 63
38 49
6 26
69 80
68 84
89 99
47 49
82 89
37 47
52 67
71 85
64 76
59 72
47 56
64 70
60 90
3 10
17 25
10 20
66 74
88 97
65 75
29 39
84 91
24 40
16 30
49 56
28 45
59 70
52 54
21 25
54 56
29 42
28 34
12 20
41 49
8 9
62 64
60 71
33 41
68 79
37 41
70 77
20 25
76 98
71 82
69 84
20 29
43 48
54 72
69 78
61 75
24 34
63 85
79 100
88 99
57 63
2 11
28 32
92 98
20 33
62 70
4 9
61 70
86 96
9 52
41 46
11 22
88 97
36 45
23 29
61 69
38 50
25 41
77 87
56 79
8 11
21 25
64 73
72 94
63 75
40 52
29 41
90 95
50 72
86 96
28 55
42 45
16 21
17 19
11 18
18 32
89 99
36 39
30 40
45 56
76 88
30 40
62 71
11 17
69 98
8 29
24 26
42 66
19 23
74 85
40 51
25 41
22 31
34 40
73 80
80 91
77 96
70 73
17 25
24 35
55 63
20 25
85 99
49 65
23 27
50 87
59 62
6 28
7 27
63 83
70 73
19 27
61 78
36 41
43 52
30 41
8 12
34 59
48 56
2 14
79 85
93 100
34 36
79 99
64 74
19 40
55 60
64 70
59 64
1 6
80 95
24 26
14 22
39 49
11 33
48 57
31 45
90 93
52 56
60 72
20 31
18 40
26 31
77 87
47 56
65 80
6 14
83 91
65 69
27 49
43 49
1 14
73 89
74 84
28 36
72 90
48 54
7 22
18 49
24 35
57 72
67 71
2 10
75 81
62 70
46 56
59 67
5 9
40 50
42 57
8 30
71 86
62 65
35 39
91 98
11 16
17 21
56 61
4 14
38 44
60 95
16 21
16 22
3 9
58 63
30 41
48 61
23 38
23 33
22 40
6 10
48 56
53 57
23 25
22 24
27 33
2 20
60 77
10 23
8 23
49 52
32 51
16 21
61 66
54 63
6 34
52 65
22 37
86 95
10 18
66 70
84 88
33 45
13 19
35 43
70 74
38 48
13 28
16 17
18 24
64 66
1 11
76 93
27 30
86 93
51 58
27 40
20 34
48 52
59 71
29 41
36 43
87 95
60 68
63 77
70 72
87 95
10 18
70 82
76 90
87 98
11 30
53 64
56 67
1 12
37 53
38 56
37 47
78 83
61 69
61 67
35 45
26 33
67 81
29 34
22 26
9 33
27 30
48 52
12 19
18 34
77 91
60 67
64 66
63 65
13 24
27 32
70 75
86 90
91 96
67 73
62 71
84 97
13 22
75 81
55 64
25 39
71 77
38 44
76 92
75 88
57 64
39 44
41 56
3 11
40 46
35 57
34 45
66 90
49 54
82 90
44 53
14 20
49 67
23 30
11 21
63 74
57 83
72 95
63 72
41 52
83 97
14 22
12 30
31 36
8 19
32 34
29 38
62 70
79 91
10 17
36 51
78 91
54 58
12 20
86 97
51 63
58 64
50 67
71 76
34 49
31 45
18 37
23 41
33 38
41 43
91 97
51 65
15 34
87 98
16 36
66 89
9 13
40 49
38 55
5 11
45 54
82 86
33 42
71 77
14 32
43 53
94 100
3 10
56 64
7 8
52 58
96 100
2 10
18 21
4 9
32 36
55 74
63 74
46 57
59 67
20 30
76 94
34 54
7 14
41 42
93 98
68 74
16 30
22 32
30 39
12 28
20 40
59 66
69 85
68 79
10 37
2 11
35 39
31 37
22 62
46 50
40 49
8 12
21 38
80 84
47 62
73 81
62 72
14 22
41 46
23 48
47 56
46 62
33 37
76 83
11 35
56 62
9 26
36 48
24 41
70 82
16 32
8 15
15 28
31 40
72 91
74 80
50 55
12 24
16 65
4 14
63 67
20 45
9 12
29 47
59 62
29 40
62 69
1 9
8 19
61 69
85 89
10 15
3 19
91 95
65 69
40 45
85 93
68 91
1 27
10 21
44 65
69 82
75 91
62 65
26 47
13 53
94 98
75 87
41 49
29 32
10 16
31 45
71 91
46 52
19 27
78 94
39 65
88 90
35 46
60 85
47 55
39 55
87 95
69 86
39 46
41 54
9 19
72 97
74 85
67 83
80 86
67 89
59 67
43 48
77 95
49 54
60 80
27 34
4 13
74 78
86 95
57 66
40 47
84 95
53 59
90 96
25 40
43 49
70 90
71 80
14 21
87 92
38 42
32 46
75 84
60 64
94 97
18 40
13 27
56 63
58 73
86 90
58 75
36 43
82 100
42 51
69 76
90 99
4 10
62 74
52 70
88 91
60 68
88 92
53 65
42 46
36 38
47 53
42 55
89 94
25 32
40 57
66 74
69 86
76 82
59 68
33 40
31 37
30 36
1 11
73 84
82 89
42 64
4 14
78 81
42 49
53 59
84 94
87 100
43 56
18 23
22 30
44 66
46 51
5 9
78 92
34 37
90 94
69 71
14 27
86 97
61 71
77 86
62 78
89 95
2 11
79 86
69 77
91 94
4 15
47 50
29 33
27 38
53 84
36 42
46 48
33 41
34 39
53 60
30 49
9 12
18 43
3 5
78 89
15 22
72 82
8 33
25 47
77 83
55 79
73 100
49 64
73 86
67 72
22 30
30 44
67 71
45 52
16 22
22 30
35 51
46 52
72 77
45 67
51 57
56 61
76 87
8 15
16 19
83 94
80 84
63 78
32 39
54 65
43 80
18 21
70 79
13 20
62 74
40 53
52 61
57 67
10 16
24 35
47 58
88 99
50 60
80 91
47 58
27 36
81 96
75 85
54 65
29 40
45 52
24 31
5 19
76 84
17 23
73 77
67 74
39 48
70 79
47 50
62 67
56 64
10 29
9 14
69 74
58 66
33 57
12 23
13 17
10 27
37 42
51 73
53 58
14 23
34 45
27 39
38 45
52 77
35 56
68 72
77 87
1 4
92 100
51 61
19 24
14 21
78 85
8 19
14 19
32 44
86 99
22 43
7 11
2 8
91 97
71 86
92 95
31 45
49 65
10 16
83 99
71 89
27 45
34 42
2 11
81 97
28 40
35 48
56 71
2 16
40 56
21 30
42 56
18 30
72 83
36 44
23 46
63 74
60 73
13 16
64 92
54 70
75 82
19 26
31 41
43 47
10 16
1 32
80 92
35 50
81 85
53 60
28 37
8 12
46 49
25 34
36 43
10 41
49 68
32 38
2 8
16 24
10 12
38 43
2 15
35 45
73 78
93 97
1 43
27 32
14 19
58 66
62 70
33 61
38 41
15 45
66 70
5 12
31 42
22 30
54 77
79 94
67 70
18 27
59 74
49 59
81 92
72 89
26 36
64 70
15 33
87 93
87 100
77 92
74 85
86 92
87 93
84 93
38 55
54 57
87 100
20 24
17 32
77 84
21 34
52 59
51 61
71 76
24 30
48 51
29 39
34 36
25 33
77 83
39 76
67 81
15 33
34 39
3 18
69 73
14 44
17 32
73 80
90 94
76 90
93 95
64 79
5 13
47 52
89 98
51 56
31 51
28 37
9 15
78 93
85 91
95 100
81 93
23 33
86 91
58 60
15 25
26 38
76 81
76 79
87 98
82 92
18 28
62 67
87 99
70 83
6 25
63 74
29 40
76 88
63 69
76 82
15 26
54 60
62 89
25 35
91 97
29 33
30 36
23 39
75 90
78 95
80 89
86 99
2 20
65 81
6 14
67 76
26 43
42 54
72 76
58 66
88 93
18 30
48 61
2 16
50 60
19 52
83 97
11 39
2 33
38 44
54 63
74 79
46 53
57 73
12 26
26 34
60 67
31 35
39 47
64 71
27 30
6 17
54 55
43 57
17 19
75 97
18 23
58 62
79 88
62 69
50 53
24 33
20 30
4 13
2 6
87 96
24 30
54 63
52 62
70 91
5 13
1 7
71 85
48 67
39 53
87 90
4 17
91 93
40 47
23 26
73 84
23 37
10 17
54 79
77 85
83 88
28 43
13 15
35 55
31 43
18 25
78 89
64 68
74 78
72 75
14 23
87 95
81 95
89 92
89 96
45 56
84 87
79 85
65 72
68 86
90 97
81 95
81 87
14 19
68 84
21 24
82 91
32 42
38 46
63 73
10 14
60 76
85 92
7 13
46 65
45 65
22 30
41 49
31 41
62 73
24 47
30 79
41 53
43 47
60 64
73 89
43 52
77 84
3 12
30 43
42 59
19 29
73 99
48 64
32 36
51 65
4 18
42 55
16 27
77 83
8 17
49 66
10 25
45 60
21 34
56 65
49 53
87 96
73 81
82 90
7 23
4 29
7 21
37 42
93 100
71 77
13 27
25 34
34 41
44 50
11 21
34 41
11 13
68 78
19 31
42 57
62 81
3 19
49 54
51 64
45 56
73 84
31 36
34 44
66 78
54 66
58 78
52 54
23 26
48 80
46 59
42 45
41 43
18 34
42 46
88 99
28 39
5 10
46 56
38 41
36 56
78 86
39 58
18 30
12 21
58 63
53 59
67 70
20 30
17 25
80 86
41 47
1 24
72 83
60 68
41 51
32 52
66 73
82 86
62 95
39 52
10 21
32 38
8 25
2 9
59 72
76 83
33 39
84 95
35 39
73 84
38 46
74 83
72 90
77 81
29 36
20 28
5 14
29 35
39 47
70 90
54 64
26 33
40 50
21 41
86 96
81 95
41 46
25 28
11 14
8 15
81 84
74 93
64 83
90 96
28 51
7 14
95 98
35 40
19 30
33 48
11 14
5 11
75 79
94 98
29 43
72 88
15 30
36 49
76 77
68 98
42 45
79 88
23 46
58 77
47 52
48 58
20 28
24 50
87 90
9 16
11 17
87 91
36 48
46 54
66 71
50 80
50 67
33 40
28 35
14 18
87 88
29 40
93 99
1 6
63 73
48 54
47 71
31 43
9 13
19 22
56 60
43 53
71 79
22 31
6 12
19 56
65 73
76 83
16 24
19 22
29 47
46 63
2 17
41 51
50 60
84 93
5 17
21 29
1 13
65 87
74 84
60 70
35 49
52 55
52 82
93 99
84 94
3 28
82 89
3 39
58 72
66 73
69 71
24 27
21 29
73 84
19 37
65 74
42 51
50 54
11 32
57 69
73 83
20 30
29 36
13 20
64 71
12 28
22 44
74 86
14 28
55 65
91 98
51 55
6 24
83 90
77 91
38 45
3 5
54 63
48 67
63 70
27 38
32 53
89 98
35 43
26 30
18 28
16 24
84 90
77 86
87 95
21 25
56 61
65 88
8 18
42 47
14 18
64 66
53 60
38 43
79 99
30 37
9 16
89 91
59 71
80 87
56 61
48 95
18 39
11 29
29 34
29 37
9 15
32 38
53 65
50 64
65 68
39 67
37 44
95 99
73 84
89 99
89 97
77 86
37 49
90 97
63 73
35 38
6 18
75 86
92 96
62 67
89 94
49 54
44 51
56 67
22 23
4 11
79 85
11 22
26 31
79 96
19 25
20 30
43 53
62 64
51 53
79 99
44 52
16 18
68 82
3 24
38 43
51 65
2 13
35 38
67 74
51 70
88 99
18 34
93 97
28 41
3 16
28 37
57 72
48 63
4 12
36 41
43 54
69 77
3 17
66 77
58 79
36 51
27 33
47 54
90 97
29 33
28 31
41 45
24 32
70 81
92 99
16 21
69 77
25 31
43 52
52 67
83 97
60 65
89 97
67 77
23 27
60 71
61 69
60 73
63 77
14 46
55 77
25 31
15 27
40 52
9 18
37 51
63 74
16 20
17 26
71 88
7 13
76 84
77 87
16 31
7 21
37 40
36 48
89 93
36 48
19 25
11 14
50 73
73 89
37 47
77 85
64 68
15 28
19 26
41 46
56 66
18 28
83 89
57 75
18 26
11 25
36 57
55 61
55 64
85 88
71 80
79 98
55 72
18 27
29 34
47 61
78 100
62 86
56 60
43 53
19 27
40 43
75 97
90 96
23 36
72 83
26 35
87 93
7 11
59 82
95 99
61 63
14 19
12 18
15 24
19 48
83 89
47 60
5 14
82 87
42 66
59 74
31 42
79 92
2 25
30 58
9 25
3 21
41 48
27 42
10 21
94 99
6 16
79 94
7 15
66 73
70 85
64 70
53 57
35 51
47 69
94 97
46 50
78 86
35 45
26 31
19 28
24 38
2 8
41 51
89 93
77 92
52 65
96 100
10 14
51 55
41 60
39 52
67 72
38 41
16 26
33 49
86 97
13 17
34 49
5 13
51 59
60 67
72 76
73 80
36 46
82 97
89 95
9 20
78 81
47 72
41 56
90 92
74 77
56 63
22 29
85 98
93 100
41 45
76 93
41 46
90 99
32 58
66 77
74 83
11 21
90 97
35 41
63 65
37 49
67 90
83 85
19 34
32 42
35 40
86 96
67 81
17 21
64 74
85 90
27 38
63 92
26 44
42 48
17 26
7 23
85 98
75 86
87 98
79 93
7 22
62 83
96 100
9 15
77 80
85 96
44 48
76 77
1 6
7 11
60 65
71 74
23 30
85 97
84 91
79 98
18 23
54 71
12 22
75 84
32 35
22 34
22 25
83 93
43 55
63 74
72 83
54 63
6 23
13 18
9 20
86 93
20 67
48 54
17 23
63 65
20 24
13 37
21 44
67 74
6 11
48 59
92 97
81 93
7 17
17 30
64 72
53 56
15 17
68 73
73 81
4 16
37 55
12 13
47 62
4 12
7 19
63 73
2 7
47 53
10 17
57 65
1 15
12 21
6 15
66 73
74 85
29 55
34 45
68 76
51 64
43 45
32 38
45 48
95 100
22 24
92 98
7 20
72 79
56 65
36 44
59 67
30 37
13 24
64 88
17 22
12 34
32 38
65 75
35 39
77 83
57 71
74 84
67 95
80 91
42 84
90 100
53 58
16 29
76 87
32 43
21 28
61 70
71 78
39 50
47 55
63 73
51 57
45 51
8 11
35 43
60 73
5 13
74 84
86 93
74 81
30 35
44 52
21 27
71 76
40 51
75 81
2 13
17 23
22 33
48 59
42 49
19 49
75 87
69 75
64 81
24 30
54 57
13 23
12 26
40 50
27 34
81 89
74 90
94 100
45 52
38 48
35 59
2 100
63 70
9 34
65 71
18 25
28 48
86 90
60 76
55 66
42 59
84 89
75 78
56 64
37 51
27 30
61 71
40 45
27 42
79 88
58 63
73 76
64 68
64 74
72 78
22 31
35 52
52 62
43 49
8 15
73 85
58 71
18 37
63 71
65 78
88 93
73 81
70 75
27 37
28 46
42 52
30 33
36 48
29 36
21 28
51 64
3 10
15 22
7 14
3 20
11 21
80 83
39 42
18 34
41 64
38 51
70 75
35 42
72 78
10 15
62 86
66 72
22 27
32 43
49 72
28 35
39 50
57 87
19 25
2 4
8 31
69 78
15 25
79 95
15 35
70 80
23 28
78 94
34 49
49 65
86 97
39 52
76 88
38 43
56 65
67 70
55 63
44 66
72 82
69 86
49 57
52 68
15 24
84 92
36 53
37 51
27 32
54 65
9 13
13 22
18 27
71 89
36 43
35 42
25 44
34 37
61 91
44 54
87 90
40 48
31 57
4 9
32 36
80 91
60 73
59 78
18 47
49 55
80 89
14 21
26 32
65 72
91 99
47 62
76 79
55 59
39 53
71 83
40 55
51 70
75 83
90 95
5 14
61 68
41 60
6 11
60 75
45 54
80 82
92 95
4 34
71 78
34 47
73 76
51 71
86 91
13 25
31 43
23 29
78 85
7 45
14 26
63 70
60 76
3 15
63 83
34 39
85 90
76 79
76 91
42 49
40 48
26 27
45 60
20 32
15 20
25 33
38 56
74 82
86 95
56 76
1 6
24 45
24 38
48 60
51 56
65 73
17 29
16 24
17 21
59 92
17 38
21 41
60 74
53 61
79 83
31 66
1 14
60 90
18 21
2 22
48 50
50 57
49 50
16 24
19 20
80 88
43 47
42 51
70 99
18 22
37 41
26 45
84 91
39 53
25 29
20 45
68 79
21 32
73 81
54 69
78 82
61 67
26 51
90 99
40 43
41 48
20 28
72 85
1 7
91 99
31 36
81 91
40 63
89 94
63 67
46 62
65 91
13 16
41 53
76 86
73 90
46 54
54 66
12 20
17 27
90 98
20 32
40 42
30 38
69 73
20 28
57 69
40 45
93 99
57 60
41 48
60 68
79 87
66 74
71 76
75 85
6 26
3 34
50 62
80 88
5 24
79 83
8 54
74 84
22 28
75 80
35 49
76 94
7 14
25 36
25 47
21 28
88 99
57 61
82 100
74 80
59 71
20 24
58 73
7 28
70 81
60 83
20 30
65 81
77 81
72 97
26 46
81 89
52 61
18 23
37 41
75 81
94 99
76 80
95 100
78 80
58 82
59 72
62 72
82 88
7 15
67 74
86 99
87 93
37 48
21 27
19 27
1 18
84 92
24 38
53 70
41 52
70 86
23 28
83 90
50 54
86 97
83 86
58 62
43 78
46 59
49 51
8 17
33 57
1 4
83 97
3 14
85 88
91 96
81 88
34 42
89 93
40 49
54 68
59 76
49 51
30 42
32 44
2 8
44 82
70 94
32 36
58 69
78 86
84 88
62 70
68 71
21 30
49 57
71 73
38 57
28 37
2 4
18 23
63 69
72 82
32 43
4 11
75 87
63 72
71 79
73 94
84 90
43 71
86 92
48 91
71 79
10 22
38 49
80 86
59 74
49 62
5 9
89 93
74 96
60 70
37 44
84 91
45 62
4 10
27 34
6 15
12 16
7 50
5 8
73 79
2 5
24 26
80 84
41 53
49 62
60 69
59 64
14 22
33 62
40 45
41 45
80 92
56 71
51 71
36 39
51 58
95 98
32 38
84 97
81 85
38 48
44 54
43 51
52 74
29 36
78 83
1 19
29 32
25 40
34 54
68 73
39 47
48 51
47 62
54 65
47 56
22 40
44 55
13 33
12 15
74 82
67 76
79 92
13 21
71 76
22 32
67 100
6 39
66 72
43 48
52 64
82 98
63 78
11 17
28 33
78 91
54 59
55 58
79 89
56 61
1 2
49 56
87 97
90 94
42 46
54 68
27 42
45 71
39 50
69 79
27 35
35 44
64 73
68 76
70 81
49 67
34 41
9 21
71 84
63 70
13 17
26 39
44 59
66 67
50 53
22 28
62 75
62 67
67 95
5 22
72 77
66 72
60 63
10 15
92 97
58 60
57 62
73 83
62 73
46 54
24 28
36 40
60 84
69 76
25 32
32 53
68 74
80 88
52 81
19 38
23 36
7 28
33 48
49 65
29 34
76 86
83 91
61 66
39 49
11 17
38 54
27 31
47 53
4 14
26 31
47 52
24 32
95 97
74 87
32 47
7 33
42 50
69 73
68 71
80 83
2 18
14 44
4 20
18 24
65 71
13 19
52 62
39 43
13 68
11 26
30 42
48 68
59 68
8 30
83 91
43 54
63 72
86 90
13 27
81 94
37 43
43 54
38 50
33 45
4 21
64 72
4 14
18 46
15 27
61 91
71 78
74 87
32 37
23 25
64 73
48 58
7 16
54 92
67 80
68 73
35 46
63 77
78 89
22 42
7 15
61 63
67 76
4 9
13 40
17 22
44 57
19 37
86 97
1 8
42 46
81 88
89 95
70 78
21 40
81 93
62 72
81 85
33 43
12 56
82 96
56 78
10 20
14 18
18 21
34 49
17 28
28 55
22 32
2 7
41 54
15 48
43 49
45 54
1 23
25 34
6 15
86 93
9 14
37 42
27 45
56 78
27 35
29 37
34 63
43 74
4 10
88 99
18 44
4 15
87 91
9 11
27 45
47 54
44 52
91 100
86 97
38 44
26 28
28 53
37 41
25 39
61 65
85 100
36 45
29 33
9 18
55 61
28 31
71 79
55 60
46 49
60 66
1 24
82 87
35 52
37 40
91 99
80 88
43 48
87 92
30 38
50 60
67 73
80 95
72 85
15 39
48 53
57 65
31 46
42 53
45 50
14 24
39 49
29 87
16 25
77 88
42 55
96 97
56 68
3 15
59 61
4 22
74 79
34 49
70 79
38 41
80 86
52 63
60 62
87 95
13 19
71 83
49 54
68 69
3 5
44 50
70 77
29 39
8 13
8 15
26 31
25 31
93 100
16 29
72 82
57 62
66 69
37 44
51 56
60 63
40 42
52 62
20 26
27 37
66 71
37 69
16 22
60 61
60 68
51 57
67 86
32 49
75 84
27 43
83 87
42 47
86 89
26 30
49 63
5 9
62 79
7 20
51 56
33 63
16 43
84 93
3 9
66 69
59 65
86 95
24 38
69 81
15 23
28 32
24 42
35 74
41 64
76 93
42 53
60 75
39 47
34 48
75 85
54 65
3 13
10 17
9 44
25 33
35 41
53 85
4 15
58 65
32 56
13 22
27 44
43 49
55 92
46 55
3 39
62 67
40 48
30 42
65 72
26 35
31 39
65 77
60 68
7 17
50 67
12 23
46 47
51 54
13 21
15 21
64 98
11 19
67 77
50 60
40 68
17 28
26 29
36 45
1 8
20 25
3 10
4 8
31 35
94 100
19 81
46 58
55 61
21 43
51 64
56 59
65 68
80 82
56 64
81 94
49 64
94 99
90 96
6 11
2 33
77 84
81 93
20 27
1 15
81 90
47 57
56 71
4 11
35 37
72 87
1 4
44 56
85 88
35 53
10 17
24 38
33 39
20 36
20 33
38 81
55 60
51 56
29 43
34 50
41 50
68 73
36 42
2 9
47 58
9 13
26 30
14 31
81 100
78 86
13 26
22 40
6 17
57 67
74 91
46 64
17 34
18 30
57 61
41 71
37 41
82 95
52 56
26 40
52 65
52 58
53 65
76 78
89 93
73 78
77 98
88 95
12 17
88 96
54 62
49 60
84 93
18 26
37 44
77 81
42 58
89 95
18 32
16 45
94 98
63 68
68 75
15 33
35 47
14 40
45 54
4 9
20 25
16 24
65 75
56 68
26 35
19 27
66 72
85 95
71 86
54 63
43 49
18 27
11 63
79 87
5 12
12 17
34 43
64 70
70 90
2 12
45 70
25 27
46 54
20 26
24 39
13 36
89 96
5 14
27 42
38 49
73 91
48 72
77 92
75 77
2 12
24 35
45 54
92 96
3 14
58 66
49 62
25 64
44 65
35 56
15 20
55 60
51 66
70 75
23 33
73 83
93 100
35 38
63 72
84 89
88 92
78 97
76 77
27 34
49 60
52 58
62 64
73 96
63 77
61 68
67 82
35 48
51 60
30 38
37 41
90 94
24 30
59 65
32 41
