100 20 20 7
00000000000000000000
00000000000000000000
00000000000000000000
11110000000000000000
00000000000000000000
00000000000000000000
00000000000000000000
11111110000000000000
00000000001100000000
00000000000000000000
00000000000000000000
00000000000000000000
11111111110000000000
00000000000000011111
00000000000000000000
00000000000000000000
00000000000000000000
00000000000000000000
00000000000000000000
0000000010000010000
0000000010000010000
0000000010000010000
0000000010000010000
0000000000000010000
0000000000000000000
0000001000000000000
0000001000010000000
0000000000010000000
0000000001000000000
0000000001000010000
0000000001000010000
0000000001000010000
0000000000000010000
0000000000000000000
0000000000000000000
0000000000010000000
0000000000010000000
0000000000010000000
0000000000010000000
4931
52 67
53 58
12 19
18 24
85 87
78 80
85 88
2 34
54 63
50 55
59 74
3 9
25 30
71 83
64 68
11 23
30 37
89 96
9 18
49 52
44 63
29 45
62 75
25 31
55 80
38 60
5 45
7 30
84 98
8 13
69 77
7 14
13 23
49 55
51 57
23 29
10 16
9 17
66 80
88 99
12 19
81 96
51 55
49 61
89 97
51 58
20 30
25 32
96 98
59 70
64 68
37 59
62 72
38 42
74 82
31 35
69 81
23 34
58 61
89 96
19 36
84 86
20 40
10 24
22 27
77 83
32 38
44 63
16 29
16 33
88 97
77 81
65 75
50 62
57 67
74 76
1 13
38 50
53 58
53 79
72 81
8 20
48 60
27 33
5 6
16 23
26 28
3 40
3 7
78 86
88 91
47 50
5 17
86 89
68 71
11 26
3 62
81 93
34 40
27 34
97 99
2 8
66 95
80 82
77 85
56 64
35 48
33 50
93 97
12 15
54 66
64 77
17 28
88 95
41 46
84 99
94 99
6 20
13 21
29 45
82 93
41 48
55 65
27 32
72 77
6 27
58 67
67 87
36 43
22 25
55 61
20 27
57 62
25 27
27 52
18 28
11 31
21 34
36 53
33 38
12 20
60 70
35 39
1 19
16 21
4 30
43 55
87 95
20 28
26 30
65 70
8 11
67 75
41 54
48 58
36 47
42 79
66 70
70 73
47 74
71 77
82 95
71 76
40 44
31 54
22 31
89 92
59 67
48 54
56 67
30 41
86 98
15 25
77 89
62 82
23 27
4 28
86 100
92 100
40 57
6 9
72 84
42 45
61 69
26 40
83 87
23 28
18 30
23 27
73 91
23 24
25 47
85 100
62 67
27 40
48 70
11 18
31 46
94 100
29 38
68 78
17 24
9 28
36 54
44 62
7 18
8 14
32 49
3 13
22 26
25 28
17 22
44 56
49 55
31 41
78 96
78 80
42 74
63 94
12 16
16 20
12 21
4 16
68 77
74 75
86 90
28 32
35 42
6 19
70 83
24 49
62 67
60 73
48 55
23 32
46 50
80 85
76 91
57 73
57 71
90 98
64 79
48 59
52 61
43 84
2 31
4 20
26 31
68 74
86 96
57 60
83 90
33 42
20 54
68 73
40 43
7 21
23 34
17 35
64 75
41 55
53 59
41 47
16 29
70 74
59 62
36 53
93 96
40 52
8 27
4 49
24 34
36 50
70 79
61 76
90 93
24 40
85 91
62 79
9 24
52 64
86 98
29 42
14 18
61 66
77 92
14 17
36 40
53 65
75 91
80 94
27 32
68 76
37 56
37 50
21 31
63 68
22 30
62 80
12 17
4 11
74 83
41 60
67 74
75 93
71 87
18 30
53 64
8 16
37 41
84 96
19 26
19 38
41 59
54 83
60 90
75 80
22 26
77 83
88 91
86 95
7 15
9 12
63 71
81 94
68 77
88 94
56 72
62 72
8 15
70 74
72 86
42 49
22 23
91 94
16 21
29 41
15 21
79 85
53 65
78 83
21 27
44 48
65 75
38 98
93 96
10 23
72 76
1 6
31 46
73 78
73 94
31 36
75 89
44 56
78 90
55 68
18 23
30 48
75 80
31 35
33 50
48 73
36 41
68 88
11 29
24 28
35 56
24 34
5 12
20 34
2 10
76 80
78 80
46 52
44 56
89 97
73 78
3 7
29 45
31 36
84 96
61 76
75 78
83 86
25 38
70 84
71 76
57 75
79 83
47 65
8 37
43 49
91 97
24 35
62 68
58 62
48 77
29 38
77 80
81 86
71 79
36 45
46 55
30 42
7 15
17 30
23 32
2 15
72 76
64 72
26 28
58 92
34 37
5 13
54 71
61 70
45 58
38 60
43 47
78 82
71 79
29 46
14 15
38 43
80 88
62 71
83 94
87 92
25 29
21 29
2 13
64 69
25 31
50 57
87 99
23 29
8 16
48 57
28 31
34 40
28 35
71 83
83 95
69 77
78 86
68 83
48 52
22 30
35 43
12 22
66 88
85 94
42 59
79 93
14 19
19 22
48 66
6 21
43 49
72 86
23 41
22 28
7 19
59 61
36 46
59 67
43 48
2 8
22 37
65 81
64 76
22 31
47 63
10 17
54 63
27 41
49 68
37 51
57 61
61 65
39 50
40 86
6 11
1 9
53 58
63 79
46 53
37 43
14 28
13 21
79 93
62 74
49 76
27 33
53 57
22 47
51 72
3 10
65 71
76 90
81 85
32 35
5 14
82 86
36 57
27 35
62 76
83 94
43 51
22 28
44 58
40 47
39 48
67 75
30 38
20 26
50 55
26 31
7 39
14 25
41 57
73 82
77 88
48 55
54 63
51 59
14 24
48 53
70 90
37 45
54 62
58 84
67 96
32 35
18 25
47 58
21 28
6 16
78 86
34 42
79 89
23 34
59 68
49 67
28 47
31 46
18 23
27 42
49 57
18 25
39 49
71 86
58 69
76 85
67 76
36 43
3 37
85 98
53 56
13 17
32 41
24 27
27 59
12 38
61 67
24 32
44 68
86 92
79 89
33 42
31 45
80 89
4 8
45 59
3 24
67 84
2 11
76 89
72 79
58 65
32 48
63 87
42 48
59 65
73 90
80 84
74 98
46 59
2 8
30 49
9 20
39 49
73 81
5 13
33 40
58 73
86 93
56 68
79 100
49 54
44 59
94 99
21 33
42 52
65 67
23 33
31 56
67 89
33 64
24 26
77 80
44 51
75 92
35 46
36 41
14 19
3 9
85 99
41 49
11 16
56 64
54 70
20 48
33 42
54 58
18 31
24 42
58 68
87 94
68 73
26 44
5 12
79 95
38 51
66 69
12 19
83 96
55 61
68 81
65 73
4 20
28 35
75 87
23 47
18 30
13 19
32 39
43 81
57 82
7 21
22 37
31 44
65 77
87 92
25 35
48 53
75 83
17 24
79 86
11 16
76 92
86 89
37 40
7 16
83 98
66 77
22 29
3 23
63 75
67 71
72 77
57 93
48 61
89 97
52 63
80 88
51 65
5 23
18 44
51 55
10 16
85 98
28 36
21 30
69 94
78 88
59 62
46 60
38 62
58 67
79 92
43 53
82 98
40 53
3 28
87 89
16 37
74 84
36 50
57 68
58 67
97 100
61 66
32 39
45 59
11 18
55 65
52 57
50 59
12 20
2 13
13 16
37 43
73 83
15 23
88 98
47 71
72 80
70 85
27 37
7 19
45 62
9 27
29 50
35 57
39 51
48 53
13 20
66 81
78 88
54 93
30 58
19 23
46 54
1 19
26 38
61 80
79 87
45 63
82 87
43 69
78 91
41 64
90 93
55 68
33 50
61 68
33 51
14 22
78 87
36 46
51 56
14 33
62 68
90 100
69 89
28 37
2 9
28 48
18 28
26 43
68 92
19 24
51 70
2 10
20 28
35 46
63 81
66 75
70 77
64 71
32 39
57 61
94 96
30 33
64 77
62 66
84 86
11 16
83 100
22 27
28 39
26 31
38 45
7 10
25 45
41 60
43 47
22 26
73 93
34 47
16 21
37 50
22 37
60 71
82 88
12 19
86 88
71 82
76 84
46 70
40 57
68 83
34 40
54 73
2 7
61 70
27 52
32 34
85 100
8 19
6 10
32 42
69 93
46 58
10 19
51 53
78 82
5 36
93 99
12 15
45 51
57 65
68 76
89 97
60 64
33 52
48 55
6 13
18 21
73 77
60 65
41 54
18 22
60 77
17 39
93 97
86 94
45 57
48 61
74 83
44 48
40 57
30 39
32 47
79 84
42 54
32 49
14 33
68 94
2 60
9 20
54 73
65 71
24 51
44 61
74 92
74 89
59 89
64 69
19 31
92 98
91 94
15 32
93 100
45 73
96 100
82 91
23 33
14 28
52 82
54 58
3 12
39 43
48 62
77 79
66 73
10 14
1 11
41 56
34 46
62 66
73 86
82 85
34 57
83 96
86 95
9 20
63 83
10 16
76 78
37 40
35 38
71 76
58 72
58 61
1 6
15 25
6 32
36 39
5 9
74 76
57 62
55 72
43 74
78 92
41 48
57 75
90 99
24 32
53 59
13 25
68 96
68 77
1 9
32 58
23 31
3 13
58 60
60 88
39 49
11 17
4 14
28 45
16 43
22 43
72 82
13 24
78 99
8 22
31 46
58 70
2 14
16 22
13 17
62 65
60 82
69 90
72 74
12 43
24 32
5 9
8 20
80 89
9 23
68 95
18 26
36 41
77 84
71 79
44 52
54 75
41 46
35 44
85 100
45 51
70 91
16 27
47 52
17 32
78 88
93 99
56 78
91 96
92 100
34 47
31 35
98 100
24 38
1 8
73 88
91 97
15 57
38 51
13 40
21 35
55 65
10 17
2 11
29 33
31 40
87 94
3 13
83 98
6 13
60 88
7 15
75 82
55 63
40 52
93 100
67 74
53 64
34 38
13 17
30 52
8 29
10 19
66 73
44 51
37 44
55 67
82 85
91 95
61 69
15 24
31 50
53 61
77 84
62 67
12 24
58 63
60 79
56 67
94 100
2 11
47 54
61 72
40 47
45 56
48 52
66 73
80 86
30 41
85 90
91 97
76 82
84 91
64 86
67 76
32 41
5 8
42 49
27 31
43 55
36 42
75 85
24 40
50 66
12 23
11 18
3 5
18 28
7 12
72 83
17 20
40 60
34 48
59 66
20 27
43 50
75 84
15 22
67 100
20 28
54 68
30 34
79 92
17 37
56 62
5 13
14 26
1 16
10 53
36 51
73 77
83 93
60 88
19 20
9 14
38 45
62 74
50 59
39 65
17 29
17 24
60 69
58 68
8 24
37 52
27 34
12 16
56 70
1 10
30 37
49 60
30 46
3 9
9 15
61 69
81 93
73 75
15 26
1 8
91 94
67 73
7 17
92 100
15 20
61 72
27 34
51 62
70 76
72 84
34 66
42 69
13 20
61 68
86 93
26 41
11 17
82 91
55 61
96 99
12 19
58 63
25 40
3 13
4 22
52 69
59 64
47 51
15 24
37 38
72 77
72 79
63 69
5 22
79 100
68 84
55 58
64 78
18 34
60 67
12 19
38 49
81 84
80 90
49 54
38 45
70 72
20 46
23 27
75 79
36 58
34 43
70 75
66 73
72 80
38 45
93 96
61 74
57 75
55 60
89 93
12 23
23 29
34 47
68 72
64 80
11 25
31 35
2 13
3 17
47 58
41 49
11 16
24 28
41 62
69 75
4 49
71 73
20 33
55 72
2 32
40 47
28 33
44 54
18 32
30 52
86 100
19 38
48 64
14 20
82 96
48 55
50 51
90 97
35 46
84 91
73 79
79 94
14 30
26 40
19 30
9 27
86 94
28 33
78 96
5 8
15 35
44 52
50 53
82 86
4 9
31 53
78 90
50 57
44 52
5 9
37 50
52 60
42 59
49 80
84 97
65 70
17 25
84 96
62 68
11 32
79 88
63 72
13 19
68 79
49 67
12 26
91 94
37 60
83 86
67 95
80 94
47 62
71 99
66 85
51 57
62 100
11 30
25 35
62 78
24 32
26 53
11 21
74 92
17 30
22 30
38 43
8 50
65 73
42 47
59 61
73 82
16 23
3 18
45 59
22 29
16 24
68 76
69 76
90 96
33 36
48 53
65 72
42 61
21 29
46 53
27 33
38 55
87 100
64 76
58 65
44 62
3 8
28 49
39 61
16 21
34 45
30 34
41 42
8 29
20 26
8 12
61 74
5 6
49 57
36 39
67 72
8 18
89 94
82 93
77 96
23 30
6 12
74 86
25 33
39 43
39 47
26 33
3 20
38 54
34 54
38 52
52 76
79 92
42 54
64 71
75 87
57 77
18 27
34 37
31 47
82 87
80 84
27 31
41 53
80 89
64 77
28 38
13 31
15 21
35 45
50 54
71 75
22 39
35 46
10 16
32 49
69 75
61 69
10 26
93 99
53 62
62 84
4 50
14 16
15 20
46 50
6 20
31 51
75 79
68 74
53 57
36 44
9 36
30 46
24 31
47 59
29 61
7 16
21 23
38 40
52 58
80 93
71 85
69 78
22 47
20 64
70 74
59 65
14 17
56 64
22 26
40 55
15 23
65 74
56 65
6 12
82 92
77 95
71 76
70 83
33 60
41 49
54 69
19 41
31 43
62 69
11 30
21 26
21 38
43 54
11 33
43 58
40 51
2 15
22 27
66 73
26 37
19 36
68 78
15 31
31 41
46 68
40 54
36 48
7 11
81 100
35 38
30 35
18 28
78 88
12 16
27 46
56 59
39 52
64 72
9 16
11 15
83 88
10 29
40 50
68 70
65 77
61 83
39 48
43 48
91 95
6 18
16 18
14 41
69 75
52 61
57 69
36 53
7 13
19 32
52 66
75 77
26 35
19 26
74 93
42 49
23 43
45 56
72 92
22 28
40 46
58 69
37 43
66 70
54 63
2 11
34 52
77 83
62 85
44 51
41 52
30 39
22 52
20 31
22 28
12 14
7 20
34 45
66 71
45 50
58 61
9 15
48 58
2 6
14 17
36 58
62 69
89 93
67 75
80 99
24 43
69 79
92 98
73 92
19 23
79 83
61 67
61 80
33 37
66 80
19 26
8 15
8 17
74 91
44 82
38 43
32 36
66 75
5 11
81 87
54 87
52 74
43 49
84 96
5 22
77 97
3 11
49 52
80 83
35 36
86 92
5 11
90 94
90 100
62 79
53 59
75 78
53 83
91 95
83 99
73 79
30 37
34 37
80 84
61 86
63 75
96 100
13 29
42 45
25 53
94 98
37 39
87 95
56 66
52 63
9 27
8 14
80 87
49 54
17 21
37 46
57 74
39 48
77 83
40 49
27 45
65 76
23 45
49 58
1 19
14 18
51 68
60 76
6 9
57 75
33 44
7 12
60 88
37 75
38 42
23 52
94 100
36 38
57 72
40 62
51 56
34 40
53 65
77 80
7 14
71 78
81 88
45 53
37 50
61 66
41 58
20 27
51 54
60 66
69 72
62 65
82 91
58 71
70 78
91 100
9 26
82 97
80 97
54 61
67 70
6 11
86 91
77 88
36 50
83 93
2 47
25 38
59 77
36 46
87 96
18 28
27 59
23 30
83 92
13 23
93 97
51 55
50 59
65 68
58 61
5 9
65 85
43 46
14 31
42 48
63 67
24 31
88 95
54 68
5 7
54 69
53 70
79 89
80 91
88 98
13 19
93 99
79 93
62 95
50 52
30 58
75 86
72 77
3 9
74 78
56 79
70 80
66 76
3 62
70 97
36 44
6 8
61 82
79 87
83 89
63 68
69 81
39 46
13 22
25 33
60 64
42 57
36 52
2 16
24 31
64 79
80 86
10 28
53 62
79 90
22 32
66 77
17 32
52 72
1 9
1 10
78 88
86 91
33 49
84 90
55 70
36 42
1 14
14 17
60 77
90 94
7 21
54 61
82 89
56 60
35 43
26 48
13 22
53 79
40 53
69 75
69 99
58 74
46 60
68 78
95 100
12 18
37 60
33 55
34 56
35 46
57 63
48 66
52 60
80 84
87 92
79 90
27 40
46 63
24 29
95 99
63 75
55 75
38 51
18 28
16 42
49 63
53 56
21 40
45 62
55 66
61 73
12 16
9 39
1 7
52 73
39 54
92 97
47 57
42 47
90 94
56 65
10 19
20 31
77 86
14 28
34 42
39 44
29 37
54 60
17 26
60 70
28 41
38 46
88 93
19 32
14 43
80 87
91 94
62 74
35 53
5 13
33 37
26 37
3 29
19 25
40 45
30 43
65 67
87 93
72 85
53 56
47 79
31 41
64 75
43 49
26 39
62 71
14 26
68 81
64 77
72 79
14 21
8 20
20 27
88 99
63 68
13 27
64 80
43 50
88 100
24 46
63 68
28 37
59 72
13 20
26 36
87 93
16 18
56 78
70 77
8 54
66 93
39 62
50 64
60 64
92 98
37 52
68 79
71 83
69 85
18 26
64 67
34 49
41 53
20 27
79 91
52 59
70 92
7 14
67 72
52 67
17 28
24 36
32 35
59 67
5 15
3 11
67 72
77 95
24 40
54 76
28 40
63 68
32 34
9 18
17 27
71 78
57 61
48 71
21 33
12 25
43 52
59 66
70 74
93 97
81 99
64 69
29 40
39 46
47 53
36 59
47 54
14 20
24 46
93 99
49 59
37 47
82 94
96 99
85 90
53 60
63 69
61 69
23 26
68 78
34 48
9 18
67 77
44 65
40 44
52 61
39 54
75 81
60 77
70 85
45 60
64 78
36 42
16 30
19 26
3 13
4 9
4 17
38 46
48 57
17 24
72 85
51 61
69 84
80 97
81 90
33 41
50 64
59 64
19 32
3 17
42 54
94 97
39 47
2 10
43 56
56 64
16 26
55 60
35 51
57 86
66 71
20 31
65 73
75 83
41 54
25 35
48 51
2 14
19 31
1 12
74 86
24 26
54 61
78 82
60 65
16 25
17 57
8 20
27 34
27 54
18 25
88 98
36 44
50 56
49 78
30 39
11 13
20 37
6 16
29 41
29 35
63 74
4 16
55 76
20 32
61 69
66 89
88 99
40 44
45 51
28 45
12 20
15 19
29 40
84 89
60 63
65 72
50 60
89 94
24 36
33 40
32 43
72 81
41 45
8 22
43 60
50 57
75 82
63 67
49 55
33 49
35 52
6 14
80 95
24 31
8 18
78 87
67 81
5 10
26 31
43 49
28 31
73 78
38 47
67 84
34 42
47 53
33 41
61 73
73 85
15 21
17 21
34 41
41 50
46 54
58 70
86 93
86 94
36 44
19 26
64 78
47 55
77 82
38 44
78 87
70 92
82 90
55 69
19 27
52 55
16 21
18 29
52 64
22 30
69 79
22 24
43 44
74 83
12 16
43 81
30 42
13 26
55 64
48 50
83 91
3 11
73 81
14 17
85 95
32 49
79 81
10 19
71 80
59 66
53 56
7 36
59 67
6 20
10 16
67 85
60 64
63 80
59 70
79 87
54 72
35 46
48 73
92 99
47 60
92 99
84 91
30 35
83 85
16 23
16 21
62 70
5 20
64 77
3 21
25 51
10 20
47 52
54 71
57 63
25 38
61 84
70 71
31 44
11 33
32 40
9 12
80 92
62 98
79 94
8 22
44 50
90 95
63 81
12 17
6 23
58 67
75 78
76 84
4 8
5 9
36 42
32 38
11 26
21 27
52 59
76 87
27 31
12 24
59 76
49 80
41 59
78 95
2 18
50 65
85 92
79 83
14 26
83 92
75 79
26 43
81 90
52 57
14 19
58 82
62 88
3 11
46 52
10 24
76 98
8 27
38 59
66 84
16 21
33 43
43 63
39 45
36 46
12 14
13 22
8 14
75 82
6 14
51 58
13 18
91 96
71 82
18 21
57 66
75 82
56 66
55 61
70 76
32 63
78 84
66 73
28 42
48 61
55 63
64 87
45 58
74 79
11 16
91 97
37 39
95 99
64 71
15 23
18 69
73 77
29 31
64 72
58 69
74 83
56 69
29 35
88 92
72 83
78 82
17 19
28 32
76 80
42 55
53 58
90 93
64 65
11 22
47 60
88 99
2 31
49 54
57 64
69 78
5 13
70 84
19 33
16 23
64 73
59 64
77 85
81 95
45 54
45 59
47 70
82 92
74 83
66 77
7 40
6 14
27 52
28 40
21 38
27 31
48 64
90 99
93 98
94 100
64 68
67 76
39 47
72 76
67 76
19 29
9 16
10 27
48 66
47 54
54 59
10 35
82 90
47 64
75 76
42 58
84 89
57 79
42 47
52 100
46 64
60 63
12 18
61 67
31 35
89 96
20 28
53 60
61 79
50 75
87 93
40 44
51 54
13 19
54 59
76 85
64 68
31 35
25 40
69 86
14 20
25 39
55 63
78 82
42 57
70 86
27 34
42 63
82 90
86 92
40 48
21 29
58 64
36 62
4 16
27 38
32 43
51 63
34 43
19 33
16 24
53 63
14 25
7 19
44 56
10 16
30 54
85 100
80 85
46 55
85 98
67 73
27 47
16 22
18 29
49 58
70 92
38 48
64 71
66 79
52 63
41 48
38 50
10 29
15 25
42 54
11 15
94 99
44 53
15 20
38 44
6 24
62 71
76 82
78 85
12 42
37 43
86 96
4 14
43 56
24 28
17 25
37 47
37 41
8 15
25 29
82 91
7 15
65 78
13 28
66 88
16 25
9 14
77 81
90 99
6 15
9 18
51 64
39 47
45 60
39 63
87 100
47 59
21 32
18 87
77 93
18 30
22 39
65 68
92 100
79 89
84 91
26 36
24 28
11 31
49 53
16 25
13 24
57 69
39 59
23 42
6 20
64 100
59 67
75 86
60 88
36 50
39 43
5 13
9 19
53 68
21 24
72 75
40 48
67 85
28 30
83 85
1 8
24 29
56 63
69 75
18 25
1 6
80 86
51 68
84 96
64 71
91 99
47 69
41 54
91 96
30 51
47 57
52 55
5 18
11 25
4 15
72 82
78 89
7 19
63 66
26 49
36 38
76 89
17 29
76 85
20 36
76 82
30 35
61 62
86 93
20 32
16 22
91 100
31 51
71 85
62 67
14 18
62 87
87 96
34 50
73 80
50 65
1 5
80 95
12 14
69 75
51 54
8 14
73 85
82 90
76 88
68 74
94 96
47 67
23 30
32 54
71 80
79 98
80 93
23 37
16 35
49 58
28 40
48 70
56 60
27 34
52 74
83 89
52 71
83 95
64 70
29 39
9 21
54 59
23 32
85 95
86 96
24 33
41 61
73 93
16 22
52 71
49 53
24 28
83 91
57 69
4 16
85 92
50 57
27 31
74 81
5 6
19 29
61 69
42 46
53 67
51 65
70 83
62 69
19 24
89 97
8 14
15 27
30 34
71 85
77 83
13 16
11 20
62 72
53 65
39 48
50 56
47 83
36 48
83 90
50 56
28 44
7 20
43 53
38 43
49 99
27 37
90 94
25 34
55 59
74 83
41 45
81 84
37 48
27 36
26 33
15 29
4 6
67 81
16 29
8 17
14 17
27 33
34 41
42 58
18 25
70 82
46 59
40 47
53 57
4 34
7 16
35 52
60 78
45 46
65 70
92 97
17 41
70 86
62 76
19 29
47 68
51 55
35 61
57 76
85 93
43 46
9 32
82 91
75 82
86 92
27 33
59 70
74 81
26 34
44 57
75 79
75 85
73 77
50 54
36 53
10 21
66 72
41 46
62 85
87 93
8 23
21 27
17 31
58 73
60 66
40 58
88 96
7 14
20 32
56 81
91 100
69 81
81 85
32 44
43 54
2 8
2 8
75 88
74 81
48 53
55 61
70 74
31 38
40 53
20 29
72 94
54 60
72 81
44 58
94 100
73 82
45 59
2 11
40 46
10 14
36 41
33 46
36 47
80 84
62 93
83 93
45 49
56 60
5 13
45 56
65 80
45 50
78 95
3 31
80 86
69 78
61 88
76 84
59 78
65 70
49 66
17 32
84 96
20 22
36 56
42 52
91 99
6 20
50 67
43 53
56 67
37 54
72 82
23 37
46 53
64 80
63 69
66 68
23 31
66 85
44 56
6 13
26 32
79 86
91 97
53 59
34 41
79 86
53 58
71 86
37 43
69 71
19 30
16 19
27 40
80 94
40 49
38 67
20 33
9 51
93 95
68 81
12 20
58 63
30 36
67 90
41 45
7 14
64 68
77 92
5 11
21 31
64 69
65 73
73 90
82 87
69 76
86 95
58 65
4 9
4 32
93 97
14 17
42 50
52 64
89 98
5 27
12 38
90 96
66 77
66 73
10 18
87 94
89 99
64 70
5 14
50 63
51 60
68 81
34 36
34 43
71 77
68 74
26 45
77 89
43 47
28 42
80 82
31 36
18 36
21 33
92 99
61 74
41 44
46 49
59 65
51 58
7 9
1 8
32 37
30 47
35 48
33 36
19 29
87 93
21 49
28 32
3 9
35 46
47 66
68 76
64 67
55 61
59 70
62 70
68 77
10 18
24 51
67 72
29 46
19 27
41 52
11 14
31 34
11 19
57 74
57 70
22 38
9 24
77 83
15 26
66 82
68 75
27 38
15 22
48 65
66 75
23 38
57 69
10 23
35 50
2 9
10 17
82 88
15 18
52 67
76 93
42 46
89 100
79 94
67 75
20 38
19 28
17 30
41 51
52 83
54 70
43 56
53 66
91 97
5 12
15 37
70 95
11 18
20 31
28 31
8 16
34 43
14 22
17 27
78 84
65 86
72 88
75 83
79 89
73 86
74 89
76 84
43 49
16 45
8 23
58 65
67 79
55 58
32 38
86 96
80 92
82 88
7 22
58 69
35 54
64 73
43 45
15 20
80 84
34 39
11 14
62 76
13 18
22 40
27 35
5 23
5 21
56 63
37 42
16 25
9 18
75 85
15 26
90 93
61 70
70 74
68 74
44 51
11 18
5 13
89 94
50 62
91 99
1 5
82 92
59 73
18 32
88 97
26 33
43 49
33 38
3 10
55 71
78 99
82 85
15 26
79 84
52 61
62 72
27 39
88 95
58 65
48 53
4 24
91 97
5 16
54 59
21 38
79 89
27 30
53 62
6 35
48 52
91 95
11 19
75 90
4 8
63 69
19 27
85 96
5 74
61 74
7 17
77 84
70 91
42 52
41 61
44 64
56 68
32 68
60 69
45 49
73 90
91 97
14 30
25 37
83 95
16 29
40 57
68 75
65 88
79 82
28 33
22 32
15 32
41 52
35 50
5 19
19 27
83 95
10 16
2 18
10 19
35 51
9 16
84 93
21 32
93 98
18 25
78 83
86 95
33 45
15 37
77 88
4 9
27 32
3 18
70 84
50 61
73 84
81 97
30 48
12 17
62 71
77 81
18 33
69 76
62 68
52 69
91 92
18 47
11 23
32 39
31 65
61 77
74 80
69 73
77 94
38 49
57 70
48 72
87 89
85 90
6 16
63 95
66 76
11 29
1 20
11 15
51 54
41 58
3 18
37 57
18 23
77 86
93 97
42 54
50 75
21 29
74 79
71 92
24 49
45 88
28 32
11 15
4 23
73 79
33 49
65 76
25 34
47 52
64 80
22 65
47 53
91 93
37 45
6 12
86 97
14 22
1 4
44 55
40 42
71 75
10 12
76 81
61 80
20 26
29 36
79 94
42 46
12 24
6 11
18 34
69 82
34 44
24 35
71 79
63 71
79 83
18 27
64 79
43 46
51 66
81 94
29 65
51 70
69 76
42 58
71 77
52 58
43 79
7 19
22 27
9 15
79 96
2 6
16 32
35 38
3 17
68 71
15 26
73 78
8 16
79 93
2 10
87 97
34 39
62 79
37 45
8 20
47 53
24 34
7 12
17 24
69 97
10 15
1 8
11 18
56 61
49 57
46 53
18 26
44 49
56 80
42 56
1 4
3 9
78 83
42 55
36 45
89 100
77 100
45 71
48 51
56 85
27 35
40 46
89 93
14 21
27 39
9 10
9 17
10 28
40 51
84 99
42 56
59 69
68 75
77 99
27 35
80 94
59 63
56 65
56 72
59 64
57 63
54 65
3 25
46 59
2 25
10 29
77 82
95 99
63 68
11 12
78 82
23 42
53 57
50 55
68 76
32 43
3 29
55 60
32 36
12 19
20 38
32 47
84 86
15 19
67 84
90 95
27 31
7 9
11 16
78 79
60 82
39 53
6 17
56 69
59 61
2 24
23 36
61 67
82 98
8 18
25 31
38 41
33 49
9 25
30 54
44 58
50 68
5 13
23 61
40 43
73 77
58 66
34 40
43 53
11 15
13 22
47 57
32 47
70 76
47 69
58 62
80 81
3 18
16 18
69 85
44 51
76 81
1 18
92 98
50 59
18 63
28 34
35 47
59 66
51 54
81 89
68 74
37 45
51 53
2 13
32 37
9 24
65 83
60 63
96 99
9 17
55 63
66 91
28 39
13 19
48 63
56 59
74 85
53 69
84 88
20 40
14 19
37 39
77 84
23 33
3 9
19 22
5 80
57 61
82 97
85 93
74 86
93 96
56 64
87 100
51 58
44 51
75 88
84 96
58 60
29 34
57 71
78 99
31 49
4 9
65 73
71 77
56 58
18 29
4 17
14 25
74 80
75 84
14 22
39 42
58 71
83 86
11 20
8 14
63 67
53 62
52 57
94 97
1 21
7 18
20 34
55 59
62 64
56 72
36 64
49 57
14 19
27 49
90 98
34 44
30 38
83 92
73 82
20 29
85 96
34 38
63 72
61 69
43 66
88 91
15 36
83 92
32 34
8 18
20 41
72 81
54 66
27 61
44 51
37 49
65 73
24 38
86 92
6 16
11 24
20 24
37 45
49 57
30 36
15 29
23 31
86 100
73 80
14 28
4 18
54 71
17 29
43 49
30 60
21 25
35 37
87 98
70 72
9 19
7 15
1 8
40 48
52 56
44 52
70 86
81 85
75 84
50 58
13 20
62 72
54 57
83 95
92 99
71 82
13 19
75 83
22 29
27 31
52 58
37 42
27 52
77 85
37 40
45 51
19 25
45 51
46 51
18 78
54 75
53 57
58 67
20 33
35 43
55 66
2 15
89 98
41 58
24 44
7 29
56 61
2 5
26 30
11 14
68 75
49 65
16 32
78 86
38 88
10 21
46 57
83 96
23 73
70 79
70 78
26 31
54 62
14 20
74 94
29 34
83 94
57 69
34 49
53 60
17 23
37 45
31 71
66 72
82 94
14 20
50 58
51 69
86 93
17 34
45 65
71 79
68 78
63 71
86 90
12 28
73 84
21 29
65 77
54 69
51 61
10 16
38 54
87 99
93 100
72 80
49 55
58 70
85 91
61 75
32 45
32 35
44 60
9 19
87 93
41 50
84 89
46 51
24 34
7 13
8 19
38 49
83 94
78 89
70 74
20 33
70 76
54 67
35 44
21 40
44 55
76 79
85 92
36 49
88 98
7 27
88 95
58 76
23 30
4 7
19 26
6 11
14 19
82 93
5 18
28 54
19 26
77 85
48 56
4 14
84 99
56 89
34 43
15 31
13 42
74 87
85 95
29 39
34 38
17 27
11 18
35 43
20 36
31 56
30 37
78 83
73 92
27 31
52 81
32 44
74 82
23 30
56 92
15 23
39 66
45 53
70 90
62 74
13 22
84 91
13 26
86 88
18 27
64 82
86 98
14 20
19 64
48 58
83 100
76 77
10 22
29 32
11 14
6 14
90 96
78 93
90 94
70 95
42 54
42 46
82 86
13 17
10 15
57 92
29 33
31 32
51 57
74 98
74 81
96 100
50 59
44 54
25 43
33 53
13 22
29 43
24 42
37 48
85 89
95 99
88 99
83 86
21 31
58 78
62 71
10 15
77 83
84 92
3 37
81 93
43 67
68 73
52 57
24 38
50 59
20 43
27 33
23 34
85 86
36 43
86 88
66 77
4 12
30 48
21 26
86 100
54 66
57 65
62 75
55 69
47 61
15 40
11 15
41 46
95 100
4 14
63 81
30 42
31 39
42 44
73 78
45 60
69 80
88 94
58 65
43 67
54 76
62 69
56 63
85 87
65 87
65 93
67 86
50 54
37 51
39 49
55 66
50 60
61 69
39 51
49 59
30 33
62 78
77 89
45 53
25 35
78 95
20 27
13 20
19 31
41 78
10 26
76 79
34 45
82 92
87 92
65 85
52 59
56 61
55 60
44 68
3 13
32 54
23 35
39 43
43 56
30 44
19 49
46 53
7 35
6 12
49 54
42 66
90 98
44 49
72 79
81 86
23 37
53 59
60 67
91 100
30 34
77 88
73 82
64 68
43 47
39 46
83 90
12 23
83 99
70 77
36 43
38 41
41 55
51 66
55 70
63 67
46 52
42 50
79 84
4 10
21 27
64 76
27 33
31 43
62 80
33 52
10 16
65 89
66 83
13 16
73 85
68 73
43 73
29 35
85 99
72 79
18 26
51 64
73 94
27 37
9 12
59 96
77 94
91 96
58 62
60 66
23 34
27 40
26 38
59 64
39 59
32 37
18 33
78 94
23 31
50 69
4 10
46 61
60 67
7 19
3 25
17 26
16 42
17 23
58 68
70 77
39 45
55 61
31 42
50 66
48 58
65 75
18 40
6 11
13 23
68 73
76 85
27 39
55 58
35 61
57 63
13 19
67 75
67 84
39 79
18 28
18 51
30 40
23 29
5 7
53 70
68 83
72 79
47 51
11 19
84 95
51 81
7 19
35 46
71 85
4 10
26 42
86 90
29 41
21 31
90 94
37 44
49 73
31 36
58 63
9 15
51 56
68 83
40 44
78 87
50 57
13 27
17 44
82 93
38 42
59 66
26 34
6 17
1 11
68 94
32 38
16 29
8 12
48 70
60 64
68 92
12 27
55 63
40 52
10 19
15 20
47 52
45 49
26 60
13 32
69 73
54 64
26 50
2 15
72 89
5 17
52 55
35 42
29 56
57 63
48 66
42 58
66 75
87 97
35 40
61 70
39 48
30 40
72 79
13 25
91 97
32 40
12 13
51 55
20 32
65 75
33 41
70 76
78 89
55 66
92 99
26 44
68 72
30 35
75 89
62 76
49 61
95 98
10 22
61 73
77 86
22 27
91 95
81 93
21 28
84 90
20 34
45 48
71 78
69 75
86 100
13 33
44 66
88 97
62 85
93 100
34 50
15 67
92 94
32 47
27 28
36 42
63 71
60 63
79 86
80 89
86 96
82 94
7 19
36 44
77 98
73 89
10 13
16 25
44 51
72 82
48 51
3 9
68 91
91 98
30 38
16 24
26 41
78 88
50 57
36 42
80 94
42 73
16 22
5 11
33 66
16 26
3 16
2 10
62 73
10 17
44 45
35 48
35 61
76 81
69 73
67 73
57 59
71 81
35 58
18 45
43 58
40 54
55 79
28 37
3 16
67 70
16 27
29 38
61 75
57 62
57 65
12 39
51 62
7 29
58 62
55 60
81 85
15 18
96 99
36 41
35 43
95 98
69 77
70 88
83 93
16 18
49 72
69 74
34 50
72 77
19 31
44 52
71 78
71 78
8 15
57 77
60 69
34 57
60 89
77 88
6 18
58 61
67 79
54 57
76 80
72 77
23 26
31 38
33 34
16 32
54 77
45 59
66 70
12 25
12 18
3 17
86 98
32 38
71 91
57 68
46 53
67 72
43 53
46 73
75 84
85 95
20 32
90 94
90 98
64 77
41 53
45 50
84 91
14 30
88 97
54 83
34 40
82 93
53 54
70 78
24 28
82 89
74 82
47 61
66 70
68 74
2 22
30 37
1 7
88 94
51 70
17 35
18 30
76 81
22 25
16 21
10 25
17 25
46 62
47 51
86 98
27 39
66 85
80 84
26 33
11 30
8 16
74 87
57 72
74 85
29 42
17 29
42 51
41 50
28 36
53 61
10 27
22 32
32 47
53 72
42 56
94 100
46 64
39 54
3 14
51 78
6 21
87 98
12 51
26 40
19 40
79 91
3 17
10 18
63 77
74 80
78 94
37 52
31 38
44 59
5 25
53 68
80 88
24 30
87 96
60 63
72 92
66 68
85 96
6 17
20 39
34 69
75 89
88 94
29 62
42 57
49 58
72 87
73 76
25 44
46 51
57 68
90 99
20 28
28 44
47 85
4 24
32 34
78 91
29 31
90 94
31 46
1 16
33 43
3 7
7 19
4 7
25 53
36 64
21 26
5 16
30 36
8 16
56 72
35 48
79 86
73 77
5 23
3 5
48 50
73 81
1 3
20 31
16 19
17 28
48 64
11 23
74 85
37 58
12 18
15 22
60 79
40 56
35 39
28 43
1 5
89 92
91 99
16 44
18 31
60 84
67 72
50 61
20 29
49 60
79 87
18 25
60 65
51 64
63 74
19 25
79 90
74 83
43 55
55 68
37 65
69 72
62 79
43 47
35 54
44 60
21 43
30 32
94 98
89 95
75 80
79 84
3 9
3 10
5 9
4 7
21 25
44 52
2 7
29 38
2 13
86 92
38 62
79 90
28 40
82 87
8 15
42 60
3 39
15 22
8 10
96 99
53 59
78 87
49 54
50 55
16 31
18 19
3 14
88 100
63 73
1 17
63 69
5 17
37 43
32 41
55 72
74 100
68 75
85 92
36 40
65 72
80 90
67 87
38 49
27 39
64 66
85 89
89 96
83 93
50 57
43 53
33 41
60 74
39 52
4 12
43 46
40 58
85 91
48 75
46 52
6 15
53 69
80 85
52 64
54 60
16 24
81 87
9 15
64 68
54 63
77 84
28 47
22 26
30 36
67 94
47 65
54 61
20 37
82 94
14 24
67 83
15 44
42 64
75 84
15 22
13 20
21 34
20 31
4 17
42 50
25 31
20 30
44 49
38 48
61 68
27 42
31 44
33 53
86 98
37 48
31 57
25 32
71 78
33 50
61 79
64 69
54 96
7 22
60 66
52 72
45 52
9 13
42 57
40 47
49 59
23 46
11 28
93 99
70 72
90 97
62 66
6 19
72 78
13 22
29 34
37 45
48 60
31 44
2 21
20 43
43 66
75 82
50 59
23 37
25 40
21 30
11 21
5 25
26 59
57 66
71 76
42 45
61 69
36 44
16 24
13 18
46 53
84 92
33 38
16 21
3 9
78 84
15 24
54 61
60 68
68 78
64 76
35 42
23 57
25 33
34 39
72 82
73 79
29 30
58 71
14 19
43 65
51 78
30 37
93 98
30 39
68 85
80 100
62 70
15 42
63 70
89 97
74 86
16 34
77 87
63 67
46 63
79 90
3 26
30 35
39 64
16 21
80 88
11 23
7 13
55 66
4 13
30 46
41 47
91 98
66 79
47 67
43 49
73 84
16 38
61 65
22 36
4 23
15 23
7 16
73 86
25 30
29 31
29 37
5 23
53 58
60 80
62 73
48 56
44 52
18 23
43 58
81 86
41 85
91 97
39 41
17 22
10 16
56 64
65 77
62 71
63 92
33 49
81 86
34 55
22 28
54 70
25 38
24 37
22 43
72 83
22 31
70 74
34 42
80 83
40 52
92 100
69 73
44 56
40 79
50 66
7 17
31 65
56 62
24 35
29 38
64 74
62 64
76 90
7 11
63 74
74 79
68 75
73 84
4 16
60 81
61 76
80 85
41 61
17 21
29 33
78 99
11 18
65 75
78 84
72 75
10 15
46 54
77 84
84 91
77 80
45 56
68 70
43 61
59 71
32 50
73 83
57 77
49 58
35 44
60 74
53 59
69 70
42 52
56 61
61 71
71 91
71 90
70 75
14 25
11 24
38 44
13 36
86 97
17 21
57 64
62 71
39 64
60 68
14 24
85 92
36 47
58 66
64 77
40 50
9 22
8 20
52 64
29 43
17 33
6 14
32 45
6 17
43 57
79 91
75 84
3 6
74 82
54 66
50 56
47 70
29 34
52 55
16 28
9 19
53 60
10 18
37 40
43 54
3 10
76 82
26 35
15 21
2 10
17 28
60 73
44 53
49 56
89 94
50 55
87 95
80 84
12 23
2 16
42 50
49 70
4 10
55 66
6 16
8 23
16 34
63 75
20 22
43 50
50 59
78 86
54 58
65 93
34 56
64 73
83 92
21 24
4 11
21 29
31 36
2 10
15 26
43 51
26 30
7 36
17 21
74 84
45 50
58 63
17 37
10 13
9 14
44 49
35 37
25 34
22 28
52 64
85 86
29 59
53 68
41 47
30 36
57 69
2 50
8 35
46 51
53 55
79 97
73 76
27 34
38 43
68 78
16 36
66 72
76 81
63 80
34 56
42 54
40 47
22 27
5 18
67 68
28 34
87 92
78 86
14 39
66 76
92 98
47 56
72 80
27 31
81 84
54 67
85 94
86 100
20 36
46 57
27 30
75 79
13 50
38 53
36 38
55 56
48 56
79 87
27 50
31 40
18 29
81 95
3 12
18 38
36 71
2 27
61 67
37 50
50 77
40 59
63 94
59 66
11 21
22 33
5 8
66 84
55 65
93 100
47 56
53 63
24 30
25 36
86 90
31 37
36 38
69 82
11 14
69 76
51 66
5 13
21 23
67 73
32 42
72 79
71 80
62 73
90 97
89 98
12 17
34 43
87 93
51 55
2 9
27 32
22 29
78 91
18 26
80 87
40 44
40 46
67 81
44 56
36 42
34 46
95 100
26 33
62 79
42 58
33 41
42 52
81 86
24 33
40 47
37 52
4 6
28 44
82 89
46 68
68 76
61 78
16 26
24 29
90 100
69 73
57 76
49 73
84 92
67 77
6 14
1 8
41 50
9 27
28 48
3 32
33 51
53 68
92 95
45 52
49 55
54 67
44 51
77 83
21 45
76 80
70 88
68 73
51 64
67 74
41 52
53 64
37 47
84 85
43 49
82 89
15 32
65 84
22 26
2 20
44 60
6 11
73 85
42 54
55 63
12 15
27 36
63 72
33 44
7 27
49 63
22 27
12 15
23 43
35 40
67 75
6 13
49 57
29 37
88 95
44 53
31 47
75 92
24 39
61 65
84 90
72 85
63 74
77 92
5 21
8 16
21 71
51 70
40 68
74 80
1 17
44 48
12 18
59 68
2 16
31 38
26 34
45 52
59 82
15 20
52 62
2 42
39 67
50 73
71 79
70 76
42 48
53 62
85 94
76 81
25 34
38 53
40 46
9 26
58 79
28 34
3 10
48 51
70 81
47 51
13 17
13 26
58 89
14 23
32 53
65 74
47 52
14 33
24 33
12 26
70 86
50 54
25 29
27 48
82 90
59 67
17 28
80 86
14 29
24 27
18 24
45 50
18 26
64 74
43 56
73 84
34 42
23 35
96 100
30 84
87 90
49 59
79 96
31 34
41 45
13 25
90 96
32 44
66 74
30 55
21 24
52 76
51 70
82 92
78 90
67 83
17 38
1 11
20 29
53 70
36 70
43 46
48 61
29 41
35 40
39 45
19 22
51 63
77 88
74 88
37 48
70 77
29 39
36 39
87 94
82 90
40 51
70 82
66 72
56 58
88 96
26 36
23 31
35 41
48 58
67 70
75 87
41 61
33 39
87 93
14 25
85 94
36 69
3 16
3 6
5 14
3 9
27 38
20 54
64 70
13 33
22 25
51 66
41 52
45 55
59 61
1 18
59 63
27 43
36 60
50 60
65 71
38 46
12 26
58 70
47 52
50 89
81 85
48 84
79 95
23 34
64 78
35 51
52 61
15 21
10 36
36 59
63 74
29 43
48 63
57 65
36 74
6 15
2 14
27 41
46 56
53 76
59 87
4 16
31 50
40 56
26 38
20 27
49 68
22 26
73 89
87 93
52 65
87 91
64 78
87 96
12 22
46 54
37 56
17 21
13 25
51 56
25 32
13 24
53 57
23 28
78 83
75 92
79 85
84 94
91 99
75 80
6 20
70 76
66 74
67 77
4 10
48 50
31 38
93 99
69 81
55 83
74 91
48 60
61 69
30 40
48 63
38 47
66 76
6 9
79 90
90 92
22 27
58 80
20 49
57 62
3 8
28 38
90 100
29 46
22 29
13 28
73 88
1 25
47 56
58 69
2 9
18 42
59 66
41 49
59 66
46 56
6 8
20 33
16 27
83 92
26 37
58 71
29 32
41 58
10 20
53 64
47 54
85 97
59 76
75 94
60 67
78 92
91 97
51 68
33 37
75 82
34 51
63 66
60 74
36 72
53 67
66 72
72 74
75 92
32 38
6 20
27 57
78 90
27 31
62 72
51 65
72 95
59 72
80 87
64 75
40 51
57 67
11 36
57 65
49 72
27 47
8 15
43 52
89 91
14 23
1 13
71 82
28 36
60 69
17 36
25 32
61 80
44 49
18 21
25 30
76 87
34 46
89 96
46 78
31 41
26 32
24 43
25 28
7 12
31 54
3 19
27 29
18 29
72 81
21 28
25 73
50 57
53 58
37 43
14 26
44 61
37 42
75 80
48 52
4 6
23 43
74 78
56 63
54 62
66 75
61 82
87 92
60 66
12 42
61 63
81 94
10 16
69 72
17 40
30 33
24 34
33 43
78 86
52 70
28 85
46 63
67 86
18 22
1 6
62 79
22 31
13 27
66 78
46 48
12 23
21 24
50 64
