100 20 20 19
00000000000000000000
00000000000000000000
00001000000000000000
00000000000000110000
00000111111100000000
11100000000000000000
00000000000000011000
00000000000000000111
00000000111110000000
00001000000000000000
00000000000000011111
00000000001100000000
00000000000011000000
11111100000000110000
00000000000000000000
00000110000000001000
00000000000000000000
00000000000000000000
00000000000000000000
0000000010000100000
0000000010000100000
0000000010000100000
0000100010000100000
0000100010000000000
0000000010000000000
0000000010000000000
0000000010000000100
0000100010000000000
0000100100000000000
0001000100000010000
0001000000000000000
0001010001010000000
0001010001000100000
0010100001000101000
0010100001000101000
0010001001000100000
0000000001000000000
0000000001000000000
0000000001000000000
3804
74 81
40 52
43 57
33 39
3 8
76 85
87 92
27 37
2 11
68 80
27 30
47 56
29 66
40 53
81 88
74 80
26 28
46 71
89 93
28 31
6 44
47 67
74 81
34 41
70 81
88 93
70 91
79 84
40 51
85 94
15 20
11 16
15 24
5 17
10 30
27 37
10 24
42 49
31 45
89 93
27 32
6 14
27 30
1 7
57 64
39 46
44 55
9 19
47 55
23 32
66 74
55 58
8 24
4 20
30 38
11 18
91 98
47 54
57 94
71 77
13 17
30 40
1 24
84 95
41 46
22 45
75 94
52 56
46 55
56 74
72 79
4 21
73 74
42 57
32 50
89 99
91 96
41 49
24 30
2 5
24 29
18 32
36 47
16 23
2 7
67 80
54 58
5 9
55 66
49 75
81 86
8 14
42 48
11 25
66 73
1 15
7 11
43 45
12 19
68 74
72 86
63 82
50 75
3 9
49 68
60 80
80 87
2 13
4 17
40 49
20 28
53 79
29 35
48 68
22 29
75 78
68 71
19 23
85 88
82 86
47 69
46 65
44 61
60 64
13 43
90 97
24 35
6 39
45 56
1 10
17 22
41 54
80 87
38 47
30 38
40 50
40 56
55 67
48 56
60 76
35 38
81 86
45 84
65 96
32 36
68 91
76 81
35 40
84 88
12 24
11 26
87 100
39 41
8 14
34 37
56 65
61 65
89 94
39 50
42 54
98 99
87 91
61 75
42 57
5 18
81 86
56 59
91 100
33 51
40 49
54 60
49 65
48 50
6 9
79 82
70 79
92 98
7 18
43 56
79 87
18 27
27 34
73 81
29 37
78 86
36 55
33 53
32 38
69 76
9 26
53 62
53 78
50 74
22 28
65 86
57 61
70 79
42 53
57 64
87 93
62 73
16 35
30 40
47 59
73 81
89 100
30 51
52 62
64 72
55 62
20 32
21 33
32 37
38 41
14 25
68 77
32 33
55 75
15 21
18 34
60 69
35 38
3 20
16 41
60 66
56 63
40 50
31 39
59 71
54 63
94 100
11 20
58 75
64 77
89 93
18 32
12 15
46 68
46 84
35 41
87 96
7 14
53 56
35 44
11 24
88 94
76 80
74 78
38 43
34 38
41 47
75 91
88 96
58 62
10 14
60 68
10 13
35 43
74 86
92 98
34 54
68 83
12 20
78 90
68 74
62 81
72 82
15 18
84 95
89 92
72 75
15 26
41 50
17 39
89 98
16 24
47 52
16 23
8 24
91 99
74 79
40 48
30 31
40 54
72 80
44 48
26 35
68 83
22 46
30 35
41 57
32 58
15 23
39 40
29 37
45 60
23 31
86 93
79 97
15 24
23 40
93 100
21 30
44 50
17 25
50 55
47 53
47 53
19 44
61 78
5 18
92 96
45 50
13 23
71 74
94 100
88 91
73 81
23 42
79 87
80 83
33 51
35 43
88 94
40 52
52 63
55 69
21 61
44 66
89 97
70 84
41 47
31 36
49 52
56 69
84 86
57 63
69 88
87 97
40 56
4 5
10 16
79 83
13 16
72 80
89 96
3 27
28 34
54 65
32 43
43 47
25 40
81 88
19 49
15 28
33 43
74 76
47 51
23 26
20 23
22 27
19 31
4 31
30 39
22 26
31 34
58 66
43 48
34 52
14 31
49 60
83 93
78 86
23 27
42 45
6 18
32 43
3 29
25 35
35 47
29 34
18 33
70 78
15 18
16 26
49 57
80 85
15 24
23 40
51 58
6 13
89 93
70 76
55 73
68 81
84 91
89 94
17 29
5 24
24 86
77 81
9 21
43 48
68 82
74 77
30 39
68 72
87 96
63 89
58 66
43 50
63 67
34 42
4 11
82 86
19 31
42 86
14 24
16 25
2 8
66 74
38 49
91 97
22 29
44 64
68 81
47 78
47 61
69 77
13 27
70 77
32 76
17 28
9 15
96 98
29 37
33 41
84 92
19 52
64 70
91 95
60 74
58 81
12 27
25 35
44 52
60 67
67 76
39 47
32 49
61 81
71 77
11 16
74 97
77 83
47 52
46 51
24 33
95 100
83 96
3 9
3 16
60 73
94 100
28 41
82 89
31 44
70 77
38 40
80 91
88 95
19 34
8 15
78 84
87 100
57 64
11 21
86 100
7 16
16 29
17 22
43 50
42 59
87 94
31 40
13 22
49 59
82 86
55 59
88 90
53 60
10 15
48 64
11 22
37 44
12 23
59 69
76 93
33 59
22 42
62 97
42 60
28 39
37 44
52 59
49 60
40 44
81 88
18 41
63 68
93 98
17 26
87 100
21 35
86 91
30 38
29 40
47 52
55 62
76 87
92 97
40 50
25 33
61 63
11 15
57 62
79 90
17 27
42 55
32 56
28 33
12 16
43 85
79 83
55 87
12 30
41 46
11 19
53 60
21 34
66 74
59 74
31 50
18 26
41 50
32 41
18 28
28 32
67 82
27 36
1 4
93 98
80 85
77 90
29 33
17 21
33 49
86 100
6 9
14 23
1 9
69 76
27 36
53 57
62 76
90 98
48 61
56 64
77 92
55 66
63 72
70 81
41 61
88 92
16 22
49 62
50 64
43 54
28 45
57 71
39 50
85 89
39 43
27 40
77 80
2 11
73 82
73 78
63 68
45 51
73 76
14 33
12 54
57 78
94 100
75 87
1 4
19 23
15 21
40 46
29 33
24 33
60 66
76 81
82 95
60 69
87 92
58 67
59 62
24 43
54 76
7 12
45 60
72 90
76 85
39 73
49 75
63 82
22 28
65 73
74 83
62 69
31 33
44 51
69 75
30 37
57 67
29 32
29 35
14 28
18 28
20 30
55 59
39 52
80 87
21 34
50 59
14 27
50 63
93 100
9 24
51 63
19 22
83 93
31 39
28 34
59 70
20 37
68 84
30 66
6 12
47 53
25 34
83 100
64 72
61 69
88 94
27 35
64 67
43 53
83 97
10 20
66 77
70 78
30 63
79 83
11 20
25 33
27 35
3 16
32 46
20 27
7 11
92 94
48 66
54 62
69 75
25 60
63 68
67 82
73 97
16 25
83 88
22 30
34 51
7 14
84 98
82 88
61 69
69 73
44 58
49 67
65 68
46 63
71 83
68 85
70 82
32 43
10 26
43 51
48 65
84 91
28 36
31 34
12 25
17 19
1 7
49 62
10 14
83 88
63 85
53 60
51 58
41 47
88 94
66 78
92 97
18 26
68 75
80 84
36 40
80 84
55 58
48 54
90 95
54 64
53 56
19 25
26 35
13 25
3 5
4 8
49 59
68 75
3 25
31 70
25 31
33 56
4 6
27 41
12 23
58 67
34 45
17 31
12 24
45 54
16 25
55 63
84 86
1 9
7 29
14 21
66 77
84 97
46 74
71 73
20 39
26 38
49 54
4 9
11 19
90 97
35 46
29 31
70 71
16 28
77 83
78 85
41 43
30 43
21 37
30 40
87 96
40 51
27 35
49 72
85 89
16 31
34 47
76 79
49 56
82 92
85 94
46 56
42 48
84 90
19 31
72 80
5 11
16 24
41 58
81 100
20 67
17 23
56 62
31 38
14 23
49 66
1 8
48 61
76 94
90 97
66 74
39 53
57 66
20 48
39 69
67 83
82 87
55 78
1 14
12 21
20 27
90 96
62 76
37 42
31 39
6 20
37 48
89 97
55 75
19 35
44 49
97 100
26 39
68 78
53 60
11 38
30 45
33 42
2 7
51 61
1 14
38 57
72 79
24 40
86 96
54 62
10 23
63 69
36 43
17 27
12 18
29 32
41 49
52 61
49 61
87 93
4 12
59 68
55 64
4 15
94 97
50 55
52 76
8 18
43 65
4 27
59 64
69 72
94 99
71 81
11 24
57 62
89 100
26 50
41 50
47 59
45 62
80 89
69 75
1 9
22 25
71 79
4 17
2 6
42 55
66 76
17 30
48 63
62 72
39 46
91 99
25 27
61 76
31 38
52 64
53 59
31 35
41 48
79 90
78 99
54 62
4 11
57 65
31 35
94 98
39 43
77 86
86 88
55 76
45 51
32 37
4 27
51 67
46 49
87 97
59 65
58 84
22 26
34 53
66 81
51 59
65 75
6 7
64 84
5 8
59 74
52 72
49 58
85 92
72 91
20 25
7 23
93 100
63 69
53 64
19 29
94 100
36 54
6 11
89 96
4 10
33 37
6 14
49 53
64 95
78 85
28 56
32 91
41 46
27 52
43 47
33 41
83 88
6 17
68 79
18 63
22 28
35 51
18 54
15 23
70 74
26 35
48 77
69 88
10 13
12 22
14 24
75 79
4 27
7 25
84 91
80 92
15 21
89 98
6 54
24 29
19 61
45 59
71 75
81 86
80 94
73 90
71 95
69 73
83 89
65 75
15 27
62 66
80 87
22 31
6 25
64 75
67 83
59 62
26 35
91 95
48 56
32 51
37 46
44 56
16 21
54 57
88 92
52 59
78 87
1 19
8 9
5 15
74 76
54 62
48 54
75 78
42 55
63 76
44 46
9 13
39 45
59 66
81 94
38 46
63 88
28 36
21 24
10 17
43 65
61 69
30 43
63 68
72 77
47 56
49 67
15 20
21 30
16 28
78 86
34 38
83 91
3 15
22 32
55 57
4 20
47 54
48 54
83 85
87 88
3 9
86 91
61 84
26 34
27 76
66 70
43 49
14 26
38 53
50 59
3 5
60 75
9 31
58 68
83 89
26 59
75 99
81 95
43 52
37 50
70 79
30 44
23 36
62 76
42 50
79 84
46 51
89 93
36 64
46 62
85 89
72 82
20 25
22 41
56 69
32 45
49 66
39 51
37 48
16 36
69 82
84 92
87 100
80 91
24 41
53 62
36 41
80 85
41 50
19 30
80 96
10 24
50 65
19 36
33 41
56 68
41 68
37 43
90 94
7 11
16 26
18 30
62 75
53 63
44 55
47 59
72 84
57 74
37 45
33 46
36 42
83 95
67 90
14 25
45 58
7 10
73 92
63 69
64 86
68 77
70 74
67 74
2 42
47 57
82 87
30 54
72 75
42 53
44 50
3 30
16 25
34 38
74 86
8 18
52 54
79 83
29 36
53 56
93 100
2 6
59 63
38 57
27 41
40 45
1 13
3 17
91 99
37 45
19 23
85 93
19 38
31 39
7 16
67 74
38 44
63 74
16 23
40 47
47 72
42 48
54 61
84 88
33 38
73 83
33 55
62 69
55 68
80 89
30 53
13 31
81 94
17 27
68 95
51 57
68 82
4 11
14 18
44 47
51 63
22 33
2 5
62 66
41 47
66 77
85 96
40 57
59 66
89 93
88 96
88 98
45 69
96 100
10 15
47 64
36 49
26 35
15 27
34 62
26 41
41 86
72 77
30 41
7 19
24 29
33 36
86 97
44 59
91 95
69 99
33 43
48 68
95 99
10 26
15 33
80 86
59 65
33 41
3 16
87 93
68 83
31 47
78 84
69 77
32 37
74 88
58 73
31 36
83 94
50 54
7 18
85 92
64 79
32 42
27 29
77 88
70 76
5 14
55 76
14 23
84 87
13 15
60 68
73 89
6 11
27 44
55 59
37 44
54 82
66 80
29 33
3 18
31 42
20 45
9 25
40 43
76 93
71 78
36 43
78 88
12 46
62 73
48 53
61 76
51 63
16 23
49 63
26 30
80 98
34 39
12 21
42 47
21 31
76 84
20 38
61 78
47 54
76 87
92 95
66 75
88 100
76 92
13 17
19 25
31 57
35 40
42 49
78 84
38 68
85 99
35 38
24 48
81 86
34 47
63 69
49 61
49 89
88 96
59 65
5 13
80 88
40 55
72 79
31 46
5 11
40 46
34 68
6 11
55 59
30 40
42 55
37 41
38 54
21 31
34 41
51 63
31 43
81 84
22 28
41 46
90 97
35 46
67 77
62 70
45 56
56 61
86 92
54 58
85 92
47 57
26 30
2 38
38 48
83 93
44 93
59 80
62 74
39 54
30 38
37 43
11 15
39 51
64 75
37 45
37 56
72 93
1 5
83 97
35 40
79 81
32 53
64 71
80 87
44 61
19 23
5 13
65 87
96 100
13 19
3 10
65 78
10 23
79 83
72 86
63 85
58 74
26 30
33 39
77 83
15 22
53 63
78 98
66 69
89 100
51 60
63 81
6 14
71 77
62 71
65 72
27 34
52 61
6 29
76 82
13 35
51 65
2 10
24 41
82 87
1 11
24 28
35 50
12 21
37 47
44 64
5 27
49 73
32 40
76 86
84 94
36 40
55 67
56 61
96 98
10 15
96 100
10 43
54 75
26 38
71 83
31 38
9 11
38 48
38 44
47 66
34 38
48 53
82 96
40 48
18 23
34 45
74 83
26 37
29 36
38 59
13 20
35 48
41 47
83 95
60 82
77 85
43 53
30 41
31 48
67 73
5 10
25 40
42 57
42 64
81 93
83 89
43 50
37 44
59 66
80 85
55 61
78 86
76 95
28 39
84 96
24 60
49 52
80 94
87 91
50 75
68 73
84 97
74 79
21 33
3 7
71 85
17 33
38 47
72 86
20 32
68 77
39 45
3 14
4 9
87 97
82 92
72 87
19 24
16 30
64 73
3 16
54 63
2 9
35 45
30 70
89 98
8 18
33 44
19 27
46 47
60 73
57 64
78 88
39 54
32 36
35 40
49 50
11 27
71 83
68 75
82 90
16 20
72 75
57 60
76 87
2 7
64 83
26 34
72 81
9 14
12 35
88 95
23 40
19 27
29 43
61 64
45 52
31 37
37 65
36 44
88 94
77 82
66 79
19 32
68 70
38 53
15 20
14 21
40 47
10 22
92 98
20 31
4 12
60 67
80 92
54 62
87 94
6 37
56 79
66 76
83 90
15 29
65 72
7 12
88 94
82 95
39 44
86 93
11 13
58 66
60 73
17 40
50 59
11 21
77 85
8 23
22 29
11 21
2 9
79 86
9 19
60 66
34 49
63 69
87 94
85 91
71 78
77 90
59 63
19 25
41 62
33 44
89 91
43 74
86 96
84 95
2 26
13 24
37 60
69 94
10 26
18 70
68 80
53 57
27 34
36 42
3 9
63 74
33 46
58 78
37 59
8 20
45 57
15 20
39 43
43 59
24 30
14 39
88 96
63 89
66 68
8 20
83 88
80 85
6 28
60 81
39 51
17 24
59 78
9 38
48 56
73 88
28 39
37 45
38 47
5 12
13 22
18 60
81 92
53 62
7 17
78 85
42 48
12 24
56 69
20 23
39 73
42 51
78 83
28 32
79 86
18 19
37 44
75 91
75 91
40 65
8 23
69 78
41 50
18 30
49 55
59 64
18 25
18 29
32 39
52 60
84 94
48 57
37 44
38 48
86 92
54 67
37 47
6 28
1 10
84 91
68 85
46 54
5 12
18 27
5 19
24 36
44 48
84 89
1 15
82 87
47 53
9 27
52 71
45 57
57 73
28 35
41 67
59 66
30 42
72 95
70 73
39 56
18 23
74 78
86 95
14 25
79 88
58 72
74 88
52 68
2 10
84 100
67 75
26 34
85 89
90 100
48 54
27 35
35 55
17 32
31 36
48 60
85 95
79 93
54 69
38 56
17 23
73 76
1 12
27 28
50 56
25 33
69 82
8 11
80 87
23 31
37 41
73 87
83 87
11 15
19 43
11 23
81 86
53 57
5 15
57 67
45 47
90 99
63 68
77 94
52 69
75 79
19 26
2 8
67 74
92 96
45 56
18 31
30 44
27 35
40 50
15 23
81 92
34 60
5 15
54 64
30 63
13 21
62 66
74 76
39 44
85 99
21 28
59 69
13 22
12 28
65 71
44 67
29 40
73 79
72 79
66 79
62 78
84 89
36 47
82 92
85 93
39 75
33 50
76 77
5 25
7 13
15 26
43 50
94 97
52 55
35 51
49 55
23 36
37 62
64 71
77 83
49 54
15 39
16 31
88 95
80 89
23 31
27 34
36 40
65 78
25 29
8 21
75 100
88 99
79 94
12 21
61 84
47 53
44 50
40 49
81 99
11 23
22 31
13 20
61 84
12 23
1 21
57 63
22 55
17 28
65 72
28 31
57 64
62 65
30 39
47 63
68 78
78 89
90 96
72 96
2 14
42 57
64 68
29 46
28 40
85 93
64 66
85 89
24 40
61 68
64 97
65 95
12 26
6 35
66 69
20 44
78 87
32 41
77 81
26 59
19 30
26 38
34 39
21 27
22 29
77 84
29 42
30 51
46 60
63 69
32 43
89 98
35 42
80 83
41 48
74 81
14 21
92 99
89 95
12 35
85 95
21 34
36 50
23 31
37 58
22 37
2 14
7 17
26 30
12 17
35 49
79 88
2 6
31 36
41 49
61 80
73 80
88 95
27 38
41 48
92 98
69 82
19 34
38 42
61 83
31 62
76 79
19 39
74 85
77 91
79 86
29 36
33 55
76 88
8 20
3 28
74 89
47 65
42 49
42 50
84 89
61 69
2 19
68 73
80 88
15 22
56 68
24 32
76 89
35 39
58 65
27 34
5 12
16 24
51 56
43 52
35 44
82 100
27 37
66 73
84 94
89 91
56 64
24 28
41 50
40 48
66 73
5 20
54 94
79 92
81 89
58 74
61 91
39 51
14 21
41 48
82 91
63 71
4 7
79 96
84 92
7 9
93 98
14 85
23 29
76 92
9 13
57 67
42 54
59 69
61 95
8 14
85 93
71 82
21 34
68 70
45 54
58 81
64 75
13 38
94 100
12 16
40 52
29 33
16 24
30 39
45 53
19 28
50 61
1 13
49 55
61 66
69 70
32 41
44 53
24 41
53 62
5 30
77 83
56 61
84 93
19 26
31 45
73 83
2 23
90 93
82 85
90 92
15 19
69 84
33 41
25 38
61 68
12 48
75 88
82 88
52 68
67 91
7 23
45 50
55 63
54 71
6 17
45 53
62 71
43 49
21 22
92 100
27 35
49 62
27 43
40 61
22 29
82 88
50 56
68 74
51 59
9 24
13 19
82 93
76 83
82 86
80 99
80 94
72 79
52 58
93 98
46 56
30 38
72 84
84 94
13 22
66 72
11 19
17 19
59 67
81 87
31 42
73 74
9 27
63 76
55 63
87 96
84 97
9 56
20 30
3 24
9 24
84 99
56 70
13 39
37 49
68 73
46 64
4 13
83 93
35 47
5 17
27 33
80 91
94 99
30 37
70 77
7 12
49 79
11 34
57 59
82 92
15 18
51 67
7 14
7 12
59 77
82 88
88 97
30 45
5 15
51 56
13 21
5 17
51 63
68 70
74 83
77 91
34 40
16 23
43 56
31 38
6 16
45 51
76 85
85 92
2 12
62 85
6 19
42 51
88 96
23 34
52 61
2 27
1 15
53 73
73 79
26 41
2 7
40 54
3 15
18 36
64 80
46 50
13 17
1 10
79 92
96 99
10 16
53 55
22 31
39 47
28 48
5 10
9 28
12 21
45 60
66 84
29 35
87 91
68 70
71 85
27 34
26 32
85 95
56 62
38 75
84 98
41 56
67 76
51 66
32 49
58 65
86 99
69 77
11 19
15 26
17 23
87 92
19 24
18 25
49 54
60 73
19 24
27 42
25 35
17 26
12 30
1 10
85 95
30 46
7 16
78 97
37 47
74 84
82 97
63 75
34 44
87 92
80 100
96 98
49 57
11 32
35 37
43 50
86 93
13 21
20 37
29 39
37 86
80 85
74 80
66 91
81 95
70 78
3 7
23 32
62 78
1 13
29 41
4 8
52 61
80 85
44 48
26 30
1 14
51 55
64 74
33 50
22 32
5 9
34 39
60 62
57 64
69 74
68 71
31 42
22 31
33 38
36 55
94 99
7 20
13 22
37 46
44 52
32 46
38 55
53 58
79 92
48 69
17 42
82 89
27 35
35 47
79 91
12 22
15 45
29 50
52 59
58 68
95 96
16 27
2 17
25 44
63 82
49 51
71 79
30 36
18 20
7 10
53 65
19 27
66 81
6 10
32 40
19 26
27 35
93 99
49 64
52 75
69 92
90 96
76 80
82 89
18 32
24 34
29 47
28 36
19 27
27 36
50 68
72 79
62 72
72 81
39 45
72 75
5 22
38 50
96 100
79 94
59 73
19 24
34 43
5 17
27 39
73 85
10 29
58 79
42 60
60 73
23 31
33 46
56 77
20 24
19 31
15 33
15 25
70 83
93 97
42 56
2 16
60 70
6 13
4 21
53 63
66 92
11 17
70 78
54 55
36 47
83 99
35 49
82 88
27 46
24 34
62 74
56 63
65 85
25 35
75 82
35 54
78 92
56 76
63 71
11 19
84 92
27 56
60 63
48 51
11 35
2 5
13 26
5 11
57 62
53 65
14 24
70 82
38 44
52 58
37 55
14 23
36 54
74 90
24 29
16 82
2 5
58 63
13 27
25 40
23 36
14 24
6 23
1 6
41 48
42 84
62 69
92 97
17 29
75 96
29 42
50 61
54 68
11 17
71 78
50 52
17 21
75 97
43 54
13 16
17 32
5 15
74 81
15 56
35 39
2 20
18 27
10 25
75 84
24 35
17 28
50 66
19 32
29 33
32 42
44 68
11 26
93 95
22 26
17 35
78 82
4 11
35 43
39 57
33 46
29 55
93 99
60 67
37 44
29 44
83 100
28 31
70 88
37 47
4 22
79 80
39 46
53 79
60 66
11 32
15 40
69 75
67 71
56 66
6 12
83 96
50 63
81 97
75 93
58 67
51 60
37 45
47 66
24 27
21 47
5 10
11 23
71 89
42 49
86 97
73 84
7 14
42 52
59 74
81 85
28 34
68 74
79 89
74 79
17 34
29 41
71 76
62 70
25 38
31 44
12 24
79 89
60 64
71 77
42 53
58 73
69 74
43 50
4 22
37 40
78 90
63 75
19 25
24 40
24 47
21 31
12 20
64 67
76 84
54 73
56 71
57 65
81 83
19 30
51 55
16 26
81 86
77 96
1 5
86 92
52 71
41 60
66 71
76 83
25 37
88 98
88 96
30 38
60 84
48 56
84 97
48 53
13 24
10 15
42 49
16 24
82 87
54 57
84 94
76 81
42 61
6 21
12 22
56 62
57 92
28 44
49 63
72 82
90 99
76 83
20 50
17 40
33 47
75 85
75 82
6 18
5 12
86 92
2 10
30 49
57 63
14 40
8 14
10 17
95 100
78 96
3 9
4 8
80 87
19 33
53 60
2 11
74 82
81 95
30 57
17 23
58 62
45 55
31 50
52 62
85 99
46 56
14 28
78 93
15 26
23 31
3 9
11 15
87 93
21 33
33 45
92 98
93 100
15 24
8 15
64 72
54 62
70 86
35 48
12 15
56 59
52 64
3 20
61 70
14 21
69 73
13 22
47 53
56 62
15 17
62 65
50 56
38 43
71 78
67 77
22 27
7 13
38 61
89 93
11 17
24 31
32 44
50 56
47 48
29 45
24 30
40 45
34 37
37 54
57 63
77 90
26 32
88 100
18 33
89 97
84 87
64 81
41 47
16 23
48 68
15 18
81 89
63 85
26 36
1 9
12 17
15 43
41 58
28 63
84 91
41 71
65 71
18 21
58 62
15 17
95 99
56 61
81 95
4 23
31 40
41 59
21 30
27 57
79 95
9 15
83 88
42 51
39 41
58 70
55 64
85 92
19 35
86 91
45 67
34 42
32 54
96 100
62 79
85 93
70 82
34 40
11 29
88 93
10 18
21 34
73 98
82 83
61 71
21 33
36 43
73 88
93 100
32 40
68 94
63 68
88 89
58 61
88 93
66 72
16 30
61 68
58 63
6 12
13 39
33 42
56 62
46 59
44 59
47 53
21 31
84 88
53 70
80 89
77 79
48 67
53 59
46 56
8 13
11 16
23 35
21 30
61 70
80 97
42 48
4 6
2 6
84 94
55 68
84 95
11 28
68 74
19 23
15 21
34 43
35 42
15 21
50 57
47 73
64 73
77 85
61 66
9 20
31 39
79 90
88 98
15 17
43 47
39 46
94 100
32 45
12 19
84 98
6 17
73 85
82 84
80 84
88 98
31 48
27 30
68 77
35 40
11 22
42 58
34 47
94 96
49 57
59 84
1 4
39 53
48 54
79 92
1 6
63 72
22 35
83 86
24 39
72 79
37 39
19 33
37 46
59 71
18 31
90 97
71 80
56 66
54 76
46 52
18 22
37 42
29 35
79 98
31 43
52 66
80 84
40 60
25 40
60 63
12 22
31 42
61 84
62 67
42 48
68 76
84 96
82 95
39 48
40 54
40 53
59 64
31 47
39 43
57 69
47 52
61 88
63 74
78 85
62 71
24 34
75 89
57 66
82 95
42 48
79 88
1 15
4 24
37 53
5 19
40 69
7 11
17 27
72 77
80 87
42 50
83 100
53 56
67 82
52 64
15 28
56 70
83 96
52 63
75 80
81 87
29 52
58 61
79 85
33 39
25 38
79 93
8 19
88 96
51 57
6 12
9 22
21 26
14 32
2 17
39 51
5 33
16 37
15 31
15 21
76 85
37 42
5 16
56 66
57 60
28 37
1 11
28 38
11 29
82 96
71 86
76 82
79 88
56 68
88 99
5 13
20 25
52 61
92 96
13 22
86 98
55 74
86 96
8 33
45 57
89 92
19 24
5 10
4 34
18 24
24 36
5 18
74 91
26 39
26 35
35 54
89 95
72 83
13 28
23 26
51 57
88 93
3 6
39 41
65 70
38 49
60 93
7 26
57 64
34 47
64 80
48 55
67 75
70 83
70 86
80 83
49 56
55 60
32 45
13 21
57 78
53 76
25 32
4 11
14 23
92 100
12 20
16 27
48 64
45 56
25 40
23 29
16 25
49 58
79 97
76 85
17 35
58 65
40 47
35 56
55 57
53 59
17 26
26 48
29 34
32 35
72 78
76 85
9 11
50 81
75 86
3 18
25 36
56 74
42 65
17 51
87 90
2 13
69 74
37 43
7 18
63 77
18 25
40 84
64 69
12 18
48 55
90 100
85 99
22 27
11 20
15 21
48 63
13 18
74 92
42 47
19 26
8 22
82 91
49 52
47 55
17 34
63 69
68 72
5 22
69 87
35 51
67 74
38 60
3 7
39 100
62 67
93 98
72 84
72 78
57 64
58 60
47 57
71 80
26 39
16 32
34 64
44 57
52 80
63 73
24 41
30 38
8 17
60 70
40 51
58 64
71 93
12 16
88 100
72 82
19 22
75 80
77 91
72 87
31 39
18 27
6 22
94 100
27 31
77 82
87 96
59 62
94 99
22 57
72 96
73 79
93 97
45 49
8 43
65 72
25 32
24 51
39 46
36 40
32 52
20 47
49 58
42 48
92 94
79 88
76 84
40 57
56 85
82 92
7 12
79 82
60 72
1 6
72 83
7 18
41 45
43 59
43 64
72 74
25 29
42 52
92 95
9 11
31 56
8 63
78 81
88 94
42 54
50 54
70 84
60 88
2 4
18 29
12 22
48 59
28 46
35 38
63 72
27 37
56 65
94 97
22 28
31 36
5 13
11 16
71 78
38 59
87 100
80 86
56 69
82 100
46 50
1 10
66 76
23 30
29 33
96 100
79 84
2 7
62 74
20 34
9 24
65 79
57 70
37 55
68 69
46 50
60 64
50 64
67 82
27 45
42 49
32 38
12 23
52 79
9 31
61 69
87 95
47 58
13 21
70 81
62 76
64 70
5 11
19 24
55 67
53 74
85 91
28 50
68 74
53 65
11 18
15 28
29 34
22 29
39 50
85 92
30 72
91 95
14 28
11 15
40 60
10 19
83 88
61 70
80 90
29 30
56 62
12 23
4 13
76 90
43 48
66 100
70 81
23 37
53 58
4 11
28 33
87 99
30 68
21 30
69 72
20 66
56 63
16 36
37 54
42 52
42 47
71 87
42 61
41 50
54 60
35 43
7 12
50 56
91 97
57 65
17 20
83 92
78 86
10 30
64 67
42 65
51 65
66 86
64 67
46 50
12 18
16 29
60 71
25 42
47 49
56 62
60 67
44 46
12 33
11 20
69 77
60 61
87 92
31 51
43 50
36 57
6 8
37 43
68 82
39 45
59 66
79 88
50 54
66 95
26 29
60 70
33 44
15 36
29 42
42 47
23 32
91 93
85 95
15 20
45 62
43 53
93 99
81 88
11 23
30 31
27 36
30 44
17 31
5 12
64 70
64 69
2 11
11 20
36 51
88 99
27 59
11 17
23 27
9 21
50 67
19 25
18 34
68 79
23 32
18 23
63 72
4 21
71 79
16 22
40 64
47 60
91 100
52 64
51 61
51 68
31 37
59 68
2 11
89 92
41 48
59 65
42 49
16 35
31 39
25 30
31 33
46 53
88 93
75 83
58 75
77 99
18 24
4 18
22 44
69 76
28 39
59 86
83 91
87 98
21 41
13 32
57 67
42 49
89 99
75 82
35 51
77 90
31 41
38 53
72 75
60 63
82 99
30 50
82 90
27 40
85 91
1 6
68 74
21 42
39 47
16 18
56 87
46 54
23 26
78 90
3 9
61 72
91 93
17 54
61 68
6 16
45 58
34 47
44 55
72 86
52 65
2 16
11 17
34 55
69 74
34 40
27 42
60 65
32 44
8 18
22 26
30 39
65 69
2 10
79 88
85 91
36 50
37 49
66 74
69 71
84 88
42 47
32 36
74 83
49 59
45 49
23 40
59 71
20 31
4 8
12 29
48 55
14 35
39 55
7 17
17 41
50 70
31 32
45 53
57 66
85 93
35 47
33 45
35 79
89 99
19 25
7 17
45 51
39 42
24 32
38 49
10 18
53 62
49 59
66 92
78 86
30 36
89 98
23 37
59 68
53 74
40 47
21 43
74 78
42 50
4 12
7 16
23 30
12 20
23 42
71 90
64 71
25 33
14 29
32 34
80 90
26 30
12 14
1 7
51 68
25 46
52 62
90 96
56 71
10 19
25 49
28 34
24 32
80 94
62 72
78 90
32 54
53 67
80 88
53 60
38 41
85 92
63 82
8 18
20 24
88 100
85 94
59 66
55 61
38 48
54 60
31 48
55 73
20 31
30 40
73 78
45 49
40 46
84 88
92 96
38 54
14 17
62 80
74 80
91 97
39 46
57 64
92 99
25 30
53 68
13 22
42 51
3 10
74 86
1 7
20 37
60 76
70 89
17 27
79 88
27 48
60 63
9 16
19 22
56 62
81 90
41 48
82 91
72 76
5 25
36 50
34 40
34 46
74 81
70 77
15 46
3 15
36 41
19 33
26 52
50 57
77 82
72 77
51 76
69 75
28 42
59 87
84 96
26 36
67 78
61 69
55 59
15 28
22 46
65 75
64 76
77 96
55 67
28 41
37 45
53 60
42 50
53 85
70 74
32 46
55 62
50 61
61 83
31 42
77 98
46 58
41 51
20 27
7 12
17 23
54 58
56 67
62 63
51 62
9 15
77 83
15 23
64 85
41 49
17 20
7 14
29 36
29 53
7 16
48 53
53 72
46 54
41 54
45 65
36 38
60 75
55 60
24 37
20 39
87 95
66 74
70 82
4 18
30 41
74 87
82 97
1 7
65 72
27 34
59 75
17 24
31 48
64 94
70 82
85 95
6 17
95 97
76 81
12 17
45 64
70 80
26 33
75 84
24 35
21 30
64 71
92 99
38 43
85 93
57 86
53 73
68 71
95 98
75 98
7 23
19 50
64 72
15 24
13 18
58 63
27 28
19 43
8 12
70 75
7 14
37 49
45 80
33 41
13 21
68 76
56 67
51 73
86 92
1 3
2 12
50 59
29 39
79 84
31 48
49 63
73 86
43 60
55 60
28 32
15 21
55 58
61 67
63 83
8 9
25 52
10 21
15 34
47 56
11 19
83 99
36 42
55 68
5 13
15 21
9 15
64 70
36 40
57 64
18 26
70 91
65 72
73 90
77 91
66 72
8 17
61 64
44 52
44 52
38 51
11 24
29 39
7 18
21 29
50 60
2 21
10 15
28 52
53 66
84 96
28 42
59 71
28 41
89 94
85 96
44 55
89 94
36 49
55 65
33 45
67 78
59 67
40 48
66 72
75 83
13 43
25 32
17 31
1 7
50 61
68 79
33 52
33 45
34 75
85 88
2 5
51 61
55 62
55 62
15 24
44 51
14 17
53 65
14 21
4 9
1 2
69 72
57 64
81 93
72 96
46 53
48 54
64 70
78 84
47 66
4 8
52 68
87 93
59 75
35 55
22 34
46 50
31 40
63 83
33 38
81 90
21 31
12 18
24 40
82 87
37 47
72 77
67 73
50 69
25 33
16 22
87 96
80 90
32 38
60 67
70 77
73 78
23 32
37 50
13 24
28 38
40 57
25 41
58 69
12 29
24 29
60 76
53 55
6 24
31 34
87 96
6 9
49 55
64 76
80 90
39 60
26 45
33 41
74 84
44 67
84 94
9 22
86 95
8 24
51 59
73 77
78 82
20 29
38 58
7 14
44 56
16 27
28 39
8 18
7 15
10 23
59 66
52 60
21 33
91 97
47 59
1 10
47 51
41 45
7 13
43 55
19 44
19 25
72 78
1 9
9 15
41 50
71 82
49 61
30 37
38 49
10 16
61 79
34 39
17 26
76 90
84 96
39 75
79 85
28 32
87 97
27 32
55 76
23 26
24 37
42 47
64 73
21 27
81 97
14 27
72 92
41 46
10 15
73 87
81 84
49 55
12 13
67 69
63 83
91 100
16 24
4 23
69 84
68 76
79 85
21 29
38 45
44 57
50 68
9 19
26 37
63 68
59 67
80 82
54 64
42 50
78 91
79 92
72 78
44 64
90 97
61 70
88 90
65 88
58 71
88 93
29 38
11 17
2 6
40 48
53 57
75 79
27 49
53 69
82 93
18 32
13 21
16 28
48 65
18 34
39 64
62 69
14 19
24 59
64 85
31 35
53 75
6 14
19 25
92 99
36 57
80 91
55 65
77 83
4 18
4 9
52 56
43 50
9 17
77 81
35 48
60 72
83 96
93 97
24 31
78 85
76 87
15 21
11 16
32 37
55 83
43 47
85 88
45 55
8 14
49 61
83 89
1 37
