100 20 20 8
00000000000000000000
00000000000000000000
11111000111000000000
00000000000000000000
00000000000000100000
00000000111000000111
00001111000000000000
00000000000000000000
00000000110000111111
00000011000000000000
00000000000000000000
00000000000111111000
11111000000000000000
00000000000000000000
00000111000111000000
00000000000000000000
11100000000000000000
00000000000000000000
00000000000000000000
0000000100000000000
0000000100000000000
0000000100000000000
0000100100000010000
0000000100000010000
0000000100000100000
0000000100000100000
0000000100000100000
0000000100000100000
0000000100000100000
0010000000000100000
0010000000000100000
0010000000100000000
0000100000100000000
0000100000100000000
0000000000000100000
0000000000000000000
0000001001000000100
0000001001000000100
0000001001000000100
4209
18 23
60 72
16 30
38 48
23 29
69 80
19 30
44 52
85 96
24 28
13 24
47 51
36 42
9 17
34 51
7 14
68 75
3 11
27 39
24 41
84 94
77 85
77 83
77 96
90 98
73 78
45 48
5 30
24 29
37 81
8 30
30 35
10 14
44 60
62 73
70 72
49 70
6 18
46 56
32 34
19 24
55 66
43 58
14 32
1 2
10 21
39 48
39 49
84 99
79 88
76 77
63 87
2 9
23 42
80 86
57 68
35 43
48 51
30 42
20 28
81 85
25 34
9 15
65 89
82 84
56 65
29 43
49 61
47 63
14 23
57 76
29 33
46 53
53 59
7 20
27 31
73 92
27 38
79 82
68 82
23 30
53 72
22 29
32 57
39 56
38 57
44 74
5 9
91 98
39 44
36 51
10 24
22 25
29 42
49 65
74 88
36 48
74 78
34 45
65 77
77 85
7 15
4 14
71 80
9 18
58 60
59 68
45 52
16 33
89 95
56 66
17 31
65 73
77 81
30 34
90 94
70 90
32 45
9 20
10 18
68 75
60 65
61 67
54 66
3 21
12 18
25 33
43 49
37 50
7 19
78 86
13 19
28 33
4 10
64 68
47 51
18 24
7 14
36 41
19 29
4 10
15 19
6 12
9 36
32 56
12 23
77 81
58 66
84 93
58 68
81 93
28 34
55 59
69 75
90 99
33 44
15 25
6 15
25 37
55 66
49 55
32 38
40 60
6 13
83 93
5 18
64 71
70 88
26 38
6 13
26 35
4 30
9 16
35 67
12 22
67 81
77 82
78 82
89 99
60 65
11 15
72 78
38 61
77 83
82 86
8 21
1 4
62 74
83 94
53 71
96 100
53 56
53 61
53 58
9 15
51 57
4 9
57 64
77 82
78 96
14 21
63 70
68 76
35 41
2 5
30 42
65 77
65 69
34 46
54 59
65 73
28 30
68 77
39 77
23 39
9 14
9 11
30 41
86 91
26 39
62 67
54 65
14 28
35 40
2 8
49 58
79 91
59 69
39 47
6 9
65 78
43 64
13 22
55 63
72 81
4 11
28 47
81 96
38 56
2 7
33 44
82 98
10 36
43 54
18 40
48 56
38 42
8 15
32 43
45 56
90 99
39 52
16 35
36 48
27 31
9 21
67 74
66 78
48 55
24 53
59 67
34 48
27 40
50 56
23 28
87 98
12 22
82 94
63 69
66 80
61 85
20 31
55 58
38 57
36 53
62 71
43 48
67 76
40 43
11 17
5 22
36 43
42 50
86 92
22 23
11 54
30 35
3 17
45 49
36 41
40 54
4 11
32 42
10 14
56 68
23 26
78 83
57 64
31 46
19 23
2 6
22 27
45 49
88 98
37 44
67 72
29 33
35 37
64 67
18 28
49 66
41 52
75 80
8 88
10 30
28 33
37 54
70 76
26 40
19 25
26 36
10 20
82 85
72 76
88 90
63 67
7 20
2 13
57 77
29 60
77 86
4 21
29 41
31 60
35 41
57 58
94 100
40 45
54 60
51 91
3 14
39 44
69 74
67 71
66 70
30 39
86 99
38 74
44 57
67 75
83 89
61 67
72 100
65 73
64 71
17 29
38 54
21 23
53 80
43 47
53 67
29 34
91 93
51 58
82 95
82 100
26 35
76 82
8 14
27 38
84 89
39 48
74 92
81 91
27 32
23 37
51 58
42 43
58 64
64 68
75 95
48 63
34 46
74 88
88 94
73 83
20 34
58 70
74 96
66 75
79 91
63 73
53 57
18 27
51 57
59 69
75 78
11 21
34 41
7 29
64 70
43 79
85 99
54 63
58 80
72 76
99 100
52 54
42 50
68 82
5 14
66 88
62 71
54 60
74 81
69 73
11 27
35 42
47 51
9 15
75 96
84 88
31 46
64 78
43 47
77 81
21 27
11 18
36 58
73 88
81 97
76 78
90 100
3 24
66 74
5 19
12 24
23 29
66 72
10 17
12 19
71 78
69 91
44 52
86 98
24 27
37 52
92 97
75 82
16 23
39 52
58 70
50 53
62 67
70 75
2 6
73 80
74 82
26 42
55 68
66 75
58 71
53 62
64 69
33 46
65 76
29 52
50 59
16 23
51 62
82 94
6 15
72 73
30 41
38 47
31 64
71 98
62 69
61 67
46 84
71 80
22 29
63 75
21 30
47 54
35 43
38 56
86 93
55 59
52 70
38 46
68 84
76 84
87 95
56 63
57 68
2 9
37 64
26 44
45 56
66 71
31 42
30 74
53 67
61 80
69 92
74 87
29 57
18 22
71 84
35 43
16 28
20 29
9 14
52 63
75 85
43 46
11 16
49 56
24 29
89 99
78 93
50 80
62 98
10 33
77 79
68 72
56 71
43 46
73 82
32 41
29 38
78 89
31 59
7 28
24 37
52 60
3 5
10 31
17 21
44 54
20 24
79 92
8 11
86 100
50 69
80 89
35 46
56 66
91 99
1 22
60 62
82 99
57 61
45 49
74 87
84 97
21 25
69 74
20 37
70 100
83 86
87 95
41 50
81 92
50 60
12 19
92 99
17 20
52 57
37 56
33 43
42 50
10 31
18 38
84 94
29 62
43 50
64 70
37 44
61 66
19 31
13 43
29 36
43 48
17 28
86 100
81 88
41 60
91 97
39 49
28 40
89 96
23 31
34 48
6 25
53 62
79 88
65 75
37 45
46 60
76 89
66 73
42 45
60 71
23 32
44 65
95 97
43 60
20 31
37 60
89 94
16 23
26 32
17 23
36 55
13 25
76 95
25 34
43 54
26 42
91 96
38 42
77 87
45 58
60 80
20 29
65 72
18 29
9 13
77 82
2 9
53 62
63 75
32 59
55 61
67 79
80 90
78 97
64 74
20 28
19 24
3 7
73 79
61 84
80 91
39 48
54 62
31 35
63 72
35 44
53 62
10 32
50 61
65 78
10 26
43 49
1 15
94 98
81 85
70 78
21 30
97 100
88 98
61 70
91 99
27 30
41 56
18 36
21 22
75 99
38 47
52 60
32 43
18 26
3 13
37 44
17 74
78 90
16 25
84 89
55 64
68 76
22 31
22 27
34 43
92 99
75 85
46 52
93 96
84 92
32 42
6 27
58 65
32 41
52 53
4 11
15 21
59 63
12 70
60 69
65 91
74 83
56 67
67 71
16 27
70 98
38 63
44 50
10 12
14 18
25 36
29 39
65 81
44 50
20 27
19 53
59 64
12 30
35 44
81 93
25 31
63 73
90 99
33 47
43 49
67 82
83 93
19 24
22 35
20 26
65 89
58 69
56 67
35 49
69 77
82 90
16 24
36 45
55 60
31 40
45 62
52 62
50 55
63 81
53 64
2 12
93 99
47 56
57 75
58 63
62 67
72 89
42 49
71 79
23 27
60 69
40 53
70 90
40 44
75 78
31 38
1 17
22 31
81 84
96 100
19 26
42 68
85 88
55 67
38 48
65 76
65 77
31 49
37 60
18 28
22 27
1 26
9 24
51 64
4 13
40 47
13 20
31 35
75 92
17 39
50 65
45 75
41 46
6 10
60 65
7 20
25 31
91 99
32 41
43 48
56 65
33 47
45 74
3 27
11 21
53 65
68 85
12 17
38 43
20 28
60 68
37 42
20 39
73 81
18 27
71 84
38 44
1 5
26 34
33 45
34 39
12 13
69 75
90 92
57 84
3 10
2 5
28 33
65 75
73 87
55 67
40 49
51 59
31 43
42 53
40 47
12 22
92 98
56 68
53 63
74 90
88 95
58 69
21 43
7 18
53 56
6 26
47 59
16 22
40 46
28 34
85 87
51 72
41 50
56 68
25 34
23 56
10 18
36 43
70 81
34 44
84 89
2 23
47 50
64 82
24 34
74 79
1 6
64 71
17 21
36 39
78 80
38 54
55 61
25 30
48 55
79 91
44 54
69 74
71 83
60 72
11 18
8 28
24 28
58 83
42 55
61 67
64 68
42 48
21 26
33 37
85 88
28 41
30 82
52 61
6 25
51 59
20 41
93 99
76 87
2 16
22 35
60 70
30 54
30 40
21 31
75 82
37 41
76 85
91 100
26 42
1 22
5 26
60 62
26 41
22 31
15 33
47 62
45 67
25 36
35 49
57 61
59 81
86 87
56 63
3 41
84 88
58 66
14 32
70 75
14 16
29 51
1 8
70 99
43 48
78 92
56 60
27 52
87 95
86 92
30 53
37 53
22 32
80 87
27 51
63 80
40 48
49 58
5 11
5 35
5 16
27 52
68 70
46 72
7 22
90 99
3 15
92 97
12 27
29 33
43 48
19 31
10 13
28 40
38 53
90 95
87 95
16 22
36 46
80 84
15 21
63 85
43 53
18 40
46 55
5 21
23 30
46 54
39 49
40 66
67 93
7 12
91 98
37 44
34 48
52 60
92 98
36 62
88 97
58 72
62 68
30 44
3 5
26 36
36 40
55 66
65 75
95 98
65 71
67 79
77 80
14 23
14 21
71 77
67 75
37 45
48 68
10 19
45 49
70 74
28 34
55 60
31 36
18 32
55 66
38 46
8 17
20 30
11 21
15 30
15 26
26 38
62 77
40 58
79 86
5 15
28 42
5 24
48 51
24 45
32 37
25 30
31 38
24 37
83 97
69 74
6 14
71 78
51 55
14 32
84 88
24 27
46 61
5 8
65 71
18 23
9 16
27 41
13 20
78 85
54 61
35 41
56 68
67 78
16 33
44 50
81 88
24 29
90 98
43 47
29 38
81 94
52 67
40 51
16 28
21 35
77 86
20 26
9 24
9 38
45 48
5 12
26 31
24 33
69 73
80 83
81 91
52 58
46 64
29 46
38 55
84 91
30 36
36 64
51 58
68 75
42 54
30 37
62 95
8 14
43 46
82 88
69 91
45 71
27 37
15 27
70 99
94 98
26 36
25 43
79 82
88 99
50 63
2 12
7 13
84 90
23 27
42 49
15 36
6 12
12 18
78 94
34 39
84 93
23 37
36 47
39 45
6 10
43 54
27 46
86 89
53 62
81 99
79 88
63 69
75 86
45 67
12 22
39 54
64 72
11 15
29 34
72 79
4 13
87 93
12 17
31 42
20 41
61 90
10 40
90 95
23 33
93 100
26 32
51 55
91 97
23 42
23 35
21 25
45 60
65 77
36 40
37 44
65 68
78 88
19 33
53 64
2 8
58 64
19 34
51 57
30 35
85 90
16 40
41 48
47 54
5 10
15 25
32 43
42 47
44 47
31 39
41 49
81 83
35 44
10 23
60 68
10 22
70 88
75 91
72 91
51 64
8 12
74 78
61 68
51 70
18 20
38 51
4 9
19 74
40 45
87 93
83 88
82 84
2 9
32 52
36 40
52 69
11 25
90 98
86 96
20 29
15 29
82 91
28 35
44 58
5 12
23 36
91 96
55 65
36 39
29 41
40 47
12 23
82 93
9 16
40 71
86 96
64 73
27 32
78 93
53 60
3 12
38 51
9 16
46 55
8 20
19 36
30 38
14 19
15 34
82 89
68 74
29 36
62 70
73 77
95 100
86 94
40 47
20 29
40 45
58 71
70 85
15 21
25 38
49 62
64 69
37 38
17 26
59 65
62 78
54 59
75 83
65 68
73 87
45 79
71 77
79 85
42 51
24 47
69 92
51 66
52 55
2 8
88 90
64 77
8 21
56 63
36 43
29 50
64 76
13 16
41 69
53 61
4 27
75 83
9 11
11 27
20 39
90 95
63 95
75 85
79 83
52 57
25 36
46 52
11 24
9 20
85 91
67 72
17 27
78 87
56 67
6 14
37 49
25 29
72 82
51 72
57 74
36 52
30 39
33 48
66 82
64 77
29 62
69 83
32 43
4 31
3 5
18 36
32 34
71 85
16 30
20 36
89 99
40 55
62 72
44 52
47 56
49 62
60 80
86 92
74 87
21 24
78 91
83 88
65 76
34 57
26 31
84 85
70 98
17 30
65 70
21 24
67 80
22 26
28 40
76 82
67 77
36 46
60 73
2 7
34 57
83 100
20 49
86 92
11 24
63 71
57 74
39 54
38 48
68 93
85 89
46 53
22 26
23 27
14 17
18 30
86 92
79 86
39 68
2 4
43 52
14 16
76 90
46 58
80 83
27 29
84 87
17 33
40 46
84 90
71 74
52 65
13 27
17 22
50 55
43 51
36 50
58 74
31 73
87 94
54 62
13 29
56 65
31 40
15 24
88 100
15 21
19 27
19 26
32 46
53 60
64 74
49 58
7 13
85 89
75 84
83 89
5 17
63 78
15 20
76 82
7 14
66 73
65 88
41 48
78 83
24 33
9 19
19 22
50 73
50 71
34 41
83 85
12 17
7 14
31 38
33 50
55 73
2 28
36 63
31 44
95 100
72 97
80 89
75 84
11 34
34 43
78 86
95 99
78 85
28 49
26 35
34 41
64 76
30 38
64 72
85 91
5 8
10 15
57 71
24 39
60 66
9 12
55 63
85 90
35 43
48 57
57 78
64 71
33 37
51 66
3 7
80 92
57 67
32 41
14 24
1 14
58 64
76 85
32 47
5 11
11 20
7 19
47 52
7 22
28 42
6 17
73 89
27 46
9 16
86 92
73 86
87 91
62 74
86 96
19 39
87 97
71 79
93 99
78 81
89 94
57 78
38 53
51 60
93 98
28 33
77 97
86 96
84 89
39 48
7 18
71 81
69 91
36 39
20 21
12 18
25 43
90 95
13 24
63 69
56 61
35 38
40 43
69 77
19 30
52 59
66 84
25 47
84 91
60 64
8 20
23 58
84 90
10 22
9 12
63 68
69 83
19 26
12 22
11 21
88 97
85 89
23 29
77 85
66 73
20 24
76 81
48 77
85 100
40 52
82 90
11 20
87 98
89 94
11 15
43 53
4 16
39 45
84 88
65 70
18 25
18 29
2 8
45 56
82 92
25 33
54 56
60 72
78 93
82 83
18 46
73 96
50 62
26 33
85 95
55 68
90 100
52 65
49 62
16 33
88 94
57 68
57 70
94 100
88 92
22 83
28 33
78 87
64 73
83 86
48 56
12 21
19 46
46 56
59 73
7 15
74 87
37 42
37 41
8 12
58 69
22 42
64 71
7 20
60 73
95 99
76 86
14 17
68 73
61 73
32 83
48 51
3 17
28 54
80 88
51 61
31 36
60 65
21 36
51 63
32 37
38 41
8 12
34 37
62 71
46 63
69 71
21 36
9 25
72 78
86 91
22 33
75 93
51 59
81 86
14 17
21 25
36 40
42 53
12 24
69 74
24 37
68 72
72 83
39 47
63 69
57 67
59 65
42 50
87 90
96 99
21 37
31 48
34 39
83 95
39 56
31 34
20 27
1 26
97 100
75 89
44 50
49 56
3 15
62 66
14 27
32 37
82 88
45 49
52 59
15 32
53 64
53 76
34 47
71 84
59 67
22 35
35 41
62 67
52 59
13 20
50 62
73 81
89 97
5 12
85 93
43 50
56 62
93 98
74 85
17 25
78 81
26 31
59 62
16 29
59 73
69 90
27 31
27 30
64 73
21 26
75 84
19 21
37 39
23 35
12 18
46 53
30 36
55 76
36 59
62 71
36 84
9 23
34 53
22 33
78 86
44 50
43 59
34 39
82 98
47 53
26 31
52 62
18 22
56 65
56 62
73 81
14 18
55 77
14 25
36 46
12 22
9 12
49 61
47 55
15 24
1 13
31 34
50 69
70 90
91 99
26 54
31 45
46 58
76 86
7 20
26 37
48 53
87 94
75 78
17 31
4 8
76 78
47 64
17 31
89 94
87 98
1 11
38 52
37 46
35 58
53 58
38 49
30 35
47 57
6 11
65 70
20 31
26 28
17 34
52 65
71 78
80 89
37 48
3 5
19 33
62 81
54 69
6 22
78 84
38 49
14 37
19 38
75 91
19 31
50 55
12 29
72 73
31 35
23 29
37 44
72 78
5 10
32 36
62 70
38 64
45 58
8 23
67 87
82 100
83 93
50 63
49 60
93 99
44 51
59 66
17 31
56 73
34 39
13 23
28 45
61 85
51 58
18 27
10 25
79 90
73 87
31 35
60 83
49 55
46 57
10 19
23 41
30 33
10 24
59 65
46 50
26 32
22 30
73 78
37 38
27 48
78 88
1 6
27 31
43 48
57 68
37 51
2 12
2 5
3 34
71 100
24 35
91 97
62 66
60 76
15 32
31 44
40 44
13 27
24 31
64 78
60 62
36 59
39 52
19 27
32 44
72 85
3 11
27 37
22 38
52 64
32 51
75 80
4 22
2 6
59 70
5 9
68 71
63 74
40 46
53 60
71 81
13 22
76 87
54 74
89 99
19 47
18 22
23 29
78 92
48 53
14 24
69 77
6 45
42 81
49 71
27 31
25 34
66 67
44 57
12 33
31 35
43 54
75 81
71 75
95 99
15 26
54 60
13 21
37 52
22 26
25 32
9 21
72 78
31 50
72 78
41 47
68 79
17 21
64 67
12 29
82 88
13 22
65 74
71 81
45 51
45 54
67 78
16 27
70 86
22 35
69 91
27 50
32 38
42 58
21 31
82 85
66 74
41 45
16 22
37 44
64 83
59 82
68 74
48 58
83 88
49 56
42 53
69 87
54 58
73 75
19 27
1 11
40 46
50 57
86 93
52 57
59 62
9 24
61 64
73 85
24 28
45 50
84 90
64 70
8 18
91 95
39 65
26 40
55 63
90 98
66 74
32 48
59 83
17 26
22 31
32 44
27 36
7 22
8 18
15 50
30 51
85 98
51 63
30 41
56 59
66 74
81 96
26 60
57 64
65 74
7 37
28 36
1 9
6 33
25 29
50 62
25 35
25 28
86 93
50 62
20 38
77 88
28 41
3 14
32 43
53 70
51 60
37 61
71 90
92 97
48 59
50 66
7 20
21 39
90 99
77 90
4 11
13 33
37 45
55 58
10 16
80 89
96 98
48 77
68 75
95 99
8 30
62 81
85 91
9 13
43 53
66 71
55 63
72 74
52 79
58 62
39 46
26 33
44 56
53 64
39 46
9 11
47 50
43 47
1 18
90 97
65 71
64 74
41 47
61 67
45 59
39 54
68 72
47 55
19 45
70 78
82 93
48 63
2 11
70 93
37 51
65 66
43 68
13 31
37 40
49 61
57 91
32 37
8 15
82 91
11 21
39 48
43 52
23 30
6 16
43 51
2 8
64 74
9 12
4 9
21 42
11 25
3 28
39 48
62 65
37 56
13 28
70 89
2 16
40 49
62 71
43 49
69 95
38 47
45 54
48 54
57 61
59 65
13 24
47 73
65 72
2 18
27 39
74 93
55 69
2 17
18 22
33 40
15 29
75 91
51 73
51 73
31 43
76 84
10 15
45 57
78 82
69 72
73 83
46 54
47 58
84 91
71 78
66 76
88 95
43 52
12 29
87 93
66 70
78 81
92 97
66 90
7 19
19 42
17 26
17 30
7 23
61 70
29 40
32 44
79 83
60 69
82 92
77 91
44 71
79 91
85 91
42 67
52 65
7 23
70 78
71 73
74 86
16 23
44 53
2 8
64 72
45 47
79 87
58 60
7 12
56 99
90 96
18 26
56 63
5 8
28 49
4 55
34 57
1 18
7 16
35 65
31 45
94 97
20 40
86 98
20 23
37 51
10 18
62 86
72 78
86 93
62 70
41 49
39 47
11 18
63 81
27 36
61 62
10 17
4 14
84 86
62 74
56 66
67 86
61 66
53 69
56 61
26 41
34 41
8 12
39 57
68 77
91 99
66 71
29 36
58 91
40 45
56 68
77 94
10 21
89 96
32 36
74 78
77 82
50 54
59 60
5 11
97 100
31 50
66 70
93 94
20 54
72 74
43 46
53 60
35 40
43 49
12 19
85 94
20 35
79 89
87 96
71 81
82 93
30 36
72 80
23 86
34 46
52 55
35 41
39 48
56 61
50 55
33 44
6 24
44 53
3 14
72 74
47 52
2 33
24 29
69 79
57 72
25 46
63 71
18 35
63 73
9 29
1 17
68 76
79 89
47 79
32 36
69 76
32 37
87 96
62 67
8 13
19 25
59 79
4 17
54 69
49 57
42 63
3 9
28 36
22 28
19 34
76 77
82 84
7 19
76 82
51 62
29 37
73 81
27 36
70 77
28 33
61 70
53 58
15 32
24 33
17 20
19 74
41 46
84 100
75 96
58 71
61 73
5 12
30 40
94 98
88 95
38 45
13 19
40 45
23 43
19 28
90 94
22 24
76 85
64 71
8 23
83 88
66 77
45 48
38 42
71 88
83 92
57 75
85 98
41 62
72 81
83 89
41 51
90 92
67 74
8 14
46 68
4 16
7 14
71 77
7 16
50 54
31 39
76 87
56 60
49 54
80 84
76 93
48 52
59 68
10 11
75 85
39 48
70 79
16 29
67 79
77 88
11 16
13 28
25 37
41 45
83 90
71 89
30 37
75 81
44 57
20 39
65 73
32 41
71 81
10 27
84 96
54 58
63 73
27 33
43 50
63 68
53 62
45 65
43 49
76 85
73 78
84 98
32 41
66 93
59 79
61 76
9 27
80 93
23 42
62 63
60 77
54 60
83 88
69 75
73 88
19 34
22 30
72 92
81 92
9 17
80 95
14 26
72 96
51 57
18 27
35 45
5 29
81 93
25 27
39 41
64 80
34 59
88 93
78 90
61 78
21 27
14 22
34 39
94 100
21 38
32 41
61 92
4 10
27 35
8 10
53 71
41 52
82 90
68 75
25 39
52 65
72 85
63 69
41 49
44 56
18 29
31 62
20 35
88 92
47 58
25 34
12 20
34 38
73 99
85 91
83 94
51 82
53 58
70 83
71 75
60 64
58 75
52 58
62 69
4 10
81 99
34 95
56 60
83 86
14 24
5 17
12 23
11 20
71 87
53 66
26 39
53 69
37 52
32 37
34 44
41 46
82 86
53 62
51 61
2 10
48 74
8 21
63 65
11 18
14 19
55 65
14 24
17 26
44 51
27 54
61 69
73 77
54 100
32 42
77 90
83 90
29 39
22 30
48 58
61 87
73 77
34 48
36 44
10 16
39 49
63 68
89 95
79 89
41 44
48 54
47 59
55 76
60 65
18 39
72 100
36 53
81 97
60 74
85 99
36 44
9 21
7 16
75 76
11 35
28 50
51 58
72 82
48 56
43 55
19 22
28 36
19 25
92 99
64 76
88 90
2 11
79 95
56 63
65 83
56 70
32 62
83 91
3 13
83 86
7 17
46 67
24 29
48 56
92 99
30 37
60 65
70 76
19 28
43 48
69 81
93 97
88 99
3 11
64 79
27 61
49 53
72 97
90 94
14 24
14 22
29 35
71 79
84 95
84 100
78 80
35 45
78 82
53 58
67 81
11 15
13 26
21 29
2 13
78 90
80 90
79 89
82 95
22 31
33 39
56 65
12 25
69 78
31 53
66 69
94 99
62 92
75 81
29 37
76 96
37 43
5 31
29 33
17 26
46 53
10 31
82 87
87 95
51 79
16 29
25 30
3 11
40 51
85 97
22 47
75 85
41 51
12 16
76 81
23 27
4 11
28 32
79 84
44 50
5 31
89 99
59 67
39 51
5 18
39 48
76 84
35 43
51 64
90 92
74 84
27 34
21 36
9 17
59 70
62 81
71 82
47 57
13 14
68 80
37 64
7 22
43 57
60 79
74 80
80 88
33 88
75 93
80 90
47 49
32 42
15 26
22 29
16 26
86 92
91 98
71 77
15 26
23 32
77 90
86 90
23 35
63 66
37 43
80 83
65 67
13 28
52 66
29 40
82 87
52 59
56 64
51 66
17 27
12 20
34 39
28 32
61 64
66 68
1 5
3 6
31 36
86 95
43 49
31 35
1 34
66 73
12 35
24 25
35 54
53 59
93 98
36 59
1 8
48 54
84 92
3 14
37 48
9 16
62 71
77 90
66 77
24 35
74 86
45 98
18 31
96 100
35 46
39 48
38 46
79 94
51 68
81 88
32 41
60 62
32 47
32 49
50 68
46 56
74 77
58 64
34 44
3 12
31 38
24 29
53 56
47 52
53 55
6 9
54 66
69 88
61 69
4 32
53 63
91 98
56 68
29 37
22 28
75 99
20 30
55 84
39 50
88 99
47 65
61 69
76 91
79 84
24 34
43 56
3 19
46 51
37 65
58 77
16 20
14 23
86 94
9 23
34 38
67 74
1 18
75 95
23 30
62 71
38 50
71 75
22 50
51 55
56 65
25 41
59 73
1 9
45 49
65 74
26 32
67 71
46 58
2 6
61 65
21 23
53 76
36 45
76 81
26 30
71 76
14 20
38 49
6 9
26 28
46 64
6 22
5 24
5 7
45 51
11 17
7 12
90 96
23 34
66 75
45 63
73 79
83 89
72 82
15 35
48 52
37 64
22 28
20 38
20 25
8 24
21 31
65 74
17 22
50 64
60 66
58 69
1 10
70 73
5 26
24 31
78 97
86 90
52 64
75 80
2 10
24 40
46 48
3 6
27 30
19 25
2 14
44 65
54 58
26 46
64 75
58 63
23 38
77 95
11 52
6 21
66 75
35 73
31 36
69 88
65 74
30 35
37 44
16 25
62 67
2 34
24 39
42 49
12 28
77 82
3 12
13 24
18 22
4 11
30 43
14 23
19 26
36 45
49 53
56 70
11 41
30 71
76 84
61 64
14 17
88 92
73 76
4 12
22 29
67 71
55 68
3 11
22 24
29 55
84 93
16 31
2 20
32 35
61 66
4 52
13 31
11 16
64 75
28 44
5 15
47 55
93 96
50 54
62 74
27 49
64 74
26 33
73 93
66 76
54 60
55 78
24 32
9 34
9 14
59 69
20 40
19 24
26 42
8 26
48 66
1 12
60 71
68 82
67 75
72 77
56 62
37 39
58 69
54 70
61 64
60 76
72 74
41 67
82 89
28 33
84 93
57 63
61 71
73 82
84 90
70 74
47 51
39 44
32 36
23 26
71 74
2 15
5 40
66 71
23 33
41 58
22 29
27 31
69 96
8 33
54 72
10 56
50 78
57 63
66 76
53 64
57 70
41 46
31 38
6 14
59 77
91 100
27 31
2 9
8 18
9 28
82 85
14 48
30 34
32 55
1 5
19 20
11 20
75 81
2 10
24 28
53 58
68 70
80 94
42 43
39 45
58 66
15 24
38 47
41 44
18 32
14 25
69 93
33 38
61 65
71 78
37 45
32 43
65 73
22 37
26 34
49 59
85 91
41 57
73 82
19 40
74 95
4 24
75 84
62 73
56 69
12 18
45 61
17 25
22 36
46 57
28 43
46 55
72 82
70 85
48 56
41 65
19 57
33 48
10 28
25 35
92 100
20 25
29 38
73 90
4 23
38 46
89 91
16 26
8 15
56 59
84 99
78 83
75 95
10 25
72 77
86 98
35 54
1 8
35 48
52 65
89 91
3 64
34 36
8 16
63 76
66 88
52 61
32 35
16 20
60 68
37 52
51 69
13 27
4 10
19 30
11 17
82 90
87 90
6 12
23 36
74 92
1 12
67 77
53 66
41 49
64 75
2 6
92 99
58 68
47 59
30 51
85 93
38 52
84 87
24 32
35 49
43 56
58 62
8 15
41 44
76 78
30 39
77 83
61 79
76 82
84 93
67 94
81 95
42 62
91 98
73 80
66 76
26 34
78 82
17 29
1 14
76 91
45 57
62 78
71 73
41 54
28 52
35 43
24 31
68 85
73 89
63 81
22 28
51 63
22 27
59 96
6 27
10 25
81 85
7 11
93 98
12 61
49 52
12 19
87 95
66 73
77 81
31 39
59 68
4 8
21 25
72 83
27 30
70 76
22 38
43 53
57 58
35 42
1 16
62 83
86 96
5 39
22 37
61 65
61 74
31 38
25 37
88 89
80 97
24 33
47 51
65 69
58 71
43 49
74 86
5 13
45 59
6 32
75 94
29 50
48 64
89 98
32 44
20 30
34 46
18 22
49 67
16 27
44 54
60 68
69 83
56 60
81 88
2 13
15 17
10 20
54 59
62 82
85 95
48 53
41 52
39 45
65 68
75 83
66 71
46 51
61 81
75 76
41 49
36 48
14 21
23 28
11 26
10 17
15 37
44 58
22 24
35 38
89 100
50 57
29 44
47 59
21 30
26 42
24 40
21 41
69 79
78 94
61 69
34 58
13 27
73 77
18 28
62 87
65 74
21 31
74 86
69 74
49 56
82 84
50 63
28 44
76 93
94 96
39 44
88 100
50 66
68 84
96 99
74 89
10 33
85 93
87 94
7 28
28 39
50 57
70 80
76 80
34 42
80 95
29 35
64 70
59 66
51 60
30 40
58 69
41 52
35 52
35 39
19 34
10 18
56 65
5 46
25 38
49 51
38 45
73 79
42 59
52 58
6 18
31 38
45 53
25 45
41 61
27 37
7 11
18 21
2 6
3 16
5 17
42 52
28 36
42 48
8 20
61 68
63 76
65 78
40 51
90 92
54 64
32 44
18 40
55 62
48 56
13 22
50 56
21 31
48 51
71 85
9 27
6 15
55 58
34 43
65 74
38 47
70 73
52 68
52 66
42 50
68 78
85 91
24 54
81 85
55 66
62 71
34 52
54 83
75 80
77 78
10 14
19 34
82 84
73 88
83 93
25 37
85 89
10 15
58 61
70 79
77 97
22 28
7 23
24 33
38 54
20 25
7 14
13 19
8 19
8 17
75 80
19 26
28 35
66 74
36 74
68 94
8 15
68 81
39 43
41 49
38 42
54 71
24 42
71 87
33 46
79 85
32 38
35 40
39 42
55 67
66 72
27 32
41 68
77 97
64 75
83 94
44 48
21 27
66 81
2 11
1 6
81 89
78 85
56 97
65 71
48 62
62 66
12 16
12 26
10 24
90 95
67 83
43 49
39 61
67 77
31 44
94 99
18 37
42 52
55 67
54 62
70 76
29 37
81 89
20 29
27 55
22 39
61 73
42 45
64 69
21 22
5 15
32 36
39 56
47 69
27 36
11 17
2 10
65 73
54 66
16 30
43 50
59 69
40 51
83 89
59 68
20 24
6 13
15 21
18 33
54 60
50 72
65 70
19 34
70 81
87 95
2 18
2 14
15 19
54 70
4 22
80 86
66 71
16 30
2 18
4 21
17 28
66 79
38 63
19 25
67 69
5 16
17 39
62 78
78 85
14 57
76 81
28 37
37 50
46 56
76 90
25 27
85 89
30 41
8 10
16 33
34 44
8 14
41 53
57 79
7 12
64 75
35 48
3 13
45 50
38 65
1 12
58 67
83 92
92 98
60 77
62 67
43 61
30 52
76 83
49 63
26 30
85 94
28 34
35 43
92 95
11 19
81 98
31 34
32 50
22 29
17 39
81 90
82 88
31 52
60 65
31 40
45 57
59 78
40 49
81 85
60 79
21 26
14 24
72 92
59 65
71 93
53 71
62 71
61 77
44 60
44 54
72 85
86 96
37 45
34 46
38 55
25 36
14 28
60 80
28 36
55 65
78 91
68 74
16 37
78 88
42 46
91 96
15 39
84 89
43 53
1 29
26 44
34 41
28 37
80 87
36 49
4 16
7 11
82 84
6 10
70 92
90 98
31 36
83 93
24 40
47 55
66 68
39 45
83 95
7 10
79 84
31 35
62 68
90 96
18 23
22 26
42 65
88 95
31 45
12 28
78 99
67 79
19 35
86 89
33 37
53 60
68 71
57 68
83 89
28 42
23 48
20 31
10 24
22 55
58 64
25 57
27 32
72 75
70 75
72 80
25 30
50 61
16 29
57 61
54 69
80 85
84 93
77 89
77 92
47 49
87 93
45 52
55 65
9 13
48 56
26 33
77 83
51 61
68 76
45 60
64 72
19 25
26 40
28 35
84 89
45 51
77 95
74 82
24 40
14 30
26 43
79 96
9 15
93 95
55 80
66 78
72 78
1 4
41 45
30 54
53 70
54 65
6 14
67 84
55 65
31 36
52 59
48 55
38 42
25 30
82 98
89 99
41 51
51 85
41 60
56 64
23 38
88 93
37 63
53 58
31 44
67 71
11 23
83 93
62 63
87 98
90 95
38 50
25 29
28 42
68 70
21 33
43 51
40 50
71 73
25 31
14 35
52 58
80 83
9 28
18 34
8 13
62 68
13 18
80 87
26 34
6 15
97 100
67 90
66 73
7 18
87 92
8 18
87 92
42 61
89 93
7 20
1 8
64 85
28 35
63 74
61 70
26 35
59 66
6 21
17 22
3 7
5 12
40 47
77 84
60 63
33 46
26 43
44 56
70 77
84 92
50 54
20 37
39 63
74 91
14 31
38 52
67 71
30 35
43 55
60 81
64 73
38 42
50 55
50 54
5 16
68 75
39 57
76 93
16 31
32 40
23 32
11 14
85 93
30 35
35 48
19 36
64 66
50 58
65 78
80 85
77 89
73 85
79 91
19 25
62 69
31 36
48 53
1 15
24 26
38 46
42 45
52 62
8 17
91 100
22 37
75 80
60 76
81 99
1 19
80 82
48 55
43 47
7 24
3 17
10 18
28 42
56 73
33 41
9 22
66 74
67 75
66 72
93 98
45 50
3 12
37 42
27 31
27 55
71 82
92 99
16 21
17 28
41 53
43 61
15 20
51 67
93 98
37 43
85 98
47 51
32 39
2 11
8 18
89 92
12 28
21 29
19 22
35 46
23 45
82 88
18 26
14 26
74 80
25 44
29 34
23 43
35 47
23 31
35 48
68 82
49 59
34 42
25 36
56 62
67 78
42 65
5 15
68 80
26 35
76 80
16 28
2 17
7 8
80 85
38 90
75 91
16 29
56 62
38 50
4 10
71 74
77 80
32 41
40 45
37 55
2 4
37 48
7 19
52 69
8 44
40 51
63 83
15 18
55 76
20 24
34 42
46 58
23 27
7 22
48 65
75 81
12 21
52 58
69 83
42 62
60 70
51 55
69 92
72 78
61 65
51 56
14 42
19 22
32 49
3 6
86 92
95 99
68 85
66 71
3 12
6 24
63 75
29 34
54 72
65 70
60 96
10 15
13 21
23 32
42 65
8 30
39 44
39 43
34 36
65 96
9 15
42 50
67 82
38 47
75 84
3 27
52 61
51 62
43 55
36 44
46 54
38 44
6 12
76 91
3 15
72 86
15 22
9 31
82 96
85 90
94 100
55 64
16 21
24 31
9 18
31 36
24 36
42 52
59 63
19 27
21 23
71 80
14 24
80 97
85 99
19 44
30 43
87 98
40 52
78 83
89 97
31 62
34 61
65 83
5 11
61 71
49 57
25 58
6 60
3 10
15 23
7 34
23 43
26 38
16 29
77 82
39 43
63 66
48 54
20 26
40 50
87 94
10 28
85 91
20 24
70 77
24 32
20 26
18 62
58 65
1 8
33 40
6 14
51 61
86 93
20 30
30 36
49 55
68 75
6 10
40 45
48 55
78 98
69 75
7 13
45 55
61 71
9 16
6 12
28 38
64 70
32 44
23 49
31 36
53 63
29 57
67 75
1 6
38 43
53 56
54 61
13 25
13 25
76 82
84 90
12 21
33 54
90 93
28 47
25 34
96 99
54 59
60 62
88 94
22 25
71 81
31 36
29 66
26 41
23 43
86 99
44 66
20 36
15 17
24 42
27 36
94 96
58 67
62 70
82 87
65 82
9 23
65 70
14 39
21 25
16 29
49 55
16 26
53 59
60 94
57 71
56 62
68 84
87 89
13 34
39 46
55 72
78 87
53 59
3 11
9 16
23 25
51 72
66 100
81 91
40 55
26 37
53 67
34 39
66 81
76 81
32 39
12 38
16 24
36 68
27 31
34 43
23 44
58 70
56 61
2 16
55 64
79 96
47 54
4 7
86 97
82 97
35 45
56 60
80 88
4 13
17 28
69 77
77 81
5 23
37 49
11 30
84 99
89 99
85 98
84 100
60 75
77 80
42 46
53 59
13 25
8 15
61 65
41 47
7 16
50 61
76 84
42 48
40 52
69 85
23 34
88 98
7 9
21 29
67 78
10 21
12 35
94 100
6 15
11 13
73 96
80 91
34 46
6 28
49 56
46 65
62 82
62 70
46 51
67 75
9 78
88 91
7 17
83 95
36 51
28 49
35 43
57 62
89 95
89 95
76 84
26 40
31 54
3 10
34 49
79 84
60 78
16 27
73 85
51 54
56 67
3 36
84 91
76 93
33 48
32 38
70 78
3 7
68 80
48 56
22 31
23 35
13 22
23 30
70 78
1 13
75 88
27 42
17 26
68 75
1 6
49 55
1 7
2 9
63 68
78 90
35 46
46 65
55 62
67 84
21 23
74 84
1 24
71 76
4 18
40 47
37 39
13 29
49 53
22 29
46 51
61 65
78 98
44 66
3 7
31 32
82 88
6 30
52 71
44 59
13 26
55 65
3 11
64 75
7 14
49 74
25 28
31 42
26 40
35 43
66 73
36 43
28 58
11 27
34 37
3 6
5 12
22 66
24 30
33 39
74 92
5 15
25 29
7 13
78 87
53 59
90 93
61 71
37 42
45 53
12 58
41 44
20 30
7 10
52 58
56 63
88 100
6 10
11 21
40 62
50 59
56 59
5 50
66 80
26 29
6 14
40 55
31 43
58 69
33 47
49 52
43 56
27 36
41 59
21 36
1 8
59 65
30 38
7 10
29 41
60 75
47 52
7 15
21 31
20 24
95 100
53 69
42 47
85 95
43 52
29 66
8 29
59 75
87 93
81 92
21 26
29 32
74 82
70 85
25 32
56 59
50 57
43 53
71 93
68 76
79 86
92 97
73 83
11 54
80 91
3 11
17 27
64 76
41 45
29 31
77 82
54 64
8 17
64 71
53 80
18 27
72 84
80 85
37 41
65 70
15 21
15 22
67 70
87 93
70 78
3 10
51 81
