100 20 20 8
00000000000000000000
00000000000000000011
00011000000000111000
00000001000110000000
11100110000000111111
00000000000000000000
00000110011000000000
11000000100111110000
00010001011000000011
00001100000011000000
11000000001000000000
00000011000100010000
00010000000000000111
11000011100000000000
00001100000111100000
00000010000000000000
11100001110001100111
00000110000110000000
00000000000000000000
0100100000100000000
0100100000100000000
0000100100100100000
0000100100100000100
0000101100100000100
0010100100100000100
0000100000101000100
0000100010101000000
0000000100100101000
0001000010000101010
0000010000000101010
0000010000100001000
0000010000100000000
0001010000101000000
0001010000101010000
0000010000001000010
0000001001001000110
0000001000001000000
0000001000100001000
0000001000100001000
3936
35 45
91 96
76 80
16 29
42 51
66 80
10 44
92 98
52 69
75 87
29 60
85 93
83 90
76 86
74 80
3 16
15 41
87 95
16 28
17 25
5 11
6 11
10 23
85 94
43 56
74 83
55 63
75 84
52 65
13 22
26 34
15 35
57 84
79 91
83 89
5 11
53 64
5 16
87 90
8 26
35 38
66 76
57 66
55 65
32 46
32 34
19 39
63 86
67 75
28 32
64 76
54 68
40 43
33 38
49 55
2 19
82 93
22 31
31 41
66 86
33 60
10 19
92 96
73 77
8 16
35 41
28 35
18 25
56 63
34 37
5 13
65 76
12 27
23 34
46 55
22 31
75 89
2 10
44 64
28 31
56 60
82 84
2 20
32 46
68 91
63 78
69 72
4 14
88 92
73 76
47 59
54 83
54 69
10 19
57 65
71 81
75 100
54 65
62 84
19 46
14 20
28 33
47 89
12 23
73 83
83 89
87 100
25 33
49 61
41 55
61 66
79 84
83 92
41 50
19 26
57 68
43 47
38 41
36 55
80 92
44 50
38 47
46 56
42 49
4 14
74 88
71 79
70 79
14 24
4 12
37 41
73 86
40 52
62 74
57 77
1 17
16 38
42 45
16 29
6 17
43 49
67 77
35 41
14 18
76 96
59 70
44 67
34 44
32 36
34 41
84 85
79 86
80 85
47 66
36 40
15 23
29 41
79 88
15 21
93 99
2 8
72 94
16 31
3 6
40 49
50 53
88 91
23 53
73 85
54 85
57 76
72 75
80 85
70 93
80 89
31 40
84 94
8 22
54 66
92 97
45 60
75 79
77 84
82 90
30 37
64 71
33 38
3 11
94 96
68 92
18 33
67 80
11 43
28 30
27 55
14 25
87 95
79 90
19 26
64 69
75 79
43 61
58 95
3 13
86 99
92 98
68 76
78 85
82 93
69 79
58 63
64 76
5 26
47 53
80 94
37 48
72 82
57 96
60 90
84 88
14 29
23 33
15 23
36 43
87 97
4 22
8 31
16 45
23 34
59 64
32 58
71 78
4 16
44 50
37 44
46 49
71 78
36 77
51 58
64 87
76 94
38 56
53 58
16 21
92 97
48 65
6 18
23 40
24 29
48 57
20 26
23 34
40 48
62 74
98 100
58 64
76 81
7 16
58 64
67 72
74 87
52 62
69 76
12 38
15 33
36 53
45 64
33 47
76 81
49 54
11 23
75 81
31 41
79 88
12 27
26 32
80 86
49 58
64 67
39 43
19 27
75 84
34 45
26 45
6 13
59 80
75 85
40 49
13 53
63 74
72 75
32 37
48 78
78 94
79 85
69 76
34 41
48 55
33 87
93 96
77 86
18 23
26 37
41 47
73 78
24 36
51 59
39 48
24 33
39 46
14 38
92 97
66 78
20 27
80 94
75 81
34 41
25 65
89 97
47 57
2 11
22 26
70 80
50 61
64 83
75 100
17 31
26 33
83 93
2 6
16 29
80 90
79 89
37 52
41 53
1 22
32 40
78 89
25 35
14 18
21 34
15 27
64 81
35 77
3 22
51 57
94 99
11 16
18 33
94 98
68 69
85 94
48 60
4 13
43 51
26 46
36 40
36 38
67 87
66 76
2 13
35 45
2 5
10 22
73 78
12 33
76 82
51 62
29 37
52 62
35 46
8 14
67 71
75 82
41 50
45 59
54 63
47 50
4 14
32 38
4 12
75 81
27 46
15 27
15 20
70 86
60 75
13 18
54 63
81 94
83 91
64 71
7 15
19 22
28 56
17 47
10 24
81 94
83 89
26 37
16 18
61 71
61 65
74 78
13 20
35 47
16 26
73 95
10 23
69 81
84 91
13 28
5 10
52 63
49 54
81 90
17 33
39 54
72 78
35 44
38 51
44 73
53 60
53 78
35 41
71 78
85 98
7 24
88 90
26 39
81 89
34 41
67 86
62 78
46 52
32 39
81 88
48 53
39 45
69 75
58 72
87 95
61 65
37 42
65 68
49 51
16 25
45 57
20 31
1 9
75 87
17 29
98 99
41 65
49 60
1 22
35 36
39 53
17 20
15 37
71 76
22 26
43 53
32 35
21 61
54 86
40 61
54 67
7 16
10 16
80 95
55 68
51 57
51 66
56 59
58 77
54 56
21 33
32 33
81 93
28 42
32 42
70 85
43 47
74 83
46 59
11 24
37 46
61 66
49 54
11 36
59 63
44 50
55 61
69 83
76 89
25 44
80 84
81 93
84 87
62 68
92 96
62 74
52 56
9 20
75 79
87 91
54 63
46 49
83 88
65 77
33 38
24 33
14 30
40 51
4 12
24 34
75 85
74 79
31 48
43 52
52 79
26 34
78 80
67 75
13 24
44 66
48 71
88 93
19 37
93 97
15 27
47 56
48 56
35 46
49 64
15 24
18 28
4 16
75 100
19 25
51 67
8 19
27 50
24 41
13 40
32 38
58 66
1 6
68 86
73 80
11 23
1 19
89 95
64 70
3 18
8 13
35 44
14 29
77 87
28 32
31 35
14 27
56 63
84 93
72 76
2 27
44 53
71 82
72 76
7 13
60 71
73 82
19 27
10 13
40 43
14 21
80 94
3 5
85 95
19 26
7 39
76 78
55 65
45 56
53 59
45 59
20 24
36 40
27 46
64 67
36 45
46 59
34 62
50 54
48 52
56 60
84 97
39 52
68 89
16 21
28 29
30 34
65 84
19 29
74 78
43 49
17 25
76 94
4 14
71 80
62 66
18 34
45 61
71 81
58 69
28 32
20 32
88 94
16 27
37 42
70 81
42 46
25 37
28 32
14 36
6 10
83 90
11 14
91 100
22 40
7 43
26 34
65 72
29 35
80 97
64 68
47 58
2 10
3 12
36 45
46 49
20 36
12 33
2 10
14 19
82 92
13 18
77 83
4 22
66 88
27 32
78 95
68 75
25 45
28 55
63 79
29 54
22 30
49 67
77 89
53 57
69 81
41 44
84 88
85 88
44 49
22 34
48 55
63 73
49 57
44 55
41 53
17 23
78 86
37 45
2 10
41 50
34 42
35 61
3 24
45 53
31 43
16 18
58 71
25 37
33 41
36 65
2 11
64 67
49 54
78 90
85 94
10 74
62 68
60 67
31 36
15 28
38 54
64 73
2 15
61 68
66 74
33 72
24 34
38 46
39 49
74 89
67 80
63 75
54 59
72 76
44 62
37 45
69 72
42 50
53 56
84 89
87 97
24 35
58 64
15 20
43 58
33 52
52 90
72 79
38 41
46 52
41 49
38 43
61 78
12 46
12 20
74 92
22 28
20 41
84 95
15 22
21 37
16 31
20 29
57 78
42 62
32 42
79 89
15 19
58 68
3 16
47 59
62 71
12 16
86 98
10 23
6 7
3 27
50 57
24 31
27 30
8 18
54 63
7 13
55 66
54 65
95 100
11 18
47 57
61 80
65 94
45 51
49 59
6 24
5 12
83 99
18 21
10 22
65 70
79 84
74 78
81 88
38 42
24 32
54 60
22 28
11 21
86 99
22 28
60 85
3 12
81 94
25 27
9 37
48 63
38 48
26 30
22 29
18 22
82 88
25 34
62 65
86 95
19 30
88 92
10 19
83 89
78 87
3 23
26 62
35 48
83 87
62 75
60 73
62 68
4 8
32 47
83 100
81 98
48 59
9 18
75 81
85 92
41 55
50 62
5 10
78 89
66 78
42 48
61 71
52 59
34 45
8 15
33 39
50 65
73 79
30 35
78 89
10 24
37 41
45 51
9 14
53 57
34 42
74 90
1 26
27 47
13 31
3 38
6 9
30 46
42 52
76 98
54 83
81 87
16 23
43 47
90 96
60 78
3 10
97 98
15 21
20 36
37 46
7 24
23 41
76 80
95 97
57 66
12 20
81 97
89 99
10 33
54 78
2 38
41 48
17 29
44 49
47 51
24 31
57 66
35 45
39 54
54 65
8 15
21 28
49 57
36 44
18 27
6 18
38 47
18 31
38 53
41 52
43 57
31 39
27 31
64 76
89 97
49 52
1 16
31 38
77 86
56 66
49 57
90 97
1 17
52 66
21 26
70 84
46 63
40 57
1 8
4 9
58 63
31 39
22 27
57 61
1 26
46 48
72 79
50 53
6 12
86 95
76 96
45 85
50 75
14 33
43 61
49 58
15 18
27 50
60 62
68 71
67 73
56 61
25 45
19 24
1 6
20 38
86 100
66 76
19 30
22 28
24 37
8 17
9 49
19 27
75 91
79 88
68 88
21 26
67 78
71 84
3 5
46 51
40 44
43 47
29 40
42 47
61 65
32 42
74 78
28 40
76 92
22 38
29 32
81 93
60 77
44 54
2 9
57 67
71 78
68 72
81 97
46 63
22 44
61 67
48 56
84 88
41 49
51 56
44 53
18 27
55 61
8 38
84 91
67 73
21 22
47 51
26 33
36 40
51 59
75 80
68 86
27 41
20 26
5 11
71 80
12 22
49 56
13 41
95 99
54 69
51 57
15 27
89 96
55 62
5 17
39 55
77 87
39 42
93 97
21 25
10 18
52 62
2 9
83 94
29 35
64 69
29 44
89 93
74 79
85 94
16 23
47 48
85 96
9 20
63 80
17 22
23 45
27 30
30 44
77 88
5 33
82 93
7 19
42 51
91 99
30 52
24 36
46 67
24 28
54 67
27 33
88 95
83 97
69 81
33 37
59 75
26 34
19 21
91 95
4 16
63 70
65 72
23 34
62 74
72 81
13 20
69 84
61 84
41 55
24 47
18 22
28 46
9 17
41 58
59 64
23 42
66 76
17 26
61 69
71 98
18 28
39 46
8 27
83 89
27 40
73 88
16 38
73 80
54 57
38 56
28 31
57 62
30 42
74 90
31 34
54 57
10 21
62 66
1 38
73 93
73 79
52 64
68 79
8 20
23 39
30 35
45 51
19 31
77 92
42 47
22 51
86 93
56 61
30 39
74 77
58 68
72 81
2 14
17 32
68 70
44 48
63 74
50 61
46 52
68 74
65 72
73 84
37 42
51 64
4 19
90 98
67 84
35 51
86 91
2 12
54 71
7 22
38 48
55 64
66 73
23 55
2 10
71 77
23 40
1 19
82 86
21 43
56 72
16 27
68 75
45 55
28 33
14 26
21 33
24 31
16 23
67 78
31 44
77 80
38 52
46 55
79 90
15 24
36 44
56 63
33 39
16 23
16 24
86 99
9 17
22 25
65 74
33 43
23 33
37 55
64 80
84 100
44 52
35 48
67 82
54 58
65 100
37 45
28 31
24 27
58 68
82 98
69 85
33 55
92 98
55 62
63 65
3 25
5 10
59 65
8 14
75 98
56 88
15 25
39 50
77 95
4 44
82 83
23 38
49 55
6 12
6 18
35 41
22 24
63 76
40 58
48 51
73 77
68 76
83 89
87 94
10 16
26 38
30 60
77 85
13 16
37 45
51 56
7 17
2 8
20 35
47 58
63 68
10 19
58 68
15 37
2 8
47 58
11 18
15 21
75 78
84 95
23 39
88 98
5 28
87 99
28 52
67 75
15 25
32 46
90 98
70 75
40 49
84 94
45 51
32 34
34 43
59 72
71 86
42 49
70 76
24 29
30 44
68 80
72 78
75 82
74 88
46 59
34 41
78 94
79 82
7 17
2 30
81 94
72 79
20 41
88 98
51 59
62 85
18 27
43 52
53 62
76 79
31 44
38 51
9 22
39 50
84 90
15 27
73 85
50 76
5 8
7 19
67 84
62 67
75 95
12 16
82 96
65 77
73 87
3 12
92 94
14 21
35 40
87 91
26 30
37 58
7 35
51 69
36 40
30 38
19 28
6 10
75 90
4 26
81 93
83 87
83 94
90 93
17 22
47 55
57 63
3 9
65 75
32 39
21 30
72 82
69 84
21 25
74 87
75 87
6 12
59 72
58 60
53 62
40 49
48 51
46 54
37 49
78 85
76 86
43 47
63 73
1 19
90 95
2 24
2 14
55 63
87 92
68 88
78 86
12 27
13 24
63 76
10 18
54 67
3 14
73 80
46 50
42 52
80 91
93 100
74 87
87 94
17 31
82 88
35 56
66 76
72 78
85 91
74 86
7 25
46 65
32 65
40 44
75 86
4 9
62 71
56 65
15 29
80 91
9 14
12 24
13 24
20 23
59 67
80 85
84 87
37 58
46 56
69 76
52 65
11 21
87 97
26 62
46 57
69 74
9 11
33 36
85 94
28 32
42 60
47 53
71 83
46 73
7 21
30 38
48 58
67 70
44 51
66 70
78 86
50 55
17 23
61 70
6 7
13 24
57 64
33 35
55 76
68 75
83 96
53 61
36 48
44 48
67 81
33 50
31 36
26 47
30 42
21 27
48 51
81 90
50 95
43 47
68 90
75 81
65 72
44 56
83 92
86 99
77 85
37 47
59 93
46 50
82 88
36 44
50 61
62 69
4 11
39 49
84 92
6 15
87 94
52 64
47 56
23 27
90 98
79 87
51 58
58 85
38 43
47 51
36 42
31 48
55 74
16 29
19 23
77 81
84 93
48 52
34 56
67 74
66 71
8 17
60 80
4 11
38 40
24 29
79 97
78 85
61 77
58 65
77 85
25 64
80 88
22 33
70 76
84 91
55 77
35 42
6 12
4 17
7 21
22 26
5 6
1 6
46 51
39 54
40 48
77 96
71 84
34 44
63 89
11 30
26 46
56 69
61 67
52 86
16 33
32 36
49 52
61 63
30 41
93 99
26 34
66 72
19 58
5 18
82 91
35 47
82 89
61 80
39 54
38 46
89 97
46 57
48 65
26 33
7 12
19 25
19 38
33 74
13 20
78 86
20 24
35 42
87 99
5 21
65 75
3 15
34 45
12 25
11 31
51 53
26 38
80 87
72 87
69 72
42 50
12 22
84 86
10 24
82 92
6 18
7 12
34 43
75 78
19 25
6 14
12 22
39 44
51 66
55 59
27 40
92 100
48 55
63 72
55 77
16 22
86 100
51 57
59 75
60 72
1 5
64 74
47 58
2 23
85 90
47 56
64 69
45 54
47 53
79 84
7 12
66 91
9 14
29 46
22 25
16 22
77 82
85 98
38 49
9 20
31 34
39 45
4 15
21 28
95 98
36 45
70 78
22 32
37 50
2 14
13 50
41 60
90 99
66 74
42 50
33 35
81 89
35 55
37 46
67 80
65 81
64 72
11 24
43 61
80 91
12 25
45 57
25 37
38 42
35 43
44 63
31 38
46 51
71 80
83 90
44 69
10 17
80 95
15 18
31 45
33 52
80 95
82 86
22 38
2 5
56 78
57 62
91 95
19 24
42 46
55 72
72 84
70 81
8 18
91 97
37 46
36 49
83 89
66 75
37 44
18 35
31 42
72 78
9 13
33 38
53 59
28 33
90 96
69 89
6 22
55 58
65 68
56 67
18 30
8 16
22 34
18 20
17 21
57 68
8 18
46 53
57 62
18 27
33 47
71 90
33 35
15 49
1 6
60 75
84 95
51 58
5 29
26 32
13 30
56 64
66 69
66 68
57 95
44 61
42 51
1 25
33 41
19 22
43 54
7 40
79 91
47 52
22 28
24 31
42 51
55 69
22 28
66 76
73 99
57 97
67 77
25 34
34 45
55 59
18 28
36 43
51 57
24 35
30 41
58 65
81 86
34 39
28 38
10 24
79 82
51 60
48 53
74 82
72 89
52 77
10 23
61 71
19 40
43 48
47 53
55 69
28 36
7 10
60 65
64 97
1 6
73 95
89 99
79 93
8 49
27 31
25 37
58 69
35 40
17 37
59 67
34 42
88 98
33 49
49 63
88 97
80 87
66 88
82 92
74 80
81 90
66 87
67 71
40 54
12 21
61 68
29 35
75 85
5 11
60 67
67 78
23 29
79 85
77 87
43 53
45 57
62 73
42 55
44 52
40 46
39 55
20 31
20 31
39 44
2 11
36 40
84 98
31 58
54 60
15 18
38 46
72 86
16 19
33 40
84 89
35 43
24 30
73 78
37 45
50 84
75 83
32 40
89 93
32 38
43 68
46 56
11 17
71 79
57 62
75 87
35 39
46 52
31 36
20 39
37 40
26 52
34 39
24 29
54 61
63 76
83 86
10 21
55 66
77 87
19 30
56 63
58 63
41 48
54 68
62 76
65 72
55 64
34 54
11 13
2 20
4 14
58 63
81 85
67 85
55 62
40 51
42 49
69 71
82 87
39 42
86 99
90 97
12 24
20 36
31 56
38 44
3 7
43 49
79 92
25 77
9 17
85 93
7 15
73 79
10 18
35 41
13 21
11 21
55 65
69 73
21 31
60 67
36 69
88 100
17 23
13 19
21 36
20 23
80 94
16 21
81 87
76 84
48 53
27 33
22 27
75 85
27 30
77 86
47 58
50 60
29 36
28 52
41 48
47 51
8 13
29 43
41 48
3 6
4 12
24 44
66 86
69 74
75 85
32 47
74 94
6 15
16 26
59 67
12 15
57 60
80 88
16 31
68 78
81 89
53 78
19 41
7 24
70 81
5 9
21 34
61 66
92 95
93 99
68 74
18 38
1 9
49 55
4 13
76 88
15 37
6 28
25 27
42 49
38 46
34 52
33 53
38 45
67 78
41 52
73 80
84 97
26 46
47 60
31 38
53 56
78 89
3 12
63 66
81 100
38 42
38 41
21 29
53 84
49 59
71 80
3 16
66 75
52 59
66 74
36 42
39 44
4 6
49 54
33 49
5 19
85 98
39 48
86 97
67 74
16 31
60 70
84 94
1 16
60 65
49 60
45 54
70 74
12 14
35 49
42 59
38 47
46 57
81 92
64 67
54 62
66 75
42 45
20 37
8 22
26 40
78 95
64 70
11 20
44 64
18 41
26 34
20 43
20 33
71 74
82 95
10 15
28 50
87 89
66 79
62 70
78 81
38 42
40 45
31 55
64 70
76 82
81 88
11 22
74 80
9 19
2 8
1 5
12 72
34 38
64 68
20 23
44 49
73 82
77 84
55 59
50 58
26 32
5 15
72 90
70 83
69 84
23 27
37 50
34 42
73 100
71 85
77 83
27 36
66 74
31 45
63 71
8 13
4 13
44 47
77 85
77 95
48 53
20 23
16 23
31 35
69 74
34 37
61 78
25 43
61 65
28 47
25 39
34 38
47 61
90 93
17 21
60 84
61 88
62 77
68 89
30 42
23 31
11 20
16 23
26 39
71 92
50 60
20 30
3 13
30 38
36 62
37 47
1 10
18 20
22 45
76 95
75 87
81 87
36 51
21 30
20 47
52 63
52 57
79 94
19 23
19 66
39 46
36 54
21 32
41 47
28 35
24 29
51 57
69 82
43 54
75 84
63 70
95 100
70 82
28 51
41 52
7 13
25 41
10 16
60 65
18 26
52 60
51 63
21 26
61 72
17 29
83 93
41 53
14 29
57 60
73 76
80 83
73 92
80 91
52 59
21 26
74 95
29 43
2 9
29 44
19 29
68 74
7 11
61 74
41 66
2 15
66 67
1 8
42 50
55 61
53 65
71 75
75 84
39 48
20 32
21 26
23 79
82 87
92 97
45 51
14 19
36 43
34 55
58 98
81 87
59 70
84 97
32 61
47 49
3 8
38 47
40 50
80 96
80 90
26 52
32 43
78 81
12 20
46 58
71 76
84 98
52 82
93 98
8 17
37 56
88 92
38 45
10 15
36 40
47 61
53 73
77 89
19 41
10 21
43 52
86 97
26 29
25 34
70 76
44 65
84 91
25 31
72 86
73 86
87 97
74 88
91 99
51 61
8 49
36 61
51 59
53 63
54 60
75 82
19 39
44 62
18 29
12 16
87 99
26 34
9 26
6 7
80 86
34 40
8 12
21 34
82 95
31 39
16 26
47 51
26 35
37 45
42 46
21 33
69 71
41 48
14 18
63 67
60 70
17 25
34 47
3 11
86 92
43 50
84 89
58 77
81 89
67 75
60 95
79 92
42 53
49 54
22 42
78 84
22 25
62 76
43 51
83 94
75 84
71 77
54 66
92 95
53 67
58 79
74 84
63 87
71 78
34 40
62 83
7 12
90 94
87 98
28 33
66 73
84 100
94 97
13 24
19 35
96 99
73 83
84 92
67 82
69 81
72 80
3 16
76 86
22 32
28 34
82 93
67 76
17 24
72 97
47 57
16 22
50 63
73 92
43 51
51 68
34 60
16 24
85 89
2 22
65 70
63 74
63 77
37 40
69 87
98 100
70 74
4 30
24 30
20 26
82 87
37 44
89 97
53 66
48 56
30 35
3 11
53 63
38 47
86 100
39 47
84 92
16 28
14 27
20 25
29 30
43 59
60 72
10 16
44 52
12 16
54 71
96 99
84 96
15 19
3 19
56 62
18 27
5 17
15 21
20 22
56 62
35 64
72 84
88 94
31 37
30 61
38 43
81 93
81 84
77 96
81 84
91 95
59 66
8 32
14 29
70 78
63 84
52 60
40 69
49 59
80 88
29 49
16 19
6 15
25 30
78 83
67 69
41 42
71 83
76 85
31 39
29 42
69 77
26 30
85 95
66 86
38 52
75 84
5 14
59 90
84 92
1 18
56 65
56 66
87 96
29 32
66 74
29 41
37 47
22 37
25 27
62 80
86 91
77 90
35 41
65 69
38 43
48 72
32 34
85 88
4 13
22 29
48 58
6 17
88 98
76 94
23 32
33 41
81 90
12 17
48 59
35 44
84 96
63 82
78 82
76 88
54 58
63 74
75 91
8 16
70 77
46 51
71 96
58 68
52 68
70 81
73 92
20 25
43 73
81 90
19 27
56 66
78 94
29 37
82 93
15 17
13 27
81 92
72 84
50 57
68 79
27 34
24 39
12 26
34 36
2 10
51 58
41 48
27 34
38 43
69 88
70 76
79 82
92 96
77 86
68 76
5 10
11 20
9 34
34 48
74 77
4 23
71 78
64 85
57 69
16 20
79 91
40 44
16 25
68 77
62 76
89 94
75 79
37 46
49 55
55 62
41 46
32 39
57 72
70 75
67 76
85 88
32 45
15 30
17 27
91 96
44 71
22 65
44 70
38 42
5 14
68 74
38 44
37 53
76 92
78 98
89 94
64 74
46 61
14 28
74 81
12 21
46 54
47 58
29 49
33 73
74 81
2 12
67 75
40 57
5 11
42 61
27 39
32 39
43 53
70 82
85 92
83 89
80 87
79 86
42 49
19 28
49 60
80 87
32 73
3 10
91 100
3 10
34 41
40 46
31 37
51 59
21 25
8 25
55 64
30 37
38 50
90 97
82 96
64 69
61 64
13 29
13 18
89 92
37 44
75 80
29 41
23 26
7 37
55 63
51 60
63 71
53 77
74 88
7 8
44 49
14 24
88 91
47 71
17 43
97 100
61 64
59 68
64 93
6 16
47 58
93 98
51 94
80 88
54 67
87 92
59 67
56 67
55 65
24 40
46 78
77 88
17 29
19 23
10 18
5 22
15 18
9 15
79 86
55 61
78 83
39 49
18 23
89 93
73 81
83 92
63 70
73 83
48 58
26 32
70 83
34 40
8 13
39 44
61 87
95 99
58 61
3 21
24 30
62 70
50 51
23 33
63 81
60 86
87 98
91 95
6 19
46 56
9 20
14 26
51 69
49 56
65 92
40 69
10 31
5 26
68 76
6 29
81 93
20 30
16 20
14 37
45 51
62 72
39 48
18 28
45 54
21 28
15 28
70 89
71 89
68 98
63 68
27 35
1 21
15 24
25 30
70 78
3 7
36 41
37 44
8 11
68 78
38 43
22 34
37 43
58 60
61 75
63 68
7 15
70 76
16 35
20 45
13 22
51 64
39 46
73 88
33 38
17 24
92 97
21 48
11 16
31 41
59 70
69 70
69 84
61 78
35 45
31 60
63 82
4 29
9 28
83 99
3 6
18 20
18 27
19 39
53 58
18 40
49 50
71 78
49 66
69 82
13 19
58 84
15 17
42 54
12 23
40 54
65 67
87 91
88 94
29 35
32 58
1 19
85 99
8 12
29 44
7 11
62 68
26 66
70 79
21 37
91 99
1 19
80 92
83 85
28 47
49 60
76 88
45 64
58 60
31 36
13 23
61 72
88 100
14 26
21 32
58 82
34 78
94 98
9 18
22 35
18 36
91 98
8 16
6 16
71 81
52 60
85 96
60 74
49 63
11 20
32 37
16 19
66 77
94 99
46 51
41 55
6 10
8 13
70 94
22 31
24 34
52 70
58 61
14 18
69 77
38 52
45 51
32 69
61 73
12 16
16 35
11 57
12 29
79 85
29 38
78 83
20 24
47 52
87 94
25 73
2 8
37 44
42 51
71 83
80 96
68 78
1 8
23 34
65 76
60 66
32 37
30 42
23 47
42 51
52 58
17 33
67 79
67 82
2 21
7 21
51 67
5 12
8 22
39 47
36 50
82 91
47 52
23 36
80 91
37 43
5 23
23 38
32 40
32 40
42 60
69 72
49 58
90 99
58 68
23 29
22 31
50 58
80 82
13 23
3 15
79 84
41 46
36 50
56 62
82 95
19 25
14 27
36 51
5 19
51 59
28 38
75 87
25 57
54 67
65 85
85 89
76 82
87 95
13 35
55 62
47 62
52 59
70 79
36 62
46 61
55 67
9 15
81 89
80 90
55 60
38 43
62 66
17 20
49 51
36 50
1 33
85 91
55 66
68 73
61 64
27 43
39 51
20 29
16 32
9 16
66 75
21 29
61 66
74 85
38 85
75 85
61 67
50 76
91 98
30 44
45 53
54 59
26 38
67 93
51 79
41 48
86 90
31 59
13 18
29 46
77 94
69 93
34 53
29 41
58 66
6 10
75 81
74 97
15 21
36 56
12 17
10 20
41 72
26 32
1 17
6 17
13 17
9 28
64 70
18 25
23 30
32 36
8 21
27 48
13 32
26 29
49 54
34 44
18 67
54 65
6 42
55 68
24 31
44 64
77 81
7 23
17 22
43 61
82 92
5 14
67 71
22 30
41 57
80 85
12 18
46 51
53 61
49 57
26 46
1 15
1 7
24 37
38 43
5 21
12 19
76 83
37 65
6 19
53 67
66 69
53 86
29 51
46 60
82 89
41 50
57 62
10 23
43 49
5 12
32 42
35 44
50 63
22 55
14 30
45 61
36 45
26 30
35 39
27 38
24 47
18 29
33 50
5 16
51 59
41 47
25 47
27 45
19 48
16 26
20 24
23 39
26 31
70 80
23 26
81 97
57 79
45 48
54 59
4 7
92 98
33 44
43 47
43 45
59 66
2 17
26 61
31 38
25 36
88 93
73 90
31 46
40 63
52 76
35 47
66 74
6 18
40 74
11 37
87 91
32 40
75 85
34 52
3 16
41 44
10 19
54 83
17 20
24 43
76 81
60 68
52 74
13 38
56 63
66 76
15 47
57 61
78 86
45 52
66 77
43 53
34 40
65 77
46 52
45 55
82 98
41 60
55 63
79 83
10 27
66 75
26 29
75 84
39 43
87 99
9 19
83 90
27 44
10 23
49 56
39 58
80 96
70 76
46 60
60 63
24 31
15 28
89 94
64 75
26 38
86 94
71 78
69 73
40 50
12 36
49 60
2 19
25 36
18 28
3 18
13 23
31 43
7 10
35 39
20 35
19 35
29 60
3 7
78 80
8 14
63 69
72 97
50 61
35 38
2 16
9 25
53 65
45 50
20 34
41 47
61 67
63 76
89 95
70 88
50 58
27 52
3 10
31 63
27 41
70 93
64 74
24 27
68 85
57 63
71 78
66 76
70 77
84 88
34 54
2 13
29 33
39 43
73 89
88 94
65 69
95 98
50 57
19 25
18 25
39 45
83 85
35 45
62 66
62 73
78 94
35 43
39 46
4 13
72 91
45 55
72 79
19 24
61 70
53 65
6 12
15 17
87 100
32 45
82 87
86 96
81 94
56 67
18 28
53 72
10 13
37 47
29 38
33 50
78 82
65 83
26 38
69 72
97 100
84 89
64 71
8 15
87 97
32 43
5 14
5 23
18 29
85 91
1 9
66 67
38 42
61 68
81 88
18 40
45 55
31 34
56 79
4 9
73 78
68 78
16 23
92 96
45 61
94 98
85 99
30 34
9 28
32 36
33 56
91 97
19 40
82 84
59 64
86 96
55 61
43 52
2 18
34 36
64 70
24 28
52 63
25 50
14 20
64 67
33 41
11 17
59 64
48 54
3 9
64 72
62 69
16 28
24 57
59 65
10 24
54 58
93 99
46 57
28 40
76 81
34 53
55 59
11 14
12 17
92 97
10 17
78 83
33 45
52 56
9 19
93 98
21 55
21 32
17 43
65 82
39 45
27 46
61 74
83 90
55 67
31 46
58 66
27 34
27 47
27 34
25 31
88 97
76 85
73 76
59 65
83 88
44 59
46 60
38 60
36 38
92 100
67 72
1 14
46 75
74 81
79 86
66 68
3 6
60 73
29 39
26 48
58 69
40 47
48 57
68 86
68 73
68 73
42 49
28 51
85 92
81 91
12 21
8 29
75 98
32 52
15 20
30 36
72 80
86 89
84 91
53 66
48 64
38 54
80 91
87 94
15 36
24 28
29 40
83 95
34 43
54 70
87 90
3 9
42 55
17 27
50 72
16 21
77 87
49 67
74 89
74 89
18 29
76 81
47 51
69 71
71 80
37 44
17 21
12 22
45 54
55 67
7 19
22 38
20 30
52 62
18 51
33 38
89 100
82 84
15 24
39 56
77 83
83 94
83 89
69 75
63 73
37 44
16 19
92 98
17 28
72 74
45 54
13 29
82 88
49 62
39 46
36 58
8 18
78 85
53 68
35 47
66 85
41 49
49 68
56 61
19 39
22 31
33 45
15 25
36 38
46 53
53 60
52 58
84 90
58 63
39 50
68 83
54 59
90 95
63 72
33 60
2 9
63 75
61 66
76 82
5 19
46 55
91 97
53 58
49 61
64 70
71 86
26 29
81 89
15 32
61 65
66 98
36 42
19 33
21 31
22 54
22 29
48 54
86 91
27 31
88 96
58 64
27 32
26 37
30 51
74 88
71 73
24 37
78 88
82 99
48 57
12 22
5 22
57 76
26 34
11 17
37 50
49 57
80 93
56 76
2 13
56 63
5 23
21 24
6 18
45 54
53 65
73 87
6 20
86 100
11 19
55 60
43 51
43 47
37 49
1 14
23 29
18 37
71 81
83 88
16 37
92 100
71 79
23 32
57 74
38 45
4 12
12 19
54 69
71 83
19 33
81 82
55 77
14 34
14 34
17 27
12 33
71 85
36 56
42 55
61 66
58 63
6 29
25 28
42 51
71 86
17 24
72 77
22 29
3 14
50 61
30 35
18 25
75 83
61 75
7 17
37 40
22 33
79 89
85 97
29 62
13 29
34 38
56 64
13 39
77 91
12 16
16 28
9 23
23 40
63 69
42 50
42 44
12 24
21 26
12 28
41 45
42 48
1 14
33 44
83 85
10 28
3 11
62 87
73 78
50 68
92 97
18 27
51 55
45 75
46 52
2 21
31 43
58 82
26 33
26 36
89 94
30 42
41 52
30 45
13 23
24 25
19 32
24 48
93 98
23 32
10 24
1 19
32 71
23 29
10 14
9 20
28 47
96 100
91 97
38 48
92 95
55 60
14 37
76 85
5 20
15 22
74 83
64 69
93 98
38 88
42 63
52 67
58 67
60 70
66 76
46 62
39 53
13 25
1 10
50 64
46 51
41 69
49 66
21 34
25 39
6 10
37 61
53 59
37 43
63 74
82 87
22 37
76 83
15 26
49 58
89 99
65 71
47 52
31 35
86 100
38 44
72 89
16 33
34 57
37 46
38 54
22 27
41 47
72 85
77 98
53 88
70 75
87 93
65 77
58 72
81 89
53 59
37 47
38 48
70 82
48 50
61 72
72 81
25 35
29 31
82 92
18 23
50 53
66 96
90 94
31 50
64 71
68 72
36 58
20 28
39 64
1 9
48 52
90 99
22 36
17 20
20 44
3 20
17 24
36 54
83 87
40 49
61 65
32 33
76 90
36 56
53 63
77 86
27 39
3 8
18 26
12 31
54 63
41 43
77 91
4 35
78 83
5 31
82 91
59 79
3 12
2 9
77 92
25 28
60 71
45 63
46 60
57 59
72 75
5 7
42 52
30 41
20 33
23 35
45 82
66 70
59 63
16 40
82 94
77 80
60 76
78 90
4 9
21 24
49 51
86 90
22 43
3 6
71 77
9 16
17 26
12 19
30 34
10 16
21 28
22 28
43 63
24 37
35 42
77 91
40 49
45 53
80 82
68 86
67 84
43 47
7 15
32 42
37 42
36 42
36 49
57 76
91 99
73 81
26 34
28 54
61 75
27 32
44 48
4 13
10 23
45 66
26 35
77 87
21 28
13 17
6 17
57 67
53 61
19 29
13 18
53 63
80 86
16 26
72 79
78 89
66 75
59 66
84 97
49 50
8 12
9 43
69 74
9 15
89 96
73 90
88 95
89 92
52 54
57 75
45 48
9 21
11 18
20 30
37 48
36 54
54 57
50 60
87 98
77 78
84 97
48 72
35 51
87 96
55 74
91 100
39 48
31 69
83 94
46 64
49 56
30 33
12 14
36 38
46 51
68 83
60 62
50 64
72 85
73 77
75 84
49 59
10 15
52 61
12 22
18 45
32 39
71 75
56 65
59 76
11 17
41 65
5 10
65 79
6 11
71 78
81 94
54 61
12 19
8 20
76 82
38 48
73 85
45 50
15 35
26 32
76 81
68 71
65 77
24 33
68 81
23 28
53 71
30 34
76 85
2 8
50 74
73 94
14 19
43 54
44 50
72 80
47 52
38 52
79 98
47 54
42 52
46 56
4 11
6 27
39 59
39 47
81 95
14 17
3 17
48 58
20 22
10 14
58 67
68 78
77 82
73 82
39 44
43 61
26 43
87 94
15 26
24 30
50 60
53 61
64 70
64 94
11 16
80 86
40 46
45 49
6 10
45 82
71 86
58 75
33 37
72 79
66 78
70 73
47 59
92 97
5 25
61 74
14 26
82 88
91 97
52 62
64 86
11 48
12 26
80 86
46 66
51 68
77 86
67 86
43 48
61 66
61 69
23 42
74 88
26 33
40 44
31 44
61 64
38 50
51 65
82 100
79 87
52 54
7 18
17 29
75 85
81 85
49 51
92 97
62 67
19 31
46 49
63 70
60 70
72 85
3 24
4 13
86 91
65 73
82 91
46 51
43 49
53 57
1 6
69 78
62 72
22 28
36 43
6 11
56 66
8 15
48 51
42 54
53 79
29 40
26 48
94 96
41 44
46 48
73 87
57 67
31 42
10 21
10 29
1 12
47 51
42 82
47 50
45 53
48 61
50 64
46 48
48 54
25 43
18 27
72 74
20 23
63 70
49 56
65 71
40 48
94 99
44 54
40 58
41 45
84 94
56 84
31 36
33 44
8 15
84 93
86 96
92 98
81 99
39 47
1 8
41 50
30 36
93 97
49 72
25 30
2 14
29 35
91 97
19 30
50 57
43 50
9 22
1 4
87 95
35 43
27 32
56 74
46 56
36 40
15 25
11 15
63 69
60 67
68 86
5 9
38 47
52 84
49 51
3 10
53 62
43 57
48 70
90 95
93 95
32 46
9 34
43 56
29 34
16 23
86 96
44 57
57 67
83 96
74 100
