100 20 20 7
00000000000000000000
00000110000000000000
00100000000111110000
00011001100000000011
11000000000100000000
00100010000000110000
00000100000110011111
00110000001000000000
00000000000000000000
11111111110001100000
00000000000000001111
00100110001100000000
00000000000001100000
11111000000000011111
00000000000111100000
00000000110000100000
00001111001000000111
00011000000000000000
00000000000000000000
0010100010000100100
0010100010000100100
0010100010100100000
0000100010000100000
0000000010000000000
0100000010100001000
0000010010100001000
0000010000101010100
0001010101001000100
0001010101001000000
0000100001000000000
0000100001000000000
0010001001000010100
0010001001000010100
0100000000000010000
0100010000000010000
0001010101000100100
0000100000000000000
0000100001010001000
0000100001010001000
4055
65 71
40 51
39 44
64 72
14 19
69 74
85 88
7 12
53 61
50 58
28 41
74 80
34 61
28 56
58 60
26 46
37 50
27 40
82 93
30 48
83 98
3 17
17 33
49 58
79 90
62 66
65 99
62 71
64 70
20 34
19 28
50 58
7 22
7 31
56 64
47 55
77 84
74 79
66 71
45 54
20 26
91 97
44 56
2 15
8 10
11 22
12 18
82 95
44 60
74 83
86 99
12 15
34 43
8 25
36 45
34 39
19 32
3 18
34 37
88 94
28 33
43 51
63 70
94 97
52 61
73 84
29 38
70 74
61 65
51 55
31 41
47 58
35 56
52 68
70 94
86 94
10 23
87 99
59 75
47 63
8 17
54 73
41 69
31 40
45 55
81 92
59 69
47 64
68 77
50 74
24 48
66 76
88 93
30 43
58 62
18 25
3 9
42 66
10 25
63 72
42 55
51 62
39 48
57 62
27 48
73 81
71 77
2 11
54 82
48 60
70 78
42 56
47 64
85 97
6 9
73 78
5 16
73 82
46 58
17 30
7 15
4 38
81 83
59 91
29 39
84 91
70 77
78 98
25 30
77 85
36 39
52 63
25 32
25 45
87 94
5 9
32 38
31 45
10 23
86 91
36 43
16 23
3 8
23 42
8 19
73 82
33 43
47 58
50 58
42 77
87 99
67 77
77 95
88 90
28 48
36 38
58 77
34 65
51 56
64 72
53 57
46 64
32 44
21 39
81 88
10 37
34 39
5 15
85 90
11 26
76 81
46 50
36 58
57 67
64 74
61 69
77 81
26 34
37 45
36 55
2 14
35 39
24 39
32 53
28 41
85 92
4 9
88 95
13 19
32 39
87 93
30 42
76 90
8 27
62 75
81 89
96 100
52 63
51 66
21 33
49 53
46 53
36 56
57 61
28 38
78 92
22 29
7 26
4 12
17 22
38 48
37 48
73 78
26 40
28 42
67 74
29 40
40 48
5 15
4 7
22 29
20 28
34 45
24 32
19 26
15 24
22 27
20 23
40 51
49 70
75 95
73 87
65 80
6 15
24 42
42 51
83 87
39 51
79 86
93 98
34 46
13 15
11 24
1 10
12 22
67 80
2 13
7 16
54 61
28 37
15 25
44 49
35 38
34 41
28 45
24 38
14 19
21 38
63 91
75 89
29 44
49 52
11 20
73 89
82 95
90 98
23 28
2 11
90 92
31 48
95 99
50 63
68 80
22 31
47 62
34 45
10 25
20 37
23 42
39 52
52 59
4 33
5 9
86 99
13 21
84 95
68 78
27 41
25 31
82 94
37 43
87 90
8 36
23 29
68 76
40 49
36 40
89 98
4 24
52 65
58 71
19 35
39 48
45 46
57 63
37 44
37 42
13 31
12 19
8 15
19 25
1 8
19 35
16 22
44 54
16 26
79 85
50 54
18 27
76 99
43 49
35 48
58 82
49 67
63 83
54 64
54 75
2 14
17 21
8 25
49 61
32 42
56 86
59 87
71 75
76 79
29 38
38 56
55 63
39 42
12 23
43 51
30 43
10 17
12 22
80 97
66 72
40 65
83 89
14 41
33 44
39 42
89 98
50 60
6 11
69 72
15 25
14 27
73 74
39 47
93 97
66 74
64 65
86 92
89 95
52 66
57 68
27 36
60 65
74 76
39 59
20 36
30 51
14 37
85 96
73 80
14 22
66 71
89 99
77 90
2 11
67 76
39 49
8 23
70 90
58 65
55 77
51 65
43 58
73 78
75 82
53 62
84 88
84 89
9 16
58 86
23 67
3 8
59 71
80 89
39 46
29 34
46 56
45 53
62 76
19 22
16 25
43 66
32 40
84 93
15 36
38 43
90 97
31 38
65 84
45 64
72 93
2 32
40 44
59 69
59 60
85 90
5 20
6 14
50 56
46 53
57 96
15 18
3 21
76 90
7 19
42 55
76 84
50 67
61 81
2 10
66 71
34 38
9 16
76 97
51 64
46 70
84 89
25 30
90 98
9 20
36 55
22 42
74 82
15 26
69 76
11 18
42 70
13 19
38 55
66 86
72 79
4 8
36 62
57 78
47 52
41 45
52 69
14 22
57 65
35 45
24 30
24 30
3 8
51 57
92 99
14 22
39 48
28 50
31 48
68 76
55 68
39 42
11 14
78 87
71 89
57 62
73 86
79 85
77 90
2 10
52 61
45 52
87 92
39 61
31 40
18 29
97 99
87 99
39 49
31 41
57 65
71 80
85 92
73 89
88 93
65 82
6 11
37 54
57 63
62 73
31 58
11 37
58 70
92 96
7 27
68 93
30 65
76 99
57 62
17 44
47 76
58 64
82 90
76 100
35 42
51 73
55 59
72 91
54 66
81 85
32 40
77 86
51 68
70 77
74 86
84 100
72 86
85 100
14 26
23 55
62 79
20 36
47 59
55 66
38 50
45 51
24 37
48 56
85 99
8 16
13 21
60 70
9 12
41 65
55 63
56 69
3 19
83 87
86 96
18 23
13 25
56 73
55 74
19 23
13 30
2 10
84 86
28 52
72 78
16 42
53 63
51 64
50 60
96 100
61 71
7 15
58 64
79 88
53 85
2 18
77 87
57 61
63 81
11 18
65 73
48 70
26 29
12 24
75 80
19 26
21 37
37 52
22 30
4 16
12 41
44 51
68 77
79 97
27 44
88 97
12 22
69 92
57 63
55 81
79 84
90 97
25 73
83 96
17 23
56 65
63 68
69 74
39 50
21 28
39 51
25 37
42 58
39 46
63 70
74 82
25 30
24 43
59 72
82 96
43 95
80 92
30 31
53 64
84 91
66 73
17 22
62 69
94 99
93 99
19 23
27 32
57 78
82 90
25 36
45 59
6 16
78 89
82 86
5 12
41 46
50 79
30 42
26 33
2 10
42 52
54 65
71 81
81 99
19 41
37 40
91 100
16 22
56 68
81 90
2 14
44 59
30 58
86 91
15 19
57 62
35 51
49 65
39 48
59 69
45 55
38 54
67 73
20 68
68 77
23 30
70 82
74 84
42 48
30 40
28 36
10 29
21 30
6 28
29 44
46 54
45 74
85 93
69 79
55 66
57 89
66 82
74 82
67 76
52 61
48 64
57 64
51 76
78 89
56 69
89 95
61 70
52 60
17 20
24 49
53 63
30 39
35 39
30 36
82 88
76 88
46 59
73 79
90 98
23 25
36 99
24 28
83 93
19 25
6 14
49 63
9 15
7 11
40 52
36 44
39 54
93 97
8 22
36 42
91 97
34 47
80 86
28 30
55 61
76 86
32 56
17 27
22 27
77 100
15 18
29 39
46 61
66 70
71 90
56 69
6 32
69 74
91 100
71 76
22 37
63 83
39 49
62 71
1 13
26 44
36 46
43 50
38 50
75 81
66 71
43 51
9 23
72 88
76 80
39 58
89 93
52 64
91 96
49 58
56 90
70 74
53 57
62 70
4 7
73 84
10 26
58 86
91 97
68 78
55 64
20 32
23 31
39 42
56 65
10 44
38 51
36 44
65 86
81 89
68 77
27 41
66 77
71 81
37 47
58 77
82 99
22 28
86 90
47 67
44 47
55 58
48 52
68 80
87 94
66 68
71 78
23 36
6 11
61 67
86 93
78 82
45 57
90 96
50 66
24 54
48 57
66 91
72 86
26 39
69 90
63 65
50 55
15 24
17 23
64 70
40 48
50 72
5 18
26 36
91 97
80 83
12 21
40 45
2 6
43 59
30 50
22 41
52 60
69 74
69 77
26 32
30 52
15 18
91 95
32 55
73 80
51 58
4 39
71 79
10 31
22 39
25 44
15 16
65 70
65 82
55 69
36 48
34 40
54 65
76 80
1 17
45 47
39 75
39 43
17 22
22 28
28 44
38 44
44 49
15 23
52 74
19 28
73 77
38 55
40 71
52 70
67 84
87 93
44 66
70 88
52 78
26 51
76 80
8 21
76 87
27 31
1 3
55 60
17 22
63 83
56 62
30 50
71 88
88 97
49 52
29 38
93 96
10 41
23 40
31 42
80 90
17 33
60 69
38 44
2 12
76 79
42 48
24 36
42 45
12 17
82 94
13 17
86 89
59 72
69 73
13 31
47 54
31 60
69 87
77 83
14 47
69 75
56 59
47 54
44 47
87 93
42 51
4 19
75 84
88 95
39 42
3 17
91 98
27 30
42 60
27 44
39 52
79 89
29 41
80 89
15 27
59 65
17 23
1 15
3 6
62 67
16 24
10 22
57 63
89 97
35 44
93 98
54 73
68 74
62 69
17 37
40 47
62 72
26 47
50 71
8 14
19 25
28 50
79 84
47 74
94 100
93 98
90 95
51 61
53 57
53 62
66 85
45 61
32 45
91 99
61 67
3 10
50 58
84 96
14 19
55 65
49 62
8 34
13 30
7 15
24 44
59 64
16 23
85 94
8 38
40 53
48 71
43 90
93 98
12 21
52 63
18 23
45 52
3 16
27 50
72 81
16 23
35 39
71 77
14 26
52 60
54 60
94 97
37 38
10 17
88 99
64 75
11 23
6 9
43 68
82 88
55 69
70 72
8 20
66 74
63 70
69 76
61 65
7 15
18 38
62 72
15 22
65 68
5 11
59 63
86 96
66 74
13 29
53 59
42 48
43 49
71 84
52 76
78 82
5 9
3 10
40 46
77 93
75 86
73 79
9 19
18 20
50 55
17 53
8 34
88 90
60 71
6 21
95 100
88 96
56 65
24 48
57 58
13 39
21 27
15 21
49 53
14 23
59 66
84 95
27 49
1 5
21 29
75 82
18 24
11 20
35 46
26 38
87 90
42 76
71 74
71 76
30 35
28 36
69 83
6 10
64 78
25 37
77 86
53 56
45 67
61 65
30 40
20 29
62 67
73 79
17 27
9 18
70 74
70 77
90 100
16 18
14 19
44 50
63 76
31 50
40 45
29 46
8 11
9 15
51 59
86 89
23 31
86 97
48 58
43 48
23 26
6 18
81 97
48 60
27 32
25 37
16 23
14 22
77 81
25 32
72 82
16 19
72 77
60 74
29 36
1 12
41 71
43 47
54 62
48 54
58 64
74 89
81 89
70 81
38 70
30 36
20 37
50 55
27 37
25 29
59 63
7 26
61 65
69 73
60 66
35 41
34 38
5 9
35 41
35 40
89 98
19 27
2 8
45 76
36 61
17 34
12 24
45 97
27 33
4 11
77 82
38 58
44 48
70 97
77 85
17 36
32 39
42 51
57 63
54 61
53 61
83 100
91 99
45 55
33 40
4 12
65 79
5 10
32 44
79 93
54 70
79 92
87 96
2 29
49 61
3 7
69 93
30 40
88 95
67 77
34 39
28 38
13 26
48 65
12 24
59 66
91 97
87 95
21 26
76 84
24 58
33 41
48 61
4 10
46 57
8 20
12 23
37 44
66 85
9 23
93 98
11 20
6 22
9 25
68 79
47 57
48 60
62 75
58 60
90 99
47 63
12 29
91 99
34 38
68 71
61 69
7 12
2 10
12 18
90 94
28 47
29 39
69 76
56 69
24 30
13 21
39 44
60 67
61 71
87 93
76 80
86 91
12 31
34 47
89 99
17 23
72 76
24 45
85 98
50 80
28 35
26 34
17 31
65 70
30 34
50 71
41 52
62 69
46 51
35 51
54 95
21 32
59 66
9 29
32 49
28 69
51 73
42 46
2 25
30 35
58 62
67 83
6 10
13 30
24 39
65 86
67 80
61 66
57 70
31 39
40 45
26 53
31 39
67 71
19 25
46 49
10 17
37 51
27 36
66 87
28 38
23 33
24 38
42 47
87 98
10 16
73 91
83 92
37 41
32 46
92 100
54 60
70 97
67 79
90 99
55 56
49 61
72 88
16 25
75 83
46 57
85 93
77 86
43 61
16 31
34 36
10 16
27 35
6 15
40 44
47 50
11 63
27 37
71 78
54 59
12 38
8 15
74 82
54 57
51 71
71 82
13 18
65 74
54 59
45 55
78 86
27 34
76 82
63 85
47 61
28 38
48 57
44 54
35 51
73 95
68 73
74 77
56 68
28 45
50 60
72 76
87 96
15 21
32 42
20 35
21 67
6 17
19 24
37 42
38 43
65 78
39 50
36 41
16 39
25 37
73 78
4 10
71 85
10 13
62 66
22 40
51 66
57 67
28 47
22 42
95 100
21 34
33 50
30 39
39 48
15 22
18 21
34 40
19 23
28 54
43 66
6 14
38 47
21 22
35 51
33 41
32 41
10 18
28 41
60 78
49 51
76 83
26 38
52 60
69 86
50 60
51 57
40 53
13 32
30 48
85 92
35 77
78 88
35 42
4 25
36 39
88 93
18 20
9 12
64 78
17 26
67 71
57 74
46 60
90 100
67 97
62 68
14 31
1 2
88 94
46 70
65 70
33 37
23 26
44 47
9 18
20 49
28 33
49 60
29 38
54 71
60 77
48 58
65 71
9 34
34 45
84 95
52 60
43 56
21 27
37 39
42 49
2 6
28 43
44 61
32 47
55 82
75 82
37 43
27 41
57 63
49 61
4 14
38 45
48 53
42 53
39 49
73 81
3 14
89 93
84 92
13 18
41 64
68 79
65 85
28 40
40 59
81 95
49 57
79 92
17 20
84 91
67 100
8 17
17 25
50 51
27 41
85 89
65 75
57 66
73 77
64 74
45 75
50 61
77 86
81 86
11 24
56 65
44 51
15 22
16 21
25 27
53 60
21 27
18 25
61 73
25 37
26 31
56 72
31 36
8 18
63 75
17 30
7 24
37 44
7 12
67 90
50 58
97 98
86 89
48 54
4 21
30 46
16 20
90 94
72 77
74 84
6 18
71 77
93 94
46 54
18 29
16 25
72 75
8 17
71 82
38 56
42 48
12 22
6 12
46 80
66 77
31 35
78 83
20 35
65 69
89 92
1 4
30 45
30 40
33 69
37 42
21 40
81 87
64 70
27 36
89 98
44 58
34 57
29 35
41 50
17 83
4 35
1 17
34 44
19 46
13 31
91 100
60 67
8 17
88 99
37 43
40 44
50 58
64 72
87 100
89 91
48 58
26 37
54 59
9 19
39 48
4 11
67 74
7 9
25 32
92 95
49 55
43 50
53 67
83 98
45 49
48 52
67 69
59 80
72 87
71 81
34 47
74 99
39 61
11 22
49 54
80 96
67 75
37 44
31 47
26 32
93 96
21 28
65 75
72 88
77 83
36 54
21 26
45 47
52 67
87 94
8 12
58 72
1 7
8 20
69 84
61 75
89 99
28 50
65 73
2 6
64 74
93 97
67 85
85 89
8 15
73 77
33 40
82 99
60 67
47 60
69 82
13 26
66 71
11 20
5 16
41 78
2 7
10 17
63 79
45 51
47 69
14 19
27 33
75 79
6 13
34 35
57 78
47 78
2 15
41 58
17 27
31 37
64 67
8 11
16 27
38 48
37 47
40 46
42 54
57 71
72 89
44 50
66 86
1 14
64 71
27 42
11 20
73 78
29 44
62 80
44 50
39 63
29 36
2 10
6 18
4 9
72 80
11 19
35 40
30 33
23 33
8 14
60 70
24 35
65 77
80 88
11 19
25 31
5 19
8 13
39 63
3 15
94 97
55 62
1 5
90 99
11 19
70 75
12 19
11 15
82 92
2 17
56 67
46 61
29 35
22 37
88 96
24 45
6 14
9 13
38 43
88 97
50 88
71 75
8 15
14 26
79 82
12 18
52 53
91 100
56 67
22 27
48 50
48 52
69 84
20 27
60 71
19 23
21 30
64 70
29 35
41 47
3 10
26 28
74 83
79 81
6 21
73 83
68 70
84 88
30 40
16 33
61 84
21 33
49 67
61 74
42 55
25 89
83 91
55 61
1 4
58 66
28 54
55 75
4 17
38 54
26 37
53 57
56 69
35 39
1 14
39 46
71 79
32 42
62 73
86 90
2 18
4 10
54 66
4 12
62 65
41 45
40 56
6 15
3 30
63 67
49 62
31 37
24 35
18 46
30 45
30 42
37 38
16 30
86 93
64 81
75 91
8 27
44 57
30 43
32 60
36 43
56 66
39 51
16 26
92 94
45 48
26 30
85 88
34 41
91 94
29 37
5 14
32 40
81 90
84 89
92 99
63 74
18 26
13 17
24 51
1 16
58 63
7 17
70 82
29 33
53 64
57 60
16 37
90 97
79 89
3 32
8 16
31 60
29 33
33 50
31 46
27 38
56 62
52 59
90 97
38 47
39 63
83 85
90 95
45 58
80 82
55 75
6 15
23 38
29 35
17 25
78 85
51 58
2 7
86 91
96 100
32 39
60 71
20 25
2 11
39 54
3 25
80 82
82 88
2 9
53 67
8 24
33 36
57 68
85 94
31 38
49 56
73 79
3 8
65 69
22 43
8 14
65 76
64 78
82 97
37 47
93 98
52 57
48 57
68 72
22 26
61 73
24 47
8 30
31 35
12 16
21 32
3 22
53 61
87 96
49 58
43 73
28 45
18 53
67 94
43 45
17 23
77 82
10 27
77 88
35 58
17 33
72 74
56 63
24 32
3 23
85 90
25 32
64 75
1 7
34 41
48 51
28 37
12 19
33 49
75 79
5 14
29 33
83 98
76 80
7 19
92 99
49 82
39 44
49 55
79 96
47 59
33 51
72 92
24 38
44 72
25 28
33 42
23 33
48 51
40 42
65 78
89 95
31 51
67 79
27 42
2 17
40 45
7 9
34 36
25 41
79 87
57 65
36 51
79 93
29 43
73 86
19 33
83 87
12 16
60 69
27 54
28 39
44 47
65 81
24 27
52 64
71 89
18 35
71 76
6 13
47 50
42 47
17 22
71 91
14 22
58 62
45 58
37 42
66 80
17 19
25 38
19 37
60 67
68 86
16 32
1 7
89 93
45 65
70 80
13 31
80 99
30 47
7 13
59 75
34 50
22 25
9 13
86 94
42 54
29 39
17 33
74 89
12 18
71 98
23 27
57 64
6 12
32 48
75 90
46 57
75 78
43 82
41 50
71 96
87 96
74 94
38 50
71 85
19 25
90 96
54 58
44 53
90 99
27 33
43 54
75 87
43 53
45 53
79 84
56 58
39 57
34 38
8 14
5 19
71 86
12 20
93 99
18 36
58 72
47 64
31 36
49 61
36 41
74 87
15 21
17 34
19 22
19 25
59 60
90 96
73 78
6 16
13 51
79 88
91 96
95 97
43 56
66 74
25 35
92 97
82 89
63 72
42 70
18 31
62 93
20 44
50 56
11 22
66 76
17 25
76 81
76 83
19 23
17 26
76 78
12 18
73 79
24 32
41 51
61 77
39 52
39 46
79 87
83 92
7 12
51 79
54 65
79 93
55 63
14 30
24 59
63 69
49 52
72 93
86 91
63 78
69 74
15 22
7 14
4 11
90 96
32 36
51 58
9 21
38 44
53 64
19 57
60 63
46 51
49 55
92 98
30 53
52 70
22 28
20 26
19 45
46 53
4 25
89 95
5 10
66 72
53 71
5 13
25 46
57 81
32 64
33 40
29 56
9 28
49 61
65 68
20 31
13 25
41 46
80 90
52 68
53 64
44 50
95 98
19 30
51 59
57 60
16 34
48 58
25 30
41 49
3 10
82 90
17 35
23 32
13 26
48 59
91 100
76 94
42 46
13 22
91 97
25 36
82 99
27 48
21 32
58 63
5 14
69 83
70 88
28 39
5 21
78 90
14 28
47 57
86 87
17 24
61 72
14 31
38 54
5 12
61 67
6 12
90 98
49 57
70 89
38 48
86 94
58 77
51 64
41 42
35 44
15 29
35 41
46 69
13 24
83 86
69 73
76 94
23 37
21 53
19 33
23 34
72 83
36 43
41 47
25 36
38 43
75 82
9 16
87 94
38 40
72 85
7 18
14 26
21 24
51 55
7 11
51 53
57 71
84 91
23 36
16 21
41 52
69 77
4 22
55 59
86 92
61 70
67 80
29 32
3 17
45 56
65 70
58 68
76 87
43 62
75 93
78 82
59 75
63 68
34 40
24 29
68 87
4 8
28 47
25 39
51 74
90 97
26 35
24 36
84 97
33 54
60 70
66 77
70 77
43 52
67 71
43 49
78 84
77 83
63 73
69 83
91 96
51 64
95 99
19 30
62 72
15 32
9 22
50 74
23 26
12 22
86 94
32 46
85 99
21 32
8 12
79 81
29 45
46 54
24 33
30 38
31 43
32 39
8 15
31 47
45 51
3 15
66 74
15 16
47 59
74 77
44 72
52 68
62 71
54 78
20 26
13 24
11 28
90 97
13 30
49 65
23 34
12 20
15 39
52 55
42 50
91 92
34 38
18 28
14 71
42 54
43 52
30 37
38 50
13 28
21 25
60 66
46 57
39 53
73 90
35 58
43 50
55 70
35 53
75 92
51 71
81 99
5 15
72 95
37 47
70 87
61 74
28 39
4 36
63 68
89 95
43 55
4 34
63 79
66 72
18 26
38 48
6 21
83 88
56 60
31 36
16 26
34 38
53 62
77 88
11 15
7 11
14 29
65 71
73 92
19 29
94 96
78 86
17 41
58 73
94 96
78 86
5 25
49 51
43 53
12 20
89 99
46 53
93 100
16 23
73 84
88 97
89 93
55 86
56 64
2 14
50 56
5 10
46 51
68 86
15 21
46 51
35 40
35 44
78 84
41 47
5 11
33 37
58 81
17 22
85 94
55 61
41 44
56 69
30 52
84 90
72 90
86 98
64 66
54 62
33 74
71 90
44 54
53 64
78 94
44 52
62 91
88 95
61 84
79 97
69 83
19 28
48 56
52 70
25 29
32 46
80 93
27 39
5 11
17 24
39 49
33 43
45 76
33 42
85 100
65 71
18 36
55 66
70 76
28 37
35 39
69 85
86 98
19 34
23 28
28 39
43 54
31 60
33 41
57 72
55 75
91 98
9 13
66 68
90 93
6 18
9 23
14 55
54 62
23 34
92 98
37 47
20 25
13 32
90 100
57 67
83 95
55 59
21 25
18 28
29 36
58 65
78 85
57 73
58 65
82 83
57 64
47 54
15 22
2 5
25 31
27 35
27 45
60 76
52 60
73 98
67 77
26 36
41 44
7 26
40 50
2 12
45 49
48 68
21 34
60 61
35 47
22 27
61 71
63 91
42 73
63 74
40 57
93 99
59 72
48 68
43 49
67 74
10 32
59 73
30 38
90 94
18 26
7 15
64 73
52 58
29 33
34 55
84 99
70 76
59 63
8 27
40 58
54 79
21 26
78 84
26 47
67 69
69 79
83 85
76 87
64 99
72 87
88 94
9 15
12 14
57 73
94 100
80 83
29 40
59 91
72 98
45 51
81 86
85 89
10 28
65 70
45 61
88 97
94 97
52 61
77 85
39 50
72 100
31 46
6 16
44 52
42 48
13 25
39 63
35 46
63 97
22 26
43 49
46 50
22 26
25 34
45 51
78 87
2 9
44 54
5 8
63 66
48 55
45 57
57 69
27 37
58 62
21 32
59 92
68 74
63 68
20 28
80 90
25 39
79 85
62 79
86 94
10 20
84 92
9 26
78 87
75 79
38 64
54 57
72 81
25 30
89 95
19 20
9 18
33 42
66 76
41 46
66 77
63 82
7 13
7 28
25 32
79 83
87 99
11 13
90 97
18 24
30 36
42 47
56 73
2 11
40 46
5 7
89 93
78 84
40 64
40 53
57 74
81 85
32 42
26 32
72 86
68 80
2 9
2 18
26 36
25 37
10 23
41 47
53 64
34 38
53 64
2 15
20 38
3 13
6 16
71 87
81 92
87 96
63 91
22 33
23 44
75 80
17 34
23 32
31 34
37 48
49 54
37 53
56 62
68 72
69 77
60 81
86 93
40 66
40 48
85 97
32 37
41 45
55 62
28 39
4 17
57 78
19 34
62 72
3 25
44 54
13 25
70 81
5 8
13 25
54 58
72 79
45 50
66 87
69 85
72 80
48 54
42 51
3 12
3 8
74 78
19 22
65 97
75 80
39 49
51 71
65 70
3 28
32 69
4 11
6 16
60 66
5 16
57 62
55 60
82 94
8 13
12 20
30 39
25 43
56 65
45 80
17 23
2 13
49 64
45 63
58 64
39 43
41 49
49 97
67 76
15 32
18 31
10 19
15 20
60 68
81 90
15 20
96 98
3 34
88 96
94 100
56 70
60 71
91 98
16 36
75 82
84 90
4 5
42 54
40 58
60 78
81 87
64 85
40 62
83 87
13 15
80 92
5 17
27 37
55 61
19 26
30 47
23 32
2 24
48 61
25 32
24 33
87 93
80 84
29 34
14 27
92 99
59 65
43 55
78 95
37 42
46 49
39 45
47 63
38 50
54 59
71 78
10 20
52 88
2 9
23 32
29 49
42 48
84 98
42 48
27 33
76 92
49 64
46 68
44 50
73 88
66 76
44 48
12 26
47 52
89 100
60 79
91 99
69 97
52 62
73 81
26 35
21 27
69 76
71 74
67 82
47 53
14 37
24 29
14 17
3 22
27 39
20 31
45 57
56 62
13 16
68 71
77 87
20 38
83 88
5 36
48 52
23 37
86 90
22 31
42 52
48 74
45 47
8 20
16 49
78 89
7 17
44 52
38 53
68 87
56 65
37 41
86 97
30 32
46 53
29 48
90 92
24 32
31 34
88 95
34 51
42 51
3 25
91 93
74 81
2 13
17 21
17 50
18 25
5 23
43 75
87 93
60 67
31 63
86 91
67 73
79 87
45 52
24 30
44 57
46 53
15 17
78 82
69 73
13 22
10 23
32 42
47 54
37 46
8 17
27 33
24 28
40 62
77 82
35 42
2 9
11 25
87 96
74 92
27 32
54 69
4 16
65 77
10 18
55 69
34 40
69 79
16 21
69 79
71 81
59 69
54 81
50 56
73 76
67 83
40 54
74 89
54 63
27 38
93 100
86 94
1 12
8 14
50 65
56 62
87 92
86 94
59 65
41 50
26 33
91 98
40 50
46 58
2 16
81 86
88 98
20 28
42 55
17 27
4 10
61 91
28 34
62 70
86 94
8 29
5 24
20 32
34 68
11 16
73 77
6 19
83 93
21 35
65 85
69 82
66 77
29 36
19 24
63 81
33 43
49 54
17 33
12 18
56 60
59 67
50 62
66 72
18 48
88 96
62 80
65 75
31 53
67 82
12 33
38 45
77 80
9 37
22 30
20 27
28 43
10 25
70 75
7 26
3 10
92 99
22 31
10 47
19 34
49 53
22 38
83 88
88 91
36 55
16 23
89 95
48 56
55 61
20 33
2 17
45 58
1 10
61 66
8 15
53 78
72 81
27 33
16 60
56 64
75 88
62 69
50 56
4 6
89 99
75 87
40 57
65 91
30 35
65 79
62 87
12 23
91 99
56 69
30 36
37 72
73 82
44 54
84 95
34 49
70 78
3 24
68 74
41 49
26 30
7 11
91 95
80 85
88 92
27 34
31 41
70 89
87 90
16 33
66 76
50 61
64 70
36 41
57 66
66 73
14 30
41 45
15 40
26 33
1 6
88 99
26 43
46 54
70 84
26 41
46 84
33 47
34 42
46 52
42 54
72 78
27 32
38 80
27 41
52 61
62 80
38 51
61 68
34 37
55 62
7 19
79 91
87 97
29 46
50 57
8 26
49 57
22 40
11 21
14 22
70 86
21 26
64 92
32 39
28 48
42 52
54 64
20 22
35 58
30 47
27 35
47 61
51 60
38 40
37 39
44 50
92 97
27 32
17 31
3 11
45 51
42 44
54 69
66 74
32 46
72 78
21 25
6 11
9 16
88 98
79 84
18 21
3 11
31 44
94 96
61 71
47 58
48 55
79 94
59 78
3 8
73 85
86 90
93 97
26 73
26 40
19 29
4 9
45 48
55 58
21 32
67 77
46 63
46 55
38 51
82 91
30 39
20 45
93 97
77 88
39 54
86 100
33 66
57 66
14 20
50 61
12 18
83 94
52 66
34 74
77 85
15 33
36 42
89 94
73 86
32 40
64 68
4 19
28 44
91 98
53 61
89 98
49 59
80 82
60 69
44 58
33 42
45 65
64 71
44 47
33 43
24 42
59 65
20 26
7 12
48 55
41 47
4 15
43 53
89 94
1 14
4 7
59 66
70 77
5 10
48 67
77 90
36 38
12 23
65 82
28 32
82 99
54 65
9 15
2 6
46 50
87 94
27 35
8 12
22 24
8 33
70 72
36 45
22 29
3 11
63 73
11 21
69 89
9 19
50 70
62 65
55 71
60 69
42 51
18 23
34 41
71 77
74 100
74 86
88 96
1 3
67 85
26 35
28 36
40 56
65 70
73 81
46 55
45 61
47 56
22 27
20 39
63 79
74 80
26 34
43 49
69 78
64 88
8 31
13 30
58 73
47 67
62 79
27 32
12 17
91 98
78 88
61 96
87 94
7 17
91 94
20 22
12 22
12 18
50 66
41 51
65 91
45 53
75 90
14 20
54 64
29 39
74 78
3 13
44 63
39 54
3 10
76 90
34 49
79 89
78 87
15 67
57 72
11 19
76 86
68 78
86 93
64 75
69 82
67 77
30 57
10 32
5 11
17 24
61 89
17 23
57 66
50 62
16 18
75 81
68 82
63 65
70 78
43 54
82 87
76 79
74 84
60 71
34 40
67 70
52 65
43 47
80 91
42 51
23 26
13 22
44 64
12 20
42 78
27 38
3 14
42 59
59 61
73 77
49 65
19 31
63 67
16 22
72 75
78 95
37 52
58 65
23 44
96 100
12 18
59 69
39 49
81 87
87 98
41 71
59 73
56 61
30 61
5 44
66 71
44 50
50 63
66 73
22 27
66 72
74 89
32 35
44 57
44 59
77 81
25 40
18 35
41 43
72 90
1 11
22 27
36 39
17 21
92 100
13 23
45 48
1 11
25 32
23 38
66 73
34 42
45 49
29 46
9 22
37 45
34 47
68 79
73 84
24 35
62 71
57 61
79 87
12 33
13 25
60 65
13 20
63 73
28 36
18 24
73 98
28 34
40 44
36 58
79 84
69 75
6 8
14 30
48 62
11 27
29 35
76 80
1 15
27 65
21 61
56 74
69 78
20 37
31 44
39 48
70 80
6 23
23 33
65 77
93 96
43 46
88 96
81 93
28 43
4 12
11 31
57 65
45 54
92 97
79 88
34 52
26 37
47 68
2 9
6 19
56 61
46 53
79 88
81 86
84 92
71 77
41 72
46 52
89 93
70 75
15 24
65 73
29 39
62 74
22 29
10 17
56 72
18 36
71 81
58 71
8 14
5 14
52 59
75 90
44 51
42 50
4 10
48 63
33 48
57 59
53 59
50 60
62 64
67 76
24 26
40 54
90 94
46 53
24 45
20 36
71 75
64 83
72 78
73 84
3 9
67 73
12 28
59 64
19 30
95 98
35 41
27 34
56 63
86 93
11 21
50 53
2 9
67 72
66 73
59 71
10 26
73 87
28 46
58 68
80 97
53 68
25 51
15 30
53 69
26 35
24 34
37 62
71 81
44 51
50 56
68 95
75 98
2 9
17 30
33 39
50 64
94 99
14 23
41 52
56 60
40 50
30 39
20 35
35 52
50 57
60 82
76 85
18 40
45 47
36 50
30 40
75 83
77 84
10 14
5 14
36 76
85 94
10 28
43 81
69 77
68 73
34 52
51 80
74 88
11 18
58 67
46 63
60 63
2 5
91 100
72 75
61 64
60 65
70 76
40 47
29 36
75 88
58 79
2 11
7 10
87 92
65 70
48 59
73 88
45 62
16 21
73 77
59 71
85 94
92 96
63 85
55 64
11 24
68 88
28 38
76 100
70 73
17 37
35 54
64 75
68 72
53 64
21 26
43 47
51 66
16 33
51 56
39 52
50 53
16 19
81 93
49 66
28 39
78 91
64 69
69 73
48 63
38 55
50 70
13 17
31 51
85 93
54 74
88 98
36 39
64 69
72 81
24 69
28 35
26 32
18 29
69 73
38 43
88 98
28 34
59 80
38 45
54 59
77 96
71 81
54 60
65 77
48 51
36 59
27 30
77 88
91 99
38 55
59 79
82 88
70 81
95 98
44 49
91 95
83 95
8 21
59 67
5 19
77 88
39 55
39 58
78 86
11 23
43 59
63 71
51 64
54 66
85 99
39 58
44 50
66 74
64 69
31 34
50 88
47 55
2 9
45 51
79 92
87 99
19 25
88 95
27 36
63 70
17 23
64 73
24 42
13 18
42 59
52 63
13 26
88 91
57 67
24 37
55 67
15 22
10 18
49 54
24 32
41 49
15 34
71 82
27 30
27 51
16 28
72 75
45 53
58 82
84 96
74 80
65 71
43 54
79 96
91 95
23 37
2 6
50 56
1 13
10 21
85 93
34 39
42 47
49 70
75 84
78 85
42 46
2 18
57 71
13 18
19 30
68 72
77 91
21 33
84 95
85 91
36 47
63 70
63 76
30 48
18 26
24 26
38 43
14 25
43 48
60 68
97 100
62 72
19 28
50 59
43 56
96 98
59 67
53 66
77 93
43 49
6 22
67 72
35 40
54 60
14 23
24 29
78 91
40 44
26 42
65 76
60 66
57 64
10 13
90 100
14 18
83 85
39 47
76 82
66 71
22 36
53 59
4 14
56 76
76 80
18 22
13 25
50 60
63 66
3 17
8 23
87 92
82 95
37 41
85 100
39 46
27 32
46 52
26 44
46 62
88 96
76 87
75 81
11 25
75 77
39 64
47 59
63 73
9 14
13 18
75 83
22 42
87 93
85 92
82 87
90 97
85 100
32 49
30 43
66 84
63 80
63 71
13 22
24 39
76 94
73 76
61 68
58 67
18 23
7 10
92 100
7 26
8 15
5 12
24 35
63 68
28 41
81 96
74 94
35 37
73 76
2 18
18 58
85 92
50 58
96 98
76 89
72 98
41 71
65 73
55 71
50 58
72 75
51 53
25 27
96 98
92 96
19 36
70 93
1 5
25 45
50 59
16 26
5 20
26 30
87 93
12 17
24 27
62 75
91 97
85 95
70 77
74 85
62 86
78 82
94 97
63 77
30 37
37 45
78 84
82 98
78 88
74 80
7 21
85 92
4 12
22 29
72 100
2 10
36 55
68 69
44 46
59 69
56 58
22 26
43 47
61 76
31 43
91 99
74 82
26 42
32 39
26 28
54 68
41 46
1 4
14 25
54 68
35 51
74 86
9 23
26 31
82 88
88 92
56 76
33 41
37 43
49 61
94 98
37 68
40 56
35 42
89 90
87 100
74 77
64 73
56 59
53 62
84 90
77 93
18 81
78 85
92 95
17 31
23 30
33 44
85 93
19 38
6 20
36 56
59 65
46 57
48 57
32 47
76 83
68 71
57 67
9 18
19 24
51 56
81 87
18 23
78 88
62 98
21 33
13 22
51 57
67 79
49 65
55 76
21 36
5 9
82 98
54 58
22 24
19 25
77 92
34 46
40 46
82 86
37 51
53 72
9 16
2 12
31 41
91 98
23 33
8 19
64 80
58 65
13 32
18 27
84 87
33 53
12 20
58 62
58 62
27 28
8 12
2 5
86 99
13 18
85 97
47 62
47 60
58 69
14 17
10 13
16 32
25 31
66 73
50 69
75 78
62 82
32 44
24 32
30 32
2 4
34 43
93 97
31 47
86 94
43 60
36 44
15 34
28 36
87 93
5 19
23 38
10 13
58 69
56 61
44 51
35 39
74 94
13 16
6 15
19 26
29 39
46 52
28 35
79 92
5 14
22 31
65 76
72 78
55 71
77 90
67 79
27 36
22 29
64 83
67 72
30 46
25 43
52 60
17 22
54 79
39 45
22 37
56 62
55 63
16 30
43 56
4 12
46 49
54 62
40 45
1 26
32 43
21 32
84 94
47 52
63 70
83 98
56 58
35 48
28 37
85 98
86 97
88 95
61 68
79 91
56 68
70 79
13 20
51 62
75 79
88 98
27 32
49 59
32 53
68 76
90 96
34 46
36 39
78 84
33 45
23 38
34 61
78 95
46 50
69 80
76 94
31 40
62 68
83 88
38 51
5 9
80 97
39 59
46 73
58 74
74 88
30 50
30 69
30 43
59 62
23 37
60 66
67 85
75 93
42 56
64 74
84 93
77 94
59 60
37 42
22 31
1 12
6 11
32 37
67 87
51 59
72 78
18 31
95 97
83 85
31 34
70 78
36 41
77 83
24 30
32 42
33 40
72 80
78 92
50 60
24 29
63 83
