100 20 20 7
00000000000000000000
00000000000000000000
00000000000000000000
00000000000000000000
00000000000000000000
00000000011100000000
00000000000000000000
00000011100000000000
00000000000000000000
00000000000000011111
00000000000000000000
00000000000000000000
00000000000000000000
00000000000000000000
00000000000000000000
00000000000000000000
00000000000000000000
00000000000000000000
00000000000000000000
0000010000000000000
0000010000000000000
0000010000000000000
0000010000000000000
0000010000000000000
0000010000000000000
0000010010000000000
0000010010000000000
0000000000000000000
0000000000000000000
0000000000000000000
0000000000000000000
0000000000000000000
0000000000000000000
0000000000100000000
0000010000100000000
0000010000100000000
0000010000100000000
0000010000100000000
0000010000100000000
4317
53 59
74 79
85 100
30 45
34 41
48 72
15 21
26 39
63 69
31 36
45 60
67 70
30 35
49 64
17 85
41 46
36 40
28 32
53 66
55 62
47 51
79 92
87 95
6 15
53 57
59 65
38 53
60 67
66 78
62 77
22 48
48 80
78 82
56 69
6 10
64 71
66 79
33 48
73 84
20 26
86 89
54 56
34 45
7 30
3 10
87 97
21 25
1 9
21 34
87 91
4 10
8 24
46 50
28 48
31 50
2 7
54 68
30 36
89 95
30 38
70 85
31 47
91 94
21 26
75 88
80 96
54 71
58 75
64 74
58 71
74 92
30 34
63 74
20 36
23 28
87 91
54 56
58 72
85 96
49 53
33 39
76 90
8 23
8 20
23 35
27 41
86 99
18 29
11 24
50 67
58 71
13 18
82 100
35 51
40 44
79 89
22 27
52 55
84 99
57 76
49 64
29 41
53 60
22 25
50 54
75 87
23 35
82 92
22 25
6 19
54 68
21 28
48 56
59 72
80 86
1 7
45 49
69 77
83 86
43 55
63 73
77 100
4 14
45 52
1 10
76 79
53 64
71 77
38 48
57 70
45 55
27 37
55 74
12 19
25 35
3 14
72 87
82 94
78 83
7 21
37 59
9 23
18 31
59 77
11 24
76 93
61 63
99 100
80 91
75 88
17 36
35 40
6 13
10 23
19 27
51 61
13 27
43 55
1 5
72 80
56 66
66 83
22 26
20 41
75 92
64 73
88 94
54 61
44 54
8 23
48 64
24 28
50 59
48 60
35 40
36 45
71 83
26 53
36 42
69 86
62 74
2 15
44 62
25 32
70 87
73 83
42 50
42 52
69 89
68 74
45 53
2 10
20 31
47 58
73 80
85 98
12 17
9 18
42 58
83 87
54 66
30 49
66 72
47 50
32 39
47 70
8 20
9 16
25 41
32 47
62 70
86 100
5 12
15 32
31 39
76 86
92 96
69 76
33 51
52 60
78 87
22 28
56 63
49 54
1 13
44 50
42 61
78 84
56 61
32 37
21 29
43 55
61 66
84 91
9 16
45 62
45 47
55 61
79 92
51 59
30 32
76 85
8 14
23 30
92 97
68 83
58 69
58 66
46 65
79 80
2 12
9 17
9 36
1 13
45 54
22 24
20 26
52 59
26 36
9 33
90 98
64 73
47 55
13 25
61 66
25 33
45 46
7 27
47 59
45 58
45 65
49 58
54 64
75 83
36 44
4 18
21 27
70 77
2 11
77 87
1 6
72 80
88 96
33 48
5 32
52 59
49 56
14 27
81 93
59 68
60 77
3 21
24 46
69 84
15 23
84 90
2 22
12 25
59 90
48 56
6 21
4 23
71 74
48 69
47 70
2 12
52 57
34 51
15 42
21 37
11 18
21 27
77 88
47 65
70 77
57 63
32 42
44 66
65 77
15 23
17 25
7 25
11 24
30 44
65 67
79 91
25 42
7 15
67 71
21 31
55 62
11 18
14 25
20 23
63 67
30 39
19 45
76 91
85 91
57 62
23 33
76 84
84 87
85 97
61 70
68 83
6 18
60 65
22 27
1 7
72 86
29 40
89 98
42 59
83 86
52 91
83 84
57 61
80 85
52 69
5 21
76 88
78 86
49 64
36 46
18 37
2 16
78 88
42 52
58 67
37 51
3 9
78 92
74 79
77 82
66 80
49 53
30 40
28 38
96 99
69 78
54 72
23 30
31 40
11 14
28 34
86 97
19 49
15 25
6 16
23 40
58 62
33 56
19 27
35 46
71 74
17 26
79 91
32 48
41 47
25 37
75 95
7 19
9 16
64 68
11 14
43 54
46 62
26 36
22 38
40 48
90 99
67 71
84 91
53 77
78 92
85 99
57 67
70 79
52 72
71 75
50 59
44 61
88 97
73 80
17 33
24 32
25 59
37 40
9 27
44 50
45 58
35 46
61 70
49 53
34 43
66 98
64 76
54 59
85 87
87 95
62 70
77 82
44 57
45 66
11 17
33 44
15 21
11 21
26 33
78 86
11 16
53 61
42 59
34 37
22 31
41 63
20 42
19 33
2 10
80 93
5 15
10 14
38 46
48 53
83 91
71 94
40 46
20 23
62 65
48 61
70 81
12 17
25 36
76 88
1 12
76 83
48 54
62 84
66 79
71 79
16 25
28 40
22 24
78 81
19 26
75 87
21 28
14 27
4 10
4 23
12 22
5 10
15 49
70 77
37 42
6 12
46 62
36 44
35 40
6 17
25 30
9 25
74 80
54 65
42 46
15 22
91 97
40 59
87 93
46 53
3 7
33 45
13 24
49 59
60 67
33 61
70 84
69 71
36 39
79 89
74 83
17 46
64 78
1 8
42 52
69 73
15 24
40 52
4 12
79 87
20 24
68 71
18 30
61 71
43 47
40 52
79 91
61 73
42 52
19 27
6 19
51 55
11 19
29 41
40 47
18 23
43 55
72 77
21 25
57 69
51 67
32 37
45 61
70 77
32 52
6 26
37 48
15 22
37 45
12 16
58 68
30 45
36 45
34 44
49 52
73 85
25 40
92 94
27 33
65 72
83 95
69 73
61 71
56 68
59 67
75 86
66 80
36 46
89 97
35 51
7 21
31 41
85 92
86 93
18 33
24 28
70 79
23 41
48 52
35 42
41 62
47 63
59 69
2 13
38 42
16 23
2 16
42 52
28 40
88 100
62 86
30 40
27 31
12 21
34 46
26 33
9 26
74 76
48 58
33 37
80 85
17 21
70 81
27 35
63 68
45 55
24 32
39 45
15 25
42 64
62 67
3 14
78 83
21 43
79 84
49 53
75 90
81 86
68 73
16 27
81 98
83 88
71 80
77 94
31 44
21 22
42 64
77 81
36 53
88 95
54 57
65 70
82 92
77 87
16 29
68 73
75 85
70 91
39 47
92 93
56 67
74 79
31 44
56 65
20 27
61 71
75 93
39 69
6 23
19 27
26 34
6 15
70 76
10 19
38 46
12 21
81 98
91 93
95 100
67 84
59 71
43 55
13 17
32 39
27 32
85 93
90 93
70 74
23 25
8 19
63 83
48 57
79 88
55 61
74 77
53 58
52 60
3 24
44 50
9 12
29 34
81 88
10 20
54 63
86 93
26 37
80 94
60 64
60 76
21 26
39 45
12 21
60 61
5 8
42 46
73 88
26 31
3 13
32 37
20 31
60 64
3 14
16 35
46 56
9 18
15 27
49 55
29 40
85 88
86 97
65 76
58 69
54 80
53 83
44 49
42 62
13 29
44 52
19 36
4 19
19 24
83 95
83 89
7 24
30 35
54 58
8 27
22 33
91 100
77 82
33 41
36 40
21 43
14 20
52 61
26 31
44 56
11 36
37 45
29 44
41 52
63 78
62 69
55 79
32 41
66 68
61 62
8 17
65 82
50 57
39 45
65 73
54 68
33 39
8 23
89 93
8 20
11 33
10 15
59 66
83 92
35 44
92 100
60 77
50 66
4 7
53 59
74 79
43 48
27 43
33 41
57 69
4 15
10 15
76 80
40 49
81 96
37 43
40 45
52 70
39 55
43 46
1 8
2 9
79 94
42 50
29 39
89 94
28 38
21 65
37 71
81 90
74 88
32 39
53 62
46 53
47 56
54 73
5 10
53 57
65 70
18 23
56 62
84 86
41 50
74 87
30 35
83 84
74 79
59 63
44 55
68 72
57 67
8 16
31 39
4 22
82 88
14 23
12 18
22 29
44 61
66 82
59 63
5 13
24 36
12 16
57 75
20 32
19 23
42 45
28 43
47 80
46 62
34 40
87 96
2 5
50 56
56 72
54 61
67 81
71 88
3 19
87 95
6 25
87 95
51 60
60 81
52 69
59 68
38 43
8 41
22 27
19 32
31 41
85 91
76 96
29 48
41 46
16 25
83 92
67 81
76 86
73 82
15 20
17 24
17 24
26 38
21 25
12 23
40 50
88 96
22 34
57 66
87 97
45 50
55 74
4 16
42 66
19 24
36 52
4 9
52 68
64 72
84 94
63 72
66 73
60 64
75 82
37 47
50 51
12 16
37 42
28 34
82 86
70 84
13 36
66 76
13 31
39 40
64 78
48 57
4 8
24 45
20 42
22 36
57 68
46 57
64 70
50 64
8 16
55 67
75 95
90 98
45 72
56 73
18 21
56 63
54 64
27 32
15 27
72 83
28 35
39 52
80 92
44 47
85 87
64 88
15 27
58 89
58 78
45 50
81 90
42 57
60 68
25 29
48 62
33 43
2 30
53 64
24 44
44 65
73 98
38 57
62 66
14 20
38 61
51 57
74 80
81 89
36 42
51 75
43 62
20 22
27 41
69 91
49 69
71 77
16 29
12 22
62 69
51 62
68 78
54 58
3 39
59 62
73 81
71 81
2 13
50 61
44 55
48 53
14 19
34 41
8 24
39 44
93 96
42 57
47 51
3 10
22 29
20 43
42 49
47 62
15 21
36 39
28 29
27 37
58 64
47 84
12 38
55 64
36 54
56 69
81 96
88 100
77 83
51 58
47 58
34 40
95 97
62 86
62 71
19 28
35 37
50 73
42 61
80 85
83 100
78 80
81 90
86 93
58 81
52 56
8 35
14 34
1 6
81 88
14 28
38 42
23 38
64 66
68 80
9 15
71 88
62 67
30 41
87 90
83 93
18 40
21 28
65 69
80 88
21 25
71 82
7 19
56 72
14 16
89 94
52 71
45 49
70 83
66 79
52 60
31 34
63 69
43 70
40 51
52 57
82 87
29 43
53 59
48 52
47 55
49 53
13 23
43 62
37 46
80 84
44 49
52 57
36 56
18 23
44 48
2 6
41 74
49 59
50 60
55 63
12 18
45 63
29 38
48 54
6 13
3 20
76 95
44 56
72 80
51 60
6 11
28 37
81 98
14 23
47 52
33 41
18 35
51 57
28 66
10 27
54 65
88 95
8 13
49 55
71 78
14 20
79 85
2 15
49 63
32 43
14 22
43 52
2 7
71 73
1 4
11 25
20 28
92 100
75 82
60 70
46 60
10 28
50 61
70 74
84 94
64 71
54 63
54 74
52 68
33 42
1 11
60 87
73 83
56 65
76 85
47 56
50 55
36 60
74 90
57 63
10 15
88 94
8 22
67 74
82 93
74 86
67 74
44 49
4 6
47 51
20 25
80 87
1 15
73 77
65 72
40 44
39 43
42 52
30 35
20 30
85 100
11 43
62 73
76 92
8 13
71 80
83 87
61 80
32 37
15 26
32 44
92 97
5 14
42 76
51 63
5 13
41 57
61 71
30 38
48 53
76 81
83 88
16 28
93 94
43 57
21 38
90 94
13 28
68 88
92 98
49 56
63 78
18 34
10 21
63 65
29 46
31 37
30 51
58 66
67 74
5 17
30 38
26 49
62 72
70 78
57 66
29 37
88 98
19 25
84 98
87 96
96 98
47 58
76 84
71 79
55 64
29 38
69 72
65 72
42 71
9 20
97 100
27 29
50 72
72 83
10 21
79 95
20 28
63 66
72 82
32 53
42 57
64 70
2 21
32 83
14 24
48 63
86 94
16 26
58 90
31 38
83 89
51 53
54 58
43 52
58 73
89 95
45 50
29 39
45 61
35 36
27 34
40 77
44 54
8 14
26 49
48 51
7 25
21 29
13 24
67 81
67 76
53 70
8 21
57 66
37 57
18 29
13 17
55 66
95 99
52 63
70 75
69 95
46 49
29 30
37 49
80 98
37 41
2 9
27 40
81 90
80 86
19 41
37 50
19 27
3 6
43 55
74 94
47 63
57 67
82 96
90 100
52 57
65 70
16 33
14 18
54 56
38 54
57 67
23 35
50 57
78 91
38 42
25 40
12 16
53 64
45 66
67 75
38 51
36 67
83 94
14 19
28 33
51 56
94 98
94 99
14 25
80 97
75 90
50 65
78 86
49 56
9 21
44 68
62 71
47 54
9 13
73 87
11 18
34 37
51 59
53 68
44 47
1 10
67 79
78 86
22 27
31 45
38 50
41 51
40 50
64 74
32 55
70 75
81 94
43 51
33 47
72 90
52 66
57 63
38 43
43 60
54 57
51 61
59 69
63 72
72 75
48 56
84 96
48 54
38 42
63 70
41 53
97 100
31 40
27 43
47 51
47 64
79 85
65 73
59 80
76 99
69 80
69 73
62 82
70 79
17 30
74 87
45 61
58 65
13 19
4 12
76 91
19 27
58 78
24 30
47 57
81 90
6 14
88 99
20 30
19 32
61 71
35 63
31 39
40 62
63 93
61 62
31 36
5 10
25 28
25 37
49 57
48 61
33 54
3 17
12 27
53 97
20 23
11 21
12 26
64 68
24 48
30 37
30 82
21 30
66 80
91 97
78 97
37 42
79 86
70 79
82 85
76 84
50 60
41 55
11 50
55 68
73 76
13 21
15 32
41 45
13 17
83 100
82 94
13 17
36 40
36 42
16 24
77 82
92 100
11 19
63 70
78 88
3 20
18 35
26 29
44 51
72 88
23 54
13 30
41 59
70 81
19 23
20 32
61 65
32 38
66 67
29 46
24 47
20 26
61 78
10 27
74 76
91 96
79 99
11 45
67 74
22 46
63 69
3 14
34 40
62 80
82 92
15 24
74 84
38 52
12 19
39 54
46 54
42 48
85 92
79 88
71 79
8 14
52 67
5 21
40 48
64 69
76 86
40 50
80 86
25 31
78 99
5 18
37 72
12 19
29 42
92 98
59 75
97 100
3 8
96 100
11 14
28 45
37 55
48 53
15 20
67 74
31 34
81 83
71 84
78 89
64 72
66 73
90 96
90 97
12 26
58 67
81 92
42 46
7 34
54 59
1 4
15 51
72 76
87 91
3 15
56 61
17 26
20 27
65 88
70 75
45 53
36 44
63 93
33 38
16 29
49 53
16 22
64 67
93 96
65 68
41 54
81 87
25 37
87 88
73 83
16 39
40 55
81 85
46 55
56 81
51 57
47 54
41 47
15 18
23 27
17 24
83 93
43 65
27 37
76 84
24 36
1 10
71 81
26 30
24 36
61 81
57 91
36 42
47 61
2 10
58 62
39 53
82 88
21 32
60 72
27 41
77 94
36 38
58 76
56 69
56 67
34 46
39 52
19 26
38 59
31 38
54 63
22 42
65 74
29 54
5 11
72 82
45 59
51 54
35 49
8 30
9 20
12 14
43 52
82 93
32 39
49 81
8 14
20 24
42 51
76 98
22 39
86 100
14 24
2 15
27 36
83 88
85 89
17 35
67 74
43 75
55 60
46 60
3 6
2 8
60 68
31 39
19 28
83 94
47 62
35 45
76 85
44 61
88 98
16 22
98 100
55 74
41 50
23 38
40 53
71 80
75 80
63 64
17 28
28 36
27 37
57 81
83 85
75 84
69 83
84 89
43 49
48 57
75 82
12 35
14 21
20 34
78 81
58 75
74 86
79 85
65 72
50 66
72 79
55 64
40 46
30 38
33 42
87 93
67 70
69 93
61 68
92 98
67 78
36 49
22 40
83 91
23 66
18 32
96 98
43 54
15 22
6 21
54 66
19 24
70 76
20 51
41 57
16 20
28 53
4 9
11 46
59 70
62 71
43 60
26 64
29 38
30 36
75 97
10 32
83 95
56 79
63 86
35 55
19 27
8 13
26 40
6 15
50 71
70 75
64 74
57 59
69 88
22 25
32 44
47 52
59 66
94 97
40 50
15 24
84 92
23 27
42 62
43 54
68 77
80 87
86 93
20 35
5 11
16 23
83 88
47 53
62 69
28 38
26 44
17 25
47 54
70 76
66 74
80 95
87 91
38 53
73 77
6 11
44 46
6 15
49 52
83 87
19 23
12 26
3 9
19 38
14 24
82 85
53 63
47 57
27 35
59 67
27 66
36 50
2 12
72 75
88 99
10 22
75 94
82 97
92 95
2 9
3 29
62 75
21 23
31 42
4 8
76 92
58 68
8 34
36 46
7 13
25 36
4 18
16 25
26 33
22 28
31 37
37 41
3 29
69 77
38 47
2 7
56 87
63 69
12 16
53 63
1 12
11 13
23 32
89 91
66 75
82 100
41 50
19 29
73 77
2 44
59 72
34 48
50 61
45 60
72 80
49 79
35 50
55 60
16 32
27 35
80 94
39 41
92 96
80 84
42 57
40 53
41 61
68 75
59 91
74 82
69 96
10 15
49 57
30 43
42 50
53 87
72 98
72 80
68 76
81 100
62 66
35 45
37 44
75 82
28 40
64 73
85 95
5 8
7 10
20 33
87 100
41 63
1 11
16 20
38 47
20 25
62 65
82 89
37 51
85 97
35 64
41 45
53 60
68 82
35 84
65 69
68 99
67 84
65 79
23 28
79 97
71 84
83 89
44 79
13 18
79 83
45 57
57 69
32 50
71 78
20 53
41 52
56 80
23 26
94 100
57 64
66 71
41 58
27 36
69 72
23 28
23 31
33 43
19 31
27 64
59 63
49 51
5 20
30 46
37 49
81 87
91 96
2 11
68 70
62 70
19 31
74 92
51 63
52 66
64 74
77 86
62 77
50 61
9 15
19 27
18 23
88 95
30 44
81 92
62 80
28 34
2 8
16 21
70 79
62 73
3 30
36 38
86 91
3 12
7 15
84 89
19 42
12 21
22 32
56 69
86 95
54 60
95 97
64 72
4 8
57 75
72 76
50 71
23 37
66 75
53 57
8 23
59 67
64 69
31 41
60 70
39 44
89 98
23 35
66 72
80 88
6 10
7 10
85 98
5 10
7 13
9 18
32 37
76 89
63 73
65 89
3 12
13 20
19 30
18 25
73 89
68 73
25 28
15 30
11 16
62 64
19 28
72 86
21 49
69 79
54 63
57 64
52 63
24 31
85 94
48 58
42 58
58 73
69 96
66 89
77 79
68 74
70 83
50 55
40 48
54 58
16 36
18 31
17 25
15 27
40 56
40 49
21 35
11 27
34 43
44 50
47 52
86 91
79 89
43 60
50 57
53 60
7 15
16 24
85 89
37 44
43 48
63 81
15 23
52 62
31 52
2 23
20 27
49 61
46 63
54 57
67 75
9 18
2 12
84 91
18 29
15 30
55 63
18 20
71 75
67 79
55 58
53 69
58 59
41 44
26 37
3 20
12 21
32 35
31 42
16 36
29 33
17 23
33 39
6 30
29 51
58 65
70 74
58 75
75 87
86 92
67 72
28 34
69 92
57 60
44 48
67 96
87 100
49 71
67 76
12 19
46 47
23 27
60 66
33 42
65 79
33 41
74 98
11 26
4 9
28 35
3 9
29 34
61 70
5 11
42 53
18 23
48 72
65 73
3 8
4 11
34 48
7 33
50 55
82 89
41 77
45 51
20 35
66 74
24 29
28 36
71 83
27 46
25 40
53 58
46 58
1 6
42 72
58 67
31 37
52 60
19 26
8 15
3 8
80 95
63 74
16 27
44 64
29 35
26 38
76 92
46 63
4 10
96 99
26 42
75 76
51 56
26 37
38 51
71 75
64 71
35 44
66 72
92 98
23 36
14 18
29 49
87 92
33 53
64 71
60 63
67 74
73 77
84 88
61 68
64 72
49 61
55 60
62 80
51 57
78 90
64 79
87 97
1 14
45 66
18 20
84 90
12 26
31 35
96 100
67 94
47 80
84 89
60 70
66 70
71 72
26 37
62 66
67 71
73 93
29 35
34 45
11 28
94 100
87 98
11 26
62 74
48 54
75 84
62 80
32 60
68 71
56 70
84 89
30 35
60 63
19 29
10 16
56 63
57 62
6 16
73 78
5 11
83 87
91 97
87 93
90 94
61 63
42 45
5 28
38 64
31 50
47 63
26 43
59 77
4 6
51 55
20 45
35 51
73 88
35 37
53 64
70 88
47 58
60 61
31 53
90 93
2 11
48 58
44 53
40 47
10 16
72 76
16 26
35 47
7 15
52 56
50 59
66 71
29 33
23 28
46 57
49 62
30 48
77 86
61 66
77 83
15 32
28 33
55 66
48 50
3 10
12 42
71 79
65 75
25 31
17 26
2 5
18 26
85 94
56 63
63 71
14 31
15 27
56 63
63 68
62 75
89 96
87 91
45 69
12 18
18 28
62 68
6 22
52 67
88 98
39 51
84 92
84 96
80 87
14 20
73 85
35 39
27 31
17 25
6 20
80 89
17 19
5 11
78 86
14 18
84 88
5 20
36 46
14 21
32 39
30 40
72 88
47 59
40 45
13 17
42 52
71 77
72 91
64 80
10 18
5 12
64 74
28 35
75 82
60 82
75 88
16 32
64 74
12 16
21 27
74 89
9 12
7 9
14 27
49 68
66 81
17 21
34 48
35 41
33 41
79 91
67 87
42 49
1 4
47 65
82 90
76 87
53 56
59 73
55 70
73 79
91 100
73 91
2 12
25 34
51 57
78 98
30 38
86 91
28 79
3 6
36 49
40 59
36 43
85 94
55 63
79 87
34 39
1 9
31 37
11 30
36 67
28 75
1 9
36 47
9 35
88 93
1 12
52 63
34 49
47 74
45 52
66 78
27 58
38 50
21 50
32 40
9 15
42 51
82 88
41 86
64 76
46 64
45 55
36 43
75 90
95 100
20 25
75 87
75 91
46 55
61 83
56 77
87 94
37 41
80 95
34 41
38 52
44 53
18 24
22 24
61 71
5 13
32 38
26 41
88 92
5 16
36 43
49 55
62 70
64 75
33 41
23 31
12 20
7 13
2 7
55 65
86 91
28 51
59 74
35 49
13 22
9 16
8 21
38 43
9 12
71 86
8 11
52 66
38 51
52 70
10 19
20 28
55 87
40 47
84 89
15 29
50 67
70 71
77 80
83 87
66 69
6 12
10 14
40 54
30 51
69 71
18 30
75 79
67 73
3 11
26 34
18 43
24 37
54 62
17 21
55 69
73 80
73 80
63 77
85 91
32 36
53 67
47 53
30 45
67 73
72 84
44 52
84 89
28 33
72 78
4 6
45 71
32 45
86 98
37 48
32 52
19 28
11 18
40 52
81 89
76 80
63 83
29 38
79 94
54 77
76 83
52 74
71 86
74 84
35 43
28 34
59 64
80 83
78 89
35 53
32 51
31 39
29 37
88 99
62 67
60 71
5 17
63 74
3 18
92 99
75 77
49 55
63 73
24 42
69 75
83 86
3 7
92 99
64 85
46 56
65 71
13 31
30 43
45 54
1 14
35 47
16 27
90 99
36 55
79 86
73 96
49 53
41 63
31 40
64 81
3 6
73 83
88 91
35 70
9 13
74 81
12 26
34 37
57 62
12 22
84 98
93 99
19 30
61 72
87 96
38 50
65 81
43 52
85 93
60 70
81 86
6 12
12 41
73 86
79 88
63 67
36 64
31 37
3 36
22 37
4 11
39 59
22 33
25 33
44 58
71 81
20 39
71 88
83 85
25 39
48 54
24 30
51 98
54 63
31 43
2 5
44 57
14 23
80 84
7 25
85 98
34 46
42 46
48 61
78 87
48 54
61 72
42 47
37 41
81 98
23 24
85 89
81 87
43 58
87 91
50 69
94 96
4 14
45 58
2 8
80 87
10 34
22 45
37 50
4 9
26 41
20 32
83 86
17 24
45 70
23 40
53 65
43 52
73 79
81 88
81 85
89 97
2 20
79 91
2 18
51 58
14 26
63 76
92 93
10 34
92 96
25 34
67 72
75 79
29 31
38 77
56 68
15 18
54 65
30 41
79 87
60 70
79 93
25 31
31 50
20 27
20 33
87 94
45 65
33 64
60 67
60 72
6 29
54 58
19 32
66 70
83 93
13 19
41 50
42 46
15 22
17 26
79 88
63 80
4 13
26 35
15 20
59 65
8 19
51 73
53 65
88 90
12 27
39 45
97 100
52 79
62 66
83 91
63 70
11 38
81 92
22 31
42 59
52 58
27 44
59 79
27 31
54 59
46 60
26 30
49 71
71 80
33 40
28 43
10 19
7 14
67 72
37 52
75 88
77 88
33 39
30 54
7 20
51 60
52 59
15 25
29 36
42 46
6 17
43 55
6 13
81 84
60 67
9 40
33 45
53 67
57 63
63 69
21 31
74 81
39 60
3 13
19 24
61 66
66 77
14 24
58 71
26 32
10 22
79 86
61 69
49 54
7 18
73 76
16 31
40 51
54 62
78 81
80 86
60 81
1 23
89 91
32 38
30 44
22 26
34 42
60 72
84 99
53 58
62 64
72 91
56 68
86 93
55 87
47 56
53 56
76 89
50 56
63 64
56 61
51 54
31 38
48 67
78 95
18 40
90 97
43 51
87 90
86 95
26 34
4 23
83 97
55 66
92 96
23 30
63 69
73 78
87 99
79 87
66 84
71 77
8 15
89 99
36 46
20 29
18 28
41 46
91 94
13 39
66 71
16 22
64 72
90 95
74 85
34 45
50 64
80 95
60 63
71 77
62 70
91 95
60 82
48 59
37 71
64 69
37 43
29 34
27 34
64 88
60 65
8 22
21 30
2 28
2 15
8 21
54 63
45 56
20 32
74 83
75 86
22 28
25 34
55 67
15 31
25 40
65 73
85 94
29 51
27 32
61 70
8 18
20 30
14 22
47 65
61 74
37 46
49 57
5 20
14 34
75 84
51 75
58 66
64 74
61 65
31 58
47 72
83 100
60 66
21 43
32 38
83 93
60 62
67 73
25 31
35 45
84 93
47 52
94 97
85 92
51 54
19 29
83 89
16 22
84 97
6 33
27 34
42 46
75 90
48 86
52 60
15 37
11 20
46 56
4 12
75 97
62 72
49 62
71 74
2 11
76 82
59 64
92 100
70 88
11 30
28 40
77 84
89 94
17 25
28 35
75 85
57 72
42 53
33 71
42 49
75 82
60 88
8 17
6 9
73 97
52 56
39 74
48 62
12 23
49 59
79 90
53 58
72 75
60 76
8 17
51 67
95 98
60 85
64 76
93 99
50 58
43 64
52 68
8 27
29 45
47 53
79 84
83 90
36 67
28 32
13 30
41 61
20 27
64 77
30 36
6 10
20 30
11 31
36 40
9 19
85 95
75 83
43 50
79 90
1 5
31 36
39 56
2 5
1 3
71 95
61 72
3 14
56 61
37 82
81 95
43 49
40 59
38 47
44 57
73 77
15 38
42 51
70 80
75 86
2 17
55 68
21 28
89 97
22 41
19 25
6 14
63 74
7 10
72 98
43 55
23 27
1 18
12 19
25 31
35 41
69 81
86 94
34 53
8 18
43 45
40 50
60 65
28 35
66 71
73 82
40 47
13 17
46 50
1 13
24 44
28 52
31 38
65 66
40 51
27 33
44 45
10 24
53 62
8 23
60 67
81 87
90 93
49 63
48 52
39 45
48 67
28 32
39 46
5 18
42 59
22 28
80 85
38 45
11 26
32 37
63 79
64 72
64 74
76 84
22 30
42 59
54 59
61 72
20 26
7 30
50 55
10 20
85 95
92 98
43 48
53 67
19 29
87 96
37 40
9 15
14 25
2 7
77 87
74 99
30 36
57 68
14 20
84 94
92 100
72 83
84 91
22 32
65 74
74 100
42 67
58 73
58 59
71 84
78 89
51 56
51 60
22 31
87 91
67 70
31 45
81 84
41 48
71 76
36 56
59 67
35 41
41 53
14 25
61 73
32 43
56 75
66 83
14 24
13 30
1 20
38 44
93 99
49 55
65 88
42 54
26 39
71 79
18 23
67 91
39 59
72 84
83 88
1 7
43 58
19 25
68 93
67 74
39 43
10 19
86 90
36 42
33 39
39 47
28 40
16 30
54 67
25 31
50 60
62 67
48 57
83 94
31 37
68 90
2 11
54 60
37 45
82 96
50 65
66 72
46 59
37 53
14 17
32 36
91 98
14 26
53 81
84 90
78 83
29 45
52 65
74 80
81 92
60 81
43 50
75 84
52 67
80 95
82 89
85 89
59 74
47 64
40 45
58 96
71 81
58 83
92 100
11 18
69 73
37 40
79 87
32 47
54 60
88 92
82 93
22 51
15 38
19 24
81 99
30 42
4 97
4 15
90 95
5 20
34 44
16 33
16 24
46 55
41 78
25 62
35 53
74 80
38 64
5 16
7 20
17 28
91 96
35 45
89 97
40 70
63 70
20 36
37 50
26 31
31 36
17 19
47 48
53 73
56 64
53 63
37 63
2 48
6 12
12 18
30 39
50 53
26 55
66 77
42 54
34 61
19 20
62 73
47 59
44 48
41 43
75 81
65 72
80 95
71 78
36 51
39 56
82 90
74 83
29 41
68 74
45 51
81 99
67 92
36 42
85 92
39 63
5 11
73 79
41 52
60 64
87 94
48 57
76 98
67 75
21 22
24 30
12 30
54 59
95 99
47 55
18 23
45 56
60 79
47 65
55 68
73 94
55 60
32 45
24 45
29 33
58 70
34 36
74 82
24 41
26 29
70 80
4 29
7 18
73 75
48 63
29 46
25 41
62 68
10 14
77 81
48 54
45 53
57 68
27 30
39 50
74 79
18 25
17 28
57 60
82 96
17 26
52 62
19 24
32 54
69 76
53 61
16 20
82 89
3 14
71 85
38 51
41 49
84 97
34 41
44 51
28 38
28 34
34 64
73 94
84 87
45 64
93 99
75 76
12 22
47 57
2 16
58 67
16 22
17 22
5 8
58 71
1 10
45 75
29 39
40 55
69 71
46 64
82 87
8 15
42 59
81 98
53 64
64 81
58 82
82 88
26 44
56 66
43 49
43 71
57 70
16 22
31 41
61 67
67 86
26 39
91 96
74 80
61 70
37 45
68 82
46 59
54 72
7 27
52 54
42 48
36 49
15 19
3 29
41 44
80 86
18 29
91 99
78 87
31 52
42 56
20 28
93 100
43 62
57 72
44 45
27 53
5 12
83 87
77 89
68 79
20 25
78 91
63 68
21 25
37 38
41 49
57 63
78 88
17 25
80 92
66 68
67 73
57 74
89 95
58 59
11 19
46 74
5 26
53 56
34 55
38 78
48 57
48 63
2 9
43 48
36 83
4 5
57 68
59 80
3 10
73 78
24 28
27 35
61 68
72 81
63 67
36 50
4 15
90 95
93 98
43 57
44 55
36 53
53 71
43 47
83 90
17 21
88 92
1 5
82 85
9 13
5 8
8 15
60 68
61 64
5 10
43 53
30 39
58 65
39 42
77 86
17 20
44 51
44 52
81 94
43 55
72 80
18 31
49 63
49 58
15 39
50 60
88 94
50 57
18 29
34 45
55 65
45 57
23 34
67 77
1 5
91 97
38 42
14 25
40 48
29 37
61 81
52 63
74 95
51 56
79 87
15 27
49 62
48 62
8 13
56 70
52 57
16 44
38 52
52 60
73 76
1 3
64 70
20 33
67 100
44 55
76 88
23 33
40 49
49 61
7 15
28 36
9 16
13 29
6 11
28 34
36 43
17 26
73 86
13 26
30 44
40 51
69 77
7 14
38 43
15 19
32 45
71 74
84 85
62 73
80 86
45 49
75 83
82 100
1 9
5 6
58 89
68 80
46 50
62 65
22 41
3 7
88 97
4 19
54 59
49 72
19 23
13 25
75 87
92 96
29 33
30 43
89 94
92 99
39 71
91 95
55 61
7 29
62 70
67 74
41 67
72 76
30 38
1 33
39 51
73 78
44 54
37 46
40 61
24 31
32 72
78 89
38 49
78 86
3 20
36 50
84 97
4 22
30 38
3 31
17 30
20 28
91 99
53 61
84 98
26 29
75 82
83 89
11 25
59 68
21 27
54 56
91 100
30 42
83 94
37 41
38 46
19 23
28 40
32 38
42 61
38 50
2 9
90 100
76 87
55 71
84 89
52 59
20 30
18 57
14 22
34 43
62 71
70 75
11 21
14 26
42 48
60 91
29 31
39 59
60 68
37 48
81 87
5 19
39 42
62 69
90 97
24 43
42 48
75 82
15 46
1 8
21 29
57 63
78 88
63 76
79 95
22 28
70 77
36 81
23 39
57 71
90 99
76 86
43 47
29 44
52 66
68 78
17 25
91 98
44 53
29 60
14 24
87 98
13 24
32 38
80 100
23 33
11 36
30 38
75 83
72 76
29 49
36 49
29 38
62 75
79 81
43 59
46 49
70 77
27 36
36 44
67 71
47 58
28 39
25 34
23 44
38 45
96 100
36 61
93 99
61 79
21 32
37 45
29 60
79 92
19 38
38 61
22 38
28 37
61 84
22 32
24 31
18 22
65 75
8 12
79 92
62 94
79 95
75 82
20 30
20 27
23 30
4 10
66 83
38 43
53 69
22 32
2 16
70 84
7 16
12 19
37 42
80 86
75 95
54 64
33 46
2 8
68 75
76 80
2 13
68 75
5 13
23 37
70 75
15 17
23 39
59 69
34 43
91 93
28 38
57 69
15 27
41 46
69 79
57 60
44 53
75 79
61 65
82 94
23 60
47 58
9 44
81 91
31 49
29 33
28 33
67 77
17 21
91 98
83 95
32 43
6 14
49 63
92 98
76 86
26 39
86 90
84 93
51 57
47 60
79 85
45 71
49 54
39 53
47 58
30 33
82 85
11 41
71 81
26 43
62 75
33 39
21 25
51 62
13 22
76 85
65 84
9 17
67 70
88 94
60 64
75 84
57 65
24 34
88 93
82 86
59 73
33 62
86 95
38 53
48 53
34 37
20 26
19 24
82 85
5 8
80 93
25 41
5 16
19 27
37 65
44 62
26 51
46 49
11 14
16 27
72 81
38 55
58 66
51 53
30 34
79 85
14 21
79 88
47 51
13 26
80 88
89 97
60 67
35 42
31 44
32 43
21 36
10 25
34 57
62 65
77 88
66 74
8 25
52 57
33 51
52 56
57 59
81 97
81 98
40 50
9 23
45 52
20 33
23 38
37 49
56 64
28 52
44 48
47 66
84 94
85 91
61 65
35 37
5 9
7 15
76 83
28 41
5 21
36 45
27 31
75 95
46 55
31 42
73 86
74 85
33 49
90 95
78 85
14 23
85 89
44 53
79 83
85 96
78 85
65 73
12 26
25 44
67 73
73 78
78 92
50 67
33 39
44 64
54 57
58 63
88 100
77 84
58 66
49 58
33 46
26 30
39 50
23 42
56 71
66 77
93 97
55 68
61 64
29 50
37 50
52 85
4 31
92 100
11 13
30 43
79 83
12 17
14 36
8 23
82 89
38 42
2 7
5 9
70 97
57 62
34 38
79 100
1 11
34 48
16 24
48 52
64 73
68 87
18 35
39 78
48 55
15 22
61 82
40 47
83 95
76 79
76 97
71 77
54 60
72 83
63 71
41 58
27 40
73 77
33 39
81 87
79 86
42 47
41 50
44 48
25 31
25 31
79 92
21 34
5 18
24 33
56 67
86 89
51 66
9 23
45 52
66 76
48 50
50 58
94 99
44 60
40 61
29 37
36 48
42 75
52 57
12 26
41 51
11 21
51 61
80 84
21 35
41 71
61 77
19 35
55 64
31 41
43 50
81 88
67 73
15 26
49 52
70 80
47 54
85 92
73 80
50 58
67 74
44 51
56 65
58 71
33 38
66 72
28 43
41 51
65 68
28 32
38 48
85 96
9 18
69 96
12 24
36 41
1 11
29 39
49 70
69 91
8 18
81 91
39 47
65 84
32 36
76 89
31 55
68 72
8 16
36 43
70 76
41 49
76 88
13 21
10 17
28 45
58 71
56 86
84 91
29 31
38 52
26 41
17 23
11 44
76 84
43 52
29 43
39 46
45 50
51 56
35 52
66 73
72 80
33 41
17 33
1 12
25 34
67 74
19 26
90 100
81 91
55 91
49 68
68 71
27 34
24 38
77 83
20 23
23 31
43 53
39 67
19 25
47 49
10 30
15 35
42 45
63 83
87 90
63 70
24 31
17 30
57 64
64 76
78 84
40 75
18 35
33 55
23 39
24 48
21 35
10 19
56 74
19 24
34 57
69 80
36 39
18 23
84 96
75 96
92 96
78 84
91 97
22 28
17 35
49 59
58 62
80 89
4 13
44 66
74 84
52 61
1 12
46 57
62 72
45 47
9 11
60 65
77 79
9 18
37 51
70 73
54 73
43 51
75 78
42 58
83 87
63 68
25 33
13 24
69 86
70 82
47 69
3 26
41 45
54 66
84 96
72 76
41 56
75 98
88 95
72 87
24 36
27 33
36 39
24 36
73 90
11 22
43 59
53 60
65 74
39 46
58 64
5 10
16 29
70 76
50 56
6 9
22 28
74 82
80 89
73 79
17 32
71 92
53 79
31 38
27 42
4 35
12 28
81 89
77 78
64 73
51 58
1 12
80 89
78 82
40 49
47 65
75 89
77 85
60 71
67 73
56 61
33 39
21 25
16 80
43 50
81 92
17 26
47 51
73 80
63 72
10 23
75 85
42 53
57 67
65 70
85 96
90 93
26 33
60 67
22 28
2 4
30 39
79 86
35 43
44 49
15 21
59 70
75 93
51 64
40 44
33 37
40 55
4 9
15 21
66 69
58 79
11 15
9 15
9 16
51 57
86 88
3 14
77 96
72 85
22 29
16 26
53 91
52 75
34 49
57 59
41 48
89 97
19 27
85 97
13 28
41 59
57 71
30 41
69 88
5 13
43 69
14 19
7 15
26 30
54 68
30 33
82 94
61 72
33 37
90 94
50 59
40 44
25 34
56 69
28 33
30 36
55 61
42 46
47 50
9 10
22 29
2 12
90 94
57 75
82 91
9 14
50 62
77 85
57 68
1 8
32 38
23 30
17 36
23 30
56 67
19 25
60 62
19 29
33 60
9 30
19 30
71 76
92 98
71 82
74 86
81 85
82 98
12 45
22 39
6 23
45 63
52 79
24 31
76 87
26 28
43 48
65 69
1 3
47 62
44 54
26 39
33 44
9 22
28 46
16 29
33 54
80 98
15 22
42 56
34 41
25 43
12 29
65 72
22 30
32 55
43 88
84 92
31 38
55 64
86 96
10 33
31 50
65 71
92 98
84 96
72 75
46 54
38 40
51 55
12 38
40 43
61 69
32 43
10 21
6 10
53 63
89 94
7 26
18 41
3 9
51 78
67 71
18 24
26 34
36 49
22 29
60 70
53 62
42 43
81 95
21 30
49 66
92 100
74 85
8 23
26 31
23 42
57 68
66 72
57 76
45 51
78 95
92 98
3 10
14 26
14 23
7 16
6 8
14 61
41 52
83 89
89 99
64 69
60 70
94 98
63 84
37 47
43 47
50 58
4 10
51 64
4 13
49 59
45 58
49 53
81 93
76 84
3 17
4 12
72 76
83 96
65 68
43 59
12 31
69 85
56 59
58 69
61 72
23 38
44 47
56 82
18 26
35 53
77 86
74 81
36 45
89 100
48 54
42 65
68 89
52 61
68 76
20 30
13 18
3 23
46 53
65 72
