100 20 20 9
00000000000000000000
00000000000000000000
00000000000000000000
00000000000000000000
00000000000000000000
00000000000000000000
00000000000000001111
00000001111100000000
11111110000000000000
00000000000000000000
00000000000000000000
00000000000000110000
11110000000000000000
00000000000000000000
00000001111000000000
00000000000000001111
00000000000000000000
00000000000000000000
00000000000000000000
0000000000000100000
0000000000000100000
0000000000000100000
0000000000000100000
0000000010000000000
0001000010000000000
0001000010000000000
0001000010000000000
0001001000000000000
0000000000000000000
0000000000000100000
0000000000000100000
0000000000000001000
0000000000000001000
0000000000100001000
0000000000100001000
0000000000100000000
0000000000100000000
0000000000100000000
0000000000100000000
4044
44 50
65 70
9 18
55 66
65 89
4 21
60 71
76 80
33 41
32 39
90 96
68 82
49 91
20 39
63 72
13 23
4 19
28 46
20 46
37 51
45 54
44 55
31 37
6 15
38 43
7 17
31 43
17 37
34 46
3 22
24 33
53 58
6 12
48 70
83 93
54 78
72 75
12 29
42 60
47 66
65 82
18 32
44 54
82 90
5 13
93 100
48 56
7 20
11 28
51 57
81 98
70 82
76 87
93 99
22 36
85 88
9 31
69 80
27 45
6 12
8 10
13 22
85 90
64 71
21 27
15 20
83 94
3 6
72 84
17 28
9 15
43 56
90 95
20 29
55 59
82 93
90 99
31 35
9 16
59 68
86 93
26 30
81 88
21 27
77 87
89 98
65 81
7 11
55 72
6 12
75 92
27 37
40 44
14 21
43 68
85 92
16 19
31 42
32 35
7 13
72 94
20 26
39 46
28 37
89 100
97 99
3 7
43 55
25 61
46 56
2 7
33 59
23 31
4 37
68 73
37 43
10 23
33 45
36 73
9 22
44 50
22 61
53 69
77 86
53 73
33 42
32 47
39 45
53 76
90 96
7 17
17 19
41 48
28 34
83 90
31 38
4 21
85 91
43 50
8 20
32 39
58 66
88 97
5 18
75 80
54 59
62 73
11 21
87 95
41 44
69 73
69 85
18 40
78 86
72 82
22 32
67 94
76 88
37 47
38 48
82 87
30 44
65 93
48 63
17 22
23 35
70 83
56 59
42 48
89 96
30 34
18 26
53 61
86 90
10 43
56 76
71 91
52 57
66 74
75 79
14 40
39 65
87 91
32 42
60 65
79 97
64 94
8 24
77 82
43 68
83 96
73 93
21 27
76 80
81 91
86 91
61 70
54 67
77 79
87 90
49 59
44 64
53 62
53 59
49 56
43 48
80 82
75 100
63 78
3 12
88 94
45 47
83 88
24 29
5 32
50 60
4 6
32 43
8 30
43 59
15 30
65 69
9 39
43 51
27 38
42 48
25 32
44 55
46 61
31 44
51 73
19 29
15 23
40 50
83 96
15 20
54 68
14 20
16 51
48 55
7 14
53 61
9 25
52 81
46 56
8 18
72 85
44 47
5 10
47 62
8 22
56 77
1 6
65 74
46 66
68 87
13 33
37 42
17 20
60 65
5 52
23 36
35 49
46 57
48 55
4 11
54 66
35 44
46 54
23 37
14 22
29 39
11 14
61 65
33 42
49 74
11 20
55 65
28 36
27 36
25 32
45 51
84 91
6 13
83 96
70 81
17 26
24 29
55 61
85 90
60 65
60 68
92 95
24 32
56 63
68 88
30 40
38 45
42 47
5 21
3 11
51 64
61 78
18 27
12 23
52 62
11 22
10 13
60 70
57 60
44 64
26 29
31 39
2 20
77 94
47 76
36 43
82 87
36 60
13 19
44 64
28 38
29 34
91 93
22 27
39 53
17 30
86 94
43 62
79 85
8 11
77 88
76 84
3 6
16 27
1 10
89 98
38 45
8 31
48 58
38 51
80 93
90 96
45 51
12 46
18 26
50 58
33 34
85 94
28 54
23 34
15 24
86 92
13 19
34 43
42 46
48 55
24 30
21 25
8 11
58 64
61 69
85 94
82 87
57 71
20 31
24 35
63 72
31 33
5 14
39 44
63 82
53 74
55 60
89 96
26 42
77 80
49 61
65 70
56 62
63 67
14 36
41 53
36 43
38 43
77 85
68 82
62 84
29 34
82 97
70 77
4 11
46 51
5 7
35 48
58 71
59 73
78 92
18 32
80 84
53 59
16 35
73 95
73 79
67 72
21 33
39 52
82 96
2 14
18 35
29 38
86 92
63 67
46 56
11 19
69 92
44 71
57 64
47 58
78 87
7 15
13 26
49 59
41 50
4 33
75 84
37 48
69 78
1 13
5 21
5 15
17 19
82 95
34 37
46 52
64 77
89 96
49 60
51 70
35 56
80 91
29 39
26 46
17 27
41 53
78 88
9 13
51 62
5 20
92 99
9 15
58 67
9 14
9 13
14 19
15 29
60 88
77 84
14 31
39 49
83 94
37 46
26 29
84 97
93 97
82 94
10 23
44 51
74 83
77 80
39 54
63 85
2 6
33 52
38 51
59 66
32 49
65 68
4 15
56 66
17 23
61 68
19 32
64 73
68 77
54 60
74 88
70 76
7 14
5 16
45 61
25 42
7 31
41 55
61 86
9 29
12 23
29 48
33 44
30 41
82 92
61 64
59 74
59 73
14 25
17 23
3 10
26 36
53 59
20 35
25 31
7 24
22 31
65 77
68 83
45 55
77 84
23 29
17 25
43 47
83 90
32 45
53 59
35 41
30 33
88 95
56 65
69 71
58 65
61 70
28 39
6 27
27 34
10 28
8 20
22 35
64 77
1 10
22 26
35 54
80 83
59 65
23 28
70 78
70 73
74 88
25 38
42 47
62 74
35 39
22 28
3 12
52 95
29 36
57 69
15 27
91 98
49 62
29 63
20 24
86 99
81 91
52 56
51 70
50 61
23 42
51 67
58 70
33 53
77 85
69 85
50 56
66 81
3 6
39 42
58 77
48 50
34 44
58 72
72 89
80 85
21 35
25 40
30 41
75 79
93 98
32 39
29 43
76 93
63 67
33 50
42 50
43 59
11 18
44 50
48 66
9 14
83 91
91 97
79 84
66 75
38 39
1 12
47 67
37 49
69 81
30 42
34 53
21 27
18 21
28 42
55 67
39 62
81 95
69 79
4 14
89 95
11 22
45 50
74 79
52 60
59 63
86 100
79 87
34 42
23 28
78 92
2 17
78 87
13 25
72 81
22 42
98 99
2 15
18 28
13 25
81 87
66 71
19 22
7 11
61 64
42 48
32 36
14 47
89 93
14 31
72 86
56 60
89 96
83 96
37 46
96 100
12 17
33 46
26 38
43 56
50 59
2 7
53 67
91 98
93 97
51 69
27 59
1 16
77 94
73 78
73 82
18 22
68 72
21 53
82 98
28 41
73 80
46 48
35 39
41 60
5 14
69 75
73 86
30 56
79 85
39 59
15 34
10 24
62 75
43 59
56 66
65 68
44 57
49 70
41 61
31 36
87 95
64 69
92 94
52 59
22 32
34 47
70 76
24 29
47 59
53 68
93 99
6 17
68 75
31 47
12 20
70 81
27 29
52 85
18 42
86 98
46 78
75 86
29 38
35 54
68 89
76 78
18 22
89 100
42 53
15 25
7 9
61 72
27 36
72 81
20 27
2 10
87 90
37 54
10 25
35 41
85 91
38 49
35 48
37 48
76 89
72 78
47 66
67 81
24 30
54 57
55 63
75 83
10 14
16 33
43 49
38 49
37 48
54 62
34 40
15 35
37 71
76 88
16 31
11 29
86 94
28 35
28 35
65 71
24 41
47 75
49 65
27 34
39 50
26 40
75 89
9 35
21 39
63 81
58 65
90 92
86 89
78 90
94 98
50 59
18 33
36 39
60 94
68 76
1 12
69 86
33 50
61 80
36 42
27 40
15 24
47 58
57 70
37 44
22 51
78 95
41 58
7 12
75 84
21 28
96 97
65 77
2 10
18 33
61 69
50 72
72 81
38 52
72 80
36 53
33 47
17 36
41 54
1 8
40 43
59 64
84 87
49 59
75 82
12 19
78 81
70 81
24 30
17 29
49 65
37 50
27 37
74 86
66 84
79 81
40 46
36 47
82 93
21 27
62 86
18 24
74 86
84 96
48 53
22 65
21 42
82 91
36 49
18 32
34 49
21 35
43 65
7 18
22 35
5 18
23 39
18 46
51 60
42 47
39 60
85 89
40 47
60 76
82 97
61 89
53 55
48 49
84 86
8 22
93 97
76 87
10 25
57 69
2 8
63 68
73 87
50 65
2 60
4 31
24 28
49 61
35 44
66 75
35 44
1 6
36 48
29 43
35 40
11 20
36 48
7 9
77 84
59 62
34 38
50 58
37 56
16 23
75 78
20 39
50 63
66 84
33 36
59 67
58 68
46 56
10 14
9 31
75 80
85 93
71 77
76 84
81 94
67 87
55 58
85 89
55 64
18 25
46 70
6 31
16 23
55 77
31 37
33 49
28 44
26 47
36 56
91 95
33 46
28 35
43 56
4 6
79 91
78 89
15 21
69 73
14 25
62 69
14 26
19 28
11 26
67 75
41 45
19 32
50 59
26 27
84 89
58 65
20 55
38 55
20 29
56 70
15 42
8 17
77 84
20 24
5 20
44 47
15 26
69 72
71 83
32 48
43 73
79 84
81 94
24 28
59 67
60 70
27 39
17 29
39 63
32 39
89 94
13 35
90 91
56 63
74 90
72 93
45 53
53 60
38 50
47 80
76 80
83 94
20 59
53 68
10 25
85 95
62 71
28 41
75 97
60 69
67 90
64 93
19 35
8 16
25 61
13 17
10 16
69 77
48 53
22 29
62 71
37 79
38 49
9 17
76 83
42 45
54 59
14 24
23 31
87 96
17 31
82 88
32 43
47 71
46 71
67 70
66 81
1 35
20 31
12 15
5 12
76 79
76 81
7 21
8 17
26 34
10 12
88 95
89 100
76 83
45 57
56 90
91 100
59 62
53 59
66 74
21 24
86 93
55 77
90 97
69 84
93 100
15 31
21 31
30 42
64 72
17 74
82 87
81 88
30 36
61 76
24 26
11 12
2 6
34 42
48 61
64 68
52 61
65 81
38 45
17 20
21 44
26 40
51 54
89 93
44 68
52 58
12 29
52 57
46 67
87 93
49 59
27 31
6 7
79 100
67 76
71 78
81 90
56 72
23 29
15 19
33 49
56 61
13 15
39 44
20 54
52 60
58 76
77 96
82 93
42 64
75 97
51 86
58 70
2 9
72 86
66 86
35 50
88 91
51 87
95 99
16 33
6 10
50 60
94 100
65 83
89 96
6 16
20 46
73 84
85 94
61 75
1 14
10 23
77 80
78 85
1 10
85 95
73 82
20 39
45 50
33 40
19 31
3 19
41 46
20 33
46 82
56 68
77 88
74 82
87 93
39 66
56 74
6 13
59 81
23 31
5 18
53 59
71 82
49 62
28 35
34 47
41 46
42 54
36 43
72 78
41 57
7 11
25 30
57 69
40 60
42 46
20 27
6 15
14 27
41 64
41 59
33 39
23 40
54 57
18 22
64 72
59 94
56 63
75 87
86 90
31 45
35 39
52 66
32 36
53 58
49 65
80 94
21 40
39 49
38 49
14 18
71 77
47 63
10 13
14 19
69 82
74 80
71 76
19 25
82 86
31 39
4 17
92 94
45 72
81 100
53 61
28 34
13 24
29 35
6 10
30 42
28 36
45 50
88 94
12 18
68 71
40 46
30 60
88 97
38 43
61 65
64 69
63 75
72 77
22 39
36 45
38 55
40 45
34 48
43 54
43 45
42 48
58 62
21 26
53 68
16 24
77 97
20 25
32 67
77 83
79 95
25 46
64 72
54 57
17 36
60 74
60 64
16 23
21 27
36 52
47 61
76 94
59 74
82 99
34 40
36 45
38 54
78 80
35 42
14 31
43 48
42 50
46 51
29 47
41 47
42 51
25 45
16 17
52 64
24 27
91 98
81 99
38 55
55 60
8 18
83 98
35 50
44 59
54 67
16 18
81 93
4 19
77 81
11 20
45 60
41 46
75 79
47 61
96 97
68 76
9 18
72 80
7 18
71 84
9 19
48 57
1 17
1 13
12 36
53 62
33 37
18 30
72 76
24 40
25 31
53 57
88 94
82 89
56 60
89 94
52 67
35 47
96 99
23 30
80 85
37 49
61 64
26 28
7 25
79 83
91 98
67 77
44 52
11 17
37 44
57 69
48 57
41 50
14 20
60 84
52 60
43 51
57 64
62 75
36 49
11 23
37 49
69 80
37 64
72 80
62 81
18 23
59 65
24 29
70 84
2 6
44 54
73 84
18 24
27 31
93 96
38 46
48 60
88 96
19 31
1 4
42 59
73 76
41 47
91 92
70 77
3 8
3 10
32 37
27 37
43 51
92 95
33 34
36 40
91 99
64 71
77 93
51 58
46 54
18 27
9 24
18 28
27 36
63 78
2 9
10 21
65 73
83 98
27 33
36 44
26 33
56 68
55 61
91 100
5 13
49 52
87 98
53 57
80 100
57 60
64 80
51 58
38 41
72 78
69 76
11 41
77 85
74 82
49 63
73 88
53 62
37 41
36 49
13 23
73 89
64 73
13 19
68 95
2 8
73 90
18 32
68 78
10 15
38 49
63 66
67 79
12 21
41 47
62 79
85 88
31 38
89 95
13 31
54 60
23 35
84 91
3 17
88 97
13 21
41 44
26 34
73 89
47 53
75 90
42 54
84 99
87 97
22 26
72 86
15 17
16 55
51 60
61 73
22 30
30 43
5 11
46 72
5 13
66 76
3 23
44 56
15 25
1 16
84 100
42 53
41 68
8 40
15 29
32 49
15 24
23 39
42 47
27 39
63 78
77 80
81 85
90 99
28 31
65 79
52 72
83 99
29 36
31 38
38 56
83 91
62 80
5 25
71 82
61 65
63 68
76 84
47 53
72 80
22 29
16 21
10 16
50 67
27 41
19 40
71 83
22 34
27 32
73 82
46 51
76 86
55 68
76 93
52 68
74 86
3 7
41 72
73 76
15 33
17 35
54 65
14 19
42 54
11 33
47 53
69 78
6 18
36 42
48 53
12 48
22 26
29 43
49 60
96 100
47 52
96 98
90 97
81 90
26 30
4 16
35 63
55 75
84 99
90 97
5 9
40 82
56 84
46 50
11 19
60 67
70 82
86 96
26 33
57 69
23 39
15 20
75 77
16 23
20 33
83 90
67 79
8 14
39 43
31 47
1 6
43 50
37 57
33 45
52 57
24 42
57 67
56 71
68 80
63 72
54 70
31 38
71 76
27 42
23 34
49 65
26 37
78 84
35 40
2 10
63 74
12 23
39 47
90 100
12 26
45 50
90 99
29 34
1 14
62 70
43 46
88 96
38 66
82 87
26 32
21 28
19 24
68 75
83 93
8 11
10 17
34 83
29 41
37 40
90 97
78 87
44 49
13 19
86 99
86 89
87 98
57 65
81 83
44 49
75 77
81 98
64 74
20 25
68 81
25 40
10 19
26 31
35 42
72 83
45 64
77 92
25 46
49 52
38 41
63 76
61 66
32 55
70 75
51 57
6 18
4 15
40 44
4 7
87 96
77 92
81 84
12 21
89 99
14 15
39 51
3 14
38 55
50 60
84 87
30 43
40 46
78 84
57 96
13 35
28 30
38 44
34 39
56 61
38 48
83 89
39 47
54 69
30 36
32 39
61 69
71 80
9 19
69 80
11 20
2 6
68 80
87 92
8 18
55 63
12 21
73 86
69 71
69 95
49 56
15 28
70 74
17 42
11 15
45 50
60 69
26 33
56 70
60 71
59 65
47 52
68 77
31 39
6 13
43 55
85 96
11 22
45 50
46 50
53 62
29 40
27 40
29 41
24 34
3 10
56 61
34 46
65 97
14 23
25 38
66 71
62 74
4 11
57 60
10 13
36 55
74 78
7 10
47 49
65 75
68 84
51 65
56 61
22 46
53 70
68 80
16 35
26 58
89 100
72 85
18 27
39 46
1 8
29 56
49 54
13 24
49 56
20 31
59 64
5 19
94 99
8 21
41 48
40 81
29 38
66 71
13 23
5 10
72 75
66 73
34 47
14 18
76 85
76 92
61 70
41 56
15 23
80 85
26 36
7 20
54 59
18 29
39 49
28 42
75 85
32 37
20 41
61 74
94 99
84 96
68 81
80 88
10 29
73 87
40 49
9 15
26 32
69 86
61 63
44 57
9 25
6 22
4 41
41 49
10 51
13 17
5 16
57 64
16 20
81 89
4 11
32 42
37 53
13 20
67 75
92 99
32 37
38 41
55 61
72 78
43 50
10 22
15 19
28 38
52 61
20 35
55 59
6 10
24 40
3 12
5 8
25 31
80 82
70 77
46 50
7 17
74 86
70 78
24 33
87 92
31 36
34 40
68 74
4 42
47 54
95 100
6 42
21 29
32 57
71 77
6 12
57 73
46 55
8 19
68 82
85 90
84 87
35 41
70 78
82 97
94 99
46 59
60 64
74 76
70 76
10 15
14 32
67 69
21 27
70 80
12 26
40 47
55 68
12 38
40 49
2 13
86 100
39 54
63 81
44 59
62 72
60 64
75 87
25 62
51 56
43 59
9 32
35 49
88 95
64 78
8 24
31 37
17 24
78 87
71 86
34 40
16 22
76 98
73 88
33 43
39 44
38 50
95 99
40 48
61 79
25 30
61 74
67 76
25 63
72 87
64 76
46 55
46 59
60 67
15 22
41 43
87 93
48 58
85 91
68 80
44 75
30 43
40 46
62 85
42 50
21 31
77 82
77 92
68 81
47 66
90 96
14 22
61 91
7 10
77 82
21 28
11 31
33 43
8 16
59 65
62 72
31 47
24 40
18 31
49 61
20 39
2 47
77 83
22 37
24 40
50 66
16 25
91 97
9 14
42 43
34 36
73 84
68 85
58 61
5 11
48 57
47 54
37 50
31 43
38 42
19 53
69 73
22 42
63 70
81 87
33 43
75 94
95 100
55 72
6 15
50 54
17 23
21 36
68 78
20 30
75 78
32 40
59 60
30 55
14 26
31 61
32 41
10 27
77 92
26 36
13 21
32 47
26 33
55 59
54 65
79 87
19 26
36 46
7 9
1 15
83 92
43 47
41 50
67 80
83 91
15 28
15 29
22 43
39 63
72 78
46 52
65 73
71 86
67 77
31 37
1 10
34 37
64 75
34 37
54 59
96 100
77 90
90 98
71 73
70 73
40 46
64 68
25 37
77 80
1 8
55 68
44 57
18 39
55 58
80 86
77 83
79 87
58 61
69 90
7 19
31 41
52 67
55 63
83 92
84 94
56 67
3 8
78 84
56 63
3 17
90 98
7 13
2 37
19 22
33 37
18 28
52 65
40 46
55 57
16 25
82 88
47 85
82 86
32 40
61 72
16 24
40 69
39 56
43 48
24 35
43 49
5 16
42 50
65 76
6 27
43 53
32 38
73 92
10 24
48 78
24 35
20 32
64 73
74 96
1 7
1 7
10 15
3 11
11 15
92 100
34 40
3 15
20 37
9 18
14 44
26 33
15 23
24 36
73 75
47 56
9 21
51 61
20 30
66 73
58 61
79 90
60 71
92 100
51 56
93 94
32 45
57 94
6 17
85 87
71 97
66 79
56 61
77 81
59 67
33 41
48 59
43 54
2 27
82 88
28 31
10 23
35 40
21 33
48 56
55 60
78 82
36 41
69 71
86 100
32 39
66 80
59 80
24 33
42 57
13 36
70 93
30 37
40 52
42 56
2 20
73 81
65 83
82 86
85 93
6 11
32 42
7 25
78 86
47 57
87 94
57 61
34 47
60 69
4 13
28 34
66 68
33 50
18 23
68 72
23 31
82 100
14 23
39 45
69 85
62 67
7 16
31 34
49 61
90 97
68 74
58 70
70 77
13 26
12 13
61 77
19 23
12 25
38 43
80 92
43 46
5 30
41 53
41 63
65 74
85 97
81 89
15 21
10 25
79 86
65 68
32 37
47 56
16 23
7 9
22 27
89 99
62 91
56 68
30 48
34 38
26 36
41 54
52 60
55 64
64 73
85 98
4 12
33 40
64 81
11 17
48 57
59 70
82 93
10 13
16 37
33 43
68 85
8 12
58 74
95 99
30 47
15 19
70 74
67 76
78 96
17 34
2 8
33 51
73 78
49 56
83 89
49 54
1 18
71 91
69 76
27 63
6 15
54 61
74 92
28 59
71 85
16 25
8 13
39 49
3 7
41 46
60 71
43 44
85 89
44 59
31 43
25 35
81 95
53 60
77 89
85 88
43 58
4 28
21 46
69 81
50 58
16 29
49 55
33 45
37 65
41 44
11 23
7 8
59 63
14 22
73 96
72 81
13 21
74 82
87 96
30 67
36 39
59 64
29 43
68 78
44 50
17 23
42 48
1 5
77 99
81 84
8 10
23 34
10 19
63 72
32 35
91 93
41 67
60 75
49 62
48 50
49 61
26 28
95 99
42 46
68 70
10 26
70 78
84 96
84 93
10 18
29 47
19 22
43 69
74 84
83 92
86 93
70 82
8 24
85 92
28 44
68 75
61 64
35 45
26 29
31 36
20 31
48 64
13 24
31 39
58 62
12 13
12 19
60 65
82 92
2 7
62 68
22 32
31 41
92 97
9 17
59 71
22 33
34 51
17 22
75 82
54 64
39 49
45 56
61 76
60 72
63 73
65 86
43 50
26 30
28 33
72 89
33 47
85 91
29 32
2 5
55 84
87 94
23 40
72 88
40 57
18 27
10 20
33 44
22 31
58 65
55 57
76 87
55 74
10 20
79 92
35 41
51 82
6 19
14 29
67 81
67 84
51 57
26 29
37 46
90 96
44 54
85 88
39 60
64 68
25 42
62 72
2 11
88 96
22 44
76 86
32 46
70 86
2 9
2 9
73 78
86 91
39 52
59 62
11 17
8 18
17 28
37 41
77 93
37 41
47 55
90 94
72 79
87 98
15 17
17 21
50 61
1 16
11 15
45 63
84 95
43 46
76 79
43 51
56 65
23 34
56 74
2 7
87 95
66 75
74 93
17 48
76 97
14 27
78 99
78 92
41 45
12 15
35 46
5 30
40 64
24 49
68 77
12 19
62 74
55 62
19 33
56 63
91 100
24 45
66 73
52 63
72 84
3 10
35 38
25 37
3 20
48 53
65 70
53 68
75 86
45 55
7 19
50 91
54 64
16 42
27 55
30 47
39 46
88 97
20 25
36 56
83 93
45 63
87 98
15 29
56 69
32 34
52 59
92 100
88 92
10 14
78 83
14 34
9 23
69 92
2 18
3 18
76 94
2 18
39 44
11 13
38 46
71 77
87 95
30 43
65 73
47 52
69 73
71 81
64 70
75 84
20 28
58 74
65 75
38 43
31 47
59 64
36 45
77 99
45 73
87 89
37 42
66 73
2 17
65 73
12 22
38 45
62 69
82 86
49 60
53 62
30 49
9 19
11 18
68 77
82 90
53 56
44 51
33 71
6 17
24 37
30 35
68 79
40 49
23 36
86 97
61 69
49 65
48 50
14 23
52 61
9 18
35 73
73 98
11 19
46 50
63 73
91 98
30 34
8 41
82 85
2 17
29 38
17 26
51 69
78 82
76 96
80 83
44 60
57 65
47 63
59 66
54 63
28 42
87 100
67 75
38 44
50 56
16 22
87 95
9 16
15 48
37 39
73 77
40 45
34 46
28 38
18 29
89 93
62 81
70 83
78 85
7 17
49 70
67 77
18 25
73 87
36 46
4 27
81 87
45 52
69 72
18 25
39 44
15 24
6 26
77 85
14 27
70 73
34 40
63 79
31 39
24 34
12 25
77 81
63 94
60 72
54 62
65 87
27 43
11 23
68 71
67 87
52 55
83 100
24 64
36 50
67 70
11 38
70 81
3 26
72 84
53 60
31 47
19 32
50 58
3 14
27 34
2 34
17 30
85 98
27 36
25 32
24 27
8 20
64 75
55 75
41 48
60 65
60 73
58 62
44 50
88 100
92 95
26 37
46 51
3 8
67 74
58 69
36 45
55 62
46 67
42 45
69 80
42 65
49 56
65 79
32 46
81 84
65 70
39 41
71 74
33 77
15 31
23 25
1 4
48 51
62 66
18 27
48 51
53 78
34 37
48 55
95 98
59 72
72 90
68 75
36 44
29 48
4 20
48 51
54 60
53 56
68 77
77 84
89 95
37 47
69 79
72 97
43 47
91 97
76 85
15 39
41 54
6 8
24 30
19 26
47 55
28 42
85 93
33 35
67 90
39 46
68 79
25 40
40 52
72 75
21 44
34 36
64 70
5 13
25 32
40 46
74 80
89 93
43 52
40 50
64 73
56 66
34 42
33 38
40 65
60 64
8 43
38 42
76 81
11 54
78 82
44 51
16 24
59 72
83 90
7 11
56 64
56 70
29 38
92 95
41 57
29 60
29 59
65 68
61 67
93 98
21 37
65 97
8 18
46 55
77 81
66 76
89 95
44 52
49 59
29 53
65 72
1 15
41 47
5 19
72 87
16 21
83 98
51 61
46 52
14 25
2 31
22 30
27 34
18 24
70 79
80 95
44 47
35 49
72 82
47 59
60 68
94 100
1 3
4 25
41 51
46 55
25 31
52 56
76 83
10 16
29 42
43 54
27 53
3 5
50 58
29 38
48 67
40 60
86 91
56 71
4 14
87 93
84 87
73 81
45 48
72 77
59 68
5 10
35 48
47 52
10 32
44 49
29 44
50 54
15 23
81 93
45 58
69 92
7 13
40 44
92 98
12 32
17 31
31 42
69 81
70 80
67 73
15 25
62 76
18 35
69 79
27 40
67 73
52 57
23 25
31 33
55 96
92 95
46 63
3 12
57 65
56 60
13 21
11 16
87 92
18 28
54 76
67 72
39 48
7 11
65 83
34 44
92 99
42 50
17 57
26 69
22 35
3 5
69 81
50 57
89 91
44 47
4 17
66 95
4 9
92 100
8 16
15 20
46 65
60 69
40 55
33 48
23 35
61 78
46 59
9 20
34 44
87 96
83 95
74 90
8 45
63 70
30 53
56 64
35 40
20 28
46 51
53 64
13 31
57 62
85 94
65 66
38 46
45 66
64 72
27 46
2 23
29 34
3 24
91 98
2 13
7 18
52 74
83 95
28 42
63 65
22 38
77 97
56 64
4 14
26 44
8 31
1 10
3 32
76 93
11 28
40 52
67 89
3 11
40 47
22 28
33 39
33 34
69 76
32 41
5 31
6 19
8 11
50 65
52 55
21 25
61 71
38 57
16 20
86 92
24 42
63 79
87 97
44 72
43 81
13 20
65 72
82 90
75 81
26 64
26 34
34 45
57 63
82 87
31 41
70 97
49 53
31 39
57 67
26 34
36 40
6 15
78 84
86 94
71 81
4 8
22 33
72 74
30 38
38 46
73 83
79 86
62 70
92 96
2 10
1 6
55 65
51 61
41 55
56 62
19 21
51 64
28 32
24 30
63 73
56 62
62 66
38 48
29 40
68 87
18 23
28 36
89 99
33 36
55 79
2 6
13 30
50 70
49 60
24 42
52 85
44 54
14 17
41 46
74 88
82 90
80 85
49 51
63 66
19 31
94 100
22 30
42 53
73 88
44 51
80 87
16 65
68 74
62 78
25 49
12 21
51 73
67 84
22 25
68 92
72 81
19 28
47 67
58 73
58 81
20 38
7 21
71 78
34 39
33 63
38 51
28 40
47 55
62 70
27 32
32 49
92 97
29 48
47 59
69 99
74 85
75 86
1 11
60 78
9 11
86 100
90 95
45 51
63 73
74 85
28 41
1 16
40 53
48 55
84 91
63 65
59 66
24 37
59 62
85 93
23 37
41 48
20 27
18 23
2 17
36 37
65 71
32 45
86 93
83 89
19 29
25 28
57 62
56 72
76 89
2 11
71 83
63 75
53 70
83 95
14 37
89 95
60 67
47 53
75 88
86 91
79 89
39 53
30 39
11 26
83 89
87 93
98 100
27 35
48 54
51 59
54 64
18 33
81 100
61 77
54 59
93 100
7 26
71 84
82 88
13 38
5 9
72 93
41 59
69 72
7 27
12 21
40 43
61 69
25 31
38 44
41 51
77 85
43 52
59 62
7 24
40 50
18 29
3 6
20 27
60 73
24 31
88 92
44 51
42 55
5 16
20 21
52 70
66 78
71 86
70 85
61 62
61 78
20 28
65 74
56 78
63 78
8 17
4 24
27 55
27 29
63 65
16 25
22 34
38 48
49 52
7 34
44 54
20 27
40 45
17 41
90 100
14 18
1 19
19 27
24 31
42 51
33 44
4 34
35 75
38 56
20 29
70 73
24 29
72 73
85 96
79 86
58 64
25 35
75 84
24 42
69 79
88 91
7 17
63 75
53 58
20 34
80 85
72 83
16 25
91 98
87 94
74 94
61 69
61 65
62 73
39 61
3 44
84 88
1 9
51 55
55 63
26 41
34 52
9 20
22 32
54 64
2 18
14 21
13 19
16 64
13 38
11 16
1 5
27 31
8 14
59 71
22 35
92 99
57 60
3 7
24 35
54 81
13 51
45 51
39 49
17 23
28 32
90 98
6 9
93 98
41 50
15 18
62 74
31 39
15 22
54 62
43 46
14 23
76 88
15 22
27 47
67 85
75 77
87 93
76 84
88 95
24 34
68 82
32 39
73 81
3 16
40 63
5 7
10 26
19 25
23 36
24 30
43 51
76 87
30 42
71 99
50 59
9 17
48 56
75 94
79 88
37 44
85 91
89 97
6 12
35 36
23 32
72 81
56 62
33 38
47 59
27 35
88 91
32 35
13 30
95 100
15 21
78 82
30 40
2 14
37 92
30 52
27 39
48 69
33 40
57 76
29 34
35 41
68 76
10 16
25 42
91 96
37 46
40 42
56 74
2 10
50 65
14 22
85 89
12 24
88 97
11 21
77 96
50 54
39 51
53 60
33 42
11 14
40 54
56 58
37 41
70 92
45 57
13 26
6 18
14 20
28 33
6 15
78 84
48 54
87 94
7 16
36 63
20 30
29 39
65 90
19 21
80 88
80 88
66 74
57 72
71 73
71 74
14 29
78 94
5 9
61 74
26 53
72 77
20 29
25 36
14 35
50 57
21 27
69 89
26 39
6 8
61 73
23 29
28 39
28 46
78 81
77 85
51 70
51 61
13 22
10 20
57 69
19 27
16 30
22 38
44 61
36 48
57 63
21 24
2 16
31 37
16 26
42 51
25 37
40 47
55 59
25 31
81 97
22 27
34 37
34 36
32 38
56 58
83 93
8 14
63 71
8 23
57 77
20 34
29 34
38 44
34 40
68 80
56 68
53 64
68 84
72 88
21 25
42 56
70 93
36 50
49 64
14 20
82 94
32 49
56 61
21 31
90 96
24 31
2 22
75 82
33 39
14 18
26 36
16 29
32 47
57 62
23 44
36 43
86 96
8 12
70 80
66 85
67 83
88 92
35 50
10 16
49 67
46 50
73 78
87 94
74 83
68 74
2 35
21 30
79 97
78 90
70 77
46 49
4 17
76 88
29 36
75 92
88 94
16 28
64 76
9 23
27 33
11 20
47 65
91 95
67 76
41 51
49 62
88 94
31 36
41 49
78 86
83 95
31 39
41 45
95 100
44 55
32 39
82 88
3 17
28 45
63 72
62 74
47 54
23 35
36 43
59 63
70 85
45 76
33 51
73 90
74 92
30 33
20 51
42 50
63 88
53 85
37 50
32 39
20 39
16 59
1 12
39 47
14 38
20 31
46 50
71 92
22 25
62 86
84 99
81 88
8 11
86 92
33 52
40 45
16 25
60 69
18 26
47 64
48 58
10 21
47 52
83 96
19 25
12 18
64 78
35 50
78 82
31 40
36 40
51 62
84 93
33 56
40 58
68 73
23 32
73 80
20 35
18 23
56 63
86 89
34 39
3 14
8 16
82 93
76 90
26 37
76 92
61 93
34 36
7 15
36 39
1 10
25 32
15 21
50 57
66 73
28 34
36 41
17 25
38 47
3 14
23 37
43 46
22 50
44 64
58 65
59 64
9 16
65 70
28 42
52 57
55 71
28 33
30 41
23 26
72 84
43 52
70 77
34 45
32 43
48 68
40 52
45 53
23 41
6 29
79 85
53 57
31 67
40 54
82 88
6 11
32 46
64 72
65 80
32 44
54 65
79 95
1 14
26 38
41 51
9 15
15 22
84 93
56 61
15 21
74 93
7 14
35 38
66 83
35 44
11 16
62 69
5 20
9 16
7 34
18 33
73 89
77 85
34 40
8 13
34 37
43 46
76 88
6 26
83 91
10 15
40 56
89 96
59 61
59 69
40 44
58 72
37 41
49 56
1 12
10 15
24 34
59 66
15 31
43 51
50 65
62 70
73 84
31 36
51 55
25 43
30 38
60 64
50 70
59 88
10 29
35 39
66 78
44 50
26 29
10 20
85 98
60 77
75 84
2 12
17 21
76 84
42 57
59 76
53 66
79 86
70 79
10 18
64 68
61 73
57 74
26 30
37 41
41 56
25 35
24 36
14 25
68 79
1 5
49 79
6 12
73 98
50 79
86 97
19 24
31 57
24 38
76 87
23 38
82 96
20 26
70 79
71 83
47 52
63 67
75 86
49 58
37 40
26 34
81 86
3 32
20 29
87 99
65 77
69 77
53 70
21 28
3 17
43 54
50 75
24 26
92 99
14 20
35 47
7 20
59 71
34 44
79 95
24 58
42 49
69 95
42 46
74 75
51 64
27 40
34 82
7 27
15 26
34 41
8 32
11 15
18 28
32 68
29 37
35 40
64 68
78 84
53 57
73 85
54 73
57 67
63 77
35 40
47 54
36 66
89 91
32 41
37 45
42 60
90 100
6 13
60 62
9 18
49 66
2 18
47 51
17 22
82 94
66 72
69 90
29 50
65 84
79 87
39 55
37 47
86 96
28 34
5 16
39 50
41 45
7 11
24 29
45 49
22 24
92 99
20 43
90 93
29 37
8 15
14 19
31 40
8 24
59 65
52 59
34 40
24 30
40 47
52 61
32 41
21 25
45 61
53 63
92 97
50 59
14 21
21 27
48 69
51 64
8 15
16 28
70 75
71 97
35 62
65 80
50 60
54 56
38 47
91 98
32 44
31 51
51 60
48 58
12 37
51 63
62 67
46 49
66 77
46 61
16 56
45 50
38 52
81 87
50 57
45 52
38 44
64 67
67 77
84 97
80 98
78 92
54 61
10 71
51 62
67 80
93 98
31 54
10 19
30 56
49 59
24 35
67 69
27 44
64 79
75 85
2 17
70 76
81 94
5 17
69 77
57 62
45 63
38 62
2 10
56 74
4 9
69 74
72 74
34 40
66 79
5 8
61 82
68 77
16 28
43 62
8 17
85 98
17 26
92 95
8 14
6 9
62 80
93 96
15 27
74 78
9 35
12 20
2 11
36 38
35 50
62 100
22 44
63 92
43 51
27 48
58 76
27 31
61 65
54 63
45 53
55 58
84 88
8 24
80 89
59 73
42 58
23 28
77 88
67 76
93 99
5 30
85 97
47 65
65 72
47 55
66 71
32 39
27 44
45 57
58 67
50 54
66 71
47 58
13 21
27 39
5 10
41 49
85 91
62 76
29 39
29 32
68 79
78 88
26 32
13 41
9 18
19 39
36 39
78 84
54 60
88 97
11 48
73 81
71 93
32 42
73 85
71 77
41 50
86 95
68 84
41 42
59 66
47 55
89 93
6 28
52 57
50 58
79 92
34 49
55 59
53 58
49 58
75 89
64 66
57 67
71 80
2 14
34 49
60 68
74 87
2 7
63 69
65 88
50 53
46 72
63 77
49 60
31 35
20 31
41 45
12 22
48 56
28 30
85 96
22 25
66 76
5 12
35 42
75 97
8 22
8 18
43 47
27 45
8 14
85 98
43 50
79 82
25 43
85 93
12 17
83 90
79 98
66 75
85 97
36 47
34 45
46 62
39 43
61 79
67 77
67 86
25 37
57 69
4 8
10 22
62 66
86 100
64 72
73 88
48 57
7 15
21 28
53 64
50 61
57 65
65 73
40 44
59 87
6 17
57 63
86 91
79 88
62 73
62 65
75 98
17 23
57 63
53 55
84 91
53 73
33 39
37 45
65 72
1 12
51 73
69 78
54 62
71 82
54 87
68 78
48 49
1 8
12 22
66 71
88 92
69 91
32 38
66 71
36 42
77 85
47 57
62 68
17 18
74 91
59 72
67 75
45 70
34 36
26 35
4 28
55 68
17 43
13 17
55 64
69 74
3 23
7 15
53 63
25 62
55 68
9 22
20 22
83 91
18 34
17 31
70 89
39 54
51 56
25 33
61 67
16 23
30 39
20 30
68 81
22 31
56 66
23 32
56 64
28 39
89 93
75 79
74 89
9 19
82 92
44 56
23 28
51 56
34 48
33 47
32 46
13 25
27 31
42 50
32 42
17 22
87 96
5 18
85 92
39 47
58 80
39 56
20 25
52 67
41 46
60 80
30 35
13 16
