100 20 20 11
00000000000000000000
00000000000000000000
00000000000000000000
00000011110000000000
00000000000000000000
00000000000000000000
00000011100000000000
00000000000000000000
00000000000001000000
00000000000000000000
11110000000000000000
00000000000000000000
00000000000111100000
00000001111000000000
11110000000000000000
00000000000000000000
00000000000000000000
00000000000000000000
00000000000000000000
0000010000000100000
0000010000000100000
0000010000000100000
0000010000000100000
0000010000000100000
0000010000000100000
0000010000000100000
0000000000000100000
0000000000000100000
0000000000000000000
0000000001000000000
0000000001000000000
0000000001000000000
0000000001100000000
0000000000100000000
0000000000100000000
0000000000100001000
0000000000100001000
0000000000100001000
0000000000100001000
5170
52 60
76 82
90 97
69 80
2 7
64 73
88 93
64 67
42 55
50 65
83 86
55 90
75 83
9 20
70 77
23 29
35 40
17 33
39 73
37 49
79 86
76 83
13 41
43 48
50 60
62 69
51 65
51 58
79 89
11 22
28 53
33 36
63 69
53 71
9 12
38 60
15 24
40 43
56 59
59 72
5 16
43 63
4 9
32 44
63 71
31 44
51 60
17 21
56 64
2 27
58 67
3 16
3 14
16 23
56 58
56 62
67 74
2 13
8 17
78 82
88 97
56 61
6 15
5 11
74 96
31 69
6 16
26 33
41 47
71 75
27 34
27 38
76 87
67 75
58 73
21 35
88 94
8 20
40 46
53 64
32 37
12 19
72 81
41 51
71 81
18 25
30 34
28 55
32 42
14 22
18 35
4 11
62 75
8 23
49 58
1 26
76 85
70 74
52 56
46 64
81 84
4 13
34 38
64 71
58 72
1 6
43 51
89 100
41 63
27 33
66 77
82 88
35 41
27 48
30 46
78 85
30 38
65 67
79 84
90 99
50 57
57 76
12 21
71 77
80 90
56 61
17 43
84 97
70 82
70 90
37 49
83 95
6 16
47 62
77 81
21 27
2 7
90 93
16 24
77 86
81 94
49 55
39 55
17 25
21 24
37 48
83 99
61 74
43 58
18 27
46 62
95 100
26 35
60 67
35 63
61 64
86 89
27 36
48 55
48 54
65 76
41 73
56 75
69 75
44 66
7 16
28 41
59 68
65 80
76 91
8 15
44 79
15 19
12 18
3 8
56 77
28 43
40 50
53 54
12 25
94 99
9 16
73 76
28 32
28 34
61 66
34 41
21 27
63 76
50 64
38 53
30 43
3 9
41 45
60 74
3 37
46 61
16 21
66 72
10 20
77 84
75 78
78 86
11 23
31 37
87 97
85 92
85 93
40 47
49 55
15 36
67 72
68 77
11 21
38 47
95 99
44 53
52 54
33 40
40 44
74 83
39 42
21 30
19 57
1 9
40 52
16 28
74 94
24 36
17 46
48 56
55 61
36 43
93 98
40 46
13 17
76 78
30 52
34 43
70 79
6 13
31 37
68 71
48 54
77 91
23 31
30 36
88 95
68 70
70 77
18 31
55 78
82 93
33 59
85 91
51 78
42 53
78 85
19 40
34 51
51 63
5 46
2 11
22 25
34 36
30 40
72 74
3 12
59 69
72 76
70 81
85 92
52 56
67 73
11 13
30 60
33 46
73 81
79 88
86 90
44 50
67 70
86 94
22 39
71 84
64 75
90 99
28 50
20 27
46 57
15 21
8 11
39 53
42 48
14 55
14 20
51 67
1 11
15 24
86 94
57 62
5 17
49 56
6 10
35 45
14 23
81 91
66 87
81 86
41 52
74 77
22 28
81 87
89 93
20 23
81 86
33 43
36 44
57 67
98 100
60 81
62 71
76 87
72 80
7 31
51 72
75 83
60 66
32 38
91 93
22 32
61 67
9 30
71 76
23 32
98 100
28 36
28 38
33 42
54 67
22 30
2 12
20 32
8 26
49 77
92 96
64 70
82 97
17 24
62 76
47 50
85 88
25 30
45 81
59 60
71 80
61 77
3 25
23 36
69 77
67 75
2 4
51 79
18 26
32 45
67 78
22 24
85 97
67 84
76 86
21 29
47 55
75 81
56 65
50 56
58 78
33 36
18 30
55 57
28 47
57 91
52 60
41 44
52 56
32 53
74 89
45 51
35 45
38 56
9 18
36 43
58 64
92 100
53 59
52 55
80 92
35 47
32 42
76 83
50 53
96 99
14 20
83 97
1 7
25 33
35 44
60 76
53 63
31 36
29 35
88 99
77 83
43 59
29 31
10 24
37 45
15 22
64 78
31 41
33 42
36 44
72 78
45 56
64 78
93 96
15 24
8 32
62 70
10 64
6 16
74 93
13 31
66 81
38 41
20 31
45 62
77 88
57 78
81 86
31 61
31 39
33 62
32 40
75 81
16 25
21 27
83 90
75 81
46 66
54 65
20 28
15 26
28 34
60 77
92 96
35 41
88 93
26 29
42 51
34 44
66 87
41 64
43 49
6 9
1 8
87 91
19 25
34 42
33 38
89 96
6 12
19 26
73 86
46 65
48 56
30 38
36 75
9 22
57 78
3 8
40 43
19 27
46 54
73 83
71 75
22 36
83 89
67 75
5 16
37 50
50 64
20 26
83 87
47 51
62 80
8 15
6 14
83 95
9 32
5 10
11 16
13 17
46 52
5 13
53 65
11 22
67 82
77 82
57 65
47 56
70 80
91 99
17 27
12 24
11 15
62 74
79 87
38 54
56 69
62 69
10 18
44 51
53 62
55 82
94 100
4 14
54 65
16 23
84 90
69 84
21 37
10 36
85 100
32 35
56 68
20 25
59 76
66 71
39 45
23 26
79 84
77 89
81 89
4 27
52 62
18 23
35 43
23 51
72 84
42 50
70 79
53 60
10 20
63 84
43 50
60 78
39 43
3 17
5 23
48 55
38 46
48 60
79 99
26 39
36 41
92 94
21 27
30 40
4 18
46 49
59 77
33 41
41 52
43 55
73 83
45 62
22 29
55 70
79 88
45 47
93 99
51 58
4 9
20 34
78 80
45 52
79 93
23 30
73 84
30 32
25 33
62 67
22 29
62 79
67 76
77 85
6 56
64 74
89 96
33 40
21 35
79 86
12 25
6 18
47 60
33 48
17 21
58 75
41 60
62 83
10 20
70 75
49 58
39 46
83 98
5 14
5 6
35 49
93 98
95 100
82 90
11 23
37 39
45 49
87 97
12 24
40 61
22 27
49 57
69 73
17 26
4 9
28 32
47 60
87 89
14 24
81 86
27 34
83 95
18 23
85 97
80 92
12 22
34 41
2 13
32 44
26 43
58 86
29 34
58 79
79 91
83 87
21 27
78 97
29 38
72 82
58 62
23 27
79 90
54 70
43 57
43 68
78 82
29 33
6 14
79 90
67 75
38 50
33 58
30 40
81 88
62 67
67 74
76 81
2 14
4 7
53 64
19 27
64 67
35 95
83 95
71 85
3 8
82 95
67 81
44 50
33 51
52 55
51 67
94 97
79 86
7 16
44 62
70 73
2 17
70 82
23 31
93 97
19 43
86 91
96 100
81 85
10 17
75 89
7 24
80 88
68 73
17 21
21 33
17 35
78 82
6 21
17 29
50 67
47 57
70 77
8 28
22 37
28 37
51 60
10 18
21 34
75 88
92 95
13 27
45 52
62 82
28 47
29 42
67 72
82 87
30 63
89 93
17 20
22 24
50 76
7 37
80 84
11 32
7 17
67 71
29 60
65 67
46 82
1 26
2 21
60 69
4 10
91 96
21 29
3 5
52 58
54 61
39 58
58 63
57 73
74 79
52 57
15 37
28 34
20 33
70 86
14 19
48 59
23 47
78 84
31 39
67 77
88 99
73 84
19 23
55 61
67 84
76 85
7 16
67 73
56 80
87 94
23 29
46 51
91 95
67 77
52 57
39 46
15 27
11 23
72 73
86 89
80 83
81 90
49 68
60 73
45 80
23 44
39 47
72 81
73 81
4 19
19 25
81 86
71 85
16 20
19 29
23 28
76 80
59 69
84 97
14 32
25 32
52 60
10 16
19 35
61 68
86 87
7 15
29 34
44 58
22 26
89 100
10 21
10 14
13 28
88 97
10 27
46 56
1 4
17 35
41 49
12 19
70 76
32 43
51 61
83 94
53 60
44 61
37 49
45 60
17 24
73 84
60 66
81 85
37 47
4 11
29 46
69 78
65 70
47 54
72 94
79 90
12 41
2 18
27 43
47 60
84 100
8 20
85 99
56 93
41 65
24 33
12 25
35 50
4 12
83 97
11 14
31 39
4 10
32 42
35 41
70 84
24 26
12 55
42 50
94 99
81 87
20 42
54 71
63 77
20 26
66 86
92 94
28 50
14 25
16 31
67 74
10 34
6 16
31 56
24 32
64 85
64 70
27 33
26 36
41 55
62 77
17 51
79 93
62 69
83 94
88 95
25 36
67 81
69 73
74 91
12 19
53 71
39 52
46 71
90 98
47 53
80 89
41 49
85 92
85 95
31 53
16 22
90 97
33 46
5 6
49 74
29 32
95 99
80 91
3 13
59 89
20 25
39 46
21 31
78 85
31 43
48 59
92 99
58 68
50 64
54 58
28 44
8 14
62 80
67 73
19 25
82 93
34 56
92 95
41 56
64 86
88 96
95 98
4 6
47 59
6 15
60 69
59 60
53 72
2 6
57 68
47 51
45 53
35 56
26 38
40 71
8 30
46 70
51 93
13 20
20 30
72 79
51 64
65 75
87 95
52 59
66 73
47 51
67 72
12 14
38 47
44 53
51 85
86 91
55 62
75 82
71 91
1 5
42 77
49 53
31 42
2 25
84 89
70 72
8 15
46 74
7 23
86 98
13 25
79 97
5 10
85 94
39 45
44 49
26 42
88 98
95 100
20 24
6 12
19 33
24 34
20 29
48 58
20 25
56 72
6 49
62 79
77 80
74 81
73 78
73 83
3 32
29 32
1 7
18 19
47 55
11 23
36 55
8 24
22 32
12 19
55 59
47 56
8 28
11 36
40 45
69 86
12 18
53 82
8 18
35 55
62 69
6 16
49 61
59 75
45 54
80 93
43 52
59 72
73 79
68 75
80 88
44 56
77 82
6 11
13 18
56 70
86 96
69 74
34 37
9 14
19 39
24 33
15 21
17 31
84 94
59 63
78 87
15 21
18 29
81 87
28 41
61 71
15 28
75 77
42 86
65 77
37 92
26 37
59 68
62 73
83 92
32 69
62 73
19 32
89 94
62 71
16 21
11 15
27 38
63 84
48 50
56 61
58 65
14 31
62 81
16 35
32 42
90 95
83 89
72 80
51 66
22 39
22 25
27 34
55 85
51 64
76 84
48 69
3 5
34 44
30 33
2 7
10 22
11 27
30 36
14 26
89 94
92 95
44 54
22 54
24 32
13 28
44 70
32 33
83 86
94 98
85 88
41 44
61 72
14 21
83 87
55 65
59 66
22 47
53 56
85 99
44 52
36 40
84 97
78 90
78 84
32 42
75 91
4 12
14 21
95 98
16 25
60 66
61 68
64 66
85 92
57 65
56 62
40 51
33 37
86 90
87 98
75 84
18 40
52 63
70 77
53 61
40 54
56 66
13 25
57 79
31 33
41 51
47 60
2 10
35 39
86 91
26 37
94 99
3 55
89 96
22 65
73 93
85 93
81 90
74 82
87 95
47 56
53 64
87 91
42 56
3 10
37 43
86 98
31 35
88 95
72 88
66 76
23 34
54 61
71 94
22 28
57 64
89 100
13 23
30 38
87 95
89 92
45 52
67 76
82 91
47 60
7 17
76 86
35 45
27 37
90 95
40 46
69 79
74 85
27 36
16 19
67 76
11 23
2 10
2 14
83 95
8 19
24 35
48 53
59 70
42 52
30 40
73 87
66 72
61 67
33 44
47 51
50 59
5 12
28 31
1 5
59 66
64 77
56 62
62 69
78 87
54 68
45 53
33 42
22 29
54 61
42 44
92 95
47 54
17 19
67 72
40 50
69 79
24 27
48 60
78 94
45 54
16 23
70 95
53 55
42 45
69 80
41 62
12 17
6 15
5 7
4 9
51 56
73 78
55 64
47 57
76 80
77 91
24 40
62 64
20 24
58 64
24 39
81 94
17 22
37 41
56 60
36 63
38 43
47 57
8 18
23 38
51 56
11 19
32 41
49 64
50 62
43 46
1 7
16 23
9 16
45 62
19 27
56 72
16 38
50 61
18 26
23 33
72 84
36 42
29 39
45 52
31 38
10 29
75 81
80 100
56 62
11 33
73 84
70 84
48 58
7 21
64 68
43 50
46 57
1 8
48 54
19 27
2 21
6 23
4 14
89 94
36 46
4 20
54 58
61 73
44 48
26 40
16 31
48 52
23 47
11 17
64 71
71 77
22 39
93 96
1 8
86 91
85 90
41 49
86 96
87 93
72 76
74 79
53 66
47 57
77 82
12 28
13 21
3 29
82 88
25 42
61 87
64 72
32 47
5 20
89 98
28 45
10 15
64 69
76 84
34 43
19 34
58 63
45 64
54 70
43 69
36 43
15 20
95 98
90 99
10 20
70 75
53 67
18 27
83 95
8 20
44 51
71 77
16 25
26 37
9 19
25 36
62 83
74 78
1 14
72 86
24 31
89 94
59 77
19 39
38 58
7 10
70 85
22 27
47 60
20 51
41 55
76 94
27 45
71 77
4 9
74 90
46 52
78 82
75 78
79 90
15 31
15 28
43 64
42 46
65 76
10 24
56 79
66 78
62 70
26 32
24 30
79 81
18 43
27 36
55 60
24 32
15 25
7 12
45 54
27 39
13 29
7 11
64 67
38 45
18 26
40 48
75 90
66 84
72 89
86 93
31 75
36 52
1 13
22 32
46 51
69 86
65 83
92 100
11 27
1 14
18 28
25 32
85 87
4 10
89 91
19 28
34 39
35 44
12 42
89 95
84 100
63 71
71 74
66 90
78 80
37 57
24 29
3 18
93 97
55 80
65 73
51 64
18 21
72 81
17 31
73 80
63 82
38 71
47 57
2 5
32 38
90 96
17 28
53 55
13 37
33 44
87 92
12 55
50 62
92 97
35 43
26 44
2 5
60 66
79 90
94 100
90 98
62 73
36 52
13 23
83 92
20 26
20 22
11 25
11 39
39 44
45 58
67 89
49 52
24 44
59 73
57 68
46 56
93 96
7 16
82 93
5 9
53 65
42 58
22 32
31 35
4 24
65 69
57 61
81 89
76 84
89 97
76 80
86 94
77 93
60 82
63 70
16 30
72 75
34 48
31 44
33 50
38 48
51 54
48 59
10 15
95 99
76 82
11 22
6 16
53 69
24 42
46 52
43 56
5 11
86 90
30 44
66 85
29 47
8 20
34 48
39 44
51 65
47 58
15 29
79 83
60 62
34 38
35 59
24 32
12 33
1 19
11 25
8 47
61 67
40 52
92 99
72 80
33 44
55 60
9 29
96 97
15 30
78 92
46 52
21 43
39 57
23 25
30 36
35 52
85 93
76 90
14 20
13 25
83 86
3 20
38 52
60 71
85 90
9 26
31 40
18 23
94 97
25 39
74 77
66 73
94 98
23 30
26 43
85 95
68 86
76 78
30 39
72 77
29 48
69 90
28 31
90 95
4 16
34 51
60 73
31 74
52 68
11 26
51 56
72 80
42 50
3 8
90 94
57 59
42 62
15 23
10 15
78 84
59 72
1 19
82 85
59 69
25 28
29 39
87 92
12 22
25 32
6 23
49 58
46 59
71 76
56 61
35 72
88 95
49 68
7 65
60 69
46 55
46 56
17 47
61 71
2 35
65 73
15 38
51 69
72 83
53 64
24 36
84 89
22 38
75 85
24 29
93 98
36 47
14 26
76 85
20 48
19 45
41 52
84 98
38 49
55 65
66 78
26 30
74 82
22 28
60 79
73 81
26 35
52 61
47 59
63 74
48 62
55 93
36 66
36 48
5 41
40 50
37 46
18 29
6 29
44 76
21 41
46 65
10 19
75 83
34 41
34 64
35 55
53 65
55 69
31 43
28 40
74 83
76 93
69 97
25 42
73 76
95 98
32 38
36 42
65 68
25 33
68 75
81 93
10 13
73 79
46 60
19 30
43 51
74 87
25 34
90 99
67 73
23 30
61 76
74 84
26 58
6 11
59 86
36 41
96 100
37 40
14 17
72 76
90 94
64 70
60 65
16 32
30 66
68 76
52 57
45 52
29 39
85 95
12 23
49 67
72 84
12 28
62 75
29 36
12 33
23 33
6 13
56 70
66 77
2 13
60 63
64 80
40 47
83 85
21 30
11 19
80 89
28 47
14 33
48 66
46 86
38 40
46 58
7 20
5 13
57 77
44 53
58 83
11 13
85 96
57 62
93 97
35 72
38 40
3 12
26 30
38 48
63 82
12 30
34 44
76 92
44 54
65 71
21 27
32 39
40 51
38 46
11 20
77 79
71 86
23 29
37 43
1 15
6 13
7 13
75 87
57 70
59 66
60 78
1 14
28 44
44 48
81 86
27 37
2 9
21 43
54 62
82 87
50 54
13 22
23 32
82 96
83 89
21 24
78 91
75 80
35 41
17 22
67 90
89 95
94 100
59 69
59 68
7 21
60 66
46 60
49 61
36 41
44 49
92 95
52 61
15 20
58 65
44 53
13 19
26 42
67 71
83 94
5 10
25 30
63 75
23 34
39 43
70 75
55 60
46 64
18 32
75 83
19 33
35 45
28 53
12 23
45 53
31 37
28 41
32 41
74 80
84 90
15 22
3 5
45 51
11 26
69 95
86 94
47 60
21 30
5 17
56 63
86 97
29 43
20 23
75 92
12 20
44 54
21 27
37 56
72 87
34 41
40 42
82 89
21 25
43 69
82 88
16 32
33 36
23 29
87 100
34 39
32 49
87 92
77 82
13 17
26 32
84 86
33 46
5 20
23 31
43 56
41 50
80 92
50 66
91 94
63 66
75 87
86 99
60 70
54 70
5 16
67 75
6 26
24 29
25 36
37 51
91 97
69 79
81 90
47 54
29 33
43 48
69 77
75 94
68 89
26 28
80 83
64 75
37 51
46 57
52 66
52 59
34 62
25 31
12 16
58 71
57 62
32 38
28 40
71 78
63 74
18 31
45 60
17 26
1 24
79 85
34 41
49 57
51 64
35 51
66 79
68 83
56 65
43 49
32 38
31 34
42 49
34 43
20 41
29 33
73 82
64 69
32 51
28 38
8 42
22 38
88 91
80 85
64 69
25 40
13 16
74 79
27 32
37 47
80 84
13 25
2 13
5 11
30 37
82 86
42 48
25 50
35 38
24 40
24 33
49 60
90 98
31 38
79 90
4 19
64 69
68 88
22 43
67 73
14 35
54 61
49 62
50 77
66 81
54 58
9 19
85 95
69 84
54 65
34 64
50 59
2 4
43 54
85 93
67 71
81 97
33 40
41 47
83 86
76 80
48 61
65 71
30 44
72 89
20 53
12 27
34 38
25 30
72 76
49 61
20 31
49 62
26 44
51 57
18 19
63 65
58 66
41 55
87 100
26 33
8 18
36 49
4 24
68 77
55 70
92 97
47 97
62 74
77 82
51 65
7 17
7 14
87 90
76 88
25 30
65 75
81 93
75 86
69 85
8 20
39 50
38 54
20 29
86 92
44 54
29 38
53 69
58 68
32 41
28 41
72 87
54 66
16 20
46 57
12 30
64 88
88 98
22 52
4 15
55 57
13 32
37 44
51 66
71 88
79 99
66 83
83 89
83 95
13 25
44 51
33 64
26 38
13 33
51 69
17 33
77 98
28 39
83 96
43 55
15 27
5 9
50 54
12 25
71 76
52 56
67 79
22 40
84 86
58 80
42 53
34 42
80 89
50 63
70 83
84 96
69 76
89 100
29 32
44 59
81 94
54 57
85 91
8 21
7 12
10 36
2 7
83 91
37 45
33 40
61 64
75 91
60 92
38 64
33 44
13 20
7 26
72 86
62 71
49 59
69 78
15 26
48 55
81 96
52 54
67 77
14 18
16 45
10 20
45 55
18 32
43 50
21 26
6 13
23 35
6 23
33 43
84 94
19 41
73 75
54 67
59 62
38 49
18 30
52 58
40 51
31 40
41 59
72 77
48 51
58 68
82 84
32 38
84 87
94 98
9 14
41 46
56 67
44 55
85 98
24 31
67 81
19 58
63 79
87 95
78 90
18 36
63 90
35 43
84 96
62 67
55 78
75 81
44 51
63 71
4 16
78 83
14 23
77 99
69 83
27 37
1 8
34 38
38 47
37 60
25 40
58 64
49 56
84 86
29 58
54 60
35 43
70 73
85 92
8 24
45 49
66 88
3 4
81 87
75 80
73 87
33 36
23 37
72 78
78 88
88 93
76 95
73 85
27 33
39 43
14 19
52 58
12 19
48 58
51 61
76 87
30 38
46 58
50 57
67 85
56 63
14 23
54 61
66 100
40 52
35 42
9 34
15 31
42 76
36 71
38 43
42 45
56 67
66 91
43 55
18 31
15 34
45 57
2 18
84 90
38 52
76 97
71 81
73 77
78 89
90 96
79 83
90 94
23 33
93 96
63 68
64 71
42 71
50 58
24 53
52 55
48 52
63 76
85 92
18 34
80 97
81 90
83 88
81 94
34 51
85 92
64 92
40 46
21 31
94 99
29 35
86 90
40 56
71 90
89 93
78 84
2 12
79 86
76 86
39 45
47 60
75 83
2 11
90 100
45 54
19 33
83 86
78 86
48 52
79 80
81 97
75 82
27 39
38 40
92 98
34 41
66 71
46 81
14 19
79 82
58 69
25 27
27 47
76 83
67 79
24 47
19 27
88 97
67 81
3 24
5 39
21 33
77 94
48 54
35 54
74 92
32 49
1 7
21 28
81 96
67 99
1 21
80 84
15 23
89 100
37 45
47 52
70 84
56 66
94 99
40 55
8 16
45 55
29 36
83 91
13 38
28 43
1 18
3 15
21 70
63 76
13 21
37 45
23 32
18 25
60 67
17 27
53 60
77 88
34 46
79 93
24 30
37 45
10 23
21 25
7 20
30 41
18 24
12 31
8 34
94 100
40 49
70 79
4 19
73 76
80 94
87 91
86 90
92 100
49 57
80 97
30 58
57 72
18 26
33 46
62 65
50 54
39 42
44 61
68 75
49 74
73 78
82 88
45 54
23 31
26 39
12 19
60 72
72 87
19 29
29 37
49 63
53 60
54 60
64 65
11 19
15 26
4 12
46 61
50 63
4 12
79 82
74 84
72 96
10 22
41 49
83 90
57 63
28 34
35 41
79 84
64 71
11 22
71 84
50 94
11 25
23 35
40 50
10 18
52 58
35 53
47 61
65 72
81 93
22 32
74 85
21 27
41 58
33 42
50 56
11 29
49 52
47 51
85 88
43 47
83 90
32 43
23 26
63 67
67 69
2 6
5 18
41 63
56 70
34 42
69 79
13 30
52 70
9 24
32 38
6 11
82 97
12 34
78 88
19 33
5 21
44 48
30 37
54 60
11 21
4 15
24 41
79 86
50 62
50 57
86 93
2 10
25 44
60 88
58 64
66 76
2 14
93 100
15 19
15 35
18 21
2 21
14 18
18 28
15 21
87 96
63 74
56 60
78 81
59 70
60 66
1 12
45 65
20 23
4 12
19 36
80 87
40 51
76 79
55 62
11 21
57 72
75 79
35 43
81 84
65 74
88 90
52 53
7 14
16 28
55 81
31 39
72 77
7 10
63 75
64 71
51 59
44 61
54 70
72 77
47 55
82 89
52 63
83 90
48 54
40 51
2 12
23 27
76 88
54 63
32 43
23 31
63 72
52 60
54 61
4 16
33 45
44 51
97 100
29 71
42 49
26 30
76 84
24 28
53 59
23 35
60 71
35 39
86 96
36 47
46 53
87 90
49 63
39 58
58 67
33 38
58 69
74 81
83 93
17 31
55 69
13 20
11 15
25 35
30 41
46 58
58 67
21 32
60 68
82 92
54 61
39 51
77 79
13 20
54 76
45 51
30 41
55 68
84 98
82 92
32 46
59 64
59 80
78 85
71 86
47 66
40 45
25 40
46 62
59 74
39 42
24 33
96 99
15 18
83 89
13 26
68 78
27 31
58 79
78 87
52 56
59 63
11 28
88 91
15 23
51 59
80 93
14 19
22 24
52 69
75 83
48 51
1 15
49 52
75 81
40 45
74 77
54 60
31 39
23 25
44 54
37 50
72 79
27 38
8 55
68 79
17 22
46 56
2 21
51 62
35 39
56 65
48 57
21 35
11 27
70 75
59 63
65 69
12 27
79 91
96 100
37 62
32 62
19 26
62 93
42 47
76 91
23 28
46 79
32 39
68 72
54 59
82 92
90 96
15 27
25 30
81 89
28 33
90 96
39 59
7 18
59 82
84 91
26 32
9 18
38 51
66 68
53 61
78 87
67 84
30 38
4 11
37 49
40 47
44 52
7 18
60 82
10 22
56 84
42 49
19 26
37 49
1 4
77 95
47 55
82 89
16 30
18 34
68 82
65 78
46 55
44 47
66 76
88 92
19 25
43 48
61 80
33 42
72 87
26 33
14 27
47 58
15 18
40 54
7 10
63 66
83 93
27 32
93 98
78 87
13 33
70 83
33 44
21 35
42 47
68 80
48 54
20 32
42 58
9 19
62 69
74 90
24 32
78 86
33 48
80 85
75 88
50 60
51 60
80 87
90 95
46 64
55 68
9 12
69 83
64 100
2 14
48 60
35 41
30 37
34 38
27 32
57 60
17 25
42 54
67 77
65 76
65 71
62 69
48 83
79 95
88 95
70 90
72 84
28 36
79 98
73 83
67 75
58 64
48 72
12 17
63 75
52 59
11 23
64 68
43 52
61 72
12 14
3 8
3 23
15 21
9 24
56 61
24 31
64 71
28 38
23 37
10 21
57 70
48 52
35 44
52 59
75 85
72 79
38 45
11 33
79 94
81 85
11 20
89 99
29 48
54 63
63 66
44 58
69 87
6 8
53 86
12 29
23 31
47 56
54 66
77 94
11 12
91 99
4 20
39 57
76 85
37 49
43 50
49 53
15 19
79 82
3 12
86 93
74 96
61 64
24 30
44 55
45 68
37 54
80 82
71 81
68 70
71 87
82 98
11 15
3 24
11 19
19 26
39 57
7 18
80 92
7 23
73 81
44 50
7 21
28 37
39 51
40 56
81 99
28 33
26 32
69 92
8 25
88 95
19 29
16 25
61 73
78 87
62 76
27 32
2 26
43 69
2 12
32 45
19 31
32 54
38 73
81 100
93 97
38 47
49 59
49 58
2 9
19 28
63 79
84 89
50 52
79 90
80 95
15 24
45 57
11 36
10 17
68 74
11 12
19 27
89 93
15 24
43 44
70 83
47 64
88 96
22 67
32 37
32 35
30 63
79 87
61 73
14 19
6 24
76 95
9 33
35 49
20 39
66 76
9 29
80 84
95 100
31 44
80 88
39 53
49 59
68 81
60 75
86 92
75 84
34 50
27 41
71 81
9 16
45 51
10 46
39 40
91 99
1 9
4 42
86 92
12 25
81 91
80 86
61 68
40 47
67 76
45 52
5 32
90 96
30 37
14 58
51 63
86 91
57 62
85 92
53 58
33 82
42 51
89 95
62 66
43 49
65 74
36 52
56 69
66 78
47 71
16 24
41 62
63 76
20 26
53 54
54 61
19 40
7 25
39 48
70 90
20 28
47 54
52 61
6 25
42 56
19 28
92 97
16 23
38 61
24 30
14 16
44 51
54 66
18 44
73 86
30 40
64 84
81 86
79 87
45 66
3 16
22 29
8 17
29 42
60 77
21 29
72 79
20 47
85 96
70 75
38 41
65 71
46 58
16 28
69 92
71 87
13 22
30 55
4 12
70 75
32 40
88 100
58 62
58 79
69 75
29 42
45 55
22 24
13 24
80 87
78 90
8 24
8 16
87 94
78 85
46 51
93 100
89 96
85 96
1 8
2 13
21 32
81 99
65 84
30 50
84 92
12 23
14 44
79 88
51 60
61 73
24 27
31 42
36 43
67 71
67 71
15 36
58 75
14 22
64 73
60 64
13 31
29 33
13 19
42 65
56 80
47 58
33 40
52 59
8 16
20 39
19 33
69 84
36 47
70 73
10 17
74 78
34 48
1 15
92 98
85 93
79 91
65 68
4 15
56 60
82 96
73 77
54 71
92 99
7 10
15 22
52 82
66 69
46 57
17 28
26 30
80 86
71 77
39 50
41 46
26 35
64 71
11 15
73 83
90 96
40 47
50 55
85 93
76 81
38 53
12 29
15 24
55 63
64 83
18 32
10 19
39 48
71 81
59 90
82 95
82 96
33 43
18 19
36 43
8 14
13 23
50 55
4 15
36 39
91 96
87 91
37 68
66 70
84 91
40 51
26 41
82 86
31 39
44 74
51 63
23 35
59 83
61 70
83 90
51 75
23 28
75 82
29 52
33 37
74 81
84 92
78 85
1 8
66 72
43 56
16 26
21 45
36 61
13 21
88 94
61 96
20 27
88 96
2 4
25 34
85 100
4 9
40 54
71 78
3 19
27 40
19 36
55 75
19 34
7 21
56 58
88 100
7 16
35 42
31 34
44 51
73 80
26 46
61 80
41 68
74 96
42 71
25 33
81 86
34 44
64 79
33 40
66 70
68 76
53 58
72 84
5 71
12 33
56 71
48 56
56 70
1 23
29 36
20 26
49 54
65 81
45 51
42 45
69 81
10 17
31 38
87 93
4 6
53 61
40 55
37 41
69 78
11 24
28 42
28 39
64 72
29 40
5 9
30 37
71 79
70 85
72 83
15 26
71 80
15 23
52 56
44 52
68 79
3 8
48 56
44 49
22 32
11 30
46 48
53 63
39 44
27 30
38 42
60 63
3 10
51 68
63 70
67 75
78 87
19 28
2 10
9 20
38 44
26 31
25 44
8 20
62 78
25 36
73 83
48 64
6 28
31 55
8 16
59 71
5 9
20 41
43 46
38 49
18 39
36 49
20 30
38 48
74 90
35 43
85 98
53 59
31 47
23 27
21 26
78 87
4 22
2 9
28 42
59 63
71 89
46 51
70 75
77 80
94 100
52 57
49 66
37 47
25 40
88 97
30 58
28 35
71 83
86 89
41 48
4 16
54 67
68 72
1 6
34 48
30 34
56 78
8 13
21 29
29 44
61 63
31 35
1 20
15 28
21 33
83 91
45 79
29 37
62 76
30 49
72 75
25 31
68 75
18 22
62 77
43 49
8 16
49 65
25 45
16 19
60 65
72 82
80 84
57 73
17 32
41 70
20 33
13 30
71 77
74 92
26 36
85 89
10 25
23 29
80 87
20 35
16 26
84 88
68 75
61 68
54 59
25 46
16 32
31 37
68 71
58 67
32 40
54 91
20 25
71 84
83 92
61 70
24 30
13 15
11 28
47 51
71 84
68 82
46 49
81 94
64 73
73 85
89 96
54 60
22 31
57 66
49 82
33 43
76 96
69 83
78 91
46 61
84 92
42 54
80 85
44 61
57 74
39 59
4 13
73 86
32 37
17 36
1 14
56 75
11 35
27 51
31 45
1 4
15 24
80 92
60 67
41 48
81 84
73 84
86 99
77 84
95 97
8 20
11 33
14 28
26 32
1 20
46 61
17 24
36 43
10 17
43 54
70 75
64 74
45 57
8 19
43 53
31 40
94 96
21 28
23 26
62 70
40 43
40 60
85 99
24 35
25 30
32 44
5 19
91 99
52 71
14 28
76 80
69 94
26 32
56 61
86 99
31 34
2 6
7 10
34 51
63 77
47 74
5 22
30 63
50 57
29 34
14 17
31 34
52 55
8 14
56 73
17 22
69 74
56 86
36 43
82 88
67 71
6 42
21 29
72 76
21 25
37 41
8 22
49 60
30 39
51 59
62 67
44 75
79 89
78 92
7 17
16 33
85 100
66 70
86 97
81 88
46 54
43 49
45 61
49 59
26 33
17 27
76 90
90 99
55 67
55 60
33 38
71 86
16 23
7 17
81 90
18 29
87 92
84 90
50 65
22 26
63 70
67 70
38 44
56 63
74 81
61 74
20 35
46 59
54 63
82 88
79 95
81 90
63 74
43 51
30 34
52 62
48 58
6 10
63 77
34 46
49 68
47 53
91 97
83 96
24 36
31 49
44 57
33 50
17 28
83 89
32 38
48 56
27 43
66 77
12 14
16 26
46 51
28 33
31 41
82 87
64 72
73 86
27 51
79 92
28 48
27 29
72 90
69 82
43 52
63 72
15 23
79 83
40 70
21 26
19 27
41 46
80 88
9 15
76 95
71 78
70 77
61 83
67 75
53 60
20 41
61 84
81 89
90 96
68 75
25 33
9 14
20 23
49 51
2 8
73 81
37 49
84 88
47 64
85 91
9 12
13 29
7 16
77 83
46 56
46 60
82 85
85 95
7 18
21 46
21 28
21 33
69 84
52 59
72 86
18 44
16 33
83 92
48 60
88 97
74 95
47 83
14 40
65 74
28 33
22 25
79 89
23 47
37 50
79 91
74 85
68 75
38 65
5 14
16 18
68 71
88 99
1 11
16 45
61 72
65 70
12 31
86 91
4 9
90 92
67 81
32 40
15 31
34 47
60 66
85 94
66 93
35 45
14 20
38 51
49 63
85 91
12 25
92 97
2 12
90 94
33 43
32 39
48 53
27 46
18 23
82 89
42 57
46 58
67 78
9 21
84 95
21 26
32 40
67 87
13 30
78 84
22 29
28 38
32 38
81 98
70 89
38 48
92 100
40 47
18 33
4 10
5 19
42 81
84 88
57 68
30 51
21 36
39 46
70 90
53 66
80 86
73 84
10 19
81 85
36 52
23 30
83 91
21 35
22 23
23 31
23 26
14 21
9 37
39 55
8 25
54 59
42 56
37 46
45 70
82 88
83 90
59 67
11 36
59 68
33 39
73 81
54 62
90 99
35 41
42 51
47 71
85 100
7 11
78 86
29 32
76 78
72 83
85 97
70 88
45 53
30 34
39 55
56 72
63 73
61 77
26 35
57 71
79 84
30 35
4 12
7 16
16 28
53 62
1 24
53 62
20 38
54 70
3 7
56 64
19 31
18 33
3 11
41 44
79 86
23 31
64 78
48 55
66 70
24 28
36 42
4 17
93 98
57 80
65 85
53 57
16 27
90 97
58 67
21 31
71 78
82 95
15 25
80 88
56 60
28 42
58 68
70 77
39 53
67 78
53 59
53 61
9 16
25 36
88 93
33 48
23 40
34 41
10 14
79 93
40 65
71 75
84 88
63 74
56 64
78 85
1 33
3 13
88 90
3 5
77 81
11 20
83 97
78 82
52 76
47 64
83 98
31 42
16 27
55 67
11 22
56 76
39 49
49 57
33 39
53 57
33 38
55 61
60 73
88 98
52 63
8 11
14 22
60 70
29 41
56 65
3 13
69 82
84 91
49 54
20 42
48 56
66 81
17 27
26 32
23 32
15 19
15 19
11 15
28 30
73 87
8 14
72 87
10 13
79 85
31 42
21 43
44 59
56 60
63 72
65 81
76 90
73 76
80 92
31 46
35 46
88 96
72 80
8 14
30 44
64 78
82 89
72 82
43 48
85 99
58 67
25 42
55 64
95 98
21 33
51 58
21 50
19 27
46 52
35 53
42 57
83 91
55 69
81 92
53 66
91 95
24 32
62 74
9 27
5 9
53 66
68 80
30 34
41 51
32 38
13 18
82 88
51 56
59 70
32 46
61 65
8 18
21 27
58 66
76 80
52 59
17 21
41 46
63 71
78 86
29 33
80 85
28 37
16 24
21 47
55 63
32 41
18 26
84 91
19 24
56 61
53 54
82 95
5 17
47 51
14 18
25 31
54 62
58 63
57 65
17 36
11 24
75 83
64 81
1 23
89 96
66 72
82 88
19 29
49 53
5 15
18 25
44 51
81 91
43 54
11 14
81 88
81 87
28 36
2 9
17 22
80 99
77 88
83 95
64 67
95 99
23 30
78 85
22 30
50 56
37 40
7 15
13 19
7 15
25 36
64 89
50 81
64 68
38 44
93 95
35 45
62 65
3 27
2 7
27 32
41 49
74 85
83 99
91 98
49 53
20 24
17 36
62 73
46 53
76 89
39 46
31 33
14 19
6 11
72 84
74 84
34 36
54 62
5 31
43 48
38 44
32 38
19 22
30 34
54 75
69 79
78 83
87 96
47 57
47 53
78 87
47 64
15 31
5 7
20 30
36 44
49 60
10 42
73 86
83 93
26 29
88 98
69 88
62 71
45 51
25 35
80 95
45 57
9 25
61 78
93 97
54 65
13 18
31 36
46 59
23 36
77 96
69 86
40 48
52 67
15 19
50 53
32 40
29 32
27 44
86 88
29 51
5 13
74 91
25 47
11 14
18 26
62 78
62 76
53 60
25 32
19 30
47 49
3 19
27 37
54 86
60 73
79 90
2 10
47 51
4 13
40 52
76 88
38 57
87 92
62 74
28 31
59 84
7 44
90 94
18 29
60 74
64 67
3 6
38 56
40 54
22 36
58 87
43 61
56 64
19 30
31 49
15 21
67 73
31 37
42 51
26 36
23 34
32 47
31 44
55 56
43 49
80 87
92 94
31 35
22 29
44 58
65 85
46 54
54 84
2 4
72 77
56 63
64 73
39 56
20 27
54 63
4 6
38 41
92 94
22 51
75 80
73 80
27 54
42 55
18 22
33 42
49 64
13 22
79 91
52 62
55 65
79 84
86 93
35 40
44 50
41 47
59 63
61 76
54 62
70 72
49 52
20 30
83 91
62 64
55 63
24 39
15 21
39 46
32 50
66 77
48 79
26 30
55 64
9 43
46 51
39 44
81 98
32 43
26 29
34 49
92 96
61 67
35 42
32 36
79 91
30 34
56 61
58 63
81 85
73 82
38 63
43 73
54 81
47 63
90 98
16 31
95 99
10 26
5 16
12 21
69 83
54 57
72 75
12 19
21 26
58 69
62 66
84 88
34 49
59 65
15 31
56 58
68 82
1 8
7 14
14 23
16 22
17 24
7 9
80 94
5 14
77 99
8 15
96 100
49 56
26 40
20 31
13 16
31 38
48 57
29 37
65 91
35 55
42 49
84 94
65 80
8 18
69 77
38 42
29 42
64 71
85 97
59 76
9 26
27 35
8 14
51 67
65 75
17 35
33 40
34 37
43 51
23 35
77 84
44 47
56 64
34 47
64 80
36 56
12 25
41 46
49 58
56 64
76 89
80 89
43 48
13 21
1 10
23 44
47 50
65 74
22 51
6 14
18 21
31 38
87 93
9 22
25 33
52 68
5 11
31 46
41 49
7 19
41 53
91 97
71 77
48 54
39 51
9 37
26 37
25 30
85 94
31 35
25 36
66 74
52 64
64 82
88 95
68 73
42 50
93 98
64 78
31 40
26 33
55 60
17 34
67 78
67 72
60 62
77 78
4 30
52 63
81 98
83 94
23 42
57 87
2 23
72 86
59 61
5 16
37 49
44 50
69 80
30 36
73 98
73 77
8 19
7 14
92 98
38 45
15 27
57 73
9 15
88 93
21 27
73 80
13 29
3 21
5 17
43 55
42 53
33 56
50 65
36 46
48 65
73 85
50 56
8 19
53 61
19 25
92 98
93 97
39 44
28 45
95 99
19 25
66 76
93 99
50 59
17 27
53 63
9 32
21 38
45 52
89 96
62 70
13 34
21 29
80 88
15 27
18 24
1 11
65 77
41 54
84 88
78 85
77 84
50 61
40 45
75 82
72 80
57 62
80 95
52 55
91 98
53 73
21 35
69 74
85 99
63 69
56 68
61 77
24 43
58 66
81 86
69 75
3 9
38 45
13 20
6 25
53 60
43 46
10 28
94 98
42 45
57 69
78 88
12 18
37 60
77 79
60 78
37 40
43 65
63 70
41 48
75 81
74 94
81 87
33 38
24 32
30 48
59 63
9 25
65 69
59 71
87 89
86 91
24 32
85 95
49 56
72 82
72 76
76 87
5 19
76 99
17 27
2 9
15 32
41 56
62 75
78 89
5 14
2 16
63 68
87 89
92 100
57 60
69 87
69 76
39 61
78 99
62 69
23 34
13 15
18 21
25 36
17 42
17 39
11 17
1 49
66 82
20 39
39 43
46 69
45 54
53 63
52 57
11 36
56 86
61 65
35 41
29 58
38 46
40 46
35 45
24 32
23 28
2 6
63 78
21 31
62 70
77 83
10 43
19 35
17 21
37 52
53 57
48 55
47 58
14 18
22 25
5 23
39 48
79 98
89 95
49 57
14 18
76 84
8 49
86 96
47 54
81 99
52 62
2 9
50 64
49 58
66 68
43 58
73 89
32 35
25 30
47 65
52 57
31 39
69 72
78 89
12 15
74 82
26 36
80 85
29 49
35 43
28 46
69 77
42 63
48 65
72 86
23 35
33 49
28 45
48 54
26 36
55 61
56 70
22 27
71 77
8 12
19 34
1 18
5 16
14 18
55 74
61 72
7 9
86 94
37 49
61 82
36 45
79 92
47 60
3 25
29 35
52 60
79 89
1 7
25 28
18 32
46 50
39 56
16 19
40 48
62 63
31 59
73 81
53 60
50 60
83 90
88 95
49 60
52 59
34 44
4 10
44 61
67 83
87 98
76 83
80 85
61 70
46 54
27 38
17 28
38 48
50 55
21 33
9 17
10 31
64 73
40 47
51 60
33 42
5 18
54 64
79 87
17 25
15 19
86 96
66 96
5 15
64 78
73 88
30 38
47 69
82 90
84 95
68 70
60 64
47 54
71 78
59 64
27 36
53 64
53 63
75 81
52 65
21 28
5 22
69 97
31 46
35 41
43 49
5 12
40 45
14 26
60 67
63 77
5 52
65 77
77 82
9 20
50 61
72 84
7 16
86 98
60 73
32 39
22 42
20 23
81 86
29 37
57 65
7 33
39 45
21 38
65 87
14 31
68 80
29 37
32 48
64 79
21 25
79 90
75 85
78 94
19 26
32 42
7 16
47 56
36 45
82 86
39 42
92 99
85 91
46 54
19 20
62 67
89 98
72 81
29 37
84 93
74 80
71 76
74 81
78 94
73 82
73 83
15 19
59 78
1 22
53 67
52 64
66 73
9 25
10 15
70 80
76 91
55 61
31 43
85 94
81 87
9 14
11 15
23 35
47 63
32 51
59 69
32 37
16 25
17 25
17 26
43 51
39 46
25 32
3 15
43 53
39 44
43 55
88 97
68 73
39 52
29 53
70 83
24 32
93 96
56 71
22 31
88 99
13 36
28 39
64 79
78 86
59 65
67 77
9 24
72 77
23 25
34 57
60 72
47 49
9 16
43 51
59 69
93 97
3 25
10 19
93 97
13 34
4 13
58 69
52 69
49 71
65 69
14 26
1 5
50 54
88 98
29 37
81 92
73 74
35 45
22 25
61 72
43 53
23 37
5 12
53 56
54 70
31 45
22 25
41 46
12 21
17 34
4 11
28 45
78 87
59 84
41 82
11 19
73 86
43 52
4 12
62 71
43 54
22 32
69 87
33 43
51 65
88 93
72 80
26 54
55 72
69 84
9 15
41 49
57 80
39 45
8 17
41 45
1 5
29 45
7 12
70 81
34 51
82 92
83 91
71 76
71 75
52 72
41 48
46 61
78 80
46 58
23 32
38 53
50 54
72 78
3 13
48 51
91 97
75 82
39 46
39 55
47 56
92 96
23 28
57 71
57 66
74 93
30 38
20 43
24 33
56 62
76 86
17 26
62 66
69 84
24 27
23 42
92 98
1 9
52 60
65 74
1 3
43 47
29 41
49 70
56 70
18 30
37 49
55 62
38 64
6 15
41 48
8 20
48 53
88 91
35 40
70 88
74 89
88 94
13 28
62 81
22 51
24 35
71 75
47 61
79 82
30 33
42 66
16 62
35 40
65 79
8 13
83 98
20 30
78 90
2 7
68 73
77 87
47 52
17 29
88 94
55 63
62 78
64 75
72 75
32 48
85 93
64 67
83 86
75 92
12 30
34 44
12 27
30 58
11 14
67 84
74 82
16 24
37 45
55 57
33 56
35 44
2 9
1 22
44 58
77 84
62 68
21 41
41 49
1 13
89 100
77 90
19 34
74 86
61 68
38 50
13 27
16 21
69 90
14 38
25 36
94 97
57 78
23 25
65 87
20 29
89 100
13 27
69 90
30 36
61 75
56 61
54 69
30 50
43 47
13 20
20 38
36 48
59 70
80 87
55 69
84 87
78 83
46 56
43 54
74 88
64 77
52 67
78 84
34 37
78 90
5 37
74 82
24 36
22 43
50 52
42 48
38 42
65 95
39 53
63 74
58 71
8 33
64 71
29 45
57 61
7 9
84 93
71 90
35 56
88 99
29 35
32 42
21 32
15 31
28 41
2 5
76 83
80 91
61 89
13 21
43 55
55 61
25 40
56 69
69 81
60 73
17 27
20 41
12 16
84 94
50 66
40 54
19 26
30 44
53 78
70 91
39 58
67 75
6 10
60 63
45 58
54 75
45 50
22 37
87 91
23 36
1 5
42 49
51 77
15 28
65 78
55 86
49 56
47 57
17 29
20 24
10 24
61 65
9 18
47 56
79 92
50 60
53 65
44 57
6 14
21 34
73 78
22 30
75 85
23 28
49 62
66 75
86 92
16 39
57 65
36 52
68 78
19 32
3 28
8 18
53 60
87 96
63 87
73 86
62 71
8 36
57 67
39 56
57 73
72 75
52 63
8 15
38 43
65 77
46 52
76 81
50 52
67 71
15 28
44 48
3 9
68 86
51 56
90 93
3 15
9 20
14 17
57 65
95 98
21 27
14 21
46 71
67 73
55 60
17 22
63 79
11 19
73 78
24 45
4 32
52 58
65 78
71 85
90 94
32 44
7 14
4 6
43 63
40 46
10 40
67 85
50 64
87 99
61 63
46 56
1 14
74 79
38 55
62 85
16 29
63 76
36 57
13 15
60 76
80 88
10 15
73 88
42 48
59 66
79 89
13 15
64 72
27 46
30 50
5 16
18 24
71 93
19 23
29 47
38 48
22 27
33 45
26 28
62 65
33 44
76 91
65 70
19 37
23 27
74 95
12 45
80 90
69 95
71 87
18 25
24 36
43 49
47 58
99 100
83 98
12 27
84 92
12 33
21 36
46 54
34 42
67 74
43 55
52 67
66 75
63 84
33 41
17 26
74 86
81 88
59 67
76 84
3 29
42 60
39 47
3 9
89 98
83 90
66 70
63 68
54 75
9 23
24 26
55 59
12 23
48 65
12 33
3 15
66 71
39 57
41 69
88 97
14 21
81 95
94 100
26 30
58 69
65 70
17 20
49 74
9 17
29 34
74 82
40 51
18 32
43 50
29 34
84 94
60 64
39 63
42 47
30 37
17 38
6 26
61 69
82 88
77 88
61 65
77 88
60 66
36 92
86 96
13 29
58 78
60 69
6 13
74 95
5 13
24 29
32 37
60 65
34 35
14 22
44 61
33 37
6 20
33 41
11 17
70 80
18 37
82 96
59 90
24 31
62 72
39 44
35 71
65 85
69 77
85 95
16 36
57 68
44 54
13 26
80 84
17 26
87 89
1 13
35 47
