100 20 20 16
00000000000000000000
00000000000011110000
00011110010000000000
00000001100101100000
00000110000000011111
00001000001111000000
00000110000000000100
00010001111000000000
11001110000000000000
00000000000011111100
00011000010000001000
00000001000000000000
00000000001111110000
11100011000000001000
00000000110000000000
00000000000000000011
11000000001100000000
00100111100000011000
00000000000000000000
0100001000101000100
0100001000101000100
0000001000010001000
0000001010010000010
0000001000000010010
0100101000000001000
0100001001000001000
0100001001000000100
0101001000100100100
0000001000000101100
0000001010010001010
0010101001010000010
0010100101010000000
0010000100010001000
0010000100010000100
0000000100010010000
0000100000010010000
0100100000010010000
0000100000010010000
0000100000010010000
4997
9 24
63 74
53 66
25 28
48 56
76 86
38 45
75 79
72 81
47 61
41 58
81 91
73 86
43 61
56 76
17 38
68 76
75 87
91 98
51 56
7 18
66 70
14 29
6 28
86 93
81 90
58 64
15 31
60 82
42 55
47 51
74 88
84 90
82 88
67 89
32 49
63 76
16 26
19 31
68 81
85 92
67 94
62 71
73 89
71 76
90 100
2 12
66 73
36 57
60 67
33 37
36 71
89 92
34 46
10 20
29 35
38 46
68 81
47 50
79 85
41 49
93 97
18 36
47 52
71 82
3 12
29 38
75 89
45 53
54 66
40 46
35 49
90 97
91 97
51 61
37 61
3 16
35 38
11 27
35 48
4 11
78 100
18 28
84 93
2 9
57 59
35 43
22 41
11 52
6 12
46 75
25 34
17 32
74 95
1 7
59 66
58 72
62 66
30 53
91 98
35 42
9 14
25 42
33 38
17 24
47 57
2 19
26 33
62 67
20 33
65 72
42 49
45 52
92 99
42 56
30 32
69 81
40 75
82 92
44 62
73 81
2 28
1 12
47 57
1 16
68 95
36 44
46 53
2 28
46 63
58 82
9 21
41 65
45 63
71 77
29 49
48 58
48 63
87 93
16 26
74 95
41 70
37 44
7 12
49 55
71 86
81 85
48 54
1 7
64 68
73 84
35 42
17 23
23 38
31 36
65 79
50 62
64 73
5 11
81 86
25 40
31 42
18 43
72 84
92 97
4 11
12 28
48 51
40 50
55 67
62 67
5 18
7 10
62 88
24 37
63 69
47 54
42 45
80 99
6 17
25 29
22 25
84 92
94 99
32 46
37 39
18 21
16 24
73 94
29 66
72 77
31 36
72 84
76 95
6 13
58 68
91 99
72 76
96 99
3 12
6 41
15 25
54 66
5 11
28 36
22 39
25 74
75 86
88 94
45 65
75 84
16 30
86 94
76 80
10 23
20 38
33 43
23 26
40 45
76 85
93 98
81 89
94 98
71 74
39 44
2 15
49 59
30 41
9 14
36 50
38 42
70 79
23 33
21 31
52 67
27 55
61 92
65 69
20 30
73 78
30 39
51 64
8 17
82 91
24 58
24 36
87 95
83 93
19 26
13 20
29 36
1 20
45 72
29 49
32 41
69 86
50 60
31 61
60 67
49 59
43 72
38 47
53 56
32 36
60 64
41 43
63 79
3 12
42 70
12 23
70 78
63 81
38 42
54 72
87 90
5 13
56 60
41 53
59 67
33 41
69 72
39 50
29 31
20 27
23 31
28 34
15 22
36 44
18 26
69 78
44 50
26 31
52 57
29 36
29 37
53 64
71 92
39 55
31 36
63 67
42 45
32 41
73 76
65 70
35 40
86 93
43 56
34 41
18 32
77 82
18 39
14 26
51 58
73 85
6 15
70 80
6 8
16 33
62 75
68 78
1 10
63 72
49 65
19 24
89 96
62 70
85 99
86 98
54 76
31 37
30 34
1 10
30 37
17 27
86 94
4 15
35 40
42 53
7 17
38 50
54 61
75 91
31 39
18 30
69 77
49 61
23 35
33 82
78 88
79 88
19 32
68 88
41 51
25 27
66 72
38 48
10 24
90 92
42 67
4 7
78 82
11 16
41 51
12 21
63 81
86 98
81 87
17 26
27 37
68 73
57 67
86 95
20 30
8 13
52 71
77 89
67 74
2 12
75 89
4 35
2 8
34 41
24 40
78 88
75 79
65 78
47 55
64 73
22 28
23 30
61 71
69 75
92 96
34 38
10 22
20 27
7 13
5 13
69 80
54 59
31 39
61 71
46 57
73 83
31 43
13 29
71 87
26 45
45 56
39 43
41 54
50 60
17 30
5 7
56 62
8 16
80 85
3 10
73 83
43 50
77 82
28 41
47 54
75 82
45 52
66 70
39 61
81 86
32 36
51 65
5 13
69 75
10 17
32 43
7 11
69 78
68 87
27 40
82 88
65 70
72 80
6 13
25 31
71 93
45 54
75 79
73 89
87 100
6 11
16 32
23 43
31 40
36 38
33 79
15 23
85 94
75 84
19 32
50 59
22 30
73 91
11 17
58 86
78 85
14 31
6 12
66 69
20 41
54 63
45 51
7 20
75 80
42 52
71 85
5 14
6 14
73 81
12 28
78 84
10 19
1 8
35 43
54 59
49 61
22 27
54 74
69 79
3 19
25 32
61 66
3 13
55 73
16 23
25 38
69 89
42 48
16 21
1 9
48 58
18 27
2 27
57 76
41 50
37 39
11 15
4 16
30 41
26 43
45 52
20 27
3 6
75 83
81 83
60 66
42 45
57 78
9 16
65 81
38 54
14 36
37 42
85 97
75 80
72 76
43 51
29 57
22 30
63 74
90 95
67 81
57 63
77 81
54 62
16 25
62 72
13 26
52 67
73 83
48 53
68 73
48 55
39 57
9 13
20 31
75 80
63 69
5 13
72 96
47 51
20 36
25 32
30 42
73 85
65 71
76 89
55 63
29 42
60 68
71 79
85 87
11 20
47 90
64 97
34 41
60 74
87 93
89 94
72 82
74 91
45 79
31 35
72 77
71 78
8 13
58 66
91 97
67 80
81 85
46 54
2 16
63 73
54 57
45 48
52 75
56 67
31 57
79 84
19 29
49 57
68 83
10 20
36 40
33 41
43 66
47 58
62 70
17 23
18 34
46 53
16 29
61 67
14 19
50 63
58 63
41 48
43 50
28 40
15 31
9 17
71 76
73 89
45 69
43 51
64 76
70 86
85 98
26 38
21 30
49 56
76 94
50 75
58 60
9 16
11 12
61 71
50 56
59 65
65 69
69 84
82 86
64 73
89 96
42 65
61 64
27 44
12 30
35 89
82 86
89 95
94 99
83 88
54 82
7 27
47 52
71 80
66 73
15 30
20 34
61 66
34 40
72 86
11 20
67 84
53 58
74 79
87 91
48 57
14 37
42 55
68 88
73 78
43 48
26 40
81 87
41 48
11 22
9 13
78 99
20 29
81 85
11 34
31 54
16 25
49 85
76 86
73 96
4 9
37 40
50 54
35 46
82 93
83 88
42 48
30 37
36 77
62 64
21 54
29 34
35 42
8 19
14 27
39 71
51 64
14 19
70 73
67 85
75 89
12 28
46 58
57 66
69 72
60 67
75 86
77 83
29 45
77 79
19 25
75 99
18 30
91 95
33 41
35 46
1 6
23 38
12 15
1 12
35 44
83 91
2 4
28 40
10 16
35 50
10 18
66 73
52 56
50 82
31 35
62 73
4 11
60 79
64 69
35 43
63 70
42 60
32 68
56 69
62 79
9 40
12 25
84 90
31 42
18 23
9 15
10 17
59 73
55 78
87 100
56 76
15 19
90 98
82 100
67 78
16 40
61 65
73 86
32 53
49 56
6 31
61 71
93 100
38 42
38 41
84 100
40 45
88 99
55 62
2 10
92 97
8 14
12 24
42 55
61 69
26 41
3 15
35 37
39 47
61 83
79 92
27 31
47 88
52 55
23 30
84 92
43 48
75 92
12 27
13 26
73 78
55 64
60 93
48 55
9 19
66 87
86 97
85 93
41 49
8 20
34 41
87 95
33 43
57 64
68 84
56 63
66 88
17 28
47 61
6 21
48 56
35 41
25 33
47 55
94 97
49 73
13 37
52 62
24 40
33 38
7 15
89 93
38 45
17 30
62 67
67 82
86 90
73 84
13 18
20 25
67 78
28 46
50 56
42 53
89 94
45 71
68 80
7 14
16 29
32 38
35 43
8 23
70 79
7 20
48 96
26 30
35 41
6 12
33 64
31 44
2 16
91 99
55 74
73 78
32 37
38 52
7 18
1 9
31 53
77 90
58 70
31 36
37 47
55 66
28 38
18 38
61 66
43 45
14 20
11 24
41 56
61 73
58 80
78 90
33 41
54 94
76 83
46 86
50 55
32 43
31 45
49 59
16 22
71 74
37 59
19 21
12 34
78 90
12 21
90 93
72 81
65 67
68 86
85 92
16 23
40 56
90 97
12 26
10 27
15 21
79 85
5 16
77 83
6 42
5 14
34 56
56 69
35 43
9 12
72 75
84 95
12 20
42 53
6 12
49 55
15 35
78 84
79 91
56 62
27 40
33 61
25 38
48 56
64 75
28 51
8 12
56 61
32 41
77 93
60 89
55 65
61 64
15 25
82 93
65 75
53 62
90 99
66 69
32 48
31 43
53 57
63 74
30 37
67 79
32 46
45 63
52 72
76 79
6 12
66 78
32 38
44 60
57 65
33 46
13 63
42 48
9 30
47 60
55 67
29 45
63 69
49 60
39 52
14 22
72 93
85 97
47 55
63 73
78 84
64 68
92 100
29 35
11 17
11 15
71 99
34 40
11 17
52 64
38 49
49 57
1 17
43 48
4 8
76 82
62 69
27 60
87 97
7 9
4 15
11 15
60 77
42 47
50 60
41 50
79 84
11 15
62 69
54 63
22 39
33 54
56 59
11 32
5 13
23 32
24 34
67 91
1 14
14 21
43 60
50 53
39 49
17 62
55 63
55 64
14 20
78 88
50 56
6 18
36 47
51 72
83 88
75 80
14 22
27 37
39 46
78 87
2 18
30 48
23 71
6 24
43 56
58 65
25 37
70 73
70 80
14 19
25 34
56 62
63 91
29 38
4 18
34 53
27 33
51 55
13 23
39 74
78 80
82 91
60 68
37 43
18 33
53 62
26 36
9 17
30 35
78 90
46 52
79 84
83 93
90 95
56 60
53 61
85 89
39 44
89 99
30 37
1 14
28 38
44 59
5 13
41 54
73 80
15 18
10 32
66 71
48 65
17 22
90 93
32 46
10 35
28 34
91 97
65 73
54 68
64 76
39 47
9 17
62 66
45 57
25 42
67 97
88 99
87 99
54 82
20 24
10 19
1 47
28 39
26 47
89 94
55 60
83 92
48 58
85 93
55 62
47 59
82 87
30 38
16 27
84 93
31 54
58 72
3 16
34 54
55 68
62 71
74 78
9 11
70 74
69 70
69 87
32 39
63 67
17 100
42 99
2 12
1 4
3 16
50 77
70 82
65 70
52 63
35 44
64 78
9 21
57 67
14 18
13 26
74 90
8 18
21 31
30 39
10 38
12 20
81 83
2 8
13 33
94 98
76 89
77 86
58 60
16 28
73 79
60 63
41 43
54 62
39 44
23 32
66 71
46 54
30 34
65 78
37 46
12 32
21 28
54 61
80 83
37 46
58 63
18 27
68 76
79 86
68 95
13 35
10 17
50 62
4 17
86 94
89 96
53 70
23 26
40 49
69 70
13 15
26 33
10 25
38 40
16 22
62 72
17 43
6 11
3 8
5 11
70 74
16 23
2 13
23 33
4 9
48 50
31 39
36 42
66 77
41 53
58 75
71 87
36 45
11 23
67 86
76 85
14 21
67 73
19 26
67 81
54 57
9 20
82 88
45 48
88 99
73 90
36 53
40 54
8 12
58 67
45 51
28 43
44 51
8 22
58 66
75 97
93 99
56 76
9 19
70 79
15 28
61 68
78 85
73 85
78 89
75 81
51 74
87 94
15 23
34 41
23 47
82 95
33 39
27 38
23 57
26 35
13 22
37 50
5 13
91 95
32 43
36 41
90 97
27 30
41 56
83 88
28 39
79 89
10 12
1 12
83 85
41 44
62 67
82 87
8 19
1 15
37 78
46 58
44 51
5 21
47 51
75 91
52 65
3 9
36 64
75 84
86 96
63 69
39 45
5 25
32 50
67 78
88 98
83 92
28 34
61 74
50 91
36 38
77 79
27 31
5 12
29 35
8 17
22 29
70 75
6 47
44 63
39 49
67 92
51 59
29 37
18 34
67 82
4 14
84 89
55 62
13 33
43 86
76 94
79 83
9 26
72 80
89 95
9 21
53 66
3 16
16 27
76 80
76 83
42 51
29 32
60 73
69 72
59 63
1 8
33 45
76 81
47 59
57 62
39 44
91 96
5 13
49 58
31 52
72 81
22 31
69 75
21 28
81 95
15 21
70 73
30 34
78 79
53 65
61 67
27 34
43 51
29 35
22 43
58 71
80 88
38 54
17 27
84 92
83 87
90 98
2 25
86 94
25 32
46 50
20 38
56 76
1 4
29 39
54 64
61 78
61 80
2 11
1 27
70 85
61 66
59 76
92 98
92 94
49 56
35 61
37 59
46 54
19 28
82 92
38 44
50 66
17 19
39 50
80 94
19 58
87 95
64 68
48 49
28 35
76 92
68 72
58 70
43 47
43 50
59 83
82 87
7 17
20 25
83 88
55 58
29 46
13 17
20 25
87 95
85 91
39 44
65 79
31 37
85 91
77 85
53 59
18 44
85 88
34 39
90 100
28 39
41 62
69 80
27 33
2 8
2 8
38 51
72 79
57 73
25 31
5 20
36 40
77 87
46 52
66 74
28 34
9 16
48 60
35 47
27 33
10 15
25 29
48 75
89 95
34 53
19 26
71 89
17 25
31 44
65 80
9 20
72 81
68 77
55 75
24 26
1 4
18 23
83 86
39 46
70 81
3 13
56 66
35 53
42 49
5 20
5 8
42 55
87 90
17 26
80 93
78 87
49 57
82 100
1 11
20 33
85 90
75 81
61 68
35 39
36 39
55 59
39 50
65 71
24 35
73 85
3 13
45 63
34 41
9 13
85 90
98 100
28 40
43 46
22 31
53 63
85 90
42 49
78 90
70 75
28 33
82 89
20 29
26 30
40 64
5 18
22 52
39 57
85 96
26 51
15 18
86 93
65 72
84 85
18 25
61 65
62 70
15 30
81 85
24 31
72 77
81 100
20 27
74 87
53 59
2 9
6 42
44 51
43 48
37 42
90 100
88 98
28 33
63 68
11 18
65 82
36 45
62 69
59 65
63 70
40 53
1 13
65 71
94 96
48 57
31 47
30 36
63 72
79 86
74 90
46 66
28 46
10 16
67 74
41 49
42 53
76 84
21 29
32 42
27 36
19 21
19 40
21 28
84 95
40 44
14 24
2 9
2 37
3 13
50 56
82 87
79 83
4 9
24 30
68 77
11 28
75 85
20 31
75 86
12 20
28 33
60 63
32 36
42 56
52 60
48 54
71 77
22 26
65 72
83 92
52 59
81 90
29 38
71 81
37 47
66 69
54 63
36 63
7 27
70 83
12 18
53 62
45 47
59 61
46 54
39 47
68 75
85 91
31 39
79 81
63 69
47 85
73 95
63 67
78 91
37 59
93 95
16 22
40 43
14 44
32 54
88 94
10 21
21 26
26 41
29 43
41 43
1 19
4 7
81 96
60 66
40 44
27 45
46 66
84 95
20 24
74 86
40 58
21 26
57 73
26 40
71 75
5 14
64 67
78 84
27 38
32 57
76 83
45 51
71 74
28 38
92 98
9 20
10 19
66 75
32 39
73 92
12 18
52 57
52 63
57 63
51 57
9 14
42 57
67 74
73 83
51 66
70 78
3 58
67 72
1 10
64 76
33 35
60 66
12 25
82 91
9 26
20 22
16 20
47 66
25 34
71 75
84 97
52 65
48 62
72 81
68 75
53 60
6 10
58 66
24 45
58 68
71 85
50 55
87 100
43 52
1 17
50 60
29 40
63 70
74 94
55 65
3 32
5 20
64 70
4 15
32 44
34 37
84 95
60 68
94 100
31 35
90 94
86 95
57 60
32 47
47 72
89 96
41 44
4 24
34 36
58 66
28 35
11 17
75 83
21 27
32 43
53 57
61 82
65 79
11 21
3 24
58 67
78 82
91 94
15 31
41 71
39 45
21 29
66 74
14 21
5 7
60 70
72 83
68 78
83 92
59 62
41 44
44 54
67 78
13 26
47 56
54 61
72 85
31 37
76 90
22 56
84 91
29 40
44 47
22 26
59 78
1 11
6 12
54 59
65 79
85 91
24 32
89 93
82 94
24 28
70 78
34 38
90 96
56 62
61 72
89 100
15 44
27 38
75 83
1 10
17 23
65 79
25 49
88 93
72 88
35 39
92 95
49 57
38 44
58 60
84 88
18 26
79 89
8 16
37 56
79 83
3 10
79 96
86 94
41 61
56 67
1 22
56 69
59 76
74 87
38 51
55 72
32 35
9 24
4 9
1 6
41 45
69 92
52 58
11 15
51 98
90 95
86 99
10 16
85 97
59 65
54 63
60 73
51 63
66 73
84 88
16 22
80 87
32 36
35 45
79 87
63 69
88 92
46 59
45 82
11 42
3 19
46 52
73 93
22 30
95 98
53 69
4 10
95 100
23 28
18 46
40 46
93 97
13 20
71 85
33 38
12 26
76 96
20 35
91 95
77 88
48 53
69 82
75 81
2 6
44 65
65 73
20 37
63 73
21 46
58 61
60 66
42 60
53 61
17 33
28 34
14 40
32 39
82 90
9 21
78 90
21 31
46 52
78 81
64 71
65 72
59 68
59 83
18 23
27 53
68 76
89 94
39 50
74 83
32 37
3 26
18 32
47 63
22 23
29 39
25 37
2 7
73 78
53 57
30 69
71 78
61 75
4 7
16 32
39 49
74 92
67 78
47 51
10 17
51 63
8 18
47 54
66 72
66 74
76 80
94 100
5 44
48 60
77 87
84 89
86 96
89 96
59 73
18 29
20 25
88 98
23 31
82 95
7 37
59 62
80 94
54 71
72 79
63 67
15 32
5 20
1 5
45 48
67 93
14 33
71 87
53 58
89 94
83 91
64 70
88 100
72 95
55 62
10 23
1 14
49 86
74 78
26 56
61 85
57 67
29 43
2 15
95 96
73 78
67 75
41 51
41 69
23 33
70 78
75 87
20 28
82 95
85 98
69 91
77 81
46 72
82 94
15 29
77 93
7 17
24 30
56 65
79 84
83 93
53 82
4 15
41 68
15 18
82 85
5 13
28 52
55 67
42 53
97 99
21 39
40 45
67 76
39 40
43 69
12 18
16 22
32 38
88 93
27 35
79 85
33 46
27 35
55 59
49 66
86 92
4 12
63 69
28 38
46 65
32 47
37 50
52 69
49 57
6 12
1 19
43 57
15 29
14 17
82 86
76 88
5 16
8 19
82 90
90 98
41 55
78 96
37 61
33 63
44 46
20 33
46 70
8 22
42 47
71 84
85 92
5 10
6 25
70 71
11 24
45 50
65 84
13 30
13 27
10 35
43 81
84 91
29 37
9 12
21 37
70 92
41 54
26 35
51 59
7 20
25 33
42 50
14 44
40 57
54 79
53 72
53 54
24 29
16 23
39 43
64 72
46 56
64 67
93 97
77 91
10 32
68 73
58 64
87 89
34 47
45 93
50 69
45 54
11 16
17 21
91 97
14 22
52 99
85 95
47 54
31 48
75 85
68 79
60 96
68 85
65 76
41 49
7 58
63 71
93 95
50 62
16 26
45 53
31 50
52 70
83 92
53 62
34 64
51 59
70 81
75 80
90 97
45 54
11 17
75 94
73 78
35 43
27 44
84 96
44 51
32 39
68 79
16 28
74 89
5 13
54 62
80 85
80 98
8 14
50 53
19 23
3 7
5 14
76 84
3 5
24 29
5 15
4 16
65 73
24 43
80 88
29 34
63 70
50 63
9 14
53 56
30 38
14 23
38 46
60 68
40 50
80 94
42 46
16 28
34 61
58 62
32 36
21 35
21 34
81 87
19 27
71 83
27 35
75 80
82 90
86 96
22 29
55 58
56 67
74 78
86 90
37 41
53 65
14 46
93 98
77 98
70 81
9 14
79 94
24 39
72 83
82 91
54 67
64 71
28 38
16 22
43 87
53 67
75 87
19 33
49 64
87 95
55 61
25 37
38 49
26 32
5 19
88 93
26 38
38 43
11 17
39 60
68 76
59 65
6 14
66 76
39 47
55 79
5 10
57 67
36 43
11 16
7 15
35 44
62 71
30 37
30 40
24 30
9 18
52 83
38 51
78 96
25 33
54 62
46 61
62 85
62 70
25 29
35 42
41 50
52 62
15 37
9 19
36 43
36 42
29 36
74 77
23 37
17 29
12 24
27 36
83 91
23 31
13 19
26 32
13 25
48 60
53 61
61 71
4 9
50 58
33 64
20 25
49 52
84 92
43 47
48 68
8 15
45 51
31 48
86 99
86 98
75 78
58 69
47 55
65 76
74 80
34 72
92 99
44 65
87 94
44 52
43 52
73 77
64 88
46 51
17 50
13 25
80 97
82 93
71 83
81 86
30 62
34 39
64 70
3 33
29 33
80 85
47 51
33 64
10 16
44 48
1 4
20 27
10 31
24 30
66 68
6 22
3 13
67 73
31 48
31 36
4 11
42 45
24 35
43 45
9 13
59 61
41 43
44 50
85 94
85 95
29 39
26 35
30 34
69 78
35 57
35 46
32 37
10 12
25 39
87 97
6 19
29 37
62 77
90 99
71 88
73 81
56 60
61 67
9 39
15 24
70 77
11 17
30 35
30 33
6 23
69 79
85 100
64 77
25 42
10 32
23 32
64 82
29 33
19 35
92 97
4 11
80 89
82 90
20 27
40 45
42 56
46 60
28 49
58 61
1 25
30 54
41 65
43 58
21 27
59 72
40 59
21 28
71 89
74 79
75 80
48 55
54 58
73 76
1 8
5 9
16 25
28 35
70 87
50 56
23 28
33 72
16 21
19 27
61 67
74 88
4 45
9 12
82 99
38 61
54 90
65 78
82 86
18 25
80 95
42 62
48 52
41 54
57 61
34 47
11 28
37 50
62 65
57 82
60 62
48 54
8 11
64 75
31 51
39 53
12 17
16 23
6 11
79 87
57 62
77 83
12 18
20 27
19 23
32 35
21 34
86 99
35 64
68 73
26 53
74 80
87 89
54 60
48 59
26 30
48 54
49 60
18 27
18 26
60 75
54 66
14 17
82 98
42 53
52 63
87 99
65 72
5 23
6 19
22 64
42 60
14 40
7 28
78 91
49 56
81 86
72 84
49 58
37 41
45 59
90 96
52 62
37 42
71 75
64 68
5 11
1 5
7 12
44 52
75 84
7 30
84 88
85 89
54 62
41 50
12 17
11 22
89 96
26 39
68 75
39 50
9 15
74 89
42 48
35 41
42 51
61 75
8 16
54 56
25 37
4 8
17 27
70 75
83 94
81 89
66 71
88 93
33 43
29 70
55 74
67 95
29 34
34 38
7 14
49 59
66 74
42 48
63 81
24 32
72 77
59 78
70 86
65 77
75 94
51 60
74 78
51 76
32 37
21 39
81 90
11 40
79 82
78 92
79 89
51 63
4 21
5 15
37 44
4 9
50 62
89 98
8 13
52 62
66 72
55 57
51 68
44 51
66 79
10 32
40 58
78 87
50 68
65 83
70 82
86 92
87 94
63 66
50 54
77 83
93 99
61 82
87 90
87 100
46 68
71 73
50 59
64 70
28 41
28 35
43 62
24 43
60 69
65 90
29 36
26 35
24 29
81 85
48 65
83 88
13 22
49 58
40 56
61 73
27 38
35 42
18 28
79 93
39 51
3 5
15 23
74 84
31 45
68 84
40 47
21 26
14 18
17 20
45 65
70 81
33 44
76 82
46 51
30 34
23 24
78 85
16 26
53 63
51 80
54 57
60 69
21 29
39 45
27 33
14 21
93 97
79 95
84 97
32 65
17 23
58 66
73 88
74 85
55 65
38 50
48 64
32 42
16 32
79 81
31 37
17 24
83 99
36 50
71 79
9 24
62 82
54 72
19 29
9 16
66 72
87 99
4 11
86 92
52 76
25 35
89 96
18 29
15 35
15 23
83 98
40 46
6 15
53 58
47 94
33 38
76 87
69 91
54 82
28 33
5 39
51 91
53 60
60 66
49 61
55 89
3 7
23 42
89 95
66 71
57 64
23 32
38 56
45 58
15 37
14 57
57 68
33 47
52 74
47 54
81 86
69 70
9 20
36 58
14 21
47 50
63 76
66 79
85 99
30 35
61 78
78 84
75 82
30 36
66 73
71 76
6 20
23 36
18 25
14 27
78 93
8 20
38 49
57 75
2 7
30 34
17 28
91 97
64 83
25 41
46 53
33 52
71 92
30 34
44 56
38 51
73 86
25 27
49 55
33 37
69 82
14 42
94 99
38 57
80 92
12 19
8 29
28 34
64 72
11 32
58 68
69 75
18 29
57 59
18 26
79 91
47 68
3 22
69 74
41 57
52 62
71 90
61 72
22 53
6 19
48 78
32 38
25 35
51 62
36 51
48 60
76 94
83 84
69 77
28 50
81 85
30 48
5 12
48 63
36 40
47 53
7 16
80 84
27 51
1 4
56 66
51 69
17 32
36 42
7 29
77 82
15 23
83 94
24 33
4 11
36 43
45 49
50 68
61 77
26 30
43 52
47 52
32 34
22 40
53 62
33 40
77 82
60 90
55 74
46 54
77 86
79 88
58 65
7 19
77 90
39 48
26 35
50 65
10 23
60 65
83 88
33 43
60 69
12 21
41 68
63 67
76 81
68 74
47 85
35 40
76 84
6 12
69 73
78 85
23 43
58 63
55 62
28 34
3 11
34 50
44 62
72 80
11 20
21 26
34 41
19 41
50 55
6 11
45 47
31 36
91 93
12 24
79 88
20 29
17 24
35 53
52 57
26 33
23 41
36 44
9 27
70 77
49 52
51 78
10 30
60 74
53 59
76 81
52 63
21 29
44 51
42 51
49 85
40 58
40 50
95 100
62 66
64 72
10 29
6 13
85 97
5 16
15 36
2 34
2 14
30 44
29 46
44 59
64 83
82 94
31 36
60 71
69 76
58 64
34 40
21 40
38 55
81 93
92 99
18 32
15 18
26 44
22 36
8 17
93 99
55 68
23 30
54 65
19 37
80 97
88 95
17 24
58 64
80 81
29 48
15 22
71 78
25 32
55 66
48 58
14 23
76 80
11 24
38 42
76 91
13 24
38 48
3 12
51 60
10 20
53 56
14 23
22 30
26 53
86 98
70 90
15 16
6 26
81 94
24 31
38 54
28 37
15 27
46 53
72 84
92 100
72 79
76 91
66 74
9 17
15 30
4 12
43 54
7 29
50 54
74 81
7 31
4 16
10 27
37 53
4 14
7 23
45 57
90 96
34 46
31 40
35 59
47 65
20 24
50 69
21 36
43 61
34 43
79 89
66 80
80 98
67 72
24 32
66 73
80 85
74 83
39 48
83 91
23 35
21 24
6 12
39 46
37 51
18 22
8 12
91 94
42 59
34 65
25 32
42 52
48 57
19 33
45 59
5 12
44 68
47 66
24 27
55 67
2 7
42 49
92 96
89 97
12 20
60 72
43 48
28 37
19 23
46 51
28 46
91 99
62 69
21 34
54 67
54 74
27 34
25 45
37 45
79 92
26 32
67 69
81 88
74 79
55 80
53 69
7 12
17 35
45 51
78 85
62 69
95 96
75 91
11 21
16 24
28 40
61 70
29 33
34 39
46 61
25 30
34 41
58 77
27 37
2 9
65 75
55 73
8 54
83 95
7 17
71 75
1 13
73 85
46 62
55 62
61 80
4 10
9 27
87 93
53 66
19 22
40 75
58 73
69 80
40 43
65 93
39 55
68 77
42 52
51 84
64 70
67 74
76 88
31 40
18 27
32 43
69 96
80 95
49 53
46 53
76 90
39 56
30 46
58 62
10 16
37 44
66 75
24 32
55 60
70 95
88 94
79 84
74 88
40 46
5 11
46 65
76 81
36 45
67 84
16 26
14 19
39 51
29 37
48 51
46 52
32 46
35 38
31 72
29 36
27 32
13 22
64 71
19 26
24 36
82 94
3 5
80 86
35 45
46 55
47 81
67 78
62 69
61 72
25 38
20 28
17 24
62 76
13 41
18 22
84 93
55 64
46 55
1 10
79 84
65 70
76 88
48 57
31 36
59 70
61 63
6 21
23 34
44 55
42 48
38 49
39 44
75 85
62 70
50 65
5 30
45 67
47 53
84 88
86 98
46 56
58 77
76 96
15 21
74 87
12 46
12 14
44 54
4 8
31 63
64 70
64 67
85 98
83 97
78 95
24 32
38 43
48 56
92 97
7 11
47 62
77 81
25 46
17 24
3 18
31 44
3 16
6 24
77 91
19 30
34 41
46 59
85 95
53 86
46 52
49 56
48 53
39 45
73 76
75 82
59 68
20 52
58 68
40 49
80 90
58 80
47 54
15 27
9 15
37 39
46 60
2 7
41 66
22 36
66 75
91 93
21 31
12 21
68 80
65 74
62 78
58 61
57 72
15 23
57 73
14 17
42 49
55 69
4 5
76 86
62 69
46 56
26 33
47 71
32 49
63 70
43 46
67 98
32 38
29 66
28 43
12 18
29 34
76 81
68 82
1 10
51 67
34 44
47 55
34 57
75 81
13 21
65 75
64 78
3 18
92 98
32 45
60 66
47 55
51 72
76 89
55 67
60 64
66 72
4 17
7 19
29 30
80 89
13 15
84 96
30 44
19 24
80 92
44 54
87 93
13 38
15 24
12 17
23 26
49 51
61 70
18 23
15 29
45 70
15 20
78 94
39 43
55 76
54 67
22 29
14 22
5 16
38 46
67 81
75 82
49 67
45 49
16 22
16 29
24 38
62 73
89 91
21 26
95 99
17 34
48 63
17 20
80 90
33 43
79 87
15 37
7 28
56 63
71 84
85 91
32 55
33 36
53 61
53 55
13 40
58 64
84 91
83 90
8 21
84 95
73 92
29 37
74 78
78 91
67 81
65 86
39 66
29 36
52 54
72 75
7 14
80 93
69 77
85 89
88 92
16 27
76 79
5 19
26 38
33 41
21 25
70 94
68 84
40 48
24 46
3 8
33 43
80 92
3 11
33 46
24 42
71 76
37 51
26 33
43 53
8 17
1 10
41 57
62 71
31 42
10 26
25 36
77 84
26 33
70 85
2 12
48 64
72 87
58 75
91 93
45 51
69 81
53 61
19 27
37 51
17 21
40 46
31 47
43 51
51 56
82 91
61 82
51 78
3 20
3 21
7 22
25 40
38 47
72 99
93 96
36 48
72 80
78 85
26 30
44 52
36 52
27 32
78 100
10 15
18 24
15 20
52 67
59 66
82 90
8 19
41 82
56 62
25 68
63 69
48 76
77 84
74 83
24 69
45 74
77 93
33 40
61 64
16 34
89 99
11 20
37 63
66 85
47 63
56 62
76 80
39 67
6 15
21 27
41 53
32 51
31 36
36 41
84 99
69 77
27 48
39 51
7 13
55 68
73 79
1 14
10 13
74 90
67 71
21 23
86 94
52 64
52 55
65 79
18 48
41 52
59 64
61 70
77 91
48 53
50 58
11 33
29 47
50 58
60 71
18 62
21 32
49 74
82 90
47 54
87 96
19 26
52 66
44 68
32 34
70 80
30 34
16 23
74 99
32 48
86 100
66 78
59 98
13 23
58 72
81 90
5 11
78 84
61 76
15 21
59 67
72 77
37 40
76 82
7 12
64 77
83 95
51 60
1 9
4 14
2 25
11 47
78 81
74 85
48 77
52 68
29 37
23 27
9 36
8 19
34 52
20 34
6 10
50 67
95 100
26 33
18 40
54 72
64 73
89 95
77 85
5 18
94 100
67 75
69 80
79 86
56 79
29 33
11 22
79 87
42 49
45 50
96 99
11 18
77 85
70 78
29 31
44 51
49 58
2 14
1 13
61 70
78 82
93 96
54 64
70 81
15 22
29 68
37 47
60 68
10 20
85 91
45 76
47 53
12 17
58 66
79 91
44 59
67 75
1 6
41 52
56 60
63 68
43 46
80 90
55 62
17 28
80 90
8 26
33 42
58 72
44 50
63 72
58 61
55 64
50 66
9 13
38 41
53 58
44 49
41 56
43 91
51 77
34 42
33 36
42 56
75 83
13 22
44 59
24 44
30 46
61 67
33 49
16 23
22 24
61 76
4 22
15 20
44 58
68 72
84 87
60 70
90 97
29 40
27 35
72 88
60 80
29 33
43 51
28 38
64 74
58 70
67 77
20 41
20 38
30 35
88 94
72 80
33 41
3 11
23 78
59 61
7 17
48 52
59 64
60 67
24 28
87 91
54 56
91 95
32 66
24 38
40 47
20 32
43 48
11 28
32 43
33 40
70 81
63 69
43 52
38 46
51 64
22 53
32 64
40 46
62 68
75 83
13 17
6 12
60 67
86 96
61 78
15 24
76 90
30 42
91 96
92 98
94 96
56 66
84 96
19 23
25 30
38 56
26 56
81 94
11 23
72 84
74 75
5 10
36 48
31 75
11 20
29 33
16 22
36 41
59 65
22 42
1 10
49 58
18 27
30 41
78 91
46 56
28 35
4 11
31 48
20 40
37 54
84 91
80 85
19 24
57 66
26 36
21 31
79 88
81 89
35 49
35 48
43 59
16 21
31 39
92 99
75 82
29 38
75 88
48 53
51 66
42 50
60 67
64 81
45 57
78 88
90 100
12 29
66 79
19 24
49 55
34 40
27 46
12 23
52 59
35 47
25 57
5 8
35 43
10 18
69 81
86 89
91 96
6 33
22 32
16 36
60 67
39 50
49 52
20 29
18 25
43 61
67 73
73 80
28 43
12 25
42 54
19 26
9 21
9 16
56 64
36 51
73 92
77 88
15 35
39 41
8 19
8 20
15 22
49 52
3 7
79 93
41 47
81 89
38 46
9 15
34 41
42 51
64 69
37 47
18 21
19 23
16 26
70 90
7 24
38 60
73 89
82 90
21 28
31 37
5 14
2 4
14 24
58 70
79 98
64 70
69 74
72 81
3 9
59 75
82 88
59 67
58 64
48 62
56 60
59 67
32 50
5 20
24 39
24 37
27 39
57 68
29 36
33 49
55 65
78 92
43 56
47 60
38 46
70 93
84 90
6 10
9 13
39 47
5 9
50 70
79 88
43 47
86 92
73 84
92 95
68 74
23 43
50 74
29 36
56 59
9 29
22 29
51 60
67 71
22 32
22 27
47 55
12 20
34 48
15 18
32 44
52 67
86 94
38 51
27 35
19 30
10 16
12 22
9 24
43 53
54 83
3 18
6 11
63 66
37 43
60 71
10 13
72 91
54 67
6 19
47 51
41 48
61 74
17 26
81 96
87 91
1 17
60 67
51 63
11 14
18 25
13 27
33 56
64 72
75 82
12 24
15 40
5 14
65 79
67 83
25 29
2 8
39 44
5 9
66 80
52 56
42 51
44 55
45 50
22 34
72 81
89 93
55 69
29 39
63 67
53 58
36 59
58 76
60 66
35 42
41 44
68 98
63 71
39 52
80 91
95 98
17 28
20 29
65 72
95 100
79 89
5 13
69 82
3 16
53 60
80 85
21 27
60 70
33 37
95 100
82 87
56 66
44 58
4 9
37 43
71 86
89 98
29 44
45 59
50 57
53 63
23 36
69 77
92 97
84 94
27 34
38 47
5 13
55 71
37 46
31 36
82 87
22 39
55 70
24 32
3 13
66 81
16 23
61 73
38 51
20 26
18 34
91 97
62 68
10 25
69 79
4 15
68 79
8 12
82 99
12 22
72 83
23 30
34 53
55 56
28 44
8 17
93 98
2 7
15 26
66 76
9 15
4 6
11 25
91 98
23 42
74 81
53 67
72 75
89 93
12 22
36 53
17 33
57 94
28 46
54 59
43 59
81 84
20 23
80 87
12 18
14 30
30 50
11 16
6 14
12 20
34 38
18 32
58 67
77 89
72 77
64 70
56 60
42 78
64 81
60 70
88 91
77 86
58 64
32 43
20 26
67 73
64 77
71 81
13 16
13 29
65 78
10 22
48 57
70 76
52 56
66 71
19 41
10 16
45 51
11 15
35 41
72 80
16 23
6 21
4 13
59 73
4 15
7 16
68 77
86 93
26 34
81 88
41 51
30 37
49 55
72 79
15 32
47 56
11 39
65 88
64 69
30 42
71 78
11 27
35 40
17 40
49 60
48 52
9 22
64 70
67 77
45 49
3 8
29 35
2 6
21 27
95 98
51 83
31 40
39 61
46 50
20 27
68 82
6 12
42 45
58 96
84 88
34 58
48 56
1 14
29 43
6 24
89 95
80 85
83 90
31 39
80 86
82 90
14 19
39 54
58 78
31 42
4 9
25 36
21 23
74 90
60 70
29 49
54 60
34 75
25 34
5 17
24 35
79 82
2 8
43 88
57 67
7 25
64 76
2 6
16 22
19 26
25 29
11 21
13 36
34 45
43 54
7 20
35 37
47 53
1 24
27 50
31 37
15 17
60 73
5 13
3 12
57 73
39 42
20 41
79 84
29 54
47 56
19 30
7 15
95 100
44 52
29 36
72 82
25 28
12 27
69 81
59 75
84 93
9 19
93 97
54 71
73 76
31 35
27 30
31 36
74 92
26 33
32 44
22 31
57 60
72 82
31 44
3 17
39 45
57 69
54 60
56 71
8 11
51 57
85 95
56 59
81 92
87 99
54 59
81 97
1 79
59 74
4 6
69 76
52 62
7 22
1 6
16 19
15 21
50 80
34 40
24 40
59 75
30 39
50 52
76 86
19 23
10 31
18 29
3 10
43 56
50 55
85 95
18 20
78 82
32 41
41 46
68 73
20 26
78 89
51 64
50 53
31 40
14 45
20 27
51 61
57 65
48 61
32 40
86 94
91 99
4 21
70 74
16 38
50 56
82 90
36 46
60 74
27 52
48 71
69 83
20 33
24 31
28 30
40 55
77 94
67 76
35 41
38 54
71 83
66 69
69 91
51 53
69 76
71 76
77 84
42 75
10 21
90 100
16 22
26 37
41 46
29 58
56 91
3 19
80 96
67 71
49 59
36 41
27 34
77 85
61 73
38 41
32 43
29 34
58 62
7 19
51 58
13 32
36 42
9 16
31 43
5 19
22 53
63 94
23 25
36 40
27 48
38 59
29 32
77 80
40 74
33 49
8 26
13 21
5 11
90 98
66 73
53 56
71 76
47 72
64 77
27 35
26 41
75 76
70 78
53 59
67 80
41 51
7 12
37 45
8 21
71 93
37 49
7 11
47 54
41 46
34 52
88 98
35 53
92 97
23 44
81 96
74 80
23 32
89 97
31 40
61 71
35 49
38 42
24 32
79 82
48 64
78 87
19 43
45 50
46 68
57 65
57 68
37 53
76 88
62 68
80 86
7 11
72 82
52 63
24 64
1 13
3 8
51 63
68 76
63 81
47 60
11 19
28 41
89 96
54 67
10 20
44 51
86 92
29 47
2 8
78 89
13 18
45 53
67 80
1 11
34 38
41 48
53 61
55 79
49 53
84 90
50 58
65 68
50 83
37 46
36 43
93 99
16 49
27 32
70 78
39 56
80 91
84 91
51 63
24 38
43 48
37 52
10 20
80 96
12 15
83 98
92 100
33 42
7 15
66 81
11 37
50 55
77 86
18 42
53 56
48 57
47 53
18 28
56 65
86 94
9 19
44 51
12 34
54 71
45 59
57 65
32 39
75 84
46 52
31 45
62 67
35 52
17 22
30 41
44 51
2 11
34 36
8 17
43 57
55 65
55 65
60 70
58 63
12 28
34 46
63 84
11 22
45 51
85 95
51 61
11 17
23 38
85 99
9 16
56 67
59 75
9 17
76 92
35 43
92 97
48 58
42 53
68 77
10 44
39 46
41 56
16 22
69 73
54 63
72 81
71 81
73 82
26 37
19 41
76 88
76 96
71 80
43 62
38 52
10 15
49 55
56 73
53 90
69 85
43 49
76 80
86 95
24 32
11 22
63 89
63 71
23 34
43 47
28 42
80 82
60 69
37 64
9 19
57 65
26 39
11 26
2 9
55 57
45 49
59 70
81 88
73 85
86 90
67 82
1 12
85 92
23 30
11 21
26 42
75 92
89 93
58 67
12 35
49 58
61 67
79 89
74 79
53 61
16 23
71 78
54 61
36 41
7 24
21 29
79 90
81 95
71 73
94 100
76 83
50 72
1 24
81 96
37 44
50 66
76 91
81 84
14 27
60 64
23 30
57 58
52 60
50 61
88 96
41 63
77 89
74 80
34 49
52 62
30 39
27 40
83 93
66 77
7 11
9 17
13 20
69 73
79 84
32 38
14 28
80 85
8 17
74 88
58 64
7 23
82 86
75 80
39 44
1 24
17 27
23 28
65 69
85 92
82 93
55 61
84 100
41 48
79 88
30 45
31 57
45 62
7 30
81 92
34 83
26 31
2 9
68 79
32 51
70 73
33 40
11 13
46 53
50 51
14 25
76 79
49 64
71 95
51 67
29 59
64 73
72 95
69 89
33 40
55 59
68 69
33 39
89 98
10 27
24 52
5 17
7 19
24 41
82 93
21 25
45 51
74 94
59 65
2 10
64 67
80 90
32 44
66 68
33 40
46 51
46 59
61 68
61 73
68 79
66 76
29 41
71 73
54 62
72 94
9 50
67 77
97 100
60 75
56 86
73 88
78 84
9 15
54 64
16 21
44 51
3 12
72 86
23 45
81 84
16 27
57 62
6 20
82 99
86 92
27 38
12 19
57 63
27 38
23 27
89 95
59 99
15 33
86 95
45 46
5 9
25 31
67 78
85 88
23 29
91 98
2 15
62 82
33 39
71 75
5 19
92 97
75 86
33 52
78 95
89 92
6 10
48 51
41 46
15 26
32 36
3 9
41 43
93 98
9 29
88 96
57 62
26 32
93 100
56 70
10 32
75 77
11 22
61 92
84 100
3 15
43 49
64 71
52 60
28 49
5 11
92 99
73 88
11 16
30 73
54 65
3 14
79 86
16 25
80 84
1 17
34 43
35 42
65 75
78 85
12 21
7 12
10 21
3 17
20 26
66 76
82 85
68 82
71 74
51 58
29 38
43 65
49 56
12 15
80 88
54 88
33 43
68 71
70 74
5 14
16 20
86 99
74 88
53 61
43 50
7 14
51 59
8 23
25 36
42 59
81 91
50 63
19 31
1 7
37 44
51 64
17 40
59 65
48 60
20 24
9 28
71 82
88 93
23 31
64 70
7 18
10 16
9 18
27 35
73 86
3 13
26 36
10 18
9 26
12 26
15 49
89 100
14 21
60 63
22 32
85 93
48 54
20 26
85 92
7 25
17 47
28 40
59 72
78 91
2 32
5 15
47 56
65 76
19 21
55 64
20 34
10 26
4 19
72 78
25 36
75 89
86 97
30 40
7 13
79 92
85 100
50 58
63 66
38 55
71 79
3 7
46 57
48 61
49 56
11 39
21 45
12 20
57 71
79 83
15 28
66 70
32 38
53 75
44 52
58 67
47 56
68 72
10 19
57 66
67 77
68 84
31 36
72 78
31 50
79 93
42 49
54 61
78 93
18 29
75 91
43 50
43 55
80 89
18 31
30 49
29 58
27 33
56 90
53 65
67 80
58 65
21 28
49 60
53 64
67 72
29 34
21 36
17 23
5 9
42 54
80 92
81 86
23 35
57 61
20 28
16 20
89 91
11 24
35 42
26 30
2 17
83 94
79 83
56 61
36 62
64 88
16 29
15 22
44 58
94 97
49 67
73 84
47 61
23 31
19 30
24 30
75 87
77 87
15 21
31 35
16 39
65 68
69 74
88 98
79 92
14 33
19 32
26 38
70 80
3 21
9 13
73 81
52 59
73 91
60 65
78 84
50 53
14 15
85 93
79 85
86 97
81 88
28 36
81 88
66 77
43 58
37 49
46 63
4 12
13 19
73 95
2 10
31 53
15 35
55 59
69 76
89 94
62 65
92 100
81 98
79 83
78 86
68 82
22 34
2 6
46 55
34 51
67 70
66 68
36 60
57 69
44 70
14 29
38 61
67 82
5 9
19 35
1 12
2 7
21 33
84 92
8 12
19 36
76 94
65 69
22 41
6 14
10 31
72 81
87 100
42 59
51 62
39 46
50 58
71 76
63 74
73 77
39 49
7 14
4 9
31 41
38 64
10 29
55 67
49 53
65 68
29 39
39 70
22 26
18 23
25 31
9 12
50 57
72 73
41 47
55 71
10 18
86 90
66 71
68 76
93 96
20 25
5 30
59 61
29 36
30 46
62 99
37 67
91 98
35 40
46 65
32 43
84 87
80 87
93 98
47 65
54 64
56 62
75 94
44 65
77 81
36 49
55 73
44 66
76 84
39 43
40 57
86 98
2 15
81 85
1 9
67 74
88 97
4 24
50 58
58 62
12 21
25 33
14 42
16 31
18 25
32 36
72 80
38 42
27 37
27 40
56 66
11 24
62 86
32 42
6 28
78 88
89 100
82 89
72 79
2 11
11 38
42 48
52 59
47 68
28 43
71 76
30 39
23 31
66 75
24 35
20 36
71 81
67 72
90 98
87 94
14 31
68 80
25 37
27 52
65 73
28 38
23 26
13 17
41 49
22 26
79 84
26 43
84 95
10 20
27 35
19 42
77 84
46 70
77 82
49 56
20 23
11 26
32 49
65 82
4 10
67 71
81 85
25 32
27 41
41 49
16 18
37 95
