100 20 20 12
00000000000000000000
00000000000000000000
00000000000000000000
00000000000000000000
11111100000000000000
00000000010000000000
00000000000000000000
00000000000000011111
00000000001111100000
11110000000000000000
00000000110000000000
00000000000000001111
00000000000000000000
00000000000000000000
11110000000000000000
00000010000000000000
00000000000000000000
00000000000000000000
00000000000000000000
0000000000000010000
0000000000000010000
0000000000000010000
0000000000000010000
0000000000000000000
0000010000000000000
0000010001000000000
0000010001000000000
0000000001000010000
0000000001000000000
0000000001000000000
0000000000000000000
0000000000000000000
0000010000001000000
0000010000001000000
0000010000001000000
0000001000001000000
0000001000001000000
0000001000001000000
0000001000001000000
3693
15 28
32 61
12 26
62 67
93 98
59 70
24 36
34 38
74 83
27 75
69 93
7 16
33 39
12 24
47 55
2 5
17 21
78 86
12 19
38 41
45 59
68 86
4 9
28 36
1 6
31 39
8 21
34 43
76 86
60 79
54 60
25 28
21 26
85 92
1 13
41 45
84 87
29 35
42 46
22 32
1 15
43 74
21 33
72 78
53 60
75 79
8 22
4 14
19 25
38 57
87 98
72 83
74 80
20 30
82 95
59 63
49 57
36 43
58 68
57 90
74 82
21 29
9 21
52 60
12 27
65 75
81 86
41 56
32 47
47 60
71 87
70 76
67 76
58 66
35 42
1 4
58 66
64 71
58 86
32 43
46 55
52 61
68 83
92 98
31 34
25 41
18 27
61 69
4 28
67 75
7 19
19 50
51 71
35 59
79 88
54 58
63 79
17 42
13 18
63 71
61 68
91 98
56 61
72 75
67 86
33 46
3 9
63 66
79 89
46 53
27 31
39 85
6 12
68 74
23 39
14 29
78 90
20 36
12 28
50 57
32 42
2 20
47 62
78 82
4 6
33 37
2 14
17 23
61 82
65 68
55 79
15 21
10 11
16 19
88 98
87 94
51 66
74 87
58 95
24 37
51 60
61 77
64 81
2 15
69 82
30 41
1 11
91 98
84 89
57 73
93 98
64 67
13 35
34 43
53 62
53 65
63 77
75 84
39 59
47 59
29 42
8 17
86 93
22 32
75 78
74 83
76 94
18 37
84 92
34 49
60 74
22 42
63 77
14 27
86 98
73 78
87 90
3 9
80 92
5 18
34 39
26 51
1 25
34 39
80 96
24 43
79 83
3 4
31 37
20 35
89 94
69 86
58 72
7 13
82 95
39 53
2 16
58 63
20 39
72 79
85 94
16 29
81 92
73 83
90 100
14 22
37 51
86 95
88 93
8 28
67 73
78 94
13 23
88 94
19 28
13 18
70 75
31 37
45 73
35 46
16 23
3 42
17 22
47 59
77 82
39 62
89 92
9 28
4 12
43 54
59 70
68 72
24 42
74 81
26 29
65 93
26 31
79 90
32 41
50 61
67 73
71 82
67 88
63 71
19 33
13 20
19 36
88 93
43 70
17 26
56 72
39 44
46 55
24 35
56 65
12 16
91 96
54 58
26 33
17 25
78 97
13 26
13 25
69 79
76 86
16 30
95 100
79 93
32 43
5 18
54 75
24 32
3 25
52 57
91 96
25 39
78 87
94 100
59 77
51 58
68 77
31 40
40 60
37 55
30 45
25 42
63 76
8 13
65 74
95 99
62 73
58 64
3 14
31 34
88 99
21 24
13 20
1 26
43 55
56 76
48 70
12 18
74 83
59 67
56 65
73 76
38 41
69 100
8 28
81 90
61 70
38 48
18 30
19 26
54 60
80 90
43 53
35 46
16 22
45 54
71 86
71 75
89 98
70 79
72 78
88 91
29 43
1 8
43 54
23 31
70 73
52 53
55 72
85 91
42 66
24 28
49 57
64 74
30 47
43 46
81 92
4 14
26 32
1 18
77 84
52 61
80 85
60 74
15 21
41 53
94 99
68 79
61 68
75 83
57 77
57 73
40 44
31 48
37 40
50 63
35 49
40 42
8 15
4 12
81 87
79 86
68 74
33 41
9 16
45 50
21 32
2 4
72 85
17 22
32 52
87 95
30 82
25 31
25 32
63 81
48 57
88 92
28 30
73 80
4 7
8 16
88 93
4 22
66 71
75 83
58 66
1 23
92 97
67 77
65 70
42 57
69 78
20 27
31 35
5 31
88 100
49 58
28 42
16 26
60 70
76 87
22 31
45 52
27 60
48 69
56 66
29 38
84 92
54 67
52 58
5 9
78 95
79 82
3 12
11 24
9 16
53 63
76 82
10 32
25 36
31 47
52 65
8 27
7 15
17 28
15 20
73 78
74 85
83 94
34 54
77 88
17 28
45 50
60 69
83 94
37 38
66 69
49 64
56 82
34 49
27 47
66 87
10 22
66 72
50 54
46 53
11 17
42 51
58 69
2 11
18 33
51 57
8 13
12 16
90 97
58 64
63 73
39 49
93 98
57 61
59 71
45 55
34 56
69 76
91 96
86 96
24 30
67 77
47 75
87 94
56 65
2 9
48 54
7 12
6 18
10 15
40 43
47 50
57 63
20 29
5 14
9 18
84 92
7 14
54 61
49 56
45 54
7 12
2 15
13 28
68 76
7 17
10 43
34 52
5 14
84 94
41 50
66 73
78 91
70 85
55 65
25 32
52 84
38 47
31 38
19 26
49 53
38 43
21 26
18 27
42 46
84 100
47 59
25 34
30 41
79 83
12 21
77 88
69 88
60 70
18 28
62 73
26 31
42 50
2 17
33 41
87 95
35 55
73 79
15 19
16 28
72 81
87 95
1 14
74 91
66 70
34 37
29 49
51 76
28 36
68 77
18 23
17 25
27 35
45 53
31 38
10 23
73 89
80 87
17 33
42 43
36 67
36 39
70 75
1 8
44 60
18 23
88 96
56 59
34 39
41 50
69 88
32 40
48 63
81 93
36 42
47 59
52 72
31 37
28 33
58 93
68 76
36 41
17 25
75 82
7 19
20 25
52 57
71 79
59 62
68 77
43 59
33 37
58 65
48 58
4 11
6 9
58 87
76 80
3 21
91 94
39 49
6 19
4 23
5 13
61 73
24 25
29 35
31 53
47 51
24 29
36 39
24 54
29 49
2 11
9 11
37 45
71 77
63 73
83 87
87 94
44 49
83 88
4 30
9 11
60 74
25 40
13 22
41 71
26 30
14 21
59 65
8 17
25 30
13 31
3 9
55 65
80 92
18 33
67 77
72 82
67 94
84 88
35 42
46 60
41 45
80 88
78 84
74 88
50 67
64 69
85 91
4 13
14 20
82 95
90 99
15 28
65 80
91 100
1 11
50 56
38 52
16 46
74 90
23 33
9 19
25 31
85 96
44 50
31 40
79 100
86 97
6 11
26 29
43 58
38 63
21 49
48 55
13 29
13 30
55 57
25 27
41 53
89 93
31 39
58 66
28 40
77 83
25 29
23 35
84 95
6 19
17 27
59 67
83 96
27 39
15 29
48 71
47 56
39 44
10 17
65 75
81 98
75 93
13 77
18 30
84 100
47 66
45 53
8 17
33 43
34 58
12 20
68 72
51 60
26 40
41 53
48 56
18 47
66 70
53 81
28 47
72 80
32 46
4 7
67 76
81 84
64 73
45 65
15 21
63 74
19 39
48 56
34 42
83 91
57 100
13 31
89 91
62 81
7 16
67 71
42 49
58 68
16 27
78 84
50 61
83 86
73 82
10 17
38 43
48 70
6 16
6 14
50 57
34 41
23 63
53 67
14 19
13 25
77 96
66 71
65 75
51 66
41 66
93 99
87 93
39 47
16 24
25 53
25 34
29 44
34 48
86 98
2 6
75 79
40 52
39 49
77 86
67 72
44 53
37 44
4 6
53 86
58 69
68 71
24 40
76 87
58 67
12 17
24 33
72 86
41 48
27 32
9 15
85 93
67 79
74 78
29 46
62 92
61 84
65 79
17 25
55 65
10 17
24 44
2 7
56 60
20 34
21 25
94 100
16 31
87 97
40 51
23 32
76 85
73 77
46 61
21 33
4 32
24 46
30 38
49 54
38 43
83 90
80 86
16 31
45 49
82 89
85 98
79 81
49 53
29 32
54 67
25 43
32 47
43 51
46 65
73 75
68 73
9 13
67 85
63 73
63 66
8 49
16 27
59 63
28 51
68 73
58 64
60 66
91 93
25 32
31 37
22 23
59 73
15 18
43 47
48 51
16 24
70 89
26 34
42 53
80 94
86 95
15 25
23 30
41 64
76 81
30 53
41 59
1 8
61 74
9 29
74 81
34 44
59 68
71 80
46 50
30 35
76 80
82 100
59 61
78 90
29 36
38 49
79 87
21 25
57 61
71 79
10 12
47 52
68 75
3 7
57 73
42 53
26 38
83 91
18 29
4 9
16 39
8 28
2 11
9 21
72 76
54 61
87 92
69 72
76 85
74 82
72 84
38 51
66 73
41 44
72 79
64 68
37 41
52 71
58 63
8 13
53 76
3 29
70 73
17 22
20 24
29 39
65 100
77 87
6 9
60 76
21 29
9 14
57 70
12 28
58 63
55 65
52 63
39 48
54 59
89 95
43 54
52 69
36 40
69 78
13 18
33 39
49 61
53 63
46 70
41 50
17 32
23 38
18 26
20 37
15 27
74 81
47 67
37 59
36 45
70 85
43 53
60 66
62 63
5 8
79 88
35 42
30 37
51 57
14 23
57 62
69 75
65 77
51 71
53 64
48 60
32 62
68 71
26 30
27 36
50 58
77 84
91 98
17 31
51 58
38 64
43 53
67 75
87 94
80 86
26 44
46 65
53 60
60 73
91 95
31 53
87 100
51 69
64 74
65 78
43 57
81 86
60 64
63 68
36 46
75 91
15 24
10 22
72 74
32 53
2 30
29 35
67 80
16 20
36 48
35 43
1 3
45 51
15 27
49 53
42 48
1 6
88 91
27 30
26 39
43 63
28 56
16 26
15 26
20 28
33 41
92 96
20 38
80 99
34 43
28 50
64 69
73 89
40 51
52 87
70 74
22 27
51 58
21 26
84 91
89 99
74 76
20 34
81 91
60 72
52 65
83 90
17 37
75 82
38 56
58 61
35 56
14 18
27 30
46 59
77 85
56 65
65 74
72 75
33 46
79 87
29 46
65 68
2 19
72 79
2 11
52 60
65 70
32 48
44 63
6 17
65 71
67 76
63 70
5 17
11 24
28 38
69 81
7 15
41 53
14 28
56 69
53 77
63 73
77 87
78 87
64 85
13 20
76 88
45 63
75 79
45 50
51 60
63 73
67 86
5 16
85 99
1 29
42 46
70 78
48 66
44 60
37 47
70 77
54 66
30 39
5 14
55 72
42 50
44 53
87 93
63 67
63 86
56 61
45 72
63 89
58 64
55 69
35 62
13 22
62 70
85 90
48 75
37 49
19 32
75 85
60 68
57 65
47 53
51 60
91 98
29 33
76 90
53 63
29 48
14 17
78 81
91 95
71 78
27 31
3 9
76 86
68 74
82 88
60 72
20 28
76 92
73 84
14 28
52 57
26 28
34 37
52 73
43 47
95 98
30 35
34 43
34 40
26 38
42 47
82 100
62 76
11 19
70 73
41 46
1 7
6 18
23 30
35 48
33 43
94 98
65 70
69 75
15 22
56 60
15 23
37 43
39 44
56 64
78 86
29 50
44 54
42 49
81 98
68 80
68 83
36 41
18 21
52 56
55 61
5 10
60 64
80 90
69 70
73 80
65 69
78 84
20 35
41 45
34 51
65 70
87 92
22 26
57 64
54 72
4 9
74 81
4 20
42 46
61 82
63 86
94 97
66 75
74 82
54 58
13 19
4 11
42 47
51 57
63 71
59 62
49 58
17 32
65 79
48 56
22 32
2 11
16 26
78 86
48 69
17 27
67 84
2 6
49 62
81 96
67 71
54 67
59 68
68 72
2 20
35 41
61 93
13 22
62 72
10 30
94 100
38 48
18 27
62 67
60 68
14 25
59 67
18 19
59 68
42 46
92 100
86 95
45 56
75 94
21 27
43 62
77 89
75 85
29 46
83 93
72 90
36 44
39 46
26 50
27 31
70 81
67 83
37 49
44 55
14 26
26 34
11 17
46 57
27 32
63 81
41 46
22 34
27 35
23 30
84 87
75 87
35 44
53 76
22 38
50 61
86 94
62 87
79 83
28 51
47 63
47 62
78 90
20 40
68 77
64 78
48 61
17 45
31 35
11 27
27 32
24 33
35 64
25 32
16 29
34 49
7 11
79 89
84 87
33 38
8 29
54 64
25 44
21 37
25 30
14 19
65 97
72 77
27 30
8 28
9 22
79 84
84 95
42 45
37 51
15 20
18 51
39 47
20 36
12 34
37 66
36 53
58 61
12 19
50 58
49 56
15 29
12 21
18 45
61 66
48 76
52 59
44 51
15 19
45 59
52 79
58 76
62 75
13 32
69 75
30 48
19 32
9 21
45 53
49 55
21 25
72 86
26 32
18 35
51 68
68 99
21 41
41 48
52 81
53 56
56 65
30 36
92 93
17 28
21 45
5 18
45 64
86 93
62 72
29 34
49 62
16 20
21 29
40 41
4 42
68 81
28 38
5 20
62 65
56 62
78 83
43 48
35 73
70 74
59 75
65 80
32 45
44 48
82 89
15 28
90 96
54 65
56 64
6 9
76 85
25 31
71 94
36 46
5 27
59 69
23 61
87 90
32 46
69 77
23 27
66 69
26 30
36 42
27 35
60 70
50 53
88 100
44 60
24 39
10 24
4 13
3 16
29 47
26 39
39 46
54 60
89 98
68 71
19 23
84 86
73 78
1 24
30 40
10 19
21 32
37 39
4 16
86 96
18 32
76 85
20 28
4 28
85 89
52 58
25 32
38 59
45 48
56 61
60 74
32 47
4 17
90 97
18 24
68 92
36 52
68 72
55 66
40 61
56 66
65 79
5 15
6 24
14 19
15 26
68 70
21 39
75 83
58 70
4 14
52 56
49 61
44 68
65 81
43 53
61 78
23 31
70 89
1 10
65 72
97 100
59 89
69 75
93 95
5 13
3 8
46 57
22 27
66 84
82 91
40 45
80 92
5 10
36 55
23 36
52 92
43 58
31 39
34 38
63 77
55 63
51 58
65 73
83 90
40 61
63 91
45 53
89 98
34 41
80 86
63 70
85 90
69 88
6 43
18 27
51 70
83 95
85 98
77 93
42 51
42 45
33 49
84 87
33 62
29 46
41 63
78 93
29 46
25 42
69 88
22 29
84 92
77 86
23 28
31 38
68 74
84 95
70 80
38 43
50 65
53 63
80 84
31 36
51 67
75 87
67 75
57 62
74 80
33 44
32 38
14 24
7 17
91 96
53 64
82 85
35 41
8 12
31 36
12 17
54 66
8 33
88 93
50 63
64 76
17 52
84 90
77 97
21 31
82 88
14 21
52 60
74 90
27 29
61 66
19 34
71 76
64 66
40 49
78 83
24 40
9 23
60 86
77 85
35 52
29 49
3 7
48 61
47 52
20 27
33 48
57 61
67 80
75 89
44 57
21 32
1 9
84 98
23 34
17 22
88 99
11 15
97 100
47 51
25 30
9 12
78 96
49 60
81 86
78 93
82 93
29 41
36 52
40 44
33 42
74 85
67 97
4 16
52 65
31 34
17 32
53 78
90 100
8 36
90 96
70 77
76 78
59 72
3 8
36 50
20 25
62 67
42 49
55 63
10 16
26 31
51 62
57 74
54 78
21 32
68 75
2 19
60 82
48 60
45 53
12 21
11 25
49 63
75 89
49 74
31 39
38 47
2 14
14 25
82 94
43 66
51 62
51 65
63 80
83 91
37 56
26 39
16 24
33 47
55 59
64 83
28 32
86 93
34 44
86 91
29 42
56 90
45 75
11 23
54 73
11 18
16 23
43 54
17 26
65 71
36 51
84 90
48 73
34 51
50 53
9 31
17 25
35 38
56 59
86 93
29 38
91 94
64 73
1 21
44 68
76 86
33 50
19 33
60 74
86 100
44 49
26 39
18 28
65 71
85 96
47 53
40 45
58 61
74 81
70 76
49 71
33 51
52 62
84 87
35 45
55 65
39 40
43 55
12 16
29 34
53 59
82 85
14 29
93 98
49 65
45 59
53 59
35 41
34 41
19 24
73 81
34 43
28 44
47 51
79 91
2 21
6 9
64 67
48 63
33 38
80 91
5 17
11 25
34 40
43 53
33 56
79 86
32 60
4 18
45 57
65 87
2 10
36 50
23 31
59 82
49 57
75 81
51 53
56 59
48 53
64 69
70 85
89 92
56 78
89 99
48 50
59 62
29 36
16 28
53 79
62 71
86 92
82 89
56 62
64 73
47 53
32 43
34 59
21 27
65 71
45 54
37 41
13 35
15 28
81 87
53 59
70 82
66 87
84 99
72 92
58 61
60 68
49 58
19 32
16 29
56 65
24 35
34 43
9 15
20 30
7 12
4 9
74 80
27 39
31 43
42 57
1 6
94 100
50 58
83 98
82 96
77 93
88 98
35 43
59 64
51 54
45 50
55 57
20 22
82 97
28 51
70 86
63 70
85 89
21 25
50 51
40 54
88 97
16 26
43 52
5 14
48 52
61 72
73 87
1 11
82 100
8 15
21 82
87 100
49 60
63 66
59 73
39 40
73 75
70 77
11 45
56 71
48 58
46 53
60 73
76 91
58 64
6 24
34 40
78 81
29 37
6 19
3 12
6 13
3 8
75 81
79 85
19 24
34 42
62 75
72 93
3 13
82 95
72 80
15 25
19 21
37 40
7 18
11 12
1 15
23 32
73 81
25 33
45 54
49 54
60 71
22 37
54 66
11 27
63 72
43 64
88 97
19 30
70 75
67 72
24 35
66 81
59 66
29 39
60 74
45 58
75 84
39 56
87 99
83 91
47 59
28 50
50 63
26 38
51 71
22 28
68 75
79 82
5 17
76 81
32 40
9 20
84 87
53 75
21 30
21 53
41 49
66 75
88 94
23 45
8 23
36 58
46 54
39 43
38 48
46 55
49 55
37 51
21 44
30 44
35 50
25 40
36 51
35 42
66 71
40 47
76 92
1 5
56 60
1 6
16 21
54 59
54 65
37 50
48 54
94 99
7 13
28 33
72 86
8 54
51 58
81 97
26 31
13 22
67 79
11 22
78 81
78 93
79 88
10 20
26 31
43 53
53 90
26 60
7 11
9 14
17 25
58 62
29 34
25 38
25 29
2 28
28 70
1 8
37 39
66 87
48 76
61 95
48 49
31 37
38 47
22 25
3 15
9 16
67 94
63 67
40 45
41 50
70 74
80 85
41 50
11 32
81 91
85 97
34 44
39 49
39 47
66 84
75 80
86 92
47 60
69 77
75 80
84 97
28 48
74 89
53 64
59 67
52 59
21 26
75 82
77 85
71 91
16 31
68 71
3 11
54 68
45 78
44 58
31 41
16 29
27 35
11 20
47 57
82 91
57 95
38 42
20 37
29 35
76 82
71 76
66 70
72 76
4 13
15 24
34 41
93 96
38 42
43 54
57 67
65 72
32 55
74 85
31 46
3 10
52 55
26 37
75 86
90 95
63 77
90 95
57 65
11 46
79 83
81 89
6 39
80 85
15 20
6 13
83 93
67 73
65 76
81 84
23 31
38 58
4 17
71 79
57 63
74 83
9 34
84 86
30 51
33 69
69 77
66 72
40 52
6 14
43 47
8 16
17 30
36 45
5 36
73 96
59 92
28 31
61 70
62 78
62 87
38 47
62 70
25 35
20 26
8 12
44 51
42 55
41 55
91 100
2 7
50 53
59 68
80 84
44 58
15 20
25 33
11 21
23 27
52 65
27 38
70 81
7 16
7 17
50 59
66 79
58 60
19 34
19 31
37 40
20 25
21 36
88 96
47 63
75 95
8 12
77 86
14 27
50 67
3 6
2 12
89 98
13 19
43 58
71 96
66 80
50 55
79 85
62 89
2 25
36 43
30 40
77 87
42 57
24 28
65 70
22 90
67 82
87 93
28 31
75 78
50 61
31 35
13 18
54 76
13 27
5 9
21 27
36 44
60 72
89 99
77 88
10 21
2 7
63 74
38 44
33 47
71 84
23 36
82 88
20 26
6 18
84 88
58 93
83 88
28 41
51 66
3 5
43 52
31 35
22 31
61 74
74 81
41 47
89 98
47 72
64 81
12 16
5 12
74 84
30 74
31 38
67 79
15 36
33 37
8 35
22 27
41 53
22 36
34 40
86 95
17 26
53 58
78 81
73 87
10 26
56 74
17 33
80 87
78 82
78 84
9 16
32 37
68 86
62 78
25 35
15 21
19 38
77 90
34 35
14 42
55 64
85 94
11 29
82 93
37 52
8 41
32 41
25 38
47 59
74 81
41 52
74 86
44 49
50 55
74 85
2 21
13 29
39 44
18 36
79 88
59 70
46 55
31 35
55 58
54 66
73 80
4 16
35 37
76 82
67 75
27 35
81 84
13 18
88 93
59 73
30 38
75 86
81 88
68 79
36 40
8 14
50 57
47 66
72 75
89 91
10 26
36 43
90 100
70 82
19 29
92 100
44 52
82 91
77 89
46 50
55 70
36 52
49 55
45 49
27 35
37 50
74 89
29 43
6 12
33 53
49 79
71 86
70 73
1 18
10 15
39 46
35 90
20 31
71 99
63 73
50 68
65 88
25 32
80 98
43 48
63 69
71 85
48 52
65 83
48 55
52 57
90 100
68 75
6 38
73 80
73 81
42 50
77 89
40 49
18 31
33 48
33 50
45 51
67 75
23 31
32 39
18 23
61 84
15 35
60 64
76 84
37 66
64 77
74 80
33 47
78 87
75 79
49 65
26 35
13 18
27 49
24 45
64 66
5 18
2 12
22 43
35 41
18 28
81 85
22 36
5 29
41 52
3 13
49 54
86 91
70 92
93 98
62 73
65 81
92 100
44 64
72 77
70 76
79 92
58 78
58 69
80 90
61 71
16 30
29 44
84 95
35 80
55 59
1 15
10 17
25 59
79 84
81 100
42 48
19 23
22 23
23 35
8 26
30 36
62 74
58 66
16 17
61 67
38 46
27 33
55 60
8 9
41 44
84 93
91 94
9 16
60 73
27 41
24 31
19 31
9 11
35 38
48 55
13 19
36 47
94 100
44 50
71 80
37 43
57 68
47 69
90 99
18 24
21 29
59 64
39 44
36 43
36 39
39 46
55 61
15 26
90 96
71 87
47 55
69 98
54 69
58 64
90 94
55 57
7 22
83 88
5 21
42 57
43 52
66 73
49 54
25 42
9 14
13 22
14 20
73 76
37 65
87 98
80 99
17 23
56 67
87 92
70 85
72 92
82 98
3 10
37 51
56 61
40 52
57 66
68 77
63 76
55 62
15 31
44 59
77 85
53 63
87 93
67 81
32 48
73 77
20 26
63 74
51 67
43 56
59 82
64 72
76 81
54 70
6 13
37 43
14 18
91 97
87 89
54 63
12 21
90 97
46 50
92 99
55 69
62 83
1 32
15 26
75 92
43 53
67 80
19 25
60 64
1 15
42 60
40 50
24 28
2 15
7 15
26 37
22 29
69 75
16 29
26 34
14 26
75 80
5 9
89 94
53 63
70 84
27 38
68 74
77 83
48 58
83 90
91 97
6 17
29 36
59 75
16 17
23 40
68 73
43 54
49 55
75 96
73 88
76 86
75 90
6 18
56 73
45 56
62 93
63 72
12 33
8 16
45 59
40 47
19 26
70 76
19 32
36 49
54 59
96 99
9 39
2 28
14 23
23 47
18 32
60 82
86 95
34 56
84 90
52 56
68 75
83 100
45 56
32 41
75 85
67 93
25 28
78 93
80 84
68 72
37 45
65 81
79 91
66 79
13 20
75 90
7 10
22 29
79 83
47 65
54 69
6 11
25 33
24 45
45 53
43 52
33 38
72 80
81 90
66 80
69 80
70 83
4 14
26 39
55 58
45 48
18 31
26 34
62 66
49 57
56 62
93 99
68 74
33 41
8 13
5 16
95 97
44 57
87 92
33 45
83 85
34 40
49 67
76 99
35 46
74 77
47 53
7 27
75 81
80 83
43 50
62 64
10 16
49 53
24 34
62 68
64 81
12 30
7 11
20 33
79 83
62 71
24 34
74 99
3 8
68 72
80 92
34 42
16 19
22 26
57 64
14 36
63 83
10 17
79 94
7 16
87 98
63 69
95 99
19 31
8 37
30 34
70 73
43 47
61 82
36 41
51 57
26 34
83 92
5 13
38 45
56 94
38 47
15 22
47 57
36 41
21 27
82 91
17 21
39 49
43 47
10 55
63 67
92 98
94 100
60 66
60 74
1 4
81 91
43 49
80 96
58 70
56 60
30 37
54 57
88 95
74 80
17 18
48 59
33 38
63 74
75 78
40 54
83 87
63 70
76 81
35 40
43 93
62 72
1 7
36 42
34 51
87 88
73 81
74 80
12 21
42 64
7 13
63 65
38 66
62 65
2 8
13 17
61 76
52 64
48 67
78 87
71 84
33 48
72 80
91 94
65 73
46 52
20 34
45 52
39 47
53 62
36 64
51 77
47 59
23 26
11 24
52 61
12 29
56 74
63 64
76 81
78 90
52 56
13 22
73 80
50 62
59 62
66 75
85 96
58 67
83 100
74 79
15 20
36 42
62 65
44 65
61 67
77 97
79 96
82 87
10 24
49 80
14 26
8 40
2 6
47 53
61 65
76 95
36 45
7 18
90 100
17 29
85 96
73 85
8 23
28 32
3 27
39 45
10 12
84 97
28 29
32 47
19 25
29 32
80 93
55 77
58 60
20 26
80 91
50 55
69 79
5 15
22 31
78 83
58 67
10 19
44 50
38 48
57 65
33 44
30 47
27 54
76 81
62 74
56 71
85 96
13 38
9 22
67 91
18 30
34 39
4 19
14 20
90 92
31 37
62 64
10 22
72 76
55 60
38 65
88 91
62 73
12 34
78 82
23 38
6 16
39 55
83 89
56 61
53 74
34 42
58 63
61 73
60 78
18 27
17 35
57 67
31 41
66 74
26 49
68 76
72 78
78 99
39 43
31 42
40 54
86 91
24 37
39 47
4 8
66 85
89 92
19 34
3 16
77 85
5 46
69 94
24 34
36 57
14 21
37 43
76 86
68 73
45 49
36 54
2 24
28 36
76 87
62 77
26 50
62 75
58 68
2 30
48 51
21 41
10 34
31 35
35 51
91 100
51 59
89 94
6 16
78 82
60 77
61 71
67 73
77 86
65 69
45 53
35 44
82 97
66 84
6 17
17 30
37 46
23 31
80 83
80 89
7 32
77 91
40 48
83 93
64 75
21 26
44 58
20 26
40 47
78 83
82 88
74 78
76 83
74 77
10 29
75 90
59 63
31 37
45 67
72 77
40 54
42 48
24 50
81 99
58 61
17 26
91 94
54 60
58 60
64 89
98 100
77 90
16 39
80 86
4 12
30 32
78 87
70 78
24 32
63 70
44 60
72 78
59 68
18 28
1 10
4 17
7 46
47 87
54 57
67 82
69 77
7 13
76 87
40 74
53 62
64 71
66 72
32 42
81 88
57 67
18 31
28 34
44 54
21 46
39 48
46 63
80 87
64 73
83 89
17 23
36 45
61 76
43 71
16 30
20 43
33 45
69 72
55 56
20 34
63 65
24 29
79 89
35 61
6 11
64 81
24 31
15 23
26 44
85 97
72 95
37 45
50 53
74 90
66 80
71 74
86 98
8 13
14 29
3 15
48 56
85 91
69 74
28 32
88 93
18 29
7 13
81 84
32 40
22 63
45 77
77 83
47 65
25 41
26 45
33 44
7 9
23 33
59 68
12 18
83 95
91 94
11 15
58 77
21 37
61 68
54 67
64 68
56 64
15 18
23 41
60 73
52 71
65 71
23 31
57 62
48 73
11 18
20 31
53 60
7 17
58 71
51 62
52 57
24 33
20 25
87 98
83 89
24 31
42 53
47 54
26 54
86 93
58 95
21 28
39 42
36 56
88 94
59 76
80 89
59 69
24 31
13 22
38 44
48 49
92 96
90 97
83 92
18 41
66 69
24 35
13 27
93 100
24 38
55 62
26 36
27 40
91 94
79 83
37 48
30 45
6 11
57 63
62 76
40 50
77 96
29 35
75 79
63 66
75 84
19 42
72 86
90 93
20 30
9 12
53 74
11 33
33 43
22 41
28 42
4 11
46 68
78 85
15 57
81 87
55 62
60 76
1 20
82 88
77 82
13 25
2 14
67 83
71 81
17 30
74 100
82 90
62 74
15 24
37 47
16 27
65 92
38 42
48 58
60 68
19 49
22 25
2 13
85 89
67 80
61 73
45 55
30 34
90 93
43 51
65 69
61 68
57 62
51 57
77 82
71 84
19 27
11 24
41 54
63 76
7 17
10 17
71 81
17 23
76 86
6 12
15 23
84 94
86 91
8 16
72 89
61 74
47 54
68 92
7 12
35 38
87 90
24 51
21 23
38 44
80 88
1 7
51 67
79 82
1 14
30 32
76 81
5 19
12 33
33 42
26 36
90 99
59 68
5 24
37 50
14 19
30 42
74 81
59 70
10 14
41 72
25 35
90 99
66 79
67 78
63 70
37 50
68 76
64 72
84 98
4 8
43 48
56 64
72 81
65 71
47 55
55 68
66 85
12 36
12 25
39 49
67 78
55 61
89 99
15 21
40 42
65 75
11 23
8 21
51 61
25 34
33 47
56 68
78 83
65 79
25 48
57 66
85 88
7 11
64 69
49 61
36 57
55 61
70 84
63 77
19 26
47 54
6 21
82 100
50 59
76 90
69 77
72 81
1 14
3 19
19 22
41 47
54 58
45 55
2 7
12 18
36 41
6 19
8 14
15 25
15 19
7 15
60 64
70 84
30 41
83 94
79 86
60 76
4 16
78 87
30 34
76 85
27 36
55 64
8 15
8 24
6 30
27 37
74 82
60 64
29 32
39 45
52 65
29 42
71 77
77 84
55 66
7 18
28 38
49 69
21 43
20 26
30 41
3 10
90 96
53 64
46 68
74 85
28 31
69 83
60 68
55 62
62 73
13 19
40 50
60 69
79 99
46 59
83 98
29 39
9 13
63 67
23 28
84 100
68 77
42 46
18 24
63 71
62 80
84 98
8 12
96 99
57 83
82 98
16 36
68 74
76 79
59 64
88 91
73 93
49 53
2 7
32 40
12 26
56 66
11 28
27 33
38 43
29 34
80 82
61 75
51 58
35 48
12 18
10 27
57 63
75 91
65 87
28 37
35 41
26 42
20 27
76 80
21 37
40 53
70 87
14 17
43 53
41 66
78 87
50 92
33 44
47 54
23 31
11 16
56 64
14 25
28 38
20 29
87 92
91 95
93 100
55 67
16 19
64 72
41 63
22 27
72 87
65 99
23 29
38 45
65 72
32 41
73 91
77 86
71 75
38 53
13 16
14 24
71 84
58 63
49 54
11 33
72 90
84 100
14 33
63 66
42 43
21 26
61 71
72 79
2 8
6 11
69 81
38 59
80 89
22 38
80 94
73 84
22 28
44 58
21 22
61 77
21 43
8 25
5 25
2 6
38 45
40 46
90 96
16 24
84 88
4 13
42 45
44 51
15 31
60 76
49 57
60 74
88 98
73 83
46 54
70 83
42 51
56 72
24 41
95 97
4 19
20 22
24 42
27 35
3 12
70 96
49 63
15 20
35 46
20 34
9 20
94 96
5 18
80 85
24 40
43 48
71 83
14 29
26 33
26 37
44 65
30 65
69 83
89 96
53 60
19 27
55 79
54 65
70 77
33 36
12 14
81 95
20 29
18 28
80 87
81 88
78 87
16 29
73 99
25 51
95 100
12 24
49 52
41 56
11 20
26 33
1 9
12 16
27 34
41 55
89 98
34 57
53 63
54 77
46 51
3 17
77 96
45 57
17 22
23 27
79 87
3 13
57 65
30 43
12 19
48 67
90 93
41 52
5 16
59 72
20 34
30 56
57 66
31 36
47 69
58 67
30 69
52 61
68 75
48 86
33 46
56 77
40 57
43 60
74 84
56 62
19 38
58 67
58 62
53 60
37 47
86 90
55 61
67 81
14 21
27 45
38 49
29 31
5 8
81 88
59 64
17 23
45 50
49 57
34 42
69 79
23 47
25 41
37 40
23 30
2 14
15 22
35 40
48 53
34 37
77 98
16 28
24 32
48 53
34 40
53 64
55 76
73 84
72 77
87 94
51 61
67 79
9 14
84 89
63 70
77 95
38 48
38 46
58 68
16 26
32 51
70 77
41 83
83 97
27 41
33 45
87 91
37 53
33 39
86 95
12 19
2 7
66 75
47 53
10 18
22 41
66 71
63 70
16 23
3 29
38 43
87 91
17 23
31 42
65 70
15 36
48 69
70 74
66 70
81 94
86 97
52 58
24 44
3 13
28 37
55 60
37 50
32 52
36 43
24 40
34 52
15 18
10 18
13 24
81 96
16 28
44 63
18 37
65 70
84 92
28 43
13 19
43 56
17 21
31 40
1 10
52 59
56 62
52 67
41 49
68 81
70 78
14 16
58 72
50 62
11 22
11 19
30 39
87 97
39 45
31 39
48 61
53 63
13 22
63 67
77 79
3 11
51 59
64 75
1 35
30 33
73 76
50 57
34 37
74 85
65 73
29 32
24 32
3 16
12 24
1 8
54 59
48 65
83 92
70 76
9 31
67 74
25 43
72 79
4 19
29 36
19 35
28 34
42 73
47 67
23 32
70 91
74 79
9 24
67 80
26 40
58 66
57 71
51 61
91 98
73 86
77 96
28 33
17 39
16 34
25 31
60 71
54 64
77 81
24 31
37 41
24 52
3 10
10 27
44 53
68 77
25 33
11 28
28 37
55 62
49 57
39 59
8 27
83 88
74 85
59 71
1 6
1 4
38 48
55 70
41 62
34 84
78 81
12 22
10 17
7 12
51 65
