100 20 20 11
00000000000000000000
00000000000000000000
00000000000000000000
11100000011111110000
00011100000000000000
00010000000000001111
00000000000000000000
00000000000000000000
00000011111000000000
00000000000111111111
11100000000000000000
00000000000000000000
00000000000001000000
00000011100000000000
00000000000010001111
11100000000000000000
00000111000000000000
00000000000000000000
00000000000000000000
0000000010000000000
0000000010000000000
0000000010000000000
0000000010000001000
0010000000000100000
0010000000000000000
0000000100000000000
0000000100001000000
0000000100101000000
0000010000101000000
0000010000100100000
0000010000100100000
0000010000100100000
0000010000101000000
0000000010001000000
0000000000010000000
0000000000010000000
0000000100000010000
0000000100000010000
0000000100000010000
4852
45 50
82 88
62 77
4 12
49 90
25 45
49 52
61 74
1 8
39 53
14 30
55 81
43 57
75 78
27 35
11 15
86 89
69 83
34 38
91 97
35 61
26 41
24 35
6 14
37 42
16 26
77 98
5 23
28 57
65 81
62 70
7 19
16 24
64 72
59 73
26 42
17 35
13 25
81 90
25 35
4 11
55 58
56 66
40 57
46 51
74 85
62 80
14 33
54 62
79 88
90 97
65 69
26 38
61 66
58 71
60 69
50 76
64 71
8 24
65 72
38 73
23 34
47 53
35 45
12 16
20 29
3 13
68 76
35 38
24 28
80 89
55 60
77 80
37 40
51 70
83 89
5 15
51 69
81 92
43 61
62 67
29 35
51 58
28 38
69 76
77 90
51 62
63 70
2 16
31 37
32 50
5 11
2 12
83 89
73 82
4 16
54 58
68 80
40 58
55 66
37 47
94 98
67 73
11 19
4 7
17 27
82 92
63 97
28 42
64 99
45 52
58 73
94 100
41 45
42 47
38 76
89 95
48 61
9 17
77 80
17 20
50 57
14 25
20 51
10 17
28 34
34 41
54 59
63 74
39 48
5 28
3 8
85 89
33 42
72 79
2 27
43 60
1 6
33 40
86 90
57 71
35 48
23 32
1 10
11 24
51 59
80 86
36 46
57 66
4 11
45 54
22 30
84 95
61 82
58 66
37 72
4 14
26 37
3 25
84 89
48 54
79 85
73 97
59 66
73 79
76 87
49 66
57 83
33 53
76 89
51 61
83 94
88 97
40 52
72 94
61 75
35 47
28 37
54 76
74 94
59 68
55 70
54 65
39 50
75 81
23 34
70 77
18 26
35 43
12 21
36 46
62 72
35 39
59 61
78 82
41 64
80 86
41 48
3 14
22 32
37 54
12 21
69 74
59 65
78 83
65 75
84 87
2 14
27 38
58 71
8 12
68 95
57 80
24 37
16 29
83 94
56 65
92 100
23 42
76 87
54 59
26 38
1 4
86 100
88 100
17 24
59 66
23 31
27 36
6 15
65 75
72 79
52 60
62 81
35 56
78 85
23 36
39 58
21 30
3 18
66 71
19 40
11 25
23 27
33 53
29 34
85 88
54 79
46 50
57 71
63 68
84 89
48 65
34 47
69 79
19 27
55 61
42 52
23 28
71 76
10 16
37 45
39 44
85 97
18 29
26 40
73 79
76 95
32 40
53 62
54 74
71 84
32 45
43 47
81 87
56 72
68 79
38 48
55 59
75 86
42 55
80 98
14 33
60 71
25 32
93 98
26 43
76 91
12 32
20 26
42 58
9 22
42 45
63 76
5 30
38 45
29 32
42 48
19 24
74 79
4 21
62 66
6 34
85 94
84 89
38 41
62 66
92 97
41 60
4 16
14 24
10 16
34 37
90 100
61 70
93 95
73 80
10 25
7 15
68 87
21 36
88 99
47 61
19 31
18 21
76 87
45 49
46 50
85 92
91 97
85 96
37 51
43 56
2 9
83 99
34 41
39 41
36 42
37 44
46 63
25 30
55 69
60 77
33 37
68 81
62 72
81 98
78 97
52 65
22 35
64 75
93 97
76 80
73 83
87 96
32 46
67 78
37 46
1 30
33 41
40 44
30 44
69 79
66 70
34 45
17 21
9 29
12 20
81 85
93 100
69 91
92 97
62 67
26 28
23 29
17 23
22 48
45 55
68 91
23 92
45 48
44 52
60 72
47 63
25 32
66 85
5 33
86 97
55 64
15 24
42 56
44 54
1 6
65 80
59 69
12 24
75 82
93 100
29 33
7 34
94 98
11 34
18 33
86 97
32 39
26 32
79 84
82 94
2 5
60 62
86 99
36 44
18 27
58 68
4 23
39 42
39 43
35 39
77 88
59 61
13 29
13 22
77 88
27 38
14 23
27 33
28 56
1 5
82 96
15 20
86 93
83 92
87 96
47 57
81 93
16 27
41 42
73 81
18 27
46 54
21 44
88 93
2 13
66 72
47 62
56 67
45 55
39 55
11 27
32 37
2 11
33 39
72 78
22 25
8 15
22 31
50 61
13 30
77 81
38 41
46 58
44 59
83 99
79 95
50 57
63 74
25 33
69 85
28 37
68 77
18 26
73 87
16 20
79 91
69 70
83 95
22 42
46 54
35 54
83 89
54 64
60 66
1 15
60 66
34 45
69 72
23 41
25 33
20 42
63 72
83 92
44 63
74 84
27 44
56 61
62 75
24 41
11 14
12 22
62 78
9 22
2 8
84 92
85 96
16 29
93 96
12 20
83 86
67 69
66 86
10 14
62 68
28 40
54 60
52 56
48 53
66 71
50 60
30 33
82 94
29 37
53 62
61 67
32 39
18 40
73 85
41 52
36 42
54 60
15 30
73 79
51 55
18 23
3 10
66 92
63 73
59 67
43 49
58 70
1 30
69 74
15 32
61 67
76 82
71 75
58 62
84 90
43 52
6 15
25 31
55 62
43 51
44 48
41 49
89 97
19 24
1 22
57 69
7 17
8 16
88 94
26 32
11 15
45 48
44 64
96 99
42 58
4 27
60 63
48 53
54 59
34 47
43 50
37 59
67 76
87 100
52 70
29 40
43 57
83 88
5 9
71 80
19 31
51 63
78 86
75 85
10 17
85 91
83 87
66 78
12 28
74 81
26 47
66 74
75 78
26 49
4 17
56 63
48 60
37 47
91 95
2 20
22 32
17 25
24 30
72 74
68 73
6 15
1 5
21 27
6 34
71 82
66 75
50 67
12 19
78 90
29 33
18 29
29 47
54 66
36 48
62 76
39 50
80 87
56 90
13 20
15 56
63 71
77 85
16 21
85 100
76 88
17 20
10 21
48 54
91 98
81 84
89 97
36 50
16 62
71 73
77 89
83 98
40 50
38 48
30 36
75 88
79 87
3 13
19 25
27 35
70 77
36 57
69 82
75 83
21 28
62 69
42 47
60 70
65 69
71 76
42 59
60 67
81 86
4 9
87 96
82 89
12 15
41 47
43 58
78 83
27 33
32 44
54 64
18 38
71 77
47 53
87 91
22 24
3 13
55 62
37 46
70 81
41 50
67 74
70 74
28 41
57 60
76 87
12 24
6 13
41 44
44 57
1 12
43 48
32 44
49 55
22 31
34 42
69 76
42 51
35 43
79 89
30 50
37 42
38 44
26 31
31 51
34 41
31 49
65 67
88 98
18 25
31 63
2 6
10 20
45 50
40 45
5 15
17 26
22 29
76 81
56 60
20 28
27 31
40 48
82 88
9 15
21 40
11 18
9 19
66 71
85 90
30 42
9 11
35 45
84 92
76 95
21 26
28 40
9 25
87 100
59 63
30 38
25 34
87 95
12 15
81 98
67 99
15 22
88 92
86 90
23 27
36 47
50 67
58 70
50 59
81 84
48 53
12 24
14 29
51 60
64 84
78 91
70 75
69 89
42 47
29 47
23 40
65 70
23 27
65 83
38 53
47 60
29 32
42 51
93 99
41 47
89 97
4 12
35 41
79 95
82 88
90 99
36 48
61 71
38 77
8 28
14 28
73 83
19 25
70 77
64 70
72 99
79 88
84 90
58 66
33 43
74 94
76 90
45 52
45 59
8 12
85 90
17 27
77 86
73 80
23 44
3 20
42 49
57 69
90 95
75 87
45 61
35 53
69 72
19 31
4 21
72 83
11 27
28 36
64 88
66 76
63 70
24 38
70 87
32 43
78 83
89 91
28 34
13 19
60 68
44 46
71 77
27 44
28 53
96 98
85 98
85 95
60 72
61 72
39 46
58 66
85 93
67 77
87 98
20 28
21 36
50 56
82 94
20 23
50 64
7 22
28 31
25 36
34 56
7 14
60 66
75 84
24 34
61 85
3 21
55 67
12 14
64 70
48 61
78 89
72 79
73 86
33 42
28 34
24 27
67 76
3 13
22 31
45 48
17 22
12 27
32 54
53 60
48 60
33 44
19 32
29 43
16 23
23 37
8 13
35 63
44 55
58 61
41 47
42 46
3 18
46 57
44 58
74 80
5 39
58 69
44 57
58 67
38 59
23 34
37 73
70 80
45 50
74 85
32 40
82 93
53 57
77 90
2 7
40 46
41 56
61 71
76 82
24 40
57 68
39 49
46 53
53 97
1 3
9 22
53 59
82 87
43 65
31 38
23 29
27 41
16 22
83 94
3 6
45 53
77 84
77 94
37 72
21 30
5 11
32 36
41 47
29 48
78 88
20 32
49 57
61 67
52 65
23 32
67 73
4 19
1 10
59 72
51 56
61 66
68 91
65 70
39 46
37 51
85 90
54 64
57 73
72 83
62 66
1 35
7 15
53 60
19 29
38 43
18 40
30 50
55 61
73 84
80 86
3 5
78 87
58 64
30 38
44 50
2 8
44 52
37 47
91 98
66 79
28 33
40 41
14 35
70 78
78 83
3 10
81 86
72 80
24 36
72 86
11 18
5 17
21 26
2 23
73 78
10 29
14 40
7 13
87 89
43 48
15 27
83 89
79 95
20 23
30 55
38 92
20 23
74 86
41 75
50 67
47 55
64 67
68 82
74 84
65 72
54 90
44 48
69 75
3 9
78 84
78 97
44 51
15 18
11 22
47 53
10 21
49 54
33 38
65 71
41 43
72 87
8 33
49 59
88 99
54 62
32 39
70 77
77 91
19 38
26 36
66 79
35 44
65 74
17 29
59 66
24 41
37 53
33 39
8 16
52 66
57 66
70 86
41 62
71 82
77 82
62 70
1 4
80 90
61 66
48 53
54 74
77 93
94 100
38 60
16 20
21 26
47 53
43 57
83 85
74 77
41 49
49 61
73 84
56 66
36 41
70 78
64 85
31 38
1 8
60 82
46 54
6 18
7 17
36 46
69 71
74 89
88 97
59 73
2 8
70 90
48 71
39 56
30 31
67 80
50 54
48 54
55 67
80 93
6 12
87 100
41 55
58 81
24 55
18 23
14 22
43 51
62 64
44 64
31 45
14 18
74 94
3 11
24 34
39 51
84 89
38 52
87 92
27 41
57 66
60 70
87 92
7 20
36 56
86 99
84 87
27 32
83 93
37 65
43 64
1 9
8 33
73 97
85 90
76 88
45 76
8 12
75 89
33 40
23 38
80 97
10 32
80 89
49 58
1 13
41 44
34 45
58 65
20 54
80 83
56 64
35 48
37 43
72 84
25 33
14 16
56 68
8 22
74 84
12 16
59 65
14 19
91 96
78 87
24 28
51 57
57 64
88 95
66 93
21 27
43 49
31 42
76 80
78 84
26 35
71 74
74 84
52 68
74 83
75 95
58 73
2 12
70 77
47 55
24 29
25 32
12 16
43 61
16 24
89 95
20 30
52 57
47 56
82 90
17 43
40 48
63 71
21 32
30 41
76 77
34 43
48 57
8 13
83 95
58 66
38 59
82 98
64 68
77 93
85 89
53 77
16 20
33 47
74 83
28 45
16 28
23 29
20 28
66 73
29 37
23 51
61 72
9 18
78 87
20 38
35 53
42 51
4 15
80 90
74 91
87 100
11 31
24 29
70 77
34 56
48 59
44 47
6 22
56 63
67 73
57 62
55 64
21 24
68 69
59 68
9 12
14 46
91 100
13 23
43 51
47 59
40 66
8 14
25 38
78 87
80 93
58 73
72 83
15 30
81 85
55 61
11 18
18 25
57 65
9 21
28 35
45 59
24 28
68 73
31 33
1 6
84 95
14 28
56 69
78 85
12 41
70 79
36 40
32 38
75 85
35 43
30 37
56 63
37 48
44 47
52 73
17 30
79 87
88 99
39 44
83 98
66 68
63 76
81 88
7 20
56 60
25 37
20 36
50 63
8 17
58 77
15 18
16 56
79 84
42 61
13 16
62 87
61 70
35 39
90 100
51 68
27 38
57 69
86 100
47 55
33 38
64 76
13 31
23 32
28 89
60 65
13 44
49 58
9 15
52 64
28 38
9 33
71 78
80 83
76 87
79 90
86 96
64 73
25 36
95 98
65 78
75 89
8 25
16 26
27 34
94 97
82 88
42 48
14 19
76 78
71 75
57 60
29 36
24 39
39 52
72 81
51 52
47 57
58 72
13 28
62 73
89 93
9 13
62 72
44 53
79 87
33 41
27 34
23 27
80 89
35 40
50 51
84 94
30 34
7 15
57 67
62 89
47 61
21 31
37 51
23 33
18 26
39 54
25 34
20 27
63 68
49 60
47 61
11 15
8 11
4 23
31 40
15 27
53 62
13 21
59 69
57 59
75 85
18 32
7 10
12 16
41 54
64 71
25 29
57 63
67 72
10 18
72 82
7 15
56 64
40 47
58 64
70 88
66 69
67 77
72 83
52 58
85 93
27 33
75 80
2 8
91 94
50 61
59 77
26 31
12 16
89 99
1 8
49 66
19 26
80 92
91 97
83 98
79 85
9 12
49 61
79 83
30 45
70 72
57 70
70 72
17 24
18 31
88 94
73 78
60 90
25 33
66 72
87 94
89 97
49 55
48 56
3 17
26 38
30 35
14 18
10 19
63 71
35 38
50 56
35 52
63 68
65 69
35 46
29 40
87 93
22 45
70 75
41 50
66 71
86 90
47 53
7 17
67 71
84 89
56 62
56 57
47 51
71 92
40 55
3 13
8 17
24 30
73 85
43 76
38 42
11 31
15 29
87 100
8 26
50 59
5 22
80 88
87 95
31 36
61 75
59 67
24 27
11 16
12 40
16 25
9 15
61 77
14 21
78 85
14 17
3 8
4 10
33 40
65 84
25 33
10 50
24 29
15 23
48 61
47 76
29 47
83 90
32 38
38 41
39 56
58 61
72 87
88 94
22 25
41 67
78 83
82 85
17 28
19 28
55 69
13 22
78 87
45 71
23 36
59 63
47 64
10 16
15 21
27 38
30 35
21 30
11 24
59 95
83 91
81 96
9 27
53 61
11 15
62 72
27 33
75 80
26 34
10 18
34 41
64 78
12 21
10 24
37 57
49 61
53 63
20 24
28 34
40 47
66 86
29 36
43 99
24 37
70 88
71 79
79 85
68 76
90 93
92 100
57 65
72 94
44 50
49 56
64 76
39 44
68 73
13 27
55 72
31 38
80 93
12 18
15 19
75 87
28 82
68 76
59 63
2 7
10 25
75 94
41 66
17 29
78 82
77 79
22 36
57 67
3 34
43 50
60 67
4 13
58 77
30 46
29 33
32 45
21 30
73 81
74 87
36 40
59 65
37 55
60 67
71 75
35 58
59 65
27 65
11 19
5 13
42 55
51 71
36 43
17 32
71 83
15 24
52 55
10 16
49 72
56 82
72 87
71 82
36 43
12 20
92 96
23 40
25 55
66 87
70 75
7 21
57 67
76 78
56 79
45 51
88 91
32 41
27 38
77 81
45 60
82 98
88 95
74 90
76 91
22 29
34 39
74 90
15 30
38 43
46 52
37 45
51 70
61 70
19 47
86 89
77 78
43 50
16 24
8 13
85 97
9 12
18 26
39 48
79 85
63 70
49 57
38 40
40 49
24 38
51 54
50 65
34 48
33 65
29 40
4 12
47 61
79 92
12 31
91 100
50 67
49 61
16 32
73 99
3 16
45 80
62 68
54 65
59 70
59 74
67 89
44 48
66 75
56 62
91 98
31 41
70 74
52 57
44 49
20 44
4 24
52 64
84 91
42 48
43 57
26 48
88 100
51 60
58 63
6 14
91 94
3 26
61 89
33 55
47 61
60 63
21 43
15 37
18 23
8 16
5 11
66 75
8 16
10 24
11 37
84 91
49 70
67 75
18 21
14 38
73 80
57 71
41 47
79 86
65 80
56 67
35 60
93 100
74 85
35 43
74 93
71 77
90 98
48 58
51 58
31 43
4 7
65 68
58 62
17 42
70 75
89 95
24 34
14 30
7 13
34 48
79 95
24 27
36 40
34 63
75 82
44 51
3 13
1 22
36 42
93 97
27 32
60 63
35 42
33 48
59 97
1 19
62 68
26 32
16 27
86 96
32 40
89 94
13 24
87 94
28 30
49 56
67 82
45 74
87 95
66 74
49 68
78 97
4 19
3 20
57 61
91 93
76 86
2 10
90 94
23 36
13 31
35 38
34 46
26 34
46 61
68 79
12 21
15 18
26 36
33 36
86 92
24 32
28 40
27 40
62 77
51 59
43 54
21 41
1 10
2 7
33 38
46 67
45 55
1 17
12 18
69 72
36 45
42 53
5 17
29 37
86 91
90 97
16 26
86 89
41 48
64 71
52 60
78 91
25 34
17 23
24 41
4 12
71 80
65 77
31 36
34 53
42 73
48 75
62 71
19 31
48 55
51 65
44 48
72 83
87 94
45 57
89 92
23 40
51 67
37 43
58 64
90 100
16 29
65 73
4 7
94 96
16 32
61 76
46 50
6 15
79 97
1 10
5 13
71 87
57 60
21 46
49 65
14 29
89 98
95 100
22 26
72 80
85 95
40 54
24 31
9 16
22 47
45 48
61 65
34 56
19 27
27 47
31 46
88 96
33 37
45 54
25 35
37 45
57 68
45 47
12 17
50 69
9 26
48 62
58 98
22 36
20 26
50 55
33 54
31 42
28 38
63 80
39 53
19 23
61 81
24 39
46 71
83 98
71 86
93 99
35 37
35 60
28 38
30 34
49 55
75 77
31 39
43 73
26 33
27 36
59 69
86 90
65 84
5 13
46 52
27 30
79 85
78 88
92 94
87 95
82 93
61 83
47 64
31 39
84 92
52 60
80 91
19 29
39 62
78 82
53 57
47 53
59 70
60 74
48 63
87 91
59 67
64 74
28 33
9 22
60 69
10 26
47 48
49 60
57 67
83 96
55 69
33 46
73 88
36 39
54 63
93 100
74 87
62 74
10 19
59 82
90 97
60 66
18 21
79 89
31 39
78 84
85 92
44 73
61 77
32 45
14 24
5 12
14 25
3 24
77 94
71 92
25 41
75 91
80 89
26 58
24 38
86 100
60 85
27 41
17 34
35 60
73 83
64 72
68 71
66 75
71 72
23 44
32 50
52 58
30 52
75 84
73 78
35 41
11 15
66 70
56 65
56 69
60 83
51 71
74 92
38 46
66 78
33 37
75 77
55 76
46 64
8 10
17 25
90 100
67 97
31 39
86 96
72 77
45 50
73 86
66 68
66 81
7 10
45 53
65 76
73 96
48 60
25 32
59 66
2 9
80 87
69 79
25 27
29 45
41 45
85 92
68 75
29 36
41 60
72 82
81 91
81 90
10 15
40 57
65 70
53 56
88 91
33 49
8 25
38 49
19 37
6 19
73 78
79 84
67 88
24 31
48 55
73 78
49 62
92 97
40 61
87 94
84 89
70 90
6 22
42 47
8 14
42 58
23 29
93 100
37 51
62 86
8 24
26 31
12 24
20 22
19 37
52 63
42 48
70 81
45 56
43 52
14 21
85 95
42 52
30 47
76 91
3 26
87 96
26 37
7 17
83 97
27 32
31 38
88 90
34 45
92 94
31 39
14 23
71 97
6 23
45 60
5 17
10 20
14 23
14 26
14 23
27 39
9 15
63 66
8 14
80 88
30 49
57 65
89 97
29 43
16 22
85 95
59 78
16 31
79 97
71 79
86 96
51 56
81 90
21 34
1 7
3 9
54 59
98 100
40 44
1 5
20 28
15 22
14 20
16 48
24 26
59 67
12 31
32 43
31 37
37 51
85 94
42 51
10 22
5 14
79 89
8 17
62 77
20 28
91 97
68 70
17 23
85 91
91 94
32 49
48 53
4 12
76 95
36 46
13 20
30 71
14 27
57 72
52 60
65 79
76 82
55 67
90 99
21 26
47 56
66 79
37 45
30 36
75 85
45 50
53 61
56 68
84 90
4 17
9 18
90 98
2 25
3 15
73 84
39 70
3 11
9 19
73 79
36 44
1 8
13 48
53 55
47 72
16 30
60 67
33 39
1 5
69 79
9 24
67 75
33 47
57 73
59 69
70 86
68 78
58 75
3 10
65 69
82 95
83 89
79 83
56 58
21 26
48 68
32 36
54 59
65 73
85 97
4 10
35 40
57 84
9 18
17 35
79 85
63 84
6 25
25 35
85 97
43 50
30 60
19 27
7 9
11 17
12 25
39 51
76 82
65 84
73 78
17 28
1 7
42 54
13 24
48 61
50 64
36 57
50 57
3 11
20 27
59 67
68 91
60 70
86 96
70 78
8 11
20 44
92 94
5 15
15 18
35 40
84 92
87 98
19 26
55 71
92 98
80 92
8 49
50 63
45 50
53 58
63 71
6 17
75 82
21 32
79 92
30 40
33 62
68 78
39 44
76 90
24 28
13 45
82 87
50 55
68 74
69 73
82 87
24 52
77 89
97 100
87 98
65 81
58 71
43 55
66 89
40 47
7 16
36 48
5 12
53 58
24 33
13 37
42 67
19 27
30 36
39 51
53 65
75 86
47 52
4 11
2 22
19 30
88 97
50 54
65 76
25 34
31 47
17 33
6 25
30 33
72 89
5 14
66 85
27 41
17 27
77 81
4 11
37 45
63 68
10 60
31 45
15 30
10 26
8 12
43 55
60 67
67 91
58 64
32 40
82 86
94 100
96 100
9 14
61 66
83 88
55 62
72 80
28 65
1 7
51 59
73 83
83 85
81 86
26 40
69 76
33 56
87 94
45 60
29 40
57 68
21 36
16 31
31 36
26 32
15 27
24 35
70 89
84 93
32 48
60 77
11 14
49 64
3 30
2 20
41 57
10 33
58 71
74 76
4 10
49 58
44 59
64 71
35 44
67 73
54 79
40 50
78 82
63 77
76 82
2 14
81 88
56 62
81 93
72 87
73 77
2 13
88 96
16 29
73 77
30 42
18 31
17 23
64 84
67 73
62 88
70 92
25 28
86 93
31 38
41 47
51 53
36 46
49 53
85 99
72 84
40 80
95 97
17 26
41 61
6 19
84 96
61 75
53 75
78 83
43 48
75 79
66 71
5 15
28 41
61 65
13 16
34 40
13 16
13 36
80 85
20 31
56 60
78 89
8 35
67 80
43 62
40 49
81 97
23 32
28 40
11 16
61 66
72 79
51 62
28 33
89 95
67 74
65 78
12 20
34 51
1 12
73 86
26 38
83 91
60 74
72 86
37 44
36 37
61 66
25 29
26 41
41 47
85 90
71 77
57 65
38 41
30 32
82 98
71 81
45 59
56 66
64 71
15 41
35 41
25 33
56 71
66 77
47 66
56 80
3 7
73 81
47 51
3 7
83 90
79 98
22 37
8 17
59 84
77 93
41 47
50 55
62 72
14 19
53 69
51 58
72 73
63 79
19 24
79 95
66 75
74 88
25 35
24 39
18 25
48 53
41 48
54 58
20 29
87 97
23 44
14 22
8 22
72 89
64 73
52 70
54 92
8 19
56 65
53 58
7 17
18 31
62 66
32 42
53 57
10 22
45 75
47 54
33 35
31 38
22 38
43 48
35 55
89 97
52 57
2 9
10 14
27 38
45 52
14 56
8 25
85 95
79 91
61 66
12 17
15 31
6 16
19 24
36 53
29 46
11 24
56 64
16 17
14 46
42 58
36 45
68 81
44 52
68 81
67 73
14 20
88 89
78 82
16 19
70 96
65 81
38 44
32 34
69 88
47 66
33 38
43 64
4 15
4 7
46 59
24 32
25 35
10 18
17 23
39 56
74 81
47 52
5 21
52 58
9 18
31 40
27 29
81 86
57 64
9 31
6 19
81 83
62 69
82 94
72 79
49 80
27 34
64 83
86 94
66 76
57 64
27 36
53 65
20 26
67 96
8 17
70 74
51 58
12 17
72 79
12 18
84 94
6 8
41 48
17 39
85 100
70 80
31 50
68 76
88 93
65 75
69 89
37 56
58 65
63 66
53 71
47 60
11 35
61 71
80 92
31 34
70 77
17 29
25 46
88 95
30 38
66 77
41 50
35 72
60 62
8 10
69 77
55 100
14 21
2 30
65 70
56 61
28 58
82 100
38 50
20 27
73 79
69 77
29 38
31 40
71 97
80 97
53 58
33 43
7 15
72 78
14 28
53 60
19 23
45 56
86 94
78 87
74 81
36 46
77 95
15 30
39 45
52 65
13 21
18 37
21 27
11 17
54 59
31 50
21 27
79 88
46 77
5 15
43 52
41 48
61 84
36 56
52 57
53 61
22 30
33 43
27 34
62 74
16 27
22 35
17 26
7 28
86 92
77 80
66 72
14 29
23 34
54 61
32 40
14 46
13 17
34 58
37 56
81 90
53 76
10 16
43 47
39 50
14 23
44 51
74 79
13 20
1 23
67 79
4 9
42 48
86 95
9 21
47 69
25 35
84 87
31 44
86 96
56 78
77 92
53 56
49 54
55 63
47 61
69 73
88 92
2 13
51 75
41 67
81 96
21 24
59 64
65 88
84 88
61 68
3 10
30 47
33 36
8 18
4 10
58 68
94 99
12 26
6 29
40 61
24 30
23 33
14 24
13 38
10 21
87 98
20 37
65 76
5 12
29 39
40 43
56 63
46 54
72 78
57 65
60 65
63 72
40 43
7 23
33 38
64 79
88 93
69 73
37 83
84 93
9 49
83 99
77 86
20 34
54 65
55 65
60 96
11 29
7 14
42 45
14 24
54 67
60 68
12 24
20 26
21 32
2 10
38 44
72 80
1 14
26 31
3 12
71 73
45 53
49 63
1 9
45 52
1 10
49 56
68 75
50 66
43 56
55 58
6 9
9 17
75 79
58 65
24 30
87 94
4 22
41 49
4 10
35 47
82 88
82 86
71 83
52 91
30 37
30 32
88 97
42 66
21 34
37 46
76 83
24 32
33 50
70 78
64 74
38 49
45 64
8 12
81 87
70 82
64 79
51 77
13 22
66 87
57 65
42 46
88 95
11 20
37 38
35 52
46 56
45 69
46 62
21 34
6 22
49 63
28 37
77 94
9 21
27 35
52 55
81 91
17 39
3 10
70 79
56 65
24 34
20 49
25 33
51 62
12 23
51 64
26 33
87 97
24 39
18 26
25 30
2 10
5 21
75 81
40 49
22 39
39 50
55 61
3 14
78 83
46 51
65 83
79 90
86 92
55 60
23 40
52 70
63 67
34 41
21 25
58 86
84 90
43 51
42 49
72 78
62 70
80 87
79 87
79 80
13 25
19 27
65 83
61 86
91 95
8 28
13 22
16 25
69 73
22 29
32 41
51 62
77 84
52 56
58 65
10 15
39 40
44 54
35 47
53 68
7 12
84 86
6 26
2 17
74 91
40 50
47 51
27 43
6 18
34 39
14 20
77 82
30 42
86 96
31 32
64 79
15 20
39 43
26 62
43 56
50 63
13 56
78 86
40 49
2 13
51 53
47 57
66 71
48 52
27 39
39 44
4 16
15 29
77 92
55 77
6 10
4 17
44 47
10 15
91 100
18 23
16 19
44 56
42 52
27 38
80 90
23 31
26 33
3 22
82 85
38 54
26 35
60 73
38 57
56 66
45 52
32 36
12 15
25 29
13 24
35 41
61 70
78 90
61 65
4 20
13 26
34 35
62 67
88 93
44 49
81 87
84 94
65 71
20 30
94 96
51 72
73 84
29 41
58 69
56 60
78 86
3 25
48 56
6 16
33 48
18 40
14 18
78 90
56 98
15 25
33 52
18 28
20 31
2 8
83 92
39 51
78 88
80 90
70 83
63 67
27 46
91 96
63 68
23 33
75 93
34 41
5 25
21 32
43 51
21 75
5 17
57 68
43 50
10 21
78 85
39 47
1 7
83 91
47 61
9 42
41 45
32 38
46 66
5 11
50 52
43 55
56 62
2 9
21 32
3 21
39 50
71 96
66 71
31 39
52 74
23 47
34 46
13 27
78 84
96 99
65 70
1 23
83 93
32 53
4 15
16 23
62 66
15 36
56 65
42 49
74 86
44 47
52 60
20 41
63 72
35 54
14 23
35 41
22 31
40 44
51 56
48 54
37 88
71 79
66 77
53 63
42 49
5 15
72 82
58 66
42 47
61 63
10 17
53 59
65 79
51 72
10 15
75 100
68 73
26 38
17 25
33 43
76 80
94 96
79 91
14 26
56 60
8 37
66 71
86 100
68 79
87 94
70 75
60 98
2 12
37 47
36 81
30 46
39 52
46 64
15 21
68 76
12 25
20 28
75 85
67 78
54 69
41 58
36 44
14 42
34 44
21 30
83 89
27 35
68 84
75 86
75 95
76 87
11 16
53 88
74 92
72 87
79 91
87 90
83 95
49 57
17 23
70 82
27 36
80 87
82 91
83 96
55 67
88 99
80 92
17 49
26 45
7 17
37 44
4 19
40 54
2 13
3 11
69 83
37 46
51 62
43 49
86 91
24 40
17 26
52 63
61 76
71 90
57 60
73 95
58 73
2 26
23 49
32 52
53 61
72 79
89 99
36 46
18 36
48 55
14 48
54 61
22 44
31 39
17 23
64 66
26 41
13 19
1 11
15 21
48 60
72 83
46 51
1 6
32 34
12 29
20 42
78 94
84 93
28 35
37 43
23 33
59 63
4 17
69 78
17 22
85 92
71 75
43 47
21 31
80 88
48 58
45 49
27 35
4 9
9 17
40 48
78 84
70 84
31 40
8 13
55 69
97 100
35 44
81 96
3 9
76 89
24 35
92 96
70 76
57 62
20 25
6 14
39 49
84 90
15 19
85 89
93 99
5 33
25 38
22 32
25 37
40 47
58 62
55 65
65 82
11 18
51 64
16 22
51 69
23 34
6 17
63 65
68 74
14 28
49 60
64 69
41 49
43 58
81 93
63 75
53 59
56 62
82 90
72 93
47 71
46 54
33 40
60 70
52 58
40 49
37 55
7 21
8 18
1 29
4 7
42 50
77 83
6 9
2 15
83 94
84 96
43 48
85 93
24 36
53 70
43 57
35 51
52 68
8 14
11 44
58 61
82 100
14 26
41 61
91 93
84 92
71 81
11 23
73 83
81 88
14 29
30 37
36 40
60 70
43 49
55 60
53 58
63 72
36 40
63 71
52 67
63 71
24 31
60 75
14 21
59 75
34 47
16 46
90 100
58 71
26 27
12 16
65 85
77 83
78 88
2 11
80 90
26 33
35 43
8 25
48 60
59 79
83 94
67 75
30 41
65 81
17 28
48 57
48 65
29 35
17 26
77 97
53 61
87 100
90 94
54 65
58 67
74 88
24 33
18 31
41 67
89 99
38 40
10 32
60 72
68 72
77 80
39 57
11 23
59 64
46 54
35 45
71 94
73 82
80 86
20 34
27 29
18 29
24 41
45 51
74 79
38 61
64 74
73 81
97 99
51 59
66 79
59 64
49 63
46 62
34 45
36 53
12 21
44 50
55 59
70 79
16 23
6 16
56 61
14 48
83 91
3 5
59 65
24 38
27 38
64 69
1 6
89 95
56 64
35 41
68 72
24 46
22 65
27 43
68 78
39 52
50 59
17 21
62 80
54 56
44 59
46 55
43 49
46 53
2 8
55 60
25 42
75 82
93 98
50 56
76 83
38 59
43 53
4 16
51 58
64 71
86 92
41 45
80 87
87 93
89 98
7 17
63 67
38 52
61 65
68 76
58 68
24 46
15 24
13 29
33 60
82 87
68 73
41 53
55 64
86 98
86 95
16 26
47 58
63 69
2 12
75 82
6 14
31 37
26 38
31 45
23 61
2 9
54 66
43 54
45 68
43 50
79 86
93 98
44 56
39 55
91 94
16 24
52 64
11 24
10 19
41 44
72 82
85 100
32 45
44 56
90 95
52 62
24 45
86 93
51 56
58 59
27 41
34 37
31 41
41 52
71 86
15 24
89 96
26 32
4 10
85 88
29 40
48 57
76 87
70 79
76 84
47 49
12 20
48 53
74 81
84 94
16 24
61 80
56 70
33 54
69 79
52 56
28 53
58 64
75 79
40 54
78 97
47 53
23 32
4 18
74 91
86 93
23 33
2 10
85 94
6 39
15 23
11 20
70 76
5 15
12 24
52 67
9 15
64 74
45 54
82 86
45 55
83 92
21 65
54 59
64 80
65 75
42 47
64 72
15 21
28 33
70 79
25 33
28 36
47 54
7 20
73 85
83 95
80 97
9 17
28 40
20 25
43 49
6 20
34 38
70 79
17 21
8 28
72 78
38 43
52 68
2 13
61 72
23 35
41 52
57 62
60 69
27 32
26 38
82 91
2 35
68 94
18 26
87 90
50 75
67 72
76 82
91 100
14 26
36 40
58 69
29 42
74 78
73 89
53 60
3 12
8 17
45 50
15 26
1 5
31 33
81 88
23 29
22 37
54 65
48 55
2 16
57 66
25 47
51 85
16 43
45 57
86 91
9 14
58 70
40 53
37 56
2 7
4 14
7 30
26 42
9 16
95 98
95 99
31 34
67 85
7 14
58 95
33 37
39 43
10 19
75 84
55 58
11 31
81 86
23 30
29 41
71 75
41 82
59 71
35 44
74 85
46 56
35 36
33 40
49 87
3 10
64 72
48 58
65 75
68 69
25 52
92 100
77 94
31 34
12 18
24 46
21 29
45 60
26 28
71 85
45 52
38 46
23 37
84 94
2 11
72 80
1 13
26 36
40 56
58 80
26 32
77 92
49 52
1 9
31 40
16 20
23 52
36 39
65 81
30 40
5 51
75 80
57 83
44 54
57 74
34 39
67 72
52 57
44 49
10 17
9 23
79 86
85 93
40 49
49 64
22 38
50 61
47 51
80 92
85 88
63 69
31 34
34 48
27 39
6 19
71 77
3 24
76 79
9 22
25 56
86 95
70 82
49 58
53 57
57 98
34 43
66 75
51 62
48 77
77 93
54 61
81 87
58 73
88 96
2 29
53 76
50 52
17 21
85 89
50 54
5 10
70 79
34 54
28 32
50 58
21 26
44 60
44 52
37 48
70 78
68 71
43 54
79 100
3 21
56 75
30 37
19 23
20 27
75 88
52 61
66 77
11 24
58 64
59 68
19 28
84 93
53 60
16 21
74 87
40 46
56 69
60 64
6 9
31 48
42 47
68 83
75 83
72 78
35 48
9 25
5 15
79 86
37 54
69 82
41 51
92 96
13 24
39 61
11 13
46 66
71 76
17 19
87 94
38 51
53 57
24 29
63 69
1 5
44 66
68 72
12 22
73 83
58 67
4 16
19 26
60 73
6 27
37 44
64 94
54 74
30 38
2 7
37 50
87 99
28 46
87 94
44 53
16 29
22 28
70 86
94 100
83 87
4 22
36 58
71 80
63 73
48 57
47 75
75 80
32 62
74 85
22 25
24 33
77 90
69 79
60 78
18 31
80 98
61 79
8 11
86 97
80 88
38 54
25 47
34 44
56 76
67 72
66 74
24 42
37 40
56 71
15 44
80 91
64 67
31 37
21 30
28 53
6 11
53 67
91 97
34 50
18 24
85 93
40 45
34 39
66 75
32 43
87 98
49 51
53 57
73 79
70 80
41 51
47 54
3 8
5 11
60 63
19 24
32 46
59 66
24 39
19 27
59 64
41 51
13 19
13 19
21 27
77 84
46 56
78 90
87 91
16 18
81 95
35 41
7 27
9 13
29 38
61 69
10 20
16 25
5 11
11 20
20 25
10 36
13 33
54 57
13 17
70 79
39 41
24 37
65 70
44 57
25 47
69 84
35 50
59 69
52 85
80 90
96 98
56 70
3 13
1 8
42 45
11 29
52 58
34 50
37 43
45 57
69 93
52 88
44 76
40 63
18 25
29 38
44 51
35 46
23 30
6 13
13 21
95 100
62 66
17 22
33 51
18 40
6 28
67 75
56 69
11 15
5 12
62 76
46 83
37 51
18 23
76 81
73 87
71 77
84 97
54 58
67 76
22 29
62 75
33 56
24 33
62 76
52 63
2 6
84 91
53 79
23 27
13 22
57 61
59 66
73 77
30 57
44 54
23 41
35 50
11 20
82 90
11 31
81 96
6 10
48 56
60 65
55 65
47 53
17 26
65 66
41 49
32 34
36 43
35 36
39 53
18 20
19 43
27 32
52 79
79 85
47 55
88 100
65 73
8 15
4 17
23 28
28 41
33 53
43 54
29 43
73 77
46 89
29 37
7 14
76 83
32 46
10 43
25 48
42 51
33 39
14 55
54 64
22 30
25 36
11 21
48 65
79 83
17 27
6 29
5 13
62 66
17 25
3 9
51 85
70 97
54 64
5 22
47 60
58 68
19 41
84 93
20 30
52 64
98 99
57 62
86 96
79 86
41 89
3 7
58 73
93 99
46 68
46 67
29 35
2 25
63 71
61 70
67 72
41 52
47 62
37 53
38 47
53 59
7 12
30 74
85 91
33 50
92 98
61 76
21 27
30 47
47 49
55 62
19 33
49 56
44 53
83 86
41 58
68 77
33 41
37 55
10 24
6 12
94 98
15 26
88 92
40 55
70 76
59 68
25 38
69 80
28 37
40 70
88 93
8 15
76 83
79 94
52 68
5 13
40 49
4 22
67 82
11 17
20 28
67 93
4 8
79 87
48 54
68 95
48 63
81 95
75 83
54 81
63 70
23 37
1 18
67 84
65 72
22 39
48 59
49 63
6 14
80 85
53 60
18 29
18 32
60 90
10 24
39 46
38 58
9 15
10 21
73 80
26 46
65 70
72 79
66 71
5 29
16 31
11 21
42 56
38 46
61 72
38 43
82 85
23 38
50 78
53 65
27 37
37 46
68 76
72 76
28 47
94 99
95 100
31 51
33 38
12 32
82 94
39 48
34 36
50 58
21 25
79 87
79 89
62 68
22 34
75 94
17 23
20 28
87 92
91 97
11 26
22 33
64 89
65 80
76 80
17 35
79 92
78 91
23 28
60 72
37 46
60 74
62 67
45 64
45 51
76 82
88 99
47 55
9 20
35 43
11 23
83 88
36 44
45 56
13 30
15 20
93 100
73 89
40 50
70 79
24 25
66 90
25 43
26 37
22 32
84 88
68 79
53 60
23 27
63 71
76 98
30 43
7 13
37 47
68 78
86 94
94 98
73 90
38 42
47 61
84 88
75 85
14 31
59 70
82 89
23 33
48 58
12 28
58 65
82 88
1 3
39 46
39 44
47 52
80 86
15 25
20 28
46 58
35 48
82 94
32 53
31 57
74 83
8 17
1 8
5 11
64 71
5 9
20 23
81 94
8 28
39 44
2 16
56 64
44 51
38 44
42 48
34 37
41 57
74 88
2 7
85 99
45 54
23 37
16 24
80 87
49 68
81 88
40 46
46 53
36 48
80 85
91 100
44 54
32 46
32 39
72 82
54 76
38 43
37 42
86 96
16 31
2 15
13 24
53 64
88 100
7 23
18 36
44 48
83 89
44 51
27 49
53 65
42 52
13 33
16 23
53 57
75 91
70 78
39 67
43 52
26 37
38 52
84 87
89 96
24 31
80 89
61 71
45 57
22 24
72 77
34 37
22 45
9 22
55 65
10 20
53 60
90 92
41 48
45 47
10 25
2 15
35 40
23 24
78 84
42 52
36 58
19 36
48 53
41 44
64 90
64 80
76 96
54 63
12 16
27 40
13 15
66 76
66 71
25 36
60 61
70 80
52 59
21 25
17 19
49 68
30 34
32 38
3 12
47 61
34 49
4 18
61 75
2 12
35 44
31 51
71 81
59 66
74 95
46 62
38 49
90 98
26 33
40 50
67 74
7 20
71 81
32 41
8 30
5 10
51 68
66 71
58 84
10 25
58 83
16 21
73 84
7 13
42 47
13 16
3 14
50 68
12 15
16 28
66 79
74 86
17 28
1 11
80 93
67 70
77 85
60 65
83 87
67 74
95 100
75 90
66 69
7 16
21 47
9 21
23 36
8 13
45 53
21 37
46 54
4 13
68 75
92 98
32 40
4 15
49 54
71 79
77 87
57 74
14 22
8 18
77 93
34 41
39 59
33 59
62 64
25 32
41 44
79 86
36 46
21 60
31 43
58 65
66 71
5 20
10 31
74 77
36 53
29 36
84 90
18 32
13 19
28 33
54 62
82 88
85 92
20 42
60 69
79 87
42 49
87 91
46 58
80 87
37 54
51 61
46 50
43 46
80 86
39 47
96 100
41 48
66 72
32 47
59 71
2 10
70 96
71 75
52 69
31 40
16 20
69 81
54 60
33 36
39 55
80 90
59 64
34 54
33 44
54 66
67 74
62 71
25 35
3 25
42 48
30 32
73 82
76 85
17 44
28 33
65 76
83 90
64 78
25 32
67 89
49 74
78 97
90 95
3 14
47 55
47 49
49 67
68 79
74 92
41 45
7 11
51 58
64 71
14 36
66 69
82 100
45 52
87 90
50 59
84 86
33 39
9 16
7 14
86 90
40 46
19 28
14 42
61 70
64 78
52 55
45 64
82 100
50 67
80 85
25 33
17 24
85 100
68 81
1 4
12 22
17 29
21 34
22 28
62 82
34 47
37 49
70 77
59 68
39 43
14 16
6 9
10 25
61 62
15 18
33 40
27 28
46 50
37 49
5 39
79 93
28 43
89 97
24 39
13 18
87 96
47 58
47 65
18 41
33 47
76 93
31 34
87 93
36 41
41 51
17 31
19 26
69 79
70 80
63 73
37 41
45 53
3 10
35 41
53 81
55 59
56 68
75 82
40 48
40 54
34 40
80 90
50 54
38 56
50 61
50 59
79 90
42 49
78 86
49 56
2 13
34 47
39 47
66 69
53 59
18 25
58 68
64 71
92 98
86 89
32 64
20 23
63 93
3 24
44 47
36 47
85 96
71 83
15 21
40 77
76 84
76 84
47 61
53 81
36 46
31 40
3 5
29 33
13 43
12 24
51 60
77 97
22 28
64 72
68 77
12 21
27 32
47 68
19 40
26 38
19 30
75 81
90 97
82 89
75 96
19 25
24 34
70 75
82 91
87 96
95 100
46 55
68 82
11 16
38 44
44 64
75 84
70 74
57 63
17 24
71 80
79 97
27 52
29 37
65 73
38 46
75 92
7 11
44 50
44 55
11 18
85 100
85 96
1 12
4 15
82 93
50 63
43 51
53 60
26 30
4 12
63 66
29 31
17 20
2 15
65 84
8 12
11 17
36 43
70 75
18 33
37 43
9 24
42 53
38 52
44 52
80 90
6 11
30 48
42 48
6 13
60 77
18 35
43 50
85 95
56 64
22 31
54 60
62 71
76 83
54 69
78 84
2 22
56 83
13 28
33 47
63 74
1 15
93 98
51 55
83 91
22 30
11 17
56 60
70 76
10 18
78 92
2 9
53 66
69 79
89 92
50 60
41 62
23 30
60 64
5 10
82 91
47 57
6 15
15 34
45 50
5 18
17 20
15 26
1 10
63 74
17 30
86 90
64 69
68 75
60 70
39 46
53 64
74 85
39 50
3 16
62 86
86 92
57 71
51 61
57 69
86 99
9 29
13 15
66 87
5 16
46 69
27 62
42 46
37 42
19 38
20 37
70 87
66 74
56 67
88 99
60 68
65 70
1 13
54 62
5 16
8 13
9 33
4 10
48 53
28 37
82 85
14 27
4 8
89 93
86 94
54 64
12 17
36 50
59 63
66 91
63 74
42 50
7 14
32 53
88 100
9 23
17 36
41 45
40 47
34 42
3 10
80 85
39 45
3 31
59 69
74 75
29 39
45 60
61 67
66 93
9 23
32 41
4 23
7 13
19 24
40 69
54 60
33 49
14 23
36 41
84 91
16 34
27 33
10 25
15 24
27 30
27 30
8 14
11 13
72 84
10 12
87 93
80 83
65 75
6 21
12 21
54 56
29 41
75 94
62 69
40 42
37 48
