100 20 20 1
00000000000000000000
00011000100000000000
00100000000000000000
00000010000110000000
11111100000010011000
00000001111111000000
00110000000000011111
00001001000000000000
00000110001000000000
11000001000000011000
00011100001110000000
00000011000000011111
11001100011000100000
00000000000110000011
11111101100000000000
00000000001110000000
00000001000000000000
00010000111100000000
00000000000000000000
0010000101001000000
0010000101001000000
0010000010001000100
0000000000001010100
0000010000001010100
0001000000010000100
0001001000101000100
0011001000001010010
0010100001000010010
0000101000100010000
0000100000100000000
0000010000100000000
0000010000100000000
0000000010100010000
0000001010100010010
0101000000100010010
0101000001000010000
0001000101000010000
0000010001000010100
0000010001000010100
3841
62 75
75 85
73 79
84 91
53 68
34 44
28 37
64 71
28 39
37 42
21 35
62 72
92 95
4 7
71 80
56 65
17 21
36 44
83 89
15 31
28 38
37 50
64 69
72 81
40 56
19 23
44 52
46 65
34 38
27 38
90 98
67 75
66 82
85 98
46 57
72 99
30 33
12 29
86 89
71 91
11 27
79 89
29 42
5 14
41 56
74 84
19 22
6 10
56 71
54 68
59 76
85 89
75 85
54 71
5 22
1 13
45 50
21 55
26 30
84 98
31 48
70 85
48 66
17 39
88 96
12 22
12 19
12 45
82 98
82 86
48 52
82 84
41 48
79 94
66 73
30 49
51 57
11 46
19 31
23 31
12 17
79 88
2 6
56 62
34 46
72 81
70 81
62 71
12 65
44 50
67 72
14 29
43 58
85 98
20 34
66 73
44 65
25 41
41 46
48 60
15 21
13 38
58 61
4 26
50 74
50 63
3 13
38 51
88 93
60 70
58 68
31 36
73 91
41 53
87 92
1 5
72 80
72 82
77 95
66 74
41 45
49 59
11 22
5 20
81 99
41 44
34 44
86 100
3 15
89 97
85 100
62 83
58 68
35 42
49 57
59 77
31 49
72 79
6 21
54 59
5 8
74 85
1 12
10 53
31 54
18 22
22 39
57 70
63 80
18 37
91 93
50 52
21 33
25 34
34 40
1 11
25 45
65 72
12 25
93 96
50 69
77 93
61 72
78 85
34 43
37 44
69 75
65 78
12 30
33 57
26 35
57 66
51 61
48 59
22 47
33 38
38 49
50 60
1 18
52 63
65 78
66 74
20 40
61 68
26 40
53 57
76 82
83 89
11 19
16 23
16 22
10 31
7 21
66 79
15 27
28 33
49 56
42 49
2 17
28 38
23 34
17 21
73 78
19 29
32 50
76 78
63 75
54 65
78 87
24 32
38 54
16 23
17 33
26 43
73 78
59 65
2 9
25 27
79 86
29 35
48 55
44 52
70 77
2 28
40 49
20 29
46 58
15 27
27 37
89 99
21 31
93 97
45 52
48 66
24 29
47 61
35 46
2 16
79 88
60 74
57 61
35 54
36 53
11 17
75 81
64 76
11 15
33 39
4 12
72 95
32 39
52 77
69 74
12 20
68 77
76 83
48 54
21 24
42 64
59 65
57 86
47 56
26 32
83 90
68 96
44 60
31 69
84 88
85 93
16 19
91 96
80 84
11 28
29 36
38 42
72 77
90 95
37 49
30 36
30 35
19 28
25 39
38 44
39 49
4 18
23 30
49 57
15 18
74 87
9 22
74 93
88 94
77 83
53 64
58 64
64 73
43 54
80 85
64 67
53 59
52 55
60 64
36 50
20 27
78 85
32 45
39 66
23 55
63 67
71 80
50 62
5 17
5 15
69 93
27 29
51 78
38 58
82 92
56 77
42 49
62 65
68 84
91 100
17 32
13 21
10 24
43 53
60 64
13 31
85 96
68 76
7 14
18 28
44 48
84 98
26 35
31 43
48 57
24 29
79 94
38 44
18 32
2 10
13 23
15 20
36 45
61 69
68 82
41 46
83 87
40 74
6 15
76 94
4 13
20 26
69 79
9 13
48 52
28 34
2 7
75 88
89 97
22 31
68 82
51 55
66 79
4 16
5 8
64 76
42 49
47 64
42 46
57 65
86 94
30 35
64 69
96 99
26 29
65 72
41 58
54 65
3 20
64 71
13 55
77 81
36 44
54 59
21 34
73 88
28 39
56 63
82 94
27 45
5 8
35 45
59 95
71 77
55 61
32 38
48 55
39 55
49 56
4 17
56 60
26 40
76 79
46 47
84 96
14 19
39 43
46 53
37 41
14 23
66 80
59 69
13 18
5 15
47 69
33 43
38 53
55 68
91 99
86 92
52 60
18 37
22 37
64 77
81 91
9 17
31 44
29 62
59 65
90 99
44 50
27 35
82 86
36 43
63 72
80 88
53 57
36 47
23 38
71 74
95 98
52 67
66 76
5 19
70 82
10 20
7 15
76 81
30 37
25 34
18 27
34 42
76 83
87 89
35 39
91 100
37 41
67 79
84 90
60 71
59 72
61 73
6 15
16 20
60 72
92 99
3 8
70 88
52 62
40 48
89 91
86 95
73 85
82 96
78 91
30 34
33 40
7 45
38 49
19 29
63 70
40 42
28 55
73 91
54 66
86 96
79 84
62 65
14 20
33 39
76 98
76 82
28 51
56 70
29 39
20 27
2 9
82 88
79 96
4 18
20 27
74 81
67 74
88 91
22 25
74 80
34 43
64 72
56 77
62 70
74 88
73 81
4 18
78 82
18 23
80 83
5 10
37 44
15 20
36 42
63 78
35 43
91 96
19 23
19 23
67 75
76 80
69 80
73 100
27 52
1 21
28 62
71 77
27 40
15 36
55 62
75 90
5 11
4 22
54 61
9 15
61 87
87 90
62 69
12 20
71 76
32 44
63 67
55 67
26 31
36 38
68 76
79 86
69 80
38 55
56 63
63 72
58 69
57 63
75 78
80 93
71 80
11 27
10 28
21 39
11 19
10 23
80 99
39 52
6 23
82 95
50 61
29 35
4 9
74 83
9 24
18 22
15 24
68 87
88 94
11 25
18 23
24 35
25 34
7 42
44 60
10 31
46 79
26 35
29 35
86 93
45 67
9 12
15 26
77 86
42 72
42 66
33 37
40 45
4 17
58 71
73 90
15 29
12 20
45 64
66 71
39 46
46 54
9 25
74 79
18 22
64 81
53 63
42 57
36 53
52 70
39 46
74 87
29 40
73 79
11 52
1 7
25 28
89 92
37 45
58 66
39 42
25 30
52 72
50 56
45 51
21 27
44 50
1 8
22 32
4 7
93 99
74 81
72 79
4 36
33 55
42 51
13 22
23 33
65 77
15 19
47 65
43 58
31 40
32 50
16 19
74 78
34 38
40 43
56 61
57 64
24 35
37 59
29 35
74 79
47 51
46 50
23 40
35 42
12 17
33 35
5 11
21 25
24 41
82 97
27 34
37 53
32 45
42 74
69 73
31 42
68 72
8 31
8 20
34 42
56 63
31 35
51 63
38 47
14 22
28 35
59 63
95 100
22 27
16 25
63 67
10 19
86 94
84 91
34 40
19 26
69 73
81 89
25 47
10 25
25 43
74 84
43 46
35 62
32 36
68 78
69 82
71 75
47 55
14 26
32 42
75 83
46 67
35 59
35 46
20 28
42 58
44 52
82 92
48 54
29 40
15 26
48 58
37 48
49 60
63 79
77 86
79 86
58 66
22 29
27 29
65 73
83 92
20 32
23 31
44 52
65 76
70 81
36 50
25 29
59 71
69 94
91 96
16 23
74 95
51 80
75 79
67 91
69 78
30 41
54 63
81 96
46 67
46 57
81 85
26 39
55 76
6 22
69 80
24 28
55 66
76 85
20 32
63 67
13 26
94 100
59 66
31 55
45 58
32 39
12 23
30 38
15 24
63 72
73 83
40 49
30 48
22 37
70 79
6 34
27 77
13 21
13 15
55 58
85 92
9 22
5 15
38 52
50 52
54 79
12 22
52 76
33 42
71 91
62 65
45 56
70 80
38 64
92 98
64 90
25 46
68 75
47 55
6 30
60 69
64 83
20 35
87 92
79 92
19 40
76 80
17 39
46 57
68 73
34 47
30 34
92 96
20 40
67 74
87 100
61 67
33 39
14 18
46 49
62 93
5 11
11 28
40 48
26 27
1 9
55 69
66 80
68 78
50 56
9 19
7 18
5 18
15 22
54 61
11 26
14 26
68 81
38 44
12 56
3 13
67 77
4 24
2 10
32 40
54 62
4 36
61 66
73 82
34 41
59 66
43 48
83 89
65 70
59 63
28 38
64 75
8 21
55 74
58 59
28 39
77 90
70 84
49 52
61 67
96 99
7 20
32 53
82 95
76 81
61 74
37 43
19 23
54 65
46 54
27 35
47 63
2 9
68 79
42 53
30 40
1 22
83 98
43 51
25 37
7 22
71 77
81 87
70 78
41 49
45 69
35 48
45 47
36 52
27 30
77 80
3 11
58 75
33 69
38 43
75 81
40 46
15 64
37 54
27 37
87 96
42 45
47 53
75 89
97 100
55 66
63 71
13 32
27 42
49 54
39 46
8 21
28 36
58 65
17 38
63 69
19 30
37 41
37 45
35 48
68 71
24 36
6 29
8 14
84 89
52 60
75 83
25 43
48 59
58 67
89 97
11 24
64 67
62 77
55 78
69 72
38 51
87 94
21 35
20 37
58 61
38 53
69 84
1 7
77 96
59 89
63 71
2 20
26 46
1 18
89 98
2 26
57 80
73 81
89 97
30 40
65 71
45 61
21 28
57 66
19 40
31 47
82 90
90 99
69 71
79 96
70 74
72 86
54 61
91 97
33 71
16 22
27 31
51 69
48 56
66 81
44 51
8 16
33 44
84 99
3 30
74 82
21 30
29 41
27 50
24 32
64 77
80 84
29 41
50 60
5 30
53 62
55 71
9 19
36 49
36 45
12 20
85 95
63 67
22 33
88 97
40 46
3 13
86 96
46 51
69 83
57 92
23 29
83 88
27 36
35 42
62 80
23 26
69 81
13 22
87 92
5 9
44 48
59 71
21 33
15 33
41 53
5 20
2 7
83 86
67 77
45 51
31 34
7 14
67 70
3 8
77 94
2 11
36 48
7 13
39 58
20 26
18 20
86 93
9 14
28 39
22 37
91 100
36 56
13 19
21 31
68 77
30 47
51 80
8 46
58 62
33 41
47 55
15 20
67 71
75 87
63 73
80 95
2 18
68 84
53 55
59 64
23 29
35 52
65 71
31 41
1 9
39 71
29 97
30 33
54 59
31 39
38 40
44 61
15 30
94 100
6 11
82 95
30 43
49 56
53 57
70 97
72 85
76 84
35 46
10 14
55 81
19 31
4 19
28 50
72 85
22 30
29 34
12 40
15 56
91 97
82 86
1 9
78 84
93 99
83 94
32 38
73 76
39 42
28 37
57 61
44 51
40 61
49 64
58 73
69 81
23 32
1 13
61 66
47 77
66 69
52 64
71 86
86 89
12 17
16 25
77 83
70 83
50 60
58 67
81 83
65 74
50 57
61 65
8 16
18 38
15 18
5 24
83 90
25 36
65 92
85 90
4 20
9 12
6 13
56 71
11 19
49 60
54 56
71 80
23 45
18 27
63 68
29 31
70 74
37 47
81 85
21 28
82 93
58 67
57 70
3 14
62 67
55 62
19 25
9 12
42 59
55 68
91 96
52 73
75 81
78 88
7 22
19 25
62 65
69 88
57 64
74 86
67 83
66 84
43 48
32 37
81 95
19 42
72 86
38 45
34 53
33 39
18 27
4 19
26 34
38 42
87 93
82 83
47 57
17 32
7 10
74 96
81 89
7 12
13 30
57 63
44 61
58 67
90 96
53 71
37 50
20 33
51 56
63 76
36 49
78 87
39 45
26 43
49 61
44 55
39 44
87 95
37 56
42 52
36 47
34 36
21 27
77 94
24 28
36 42
18 21
53 82
25 30
53 70
27 46
40 60
14 19
89 100
70 88
44 57
42 59
51 56
35 38
80 99
53 62
35 54
12 31
60 62
11 24
39 45
47 51
81 89
86 93
97 100
49 54
86 96
24 33
21 26
88 96
81 99
38 46
91 100
40 45
45 55
20 31
35 46
78 97
32 40
46 56
57 61
8 23
69 78
93 99
42 46
27 33
49 60
18 39
15 22
16 20
2 11
61 70
38 47
2 11
4 5
62 69
81 88
86 93
11 34
54 59
62 69
84 98
31 39
55 59
56 64
27 36
80 94
2 12
34 69
56 61
19 25
1 5
33 41
22 29
77 88
27 37
50 87
84 94
70 92
14 24
63 76
7 18
2 15
57 62
4 13
22 26
46 62
79 88
71 83
42 50
1 8
86 92
40 59
52 63
68 83
86 92
18 22
56 59
3 30
76 83
69 80
52 58
51 59
45 54
20 22
51 56
11 21
31 36
68 75
57 73
24 31
81 90
26 34
23 26
63 72
52 64
76 84
13 18
28 41
36 43
25 43
5 9
24 30
55 68
77 87
70 74
29 48
50 63
79 100
52 58
55 67
56 65
66 79
40 55
15 32
29 33
79 93
88 98
14 27
34 54
9 17
82 91
75 86
32 39
78 85
28 57
86 93
37 45
39 54
17 22
86 94
76 87
8 24
48 57
70 76
22 40
45 60
57 68
35 39
65 69
27 42
56 64
41 56
30 42
71 78
8 16
19 23
24 32
82 97
52 82
71 76
47 56
62 82
72 85
35 40
65 83
54 67
33 38
4 19
66 94
15 21
66 81
42 46
78 80
12 18
14 24
18 21
17 26
88 93
3 9
88 95
53 55
75 83
82 91
62 70
86 93
15 19
77 92
19 37
4 14
39 43
54 60
44 66
34 43
23 29
74 93
61 69
9 14
70 90
18 27
48 50
29 42
65 72
36 80
17 29
9 16
22 26
49 53
31 48
7 12
26 33
1 11
4 17
95 100
40 48
97 100
86 96
68 81
51 53
61 75
19 32
25 34
56 62
74 92
4 8
93 100
11 18
57 63
68 85
69 78
24 44
55 74
17 25
37 42
39 48
59 64
8 18
69 82
6 18
54 55
12 29
80 84
10 49
4 12
67 73
68 70
56 60
38 42
14 22
81 91
43 52
20 25
14 21
60 65
12 30
11 18
57 65
75 88
82 97
66 72
4 13
59 77
13 30
77 85
75 80
37 40
64 75
65 76
2 23
68 79
30 36
70 92
6 16
34 46
69 79
71 78
21 30
77 79
72 78
59 65
72 75
1 37
75 80
17 38
7 36
1 6
51 60
29 41
81 91
59 65
34 51
14 25
32 39
64 69
70 79
9 20
28 37
15 20
58 70
20 47
12 50
86 91
15 39
33 40
39 48
84 93
22 27
62 69
81 85
54 59
48 51
66 93
70 74
61 66
75 81
45 50
76 84
49 53
15 22
83 96
24 33
84 97
88 95
52 58
56 58
58 68
81 94
28 45
84 93
80 92
50 62
73 78
38 52
18 23
32 36
73 92
24 49
10 13
83 97
90 94
46 53
87 91
61 70
34 46
67 71
51 65
61 67
28 41
80 84
62 70
55 67
15 26
26 31
83 94
2 26
75 77
78 87
61 75
53 63
54 60
71 76
50 53
32 34
73 84
62 67
80 87
7 11
22 45
76 89
54 62
20 27
91 95
31 44
70 91
34 45
41 84
28 42
5 17
11 27
54 58
2 5
19 26
23 38
4 12
18 30
50 57
76 96
44 46
57 67
95 99
61 68
78 79
2 7
95 100
12 21
19 35
14 52
31 35
83 93
49 54
21 28
41 45
11 16
11 35
16 26
59 63
5 9
73 85
62 77
79 92
26 29
66 72
57 86
49 58
38 49
17 26
25 38
4 9
40 81
32 38
54 70
27 36
6 24
4 34
86 95
85 90
77 79
85 88
35 51
60 67
35 44
53 56
44 48
1 12
11 13
26 30
34 56
16 26
72 86
51 55
15 31
87 98
55 60
40 63
11 28
22 39
41 52
53 57
45 89
37 56
75 83
13 26
49 54
36 49
35 39
57 79
79 81
36 45
94 100
41 54
36 43
26 36
84 98
81 93
34 45
27 39
53 58
64 77
28 37
88 100
54 62
24 31
95 100
3 13
64 74
57 76
10 21
69 81
91 98
85 89
10 19
17 51
18 52
3 13
14 33
77 97
1 9
74 91
13 24
15 20
88 92
63 69
7 21
63 67
32 40
54 61
1 17
6 21
13 26
13 16
56 69
78 84
13 22
17 53
38 49
45 54
84 88
27 29
69 79
51 57
39 45
77 83
31 50
89 95
62 73
22 24
40 50
32 35
77 82
12 18
71 90
10 31
67 70
72 84
74 88
36 41
32 55
89 99
24 54
42 49
65 78
87 99
3 11
53 60
12 61
59 63
40 84
81 86
29 35
6 15
33 42
78 85
15 27
77 90
36 44
2 9
81 83
20 28
47 59
56 63
6 8
17 34
76 82
79 86
69 75
82 88
13 23
47 57
51 58
64 69
39 46
78 87
91 94
74 82
28 79
49 62
72 87
53 71
1 11
72 78
43 48
44 49
80 86
60 68
44 59
3 9
54 74
84 95
86 92
57 65
29 36
60 64
8 20
89 100
79 86
40 49
49 68
84 100
31 43
4 13
59 69
37 51
6 32
32 49
16 31
10 25
75 90
63 79
78 87
33 39
49 59
43 60
66 72
11 24
28 35
83 95
86 98
71 77
45 50
49 59
90 100
46 54
32 46
32 38
6 27
7 11
26 33
7 11
64 75
82 90
65 71
73 88
72 81
65 73
93 98
25 40
87 97
8 23
80 90
90 94
53 54
16 18
27 36
10 12
85 91
57 63
71 74
50 64
8 13
31 37
62 84
76 85
52 56
1 17
90 98
3 10
3 10
88 91
43 47
30 34
62 75
17 32
12 37
2 13
17 22
66 70
9 63
49 58
57 64
22 35
37 50
32 38
7 12
9 18
73 83
34 39
44 46
24 28
10 21
24 28
54 64
33 49
77 97
5 10
59 71
6 16
3 13
80 95
46 51
33 45
84 89
83 94
3 15
29 46
12 22
37 39
27 33
21 27
77 92
56 72
28 41
45 54
74 78
28 37
45 49
54 61
39 45
39 50
80 92
69 75
40 53
63 67
35 45
55 57
63 75
69 74
75 88
48 50
2 10
46 61
78 88
82 92
18 23
2 9
61 68
23 30
34 60
54 64
63 69
54 75
74 88
88 94
24 26
32 48
1 15
74 82
83 86
77 88
85 95
27 32
74 81
47 59
56 65
26 36
40 48
42 58
43 54
6 11
74 82
50 85
50 52
91 96
71 79
5 23
3 19
37 50
69 89
54 69
47 52
77 88
40 56
83 93
46 56
76 84
69 73
29 31
1 10
34 39
25 29
41 72
22 25
52 65
79 87
4 18
69 72
56 62
54 62
17 24
31 41
92 100
76 84
38 54
53 59
1 2
11 51
36 40
33 39
19 26
34 39
12 26
50 74
58 67
17 28
38 49
23 34
91 100
18 27
41 44
68 76
57 66
68 77
11 13
7 28
48 67
59 67
27 49
74 77
14 23
49 53
69 91
70 75
11 19
4 12
82 87
8 19
6 69
63 84
11 45
22 33
28 46
50 58
53 72
10 18
10 22
87 96
72 77
84 92
37 50
26 36
32 39
5 16
34 42
34 40
19 51
11 18
63 74
46 57
69 80
65 72
22 29
87 95
14 31
51 60
3 18
14 32
7 21
21 34
18 29
18 28
2 6
38 57
7 19
7 15
66 84
75 78
25 33
79 94
40 86
45 48
40 46
45 51
89 99
19 41
59 65
34 40
77 80
25 33
70 80
36 41
59 71
46 72
24 30
43 49
81 87
63 70
76 85
70 72
80 89
37 46
11 17
58 66
59 62
82 91
52 56
69 74
63 80
50 97
53 63
42 46
26 39
17 29
75 89
34 38
17 22
56 64
20 39
36 48
7 14
79 88
41 55
76 81
77 90
22 51
85 88
6 21
25 31
39 44
55 61
4 11
9 13
47 77
15 24
89 92
18 26
58 66
27 34
69 75
83 90
34 50
75 80
10 17
35 50
46 61
28 36
16 26
79 84
8 16
44 50
7 22
14 37
82 86
35 70
63 67
50 58
23 26
12 18
6 12
20 31
4 20
42 74
48 58
10 22
37 42
69 73
5 34
76 88
40 57
34 46
27 32
84 99
50 70
56 71
29 37
71 78
54 64
89 96
53 70
40 48
63 72
16 27
34 40
12 23
57 66
74 79
30 40
9 15
25 49
47 53
10 18
71 73
80 94
62 76
29 34
73 93
5 13
58 66
32 38
14 20
74 78
51 68
68 87
45 55
10 25
58 68
29 38
94 96
14 33
24 37
87 93
18 26
93 98
53 67
87 94
56 65
85 90
72 89
18 22
7 10
83 99
26 30
61 67
78 100
22 29
94 98
3 8
33 43
23 35
43 57
93 100
22 30
30 42
78 85
60 75
6 8
30 39
80 84
66 77
37 44
78 90
75 80
53 67
35 53
20 43
91 96
71 74
61 65
15 36
16 18
11 20
45 53
91 94
57 66
86 97
1 31
63 73
5 14
7 16
60 69
78 85
67 78
13 17
17 21
46 53
38 43
79 95
60 67
27 47
45 51
40 48
82 96
90 96
3 12
25 35
60 73
70 74
41 52
32 34
21 32
3 13
66 74
54 79
22 36
79 83
29 32
16 33
19 31
46 59
56 71
77 87
34 42
47 58
66 74
14 19
88 95
3 13
74 85
29 34
82 88
31 36
68 71
33 44
84 98
85 94
81 92
21 28
6 20
57 63
56 77
53 76
56 60
60 80
32 48
43 61
68 76
55 61
26 48
6 20
14 22
71 89
73 80
78 84
68 85
56 72
91 99
35 44
40 48
11 17
77 82
23 35
49 63
9 23
25 36
58 65
77 92
55 64
43 56
70 84
44 48
42 57
33 39
46 53
44 91
83 99
42 45
28 35
62 81
54 63
75 85
46 58
47 62
6 14
3 6
19 26
82 89
44 49
30 34
74 80
9 26
35 46
69 78
28 31
88 98
1 6
65 72
8 20
76 91
28 44
35 50
48 59
63 69
58 70
46 62
24 33
6 24
47 63
52 62
54 61
14 17
68 73
49 50
22 30
18 22
61 73
46 54
84 93
86 91
10 15
64 71
87 95
9 14
33 52
67 73
68 71
59 85
85 98
55 70
73 79
3 8
36 59
9 25
36 50
38 42
70 76
62 68
57 68
57 69
3 17
53 67
24 28
18 25
86 93
71 80
7 17
86 88
22 38
49 52
66 81
24 33
13 17
29 37
91 96
8 26
59 68
27 39
44 51
74 78
59 65
37 41
18 23
4 19
25 42
69 87
67 75
69 74
7 15
7 31
56 66
74 82
40 49
14 28
69 93
29 43
34 38
43 50
57 60
4 16
68 77
40 43
35 39
40 57
52 55
94 96
48 54
66 71
75 79
18 26
23 26
46 53
26 34
29 41
48 52
62 71
34 42
73 87
7 9
23 36
41 47
38 42
72 84
24 28
39 57
45 61
6 9
71 96
9 10
47 51
73 76
59 71
75 84
10 20
77 83
10 12
86 92
52 80
94 99
81 89
32 44
1 6
33 44
88 96
59 79
32 56
33 53
67 72
26 43
29 34
23 30
63 70
30 74
80 92
55 58
28 33
26 44
18 23
26 34
39 46
87 91
34 42
62 89
64 70
15 20
6 12
63 72
90 98
10 18
82 89
20 43
47 49
3 12
92 97
68 78
1 11
60 73
57 64
58 69
65 80
20 33
1 20
3 11
83 91
8 21
20 36
8 18
18 23
3 13
9 39
37 49
97 100
73 83
24 33
8 19
84 87
23 35
2 13
4 15
69 84
73 85
74 77
5 16
83 93
62 70
57 85
61 68
47 55
87 92
10 16
31 37
26 35
8 21
18 36
54 66
34 39
36 40
88 92
31 61
80 99
66 71
7 14
59 71
9 15
32 40
78 86
25 36
19 28
84 94
52 75
82 90
68 79
47 58
13 26
22 29
86 94
70 80
48 60
11 34
38 48
55 59
44 50
26 38
89 99
54 63
54 66
24 31
12 95
70 88
32 36
45 49
79 85
54 61
15 17
49 78
18 32
6 9
52 57
19 24
2 10
80 93
46 51
6 13
38 46
14 19
87 90
82 92
54 67
25 31
20 24
59 65
40 46
77 87
53 57
3 10
73 89
68 71
2 22
71 86
75 79
61 65
13 21
24 34
69 82
6 14
69 88
25 34
78 91
4 13
39 54
52 55
72 77
6 64
81 98
64 69
43 66
40 73
79 86
20 29
33 42
85 89
41 49
24 32
68 76
47 54
24 32
17 31
28 50
3 15
65 77
40 47
69 77
70 77
82 99
14 17
1 14
78 85
6 15
15 21
85 91
24 50
85 93
47 52
75 93
37 44
48 55
7 14
66 75
77 81
36 57
62 76
73 85
69 74
42 45
5 12
9 18
13 36
20 53
45 55
18 35
61 69
9 16
51 56
35 37
68 76
43 61
34 41
26 31
60 78
27 47
32 38
55 69
54 57
8 18
2 9
12 24
13 15
10 31
16 26
44 46
56 76
31 41
30 46
68 69
27 37
82 98
54 64
43 48
3 34
10 15
13 25
46 65
20 28
26 44
89 90
90 91
61 67
71 79
84 95
4 8
66 70
34 46
36 45
36 47
94 100
8 9
39 53
11 21
87 98
95 100
75 80
70 81
54 71
36 58
29 34
25 40
2 14
38 50
68 85
54 67
20 25
23 28
89 93
59 69
6 25
18 27
23 49
74 94
25 44
14 29
72 77
30 42
64 65
41 47
43 52
38 51
81 88
25 39
4 19
73 77
68 76
28 43
16 23
61 75
3 15
33 47
73 99
43 72
5 24
23 49
36 45
29 33
31 44
68 86
37 41
49 52
92 99
7 15
20 36
85 90
47 53
24 33
3 20
88 97
31 43
50 59
38 45
86 93
21 25
82 90
89 99
54 64
60 64
74 89
85 95
31 82
90 96
5 38
19 25
32 41
51 60
89 93
20 31
2 11
9 28
79 91
45 60
4 6
96 98
6 11
80 96
58 69
27 34
48 61
59 64
18 21
86 93
62 72
79 90
68 85
60 66
4 25
32 39
5 22
34 50
83 86
16 22
77 82
49 54
48 61
8 14
27 32
72 76
9 19
50 57
10 19
25 35
28 40
95 100
9 30
49 69
46 58
55 68
77 84
65 85
23 40
74 76
26 30
61 79
21 28
2 22
71 85
53 62
74 83
57 96
80 88
74 78
86 95
21 36
80 88
22 31
42 54
57 68
47 60
86 96
79 83
8 21
90 94
89 98
7 47
89 100
29 33
28 53
72 88
51 53
53 57
7 27
3 16
55 64
5 9
45 50
76 87
69 81
48 61
7 23
39 43
3 19
88 98
11 15
75 84
50 60
35 41
18 23
5 13
1 12
68 87
4 20
15 55
41 53
9 16
14 29
13 29
77 91
65 72
71 74
28 36
46 59
35 47
66 68
95 99
67 71
44 52
48 53
59 71
12 21
9 14
54 68
8 16
64 87
85 90
23 38
35 42
69 83
1 3
2 8
69 77
1 2
27 34
10 20
21 34
24 38
95 100
18 33
64 90
76 82
56 67
30 43
85 97
31 52
39 55
63 91
80 89
18 36
17 28
57 93
32 49
61 70
15 25
87 93
36 40
46 52
67 75
7 25
70 77
22 28
12 56
27 39
4 20
5 13
3 14
64 76
48 56
19 39
51 63
27 42
58 64
59 72
88 93
22 64
46 51
61 63
8 19
76 82
45 68
21 33
65 70
7 10
78 86
57 65
38 57
30 40
61 75
10 19
77 88
74 80
42 47
41 47
19 27
9 14
28 45
28 38
81 93
10 18
15 42
68 77
40 54
17 38
15 22
60 67
58 75
87 96
54 79
88 91
32 41
27 32
5 24
8 12
78 82
70 83
23 30
55 76
83 88
90 96
12 18
78 86
82 84
25 58
91 97
40 70
15 43
14 26
25 29
61 71
19 25
57 64
60 63
84 90
50 54
64 74
15 32
12 35
50 67
72 81
30 59
19 34
67 82
30 45
42 56
57 77
22 32
52 66
14 21
9 16
75 83
77 96
7 17
88 94
56 67
21 40
48 59
45 54
30 41
44 53
30 44
26 30
49 58
63 70
3 24
63 77
58 63
87 94
83 95
79 95
71 79
2 28
44 54
68 81
74 76
54 62
3 14
67 75
54 61
63 77
13 24
82 86
31 45
73 79
61 74
74 93
83 89
31 36
31 82
61 75
33 65
39 47
76 81
64 75
30 42
57 72
72 78
22 32
79 82
44 48
7 21
57 66
60 84
43 59
76 81
79 95
63 71
60 66
24 30
45 59
57 71
92 96
55 73
53 82
29 37
11 15
44 64
26 39
19 42
53 55
3 9
3 9
13 29
48 62
76 81
34 45
89 92
2 20
63 69
47 58
73 81
43 55
14 26
65 75
27 34
83 97
88 94
37 54
74 81
8 34
17 19
30 49
64 74
39 45
66 71
73 86
23 27
12 33
45 50
43 64
68 75
81 83
43 55
47 58
62 75
55 72
58 75
31 35
92 97
34 40
83 86
76 78
53 64
85 99
17 24
54 57
70 85
28 37
74 78
88 95
70 81
78 81
45 60
93 98
71 81
21 36
50 66
12 18
92 99
17 31
94 98
4 17
68 79
31 44
39 49
48 55
5 8
59 77
80 88
67 70
57 75
65 77
46 55
47 59
55 63
35 43
45 56
41 48
35 44
85 92
3 17
15 31
43 58
19 26
55 66
84 95
52 62
83 85
26 50
69 83
51 55
81 88
46 54
2 37
11 24
2 9
53 65
46 50
86 95
31 37
31 38
41 49
7 13
34 58
43 48
1 3
87 91
15 18
5 7
60 68
59 65
33 47
80 94
61 63
94 98
31 42
84 91
92 100
8 11
7 19
66 70
4 9
72 86
59 67
30 65
6 45
43 56
41 45
35 39
75 91
92 100
34 50
53 60
82 87
15 19
54 72
10 19
5 18
88 97
74 80
70 100
7 13
11 15
17 51
40 57
57 67
84 89
80 91
15 20
68 76
45 69
70 75
70 90
78 88
19 27
38 53
84 88
50 61
46 56
59 71
51 56
86 90
46 63
68 71
64 70
26 31
13 23
23 32
47 55
88 93
52 58
63 79
75 85
2 4
74 79
10 19
49 55
22 30
67 75
69 84
4 6
27 33
38 48
86 93
65 75
5 10
52 60
10 15
47 54
75 79
52 58
37 57
66 79
10 17
92 98
82 89
35 46
45 46
61 80
45 51
62 79
77 84
86 95
37 42
82 94
41 54
93 100
31 32
43 51
61 75
55 66
54 63
48 51
72 79
78 88
87 99
78 94
52 60
59 70
7 46
31 44
35 40
6 10
39 56
72 80
70 80
61 65
75 80
11 13
3 14
37 50
40 43
95 100
12 20
44 57
20 24
42 49
4 12
6 15
80 85
75 82
50 72
24 29
16 24
33 42
11 31
54 63
42 54
1 14
67 76
45 56
8 11
50 58
76 84
79 90
56 77
29 34
66 69
74 98
29 43
67 74
14 35
39 50
37 55
86 96
77 94
80 89
41 46
29 44
17 23
57 60
66 70
19 26
31 36
67 76
18 24
34 59
40 51
24 26
56 72
29 62
12 26
23 29
79 93
90 93
44 51
94 95
86 95
47 64
34 57
25 32
32 55
65 75
5 25
29 38
52 65
4 11
27 31
60 69
14 26
65 73
81 89
2 19
61 77
3 16
71 79
5 11
31 35
4 14
12 37
75 86
59 83
47 78
2 8
51 59
55 62
37 41
29 41
44 56
57 71
59 66
5 15
15 17
71 79
49 54
49 56
83 91
84 86
6 23
56 61
85 89
66 72
41 45
34 41
45 49
45 50
25 36
39 46
58 80
74 83
23 29
20 29
45 54
22 25
12 30
24 29
28 35
92 100
1 8
67 77
66 75
83 97
77 91
23 26
79 86
68 77
57 68
21 49
59 73
80 93
42 52
63 76
79 86
11 16
89 96
44 49
86 96
90 98
58 61
15 16
37 53
68 77
6 13
39 52
18 37
7 25
7 16
31 38
31 42
62 74
69 77
71 80
36 51
62 68
43 61
8 16
5 29
81 87
68 76
27 36
91 98
83 89
61 70
41 45
65 71
62 67
11 22
34 42
81 87
39 65
70 78
4 21
38 47
50 55
17 23
66 76
70 79
30 58
14 22
34 45
81 91
53 65
81 84
33 50
5 14
4 32
54 65
5 32
44 83
80 98
60 77
8 15
34 49
58 77
62 69
75 81
37 45
24 32
24 29
19 24
17 27
64 76
73 81
57 76
39 52
31 60
61 65
51 57
25 27
2 12
1 11
19 27
28 52
7 13
41 51
76 85
26 30
7 15
23 31
91 97
6 10
27 35
69 74
66 77
5 11
16 42
46 61
10 16
91 99
76 83
50 60
74 81
95 96
75 96
68 76
15 28
53 65
35 40
78 84
45 63
51 64
67 82
34 43
82 92
35 38
54 83
64 71
10 30
74 80
30 38
31 38
48 59
31 36
51 57
19 66
52 56
65 71
81 90
62 74
45 89
30 40
34 37
64 70
13 29
76 90
27 30
76 80
71 86
8 18
72 82
75 89
61 66
72 86
73 80
53 65
30 51
38 46
39 53
82 90
5 19
30 33
66 85
37 45
50 65
32 47
58 68
34 36
7 21
74 79
9 15
38 49
10 39
65 69
30 41
49 53
22 29
33 45
60 74
46 53
60 64
50 63
41 52
6 46
4 27
2 19
89 95
38 51
51 59
78 90
45 59
58 74
93 100
22 27
10 19
41 46
46 61
15 18
11 18
38 42
74 86
84 85
68 80
73 80
85 96
54 66
23 32
4 18
2 24
92 100
33 42
17 23
40 55
57 63
56 70
50 56
92 96
31 49
65 76
42 48
5 15
9 17
88 100
39 50
67 72
64 71
25 32
83 90
75 86
41 46
55 72
62 76
70 79
70 75
59 67
16 22
81 90
88 96
28 42
5 22
49 63
9 13
24 31
12 44
18 33
37 45
66 73
51 63
31 33
25 61
26 44
64 74
95 99
45 72
41 47
32 50
88 94
11 18
5 10
94 100
16 33
45 67
31 38
21 35
56 71
94 99
42 60
13 17
44 47
54 68
2 21
41 61
42 52
91 97
40 42
45 58
82 90
36 42
64 86
66 75
40 48
2 29
78 85
24 47
80 82
64 76
17 33
65 78
49 61
33 44
71 84
12 25
41 48
71 83
54 64
29 42
52 74
89 96
80 99
46 57
2 21
4 17
76 85
27 31
48 64
9 30
40 47
32 36
12 35
45 54
49 67
79 88
11 15
88 93
46 51
47 52
56 77
77 84
53 64
38 42
45 55
47 57
63 64
78 90
20 33
12 35
46 71
29 35
6 19
16 23
63 74
34 43
84 87
32 41
42 53
35 44
89 100
31 93
27 33
24 29
64 70
85 99
27 34
16 20
48 59
36 51
87 94
67 76
22 30
83 99
90 96
14 21
33 34
54 92
5 26
69 75
79 84
51 66
25 27
7 19
29 47
