100 20 20 2
00000000000000000000
00100000100000100000
00000011000011110000
00001100000000000000
11000011111110011000
00110000000000000111
00000000000110010000
11100000000010000011
00000001110000111000
00010000000000000011
00001001101000000000
11000000010001111111
00000000000010000000
11111111100001100100
00000000011000000000
00000000000000000000
00000000000010000000
00110000000001111100
00000000000000000000
0101010000100010010
0101010000100010010
0010010100000100010
0000010001000000010
0000110001000000000
0100100010001010100
0001000010001010000
0000001010001000000
0010001010010000000
0010100010010010000
0001100010000010000
0000000011001010000
0000010000000010100
0000010000001010100
0010010010001010010
0010010010001000000
0000010010001001000
0000000000000001010
0001001000100000100
0001001000100000100
6030
72 80
7 12
18 27
11 18
56 85
79 85
16 21
37 39
50 61
82 84
32 36
64 75
28 38
23 30
75 90
2 9
43 63
37 49
74 83
75 83
76 91
88 97
17 23
18 30
95 100
83 88
8 17
6 21
15 21
5 15
12 40
7 17
81 90
4 9
90 93
86 93
53 58
17 29
20 23
35 46
68 82
55 62
80 83
69 81
88 97
55 64
28 32
18 27
46 55
4 24
44 52
61 72
77 88
14 21
81 84
43 47
74 81
24 33
39 45
23 37
30 41
44 57
59 74
72 78
83 89
87 96
38 46
62 70
32 48
43 53
26 36
87 94
30 37
63 78
27 42
29 44
63 70
53 61
50 52
54 61
23 37
53 84
23 30
13 24
15 27
23 35
71 79
62 64
14 22
90 98
82 88
73 94
52 55
70 80
44 50
46 64
72 91
46 65
85 88
23 38
18 24
52 56
1 5
8 13
6 14
26 43
78 96
2 8
29 38
52 55
60 77
42 66
65 73
90 99
62 73
11 18
52 58
34 37
26 37
36 45
30 55
73 83
35 44
3 13
1 12
31 72
59 69
20 26
11 29
62 83
81 88
47 59
20 26
85 97
24 34
6 28
60 79
90 93
76 87
80 84
32 39
83 90
53 63
9 21
28 36
54 58
63 77
44 49
70 77
66 76
51 61
30 45
36 38
51 65
52 66
39 45
35 44
50 56
79 84
21 26
24 55
80 83
6 17
71 76
4 8
41 55
12 21
13 20
53 69
6 11
20 30
82 95
10 19
52 57
51 59
38 44
11 16
16 22
78 87
69 80
29 40
66 73
86 93
16 37
93 98
78 93
37 45
40 48
24 32
53 66
64 74
82 92
15 20
11 42
24 40
76 89
38 45
67 90
72 84
44 59
74 88
77 93
38 46
5 14
29 45
49 59
62 67
37 49
17 41
1 8
58 65
25 35
3 13
17 18
49 58
30 34
47 55
30 33
44 74
56 71
53 55
67 86
80 88
45 49
71 75
71 79
40 58
44 51
81 98
81 96
40 53
30 42
78 85
71 85
35 53
14 22
11 13
84 94
34 49
9 38
94 100
31 39
30 39
33 45
17 23
90 95
81 90
12 32
6 10
9 17
88 92
1 7
43 51
29 45
86 97
7 17
49 58
11 14
88 99
68 74
19 43
75 86
37 51
38 51
69 71
81 87
21 32
39 47
49 56
76 79
31 39
61 73
93 96
66 77
87 98
67 73
37 53
49 60
40 50
4 10
14 28
48 54
73 79
82 95
43 50
19 24
6 38
73 90
19 34
19 29
60 64
93 97
39 60
78 86
31 41
36 46
67 82
65 75
22 24
32 40
76 80
39 49
5 25
11 39
68 81
86 92
32 47
61 81
37 57
30 36
9 18
79 94
70 76
68 81
4 37
7 12
35 53
26 30
19 21
69 74
74 78
88 92
64 68
60 73
66 73
59 73
76 87
12 28
33 39
16 24
23 45
83 91
88 94
52 61
89 90
21 28
34 61
41 51
21 27
67 86
46 60
73 81
35 53
8 10
48 55
22 30
73 81
51 57
69 76
56 72
47 54
54 66
57 65
34 53
52 58
3 20
48 53
63 74
14 21
4 18
9 13
63 68
55 63
25 33
68 90
42 47
9 21
11 21
80 91
66 81
44 57
30 37
44 60
7 16
17 31
4 14
78 95
68 80
73 99
12 26
13 28
27 40
47 52
75 80
76 82
42 47
37 43
38 42
64 71
29 43
8 12
71 75
51 61
45 56
82 92
58 71
20 26
21 55
13 18
35 38
62 72
15 26
83 93
66 68
78 85
25 36
19 28
66 75
77 84
61 73
18 24
2 8
48 63
38 50
19 25
36 45
33 40
65 77
93 99
3 13
24 47
89 99
16 26
50 65
1 9
34 44
67 71
72 79
42 52
85 93
84 97
77 92
20 44
56 76
41 49
1 4
82 88
81 95
75 89
13 23
44 54
77 85
54 77
66 78
34 64
52 65
1 4
24 39
67 73
86 96
19 33
61 70
29 41
4 8
1 6
31 47
29 44
29 37
71 98
2 11
41 67
35 43
66 78
74 98
8 17
75 85
7 12
74 85
23 29
38 46
9 16
11 26
67 74
65 73
69 77
44 53
87 95
16 46
1 18
21 33
55 58
51 65
60 67
76 86
20 24
52 55
64 87
19 34
25 32
37 53
92 99
64 82
85 97
9 12
86 96
15 26
76 79
84 92
82 90
33 76
61 69
25 35
65 71
46 71
69 75
28 36
51 59
53 62
1 6
54 60
11 15
25 31
7 12
60 63
82 89
77 80
73 86
48 52
33 42
67 97
85 98
63 75
40 47
6 13
90 97
31 37
41 57
89 99
22 53
44 52
48 54
59 82
92 95
77 84
76 79
26 34
51 55
14 29
45 52
37 50
90 100
11 22
67 77
26 38
39 51
85 95
26 43
63 70
67 86
42 53
11 17
55 61
17 29
88 94
39 46
80 93
60 73
11 26
36 44
32 40
45 58
7 22
75 77
63 70
16 20
34 43
59 65
58 63
82 90
70 72
40 59
46 53
39 47
53 63
85 99
11 33
48 66
3 22
62 77
93 100
49 56
83 92
17 41
55 57
60 63
56 91
86 92
34 61
77 85
68 86
43 49
2 10
92 98
36 46
34 51
96 100
32 34
90 93
85 96
54 64
21 43
32 56
60 71
39 42
4 11
16 24
34 42
71 77
57 66
24 28
21 24
66 72
52 60
63 79
31 37
3 8
9 24
80 95
65 91
74 89
19 21
71 88
3 19
9 12
2 8
82 95
16 21
4 12
83 89
95 100
79 93
17 32
90 93
87 90
16 29
86 96
65 76
49 55
94 95
37 44
37 49
50 61
19 33
26 51
2 13
4 20
49 62
39 45
41 78
8 17
48 59
52 73
67 74
62 85
48 60
28 41
57 72
56 60
4 10
30 49
16 32
73 81
6 8
27 35
49 57
29 32
67 69
74 82
62 68
42 51
14 19
71 80
24 30
82 94
16 23
39 45
52 56
41 52
91 94
78 91
59 77
10 16
77 86
89 100
18 39
81 87
40 47
74 82
88 94
54 65
37 47
21 25
24 35
74 83
54 77
82 91
6 20
14 26
47 62
38 43
4 14
63 68
1 13
20 22
59 87
54 55
38 57
86 96
15 23
49 56
63 65
77 91
20 37
68 84
62 66
27 34
37 45
87 93
71 93
35 39
44 47
47 60
5 15
17 38
24 31
37 64
38 64
74 93
61 74
15 25
2 5
49 57
72 81
81 91
11 22
67 82
36 39
87 93
29 57
43 52
85 93
13 20
45 52
38 79
46 49
74 97
25 37
27 31
67 80
10 18
4 15
38 47
32 38
20 35
42 46
96 100
57 68
9 23
46 48
26 43
67 86
12 28
54 60
46 56
26 39
55 67
22 43
24 32
45 58
84 86
64 73
35 41
20 32
13 18
5 8
4 19
68 83
57 62
82 86
39 67
59 68
37 45
9 20
63 83
77 91
46 53
87 92
80 87
1 5
62 67
89 93
81 89
79 84
37 43
48 63
49 52
52 56
21 25
60 67
48 53
70 82
57 67
78 92
9 13
13 16
20 24
43 50
28 34
20 31
38 42
68 87
49 58
7 20
56 59
45 64
37 45
94 98
74 89
73 80
59 73
35 47
14 29
85 94
18 32
26 29
59 73
62 71
40 51
42 58
88 95
12 24
75 100
73 87
17 26
1 13
32 37
44 56
94 99
32 44
88 94
87 94
31 42
44 56
76 90
34 41
84 95
16 19
23 27
32 35
15 26
63 79
43 51
57 62
13 29
15 32
41 44
75 77
70 86
68 78
13 20
35 49
10 47
68 72
17 26
32 45
60 69
65 76
77 81
84 99
41 66
34 39
37 67
73 77
8 15
53 56
75 83
79 86
80 92
61 78
8 17
91 98
5 19
94 100
19 25
93 100
54 59
25 30
56 79
1 11
53 73
89 100
17 24
51 56
39 46
56 63
68 76
10 34
32 34
33 44
3 13
51 59
20 23
6 36
24 35
50 66
34 54
82 99
82 93
75 82
18 32
6 16
89 96
23 37
42 74
28 34
81 97
49 69
9 23
68 88
57 78
73 90
57 61
26 31
28 35
50 62
2 15
54 69
6 14
67 72
79 88
20 30
82 97
75 79
11 15
69 79
30 47
68 75
96 100
14 43
22 34
78 84
29 38
29 38
77 86
34 39
49 56
18 35
22 36
15 25
78 86
24 39
71 82
72 79
78 87
64 71
78 84
1 17
41 54
73 81
59 67
4 12
24 43
5 46
73 77
18 30
37 41
12 28
71 80
74 85
95 99
25 29
56 62
81 95
88 95
20 29
49 58
72 79
54 67
78 84
47 53
90 95
62 71
64 70
4 16
20 24
61 67
36 40
6 15
61 75
70 79
57 68
89 98
11 24
42 54
53 56
93 95
21 55
30 43
1 19
33 48
25 36
84 92
47 61
53 66
42 50
58 70
17 29
47 51
80 87
50 58
63 71
21 31
40 50
15 21
53 60
31 44
69 92
81 90
76 81
67 78
90 96
43 61
69 72
76 82
18 27
48 53
78 94
85 88
12 22
26 35
82 86
52 63
68 80
32 45
34 45
86 94
47 70
66 71
88 98
35 48
56 90
95 99
63 68
84 95
83 97
11 37
12 26
26 33
69 87
67 73
67 74
52 57
95 100
37 40
33 36
54 90
83 88
25 41
74 83
5 19
5 13
76 79
69 73
73 81
73 99
44 56
28 32
82 89
36 41
88 99
60 69
35 43
54 69
5 65
24 31
56 59
5 13
11 19
52 67
20 24
14 21
92 97
50 58
36 55
38 55
44 63
15 25
40 44
83 96
59 62
59 68
48 68
11 28
13 21
67 76
61 74
43 56
58 63
47 49
20 37
25 35
71 82
85 90
84 90
74 83
24 34
80 89
58 79
93 100
59 75
44 53
57 61
37 41
75 92
64 86
77 84
92 96
49 61
54 61
88 95
62 66
20 24
96 100
10 17
43 65
70 84
74 83
24 41
74 90
23 34
94 99
11 20
32 39
61 65
11 35
50 62
10 18
85 95
30 44
49 79
64 98
45 62
87 93
43 57
7 34
60 86
40 45
78 89
33 43
84 92
63 67
72 96
70 79
27 35
64 77
80 82
14 20
24 42
39 42
66 69
12 16
39 49
30 38
35 40
69 86
1 13
12 20
57 71
79 94
10 19
25 33
13 16
20 35
31 40
9 17
22 49
23 35
40 43
58 68
20 28
56 67
89 97
6 8
66 83
9 15
22 32
36 42
44 54
45 72
72 82
34 47
76 87
24 41
9 15
72 81
53 59
40 53
80 92
58 67
58 63
8 14
75 88
70 84
40 58
19 26
13 20
24 28
53 69
8 29
53 60
83 99
56 67
24 32
70 77
49 70
13 25
40 45
46 52
86 95
2 11
4 17
33 38
17 22
8 17
11 22
10 12
57 65
15 31
11 17
75 90
3 28
50 54
74 86
36 83
31 49
29 35
54 57
12 41
58 59
4 9
55 57
55 70
49 51
21 26
27 30
63 66
11 18
12 22
55 66
9 21
76 82
75 100
24 41
81 94
52 60
15 20
39 44
83 93
85 93
45 59
31 36
12 29
63 77
88 91
56 67
8 15
82 87
27 36
20 34
80 91
75 85
67 80
83 98
62 69
47 51
15 39
44 51
31 34
47 52
77 87
78 85
65 69
56 65
44 53
35 41
46 54
29 32
15 33
49 55
61 73
10 14
69 81
16 22
49 69
57 93
71 79
53 65
69 98
8 18
71 79
30 35
6 23
80 87
78 94
1 15
84 89
20 31
9 17
21 35
18 19
60 63
35 52
64 68
13 19
6 16
87 93
74 78
95 100
73 87
51 60
32 38
19 26
52 68
44 64
11 21
13 24
31 43
87 93
10 16
57 71
59 78
38 54
20 28
51 56
77 88
75 85
77 94
53 61
6 9
27 47
11 25
56 74
73 79
61 79
90 93
13 23
30 33
1 8
40 43
33 36
70 73
33 45
40 42
32 43
32 47
42 43
17 38
63 75
40 56
34 54
8 20
29 33
37 40
51 78
53 63
36 45
45 65
30 42
51 54
46 57
87 95
65 89
66 73
81 85
73 78
4 6
68 75
37 41
54 65
52 69
24 48
86 89
12 29
47 57
9 20
6 15
30 43
64 79
56 64
25 27
32 35
88 94
42 58
54 62
55 67
74 93
62 72
10 19
27 36
13 20
46 57
31 35
14 26
52 59
65 90
6 18
13 19
56 68
54 60
9 31
46 52
89 96
66 76
21 34
92 100
31 36
62 74
70 76
66 72
17 31
54 62
64 84
77 93
48 51
8 21
57 64
71 82
35 40
50 59
57 60
40 45
92 97
18 36
70 84
9 21
2 8
62 74
89 93
77 79
20 33
45 54
59 76
49 70
72 79
30 36
75 85
44 51
45 62
63 70
55 62
81 96
79 100
54 70
84 92
34 40
75 94
12 20
46 49
2 7
12 24
71 84
83 87
30 41
44 49
10 19
18 20
13 19
40 48
20 34
3 11
67 80
20 26
45 56
23 39
17 35
6 8
90 94
59 69
33 48
2 24
34 36
28 45
79 83
89 94
14 30
61 66
58 70
32 38
74 82
89 96
40 57
73 77
79 97
89 98
79 87
43 54
81 95
26 43
38 43
28 39
5 8
17 31
9 19
66 71
35 38
6 23
23 62
27 29
16 44
36 43
35 49
61 75
4 15
20 45
22 33
28 48
92 95
73 82
85 89
87 95
6 12
3 14
2 10
9 23
74 81
75 82
10 43
51 64
54 73
28 40
32 44
49 65
61 68
47 59
79 89
72 79
6 13
73 81
24 31
76 92
27 67
26 43
47 69
5 14
77 84
87 94
15 27
86 96
61 85
61 69
63 68
91 98
40 42
26 56
87 97
61 72
39 51
32 39
84 90
73 83
25 38
10 22
44 53
54 67
18 22
38 53
20 33
50 60
19 32
45 53
42 46
82 86
70 73
52 57
94 97
40 55
27 33
12 27
4 15
50 55
12 17
15 25
11 18
29 49
10 13
71 73
34 35
7 11
33 45
50 64
53 67
29 55
9 20
58 61
66 73
94 99
64 95
55 62
32 37
42 49
29 36
41 46
10 20
55 69
78 84
54 60
40 52
67 73
78 87
56 65
83 100
32 45
89 98
21 29
49 60
83 88
45 75
59 64
56 64
38 40
36 40
9 16
73 82
5 16
61 70
73 79
39 50
16 55
72 78
59 69
60 75
85 99
18 21
59 78
84 93
53 59
36 84
44 55
52 77
65 78
77 83
18 34
22 41
49 60
63 81
29 46
76 83
41 49
4 15
42 47
28 35
54 66
27 67
47 83
46 49
17 34
76 81
18 34
25 38
78 79
11 17
51 67
59 76
31 37
69 72
60 64
89 96
7 19
73 86
60 62
21 37
65 69
25 46
16 25
1 8
80 84
67 73
49 55
1 6
47 57
73 86
90 97
64 68
28 38
20 26
68 76
16 25
15 20
49 52
87 97
38 59
50 61
59 70
48 54
49 53
63 66
63 84
35 59
14 25
53 58
12 19
76 81
42 51
3 8
53 61
33 43
24 34
64 74
8 16
16 41
84 88
9 16
64 97
2 7
8 11
46 52
33 47
90 94
94 99
24 36
30 41
29 35
5 30
24 40
56 66
47 57
44 67
88 99
17 29
35 48
88 93
52 63
26 36
25 34
81 83
16 35
29 42
25 33
72 75
26 36
51 77
18 20
17 24
40 53
21 38
19 23
61 71
8 10
87 93
62 73
27 34
21 33
74 83
85 92
61 75
40 44
29 38
61 66
50 74
58 71
44 51
50 56
66 73
47 53
12 20
22 37
26 30
64 75
72 94
19 27
82 89
4 12
70 90
81 87
12 27
72 85
63 85
25 32
53 64
74 77
56 62
8 16
33 38
43 51
64 83
55 61
68 74
62 70
7 17
16 37
58 69
62 75
18 25
40 58
53 72
9 28
3 21
42 52
80 85
51 63
42 52
31 36
62 72
94 100
62 75
27 35
17 27
44 65
52 59
46 51
43 53
17 34
33 48
10 40
21 30
70 83
6 15
54 92
32 49
30 33
63 78
71 79
36 59
82 90
12 21
13 16
73 76
1 36
92 95
89 94
47 65
61 78
49 61
48 51
6 17
88 90
2 27
33 45
81 85
47 57
40 49
27 30
7 9
2 15
74 97
6 35
39 54
40 53
73 97
46 47
28 43
90 95
7 23
30 42
19 22
70 80
27 33
17 39
5 14
28 50
41 46
7 13
44 53
64 74
88 95
1 15
66 72
33 48
76 93
68 77
77 85
73 79
75 87
66 77
84 92
26 43
47 51
40 45
65 78
47 59
78 83
44 61
40 50
62 70
2 10
3 10
77 80
53 64
81 88
32 41
26 33
36 62
41 47
55 65
29 38
9 34
14 23
36 47
21 46
42 53
28 40
54 59
49 56
29 47
25 32
66 88
35 41
51 59
25 44
17 37
79 82
44 55
4 12
77 90
40 62
52 64
73 83
62 69
77 86
2 10
77 94
30 35
95 100
51 65
1 6
32 40
25 29
83 91
32 35
88 96
71 80
7 20
79 83
60 78
40 46
77 97
54 60
49 55
22 42
86 93
12 17
58 65
57 61
12 18
19 36
32 40
13 26
65 73
48 58
75 79
80 89
1 24
27 30
71 87
59 80
84 100
27 33
34 37
52 55
4 28
10 19
49 60
94 97
14 18
35 42
68 94
66 77
15 26
46 58
8 29
29 35
90 97
57 63
37 52
9 17
71 74
36 46
66 71
10 16
46 63
85 90
32 43
43 54
10 22
20 34
86 92
13 27
1 16
40 44
2 10
75 80
54 61
77 81
32 45
62 67
50 53
11 20
68 72
45 55
82 95
65 75
13 27
15 24
27 32
53 62
3 4
84 91
13 23
88 93
9 17
47 60
11 19
77 97
70 91
30 49
28 37
44 59
57 68
71 74
5 26
29 37
88 94
37 49
72 90
45 53
7 14
52 63
19 29
34 37
43 47
45 50
24 32
1 14
73 86
60 78
44 50
66 74
46 68
73 77
70 77
46 68
52 69
88 91
45 62
84 92
45 55
61 74
49 61
12 28
26 47
37 44
21 33
46 54
83 93
7 16
72 83
76 89
87 98
35 47
19 23
90 92
20 41
85 90
5 20
77 85
66 71
62 74
40 45
3 22
89 92
78 96
95 97
13 22
40 49
17 27
47 53
11 17
27 31
89 95
56 83
66 82
64 76
44 60
39 60
67 74
56 67
74 82
17 24
82 91
73 76
11 25
37 46
81 86
59 68
51 62
30 42
4 19
47 56
57 75
12 19
36 47
66 84
72 82
81 89
89 91
56 72
61 70
87 95
14 26
59 65
78 90
53 78
76 85
46 60
76 98
83 90
15 19
69 96
17 24
67 78
20 33
89 96
1 9
23 48
89 94
43 55
65 90
11 28
69 77
47 66
40 43
48 56
55 82
14 22
31 36
77 87
23 35
22 41
79 97
63 72
32 45
8 26
22 29
25 50
80 97
44 48
77 86
45 59
83 94
57 72
41 44
61 67
45 52
34 48
81 91
81 83
80 91
66 92
56 65
71 80
54 65
12 14
57 79
58 77
29 34
66 75
82 90
19 42
4 13
29 42
16 19
18 28
87 91
36 40
3 10
40 50
44 58
65 78
49 68
23 32
56 68
2 11
66 70
16 19
5 9
27 32
5 21
77 88
76 80
77 100
78 84
13 26
69 90
25 30
63 67
76 88
20 22
85 96
28 43
47 85
34 64
87 93
52 62
46 59
32 47
35 43
50 54
68 77
80 95
30 33
42 55
67 84
3 7
25 38
5 14
52 58
20 33
34 48
46 67
6 13
83 96
38 47
79 92
84 93
62 78
47 64
54 64
21 30
73 82
76 87
19 24
77 93
1 19
55 61
51 76
67 78
88 94
11 22
27 34
43 48
50 56
12 15
82 87
52 60
60 66
80 91
17 21
67 74
12 19
34 54
90 93
35 38
84 99
17 20
62 65
23 42
50 53
74 78
43 49
9 31
65 76
7 12
82 94
60 70
43 49
73 86
30 47
50 71
12 16
59 75
45 50
12 15
13 18
72 84
23 41
53 78
89 96
46 61
24 33
33 46
72 82
34 40
9 14
31 38
40 43
22 36
30 37
10 27
20 29
72 78
3 20
9 12
74 81
77 86
30 52
27 39
76 80
35 41
79 90
57 67
20 26
76 84
62 78
81 98
30 34
46 49
82 87
56 95
39 51
74 89
42 51
64 72
24 39
58 67
76 80
23 26
84 92
38 45
17 34
14 17
30 39
29 33
25 29
26 40
8 19
7 14
58 65
75 84
44 51
31 39
34 43
50 62
71 80
12 32
64 83
60 77
76 90
7 25
89 99
27 34
28 49
56 65
88 96
46 51
40 48
14 22
5 15
10 82
47 65
48 56
59 66
3 5
86 93
57 72
25 29
27 40
59 68
31 39
91 96
74 88
45 95
55 65
66 71
90 96
52 57
83 92
81 96
78 84
24 50
84 95
21 42
43 54
22 29
56 58
86 91
31 35
62 68
72 84
40 55
88 92
28 36
78 82
9 16
29 39
26 41
30 41
77 87
55 65
84 92
83 100
67 80
34 36
84 97
7 37
56 59
22 36
83 91
68 88
74 83
57 61
73 87
40 55
19 30
22 32
66 72
21 24
37 45
85 88
84 96
28 36
72 80
28 41
37 47
35 37
4 40
28 35
7 11
16 26
45 51
55 74
93 96
49 73
85 95
2 14
82 86
36 48
40 59
56 66
40 51
12 40
37 41
20 52
66 72
22 27
35 49
63 71
80 94
52 62
54 69
31 46
82 86
1 13
86 96
52 70
3 17
34 38
67 72
21 30
5 11
21 51
75 78
47 50
5 48
3 12
46 62
16 27
61 76
42 48
68 73
75 79
13 33
88 97
62 65
54 59
87 94
89 98
59 65
37 52
37 41
69 77
40 50
48 52
78 93
50 54
87 95
13 19
85 99
37 45
25 32
7 9
22 25
62 67
81 90
5 55
40 55
5 22
47 57
39 44
47 55
82 90
81 93
42 64
17 30
30 42
78 85
63 86
48 59
19 38
50 66
2 10
49 56
2 7
53 67
26 34
36 59
36 42
70 97
6 22
16 42
30 41
45 49
17 26
10 16
75 86
37 48
9 23
42 51
3 16
39 47
92 94
79 85
68 77
7 18
8 15
48 53
35 50
40 48
48 55
34 42
26 36
35 55
91 96
47 60
8 14
92 99
17 18
6 19
91 99
16 21
68 74
10 26
45 56
44 69
59 66
11 23
72 81
8 11
72 83
74 83
64 75
42 49
19 30
68 91
8 16
5 11
82 88
28 43
8 19
18 23
63 72
61 71
19 24
64 71
16 42
37 41
52 63
17 34
85 95
4 10
46 61
22 28
47 72
66 69
9 17
5 11
6 16
62 77
80 84
50 54
76 84
64 77
63 70
66 77
73 84
50 56
93 99
78 90
70 86
81 91
17 26
88 95
11 17
26 35
55 67
64 70
27 42
25 35
22 31
66 77
67 99
25 34
26 52
26 33
34 41
5 21
23 38
72 77
2 14
13 22
86 99
26 41
20 27
24 47
48 55
12 21
42 60
74 79
46 60
23 28
8 13
8 22
48 63
48 54
89 96
49 60
53 58
11 22
75 80
88 97
24 35
48 56
70 73
10 16
10 44
25 44
1 9
35 44
67 72
4 11
4 11
23 31
33 43
20 43
68 87
48 63
59 70
4 11
23 47
70 78
64 72
13 20
46 48
70 75
79 90
64 67
68 75
53 58
54 62
27 33
61 68
72 98
19 29
6 13
47 53
10 16
72 76
77 84
66 80
14 20
77 81
62 66
19 22
45 53
49 61
23 63
82 91
40 53
81 87
17 30
63 70
28 36
29 51
84 87
71 75
3 16
63 68
80 86
76 98
51 73
65 76
6 19
29 39
31 46
39 67
20 24
33 39
29 33
4 6
74 83
32 39
94 97
33 42
6 8
8 18
46 60
58 78
21 30
31 49
13 23
60 64
53 59
51 56
19 37
10 24
65 71
9 16
32 39
75 84
47 56
41 63
45 55
30 36
47 53
69 75
24 31
19 31
30 41
69 81
79 88
81 83
79 91
38 42
58 66
52 61
72 81
90 97
32 47
49 68
71 90
52 85
40 59
49 60
29 54
32 47
38 51
17 23
34 46
82 97
36 37
64 70
25 31
27 34
84 91
53 55
14 18
4 14
76 89
67 71
23 29
24 42
50 56
54 73
75 89
24 38
44 50
28 35
29 33
14 21
90 96
69 76
31 46
65 70
78 85
3 7
6 17
28 58
60 67
33 34
87 89
30 41
81 95
33 55
27 34
61 72
24 40
22 33
76 83
70 92
3 11
43 56
38 43
17 27
36 49
11 14
21 28
56 86
2 7
8 12
61 71
20 27
40 46
38 47
86 89
34 43
20 26
11 24
23 49
35 39
11 14
65 76
30 45
17 35
89 90
19 23
54 60
17 44
4 24
62 79
1 13
23 50
28 55
61 64
76 79
24 37
45 64
14 16
3 13
33 42
34 49
30 45
31 41
23 38
43 51
64 71
27 29
27 52
29 53
3 5
62 74
3 10
30 32
1 4
72 75
57 72
47 50
18 33
34 42
8 13
30 55
59 64
13 25
33 39
69 79
10 22
7 18
33 35
25 43
17 28
80 99
28 39
84 90
20 24
65 70
78 89
15 21
60 71
82 94
70 91
33 40
51 60
64 74
87 91
68 76
57 69
43 50
18 23
45 54
48 63
66 74
72 80
19 36
12 26
8 22
19 26
68 76
76 84
49 62
33 42
93 98
45 62
73 76
63 73
29 49
23 33
48 51
31 41
84 88
41 47
85 95
76 81
33 55
25 34
71 72
28 34
65 75
8 16
19 24
82 88
44 54
85 92
57 65
57 73
68 71
9 43
50 53
35 51
51 56
11 28
23 31
19 30
15 17
42 71
54 68
42 48
23 28
84 97
9 17
54 67
38 43
42 52
41 56
3 7
9 19
77 81
52 82
78 85
71 83
11 29
23 31
55 70
87 92
31 56
49 61
57 86
84 97
38 49
82 97
47 51
21 30
61 66
21 34
13 34
62 74
62 73
47 50
7 15
2 12
51 64
6 14
71 84
47 59
14 24
24 27
68 99
33 42
80 85
57 69
66 74
30 39
5 19
76 83
5 9
25 37
3 10
17 23
89 99
18 33
81 93
36 44
53 63
26 47
93 98
81 93
42 52
20 26
21 35
89 93
65 79
7 16
77 93
11 23
43 52
47 59
57 61
13 18
31 57
29 41
90 95
42 49
4 26
28 38
55 61
61 68
63 73
27 30
13 15
7 22
66 82
7 19
35 39
48 61
84 87
63 71
31 53
51 57
80 96
34 38
15 25
72 86
72 83
5 23
66 91
37 48
47 84
66 82
80 100
82 86
81 97
39 51
77 83
21 53
9 32
45 64
46 53
30 41
61 64
84 100
10 25
4 13
69 84
28 40
74 77
39 49
2 25
31 41
12 20
75 96
80 83
3 11
36 42
18 24
81 86
39 59
73 82
16 25
91 98
73 83
9 21
33 46
90 100
50 56
58 86
43 56
74 95
61 76
1 6
51 59
85 95
4 15
11 15
68 79
8 22
16 25
35 41
32 36
33 53
12 31
64 83
60 72
6 16
65 71
74 79
51 71
8 25
44 50
83 87
46 54
86 90
19 25
36 40
58 70
47 48
69 75
27 32
28 53
19 31
20 28
85 97
55 65
46 57
75 90
53 69
68 87
59 72
19 25
77 87
2 13
14 21
28 41
52 71
85 89
1 5
56 72
66 77
32 35
77 85
1 14
89 100
74 86
33 41
79 86
1 12
39 48
28 39
21 29
64 88
58 84
87 91
58 87
3 17
32 41
69 77
11 28
8 19
87 97
10 12
30 39
1 21
96 99
66 74
58 62
34 40
74 82
9 30
88 100
57 65
60 70
25 37
30 35
16 25
9 20
13 19
6 23
69 74
59 70
14 35
63 69
15 28
80 86
23 40
23 28
27 29
8 14
88 100
59 65
89 100
66 70
43 45
78 94
54 64
66 75
32 40
58 61
8 21
92 100
92 100
18 30
67 75
29 49
20 36
85 97
55 63
32 45
7 24
76 87
33 42
18 25
58 61
15 20
37 44
81 91
74 88
59 73
40 45
19 28
29 40
13 29
7 18
56 74
34 42
10 20
71 76
58 60
35 41
1 21
51 63
64 65
49 53
44 50
3 62
85 92
83 87
82 96
55 72
56 63
58 66
50 58
86 100
81 89
53 74
87 94
50 54
58 60
77 90
69 73
4 11
1 17
19 24
1 6
31 40
19 43
30 39
50 67
53 62
63 71
87 95
36 63
76 92
26 36
39 49
22 48
74 75
18 22
43 51
67 71
40 54
30 39
7 15
33 35
93 100
84 98
47 55
12 16
30 31
50 61
71 82
62 68
74 87
51 57
19 22
48 58
85 93
56 68
57 60
1 9
60 80
28 35
12 21
62 68
46 51
29 36
41 48
73 74
49 52
8 14
18 32
9 21
69 79
86 89
28 53
38 54
8 34
40 48
7 13
65 69
68 89
6 19
54 64
98 100
33 63
41 44
81 95
40 51
23 31
18 22
6 12
78 84
37 57
5 20
73 86
91 96
44 59
81 89
5 18
13 22
66 71
2 12
22 28
46 61
31 34
45 53
43 72
1 4
37 41
52 56
86 96
13 46
77 83
38 47
52 58
35 45
63 81
48 58
15 17
30 38
59 83
6 11
83 95
58 63
69 76
21 25
29 36
40 47
65 77
19 38
25 31
66 75
51 72
47 58
37 43
33 50
72 79
70 78
74 78
25 33
59 70
21 33
55 64
42 54
8 41
61 65
64 73
49 55
59 63
51 58
69 79
6 8
30 51
38 41
39 56
10 14
17 31
47 58
38 52
22 63
71 78
18 49
38 44
45 50
5 17
63 68
8 11
24 27
28 35
19 24
82 93
89 95
29 44
13 15
43 55
59 88
56 57
50 53
82 87
63 67
64 76
4 14
46 73
86 95
17 21
23 27
36 40
84 94
71 85
8 14
43 48
11 22
25 29
69 81
2 11
43 74
33 43
25 46
53 76
86 89
36 45
32 37
50 56
88 93
6 18
21 39
31 41
4 9
8 27
35 44
57 70
20 30
33 55
13 29
88 94
61 65
27 44
13 36
22 26
44 51
53 61
19 29
12 21
91 96
56 75
85 93
86 94
27 31
2 9
40 52
3 25
29 47
14 23
65 66
20 26
35 48
21 28
21 34
29 36
88 98
20 21
12 19
22 23
50 63
21 34
6 11
70 74
12 17
42 49
34 47
22 30
48 56
46 52
16 27
59 71
3 6
17 35
92 99
78 88
87 100
54 69
60 71
85 87
15 23
11 35
77 84
86 94
13 23
16 30
47 50
53 55
65 82
35 41
27 33
37 43
34 41
2 20
38 53
75 87
60 73
32 45
30 39
32 45
5 17
62 66
7 10
5 15
38 57
60 77
20 28
6 27
71 78
81 91
58 71
50 55
6 11
46 49
29 52
39 42
56 63
63 65
59 72
69 85
35 71
87 95
24 43
25 37
28 36
45 57
31 34
66 72
68 77
6 25
85 92
65 88
61 87
16 20
50 65
46 63
3 28
84 93
53 61
84 89
58 73
38 45
26 42
6 15
7 37
77 83
73 83
92 99
16 22
41 62
47 55
85 90
52 63
85 90
56 66
80 84
18 26
10 39
74 78
66 75
38 50
27 39
67 88
60 80
16 30
80 91
40 44
7 10
44 50
72 95
87 99
16 20
18 33
24 38
23 41
75 82
28 44
80 83
28 38
14 18
31 35
36 59
50 60
50 54
75 84
11 30
76 85
37 65
61 68
52 57
74 77
17 25
73 78
62 73
12 17
51 97
74 84
47 53
18 26
3 36
89 100
22 32
7 14
60 75
66 73
67 76
58 71
10 20
17 23
76 83
57 79
91 98
22 32
57 65
47 52
30 38
8 18
87 99
75 83
73 82
17 34
13 23
30 56
43 54
75 78
4 25
40 59
62 82
9 22
81 89
61 68
29 38
58 91
6 15
42 52
84 87
19 22
63 81
75 83
12 30
26 30
23 45
3 9
32 42
60 66
43 51
6 20
21 40
45 52
25 42
79 87
89 96
54 56
44 72
66 77
42 55
50 61
78 100
87 95
7 11
60 67
21 23
14 29
57 61
25 60
10 19
78 98
76 88
41 49
47 55
21 38
52 70
40 48
83 89
6 14
46 53
49 57
20 78
81 87
72 97
75 82
54 62
87 94
65 95
77 80
44 49
12 17
19 33
41 55
42 59
27 32
62 65
4 9
33 53
18 25
29 46
58 68
73 80
1 28
50 69
42 50
20 28
52 64
50 76
70 73
4 12
79 84
41 59
27 31
79 91
67 72
52 66
90 94
45 52
10 14
41 48
17 56
39 44
60 75
96 99
24 38
32 36
26 39
77 79
3 11
75 86
61 70
84 92
42 46
6 19
53 63
56 62
52 58
50 55
14 18
67 94
76 90
39 53
55 60
32 47
47 51
84 93
81 88
22 25
52 59
48 79
11 17
33 37
12 21
59 63
62 63
58 64
35 59
57 63
85 98
53 66
64 69
8 24
65 78
50 57
21 24
75 100
23 39
26 56
11 32
41 67
1 15
29 45
34 43
47 62
24 30
14 33
75 82
76 85
41 59
82 99
67 75
88 96
36 40
65 71
8 14
48 52
27 42
55 61
63 87
36 52
67 76
37 45
40 49
12 16
73 78
27 34
44 77
26 43
93 98
77 86
58 60
38 50
24 31
91 95
25 34
18 29
62 82
66 76
29 39
18 28
30 51
58 69
49 69
41 53
33 36
65 70
72 83
33 52
68 87
19 25
5 16
75 84
49 60
17 22
86 96
10 23
26 40
67 79
3 15
11 17
63 72
19 23
44 53
16 26
88 98
50 60
32 38
50 55
39 47
52 80
57 68
14 32
46 58
70 80
7 16
56 66
77 86
21 27
1 19
51 53
16 24
68 78
30 33
48 53
51 60
42 51
25 27
60 67
52 62
18 29
50 66
36 52
13 19
76 83
8 18
35 47
31 36
2 15
55 67
47 80
50 59
89 98
62 70
19 31
68 83
49 59
8 14
8 13
20 35
86 90
28 34
58 61
42 48
24 34
10 13
29 52
34 63
81 97
61 67
76 84
36 44
66 77
4 8
48 56
8 10
67 89
89 99
39 49
22 31
57 84
31 51
78 93
35 53
18 35
13 16
34 49
60 66
41 77
66 72
66 70
2 15
81 87
28 38
53 84
57 63
82 92
18 31
8 43
73 92
24 44
6 9
31 38
58 63
58 66
29 35
56 68
17 40
75 82
58 76
31 39
83 87
2 25
86 98
92 100
65 72
70 76
28 34
18 27
83 95
28 49
56 61
55 95
52 63
74 82
4 8
9 21
17 51
56 57
57 72
63 69
57 71
12 16
35 40
52 55
62 75
21 30
9 22
21 40
29 37
64 75
58 66
21 26
88 95
13 21
86 91
71 76
45 58
15 25
61 70
82 89
64 68
52 55
15 16
59 64
6 26
84 90
9 12
59 72
50 68
74 87
64 70
84 91
12 31
33 52
52 59
84 94
47 57
14 19
63 77
61 63
24 33
65 68
11 27
18 21
44 67
33 39
29 40
58 67
68 90
18 32
92 95
22 45
27 38
12 20
68 78
12 19
1 11
48 60
94 100
75 80
34 44
18 35
34 39
72 82
57 63
12 31
51 56
41 45
25 30
29 38
59 80
19 28
38 44
10 26
17 30
33 37
48 55
51 68
1 4
10 25
54 58
6 10
86 92
94 97
73 92
12 19
16 19
13 17
32 40
15 25
84 92
24 34
71 76
57 61
67 76
56 61
62 75
19 23
68 88
67 75
53 55
20 24
82 98
36 43
51 69
57 64
34 38
58 64
85 96
24 29
59 64
10 17
68 74
60 84
21 36
37 40
54 76
13 19
38 77
54 66
49 58
56 84
66 75
25 38
6 17
39 60
27 55
2 32
24 31
29 34
9 47
75 80
43 52
6 22
28 42
27 38
7 10
86 97
76 86
62 76
30 44
25 28
39 47
37 46
54 76
24 51
52 58
10 15
6 21
34 47
16 22
59 89
27 34
34 38
59 67
61 71
52 76
87 90
36 48
10 18
52 70
78 81
66 69
20 27
2 13
31 37
3 11
26 37
42 55
63 72
55 70
68 75
27 30
88 96
16 28
38 53
24 31
50 71
3 16
19 23
6 32
78 89
54 83
38 42
15 21
78 86
16 29
58 76
94 98
92 99
17 22
65 69
34 69
16 18
53 61
28 37
83 99
73 84
17 29
30 39
54 70
41 46
14 27
76 80
78 88
75 82
37 40
18 22
85 99
48 55
64 78
35 43
33 52
88 99
28 51
40 50
52 56
88 98
42 54
77 89
28 33
25 33
82 100
33 43
84 89
60 75
41 51
76 87
1 3
18 25
73 84
54 77
25 28
20 29
17 28
58 60
11 28
41 46
39 57
80 86
11 21
42 47
65 75
20 27
80 93
44 53
10 17
58 76
78 84
45 56
45 53
35 44
39 44
5 18
22 25
27 32
38 57
9 28
70 77
51 65
72 82
57 86
57 68
21 27
22 39
8 26
42 69
40 76
21 45
86 88
82 90
8 17
22 41
49 54
39 42
77 84
93 100
15 24
25 45
51 60
54 59
43 56
40 48
3 11
88 96
45 47
86 90
60 83
64 83
25 46
52 57
32 43
85 93
62 78
76 83
61 82
12 27
61 70
44 55
52 63
88 99
78 83
72 88
20 31
21 49
65 77
5 15
73 83
2 14
17 21
55 85
20 29
55 67
3 8
57 70
65 74
39 45
14 25
33 42
29 45
22 31
75 79
61 70
81 88
58 64
47 78
19 30
87 91
10 25
29 48
44 49
20 34
80 88
81 90
34 38
93 98
56 65
12 28
76 96
15 31
52 57
49 61
54 58
67 79
35 46
75 87
73 79
36 43
46 61
65 74
1 15
6 28
82 88
72 79
21 36
9 15
6 14
38 42
69 78
31 39
3 76
28 36
18 41
73 87
85 100
54 63
7 22
71 77
27 34
5 16
63 69
36 46
12 17
4 8
10 17
11 19
23 26
75 81
34 51
13 16
53 64
1 13
48 56
39 48
23 27
12 22
7 20
21 30
86 95
50 58
47 56
6 22
65 68
47 52
78 90
68 71
45 52
46 56
29 36
10 16
89 99
67 92
82 96
68 72
67 80
89 99
6 14
32 36
24 29
51 69
93 96
54 64
78 88
92 97
54 60
64 70
43 50
49 66
33 38
85 89
70 72
31 39
36 42
77 84
51 61
30 37
24 27
2 8
69 78
67 74
40 56
52 63
30 40
24 29
16 26
70 79
98 100
73 84
43 50
22 40
48 55
69 75
17 20
89 92
33 43
84 95
27 49
36 40
16 21
72 83
53 72
58 79
66 76
51 59
4 6
7 16
67 83
37 88
27 37
61 71
77 83
18 29
9 22
6 11
27 38
22 32
76 95
14 28
55 62
7 32
68 76
5 12
49 90
5 13
69 79
49 60
29 34
42 70
86 91
54 68
59 70
29 40
68 93
10 20
5 12
49 55
26 34
23 32
22 27
88 99
42 52
89 93
26 44
51 56
46 56
72 82
49 53
87 93
82 98
84 93
70 87
27 42
2 15
77 85
40 88
24 31
76 79
64 73
65 76
27 33
54 65
6 15
18 41
79 92
6 10
4 13
33 42
45 70
70 76
57 65
53 54
56 62
43 50
70 86
86 94
36 64
68 76
47 54
10 18
35 40
18 28
89 94
3 23
78 88
17 23
48 52
63 72
19 24
60 65
22 30
1 11
55 71
38 44
24 30
87 94
44 60
16 22
91 95
8 12
26 30
65 71
69 74
49 57
5 14
5 15
96 99
31 42
10 20
17 22
68 78
55 59
54 58
53 58
41 59
91 96
95 97
13 20
14 38
36 42
89 94
36 43
56 99
52 67
27 37
75 84
78 83
21 23
46 54
84 95
39 45
82 98
73 79
64 78
11 17
61 83
69 76
69 93
69 87
44 53
67 81
74 84
69 76
57 71
17 26
60 77
7 27
19 26
38 44
81 87
2 7
22 30
82 86
8 13
40 48
87 97
77 80
38 52
48 57
80 90
18 25
43 63
39 45
3 16
30 41
53 59
26 37
50 57
12 21
18 34
80 88
59 77
24 44
66 77
70 92
1 9
68 78
37 48
8 15
39 48
13 23
14 26
32 51
2 14
73 75
48 70
82 91
6 18
59 64
14 20
30 41
3 13
63 82
58 75
26 30
11 27
68 80
42 46
73 92
46 76
39 49
82 84
2 8
56 61
81 91
10 19
12 26
92 95
27 33
7 17
25 37
82 94
42 44
68 87
76 87
48 57
9 17
62 75
16 27
43 54
11 20
65 73
24 33
7 11
38 55
26 48
3 18
12 33
8 16
62 74
72 85
78 96
85 94
56 62
23 49
46 54
86 98
83 99
25 45
13 20
41 44
31 43
54 80
50 60
14 16
67 75
72 88
35 50
10 31
58 69
85 96
74 78
49 60
48 58
27 35
31 39
77 81
48 61
20 35
38 48
11 18
42 56
77 89
55 68
24 28
60 74
13 25
42 57
25 39
24 28
65 74
22 33
79 84
30 46
13 23
19 23
4 6
50 57
88 98
39 53
46 51
64 68
7 20
54 61
85 94
69 71
14 23
23 31
32 47
31 38
51 58
81 94
28 34
20 23
52 67
87 93
45 60
56 66
43 48
38 40
82 87
24 44
28 35
12 21
52 61
68 89
5 8
48 55
26 34
5 16
68 77
91 98
73 84
81 96
85 95
39 45
5 16
20 30
33 34
56 74
51 92
72 84
61 78
56 65
74 84
16 31
65 89
33 36
3 12
14 19
27 33
46 52
35 43
47 56
34 37
42 53
27 32
9 17
1 12
1 12
13 17
19 25
72 84
17 25
32 38
76 86
5 22
58 62
20 38
11 16
32 41
33 39
93 100
34 48
36 55
6 11
4 9
37 46
60 70
71 80
30 57
35 46
16 25
82 96
86 98
7 26
90 93
35 42
27 52
75 81
65 72
88 97
62 99
45 54
35 37
23 32
54 59
1 12
46 54
30 38
7 17
34 98
76 89
57 60
60 76
15 20
26 33
75 84
57 79
91 100
79 88
35 39
63 77
87 91
23 31
45 51
17 24
38 46
50 62
44 70
43 49
83 95
1 39
88 91
9 26
29 34
82 94
47 59
18 33
89 97
49 59
63 84
23 39
19 22
6 12
6 14
80 91
56 64
49 59
45 51
48 54
20 35
42 48
33 37
7 11
32 61
29 42
59 64
42 66
91 98
74 84
25 32
79 91
86 90
26 33
14 23
17 21
78 91
78 88
30 44
58 68
5 18
60 65
56 63
78 85
59 61
21 40
18 34
63 75
74 83
66 75
19 28
48 57
22 28
81 91
44 53
46 51
34 36
72 85
41 50
93 100
75 79
90 99
80 87
79 96
63 70
13 17
54 62
47 56
77 94
4 18
80 92
55 69
51 62
30 52
26 33
54 62
19 25
38 49
9 17
15 30
4 26
92 95
50 60
75 90
68 88
20 27
5 27
80 88
47 55
27 46
57 61
76 97
62 68
66 78
41 47
59 74
35 61
43 50
50 55
10 17
14 24
64 71
9 35
56 69
10 25
88 89
19 37
10 17
15 27
61 69
54 60
57 64
73 87
68 77
62 65
7 11
24 34
3 23
16 21
79 83
80 88
9 24
60 73
43 47
4 13
36 44
1 10
16 22
75 83
3 9
88 90
32 34
65 87
73 77
45 46
24 34
48 57
22 24
36 43
84 93
20 24
33 40
8 15
90 99
37 41
50 55
44 51
7 42
24 38
86 98
12 19
49 60
42 45
23 35
30 35
4 9
12 25
72 99
48 59
52 56
39 44
67 80
84 88
77 82
14 23
13 16
78 80
82 94
56 61
78 82
37 50
81 88
42 59
81 90
73 89
27 34
65 69
86 88
60 65
21 32
50 68
89 95
60 61
31 40
31 38
58 59
78 95
23 31
49 70
44 45
41 54
61 65
5 16
82 97
7 10
55 59
89 98
68 80
58 63
96 100
55 66
28 38
90 96
5 14
26 37
28 35
56 61
25 33
78 92
37 51
36 44
58 63
20 24
27 38
20 33
19 25
85 92
8 29
68 84
23 44
44 46
6 18
38 47
85 95
85 96
78 98
2 8
2 6
49 59
9 16
90 100
78 95
8 19
31 36
45 53
53 65
91 98
52 61
51 58
25 39
84 98
59 68
61 69
8 26
27 36
62 92
18 42
33 40
70 79
51 68
76 79
55 60
88 93
34 46
17 25
3 14
62 68
47 55
40 76
30 43
46 51
5 17
72 80
76 87
33 46
55 68
13 25
43 53
83 88
84 87
19 32
69 85
63 76
51 60
67 83
28 37
48 61
30 33
44 54
60 70
29 40
83 95
74 93
47 48
21 44
19 30
57 70
22 24
58 75
75 82
3 11
35 52
51 63
43 48
67 75
89 92
48 53
86 90
37 48
43 50
86 96
36 43
83 92
78 83
83 92
64 71
42 57
21 34
85 93
81 90
86 91
74 81
35 46
67 87
75 86
71 86
84 92
79 86
79 91
58 76
26 56
82 87
74 89
54 62
39 56
12 29
40 50
51 61
32 66
79 95
48 57
60 67
88 95
17 23
7 31
56 62
16 45
24 52
21 35
98 100
40 48
35 50
60 73
11 18
58 74
81 86
13 35
51 65
58 86
43 46
93 97
77 96
63 78
34 37
62 69
87 91
60 66
30 76
81 100
29 35
9 16
28 42
73 84
4 15
97 99
26 36
8 26
67 71
64 75
44 60
67 80
79 90
28 35
89 98
62 79
35 46
6 13
66 76
7 13
38 44
17 53
82 87
23 39
85 88
57 71
43 49
92 97
77 83
10 15
42 53
67 79
25 39
80 89
81 83
58 72
8 13
24 45
49 61
19 42
18 26
7 18
23 76
10 16
49 57
77 82
6 12
53 95
31 37
92 100
19 22
37 44
28 41
8 12
77 92
22 33
20 22
48 62
72 74
81 83
9 17
61 75
13 22
64 76
4 25
83 90
94 97
31 37
51 54
7 8
46 58
4 12
55 69
1 9
1 10
11 19
81 90
13 26
21 48
26 31
48 63
37 61
87 93
18 21
70 91
76 98
54 65
17 23
76 79
27 29
60 74
48 49
32 56
71 79
41 48
20 26
29 44
40 54
75 81
67 91
43 51
73 83
30 45
72 81
9 15
53 58
75 91
44 49
50 57
22 35
66 81
26 36
43 54
79 91
47 60
14 19
31 43
4 17
67 74
13 20
79 82
80 100
12 19
9 22
76 91
30 38
60 70
30 37
88 96
41 62
44 57
36 46
25 60
44 49
24 29
23 28
18 27
81 87
65 82
40 43
61 68
23 26
79 87
31 41
4 20
18 23
17 26
24 31
30 39
29 35
56 59
56 68
24 26
72 83
76 93
41 45
11 20
54 58
39 45
88 94
76 100
59 64
2 8
52 74
45 67
85 98
16 20
7 11
9 20
81 93
63 71
4 7
2 6
26 34
56 62
37 47
64 77
55 90
64 74
93 99
59 85
63 91
30 43
48 52
12 31
66 73
36 44
69 86
15 24
74 99
7 32
77 85
55 69
51 57
39 52
79 85
89 100
30 34
66 77
52 57
2 39
84 86
73 87
36 46
41 51
88 99
71 95
34 42
44 63
47 71
18 24
51 63
7 10
69 80
22 26
22 35
66 73
5 11
51 58
39 46
20 24
4 27
43 49
84 85
64 70
93 98
69 74
16 21
76 93
62 69
22 41
73 77
12 16
76 88
53 59
54 63
2 16
20 28
56 63
45 49
59 63
21 29
21 31
66 97
29 41
56 80
67 78
12 20
22 32
25 46
62 86
52 58
32 38
42 46
44 49
55 61
84 100
76 79
41 50
20 34
85 94
14 19
71 76
68 71
51 60
15 25
4 21
90 98
60 73
75 82
19 24
52 85
39 48
68 80
9 13
67 74
46 55
36 42
63 77
41 47
36 40
43 50
34 39
23 32
80 99
26 33
64 72
5 12
10 22
1 22
85 89
68 88
56 66
45 58
75 83
44 57
80 85
2 11
11 27
41 48
65 82
36 41
18 29
8 16
16 23
12 37
61 78
73 85
55 66
31 39
62 70
30 36
32 42
54 62
19 29
30 37
75 97
36 40
37 41
96 100
75 78
50 63
40 47
27 47
70 74
49 63
28 38
41 49
81 99
33 35
22 26
50 56
91 97
49 59
69 78
18 53
26 41
22 37
45 49
58 62
70 84
46 54
10 21
74 79
18 32
65 76
38 60
32 46
77 79
53 58
13 25
66 74
6 9
21 33
86 91
5 37
39 57
37 42
5 15
56 60
38 45
57 69
65 70
43 55
28 33
55 64
72 79
22 30
5 27
44 63
75 85
27 45
21 30
58 61
73 79
33 59
70 81
16 24
28 44
51 71
44 50
88 92
42 45
71 97
33 43
4 22
40 50
70 77
2 11
27 44
58 66
38 42
86 94
5 9
9 17
28 34
28 40
67 81
84 92
23 29
84 96
6 15
18 38
4 11
27 34
54 68
58 77
1 20
94 99
53 67
79 86
39 50
28 32
49 57
36 42
65 70
64 70
77 81
56 68
65 78
64 69
12 23
57 64
36 52
60 68
35 55
6 17
43 82
39 53
59 92
73 79
61 83
71 81
51 56
80 84
44 50
41 56
80 84
26 32
43 61
57 67
8 20
50 59
11 20
54 75
25 28
12 16
76 88
56 60
62 66
80 88
7 19
21 44
97 100
28 37
80 83
47 53
5 10
70 79
56 71
55 62
79 99
17 33
7 9
63 71
5 25
31 45
51 59
57 72
38 50
68 72
79 85
70 79
36 44
1 5
76 92
49 67
29 33
38 62
55 61
65 73
29 41
25 31
18 28
73 91
1 9
75 87
24 34
45 55
59 92
58 66
1 23
93 98
15 23
30 52
11 21
66 69
61 77
9 26
15 27
9 23
39 49
8 18
28 33
27 58
60 80
63 70
22 37
70 75
48 59
88 96
17 34
32 36
56 65
26 31
26 38
38 52
41 67
2 10
68 76
80 90
15 19
80 98
49 67
38 87
50 79
47 55
30 45
69 74
20 30
50 55
25 29
52 66
55 63
52 57
20 25
85 93
81 97
58 81
27 44
68 70
48 65
64 73
2 6
9 13
11 17
14 65
84 92
44 46
41 46
63 65
51 64
27 36
11 21
87 93
8 15
14 22
74 86
12 17
15 31
2 8
34 48
23 30
3 9
85 98
46 64
44 53
71 92
15 77
9 20
76 83
27 43
79 84
44 55
50 60
45 56
9 12
81 91
64 72
3 8
41 50
65 67
31 34
70 83
47 66
20 22
63 71
22 33
28 34
10 18
70 99
28 37
69 73
48 57
10 24
58 64
47 53
52 62
95 100
6 20
65 71
74 86
81 87
43 56
83 88
15 47
1 8
39 61
94 99
33 49
89 92
83 94
61 74
36 56
16 45
68 78
16 33
14 17
41 53
86 92
43 50
51 58
80 82
87 97
9 21
17 26
59 66
34 35
62 80
23 29
28 32
23 40
84 90
72 80
16 31
8 14
70 85
10 18
24 37
2 20
70 83
65 77
81 90
57 68
55 67
14 33
8 17
44 56
68 76
79 93
59 62
12 31
34 94
32 67
60 75
23 54
21 31
10 64
57 66
43 50
30 40
70 76
30 35
31 51
44 58
87 95
97 100
16 26
21 32
66 80
85 90
29 40
53 57
96 100
26 42
19 22
10 22
43 49
56 80
53 59
32 39
16 54
11 17
20 36
6 13
4 16
27 47
47 74
96 98
26 34
84 89
39 50
46 65
85 89
68 84
18 37
84 86
80 87
92 94
33 42
57 59
6 24
19 34
64 79
68 77
29 38
55 64
28 38
76 81
75 85
14 24
73 82
62 90
24 32
75 80
51 55
34 52
83 88
21 27
81 99
46 53
50 58
94 100
33 76
67 70
2 17
86 96
79 92
19 31
22 30
7 9
39 45
4 9
27 31
20 31
2 15
93 99
70 81
11 14
53 57
88 98
15 20
16 26
87 92
2 6
78 87
15 48
49 54
21 25
34 40
72 88
17 28
21 29
77 87
67 74
8 28
47 62
48 76
63 73
39 43
42 53
40 47
88 100
11 49
52 60
43 50
60 91
75 90
35 46
30 37
50 53
84 93
6 27
25 34
29 45
12 20
29 43
36 58
57 74
7 19
84 100
31 36
13 24
12 45
46 59
25 31
2 20
93 98
33 53
68 80
68 96
63 68
38 51
35 87
10 20
23 42
20 24
25 35
24 28
69 70
65 72
57 64
16 25
38 43
49 57
48 65
43 50
41 48
77 90
87 100
85 89
35 53
31 39
6 16
26 49
10 22
82 87
70 83
69 85
23 34
90 100
55 65
66 69
75 84
71 87
87 92
12 22
6 14
88 92
28 47
68 79
78 81
21 26
26 45
81 87
46 69
14 23
71 77
30 42
18 22
45 47
31 39
58 74
53 60
52 62
37 64
91 99
22 32
36 50
70 78
69 95
4 19
9 12
32 78
70 73
34 46
56 65
45 48
49 62
27 34
48 58
51 65
19 32
16 66
86 95
21 29
35 62
4 19
54 74
12 22
26 36
60 78
78 87
80 86
78 83
64 68
21 31
89 99
66 70
1 16
7 12
50 55
76 85
65 78
40 48
29 40
46 69
