100 20 20 6
00000000000000000000
00000000000000000000
00000000000000000000
00001000000000000000
00000000000000000000
00000000000000000000
00000111111000000000
00000000000000000000
00000000000000000000
00000000000001111111
11111000000000000000
00000000000000000000
00000000000111100000
00000000110000000000
00000000000000000000
00000000000000000000
00000000000000000000
00000000000000000000
00000000000000000000
0000000000010000000
0000000000010000000
0000000000010000000
0000000000010000000
0000100000000000000
0000100000000000000
0000100000000010000
0000100000000010000
0000100000000010000
0000100000000010000
0000100000000010000
0000100000000010000
0000100000000010000
0000100000000010000
0000100001000000000
0000000001000000000
0000000001000000000
0000000001000000000
0000000001000000000
0000000001000000000
4796
1 8
82 86
67 92
57 66
30 44
22 44
83 87
33 41
71 85
10 17
46 63
72 82
25 41
10 31
66 77
49 55
34 50
58 63
47 51
41 50
82 93
74 89
58 66
62 77
53 70
74 78
61 84
48 58
40 64
42 76
9 22
30 34
5 12
2 14
41 47
65 72
74 88
44 60
81 96
77 89
49 68
88 97
36 39
67 79
9 17
89 97
15 20
19 29
51 55
71 82
49 64
12 22
74 84
26 71
65 97
51 57
35 67
2 7
70 74
14 19
63 75
84 87
14 54
44 96
5 19
70 91
71 78
79 86
80 96
66 76
70 79
53 71
37 42
16 42
77 85
44 48
25 31
80 86
13 25
30 35
54 60
65 76
28 35
94 98
39 58
25 35
46 51
6 13
75 85
33 36
56 68
35 43
85 99
38 74
39 48
11 19
8 30
61 63
11 18
30 68
6 26
36 47
5 10
51 57
62 71
54 63
83 90
68 78
81 88
50 52
86 91
1 6
75 100
9 15
43 53
78 87
22 25
11 22
4 5
83 92
47 60
3 15
56 62
66 79
20 44
90 97
28 38
29 45
1 20
19 30
23 33
55 66
78 84
82 88
83 99
69 81
73 90
2 18
77 89
12 18
5 16
23 76
18 25
76 90
73 88
75 91
43 49
28 42
64 72
53 64
31 38
51 56
91 100
68 71
47 78
57 60
19 32
47 55
74 78
56 63
16 25
76 95
19 32
63 70
62 67
77 86
16 27
74 88
82 95
87 91
87 99
34 41
72 87
41 54
81 90
21 27
8 11
51 61
13 23
4 9
73 87
50 58
37 47
88 94
69 82
28 50
71 84
12 15
41 57
61 71
20 36
89 100
55 73
67 75
61 71
27 43
64 68
14 23
28 49
58 65
77 86
56 85
19 44
5 12
74 80
11 26
60 69
24 31
35 39
14 21
17 27
10 27
3 6
29 57
47 50
47 54
7 9
21 24
85 94
66 94
4 18
57 75
2 14
41 43
64 68
81 96
8 11
41 43
62 74
74 79
10 39
49 66
66 74
83 92
72 76
28 33
15 25
23 31
68 72
5 16
78 87
78 85
60 66
96 99
77 88
59 76
85 96
57 66
85 93
49 58
49 62
36 53
69 84
32 43
4 14
47 71
16 29
29 49
39 44
41 45
10 12
58 67
42 53
8 14
49 66
92 97
3 8
38 40
50 61
36 50
84 87
65 70
60 67
33 43
84 91
12 17
43 51
16 26
32 42
71 74
62 66
65 73
88 91
14 21
72 93
63 79
11 14
26 54
33 38
24 30
28 32
4 10
19 28
59 67
12 24
39 46
63 71
29 52
62 64
55 58
83 97
30 56
56 61
67 72
85 87
90 95
50 55
83 95
36 56
13 23
62 80
44 51
72 88
55 67
84 100
16 22
10 26
88 91
75 79
62 72
76 86
31 37
59 62
15 20
32 74
6 20
89 100
45 51
18 26
7 18
17 39
67 75
87 99
77 91
13 23
23 27
7 15
88 100
24 53
44 48
57 73
33 42
86 91
84 96
21 27
69 79
33 45
6 15
26 30
67 79
34 50
59 65
68 94
72 84
9 26
25 33
54 61
83 90
81 94
60 71
14 19
23 48
94 99
51 58
6 14
94 100
65 68
19 30
39 44
73 85
63 74
50 58
35 43
7 24
60 63
60 63
42 62
20 25
73 95
44 79
6 9
98 100
76 87
52 69
21 34
59 64
19 27
91 98
44 46
41 47
44 58
40 46
72 94
53 63
49 58
58 66
8 10
57 63
31 34
83 92
43 48
14 19
19 31
13 18
82 95
37 43
78 86
46 49
46 54
33 62
25 37
72 75
83 91
64 75
56 64
49 54
67 72
74 88
4 15
80 89
93 97
17 24
63 81
62 77
87 92
2 12
55 60
29 41
46 59
22 36
1 24
30 40
23 27
65 77
11 15
86 95
39 65
61 66
29 38
77 85
92 100
32 51
18 28
74 99
57 69
89 95
28 43
85 88
65 75
76 86
34 46
28 44
62 86
25 33
5 15
37 45
24 29
11 22
12 19
32 34
84 86
50 63
59 85
47 67
7 17
2 16
69 82
43 51
34 36
40 50
52 67
39 53
39 58
37 40
12 21
26 49
73 81
30 60
53 69
55 61
83 86
67 81
43 48
7 13
86 91
86 87
59 76
33 36
3 10
51 58
17 34
25 29
76 85
3 7
70 94
24 37
22 38
75 81
42 50
75 100
1 6
77 87
15 20
44 51
66 75
72 84
62 74
4 10
19 28
64 70
16 19
56 65
18 46
60 96
74 82
6 16
13 23
33 43
36 39
79 87
14 23
3 14
81 90
36 44
75 90
62 71
28 38
63 72
25 31
26 33
76 91
2 28
17 32
44 59
25 37
63 68
90 95
89 99
4 20
87 98
10 23
81 89
40 60
50 56
47 52
25 36
22 30
4 10
16 24
2 32
52 54
71 80
40 43
22 33
96 99
21 24
12 19
12 38
28 42
34 38
12 30
24 32
11 14
11 33
63 74
25 33
63 65
50 54
88 98
15 20
84 97
18 26
38 47
77 80
11 20
32 36
81 83
31 43
26 33
39 43
7 29
63 72
92 96
42 69
5 13
22 33
71 75
47 49
34 50
12 31
1 6
37 40
20 36
11 18
72 85
5 12
68 78
37 51
39 41
58 65
41 58
70 79
94 96
3 12
78 82
2 7
2 7
76 78
85 91
48 57
19 28
93 100
43 46
93 95
4 31
94 98
23 27
13 44
31 37
86 100
86 95
28 36
57 64
69 75
37 45
6 19
24 34
27 29
22 32
48 64
53 60
74 79
1 15
43 49
58 74
15 19
85 96
69 74
27 37
30 58
60 70
45 55
65 73
26 40
2 16
12 17
4 16
18 30
84 91
3 11
25 32
77 87
65 82
75 94
33 50
88 95
15 25
65 76
60 64
17 42
85 88
52 67
34 41
59 66
81 84
1 20
93 97
58 78
53 56
7 12
20 35
27 59
17 24
70 80
31 38
50 68
49 74
72 76
61 68
20 22
43 59
14 23
74 76
46 60
34 58
84 91
83 95
43 61
52 59
36 45
84 90
18 23
43 52
45 52
48 53
10 16
71 88
92 99
64 71
26 33
62 64
35 44
43 62
61 66
33 44
44 51
63 72
24 34
3 13
50 67
38 57
7 15
13 18
36 47
18 27
3 7
78 89
56 91
59 81
55 96
69 77
40 44
11 31
19 25
57 67
78 92
79 83
4 18
13 18
73 86
18 21
27 43
33 38
37 41
50 78
31 42
15 50
12 17
45 65
13 43
26 50
46 50
59 72
32 42
69 75
60 83
5 16
81 92
7 14
15 31
45 49
41 47
71 77
49 52
75 92
31 47
92 97
71 78
41 49
50 66
27 35
11 42
61 66
73 84
7 13
4 17
49 54
34 46
82 86
9 17
92 95
72 79
86 96
34 54
8 25
43 51
33 43
76 81
53 57
58 66
55 60
3 21
58 67
10 66
42 48
33 60
42 43
34 49
20 47
10 25
75 79
45 47
61 68
64 70
15 18
20 34
76 81
97 100
46 50
91 94
91 96
11 30
18 32
24 37
53 62
90 98
1 8
63 67
38 56
57 72
20 29
64 71
50 97
79 84
65 77
69 78
88 97
73 91
52 57
53 55
63 69
67 97
45 53
72 78
83 90
41 55
93 99
48 50
62 71
8 14
63 69
69 91
74 85
81 88
15 22
53 57
24 36
22 30
40 48
66 93
43 56
28 30
55 60
23 26
91 96
4 17
43 53
72 74
55 67
68 83
50 77
19 21
14 18
13 20
63 84
83 92
24 31
77 90
93 100
72 86
94 100
25 32
5 23
28 33
25 30
48 53
5 9
64 70
51 66
61 76
16 28
51 60
51 60
53 67
93 99
65 82
48 75
66 68
22 28
1 19
56 60
31 46
65 76
66 88
86 95
57 70
80 86
48 78
43 49
69 75
96 100
80 93
76 78
58 67
16 25
77 85
43 60
83 87
62 64
92 98
14 23
21 26
61 68
74 79
14 42
79 83
90 100
72 77
66 88
77 82
78 94
56 65
49 62
46 64
20 39
72 77
34 38
49 60
67 69
47 57
73 75
44 53
49 58
14 25
86 99
40 49
73 85
65 70
33 72
5 35
10 12
27 36
83 91
68 78
19 29
74 85
16 25
5 11
79 92
65 70
91 99
66 69
17 26
56 68
62 69
45 64
59 67
23 39
74 91
45 57
35 46
16 24
7 12
41 52
5 16
50 55
32 35
13 21
25 46
3 11
37 69
62 78
82 89
87 100
39 46
37 47
85 94
9 22
23 28
45 53
43 48
58 60
32 52
13 19
78 91
51 73
16 30
58 63
40 55
55 70
19 23
7 19
86 92
45 51
48 60
63 78
87 99
23 42
25 38
69 77
41 47
69 71
62 77
73 90
46 52
22 23
25 31
13 19
15 32
57 65
46 59
8 11
47 57
59 67
93 99
75 81
43 52
67 73
1 9
47 54
17 26
32 41
10 27
51 57
55 57
28 34
35 39
3 9
28 36
30 40
57 64
84 93
84 94
76 87
13 67
10 16
58 60
19 28
69 85
59 70
18 29
19 25
26 36
80 84
13 21
43 52
1 17
41 46
48 68
10 20
66 92
66 73
61 70
3 7
32 35
44 75
60 72
18 28
7 16
44 53
49 90
61 69
67 86
23 33
65 73
11 27
41 53
44 54
19 30
54 66
32 37
49 53
51 62
83 89
46 52
14 19
34 54
29 33
3 13
67 81
21 32
78 89
34 44
14 19
82 92
74 88
26 30
72 75
84 92
75 84
43 57
13 20
90 100
7 29
37 46
27 43
56 65
7 19
10 15
19 24
60 65
60 66
30 32
17 21
43 46
34 64
38 52
17 20
69 86
10 33
38 54
94 99
50 77
22 37
43 53
87 92
12 20
16 22
63 74
72 80
59 64
64 70
83 93
11 15
15 24
75 97
30 41
3 17
73 83
77 94
16 23
22 32
82 84
8 18
23 25
45 54
41 58
20 21
65 72
40 46
22 28
21 49
66 78
37 49
2 11
10 16
58 60
93 96
54 58
59 65
56 60
14 25
42 55
31 33
89 94
64 84
68 78
58 68
28 54
60 64
94 97
50 67
34 46
50 58
15 36
61 80
1 15
49 64
73 77
22 39
91 98
29 31
55 68
32 33
65 70
25 42
59 62
7 28
59 83
1 22
29 60
50 58
46 51
14 21
56 89
67 75
80 88
59 66
10 19
83 89
79 82
5 11
14 18
82 97
76 88
36 42
36 52
71 74
6 14
56 75
72 88
90 98
62 68
52 58
11 37
79 91
79 87
19 40
34 48
4 21
20 36
6 35
6 13
3 14
44 55
44 61
41 57
75 82
61 64
94 97
56 64
76 86
2 21
60 77
90 99
79 88
69 87
58 62
10 14
4 33
32 39
6 18
40 58
11 24
23 32
65 72
33 44
78 86
53 61
27 37
36 40
48 56
50 57
75 94
3 22
6 7
37 52
51 71
68 75
64 70
4 12
59 69
73 85
49 62
25 29
63 92
62 72
20 26
96 99
3 14
69 72
9 18
76 85
69 79
32 39
43 51
4 14
53 59
4 11
18 48
1 7
90 94
68 72
56 63
12 33
20 21
82 85
11 17
58 64
11 36
32 36
72 85
65 72
51 70
59 78
9 20
5 18
91 96
61 75
30 48
49 60
42 52
45 50
47 54
13 28
55 70
79 95
29 38
12 24
8 20
87 99
54 62
63 69
56 61
47 57
10 34
2 6
60 71
55 66
50 62
24 36
28 40
23 34
40 49
30 43
22 26
77 84
30 39
80 85
7 17
79 90
33 40
65 87
60 71
17 24
58 74
20 50
10 20
56 74
35 42
39 59
54 62
76 82
40 71
41 61
34 51
74 90
25 29
60 73
58 64
67 84
92 99
31 35
33 52
21 26
27 35
78 86
49 63
3 8
34 49
42 49
18 33
4 31
64 77
76 84
82 98
72 84
30 67
61 69
77 97
4 21
64 73
26 33
72 92
23 27
80 87
4 24
65 80
88 95
49 71
28 31
84 97
83 86
72 79
67 87
48 67
9 12
70 75
31 84
53 72
46 58
67 70
38 51
80 91
90 92
11 19
51 62
71 77
34 45
64 84
45 56
69 78
1 7
59 67
14 26
26 32
13 18
15 24
74 81
63 73
36 45
36 40
34 39
63 76
6 27
77 81
10 21
27 30
50 51
90 96
46 57
10 16
67 87
49 61
80 85
93 98
70 81
26 33
50 60
77 82
13 28
28 33
24 38
58 67
91 95
75 82
20 27
66 91
6 22
46 66
24 33
21 34
36 46
35 44
77 79
75 94
21 28
49 51
5 12
57 63
50 84
42 56
10 16
2 25
79 83
29 46
42 48
52 56
78 91
6 25
19 29
21 42
24 30
28 33
61 71
73 86
54 67
40 72
20 25
87 93
71 80
36 41
19 38
16 45
8 16
81 88
35 54
51 63
63 75
17 32
56 62
39 52
11 14
86 88
8 26
21 30
37 59
79 89
80 87
50 61
84 87
87 96
60 64
84 95
70 89
84 88
44 57
84 89
51 61
53 67
67 77
60 66
7 20
11 34
44 73
73 77
1 9
16 21
69 93
52 65
59 66
39 52
57 77
31 45
92 95
47 64
68 75
75 84
2 7
68 78
4 9
81 91
72 75
29 34
30 48
35 53
64 67
78 98
57 68
24 36
26 29
42 58
77 84
78 86
39 52
12 25
24 43
74 78
72 87
73 84
15 53
85 94
63 72
64 69
56 66
5 14
4 10
37 48
90 94
11 19
26 43
88 94
58 73
89 100
35 48
29 34
27 41
56 71
28 34
4 27
56 76
86 98
30 55
7 22
49 63
4 10
12 26
23 28
72 98
96 99
29 39
20 26
39 43
34 43
48 54
41 46
46 59
52 64
15 25
38 51
65 77
17 22
70 83
89 92
84 90
73 85
49 64
69 74
5 12
11 18
11 14
4 12
67 71
82 100
34 50
30 63
52 57
70 98
15 18
43 54
50 60
34 38
69 74
13 19
23 35
47 66
92 96
41 50
35 39
38 46
74 82
50 61
69 86
41 49
25 31
5 29
1 13
50 76
52 59
89 92
24 39
8 23
33 41
76 81
89 98
14 54
34 55
82 96
36 40
26 42
38 53
32 48
18 27
77 85
78 93
73 85
43 62
14 35
6 11
60 66
9 19
15 26
61 82
40 54
19 26
62 70
9 35
67 79
50 51
16 26
31 41
37 54
72 82
49 57
14 29
92 99
75 83
49 55
37 51
43 52
60 71
78 80
53 63
54 67
46 60
48 56
6 34
19 39
31 39
87 95
45 72
69 85
75 83
16 23
19 38
54 58
91 100
36 90
78 83
15 34
35 37
66 83
16 23
14 19
83 97
77 97
62 68
7 22
8 20
22 33
37 43
18 20
42 52
51 88
82 88
32 53
92 97
42 57
60 73
83 96
34 53
20 23
87 90
78 80
40 68
84 88
24 30
45 46
9 19
34 53
77 79
29 57
90 98
29 44
58 75
46 50
61 79
62 68
38 44
96 99
34 37
8 23
40 54
88 97
77 89
47 58
5 13
46 58
51 87
52 68
24 30
24 43
34 49
47 64
21 26
8 21
81 92
40 44
10 14
15 25
78 89
71 92
30 33
67 73
7 38
2 15
28 32
26 30
83 92
72 80
22 28
34 44
45 54
12 17
86 96
69 89
45 55
34 42
40 43
5 10
28 31
93 99
63 70
72 78
43 46
83 98
92 100
40 58
48 59
92 96
16 24
77 85
76 82
42 45
15 25
89 91
8 20
59 87
11 18
42 59
72 92
62 77
26 30
19 29
40 60
43 60
79 92
41 54
29 50
43 51
72 76
26 48
37 52
65 73
25 29
44 55
67 74
7 21
51 55
13 19
77 85
89 99
25 32
5 12
96 99
77 81
77 91
15 31
70 78
66 69
36 43
57 64
22 30
80 82
53 69
66 91
69 84
19 28
26 44
25 28
38 43
73 82
27 31
50 63
35 75
75 88
46 52
14 71
40 65
34 52
59 78
51 62
22 28
36 49
90 96
44 64
5 19
12 26
24 29
19 25
11 23
4 12
25 50
3 16
71 82
70 95
79 85
59 64
91 95
72 80
29 39
43 52
85 97
20 41
19 31
6 11
45 69
15 25
64 81
62 80
47 67
65 78
36 45
15 22
67 72
50 71
44 55
79 85
41 48
64 91
86 91
22 80
63 76
23 47
37 48
53 64
56 75
6 11
27 44
55 73
75 88
31 35
84 90
2 26
41 55
87 97
51 66
62 81
59 69
58 75
2 47
84 90
1 11
10 15
21 37
21 38
91 96
93 100
47 59
63 73
41 45
22 28
63 69
26 32
11 13
42 51
37 44
44 52
60 75
15 49
1 58
4 11
66 73
48 59
68 79
24 35
72 76
9 13
86 90
83 90
75 98
26 35
74 80
76 79
20 36
15 25
13 27
13 21
63 96
34 47
21 22
86 89
12 21
44 50
68 76
22 33
83 93
77 89
60 79
62 66
19 26
13 26
77 83
89 97
47 52
7 20
54 58
25 32
88 94
65 89
17 27
44 46
48 53
27 55
17 22
57 65
31 35
25 40
12 26
1 15
64 71
90 100
52 59
95 99
88 94
75 84
13 18
47 57
36 53
32 44
15 52
68 91
12 20
76 87
64 75
67 72
63 66
66 73
18 33
45 51
40 56
75 80
92 100
79 83
84 98
75 81
49 57
10 21
65 71
80 89
33 55
1 10
64 67
44 64
64 75
29 37
10 16
41 44
56 67
16 22
64 88
4 9
75 82
64 70
48 61
52 76
73 99
32 38
67 71
37 47
29 37
80 89
14 28
56 68
86 98
30 37
42 57
65 80
45 53
15 28
63 68
8 22
22 36
30 37
38 50
59 80
11 19
21 33
15 24
24 40
61 69
32 38
61 71
29 34
22 30
57 61
23 27
9 20
10 13
42 50
83 96
23 29
23 33
20 39
32 36
75 87
70 97
67 69
41 54
1 19
49 58
24 35
24 26
32 46
18 22
12 29
32 54
64 71
59 63
16 30
14 20
81 88
5 14
10 23
16 22
53 60
84 91
45 53
73 80
31 33
79 90
10 15
63 82
36 42
49 55
22 54
44 53
63 66
75 93
63 70
5 9
85 87
83 93
34 47
41 49
60 62
34 39
82 85
55 65
27 42
43 58
61 66
60 67
10 17
42 69
88 95
23 58
21 42
44 66
13 22
77 82
74 94
19 36
64 66
33 43
42 51
25 28
92 95
32 43
44 61
6 21
2 37
49 59
11 22
87 98
3 8
31 37
86 96
59 67
61 63
4 8
15 28
32 45
96 100
12 17
48 62
4 13
52 60
22 37
11 16
16 20
72 76
5 11
65 86
59 72
60 70
92 99
11 13
50 54
65 71
58 63
32 35
46 58
22 30
15 36
62 71
78 84
65 77
58 70
63 71
9 32
10 30
50 58
34 51
49 54
47 55
18 25
92 95
71 87
77 83
79 87
73 89
69 73
39 42
59 75
67 79
85 91
38 53
65 71
69 79
81 89
72 83
20 59
35 52
62 67
29 39
70 75
48 65
96 99
42 49
21 36
84 89
82 87
30 37
80 87
65 93
53 65
73 80
79 91
25 33
66 87
91 98
15 18
34 40
30 49
18 43
51 58
79 85
53 62
25 29
88 93
73 78
17 26
35 45
64 71
23 28
49 53
26 31
14 32
34 45
40 60
10 30
85 92
3 9
32 53
69 79
66 78
29 39
71 79
43 53
17 28
78 99
83 94
79 87
5 13
71 74
83 97
76 80
21 28
46 50
84 89
43 59
85 96
1 18
28 36
34 48
91 97
91 96
8 17
33 42
65 75
35 44
49 58
17 23
65 71
68 92
45 49
71 84
24 43
46 50
69 86
97 100
2 11
55 65
52 71
45 61
16 39
62 72
65 82
4 9
44 64
53 62
26 34
56 64
63 74
69 73
64 80
73 80
30 41
79 84
31 37
22 29
55 73
51 81
41 48
71 96
65 73
54 61
94 97
47 56
22 34
7 10
79 85
75 78
83 87
85 92
17 35
15 32
50 60
50 72
8 12
86 91
20 26
56 64
17 39
45 53
46 54
55 63
97 100
6 29
87 95
28 33
46 64
88 90
76 92
36 42
44 49
52 72
2 37
38 52
29 38
51 56
29 42
82 90
86 94
40 57
47 77
26 39
31 41
18 26
4 11
93 97
64 74
63 74
81 96
14 26
70 86
87 99
51 54
63 68
57 83
91 98
76 83
46 51
9 41
63 76
92 96
41 64
21 33
69 85
19 40
80 88
16 30
4 12
72 86
63 67
35 39
42 47
77 86
44 63
67 87
36 51
51 68
71 75
3 21
26 51
45 67
7 10
43 56
19 28
9 20
74 85
91 98
23 32
60 70
28 42
6 29
68 87
44 61
90 96
52 57
11 25
24 37
30 35
68 84
36 48
6 20
61 76
59 62
4 16
63 78
31 32
4 11
4 8
13 19
87 93
36 43
53 58
11 17
27 32
53 70
83 86
56 68
27 43
26 33
53 70
1 17
60 66
81 83
92 95
15 25
23 56
74 93
1 20
16 32
38 46
87 96
76 92
36 44
61 70
65 85
39 51
53 79
11 19
63 70
16 23
85 96
17 28
49 55
24 35
73 80
48 61
51 68
22 40
14 21
81 91
44 87
20 32
31 41
49 61
53 61
64 85
11 28
10 18
88 98
17 20
32 43
73 77
37 48
53 57
48 64
85 92
15 29
87 95
24 32
41 49
32 43
47 60
14 20
3 14
60 74
76 82
35 54
54 62
83 90
17 24
59 67
24 31
32 54
86 91
66 75
58 73
21 28
51 55
14 54
55 59
84 100
34 43
55 60
32 39
27 35
2 11
26 31
72 86
41 48
42 53
75 88
20 24
36 46
91 98
64 90
71 76
53 58
32 54
18 27
34 47
30 43
48 58
15 35
81 89
35 45
13 19
34 67
62 74
20 37
39 50
56 69
23 43
21 37
45 75
81 85
38 43
83 86
48 57
7 19
5 7
46 54
58 73
36 40
70 79
26 35
63 71
24 42
40 49
21 40
17 37
68 75
61 81
30 36
8 14
43 58
33 41
62 71
88 96
48 59
72 77
74 82
48 52
59 70
64 93
28 41
88 90
50 56
39 43
47 50
83 98
16 21
43 60
86 100
47 49
6 25
2 7
68 78
25 34
29 32
18 27
42 47
20 37
62 68
90 94
85 93
12 15
70 80
46 59
75 97
59 70
40 45
6 11
40 46
82 87
63 72
82 93
85 90
1 4
9 15
17 22
20 54
87 95
44 46
95 97
5 11
73 88
73 89
11 14
38 43
60 87
42 53
58 70
19 34
48 60
85 95
62 68
45 68
9 18
94 96
58 62
13 17
87 91
90 98
24 34
51 57
42 49
37 45
72 76
9 18
30 43
53 67
10 17
53 60
1 15
42 65
80 90
52 56
10 14
61 71
70 76
48 50
22 25
32 43
21 26
25 33
40 45
19 27
65 75
79 86
27 52
49 58
82 92
29 52
85 95
20 38
87 94
50 64
58 70
61 96
58 72
63 68
29 55
10 30
93 97
64 71
62 65
80 93
2 10
59 66
13 30
47 63
66 91
24 29
78 85
49 53
61 76
86 90
70 85
7 19
30 38
89 93
50 59
28 38
31 52
15 18
41 51
85 90
51 55
45 52
77 89
73 79
68 84
45 53
43 57
15 30
59 63
74 81
4 13
1 24
47 53
11 30
5 20
10 18
15 66
79 83
29 32
12 24
4 13
27 60
61 67
90 96
83 94
55 67
35 43
11 17
84 91
32 40
47 62
13 17
1 24
54 70
11 18
6 24
76 86
49 59
69 75
49 67
84 95
20 26
35 46
68 74
70 83
89 93
71 74
85 93
89 97
30 33
75 80
51 55
46 48
77 85
49 52
15 19
83 96
43 52
46 63
72 92
10 21
65 99
44 48
5 19
84 93
16 23
57 65
15 19
92 100
75 96
83 86
46 69
58 64
40 45
17 27
80 90
10 15
22 62
27 51
30 37
49 65
80 91
42 65
62 74
46 48
11 13
50 54
4 14
70 76
13 26
57 76
70 93
68 76
72 76
16 17
43 48
12 16
61 94
46 65
45 68
88 94
28 37
85 87
19 32
24 43
74 80
53 88
23 50
50 53
2 7
6 22
15 22
79 94
13 27
64 68
82 98
66 71
45 58
57 68
35 50
56 62
45 53
60 69
9 18
4 12
70 79
30 44
41 53
59 67
66 74
59 75
14 18
41 63
30 35
36 65
65 73
70 75
62 64
84 92
17 21
5 11
63 73
20 32
18 29
9 23
32 43
29 34
7 19
13 31
72 76
66 79
8 13
60 65
43 53
2 45
19 29
77 93
10 20
63 73
48 70
54 55
19 33
18 27
27 43
27 30
61 63
37 62
92 99
44 57
64 74
51 56
11 20
82 95
16 24
49 58
36 43
61 70
49 53
21 31
74 96
17 18
41 48
48 75
68 75
24 33
38 49
54 63
64 75
47 62
79 81
22 30
18 25
28 35
10 17
95 99
88 90
76 84
85 93
58 72
68 74
17 20
6 18
80 85
67 76
46 59
59 69
36 58
36 56
15 32
76 91
90 93
80 88
37 49
7 25
76 82
77 87
17 32
79 92
71 99
31 35
30 38
77 84
88 96
43 49
10 17
65 70
57 78
33 40
78 90
51 60
29 39
11 17
10 25
81 85
29 32
15 21
7 13
45 66
27 36
5 8
18 24
68 74
19 25
3 8
71 94
82 96
55 60
32 37
32 39
16 27
5 21
16 29
34 36
23 44
1 41
27 34
57 66
4 12
11 27
45 50
25 71
14 23
13 24
16 21
82 86
30 37
19 30
20 25
57 75
72 88
64 72
30 33
53 62
21 28
21 32
46 55
72 88
88 96
6 19
43 68
85 100
67 80
79 88
25 29
34 47
67 78
6 28
79 91
52 56
83 92
54 59
8 17
36 50
13 27
69 78
79 88
64 70
20 32
18 25
2 9
28 35
29 38
74 85
84 97
64 68
17 23
20 30
25 38
70 78
43 66
94 100
3 6
38 41
12 23
77 98
60 69
37 47
37 41
50 65
40 59
28 34
18 30
76 90
49 70
46 52
29 34
57 64
35 45
64 76
70 76
94 100
79 87
26 35
82 91
18 23
78 86
15 30
89 96
75 93
41 55
15 19
45 65
36 80
83 97
35 41
87 96
45 61
53 59
22 36
49 56
17 25
75 84
29 32
67 70
70 85
24 29
71 77
28 31
26 49
66 74
58 84
57 66
87 93
28 32
72 93
31 51
37 41
10 19
30 36
14 19
25 45
83 86
64 89
76 84
39 52
49 54
24 28
72 91
68 71
20 27
12 19
51 57
84 88
76 92
39 71
24 32
19 25
62 71
27 36
41 47
27 38
67 72
21 24
66 70
22 38
34 47
37 58
67 86
65 71
81 87
7 21
42 70
8 19
51 55
94 98
74 83
30 38
64 74
30 41
31 39
25 44
7 17
48 57
96 100
60 65
76 85
50 62
1 4
26 29
70 72
16 29
29 37
11 16
45 52
62 65
47 59
66 73
15 22
68 77
25 31
67 71
42 48
74 99
26 46
74 82
18 25
66 81
79 90
35 42
75 83
85 96
90 98
25 30
85 95
16 36
23 46
47 59
9 19
65 71
36 40
14 22
65 73
79 85
45 64
68 78
80 94
30 39
49 55
55 67
68 73
68 73
32 44
73 83
86 93
17 23
36 40
65 69
75 80
39 43
30 39
1 28
42 58
73 78
70 75
22 34
68 87
66 69
72 76
50 68
48 57
39 47
20 26
70 76
78 91
25 30
80 86
36 55
19 30
3 10
1 15
2 4
4 21
72 79
85 95
39 75
74 77
31 50
5 16
38 56
17 27
75 96
18 39
32 35
18 24
86 89
69 92
46 53
84 95
31 48
6 16
25 41
53 66
1 11
91 97
53 56
27 39
45 66
66 73
6 14
47 56
52 69
92 95
77 95
46 55
59 68
33 45
88 93
63 70
44 55
87 93
64 73
1 11
33 45
81 100
33 55
37 57
60 70
51 63
45 56
32 41
64 71
77 85
51 55
86 94
75 83
85 98
77 79
63 73
46 52
73 83
81 97
46 50
38 46
82 88
92 98
73 82
65 77
46 52
13 43
25 41
43 47
27 37
65 67
1 7
92 96
17 30
83 94
5 35
79 90
61 66
3 10
90 96
9 21
30 52
54 77
8 13
57 66
87 94
34 39
24 48
19 26
28 32
75 81
80 89
58 75
59 74
71 85
60 87
16 25
71 77
38 42
55 60
44 49
66 93
20 25
43 50
53 60
30 42
45 58
12 17
57 72
6 11
24 30
47 52
20 39
83 93
86 94
35 45
3 21
63 67
66 75
91 92
78 93
29 36
8 32
73 82
88 96
64 69
9 15
51 57
51 63
95 97
59 71
34 42
22 48
76 83
27 41
85 93
56 59
28 49
77 86
54 59
61 65
61 73
81 99
28 37
33 53
47 52
66 68
44 59
31 56
58 69
73 96
32 36
12 18
26 45
39 46
33 48
42 70
36 48
48 67
70 77
47 52
32 51
30 45
25 39
25 27
57 76
4 11
15 19
55 76
3 7
19 31
2 16
19 23
79 84
27 38
50 69
31 35
58 66
63 67
14 33
92 98
4 7
59 75
43 54
2 5
50 66
57 60
22 28
17 24
63 73
12 35
40 59
77 83
56 80
85 90
71 82
32 38
4 11
9 14
21 25
54 67
30 38
31 49
33 36
21 39
76 78
68 94
44 48
14 19
14 24
67 71
35 41
36 41
62 67
16 27
13 21
87 100
73 79
47 61
64 82
4 18
66 72
78 84
48 59
86 92
63 69
73 79
10 15
74 81
19 27
68 77
45 53
7 24
46 61
42 91
82 93
65 73
5 12
28 46
68 85
12 18
75 82
19 34
73 82
46 52
59 62
78 84
36 58
61 66
30 39
80 91
28 37
73 88
22 24
10 36
75 80
20 29
87 92
16 20
82 96
41 44
69 79
89 94
50 54
19 26
56 60
94 99
64 67
55 59
35 50
70 75
15 23
61 64
28 48
86 96
24 32
77 83
12 30
71 86
66 79
26 35
47 70
37 45
48 53
46 51
42 49
53 67
43 48
35 42
1 7
9 18
30 38
47 62
64 79
79 85
84 92
56 64
84 86
8 22
68 93
26 29
38 40
37 50
69 75
15 38
1 12
80 88
60 68
52 64
87 95
66 95
49 54
88 99
89 93
48 58
74 89
10 15
72 88
24 30
28 40
28 35
27 41
18 51
7 19
38 41
34 60
15 29
45 54
81 94
50 54
21 32
61 65
73 79
76 82
1 25
4 13
2 4
79 97
56 70
87 93
85 97
57 64
34 37
56 71
13 27
1 15
36 47
85 97
49 58
51 58
45 53
68 80
26 34
56 71
56 59
90 100
51 56
36 44
91 99
8 17
82 88
16 25
10 23
76 80
22 29
86 96
27 41
52 54
58 63
34 42
48 74
79 96
22 30
18 28
54 64
41 59
37 44
36 49
43 61
43 54
57 61
81 88
10 16
2 12
49 56
46 56
59 68
79 86
74 80
20 27
8 20
82 99
89 97
21 26
32 40
57 72
16 35
4 10
53 70
15 25
63 73
57 61
53 80
27 30
6 20
33 35
52 64
52 75
68 87
81 95
14 41
84 92
14 36
44 47
59 69
43 57
84 91
64 89
6 9
71 83
10 18
49 53
70 81
9 12
14 28
69 72
46 50
28 37
12 21
28 36
72 79
45 52
39 48
64 73
71 78
77 81
4 18
40 45
52 58
65 72
40 63
13 61
52 55
15 34
26 32
76 85
52 57
27 41
35 47
74 82
44 59
80 93
26 34
73 83
81 86
93 99
15 22
84 95
95 99
77 85
69 79
47 51
84 89
32 43
5 13
54 95
60 79
43 48
31 39
43 47
66 79
56 62
55 71
3 12
25 35
14 27
88 99
60 67
76 91
56 59
54 66
2 10
59 82
31 42
63 67
74 91
52 76
14 35
92 97
46 73
45 52
36 42
58 64
7 21
58 75
69 80
75 87
8 11
19 42
57 64
64 69
84 95
34 51
55 64
78 86
56 60
77 81
30 36
39 63
85 96
20 27
65 89
8 17
79 94
15 35
6 25
7 42
63 70
90 97
39 51
62 66
72 81
2 20
7 8
9 11
30 38
67 82
60 77
26 31
7 14
60 64
21 24
10 51
59 68
2 6
76 91
58 67
55 69
26 37
79 90
32 45
47 59
43 55
70 74
72 84
29 41
72 83
30 44
70 85
61 84
69 73
29 31
16 20
23 24
76 94
21 34
17 31
3 11
64 89
16 25
92 99
19 22
25 45
64 69
17 32
20 34
48 66
51 60
30 40
27 42
29 33
42 48
84 92
38 46
53 71
18 20
67 79
33 44
60 66
76 85
70 84
7 21
54 59
5 21
62 68
47 51
32 45
1 10
10 18
46 50
9 16
82 91
60 63
8 11
60 82
61 65
46 54
77 85
88 94
35 44
48 60
36 57
18 21
47 67
62 71
28 32
11 20
24 25
17 39
6 17
74 77
6 19
8 17
24 28
36 40
22 24
82 95
84 96
81 93
36 42
87 99
54 64
45 57
36 57
41 50
99 100
53 78
73 83
26 36
2 4
26 49
35 45
81 87
85 93
7 17
61 65
36 46
44 65
80 90
60 66
65 80
10 16
75 79
22 27
87 95
64 77
59 62
74 91
93 97
67 76
76 85
47 52
38 40
63 74
34 43
87 94
81 87
66 95
39 46
28 34
21 44
73 82
19 22
75 83
3 36
34 57
52 69
85 87
27 30
30 40
4 29
63 78
48 63
76 86
34 43
54 62
64 70
3 21
33 37
71 74
12 19
3 9
68 90
35 70
81 91
13 21
77 81
8 22
84 97
21 37
48 64
79 90
34 39
84 95
21 46
78 81
72 80
90 93
65 74
52 58
83 90
64 70
71 80
56 65
24 38
24 34
12 24
40 48
6 20
16 25
86 91
78 90
75 94
77 85
20 32
22 29
17 31
46 56
39 44
21 43
44 81
75 82
2 8
39 50
42 47
60 78
84 89
96 98
77 82
52 57
35 48
31 47
66 72
82 91
36 42
62 72
91 94
7 53
31 41
9 19
30 35
11 17
40 52
38 68
43 49
36 42
84 96
85 87
64 99
13 23
2 5
75 91
61 64
28 42
95 100
77 82
12 20
83 91
23 37
41 46
14 17
14 29
47 52
27 33
9 17
79 85
17 34
12 15
24 31
8 15
4 20
59 71
63 80
80 92
58 71
32 38
10 12
13 18
78 80
87 98
54 58
44 55
67 79
79 85
31 39
9 22
37 48
51 54
63 78
1 8
86 91
2 7
61 65
63 69
2 10
91 100
85 95
75 81
76 97
23 37
47 60
56 76
19 23
46 59
71 87
6 12
67 77
19 24
50 59
42 51
6 14
15 18
30 34
74 83
4 10
85 96
66 75
84 94
27 31
54 59
62 75
43 61
30 61
83 86
75 81
28 35
71 86
56 62
28 40
88 95
37 43
58 60
32 38
15 18
82 84
9 23
42 55
41 46
71 81
84 87
87 98
81 89
76 78
25 40
58 87
48 64
60 74
13 19
22 25
55 62
48 69
21 29
58 89
84 90
41 53
56 67
54 61
51 65
17 21
77 83
78 90
43 51
71 83
82 90
14 30
10 21
11 25
27 50
68 81
49 61
82 84
25 36
76 85
48 52
77 85
2 19
55 59
29 40
37 40
76 84
46 56
41 44
67 77
75 81
30 35
75 79
69 90
47 59
32 43
43 54
87 93
60 71
68 75
24 31
76 77
72 77
75 93
60 67
22 38
60 82
32 38
8 12
52 70
22 29
85 90
72 90
59 69
21 28
20 27
81 93
66 100
19 31
27 33
28 49
80 90
57 66
27 37
9 46
58 63
79 95
49 79
39 43
15 29
24 32
41 52
4 9
17 22
10 15
82 92
76 94
10 26
63 77
2 12
46 55
75 92
34 43
36 41
54 71
53 79
16 25
63 86
71 73
53 78
56 76
2 22
60 78
31 42
23 29
54 63
73 84
38 66
65 98
33 52
56 61
14 24
7 26
76 95
93 99
61 69
93 98
23 39
74 93
71 79
62 68
54 63
90 97
68 86
12 21
10 33
68 74
54 61
1 10
20 37
84 93
36 43
22 27
66 84
18 29
68 83
89 95
23 28
72 85
43 46
58 61
74 81
71 75
5 7
85 91
77 91
78 85
52 64
31 43
20 35
76 90
85 96
87 96
16 25
15 22
48 61
14 28
64 81
77 98
13 28
36 55
67 78
98 100
50 62
53 78
49 54
32 38
51 60
29 34
12 14
73 100
2 28
85 92
44 48
18 24
10 16
25 40
58 67
24 32
26 31
61 70
34 38
24 31
26 34
20 35
80 91
15 26
7 20
31 54
72 79
83 86
74 79
87 90
31 35
60 66
66 83
1 10
88 95
48 54
30 39
40 47
5 19
5 7
84 92
39 46
57 80
62 72
30 34
73 78
42 66
20 29
61 80
9 18
67 72
11 29
50 71
88 91
58 65
26 50
87 94
53 57
30 42
14 68
48 58
65 85
80 92
60 67
23 30
64 66
60 73
59 68
87 100
25 30
11 25
60 69
48 58
11 18
52 58
16 27
89 93
69 83
11 19
4 12
78 81
79 95
14 24
84 91
25 32
14 26
63 70
35 59
33 46
21 53
68 82
65 83
2 15
51 59
76 82
36 58
60 81
61 65
82 90
88 92
90 93
15 21
91 94
44 65
5 11
85 98
88 93
40 48
52 72
98 100
44 50
23 25
40 51
58 63
3 17
78 86
35 44
85 93
24 32
27 43
22 33
90 96
15 30
9 14
16 27
1 29
93 99
76 82
18 23
88 93
28 32
47 62
30 46
49 56
92 98
67 78
44 64
30 37
75 76
24 46
51 56
1 5
59 64
8 14
72 84
68 72
58 79
35 41
45 50
47 51
27 34
68 81
23 37
46 52
87 98
87 98
61 72
62 64
28 42
39 50
29 51
8 24
43 66
75 81
13 30
47 67
48 49
88 93
60 86
27 31
25 36
41 54
51 64
27 32
68 81
91 97
18 33
14 17
74 89
27 39
14 20
87 92
27 35
77 93
20 45
17 31
34 39
17 27
25 55
23 50
5 14
77 93
29 40
57 64
3 12
17 28
66 70
61 69
49 57
94 96
23 30
21 28
77 85
18 45
45 55
44 55
20 35
51 70
23 30
78 83
12 16
28 40
3 8
48 60
40 48
59 76
68 75
82 93
26 30
53 88
91 94
13 16
68 87
42 47
62 73
59 61
47 51
49 62
36 45
61 71
52 72
18 33
49 52
1 8
51 76
66 68
31 45
22 26
24 30
48 57
78 80
28 45
13 16
83 87
87 93
73 81
38 54
78 88
79 98
73 84
5 11
18 29
35 52
76 89
51 56
22 28
37 44
40 53
84 100
43 49
90 97
40 50
22 45
10 16
77 89
40 59
63 100
56 69
61 71
78 85
60 68
74 87
92 96
59 72
66 68
17 32
13 17
40 53
88 100
72 83
45 64
84 86
43 54
18 29
83 94
72 98
74 80
84 95
77 82
28 32
11 15
59 76
56 63
39 50
63 74
42 47
44 54
51 56
40 46
76 79
31 36
48 54
5 13
67 87
35 49
91 98
49 63
87 96
65 82
49 60
85 100
43 51
62 74
43 58
82 95
52 61
51 57
59 71
22 30
10 20
28 60
86 97
68 71
36 55
83 98
21 34
3 10
6 18
36 46
16 27
82 94
67 83
87 99
61 64
87 95
44 62
27 40
39 42
9 17
60 64
30 44
18 25
35 39
59 64
44 63
97 100
2 14
15 29
33 41
69 97
27 53
52 65
88 98
1 4
64 69
28 50
53 60
36 39
54 63
74 83
21 38
54 58
42 58
35 47
78 86
75 97
17 37
57 77
29 45
12 26
61 72
49 64
68 77
4 17
59 68
70 88
1 5
32 55
41 50
79 91
4 44
55 85
73 81
3 9
33 46
4 12
84 89
69 75
22 24
30 38
61 72
17 30
9 12
36 41
67 72
67 75
20 31
66 70
86 95
51 63
23 43
25 35
44 53
37 43
92 100
78 83
51 53
62 79
50 59
38 46
57 64
70 81
16 41
48 59
65 73
20 24
79 86
83 92
25 49
30 42
45 52
88 91
75 86
26 39
25 31
21 27
2 30
57 66
51 75
13 29
88 91
13 24
41 50
49 59
28 30
12 26
4 6
8 11
4 6
5 17
89 98
48 61
12 26
79 84
16 26
25 26
36 52
74 83
8 28
40 48
32 40
64 70
11 15
63 70
69 87
57 70
65 84
60 64
20 42
16 23
55 66
90 95
26 41
51 56
80 89
38 48
75 76
49 82
54 59
3 13
42 45
35 47
81 85
91 98
30 42
31 40
56 85
46 57
85 87
40 46
7 13
66 71
53 62
10 14
43 67
65 68
39 57
58 63
18 25
27 35
19 26
16 34
19 28
35 43
40 43
38 41
74 82
53 58
54 63
49 54
76 79
53 61
16 27
68 78
30 32
83 90
76 99
65 81
25 34
39 45
84 98
1 6
81 87
57 68
20 22
27 37
93 95
66 93
83 97
23 27
81 89
92 97
19 24
21 26
76 79
29 32
55 64
7 14
12 21
25 40
14 36
21 31
31 32
87 95
69 86
15 24
34 37
26 29
84 92
9 19
92 94
50 57
44 76
27 69
34 44
44 48
51 84
76 83
26 29
84 86
34 43
82 93
32 39
15 37
59 83
28 31
32 38
19 24
64 81
33 43
40 46
38 43
84 92
80 97
43 56
72 77
39 57
12 21
42 54
26 45
73 81
81 91
68 74
1 10
35 40
2 8
12 22
15 29
87 97
62 80
31 47
6 12
39 53
24 29
24 35
70 77
29 33
52 58
60 73
66 78
85 91
28 32
9 18
63 77
53 79
17 27
71 90
73 98
62 67
77 84
11 16
44 47
75 78
73 89
5 36
13 20
49 52
21 34
85 98
14 16
71 78
65 67
73 81
5 10
34 45
65 74
61 70
44 57
66 81
64 84
80 89
5 38
92 96
53 59
69 78
40 45
14 17
18 22
51 54
36 48
23 47
75 86
70 81
34 43
31 38
6 21
41 56
69 80
27 33
77 99
56 61
21 34
58 67
29 34
52 56
4 33
3 10
32 35
56 66
7 16
65 72
76 85
13 24
55 64
26 31
71 75
65 88
84 93
53 61
19 23
75 84
49 55
29 32
78 81
36 43
