100 20 20 7
00000000000000000000
00000000000000000000
00000000000000010000
00000000000000000000
00000000000000001111
00000000111100000000
00000000000000010000
00000000000000000000
00000000000000000000
00000000000000000111
11111110000000000000
00000000001111100000
00000000000000000000
00000001100000011111
11110000000000000000
00000000000000000000
00001110000100000000
00000000000000000000
00000000000000000000
0010000100000000000
0010000100000000000
0010000100000000000
0000000100010001000
0000000100010001000
0000000100010001000
0000100100010001000
0000100100010000000
0000100100010000000
0000100000000000000
0000100000000000000
0000001000000000000
0000001001000010000
0000001000000010000
0000000010000010000
0001000000010010000
0001000000010010000
0000000000100000000
0000000000100000000
0000000000100000000
4825
19 22
51 65
18 39
2 23
23 28
89 94
90 95
33 53
79 94
33 39
26 34
35 42
49 56
7 12
28 37
4 24
28 44
42 44
70 93
84 96
85 92
83 94
50 53
45 54
41 50
29 41
56 60
27 35
83 90
12 57
35 40
74 86
24 30
25 28
10 26
31 46
19 28
72 76
9 22
42 60
4 8
10 23
34 42
55 59
48 56
47 53
27 30
22 46
67 83
3 19
73 78
39 64
7 29
48 67
6 53
48 55
55 70
30 54
55 65
12 30
34 49
80 87
41 62
43 47
12 23
66 71
18 33
62 67
15 18
77 86
27 53
53 63
34 45
31 37
57 61
81 97
50 60
45 53
53 59
75 79
82 89
47 59
78 92
18 40
41 64
67 83
88 95
68 75
50 61
85 94
6 11
22 28
5 12
11 18
54 67
46 68
54 68
5 6
73 84
85 91
28 33
57 65
8 11
34 46
26 40
37 57
49 52
26 34
84 91
31 50
88 94
31 45
57 60
32 52
48 58
38 52
3 10
49 57
28 42
10 16
52 60
2 16
73 81
4 11
21 31
65 74
30 36
80 90
22 28
16 20
55 59
20 54
74 78
6 34
54 67
26 35
41 48
4 13
1 12
26 65
5 23
44 54
3 15
51 68
32 36
39 47
71 93
74 94
52 56
65 78
74 87
86 88
4 16
86 91
16 24
47 49
42 45
47 55
40 65
79 85
17 31
10 16
18 30
37 52
79 86
75 84
75 83
24 31
91 99
80 87
26 45
25 39
75 93
57 70
59 95
71 78
22 26
1 4
26 41
39 44
74 91
41 48
37 41
73 79
58 66
15 33
1 12
51 70
25 32
72 79
6 17
67 73
66 80
15 23
71 97
67 74
71 81
29 38
66 85
71 99
57 61
12 25
64 74
87 99
17 29
86 89
94 97
73 93
88 97
65 82
58 71
87 99
36 50
59 73
39 51
45 51
5 12
21 33
81 95
49 59
21 33
43 56
55 61
26 36
46 58
36 38
15 24
5 11
55 66
43 55
68 84
51 68
21 40
84 97
76 90
3 17
44 49
81 87
54 60
91 98
62 69
91 98
25 37
69 76
37 41
37 52
52 65
62 66
77 80
10 14
25 44
45 53
93 99
80 85
11 20
39 46
79 92
84 87
13 28
64 68
41 60
56 64
65 82
20 30
75 76
76 89
11 15
73 79
19 23
21 68
58 77
38 55
37 41
92 98
50 88
38 41
94 99
33 40
82 98
82 87
70 91
45 52
17 31
46 65
62 68
10 15
29 46
34 42
9 13
45 80
75 83
18 23
22 29
15 24
21 28
74 92
32 39
39 50
86 99
48 63
18 25
22 40
73 93
11 23
30 39
53 56
33 44
63 69
16 29
75 99
55 63
39 50
72 85
79 99
4 16
91 97
61 70
88 92
49 81
22 34
68 75
5 8
71 81
83 88
77 100
1 7
26 37
45 52
62 76
39 49
54 59
67 76
6 11
7 12
15 27
77 96
70 80
65 69
91 99
16 27
2 12
72 78
20 30
22 30
12 19
61 73
19 28
53 58
11 20
41 60
79 89
2 11
77 81
51 72
68 78
93 97
82 87
46 69
10 16
38 50
72 77
32 42
23 39
14 19
66 83
23 29
48 59
15 26
64 73
26 54
47 64
76 91
76 81
83 90
60 73
68 74
8 22
49 54
40 44
42 46
37 56
67 70
53 67
8 28
31 38
69 79
54 64
71 78
58 63
66 70
26 62
17 38
48 51
30 37
16 26
78 80
27 31
43 49
53 68
85 95
59 65
30 40
22 34
18 22
23 25
13 38
79 84
16 23
63 67
16 38
81 90
32 41
87 99
27 39
75 85
58 62
41 48
81 86
34 44
14 24
41 49
35 45
69 90
50 56
3 15
4 8
40 62
59 67
27 31
48 54
30 42
74 86
76 79
75 90
23 46
25 33
60 67
5 14
30 33
25 30
8 17
3 10
19 26
72 87
1 6
69 90
85 88
57 78
9 19
76 81
47 59
91 98
22 25
28 39
36 50
87 99
78 86
54 63
84 91
32 61
51 52
7 19
77 80
57 76
73 78
66 77
14 26
35 46
63 69
17 20
78 97
80 85
8 25
6 12
25 39
39 62
11 19
84 94
55 81
67 70
57 66
20 41
4 33
16 39
10 18
11 27
11 28
77 78
33 39
17 28
87 90
45 55
1 8
4 10
71 81
33 39
80 89
6 14
35 46
45 53
24 36
34 42
59 70
11 17
9 24
54 59
52 60
17 23
34 40
93 97
19 35
49 76
61 70
54 60
1 8
80 84
21 26
57 65
25 32
60 91
8 30
82 90
66 70
47 74
66 82
89 95
69 90
36 43
7 22
87 93
30 33
95 99
13 24
32 39
7 23
79 89
3 10
8 12
35 41
50 63
91 94
12 19
43 51
34 46
61 65
18 42
81 95
8 22
66 91
70 75
90 96
77 99
85 94
13 17
13 17
31 43
23 46
39 48
30 33
55 61
45 50
51 57
74 100
11 45
67 89
47 60
58 67
57 65
55 71
72 80
66 70
63 71
40 42
82 88
69 72
78 88
46 56
22 24
90 96
26 29
78 88
63 68
79 84
67 76
71 84
34 43
54 59
69 89
9 15
36 48
66 92
26 28
28 37
56 78
17 22
74 76
27 40
82 85
52 55
17 45
37 43
22 28
28 37
2 9
46 47
25 36
14 88
74 88
43 48
56 61
59 65
30 34
27 42
16 44
39 49
63 69
66 69
68 89
18 26
35 46
7 19
87 92
29 32
20 27
51 64
59 80
89 90
21 32
12 44
78 84
21 39
28 36
65 72
19 27
26 30
72 79
70 76
83 87
35 48
51 58
38 42
52 65
53 64
52 63
51 66
62 86
62 84
4 14
85 96
4 13
27 37
22 30
10 21
59 65
48 51
64 73
66 79
77 99
66 69
65 78
17 38
66 69
38 53
85 100
68 73
50 75
60 67
71 75
34 52
33 37
57 63
61 66
48 59
41 54
41 57
14 18
33 41
79 93
56 69
1 23
57 69
71 75
74 77
59 68
11 23
43 50
55 69
83 93
56 70
45 72
59 77
16 20
36 46
42 48
34 40
78 92
31 38
62 72
8 10
20 29
35 53
56 63
48 55
18 28
76 89
48 58
86 99
49 85
6 17
14 20
46 48
47 58
65 72
15 28
18 59
76 83
3 9
48 63
34 42
70 82
31 34
18 26
48 74
78 86
35 72
11 14
80 97
17 18
72 79
33 41
67 82
20 27
41 48
24 32
39 51
33 40
30 35
47 52
19 27
28 32
37 48
71 82
11 16
15 34
57 63
81 85
7 18
55 66
8 18
85 92
48 67
56 66
60 71
6 25
41 64
84 91
83 87
4 21
39 42
7 21
49 60
76 83
4 7
5 17
35 51
2 8
19 59
22 29
46 71
70 79
55 67
32 36
82 90
93 97
46 58
56 70
64 78
29 33
5 15
59 76
50 57
6 11
20 31
72 97
77 86
24 34
54 58
2 5
85 94
51 55
79 85
8 16
42 57
60 97
76 96
15 23
36 50
45 69
25 35
89 97
42 57
40 54
41 56
80 85
90 98
79 90
85 96
70 87
97 100
15 65
71 75
27 43
89 100
56 61
36 56
54 61
19 25
34 44
31 38
9 19
73 82
44 50
30 51
33 49
28 44
76 79
80 98
74 89
82 85
21 30
56 78
62 66
59 75
85 97
89 99
44 60
25 43
67 72
63 67
13 21
48 50
69 77
28 35
1 9
19 30
31 38
50 77
31 55
60 65
66 90
27 35
31 42
89 98
30 50
20 35
82 99
70 76
4 9
29 41
13 21
35 38
24 29
74 93
34 38
53 71
60 72
36 42
12 34
47 50
85 92
81 93
81 96
41 56
64 69
20 48
6 14
84 96
27 52
36 58
47 53
17 23
64 74
46 53
37 49
66 75
89 93
13 22
33 48
34 40
32 57
68 79
29 36
90 98
49 64
28 34
55 74
74 88
55 93
41 71
62 95
93 98
76 93
87 90
21 24
15 39
79 83
83 90
8 21
91 97
38 56
42 46
36 45
60 70
62 72
81 88
39 53
16 25
4 18
83 96
66 97
12 38
35 50
16 34
42 49
51 54
43 49
31 43
8 16
70 95
28 45
34 42
85 87
17 24
59 96
13 27
88 97
74 80
7 27
42 54
50 61
40 57
39 47
37 45
74 91
63 68
51 71
67 72
65 72
13 23
56 70
36 42
27 40
18 28
83 100
69 72
32 38
9 13
19 23
46 56
27 30
74 80
65 87
59 66
31 40
35 36
64 74
55 72
23 29
35 47
75 90
16 24
80 87
40 43
38 45
71 86
88 91
4 12
66 78
35 41
15 27
20 36
31 36
55 84
46 84
66 78
2 14
28 39
40 49
60 69
71 84
5 15
22 37
14 25
84 89
13 18
47 53
78 83
52 57
36 40
17 40
32 35
66 75
3 18
34 53
46 55
3 12
59 67
74 85
45 48
50 57
76 89
74 78
31 37
73 94
74 85
6 29
24 32
87 99
60 74
24 46
75 91
74 77
28 33
91 100
75 85
22 33
70 85
29 37
10 21
22 30
62 72
53 80
6 8
68 79
8 32
35 47
63 74
52 61
47 49
22 26
27 30
36 45
69 81
84 88
58 72
33 40
19 28
56 68
61 69
32 39
29 36
16 36
18 51
60 69
38 44
53 68
80 88
93 97
47 61
49 56
86 96
85 95
47 67
56 66
60 72
34 51
10 19
77 79
8 19
94 99
73 83
29 43
54 67
85 86
81 84
79 90
49 73
17 21
57 58
78 98
39 54
86 98
79 82
50 84
24 29
5 18
56 64
11 28
14 23
74 84
25 31
90 97
11 17
72 88
48 65
56 62
75 85
51 65
25 41
52 70
73 77
19 34
49 54
54 59
42 70
60 72
35 43
31 46
45 47
9 20
47 66
77 97
20 24
49 56
23 46
42 54
45 57
18 24
9 17
14 26
49 52
1 20
54 63
82 92
56 63
31 34
9 19
85 94
55 57
64 68
48 53
5 13
71 80
40 43
14 26
19 29
54 64
35 44
43 63
35 42
53 56
91 97
67 90
20 31
14 37
93 97
30 33
7 16
11 43
51 54
67 83
71 77
28 36
13 29
42 48
3 17
81 87
41 56
4 18
51 52
10 14
51 57
81 87
69 87
49 62
66 75
41 51
35 41
70 82
36 47
32 46
48 56
21 32
63 79
65 84
30 41
7 29
22 28
64 74
37 40
24 41
1 6
74 76
30 33
36 42
62 75
37 48
18 41
43 48
61 73
68 70
48 52
73 76
37 39
81 86
55 70
43 46
52 69
67 93
42 47
3 13
85 100
14 23
1 5
1 9
76 87
83 91
69 76
69 74
11 14
16 25
20 31
34 38
57 61
19 44
44 48
22 32
51 65
9 25
18 23
27 46
33 53
42 59
11 24
21 26
78 91
51 60
87 94
38 70
50 59
63 74
7 23
81 96
1 7
41 56
79 96
15 21
52 61
40 58
47 57
52 63
45 50
77 83
10 21
76 87
9 18
44 50
3 16
41 55
87 92
58 67
60 93
64 67
69 78
4 8
69 75
72 80
14 35
73 76
19 25
58 68
34 38
10 16
30 41
18 28
65 82
23 25
33 62
75 97
10 36
88 92
42 53
75 95
93 96
29 44
45 51
91 99
26 44
30 40
93 98
24 43
34 49
7 18
64 71
7 11
67 73
73 85
96 100
9 14
4 10
81 86
48 69
75 87
24 37
27 57
30 37
32 64
61 74
3 18
53 55
40 53
81 91
38 63
1 6
71 80
71 93
70 79
42 49
83 93
85 95
75 84
56 78
51 57
68 76
50 69
9 17
89 98
28 35
48 53
32 50
81 99
4 15
83 98
37 46
52 66
10 23
35 39
58 70
53 80
24 26
38 50
94 97
7 26
18 26
57 62
47 65
82 85
75 82
74 83
2 15
16 21
62 73
60 69
65 68
41 51
27 42
12 23
52 55
3 17
92 98
39 55
45 56
29 44
62 77
19 28
68 81
18 35
4 21
18 24
77 85
21 31
46 59
48 59
72 84
21 32
81 98
1 12
80 85
82 89
84 97
43 61
40 48
55 60
93 96
50 55
24 31
16 25
15 21
43 53
55 63
10 16
6 72
32 50
59 69
85 92
30 39
60 64
51 56
37 53
30 32
72 78
49 55
84 88
40 45
7 42
22 37
32 46
91 99
57 64
53 70
6 9
59 64
16 32
18 22
82 87
5 15
25 38
66 74
45 63
37 45
15 22
73 80
39 44
65 70
52 64
74 85
2 16
67 73
83 89
63 69
92 97
6 14
40 43
38 59
65 72
81 86
29 40
73 83
43 69
26 32
40 44
88 92
69 86
3 35
79 82
73 77
8 31
49 55
59 67
28 50
6 10
39 42
83 90
50 70
77 80
55 72
43 51
60 64
86 89
30 36
57 94
89 96
40 47
3 11
17 29
78 95
88 100
13 25
87 94
49 62
63 67
22 47
45 54
55 61
81 92
38 49
74 86
98 99
54 89
16 22
20 28
77 80
13 46
36 37
17 26
13 24
44 58
56 65
71 87
75 87
15 39
8 12
36 53
6 11
83 92
74 86
68 85
57 76
33 47
13 21
91 95
35 38
56 68
37 45
17 29
49 65
16 26
77 87
34 42
32 40
11 38
89 96
84 88
65 73
37 50
62 80
69 80
72 80
25 40
62 71
57 65
48 53
55 92
72 78
94 100
26 43
18 27
10 17
79 83
36 49
33 45
69 86
20 23
73 80
14 24
79 91
81 91
75 85
28 42
36 52
54 64
64 72
84 92
23 27
79 88
66 71
82 91
87 98
2 13
26 32
15 23
54 59
8 21
30 36
64 68
65 81
27 56
64 68
39 45
25 36
63 65
30 55
24 30
51 58
21 30
6 19
59 78
16 23
65 79
30 37
35 42
80 96
75 88
8 27
30 42
49 71
41 52
19 21
56 65
38 48
16 26
29 39
79 83
56 61
6 55
2 12
54 61
41 46
9 38
54 59
19 24
81 92
88 97
63 69
51 53
94 100
17 21
36 40
67 84
62 83
47 54
19 27
18 30
30 42
6 19
90 96
5 27
47 57
7 12
22 30
22 27
81 84
81 90
37 49
72 97
6 19
55 73
20 26
68 90
22 34
76 84
12 18
78 84
43 69
18 40
20 23
11 19
44 55
74 83
71 76
10 21
69 77
74 82
42 46
34 49
15 21
16 24
69 81
68 82
58 65
34 46
30 37
40 86
5 19
86 97
86 89
79 81
35 46
74 80
20 34
42 56
56 82
58 63
10 21
83 89
75 77
73 76
91 95
88 100
47 51
14 25
16 19
5 13
17 19
85 98
60 62
26 48
66 73
63 72
87 90
61 65
50 61
59 64
21 29
41 58
23 34
59 75
39 48
47 57
9 17
57 68
37 41
17 25
20 24
15 30
60 72
41 62
45 51
76 91
79 94
56 79
3 13
86 89
63 70
6 16
4 10
7 13
35 51
82 98
60 63
79 90
18 34
45 52
45 52
21 27
49 54
55 60
23 25
27 33
65 71
72 90
3 8
1 20
92 98
10 17
65 69
35 56
51 57
76 80
45 52
34 39
19 28
38 40
82 93
59 71
51 63
17 22
33 45
25 28
28 32
75 79
59 67
83 85
37 47
33 51
11 21
80 88
22 34
72 89
35 41
18 24
28 59
69 91
9 20
45 63
82 89
33 42
45 52
16 26
75 78
15 20
16 21
87 92
74 77
85 96
39 43
54 62
81 98
6 22
82 96
26 29
3 10
68 72
11 18
31 47
19 30
9 36
34 50
53 73
74 86
54 59
36 42
73 77
76 87
49 53
88 98
70 80
36 42
2 26
64 69
37 42
72 81
86 94
36 48
28 34
18 21
59 79
37 43
39 57
88 97
46 64
10 13
21 25
44 48
1 17
60 68
46 51
44 62
36 40
12 21
35 72
44 58
83 97
25 36
66 74
38 45
15 25
49 72
35 42
36 42
4 11
56 72
72 93
37 40
21 26
42 43
47 53
63 75
51 65
24 39
50 57
52 62
48 54
34 37
10 24
3 16
74 79
35 45
60 73
38 49
85 94
34 46
79 90
58 61
54 61
50 56
65 83
25 37
62 64
44 61
30 63
69 72
52 69
32 52
56 68
5 10
44 67
56 59
39 48
69 74
59 73
6 13
19 22
55 66
71 86
55 69
27 39
51 56
21 34
35 49
56 66
56 62
14 25
27 40
16 19
7 10
65 79
14 19
17 24
5 10
15 19
12 22
72 83
28 46
20 35
64 70
58 64
19 48
42 65
22 28
55 61
20 22
57 68
12 17
40 96
19 30
49 57
79 86
22 32
25 39
13 24
64 71
51 64
89 94
7 17
50 62
10 17
43 63
70 85
90 96
81 97
15 28
80 93
43 53
3 16
83 94
34 42
40 54
89 98
70 84
22 24
12 28
86 92
47 49
84 92
84 90
74 86
56 68
31 37
91 97
17 32
74 81
67 77
33 43
6 16
29 36
77 87
19 23
18 30
84 88
32 76
71 78
34 40
49 54
7 10
21 24
68 71
77 81
65 81
73 95
72 79
91 99
29 36
26 40
73 79
3 7
68 87
8 13
54 82
65 72
55 63
27 42
17 29
53 59
39 58
75 83
63 80
4 9
69 85
36 43
13 16
54 56
45 48
44 65
10 20
31 39
2 9
29 49
75 91
57 72
39 43
5 28
29 32
16 23
6 13
85 90
15 40
55 67
17 24
8 14
20 34
6 23
47 56
37 45
59 73
66 70
46 50
69 79
36 43
59 68
42 49
37 66
90 97
83 93
66 87
5 25
67 80
33 65
16 32
37 50
59 73
34 42
6 14
24 36
38 47
21 33
73 90
43 51
76 90
80 84
20 29
77 82
90 94
16 23
22 25
23 27
24 36
53 61
15 26
79 86
24 43
6 31
14 18
17 24
77 81
59 76
52 79
87 94
48 56
78 85
43 52
81 91
39 44
49 60
45 73
1 20
60 65
19 43
27 39
8 38
85 100
55 64
71 76
57 68
22 35
3 11
25 56
5 10
65 73
70 80
3 9
45 51
2 12
52 60
46 61
43 64
72 74
33 49
20 29
39 46
74 82
40 48
32 74
79 89
72 76
1 6
26 52
29 38
2 15
22 33
45 49
77 81
91 100
62 67
40 44
62 75
20 27
4 13
31 39
71 95
9 20
43 60
58 71
15 29
54 64
17 33
73 77
51 57
38 45
74 97
41 46
46 49
8 36
26 31
77 81
73 77
40 48
34 46
45 47
32 50
59 69
8 18
73 80
2 13
26 31
63 75
69 76
23 34
2 20
34 50
58 64
20 57
6 23
15 32
66 83
76 78
44 65
27 33
38 42
4 10
68 77
1 17
18 24
4 6
12 24
41 53
11 12
52 67
22 34
36 63
68 76
53 66
59 73
30 38
12 14
28 37
19 34
81 94
58 68
69 78
60 64
3 30
51 66
11 22
93 99
37 69
61 68
60 77
24 32
50 60
53 67
57 62
37 49
51 58
52 60
12 24
47 54
27 38
74 83
37 44
77 83
15 35
87 98
39 49
59 65
74 80
24 32
41 60
34 40
84 91
56 65
79 92
5 8
71 85
24 40
86 92
27 30
40 50
32 42
68 82
39 46
73 75
3 11
93 98
19 24
6 10
3 26
10 15
27 36
47 58
13 23
21 26
21 23
84 95
90 96
17 31
33 44
23 28
91 98
63 73
54 76
87 98
25 51
13 31
22 55
82 86
26 41
75 85
20 27
86 93
29 46
2 10
8 45
73 75
58 61
71 80
49 56
90 95
56 81
79 92
63 83
19 26
22 33
13 16
28 37
1 5
35 42
44 77
45 56
47 61
27 32
35 44
64 93
22 32
27 45
35 41
34 51
62 64
32 35
25 32
4 17
60 63
45 53
31 44
95 99
37 49
49 62
26 38
53 62
18 22
9 15
84 97
74 81
30 40
18 24
42 45
28 39
79 87
5 13
52 58
83 97
57 61
49 60
13 30
51 55
68 77
5 15
96 99
38 49
77 88
84 88
10 15
17 21
90 99
79 85
24 48
32 42
81 86
18 21
67 74
31 37
1 6
41 43
9 14
46 78
11 16
30 43
15 19
23 36
67 79
95 98
56 73
56 64
63 82
41 46
7 12
4 5
45 57
67 73
91 97
18 32
51 60
29 34
92 97
55 64
63 87
5 19
47 49
8 16
74 83
64 70
24 31
85 86
69 71
26 42
49 80
52 75
27 44
38 40
67 90
57 68
43 60
77 89
81 89
8 15
18 28
76 95
49 58
77 83
74 88
34 71
3 8
41 45
69 74
83 88
47 56
24 27
78 91
27 34
10 15
1 9
18 48
36 42
47 56
6 14
44 63
73 82
44 53
44 74
66 87
57 70
23 31
79 86
59 64
49 52
78 96
39 63
65 73
31 50
90 97
45 51
3 13
75 80
30 32
27 32
77 87
28 35
36 69
10 13
63 85
87 95
47 60
56 68
9 14
69 75
48 65
24 66
38 46
68 74
15 17
39 46
28 42
82 98
20 22
41 49
8 23
48 51
71 86
65 93
28 36
76 85
21 30
27 30
22 29
30 34
25 39
29 34
6 11
72 80
1 20
92 99
84 91
49 55
6 21
17 27
48 60
86 91
65 80
4 12
70 75
34 62
11 34
54 78
9 24
23 33
10 14
43 49
52 82
62 66
77 96
47 68
38 55
47 76
71 87
1 5
69 74
46 59
5 22
76 79
35 42
66 89
82 84
52 68
21 26
35 66
33 36
59 63
1 18
50 59
62 71
53 61
42 52
5 8
68 97
54 60
39 51
25 38
30 33
19 26
5 13
30 57
36 39
46 50
24 29
24 28
51 58
59 62
94 100
1 16
3 13
23 46
15 20
37 45
78 81
55 61
54 59
31 45
52 56
40 47
76 80
47 60
55 71
47 95
8 30
13 24
56 73
60 65
66 75
20 25
34 49
67 72
35 48
59 69
33 37
11 17
65 79
30 39
20 47
76 87
8 13
9 15
46 52
45 53
10 16
30 98
40 45
43 45
31 44
60 64
1 19
33 42
21 30
72 79
22 37
33 41
44 68
78 93
27 29
34 38
65 74
48 69
78 81
37 52
49 59
74 85
32 36
79 85
14 23
35 50
87 92
26 30
52 60
2 12
69 79
83 91
41 55
31 33
42 61
35 65
3 16
25 35
83 90
69 74
62 99
48 58
3 10
51 62
84 96
45 54
18 25
32 50
33 55
19 26
12 17
63 76
28 46
52 75
1 6
80 83
37 45
88 91
83 94
77 81
23 35
49 56
86 92
60 85
38 56
67 73
5 18
20 26
20 28
44 46
57 67
2 21
18 25
4 12
47 50
7 20
43 51
58 63
63 68
56 67
41 56
24 38
19 27
32 53
2 10
31 34
12 22
45 51
11 16
44 55
31 39
13 23
55 61
86 98
13 17
3 39
15 24
48 60
78 85
10 26
58 69
33 43
48 61
20 44
56 64
45 53
40 54
17 30
88 99
70 75
66 78
9 19
89 98
43 52
84 90
35 43
60 68
59 63
83 92
22 36
59 88
16 23
1 27
32 37
22 31
62 73
71 76
2 10
20 37
61 68
71 88
71 91
71 76
18 23
44 60
58 69
92 99
58 68
44 50
68 70
12 24
48 61
32 35
41 56
7 22
22 26
35 45
45 56
37 47
87 97
3 11
21 44
35 73
9 21
44 60
67 80
29 36
5 8
5 9
47 52
24 38
71 86
42 46
81 89
82 90
55 62
56 84
81 83
53 58
20 32
69 75
6 19
18 24
79 81
62 71
15 20
45 55
15 28
54 66
22 26
9 26
15 21
64 68
30 55
68 83
42 52
85 91
84 87
26 29
33 34
21 34
26 32
2 5
4 18
11 35
14 18
69 92
38 52
74 84
58 67
28 34
24 56
88 95
71 78
14 16
80 92
10 30
19 28
45 69
7 12
55 72
22 28
58 67
80 83
66 71
25 36
59 62
65 83
72 83
72 80
51 60
27 53
59 67
31 71
21 42
39 60
58 63
39 42
85 94
55 60
53 69
79 85
33 38
21 25
79 84
25 31
24 36
86 98
24 43
47 67
17 28
76 84
52 63
12 20
62 69
41 43
3 10
76 85
43 48
77 85
50 60
13 17
9 15
18 21
33 39
78 84
66 68
81 82
18 25
39 43
7 26
26 37
78 81
33 38
87 94
22 32
42 56
89 100
93 99
76 88
60 73
48 52
11 27
41 52
51 64
72 81
4 22
39 48
61 66
36 46
41 62
33 35
60 66
75 82
64 76
75 83
17 26
32 41
49 58
19 34
44 55
44 46
76 83
88 96
91 97
67 71
28 33
58 64
15 27
3 11
12 25
18 19
78 95
62 73
32 49
61 73
36 44
68 82
29 34
93 97
9 32
2 7
84 90
33 37
65 85
9 13
91 97
56 65
21 36
52 57
88 91
19 40
67 78
42 59
23 32
74 85
61 64
55 62
67 89
56 70
48 52
59 74
70 79
21 30
88 95
84 90
2 9
31 50
91 100
54 73
65 97
79 82
67 77
71 85
39 52
3 8
39 48
54 59
33 46
29 40
59 78
31 40
14 20
32 39
6 16
25 45
88 93
8 11
36 46
92 100
6 14
12 29
7 14
45 63
8 41
7 26
11 32
26 31
16 20
62 70
10 15
23 28
36 44
23 26
79 85
44 69
37 47
21 33
20 50
33 55
29 32
5 12
19 46
28 37
76 80
79 96
73 91
86 96
21 27
51 69
38 44
20 24
58 64
68 75
10 43
82 86
56 60
57 63
28 44
33 51
70 78
67 81
50 53
60 62
34 49
51 62
18 20
75 78
10 26
31 50
37 40
64 73
74 84
28 39
68 73
10 21
51 62
30 36
88 94
81 89
2 9
22 28
8 14
50 79
76 86
87 97
29 33
52 62
35 42
29 32
21 24
6 26
26 64
62 65
21 30
65 68
46 56
4 8
58 61
26 42
58 60
33 39
17 23
49 71
48 50
91 98
63 70
83 90
24 30
53 58
75 83
73 76
25 39
14 29
4 10
23 35
46 53
74 78
87 98
75 90
58 64
21 31
16 47
46 52
21 33
84 91
63 67
54 57
27 29
59 75
10 24
62 76
18 26
71 77
15 30
40 50
31 36
12 15
86 88
31 33
63 74
36 39
23 29
59 70
65 99
9 23
55 59
1 12
95 98
17 22
17 20
46 72
87 91
46 49
4 10
36 50
28 37
21 28
10 23
30 36
17 23
54 65
74 92
43 45
74 87
3 12
27 42
31 42
52 54
25 37
35 47
69 79
33 44
50 55
71 78
5 56
66 77
26 52
1 5
33 35
45 57
23 29
46 50
80 89
68 72
69 78
31 39
15 23
65 78
87 93
33 39
57 65
8 23
12 22
14 26
69 77
74 89
50 82
2 13
74 86
69 76
18 20
83 87
85 88
56 64
55 63
6 17
67 77
57 87
77 96
70 76
32 48
89 92
29 44
23 28
33 37
30 35
44 50
3 14
45 55
17 39
36 51
1 7
85 95
73 84
49 61
48 56
54 58
89 97
50 69
48 67
21 40
27 37
22 27
37 38
44 63
73 81
51 57
32 40
40 46
88 91
88 94
73 88
67 83
18 22
64 76
83 89
70 89
55 61
9 17
26 31
35 39
32 48
8 17
50 86
9 14
8 15
37 79
77 86
41 45
64 79
39 46
78 86
27 41
43 48
11 22
46 76
17 25
60 64
59 76
94 100
27 41
65 68
1 8
60 77
60 70
48 50
34 45
9 47
46 56
14 25
90 97
15 26
65 73
81 97
4 7
22 28
58 65
58 76
54 58
53 57
52 60
66 79
42 45
37 44
59 72
56 75
48 69
59 73
59 74
13 19
92 97
74 83
60 71
3 11
17 42
27 52
21 25
4 21
77 85
80 86
9 24
53 67
31 45
27 44
33 37
29 50
25 39
33 43
23 41
36 48
32 60
27 43
30 45
88 93
69 79
37 47
21 30
58 64
62 80
30 33
79 90
15 30
47 70
26 31
37 41
90 99
16 23
61 69
51 58
21 28
41 55
56 63
36 45
93 98
25 31
36 45
84 93
1 24
52 79
29 39
55 65
15 24
59 79
55 63
63 77
19 22
44 52
50 62
13 16
5 20
14 19
58 63
21 35
10 19
77 86
59 84
6 14
80 86
18 23
31 36
75 81
75 79
53 62
22 36
37 41
79 93
69 86
13 20
9 35
13 21
44 49
63 68
65 81
85 96
49 51
19 28
96 100
29 36
18 25
23 28
47 62
51 55
85 89
71 87
88 91
49 55
63 82
3 18
63 98
37 51
73 88
59 80
63 76
71 84
14 26
94 97
23 30
13 21
30 43
5 13
70 82
14 44
49 52
78 94
68 77
78 85
8 19
36 45
50 57
57 60
91 96
13 54
68 78
1 8
13 19
61 78
32 36
62 75
51 55
34 43
29 47
88 93
30 33
7 15
71 78
54 67
34 54
40 48
11 17
38 54
8 11
81 97
85 91
59 87
62 65
53 64
35 43
87 92
68 73
52 60
22 29
42 48
20 32
81 90
27 30
31 38
75 93
86 92
5 8
35 46
23 30
42 55
28 34
57 74
27 47
69 79
31 35
23 29
18 28
61 73
66 72
73 79
35 49
21 29
49 59
32 41
87 91
93 98
3 13
47 52
48 60
68 75
32 41
96 100
32 33
29 42
31 49
40 56
69 78
29 43
18 25
50 63
7 14
50 60
51 58
11 13
16 22
1 33
96 99
66 76
35 39
8 21
67 73
29 44
53 59
57 69
67 76
8 15
10 16
35 42
75 80
54 58
74 81
17 22
12 25
34 48
11 21
16 30
1 8
90 94
29 35
48 60
60 75
8 25
98 100
18 21
90 95
11 15
11 29
84 87
68 78
61 72
30 35
84 99
85 90
16 21
69 72
11 16
5 13
35 40
15 42
78 96
67 71
80 97
24 28
41 71
44 63
68 90
28 40
27 38
43 55
9 33
11 22
83 95
2 14
5 17
33 45
50 54
30 42
45 66
31 34
41 46
75 82
7 13
34 45
85 98
47 52
69 74
46 59
39 54
76 82
42 52
72 76
71 76
88 90
11 15
35 47
30 41
6 11
75 89
31 38
63 85
83 89
69 73
18 29
77 83
41 71
75 87
54 66
36 39
79 86
9 13
65 76
76 86
40 44
33 61
85 96
57 65
41 44
31 39
27 45
94 99
89 93
52 63
19 23
77 98
80 84
74 85
45 57
21 27
29 40
50 53
51 54
62 66
11 22
6 17
76 90
39 65
60 87
72 83
34 52
23 27
63 81
90 94
74 84
4 9
78 97
54 63
75 99
80 87
81 93
10 25
93 100
4 19
70 75
1 5
32 40
58 63
92 94
5 13
27 29
18 31
25 54
59 63
29 35
8 22
20 36
9 24
6 12
55 69
33 38
8 12
53 67
18 24
10 14
77 95
29 45
85 99
58 61
61 74
50 73
71 82
25 34
92 100
1 8
91 99
52 75
74 91
20 27
52 64
67 72
46 57
23 27
33 42
27 42
26 38
52 58
2 8
63 77
96 100
39 52
51 89
8 18
53 73
52 62
43 52
6 12
1 4
1 7
51 95
68 74
63 70
76 94
27 41
35 44
2 22
72 87
57 69
57 61
34 41
11 24
19 35
15 19
10 13
49 63
54 72
16 18
32 40
62 78
59 86
28 34
74 79
58 64
60 79
37 47
11 16
43 49
17 22
34 43
40 49
60 69
15 21
76 84
84 87
4 12
1 2
58 66
57 67
28 32
22 24
5 12
55 68
2 9
41 55
23 29
29 34
32 38
29 37
25 29
59 69
29 41
55 60
86 95
3 13
8 46
48 68
2 10
68 71
42 47
50 54
88 92
31 36
46 58
64 70
74 80
69 87
64 76
57 59
77 83
3 19
6 10
14 16
18 26
71 79
17 22
2 9
51 63
77 87
39 46
47 53
84 91
79 100
23 33
40 49
9 24
53 63
82 92
45 53
40 50
48 53
60 71
63 71
7 12
32 53
11 17
57 66
26 36
23 32
88 97
44 54
63 68
28 41
39 48
71 76
32 42
36 45
5 10
55 61
82 91
7 19
59 64
30 49
27 33
71 96
81 85
30 58
59 81
39 51
58 67
77 81
85 92
20 46
41 63
10 15
37 43
78 87
46 70
21 26
83 88
10 24
3 15
11 18
92 97
11 30
52 59
21 25
26 33
39 44
15 35
40 56
27 31
4 10
45 55
53 95
5 12
39 45
67 81
62 77
6 40
20 63
71 87
44 68
86 91
11 29
34 43
21 28
26 35
84 93
2 10
11 29
32 38
47 78
87 96
81 90
46 57
75 81
19 43
47 53
46 70
4 9
4 6
69 84
73 86
29 42
23 29
34 40
37 40
51 58
68 77
70 73
88 95
48 56
46 68
35 39
23 26
8 14
23 27
41 48
87 89
53 70
63 67
55 73
52 60
36 43
86 91
44 67
93 99
55 69
23 40
30 44
1 6
2 17
66 69
2 7
25 29
35 49
4 10
33 41
5 17
18 23
10 25
73 84
51 65
3 9
7 12
74 88
20 28
61 71
41 62
84 98
12 18
20 30
54 68
64 71
25 37
89 98
18 22
38 47
6 13
24 38
78 83
39 49
30 35
78 84
17 26
67 73
33 55
61 63
46 53
63 71
38 59
69 86
62 76
18 25
94 100
22 28
21 28
78 82
30 46
7 21
59 77
90 94
21 27
76 87
49 63
36 55
45 53
34 45
84 99
18 28
27 37
10 18
75 86
74 89
60 71
17 35
48 62
56 89
36 38
23 39
38 43
43 57
57 62
71 74
23 34
69 81
55 62
50 72
85 97
1 14
72 78
10 18
80 92
29 45
20 34
89 96
77 91
48 58
23 38
30 36
3 11
74 100
58 73
64 72
22 27
36 47
83 100
46 66
6 10
30 36
71 92
53 66
7 13
60 66
46 59
83 84
63 69
82 93
26 34
11 30
47 52
65 72
26 30
40 53
62 99
61 81
82 87
69 81
19 29
33 37
75 82
78 85
44 57
6 9
39 46
72 84
85 88
70 80
12 19
1 16
48 59
71 77
69 95
70 77
62 68
1 18
3 17
83 88
83 95
34 40
50 59
38 44
9 37
81 90
62 79
55 64
33 46
64 74
9 20
10 23
87 98
24 42
52 59
9 34
21 26
51 54
14 45
59 72
76 82
56 63
64 76
69 85
44 54
46 68
68 71
21 29
24 46
90 99
74 88
15 24
7 12
70 85
25 34
11 22
18 27
64 75
61 71
30 36
78 88
34 53
62 75
19 25
4 12
77 82
63 69
44 63
45 55
56 63
60 63
36 50
44 56
19 29
66 97
58 60
89 94
57 61
11 26
42 47
51 56
91 100
94 100
62 87
14 30
8 15
29 44
17 19
46 56
7 26
35 44
34 44
18 26
49 60
68 73
14 34
20 30
49 61
9 30
64 78
6 13
35 38
47 55
75 91
1 9
40 42
28 45
32 39
35 46
18 21
67 79
65 93
9 21
67 74
32 46
4 15
45 62
11 16
2 8
49 58
20 24
20 25
54 64
57 79
16 21
9 12
54 60
37 50
73 83
66 74
57 67
27 41
46 48
19 31
55 72
11 22
15 29
33 44
3 6
56 63
40 54
21 29
35 41
69 76
46 51
85 93
32 42
79 92
24 52
10 30
49 56
8 18
81 95
18 29
86 99
84 94
73 87
34 45
26 36
12 16
38 56
73 82
71 81
54 61
63 79
6 17
6 11
44 63
6 13
33 47
41 49
23 33
45 60
17 35
69 74
24 36
35 41
55 81
7 20
81 95
16 21
1 12
9 16
84 99
62 67
50 65
70 88
24 33
40 46
60 72
73 86
17 37
15 31
67 80
48 53
86 92
47 54
79 85
29 50
14 23
71 75
6 18
70 81
76 80
80 83
35 45
31 58
43 54
20 38
44 72
79 100
48 60
5 13
9 20
47 52
55 63
55 70
17 26
47 54
61 91
17 20
18 24
35 38
74 97
66 78
28 35
64 85
8 13
66 71
32 42
58 66
51 64
7 15
95 100
48 59
70 91
17 23
49 57
22 35
44 58
68 78
86 92
44 50
71 75
80 84
76 93
66 70
51 65
5 14
24 29
26 38
89 93
85 98
8 17
3 16
4 8
73 86
51 55
82 85
32 49
90 95
56 67
49 53
74 77
76 100
50 63
46 57
88 95
13 17
54 60
14 28
85 94
39 69
18 30
90 93
87 91
29 50
40 44
19 25
22 37
17 21
22 31
90 100
24 30
41 46
10 20
51 58
2 23
7 14
1 14
3 14
16 22
27 34
9 28
33 38
25 39
66 71
13 30
49 55
76 87
28 37
57 60
29 32
73 82
68 76
19 37
34 46
37 50
20 33
21 23
7 25
68 78
49 54
43 50
15 25
91 93
71 78
52 63
36 45
16 23
86 95
24 95
16 54
84 99
20 32
20 39
40 56
4 10
11 20
74 82
78 86
49 88
38 44
49 54
8 24
44 52
6 20
18 32
42 47
72 78
70 81
38 58
85 95
32 49
15 30
85 93
35 43
37 53
64 71
61 89
57 58
69 72
60 73
58 79
31 42
81 85
48 54
36 47
45 60
40 52
93 100
87 92
85 92
7 15
2 12
53 58
69 77
13 21
40 56
81 93
62 67
45 54
18 30
15 23
3 9
85 99
72 76
58 74
60 74
50 54
73 82
86 95
88 97
79 91
25 37
1 4
61 69
21 26
48 60
69 95
5 25
55 63
59 63
32 39
71 76
35 40
32 39
44 63
13 24
40 59
50 62
2 27
39 76
79 98
51 67
63 74
41 49
4 17
59 79
26 34
6 19
15 44
50 72
37 44
79 81
4 15
19 35
22 35
67 74
48 63
94 99
54 62
56 63
24 28
45 69
30 39
73 85
35 43
78 84
29 36
64 68
94 97
35 57
2 5
28 32
60 63
4 12
80 94
4 9
65 78
81 85
90 95
56 61
72 80
52 57
61 70
89 97
73 81
70 77
69 85
18 25
51 71
26 35
82 100
63 67
21 46
61 69
30 58
58 65
85 95
44 45
75 100
68 75
60 72
54 69
66 79
55 73
85 86
26 53
57 65
61 77
81 87
68 77
88 90
10 18
38 43
29 35
30 35
79 93
28 32
83 88
56 60
10 12
63 65
4 8
43 69
10 18
48 93
10 22
27 39
67 78
36 42
59 78
74 90
11 29
17 23
53 62
8 25
53 71
60 82
79 97
25 35
72 76
24 27
78 87
35 55
43 62
40 44
11 20
72 85
28 35
8 20
90 100
32 41
20 26
56 67
44 50
89 96
21 27
58 66
16 40
10 15
18 20
24 31
74 85
32 37
89 96
9 14
63 77
46 53
71 82
30 39
81 88
12 40
12 36
79 93
9 13
49 51
1 10
81 85
87 94
38 49
47 69
29 53
47 56
13 35
25 28
22 23
75 82
32 44
22 41
29 39
77 82
3 23
73 79
19 42
14 17
19 42
22 42
21 39
23 51
18 25
78 89
78 88
57 61
23 34
75 80
77 82
1 4
57 62
15 32
76 89
45 49
2 11
18 22
64 76
64 69
73 77
9 12
62 64
30 35
12 35
70 74
37 49
46 53
85 91
44 46
31 34
19 35
69 79
31 34
26 52
74 82
19 35
8 16
58 61
12 18
81 90
53 75
31 44
13 18
31 54
84 95
31 43
54 76
15 34
67 75
2 21
40 43
89 96
21 30
29 34
23 36
41 56
54 64
14 32
40 49
51 58
33 45
92 100
41 50
6 19
67 73
29 36
94 99
66 72
39 47
49 55
79 94
66 84
63 73
12 33
63 78
58 66
69 77
22 26
70 76
69 70
31 48
21 43
18 23
26 35
15 22
3 21
92 99
56 61
86 91
62 81
44 49
63 69
73 80
92 97
82 86
61 71
37 41
52 63
23 34
51 58
20 30
48 56
23 35
62 69
20 37
93 97
35 42
54 59
68 78
63 89
72 98
54 61
29 44
63 67
17 28
26 31
32 46
72 85
31 45
13 18
43 57
40 42
34 49
20 24
49 59
33 36
76 84
28 43
29 39
96 99
18 46
62 79
50 60
31 35
39 47
62 70
11 22
21 35
89 95
65 74
60 76
28 32
46 77
56 64
1 12
56 70
44 62
47 60
61 82
51 58
87 96
14 20
29 44
89 90
1 20
18 27
57 65
64 75
85 99
51 63
35 45
81 89
89 91
17 30
55 59
4 18
30 37
13 17
15 29
55 66
27 38
8 12
18 26
66 84
36 47
80 84
53 60
25 36
7 26
63 73
53 59
34 47
8 26
42 47
73 77
6 14
51 62
25 29
78 94
86 89
87 94
34 46
70 84
11 14
35 45
56 66
37 53
39 59
79 91
14 28
43 72
54 65
61 84
67 80
47 88
72 74
10 31
2 20
24 27
20 37
47 55
51 59
15 20
59 72
7 12
12 18
26 39
3 11
71 77
91 100
87 92
77 91
94 98
2 10
58 64
68 80
10 22
51 57
29 44
4 11
21 46
46 53
50 61
50 60
37 45
67 90
67 83
79 95
8 19
32 37
71 83
19 35
29 32
82 95
72 77
27 38
3 19
70 85
40 46
9 22
75 95
54 68
38 60
9 19
1 12
75 96
48 65
3 8
56 61
86 90
57 75
88 96
37 39
2 16
16 26
25 29
18 30
61 75
80 83
53 61
15 25
9 21
29 34
53 57
3 30
44 47
58 62
69 91
17 46
26 33
3 26
46 54
40 56
3 18
29 34
48 52
20 27
59 65
67 71
17 22
61 72
8 13
42 58
80 93
49 64
71 77
70 77
43 49
36 44
33 46
30 40
70 87
1 36
67 75
31 41
72 79
62 68
1 19
55 57
42 47
45 54
47 57
72 89
69 86
55 63
18 33
10 21
73 76
11 30
16 21
9 25
89 94
23 29
66 73
5 15
21 54
9 19
30 44
41 47
49 63
18 30
16 23
18 19
30 32
70 74
79 82
19 38
25 44
46 56
17 25
39 44
81 99
36 55
29 39
2 8
27 31
74 100
4 19
13 36
42 50
19 22
28 31
62 79
1 14
89 93
59 77
23 45
81 90
73 74
82 95
70 87
22 32
18 22
24 29
54 65
67 88
35 61
81 93
92 96
32 39
7 16
83 96
71 82
30 37
48 54
68 83
46 61
38 49
58 75
86 95
77 96
66 83
39 66
26 33
13 19
91 94
51 71
18 26
2 10
55 57
77 84
92 98
36 50
26 45
33 57
84 90
20 48
73 79
3 10
23 28
4 7
55 75
11 19
41 46
65 68
47 63
34 42
63 70
67 80
21 32
76 91
34 39
58 62
87 90
5 7
10 13
26 35
78 90
35 54
53 61
24 25
3 9
10 25
39 52
51 54
23 35
14 24
71 98
63 77
71 88
71 75
45 57
56 70
45 48
68 77
