100 20 20 15
00000000000000000000
00000000000000000000
00000000000000000000
00000000000000011000
00000000000000000000
11100000000000000000
00000000111111100000
00000111000010000000
00000000000000000111
11100000000000000000
00000000000000000000
00000011111111100000
00000000000100000111
00000000000000000000
11100000000000000000
00000000011000000000
00000000000001100000
00000000000000000000
00000000000000000000
0000100000010000100
0000100000010000100
0000100000010000100
0000000000010000100
0000000100010000000
0000000100010000000
0000000100010000000
0000000100010000000
0000000000010000000
0000000000010000000
0000000000010000000
0000000000010000000
0000010000010000000
0000010000100000000
0000010000100000000
0000010000100010000
0000000010000010000
0001000000001000000
0001000000001000000
0001000000001000000
6272
26 44
74 78
84 91
34 47
32 52
64 79
47 60
78 89
44 59
19 38
78 87
54 61
67 80
26 38
26 50
85 93
43 46
37 50
84 90
7 31
5 18
26 35
51 69
15 20
80 88
29 46
41 47
60 64
24 30
25 39
47 66
50 62
51 54
23 27
34 43
64 71
30 34
11 21
25 28
19 32
69 90
74 80
84 93
63 73
5 20
49 52
74 83
63 81
86 96
78 85
24 35
14 47
16 22
37 43
18 30
53 71
75 86
42 51
75 79
83 97
65 80
19 29
71 75
2 5
86 92
48 53
43 45
72 78
89 97
69 77
72 83
60 68
46 49
2 9
79 85
67 75
66 82
15 23
38 65
77 82
79 85
59 80
77 89
11 23
54 72
10 23
30 44
52 62
73 80
35 43
88 90
17 35
10 35
84 92
9 22
22 34
11 21
68 81
51 56
2 6
59 64
64 82
7 16
10 21
2 9
57 61
5 12
8 42
84 94
29 36
7 9
71 86
19 30
43 47
30 41
16 20
27 29
66 71
74 94
68 81
1 39
71 79
47 54
72 82
9 22
56 78
19 28
66 69
83 86
16 30
90 97
85 87
70 81
42 63
30 41
62 68
22 29
50 60
56 59
56 67
90 97
46 56
57 66
58 73
12 24
43 55
14 22
27 52
68 87
15 16
83 89
18 28
54 65
2 28
40 45
28 57
94 99
90 95
14 23
25 54
91 94
92 96
74 84
48 58
61 67
9 20
35 44
69 84
85 96
67 83
44 58
84 86
82 91
30 35
32 39
44 52
17 29
77 84
64 87
52 53
32 42
44 70
27 28
22 36
24 44
59 69
32 37
18 32
8 20
15 25
78 82
61 81
2 18
65 71
47 56
51 55
79 84
41 53
40 57
7 17
11 20
75 79
74 98
3 15
64 81
9 13
11 25
11 15
31 39
18 22
38 58
71 84
67 82
68 77
65 73
81 93
13 22
54 68
9 18
51 60
3 10
84 87
32 65
91 97
45 49
34 49
6 12
11 20
21 24
14 34
53 66
23 56
8 15
87 96
31 44
1 7
53 55
90 92
37 44
51 55
33 47
41 69
36 43
11 23
68 74
29 55
42 61
90 95
17 43
1 8
91 100
2 16
28 32
41 49
18 21
82 92
91 97
3 5
28 51
63 67
45 58
24 39
28 31
6 8
12 24
64 77
92 97
58 76
82 86
42 50
3 14
6 29
67 85
27 33
30 38
94 98
28 32
41 48
72 85
44 64
5 12
65 76
39 71
80 92
19 30
65 75
77 89
47 53
68 74
93 97
13 17
12 42
76 87
78 80
20 33
64 94
29 50
16 28
67 90
30 55
62 85
42 64
31 40
43 61
94 100
39 50
50 53
94 97
89 100
56 63
42 47
57 79
32 42
5 13
9 17
35 56
16 25
67 74
41 53
24 37
5 17
20 24
37 42
29 41
27 47
73 79
56 61
12 25
82 91
2 4
7 25
82 98
33 35
26 32
83 96
18 30
44 62
77 93
72 87
22 57
39 50
11 24
47 49
47 55
20 28
78 81
29 33
71 90
46 56
90 95
29 37
27 38
32 43
27 29
78 89
51 63
18 25
4 7
56 63
57 64
19 30
38 47
47 52
58 69
50 58
69 88
72 76
81 97
5 16
80 85
68 81
47 50
41 57
79 92
83 95
6 17
35 41
54 59
37 63
63 74
31 36
86 94
54 63
11 16
93 99
40 47
66 81
47 60
71 78
21 43
26 30
49 61
58 66
53 79
19 27
62 73
2 5
40 51
39 53
10 22
76 81
12 24
78 86
59 69
44 48
25 30
12 24
42 49
77 86
9 41
57 85
41 52
25 50
33 52
14 27
16 35
18 22
5 19
81 90
68 83
14 33
66 72
10 23
69 75
43 78
90 95
75 98
72 79
38 49
20 32
79 80
71 78
15 19
63 76
84 100
60 76
14 16
20 30
2 13
50 57
31 40
57 64
29 38
88 95
55 65
27 29
58 78
34 59
77 82
62 66
54 75
71 92
67 72
13 50
86 91
78 82
84 91
71 83
51 54
82 89
31 42
60 74
1 9
47 55
51 69
19 33
35 41
14 22
1 3
47 67
57 76
59 66
28 45
45 51
72 82
52 63
22 34
37 41
33 48
18 22
61 87
76 81
12 18
44 53
41 54
18 27
22 26
74 93
45 69
73 87
54 77
33 98
91 95
70 81
63 77
87 95
73 78
53 69
75 79
30 42
18 55
34 39
41 44
35 47
66 75
38 49
44 63
30 38
35 49
63 74
12 16
52 59
92 96
14 31
2 17
68 73
43 59
68 83
17 54
75 83
11 21
81 87
50 78
45 60
93 98
13 18
53 58
18 24
30 38
35 51
66 68
5 13
43 58
28 51
2 8
47 69
53 69
46 91
24 35
8 15
35 44
66 74
36 43
15 26
88 94
14 27
7 9
70 88
77 87
3 5
19 21
50 51
88 94
18 24
41 47
13 21
83 93
67 76
84 91
72 86
89 98
16 34
56 68
82 94
74 85
24 27
53 60
79 94
81 89
82 95
91 94
16 27
34 37
16 29
39 50
73 80
47 70
71 75
49 59
37 47
80 87
44 60
67 77
66 84
22 53
67 89
7 14
26 30
89 92
10 27
28 36
81 87
71 97
7 17
60 63
40 54
38 44
38 48
63 64
72 97
26 30
43 52
28 40
5 7
39 57
8 14
59 64
46 52
83 94
49 75
11 34
29 45
41 55
22 37
33 43
86 94
35 40
4 19
22 39
79 96
88 97
53 64
52 59
48 53
70 74
36 44
33 47
1 6
44 50
5 16
40 52
23 25
67 74
13 26
50 60
67 79
8 16
84 97
51 63
9 18
93 96
80 89
61 70
53 59
12 15
3 27
14 28
92 95
43 59
3 12
13 21
4 42
22 63
43 52
27 50
42 49
32 49
37 79
25 33
46 56
49 72
74 80
4 23
27 32
64 77
77 82
29 31
91 100
58 64
54 66
78 82
3 11
15 34
29 45
84 89
65 68
13 24
41 52
92 99
83 99
59 88
33 35
52 79
21 48
31 42
74 80
74 80
13 26
60 79
44 52
51 62
46 52
36 66
71 88
12 22
78 84
73 80
28 35
67 75
79 88
33 44
26 81
17 22
36 44
68 72
15 59
42 47
42 60
14 45
75 83
69 78
40 48
22 44
15 21
78 99
40 46
85 97
41 49
38 49
38 47
92 98
9 14
19 21
12 41
59 70
73 90
63 72
47 62
42 56
42 46
10 15
75 83
5 19
75 92
93 96
11 21
1 14
43 53
29 36
68 75
35 40
16 23
45 59
28 36
34 39
6 14
34 39
82 95
95 100
76 82
21 30
50 56
87 100
49 63
53 85
20 31
97 99
55 66
90 95
48 62
6 14
23 45
37 54
39 53
64 85
20 27
75 90
73 87
27 35
13 18
96 98
50 67
76 86
28 32
5 16
10 20
7 12
86 92
80 83
40 57
32 50
22 31
60 79
27 47
11 20
28 58
44 47
79 86
45 49
34 46
22 29
81 87
19 22
2 12
28 43
89 98
82 89
8 36
58 68
23 28
38 46
29 34
3 6
17 22
67 77
46 51
79 87
33 44
12 43
83 95
59 63
18 27
58 65
47 55
63 85
5 11
2 24
49 61
86 92
11 29
9 10
2 8
16 34
21 27
51 56
82 89
63 97
55 58
32 40
17 24
57 64
26 59
72 78
17 21
60 67
44 61
69 85
64 73
9 29
56 61
83 98
66 74
38 50
70 76
89 96
90 99
67 70
82 93
39 46
60 75
49 61
23 24
41 48
23 29
23 28
19 26
81 88
72 77
7 22
4 21
61 74
51 86
16 20
41 48
32 46
43 48
68 87
19 28
43 48
21 25
9 19
53 64
9 18
15 22
57 72
19 28
11 22
79 90
38 43
14 23
4 11
55 63
52 66
30 36
3 30
34 37
64 70
44 53
39 45
11 17
68 95
9 15
34 48
24 29
74 85
42 45
4 9
79 83
57 62
64 71
24 29
83 89
22 25
7 25
56 68
42 49
83 90
40 44
67 79
40 49
72 91
2 10
81 96
30 36
69 80
52 64
31 39
28 42
44 56
66 75
87 94
9 14
28 33
54 61
15 26
90 94
70 76
22 31
67 84
35 46
31 34
33 41
60 76
72 78
85 92
12 24
67 75
43 72
45 49
5 9
15 26
2 15
11 14
68 95
55 74
57 64
42 55
33 66
25 45
18 41
4 12
69 90
70 74
53 58
70 79
72 80
76 92
31 36
69 76
80 87
91 96
85 91
48 52
24 34
16 25
60 63
6 14
54 62
2 18
63 70
89 98
8 22
29 34
85 87
85 99
57 77
79 91
44 48
79 86
24 40
43 48
50 60
62 86
45 58
46 71
55 71
85 89
4 14
6 8
40 50
60 66
84 98
47 54
45 75
74 90
54 65
13 27
51 67
18 26
68 72
58 77
23 26
67 79
81 100
40 50
23 30
50 69
41 44
49 61
28 30
32 35
63 66
88 94
26 32
69 78
3 10
39 64
1 22
6 15
48 55
37 45
79 93
67 81
83 100
25 57
67 94
19 29
4 9
54 61
29 41
53 68
77 83
69 88
22 28
85 92
38 80
10 14
27 34
98 99
14 23
20 22
89 100
12 32
61 93
11 17
10 23
40 78
52 64
9 15
65 77
28 34
73 92
74 80
74 82
74 84
62 65
5 10
2 11
52 74
49 89
70 83
66 77
35 50
65 75
20 31
11 25
56 63
13 19
9 22
64 69
21 26
1 9
53 54
10 25
84 93
72 89
34 44
14 18
25 76
86 94
66 78
28 47
70 81
37 45
31 35
69 70
29 40
54 58
81 85
22 35
20 23
25 46
80 93
74 84
57 78
85 91
22 32
38 86
2 12
56 73
19 22
62 76
66 73
12 16
39 58
26 36
40 48
41 52
39 45
5 9
50 57
27 34
10 18
6 12
9 19
48 68
78 86
46 50
77 86
11 19
23 36
35 43
23 26
64 83
25 28
78 98
51 73
76 98
34 49
28 37
72 75
50 55
49 55
17 23
12 24
4 8
30 33
60 74
33 43
93 99
46 49
3 11
20 46
31 38
50 77
15 19
85 97
74 79
27 43
63 68
82 89
23 29
83 89
26 34
14 21
84 88
37 49
29 46
86 97
60 85
4 10
8 29
49 59
75 81
5 31
36 47
31 40
29 34
38 73
54 76
14 19
94 100
40 45
27 48
15 17
93 95
52 57
66 72
23 38
81 96
96 98
80 83
44 53
38 45
35 42
23 39
78 89
76 81
9 14
88 98
79 100
34 41
2 29
91 95
70 81
34 42
74 83
8 15
59 73
28 37
69 81
36 44
54 62
34 43
75 86
16 19
85 92
51 57
49 52
45 51
18 27
72 79
69 77
40 49
41 70
30 36
35 45
55 79
90 99
13 15
92 99
27 30
14 31
81 91
53 71
71 77
39 47
40 51
71 75
3 10
87 97
11 16
84 93
87 89
12 28
13 26
47 61
31 34
32 36
63 81
47 53
25 33
72 80
25 27
35 47
82 96
74 86
79 83
44 54
7 18
13 24
73 80
50 62
40 70
47 90
10 20
63 80
44 53
8 30
11 17
12 17
42 67
42 52
74 93
89 96
57 73
65 68
51 58
20 22
28 36
72 92
66 80
37 41
94 98
24 35
84 92
65 72
77 91
31 39
4 14
24 39
3 9
55 62
24 30
19 24
63 76
68 75
64 84
47 70
45 54
29 39
65 75
5 9
47 49
20 24
58 69
30 44
65 71
66 73
33 47
85 92
64 71
45 70
8 19
76 86
71 77
47 56
45 73
66 80
45 57
3 8
24 40
3 10
86 95
68 74
48 66
91 98
19 36
86 95
14 16
12 21
46 52
36 41
34 42
45 52
83 90
16 26
11 20
59 66
29 36
14 25
70 84
70 77
87 92
27 28
3 11
2 9
68 75
35 40
66 84
12 17
41 44
28 44
31 41
34 43
63 68
48 66
17 37
76 87
53 69
23 27
29 41
36 44
39 41
82 91
32 49
10 19
79 82
72 85
7 10
79 81
87 93
61 71
73 87
13 19
34 59
53 58
58 64
27 31
70 79
30 42
86 88
46 57
7 18
76 84
19 38
31 36
75 78
9 20
71 75
54 68
24 27
42 43
14 16
33 44
40 47
16 20
32 53
26 28
74 91
78 98
72 83
52 64
8 17
22 36
39 45
93 99
44 53
19 34
19 26
90 97
44 50
52 56
79 91
3 6
60 73
16 33
13 28
33 45
72 89
17 25
12 28
64 73
84 92
30 33
4 10
84 88
56 65
43 47
54 82
83 89
89 100
19 26
74 82
25 39
45 55
20 39
58 65
32 43
97 100
81 83
51 86
6 31
26 35
61 66
72 80
96 98
80 96
32 39
18 25
14 21
94 98
44 69
58 68
9 16
54 56
7 16
21 32
37 48
68 78
32 34
11 24
75 80
48 51
12 21
42 47
32 40
74 84
65 78
56 64
85 91
70 78
6 18
90 98
51 57
24 29
91 98
69 76
28 40
52 66
77 89
70 83
36 37
47 52
68 83
47 61
46 62
72 78
91 99
76 79
45 50
25 47
18 23
42 48
63 67
49 65
10 14
8 13
90 100
27 31
74 86
10 22
50 54
80 87
28 54
79 90
23 46
19 29
60 63
10 17
19 38
60 61
25 28
28 45
56 66
13 17
45 52
2 9
86 93
59 68
69 74
52 91
87 94
47 54
63 80
68 76
74 81
28 46
24 30
40 67
53 58
4 10
73 80
44 56
84 93
14 19
79 89
74 87
70 92
30 36
7 17
39 67
66 77
66 69
27 32
11 23
75 88
52 58
58 66
51 59
61 71
4 11
17 38
25 41
56 62
67 72
75 80
32 37
72 88
40 46
29 35
70 73
65 72
18 27
29 38
81 96
91 98
71 83
85 97
52 61
14 23
82 88
59 67
37 49
77 99
87 93
3 7
27 38
20 29
35 48
74 80
78 86
78 88
17 39
23 32
3 10
77 86
44 64
54 72
41 48
5 14
77 83
49 53
76 80
51 57
75 87
9 15
32 39
3 20
40 57
66 71
17 26
76 88
69 91
59 81
40 55
40 50
36 45
16 36
81 87
26 54
50 70
34 46
11 15
71 81
62 76
62 69
13 17
95 97
2 16
2 16
74 82
66 94
33 47
39 51
60 72
71 87
9 20
34 54
50 53
50 60
70 83
51 54
18 37
85 94
10 27
51 59
27 41
76 82
86 99
84 93
45 67
21 31
84 90
25 39
76 85
76 84
66 75
71 82
40 62
27 33
34 44
55 68
15 42
66 95
84 93
25 43
10 13
50 61
22 36
53 60
32 54
69 80
70 77
60 91
71 76
15 27
24 30
42 60
26 35
63 86
15 18
1 7
82 98
51 63
87 93
45 57
36 46
33 42
78 92
49 61
56 62
42 49
54 55
2 14
34 51
53 60
9 24
84 98
24 34
28 49
39 46
35 49
84 87
49 64
46 66
40 47
55 61
62 67
14 21
27 33
9 15
90 94
70 82
20 49
37 50
43 47
53 66
30 39
37 51
8 17
10 20
8 30
16 36
30 36
90 97
28 51
60 69
53 63
55 66
67 77
78 88
5 10
65 77
54 61
17 23
35 45
42 70
49 68
68 74
2 11
77 79
58 65
58 65
28 43
41 44
32 38
3 11
82 88
71 84
9 23
73 84
89 96
64 81
35 47
28 34
70 92
3 11
59 72
16 26
68 94
78 87
77 83
87 89
80 93
29 42
82 100
63 68
48 53
70 81
24 52
55 64
46 61
47 57
56 60
68 79
16 23
39 48
11 22
22 25
27 36
60 65
79 87
49 67
69 72
52 63
17 30
51 55
49 55
20 40
86 93
76 84
35 51
61 75
65 70
63 84
32 40
79 85
32 49
31 40
80 88
31 42
3 30
45 72
88 95
81 92
5 14
38 41
41 55
31 37
89 95
45 49
69 81
12 25
83 88
1 16
26 54
66 77
47 56
3 18
97 100
78 88
17 32
6 15
31 36
59 72
42 50
46 54
33 38
38 47
71 76
17 21
19 27
89 98
67 75
68 74
70 84
45 51
22 70
1 6
78 88
60 66
16 19
54 60
34 44
51 74
27 39
2 4
55 63
8 12
60 78
27 38
41 50
35 52
38 47
20 36
16 27
16 42
30 35
67 80
4 11
54 68
29 34
26 33
39 51
1 36
42 47
55 71
35 38
6 9
33 36
75 91
13 26
41 62
50 67
37 40
83 88
21 26
33 51
41 56
45 63
55 60
43 54
60 69
49 53
18 30
64 73
84 89
71 77
9 22
31 34
35 39
98 100
79 90
75 79
38 45
64 77
73 82
68 85
36 45
70 77
25 37
57 72
8 10
1 10
75 92
5 12
34 39
47 49
12 25
70 80
11 30
9 22
48 52
24 28
38 41
53 76
57 66
88 99
77 83
82 85
33 51
68 79
23 26
12 18
45 60
18 21
40 48
57 73
42 45
59 61
23 31
58 67
13 26
31 38
31 48
55 56
21 34
90 99
70 82
19 42
34 72
26 37
54 59
67 71
86 93
61 85
74 86
68 75
85 96
51 55
3 42
18 25
19 52
87 93
27 33
9 39
66 72
38 44
37 39
74 92
70 77
24 30
79 98
58 63
23 36
84 93
68 71
45 51
74 78
31 43
62 69
54 62
7 12
61 70
60 72
69 84
29 32
11 29
26 49
43 69
16 22
47 54
26 43
3 14
88 92
88 96
62 73
90 99
12 19
66 72
66 71
5 18
85 100
66 72
21 39
3 11
47 52
8 57
50 75
9 14
90 98
29 35
56 61
29 31
47 53
57 70
75 86
73 91
17 36
49 65
40 44
10 12
78 80
14 46
6 11
11 19
69 88
8 17
30 50
35 38
55 66
68 71
2 14
18 25
91 100
23 34
53 57
72 89
76 79
82 91
4 19
34 46
23 34
62 81
5 21
40 46
21 28
10 15
29 37
26 41
14 36
68 96
22 30
57 67
29 37
82 90
81 91
54 64
54 60
14 32
48 59
32 45
16 34
73 83
7 17
31 40
47 52
90 94
57 63
83 86
69 75
74 86
82 91
63 71
75 97
82 87
17 33
61 66
59 64
67 90
66 73
52 75
61 65
58 68
79 87
35 39
65 68
62 82
60 75
37 59
21 27
12 17
60 64
59 71
3 5
68 85
31 51
58 66
4 15
85 96
90 95
18 42
80 85
6 19
11 18
43 49
1 7
68 71
3 14
55 70
15 43
80 88
76 99
66 86
25 36
15 24
42 76
55 59
51 58
42 53
21 24
25 38
28 39
68 81
53 71
59 65
23 28
5 18
77 89
16 31
10 24
27 34
27 32
72 81
11 15
20 26
86 91
17 23
65 71
84 94
21 29
72 83
80 85
93 98
12 25
56 78
54 69
78 86
25 40
72 90
35 39
81 94
10 19
62 70
91 98
19 31
94 99
77 83
48 51
88 99
21 26
10 17
18 23
64 74
70 78
14 39
31 38
21 27
12 59
14 16
6 24
33 41
50 58
76 91
75 86
67 72
10 27
11 14
19 35
76 100
19 28
23 29
93 100
14 16
43 51
70 77
26 35
24 32
79 89
32 33
61 78
51 60
68 72
52 56
78 85
90 96
12 19
63 74
28 86
68 74
15 21
86 94
61 66
2 7
88 99
80 94
17 23
21 25
88 97
11 20
13 18
76 90
75 82
64 69
9 15
51 58
52 79
73 80
39 54
60 70
20 33
32 42
20 35
65 76
29 34
13 23
62 65
61 83
61 74
3 12
82 86
18 21
34 46
70 74
4 16
62 68
33 36
58 70
25 32
8 19
17 22
17 22
34 37
75 94
42 49
45 73
15 21
21 40
34 39
21 36
23 29
42 48
5 15
13 16
2 7
19 82
5 19
24 26
7 35
49 62
11 17
46 60
6 17
35 52
2 6
43 72
7 23
60 77
55 64
50 54
23 30
63 69
10 27
9 16
33 69
85 90
91 98
33 36
49 55
36 41
25 39
28 42
52 57
84 99
75 80
83 94
41 57
61 81
53 61
35 42
11 29
58 71
91 99
80 93
74 95
25 26
54 65
77 85
1 22
15 36
75 83
41 43
3 31
7 20
2 29
67 78
77 92
5 10
58 78
81 93
92 100
45 53
69 74
69 73
27 38
7 18
71 75
38 53
48 55
21 29
57 67
89 100
62 78
31 46
43 47
20 35
49 59
82 95
22 30
74 77
44 61
74 97
54 60
3 27
38 57
23 38
52 58
51 61
37 48
37 59
76 79
47 53
25 36
82 94
20 29
1 7
27 43
40 61
41 47
25 28
70 74
8 15
1 10
30 40
67 73
69 84
8 39
73 85
44 56
6 46
26 41
44 47
84 92
55 86
64 83
84 91
59 70
7 14
54 58
74 78
33 35
41 51
23 33
58 67
40 43
1 5
53 65
52 61
81 88
31 35
69 85
9 21
88 93
43 50
67 78
31 43
32 52
35 44
93 100
80 81
10 45
28 40
94 98
86 96
69 73
7 23
25 32
41 47
17 28
37 58
26 32
36 48
23 30
8 17
46 54
83 87
97 100
26 28
87 90
42 48
2 5
7 16
30 37
42 57
10 20
63 75
32 43
73 95
19 50
72 79
39 45
29 55
57 62
55 86
74 77
69 71
56 77
40 47
12 17
90 100
96 99
31 47
46 52
28 33
9 23
78 91
78 100
16 18
92 96
53 60
81 88
66 73
26 36
80 85
90 97
47 57
40 65
81 85
26 60
3 26
77 94
58 77
18 35
17 28
50 70
48 79
43 67
20 26
36 54
69 75
34 43
8 13
85 96
11 17
4 9
69 78
74 84
85 88
86 94
28 44
14 23
5 11
16 33
19 41
61 85
7 29
27 29
21 27
25 31
11 22
67 69
50 69
73 85
25 45
65 88
34 40
50 62
83 92
83 88
81 98
17 45
41 45
19 25
93 97
65 81
34 39
41 53
64 81
52 60
92 100
35 39
14 32
50 54
74 93
4 15
39 57
86 96
62 75
68 84
41 53
85 90
50 52
53 59
75 98
78 84
17 22
30 43
4 10
9 23
31 36
84 89
70 75
83 85
16 30
77 81
90 97
67 76
1 4
15 18
5 12
67 75
14 17
17 41
28 31
24 43
73 79
90 98
63 67
62 70
51 60
65 78
77 92
15 18
89 97
19 29
6 13
50 72
43 50
73 86
67 78
35 64
71 97
3 12
4 13
57 70
70 75
71 75
30 41
36 55
17 26
58 60
68 73
33 39
42 46
85 92
10 27
24 29
52 59
78 90
18 20
64 74
39 58
50 61
2 8
40 52
62 69
56 84
88 92
26 40
99 100
44 58
10 19
14 25
30 53
4 16
60 69
67 87
25 31
19 24
7 11
73 80
35 53
78 87
43 48
46 58
19 26
30 38
86 98
83 95
34 38
57 83
23 38
83 93
46 58
57 63
62 73
53 65
71 82
6 8
92 96
64 77
68 83
52 61
47 55
58 77
19 34
36 41
75 91
72 79
31 37
71 86
55 68
67 70
2 11
28 54
70 79
81 97
20 47
60 64
50 53
24 30
72 92
43 48
16 22
63 80
9 19
65 76
88 91
11 14
70 75
81 88
51 66
52 61
41 61
21 31
66 79
57 67
57 66
33 47
43 53
71 78
31 41
91 97
50 57
45 78
85 94
33 40
68 80
75 89
63 69
69 90
60 70
13 27
69 92
28 38
47 72
32 40
33 47
46 49
73 77
69 82
15 33
52 65
15 23
24 33
29 38
82 90
29 49
66 73
50 53
94 100
35 52
12 19
30 36
32 39
61 66
33 41
66 77
55 61
5 11
69 85
16 47
65 72
4 13
75 83
17 26
24 31
40 50
42 49
48 60
45 57
67 73
39 46
13 18
11 14
16 36
52 68
6 38
3 15
16 21
88 98
65 69
11 14
59 77
15 25
27 33
44 52
53 66
57 68
37 52
83 91
13 22
3 12
49 69
56 73
21 30
82 85
77 89
89 95
21 26
29 42
46 67
59 93
27 64
44 52
55 82
4 8
49 64
90 95
67 86
67 81
40 46
55 82
44 46
62 84
81 84
18 23
25 29
86 91
53 54
38 56
67 78
1 24
66 71
63 70
20 28
21 31
58 74
40 58
59 69
38 49
56 58
83 88
24 48
23 38
83 96
17 21
77 82
7 10
22 24
66 83
74 85
41 64
23 33
54 59
15 38
83 87
48 69
68 82
8 48
14 21
88 90
56 81
72 86
44 54
8 11
22 31
30 39
38 40
6 14
83 95
70 74
48 53
7 32
2 16
32 39
18 21
17 38
87 92
14 27
4 26
45 48
72 81
81 90
39 64
66 70
20 23
45 51
35 40
21 34
75 81
55 61
64 85
40 44
80 89
71 77
22 46
46 52
93 98
79 88
57 62
78 83
46 65
62 68
25 34
69 86
64 66
3 8
52 61
72 74
88 95
15 22
62 68
29 34
13 22
44 53
83 94
19 32
4 19
91 95
10 16
25 48
29 36
33 44
79 89
60 67
13 20
56 62
7 12
45 49
34 44
22 30
3 6
43 51
95 98
62 78
61 86
21 23
65 85
48 57
35 94
87 94
54 66
69 82
31 35
89 96
44 47
46 58
30 37
70 81
10 21
59 66
55 83
39 47
47 52
90 99
64 84
84 90
54 80
39 58
28 40
42 49
30 37
38 49
47 80
80 97
72 96
74 81
31 40
69 95
15 19
49 58
67 72
12 18
69 74
45 56
57 59
57 64
87 95
57 70
7 30
31 38
80 81
73 81
39 55
98 100
79 84
59 64
77 97
6 22
50 64
37 42
20 28
88 100
9 26
20 40
9 12
69 74
56 74
69 82
17 23
4 25
22 30
35 46
40 48
2 21
63 66
71 79
57 63
54 58
96 97
76 85
54 64
69 89
23 31
39 53
4 7
26 41
88 94
17 27
12 13
81 90
46 55
46 63
59 68
71 81
83 88
63 70
18 24
46 59
44 48
57 65
56 66
71 83
66 81
10 15
38 45
32 49
89 95
61 73
68 77
3 16
57 75
81 86
33 40
3 4
77 86
15 25
51 62
25 28
22 26
89 97
20 31
85 98
82 94
72 84
46 51
39 56
9 16
17 26
19 36
13 27
18 27
59 64
62 92
30 39
73 87
84 87
91 98
19 22
25 33
33 43
72 97
64 69
11 17
46 51
37 47
51 61
7 11
1 9
54 57
30 42
91 94
17 32
92 98
26 47
93 100
83 87
82 83
77 81
58 82
92 100
68 72
31 35
84 92
10 20
19 25
66 74
64 82
16 25
72 80
82 84
72 78
34 52
31 41
6 24
74 98
43 49
62 67
2 5
78 84
2 14
4 24
5 10
76 86
61 65
98 100
67 80
58 67
16 23
15 25
92 96
57 78
73 80
27 35
76 77
31 39
21 37
70 86
20 41
38 51
75 82
42 47
77 90
45 60
36 48
44 49
4 9
37 44
13 25
45 63
75 91
10 40
78 83
94 99
41 62
57 65
40 73
75 81
79 81
81 95
80 85
55 67
55 62
54 76
72 76
44 48
76 87
66 75
69 89
54 58
68 78
44 47
36 50
71 78
55 64
16 28
92 95
45 55
41 47
29 33
34 51
94 100
65 74
71 83
70 96
63 71
63 75
5 9
38 47
59 77
6 22
39 55
27 33
58 69
70 81
43 56
4 21
55 58
10 17
4 9
19 25
8 30
83 89
14 19
86 89
68 74
34 79
77 86
87 92
33 46
74 79
75 82
88 92
70 77
27 41
64 71
10 19
44 51
25 32
26 36
64 67
55 66
38 45
79 93
25 59
44 48
68 74
57 71
6 17
81 92
28 40
26 35
32 59
39 50
26 30
26 33
67 80
64 73
67 73
18 36
14 23
9 20
31 41
5 23
35 44
42 52
52 58
27 97
50 51
65 75
69 85
84 91
50 57
49 59
63 81
81 95
7 16
78 83
20 29
76 84
70 78
25 42
40 45
70 84
81 83
95 98
62 71
68 86
88 93
27 29
89 96
67 70
35 38
85 99
74 79
82 86
63 80
61 69
72 74
62 75
24 27
41 48
41 55
10 21
71 81
31 50
9 13
85 93
71 80
42 51
27 36
50 59
70 80
92 99
30 39
79 94
76 93
6 9
2 24
83 97
61 80
19 34
92 98
14 23
2 23
29 45
89 100
27 33
82 93
18 36
48 57
80 84
32 66
71 83
38 44
66 76
44 60
63 70
36 40
92 97
34 44
41 48
7 15
43 47
9 26
67 82
91 94
62 69
39 44
84 95
55 66
79 90
63 72
40 46
80 82
62 78
60 67
78 96
42 54
46 59
11 14
19 25
24 35
13 46
71 79
45 59
19 26
59 63
74 84
34 47
33 37
11 15
1 10
51 56
61 79
50 64
65 78
66 96
37 41
76 84
36 41
67 74
85 88
39 73
93 99
89 96
22 37
52 57
22 26
36 65
52 61
41 49
75 93
67 74
17 31
75 78
75 84
9 30
57 62
6 20
49 52
83 85
51 59
86 96
13 18
41 49
91 98
51 73
45 52
22 29
83 90
68 76
94 99
6 13
53 62
37 47
60 96
67 95
83 88
32 37
7 18
1 3
74 84
48 53
82 94
67 79
3 12
12 24
76 96
75 83
23 30
58 65
55 72
80 91
1 4
54 62
71 85
38 45
27 35
50 56
29 49
67 68
12 15
59 76
57 72
31 34
12 20
9 30
59 63
89 93
62 69
85 93
25 42
18 22
19 26
17 25
76 86
2 8
28 39
15 31
10 16
73 78
78 84
68 72
19 34
35 40
89 97
87 96
94 98
24 28
4 15
10 31
78 86
58 64
14 19
3 16
40 60
67 82
12 23
7 24
34 49
78 87
25 30
88 99
13 22
91 99
20 42
79 83
70 77
75 80
42 54
52 58
18 45
38 55
59 95
61 67
86 92
2 17
70 77
81 92
14 29
62 72
53 57
19 30
39 52
78 90
2 12
78 83
66 74
76 83
37 59
35 43
64 71
13 19
18 24
79 83
39 53
76 94
67 88
19 22
80 87
54 58
48 51
85 91
20 33
86 97
9 26
76 92
56 58
30 37
83 93
48 54
11 23
60 67
29 36
4 12
68 75
62 70
75 82
63 69
54 69
73 84
88 90
16 22
85 91
9 16
38 50
78 92
51 60
87 91
31 36
53 57
15 26
81 93
78 92
44 53
61 68
44 48
75 86
74 81
36 44
80 86
56 63
20 28
87 95
13 28
81 89
65 73
52 66
12 14
36 45
69 82
53 58
45 51
68 75
26 31
70 88
49 59
73 88
60 73
85 92
23 38
82 96
15 25
43 53
23 33
81 92
25 32
56 69
53 66
39 51
15 26
37 61
44 65
76 86
58 68
48 61
88 93
65 71
61 78
56 60
26 33
93 99
57 61
92 95
29 52
57 60
58 80
87 94
77 92
1 8
2 7
69 76
74 84
73 76
25 35
7 16
44 54
35 40
18 40
81 87
55 58
72 84
8 23
29 63
80 84
56 61
8 30
57 66
74 98
11 23
49 61
71 77
77 80
74 81
75 79
76 79
71 85
1 6
3 9
41 43
18 24
68 80
85 90
71 86
58 66
13 24
29 56
83 95
45 55
61 83
51 60
38 53
48 59
48 52
13 22
16 36
13 24
54 62
8 18
73 76
36 58
2 34
34 59
74 93
6 17
1 6
1 7
36 41
57 70
41 53
39 46
82 87
94 98
41 45
16 25
22 28
11 20
78 80
3 14
32 37
30 34
53 69
59 67
44 48
84 93
42 51
40 66
1 14
47 68
64 70
5 20
38 39
59 63
33 43
56 64
12 18
16 24
52 60
22 32
69 88
54 66
56 80
82 85
80 90
88 95
72 74
61 69
13 22
59 63
49 66
12 42
63 71
32 60
23 32
24 26
80 87
50 56
33 39
4 8
57 82
37 48
20 26
14 17
35 63
10 26
1 9
95 99
19 27
12 20
22 29
4 8
45 51
60 75
77 81
9 22
18 27
85 96
85 91
47 54
67 78
44 58
39 46
56 80
29 42
62 65
14 20
2 21
50 58
95 100
31 42
83 92
28 46
1 9
35 50
22 51
51 73
18 27
80 88
41 45
69 74
12 26
89 95
51 56
89 91
71 77
69 83
40 65
7 13
19 29
8 16
47 50
45 64
72 75
66 73
88 96
76 84
55 59
9 14
72 76
41 49
82 93
74 76
81 88
44 86
34 63
55 76
70 87
75 91
73 75
6 19
44 54
25 29
39 57
43 49
80 94
38 49
20 31
80 92
64 73
38 58
28 30
6 48
19 25
15 24
87 99
83 88
59 63
37 43
22 31
47 55
77 87
54 73
74 87
27 35
3 10
69 72
74 84
16 31
19 26
29 37
75 81
73 94
33 39
40 46
5 18
65 93
29 37
3 20
82 94
29 37
62 72
60 69
60 69
58 61
84 91
5 17
72 80
8 12
52 57
9 16
37 68
6 29
50 59
14 25
1 6
26 30
11 23
28 40
72 99
29 36
54 69
45 62
70 76
25 28
93 96
90 95
59 67
19 49
16 31
72 84
74 85
24 33
47 50
23 26
55 62
88 98
50 65
26 39
55 63
73 85
66 72
70 84
58 65
61 69
54 62
15 19
63 75
1 22
24 29
72 91
35 38
71 88
57 59
65 86
78 85
21 23
71 82
91 100
11 24
81 97
63 66
36 53
12 20
22 30
89 94
28 49
16 43
78 83
45 53
47 65
83 100
8 34
46 57
47 51
69 90
3 32
71 83
14 29
79 91
77 82
67 78
66 77
62 75
40 53
98 99
51 56
39 51
45 62
45 51
61 74
1 22
78 85
21 38
1 12
81 86
86 88
29 33
48 55
45 52
42 51
74 82
53 62
53 71
29 54
37 41
10 17
85 100
55 71
19 34
87 99
37 58
89 94
61 64
66 92
78 99
73 90
3 15
2 12
83 91
13 29
77 88
48 59
24 38
10 16
64 74
8 18
55 60
14 20
86 100
30 42
93 96
44 50
50 56
92 98
53 54
13 25
36 46
83 98
34 38
11 22
81 88
37 43
80 85
7 22
77 83
38 41
39 50
79 100
93 99
79 93
12 28
53 61
39 44
81 98
4 9
30 34
29 41
63 84
55 72
77 80
28 31
84 90
32 40
58 84
30 36
19 31
85 92
10 18
58 79
8 21
5 8
29 76
73 79
77 85
21 25
41 44
28 35
15 27
60 69
90 99
91 100
2 14
66 79
41 47
3 9
2 9
37 52
54 61
46 58
46 57
90 98
58 82
40 53
3 13
87 93
52 59
86 94
37 51
2 29
73 75
85 96
36 47
13 18
44 51
54 61
11 30
85 89
9 23
52 56
41 52
40 49
15 23
59 69
90 92
90 94
25 29
5 8
68 74
29 59
20 39
60 72
51 57
7 14
42 55
40 64
3 8
56 75
15 23
24 29
13 34
38 51
78 82
42 45
9 24
67 72
16 20
19 25
5 34
38 47
18 28
56 62
18 23
65 71
86 99
38 47
53 59
59 95
84 99
62 73
91 99
79 91
41 58
82 94
60 68
18 34
56 61
22 31
66 69
23 26
21 31
57 61
30 36
9 13
32 44
78 91
64 69
63 71
36 44
34 50
36 52
75 85
44 54
55 75
22 28
36 54
14 18
35 62
32 42
81 85
57 67
64 68
52 70
10 12
59 72
70 78
86 93
5 7
30 40
66 76
27 56
64 70
66 72
76 84
29 34
48 53
11 18
13 27
36 64
60 67
63 82
9 23
89 100
88 96
27 34
18 22
65 76
47 57
36 48
51 62
68 78
54 67
11 29
42 60
65 79
7 18
1 13
95 96
5 14
12 19
6 15
35 40
48 61
21 27
80 84
35 40
37 50
61 65
40 44
33 44
86 99
12 19
24 51
37 58
98 100
63 76
33 42
33 41
61 85
23 33
70 78
50 61
72 84
16 32
27 38
17 31
77 90
75 94
38 66
14 21
31 36
17 23
50 53
34 47
43 66
45 52
28 56
38 49
20 40
10 13
3 14
31 36
28 30
38 57
48 54
21 30
89 93
83 93
15 22
34 40
15 27
26 34
47 66
55 60
46 50
50 53
86 96
1 11
54 61
23 29
45 50
82 86
42 46
68 81
84 96
7 30
78 89
58 68
62 73
41 70
64 77
8 17
36 45
29 40
24 38
48 62
67 74
25 39
3 6
34 36
5 9
19 28
55 69
32 41
46 57
46 53
46 63
65 77
10 12
35 45
50 61
40 55
23 86
10 13
25 35
78 88
16 28
22 47
53 63
93 99
54 59
21 41
24 38
51 61
15 19
86 95
37 53
19 22
54 60
37 45
67 75
14 34
54 92
52 64
44 50
97 99
67 75
24 29
42 48
78 87
2 11
7 20
16 23
37 43
14 39
11 18
88 94
14 29
54 57
60 63
70 74
30 43
79 87
64 79
49 72
90 94
29 37
10 22
80 90
38 45
16 25
45 59
7 15
52 54
45 51
21 58
66 72
79 96
88 98
51 65
21 43
61 84
58 79
11 19
52 82
40 77
65 74
46 56
21 42
11 15
27 44
44 53
67 74
26 41
18 38
67 83
76 83
6 9
23 33
48 58
27 30
57 71
26 54
49 63
8 31
84 87
13 17
76 86
57 67
40 48
70 78
60 70
18 21
44 58
27 44
92 100
76 80
95 99
25 46
69 83
42 54
22 44
73 92
38 49
87 93
23 33
55 65
29 36
56 63
37 47
16 29
42 57
31 35
50 59
31 34
63 69
63 74
10 18
67 77
54 56
8 25
51 56
32 35
79 84
91 98
1 13
15 23
47 70
11 20
70 73
54 67
25 30
8 16
14 19
49 60
83 98
70 76
42 65
66 71
56 74
44 52
32 45
38 57
9 13
72 83
79 93
9 15
22 31
16 25
57 72
89 95
69 75
33 41
83 97
29 37
59 63
45 59
27 48
81 92
80 85
83 94
87 93
57 65
34 52
65 68
59 64
71 76
52 61
30 37
84 93
38 49
13 22
28 48
75 84
90 98
20 27
6 21
33 42
77 84
67 76
49 61
2 6
90 92
20 29
35 46
55 69
38 49
68 83
17 33
40 43
84 98
44 59
51 58
78 86
76 87
70 83
53 56
3 12
51 60
60 65
74 80
17 34
11 14
45 52
47 67
56 64
89 94
7 21
87 99
61 71
90 95
54 64
61 74
90 99
15 24
24 31
74 83
88 96
65 73
30 35
50 62
23 34
70 74
87 95
21 23
18 28
32 47
8 53
53 69
27 48
32 55
53 59
66 76
25 42
14 39
19 31
27 31
40 46
31 42
35 43
20 25
46 56
87 93
58 65
84 88
89 92
57 69
79 84
16 42
49 67
47 54
49 75
87 96
18 34
56 61
83 90
2 12
34 43
2 13
25 35
85 92
12 29
5 23
5 29
3 13
91 100
30 53
66 74
70 81
90 96
48 59
81 86
59 66
25 43
80 87
67 92
40 72
51 64
62 70
60 63
59 70
39 45
74 83
64 85
47 53
8 13
1 15
64 76
68 96
41 48
56 63
10 34
37 50
60 72
88 92
10 16
72 81
63 80
60 72
45 57
87 94
88 95
66 70
75 80
48 57
6 8
58 63
9 11
83 89
47 62
52 76
64 73
12 25
66 76
44 58
28 40
18 37
39 52
71 83
45 81
46 51
55 61
91 99
10 15
39 47
34 51
29 40
10 23
63 73
41 48
49 57
88 95
77 87
91 93
34 40
83 95
97 100
57 69
80 92
73 95
37 67
21 27
30 38
54 59
56 74
57 61
29 42
76 90
45 56
68 81
85 96
36 44
9 16
29 37
92 96
41 52
78 89
27 48
8 15
65 78
56 67
1 13
24 29
70 79
49 91
68 70
65 73
5 20
45 51
57 59
29 35
10 16
47 52
67 91
3 10
61 78
13 19
17 33
13 16
22 33
29 35
29 37
78 92
41 47
3 13
55 60
92 99
65 71
12 29
63 81
16 26
60 63
26 40
83 86
78 85
76 83
29 40
93 99
25 39
29 36
22 34
61 90
41 65
30 38
65 75
59 62
57 71
92 99
66 70
88 93
51 62
34 44
57 68
2 11
14 26
47 62
32 37
46 53
11 17
63 66
69 87
45 50
81 83
80 84
41 49
38 53
23 57
28 30
12 23
59 77
46 80
58 72
71 87
76 94
14 25
64 69
10 13
38 61
2 22
78 92
41 47
26 29
65 78
23 39
20 22
28 34
37 60
88 93
55 60
70 79
19 38
44 59
91 96
91 95
68 74
73 94
5 12
33 46
3 10
53 60
62 67
34 52
89 94
39 49
74 85
70 83
60 72
85 95
66 70
63 73
77 78
9 24
83 86
71 81
78 93
49 56
33 87
82 92
93 98
84 100
12 16
45 69
19 26
81 86
10 20
10 18
51 62
3 9
30 34
7 14
9 26
22 32
69 82
39 48
26 72
16 23
34 55
31 54
64 75
10 13
54 71
66 79
50 66
58 64
30 36
61 68
14 20
20 27
9 18
39 45
7 22
86 89
1 24
78 84
19 23
62 68
36 46
78 82
48 54
62 66
83 86
53 63
33 45
13 29
22 29
2 12
36 41
64 72
86 89
45 53
88 97
70 77
81 94
49 54
74 79
82 96
50 61
88 93
65 84
40 45
17 27
11 27
8 16
29 44
40 47
78 84
40 47
85 98
30 37
33 36
78 88
9 20
39 42
6 13
88 90
92 96
64 68
72 91
78 86
37 50
1 16
74 88
58 66
17 35
35 43
23 33
68 74
88 91
21 23
65 76
24 39
19 35
53 59
71 83
36 45
28 44
69 78
8 17
96 100
72 86
84 90
49 55
12 61
16 25
56 73
83 89
89 95
43 54
62 68
14 15
9 18
57 68
9 43
84 88
62 74
80 82
75 90
13 22
93 95
7 22
10 17
71 99
22 24
5 20
5 21
79 85
70 73
43 67
9 30
16 28
64 72
51 63
13 17
68 71
53 63
40 58
5 27
7 12
28 37
68 80
84 89
8 31
59 69
74 81
45 67
82 84
53 59
88 99
67 78
27 33
60 77
89 100
69 76
63 68
51 58
69 83
15 19
73 78
56 60
4 8
55 61
45 50
19 28
11 24
77 85
76 98
54 59
79 84
89 99
67 76
39 46
89 94
70 99
20 59
30 63
52 58
44 52
45 60
20 25
1 6
38 42
81 94
52 64
36 47
86 96
24 33
52 58
28 41
20 36
40 57
75 94
8 15
92 95
62 77
80 86
92 97
46 54
38 63
54 67
53 63
2 19
26 30
75 82
44 60
59 68
63 69
72 84
48 56
79 87
58 69
80 90
94 98
63 69
73 79
52 58
42 73
26 34
64 79
73 83
6 14
28 38
66 72
57 83
62 66
72 82
87 95
88 99
29 44
82 95
74 99
11 26
22 31
16 22
88 100
71 77
61 71
82 90
72 86
48 59
45 48
56 72
30 32
68 74
6 17
29 45
85 90
57 60
83 95
48 57
79 98
92 100
35 50
8 20
25 35
11 17
32 40
64 67
29 33
7 14
7 17
55 59
65 70
16 22
64 71
51 57
73 87
3 15
30 40
37 75
46 56
86 94
30 41
66 74
82 99
31 39
86 99
75 84
24 40
92 96
90 94
54 57
39 45
53 67
30 41
35 39
25 61
49 60
6 30
19 29
46 58
86 98
36 51
12 21
84 96
17 27
11 24
47 55
75 85
33 37
25 39
73 83
4 12
40 51
13 29
59 67
84 89
84 97
21 39
53 61
79 88
11 15
61 67
32 34
19 52
84 92
63 81
23 31
51 71
42 63
53 58
13 43
67 80
81 91
38 58
14 30
16 26
77 96
59 68
59 66
34 42
86 91
63 71
75 85
6 12
20 29
74 92
19 43
86 95
49 57
53 66
91 96
77 85
69 81
61 82
20 32
3 7
14 30
26 33
56 66
34 51
90 92
29 34
73 85
63 74
85 91
79 88
32 42
22 34
87 98
12 17
7 12
22 25
13 24
50 70
5 13
72 80
1 8
56 65
46 69
53 63
89 94
3 8
37 63
45 56
80 96
44 54
64 68
13 19
5 8
15 42
77 81
8 17
36 41
24 42
4 12
83 85
75 84
9 13
40 47
76 86
12 27
5 13
60 67
18 37
31 37
5 11
66 79
17 21
57 71
18 22
65 69
7 31
18 23
46 54
25 30
26 31
6 12
29 36
43 49
65 86
10 19
36 41
93 98
54 62
28 45
12 16
64 79
54 65
60 67
17 20
26 68
22 29
9 22
94 97
31 63
21 43
26 44
6 16
30 45
4 35
75 80
23 31
13 15
4 14
13 16
42 57
40 56
56 94
86 96
77 84
14 21
61 67
20 34
79 88
37 44
58 72
76 94
28 42
13 28
53 59
51 58
86 93
19 58
62 69
29 44
52 81
15 24
44 53
86 95
8 14
43 46
35 64
24 55
13 16
20 42
81 90
51 53
51 61
24 34
65 74
68 90
14 22
19 21
55 61
80 85
12 28
74 80
70 90
41 51
74 91
19 32
46 49
77 93
62 73
35 38
49 56
48 52
62 70
84 96
3 13
17 25
76 86
23 29
30 37
66 70
55 65
69 79
63 71
34 42
55 75
38 45
26 40
78 82
33 47
30 46
60 66
4 20
50 73
12 21
53 67
39 48
12 14
63 84
32 41
21 42
80 97
11 23
68 99
75 82
39 49
41 50
50 56
84 92
94 96
46 49
35 42
68 80
13 26
42 52
70 74
13 17
74 77
61 65
49 59
69 71
70 82
45 52
24 31
5 21
3 26
4 22
33 68
54 63
78 81
78 85
15 20
5 14
71 82
45 49
45 51
54 66
61 66
78 92
54 60
26 30
21 27
75 79
59 74
1 5
62 68
70 82
34 47
26 72
42 57
19 25
48 51
17 30
36 41
81 86
14 29
46 56
61 66
28 44
50 58
39 66
3 16
50 57
88 96
9 16
75 87
39 62
45 91
75 85
11 13
33 44
20 25
37 49
26 38
68 73
5 13
38 59
50 57
78 91
67 70
50 53
64 67
90 95
36 47
43 63
28 41
26 36
15 19
65 72
48 58
31 36
31 39
68 80
94 97
15 28
10 18
12 25
75 93
83 88
52 54
85 87
12 16
47 60
70 81
84 93
40 52
18 34
75 82
40 47
22 35
7 16
28 54
60 70
66 68
57 75
71 74
66 75
20 61
42 63
30 46
77 78
27 83
71 89
31 47
79 84
73 82
68 76
5 68
61 67
82 85
36 43
7 9
42 49
44 51
84 89
7 86
85 96
70 85
63 68
12 23
10 46
84 89
86 100
81 89
24 33
72 81
41 49
65 77
71 78
77 83
55 63
44 51
40 47
45 56
34 38
72 81
68 87
41 50
82 85
51 66
68 80
29 39
33 41
34 46
48 72
35 66
13 19
38 47
38 47
49 51
11 20
89 94
39 47
74 89
20 36
12 17
16 27
19 25
45 62
48 58
66 70
80 87
46 50
27 30
78 86
90 98
39 60
38 48
11 13
77 89
75 79
15 18
26 34
18 24
14 21
69 76
14 21
8 28
71 85
57 61
20 26
62 68
67 74
57 75
22 27
18 29
45 57
84 98
51 66
50 52
73 75
73 78
42 46
78 96
28 37
4 8
79 88
93 98
42 54
70 76
21 33
93 100
60 81
48 53
16 33
71 74
27 32
67 84
12 22
4 15
18 26
19 33
48 56
41 49
90 99
19 48
1 8
44 54
21 23
32 41
95 98
41 54
21 27
83 95
72 84
21 33
60 84
23 31
59 67
21 38
43 50
75 89
29 32
83 92
49 55
13 25
69 100
75 86
85 90
50 59
40 45
44 66
8 22
27 34
63 84
71 82
19 29
46 53
13 24
49 53
64 67
53 77
44 47
56 62
18 24
75 85
22 29
86 87
66 75
57 68
11 33
19 32
32 39
37 43
48 57
77 87
3 7
48 67
64 80
41 44
31 35
36 40
21 31
19 27
36 40
4 19
41 81
44 65
33 39
45 48
79 84
11 17
8 12
83 92
77 96
25 41
71 78
73 90
3 18
55 65
12 20
8 25
26 33
66 80
46 65
38 45
47 52
62 70
85 94
73 88
50 55
15 27
5 18
12 15
50 58
46 55
12 22
19 34
41 53
53 64
88 90
75 82
51 64
50 67
35 45
57 75
51 57
65 71
93 100
68 74
54 59
44 50
84 89
87 100
30 39
35 51
4 11
44 58
73 89
55 65
33 38
79 91
47 52
34 42
33 53
7 14
16 22
6 10
43 50
49 53
53 55
86 95
34 41
52 60
82 92
41 52
80 92
14 17
89 96
54 57
73 81
41 46
6 14
62 78
58 66
33 35
19 23
36 41
83 87
11 20
42 44
69 80
50 54
63 80
17 27
33 46
49 55
25 39
22 28
20 34
84 95
23 31
88 100
62 78
25 28
52 62
62 72
4 25
69 75
21 23
31 43
44 58
15 18
88 94
27 36
74 92
44 65
69 76
49 65
39 62
53 58
40 51
62 79
45 67
56 62
51 62
43 45
75 87
23 29
46 48
94 100
42 54
61 65
5 13
83 88
32 38
6 26
97 100
14 19
79 82
50 59
24 36
47 53
60 72
45 69
40 56
6 18
30 44
64 70
6 15
58 76
53 59
22 35
46 53
32 42
8 16
13 21
40 45
92 98
23 44
34 56
3 10
59 90
65 69
70 81
69 82
80 95
30 39
59 67
45 65
43 49
26 30
36 62
8 16
38 46
27 32
79 92
9 19
75 83
46 76
35 42
57 78
2 11
56 64
67 76
49 58
77 82
74 86
10 16
61 70
2 32
57 64
94 100
16 27
23 36
38 42
5 13
4 7
36 50
3 10
29 35
35 41
80 94
82 88
47 57
68 80
9 27
29 41
33 44
64 66
69 75
68 80
16 22
61 80
84 98
51 58
62 71
28 47
84 93
38 41
64 76
86 95
16 25
72 75
50 54
3 11
85 88
31 41
33 54
76 99
78 85
74 97
76 77
7 24
5 16
18 31
59 62
32 36
37 50
72 81
68 77
83 92
92 95
38 46
36 42
35 41
57 68
51 57
58 66
64 80
79 81
19 25
60 68
22 32
74 95
39 48
27 33
24 30
55 68
19 23
30 39
36 45
31 45
32 44
80 89
12 26
40 44
11 37
90 96
57 61
19 28
83 98
42 54
87 99
34 46
32 37
74 77
17 30
52 64
82 86
53 68
19 28
56 64
38 65
3 16
69 81
79 88
90 96
87 94
16 23
14 25
48 53
38 48
67 75
71 83
35 44
79 93
31 38
68 82
34 48
90 95
63 80
33 46
44 50
84 87
70 80
40 45
60 73
21 30
14 22
60 67
12 24
11 18
11 21
42 47
26 37
26 36
31 37
81 87
18 33
71 75
83 87
56 63
56 66
61 65
7 13
62 66
16 18
83 86
11 20
82 88
45 55
44 55
43 56
92 96
17 24
27 33
52 70
8 23
54 72
76 83
66 74
61 83
59 62
65 87
25 34
4 13
81 88
61 74
49 56
3 14
45 50
51 62
84 93
22 29
37 55
17 22
72 90
15 27
34 37
94 98
10 20
55 63
56 60
95 98
7 16
34 47
20 29
80 92
2 14
86 99
32 38
8 11
4 11
23 31
30 37
76 87
69 84
14 17
54 60
12 18
45 49
68 71
10 26
50 58
37 54
95 98
6 10
47 61
52 57
36 55
22 31
26 29
84 90
94 100
21 28
68 73
37 41
75 79
52 55
52 69
46 61
10 17
1 4
17 23
49 56
11 29
38 55
11 23
68 86
48 80
70 75
31 48
52 62
12 17
6 14
15 29
78 89
79 87
40 43
72 77
34 86
13 22
89 95
76 87
67 74
35 43
39 46
1 20
83 94
40 56
12 24
4 13
80 88
21 28
10 19
7 20
47 52
82 93
61 70
56 62
71 92
14 20
24 34
55 69
10 20
1 12
5 11
15 38
56 66
68 75
24 32
4 8
78 94
12 17
56 79
7 23
10 20
32 41
54 57
44 62
39 45
89 97
76 92
15 20
77 84
61 69
14 19
81 86
4 8
59 70
5 13
5 8
70 85
5 14
61 64
79 90
86 90
16 22
27 35
72 85
31 41
36 58
75 82
37 46
34 41
73 83
55 57
53 66
78 92
10 64
4 33
31 45
9 11
70 80
86 88
4 9
12 42
11 21
77 86
13 18
40 55
11 21
89 95
21 26
56 66
60 78
39 51
28 38
53 65
18 24
7 20
76 81
75 84
52 56
45 61
72 97
68 71
75 82
57 97
74 82
66 82
33 40
38 40
16 27
91 100
33 36
21 25
11 16
87 93
27 34
25 59
9 22
72 87
14 26
60 64
86 90
11 20
62 68
43 57
66 67
96 100
75 82
7 12
15 30
22 38
91 99
21 26
78 100
10 37
70 80
15 30
20 54
19 22
23 27
42 66
56 74
51 59
32 67
79 87
32 75
56 73
44 77
36 53
47 60
36 49
35 45
73 96
21 42
25 42
49 56
72 77
48 51
90 100
27 50
68 75
14 32
81 89
50 69
55 58
39 48
79 90
76 89
74 78
40 53
6 12
44 52
57 71
29 37
16 33
8 16
16 20
64 71
54 62
59 69
45 59
65 72
76 81
82 85
40 47
31 42
86 93
98 100
35 42
27 40
32 40
59 72
40 51
23 33
48 61
52 60
6 26
40 56
18 21
31 44
48 54
80 81
40 76
28 35
77 83
18 24
71 73
23 78
4 21
59 62
2 24
66 75
89 95
11 14
56 67
37 57
89 99
59 64
90 94
88 98
50 63
7 15
35 45
53 70
11 17
33 41
51 62
28 37
73 75
85 99
37 39
12 23
75 85
5 12
46 55
80 97
1 16
18 25
4 17
33 41
15 19
15 18
80 90
69 82
68 76
12 29
98 100
43 48
69 75
88 96
94 100
82 95
61 69
89 95
26 37
92 100
16 27
59 66
38 39
9 19
32 37
2 23
41 47
15 23
57 78
89 97
14 22
15 30
12 24
67 86
62 71
78 81
33 50
58 62
73 80
56 82
85 98
41 57
51 68
22 25
12 27
73 81
25 32
19 32
95 99
56 66
26 36
58 67
16 27
69 77
43 50
46 56
20 49
30 53
6 16
30 69
10 19
21 26
10 24
59 73
69 80
32 40
46 56
23 30
63 76
53 61
56 74
36 51
30 35
63 83
58 73
84 89
55 72
69 75
88 95
22 26
70 80
62 82
38 49
30 43
62 78
32 35
26 41
42 46
42 47
46 60
23 25
14 20
66 71
5 17
28 39
51 77
61 76
14 32
74 83
44 56
68 82
62 64
72 77
20 30
57 64
43 55
73 82
15 32
40 53
15 35
94 100
5 20
7 13
35 40
8 23
36 54
72 80
72 93
28 37
9 22
36 42
45 48
82 87
4 21
74 81
62 66
62 71
13 19
92 95
60 62
78 87
29 52
63 79
17 24
44 52
49 54
28 38
40 52
20 29
28 37
75 83
90 93
37 41
5 14
1 13
42 48
67 76
59 66
82 85
67 72
22 36
40 58
75 77
45 61
61 65
63 75
91 97
52 67
68 87
32 38
89 94
47 49
68 73
60 73
47 74
79 88
6 16
58 75
50 54
53 59
82 93
7 10
55 69
1 18
80 84
33 37
1 24
57 97
66 72
64 69
30 39
27 31
29 37
44 47
89 99
68 77
34 43
56 61
14 22
74 84
64 71
16 46
67 77
15 22
45 58
29 35
65 73
16 25
5 14
23 48
80 87
39 52
84 89
82 85
9 18
71 93
57 60
39 45
37 42
50 62
31 45
72 95
77 80
52 69
55 66
64 76
78 95
76 91
52 77
13 19
15 23
61 99
15 20
87 99
16 25
50 59
15 44
80 84
15 37
33 49
86 100
4 14
55 82
55 62
76 91
