100 20 20 19
00000000000000000000
00000000000000000000
00000000000000001000
00000000000111000000
00011111000000000000
00000000110000000000
00000000000000000000
00000000000000000000
11100000011110000111
00000000000000000000
00000000000000000000
00000011100000010000
00000000000000000000
11110000000000000000
00000011100000001111
00000000000000000000
00000000000010000000
00000000000000000000
00000000000000000000
0000100010000100100
0000100010000100100
0000100010000100100
0000100000000101000
0000100000000101000
0010010100000100000
0000010000000100000
0000010000000000000
0000000000100000000
0000000010011000000
0000000010010000000
0001000010010000000
0001000010000001000
0001000010000001000
0000000010000001000
0000000010010000000
0000000010010000000
0000100010001000000
0000100010001000000
0000100010001000000
6557
82 86
76 90
84 98
73 85
12 17
51 71
8 14
45 55
39 46
47 55
6 22
12 29
32 40
41 49
63 86
33 45
12 18
39 45
11 16
21 24
48 60
10 22
57 61
62 83
59 66
62 69
91 93
59 72
76 93
39 55
65 69
64 84
51 63
79 92
49 60
7 21
2 6
51 69
25 29
63 72
69 74
69 90
3 7
17 22
52 59
64 73
84 90
37 45
38 44
68 82
69 80
13 16
86 93
1 8
32 49
61 69
75 87
42 51
42 46
62 68
54 71
16 22
70 82
21 52
53 67
44 50
63 74
31 43
38 57
23 28
42 58
70 87
26 40
20 34
50 60
7 14
49 62
61 72
73 74
28 34
30 41
6 18
28 35
24 33
59 61
31 44
19 27
54 64
5 13
60 69
40 46
24 62
41 48
67 80
16 33
53 61
87 99
74 83
77 91
60 76
80 89
76 80
78 85
17 24
79 92
14 32
81 97
66 71
57 72
59 71
16 23
15 30
2 8
81 84
37 42
32 46
68 77
61 72
58 60
9 21
77 85
31 44
10 16
33 37
85 92
36 44
90 98
29 47
27 31
31 36
4 9
81 86
34 40
60 67
5 33
85 96
11 41
36 61
46 69
28 35
17 22
7 22
12 23
37 39
13 18
79 81
11 28
22 25
55 60
60 67
43 55
33 40
42 51
55 70
73 97
22 31
3 8
2 14
60 78
57 60
23 27
25 34
8 18
60 69
3 7
64 75
54 64
73 99
17 20
17 34
82 91
8 15
79 83
56 70
7 21
49 66
58 73
87 89
48 57
8 17
63 72
33 42
35 39
11 66
66 73
17 30
84 85
30 46
80 85
27 32
63 87
49 60
26 41
21 33
44 73
44 54
51 64
28 69
71 79
67 89
20 26
2 9
35 39
71 76
35 42
80 84
41 52
52 66
7 13
42 53
83 91
92 97
3 17
47 63
24 37
86 93
50 52
29 43
48 63
35 57
82 91
74 78
57 64
2 8
62 71
34 41
50 59
32 41
76 92
41 48
14 27
11 38
16 20
79 89
87 93
58 63
17 26
85 89
27 38
28 36
31 39
33 40
48 51
44 52
78 88
42 57
82 83
19 57
5 9
20 41
45 53
26 34
27 45
88 92
72 92
27 34
62 71
69 71
47 94
74 78
75 89
39 48
26 66
34 41
24 33
12 14
26 28
50 58
45 51
22 35
1 11
38 45
51 61
19 42
48 51
11 26
30 59
67 76
30 43
39 56
5 10
83 89
52 62
9 14
36 41
44 53
55 62
78 81
19 49
7 18
52 62
5 22
10 23
4 34
56 66
70 80
41 62
40 50
32 58
77 80
35 37
88 98
77 93
47 57
11 23
14 43
51 59
27 37
18 19
41 44
42 74
17 24
70 87
37 49
20 36
23 45
1 6
52 57
83 86
31 42
9 14
2 13
82 100
59 81
34 40
10 32
91 98
58 63
80 86
43 48
1 7
40 56
14 21
21 33
79 91
90 95
60 71
47 55
26 41
81 95
57 74
82 90
22 25
12 18
29 32
63 76
22 43
19 21
27 31
45 55
45 65
19 37
11 16
42 74
33 39
53 71
90 96
22 38
84 90
27 50
29 40
11 22
33 48
49 94
78 93
78 90
25 38
73 93
75 92
85 90
26 37
57 61
80 83
89 91
85 87
8 21
14 24
20 28
1 11
1 4
30 71
51 67
34 43
79 84
71 80
71 81
65 82
1 16
15 20
31 43
20 28
89 99
42 45
92 95
47 68
59 65
69 73
78 89
82 96
22 37
44 48
8 24
40 49
7 22
64 82
41 52
4 10
19 29
80 87
52 78
10 16
44 50
1 12
22 30
16 25
65 79
39 43
19 25
70 81
32 56
63 68
54 57
58 65
71 73
31 44
48 55
79 86
30 39
57 74
35 42
81 99
74 80
26 36
64 83
77 86
66 67
61 68
81 91
90 97
26 42
1 10
73 79
28 31
15 28
51 68
58 64
14 24
83 92
72 77
39 49
48 64
18 33
97 99
63 67
93 100
87 91
64 80
2 12
65 68
37 47
64 71
88 97
30 41
1 38
18 32
7 27
11 17
11 37
62 70
43 84
52 57
14 23
62 77
82 96
1 17
15 22
71 96
20 26
25 27
6 21
59 67
19 29
45 51
90 93
63 88
45 70
38 61
3 14
57 66
86 96
74 82
7 16
7 13
7 19
13 19
17 26
30 34
24 39
53 69
32 57
48 56
14 16
32 49
53 56
91 99
16 19
5 33
68 88
68 74
45 53
10 27
21 28
83 88
45 46
59 64
89 96
76 89
75 81
52 76
48 55
44 61
69 82
89 97
62 98
78 85
3 22
17 30
10 22
83 85
39 50
89 95
48 69
49 53
62 65
55 60
24 33
25 36
77 83
24 35
29 48
17 34
73 75
12 19
65 84
52 63
54 63
73 81
15 23
14 23
57 68
61 85
80 85
7 12
77 84
49 57
64 95
39 49
71 91
67 86
78 82
67 74
27 37
7 14
39 54
84 92
10 16
69 81
63 68
66 74
85 90
50 73
40 64
24 37
56 67
54 68
15 41
67 74
24 27
40 50
65 77
60 61
54 74
3 25
41 53
10 13
29 53
35 53
75 82
83 93
82 87
13 21
61 86
55 65
83 91
67 78
20 31
33 39
72 89
15 27
31 39
77 96
24 34
68 80
37 50
9 15
91 97
29 39
93 97
46 82
46 49
21 31
1 18
60 74
20 26
8 27
14 33
44 84
87 100
27 39
41 48
10 30
51 58
86 93
86 94
67 76
1 6
61 87
54 61
89 99
78 88
48 80
70 78
86 95
24 43
90 94
2 12
82 89
61 67
44 49
10 27
62 66
14 21
29 33
3 13
28 37
38 50
24 29
39 76
42 45
5 10
78 93
89 97
10 24
16 39
23 41
95 99
18 31
80 96
65 68
19 30
36 45
5 8
15 25
2 19
47 59
73 76
67 69
74 90
39 45
53 56
46 56
72 82
4 17
15 23
26 45
8 17
61 64
31 43
9 41
11 17
50 54
70 80
17 24
82 99
37 43
27 34
58 82
58 71
75 80
58 63
89 96
42 51
27 33
38 71
21 24
41 58
45 48
85 91
65 86
17 21
85 89
82 96
67 86
11 27
66 72
73 85
71 97
23 26
51 75
37 43
60 68
84 98
70 78
40 55
81 92
62 75
16 23
74 92
22 61
31 40
53 79
80 94
57 88
79 94
56 77
55 74
22 25
27 43
48 87
37 50
39 42
81 95
28 40
11 23
5 8
33 47
77 80
84 90
89 92
48 65
32 39
91 100
63 72
51 100
73 81
47 61
6 12
37 42
17 21
53 55
64 89
48 54
26 53
7 27
21 41
44 54
7 21
85 96
22 28
78 80
4 20
12 17
24 33
10 16
15 26
35 41
80 90
27 43
18 27
44 46
11 14
15 19
67 71
53 64
44 79
46 52
68 80
5 20
70 77
2 18
10 16
65 68
47 51
39 84
39 49
24 37
54 58
60 67
85 90
57 61
77 84
44 50
61 72
10 25
25 50
72 76
89 99
48 57
75 93
32 44
87 90
46 52
65 72
61 69
28 34
34 39
51 61
22 34
30 46
3 8
77 80
23 31
45 54
18 25
62 73
4 7
76 99
12 22
62 68
31 37
42 57
18 27
49 52
93 99
26 32
20 21
58 70
24 39
51 59
67 76
56 73
90 100
64 78
82 88
45 51
53 58
61 63
28 36
55 63
40 47
93 99
73 78
32 40
22 34
13 30
53 63
63 71
39 42
72 78
50 55
67 74
47 58
62 70
16 48
40 48
63 82
50 57
21 23
50 66
38 47
79 92
50 65
9 14
29 35
79 84
35 42
1 4
87 92
59 78
28 44
93 96
95 98
59 61
76 84
66 68
78 92
41 45
5 13
65 68
42 64
72 81
56 69
34 51
71 77
7 27
28 43
77 82
69 87
15 22
57 65
6 28
62 67
73 76
53 74
79 98
21 24
20 30
41 46
85 94
16 35
61 70
69 76
89 95
40 43
27 40
66 77
54 59
13 27
47 65
53 66
29 32
19 24
30 37
32 37
29 51
49 80
89 97
49 58
10 17
93 97
50 58
49 97
46 53
39 52
4 20
12 16
35 39
3 8
74 87
45 52
25 46
47 64
51 62
23 45
46 62
83 91
50 53
65 78
44 82
84 99
31 37
5 22
25 39
51 66
17 27
56 72
7 15
47 55
57 60
88 93
37 45
52 57
57 72
28 31
26 39
74 80
33 59
43 54
28 39
49 66
3 16
73 82
55 58
13 17
3 19
23 36
21 47
64 78
77 84
20 24
70 79
15 22
61 73
75 94
67 75
5 8
83 91
41 46
1 21
32 43
8 15
17 28
68 77
22 37
36 45
44 51
41 64
50 59
64 70
68 70
16 49
75 83
75 81
33 38
6 17
31 44
61 64
21 32
62 66
58 71
55 61
85 89
29 42
15 21
10 15
90 95
14 27
52 69
25 37
9 13
56 65
11 27
55 72
17 45
70 80
48 57
91 97
42 64
26 31
67 72
38 43
92 96
51 60
3 14
53 57
61 71
72 74
16 57
24 33
48 58
51 57
29 41
63 73
39 48
23 46
60 67
15 35
9 21
76 82
40 59
85 91
78 100
18 21
55 68
27 31
17 27
31 43
43 63
19 35
39 42
71 87
40 53
77 88
39 43
45 56
42 47
64 68
39 52
12 47
38 44
12 20
52 65
62 78
24 31
54 61
45 56
22 25
57 71
39 54
49 61
11 22
3 13
6 15
83 88
53 62
67 78
37 45
69 86
18 24
75 81
85 92
51 60
73 86
52 63
50 75
9 16
57 61
31 44
77 82
27 37
80 82
3 30
45 61
30 44
69 73
27 35
77 87
83 88
64 68
94 96
86 88
11 43
33 43
14 31
78 99
5 11
27 66
34 47
23 26
3 8
52 64
75 87
8 15
23 38
26 36
57 68
38 45
5 14
71 78
3 12
91 93
89 99
93 98
92 97
1 5
52 59
53 61
74 77
83 89
81 97
20 27
48 57
15 29
15 37
20 21
75 78
38 39
26 31
33 38
1 6
64 69
37 43
64 78
36 39
73 100
81 87
75 99
23 34
53 58
16 22
49 57
61 65
55 64
71 88
15 27
68 78
5 11
70 74
61 72
30 51
71 95
4 10
29 38
27 31
19 24
31 50
81 89
25 32
2 14
38 59
72 84
6 19
45 69
70 72
11 26
21 32
10 36
8 26
5 21
20 34
5 62
33 41
26 39
46 59
1 3
45 53
43 50
70 82
60 64
49 63
84 91
28 43
58 88
41 63
11 20
42 64
43 65
9 20
9 19
81 92
26 40
7 14
6 17
78 91
13 16
41 44
84 90
11 22
13 22
8 33
85 90
24 33
84 97
52 55
93 98
65 77
21 23
77 93
52 57
2 16
14 20
22 35
44 56
86 99
29 53
16 23
17 26
10 13
43 52
74 89
48 55
72 82
57 64
43 58
84 95
40 49
4 15
7 10
14 24
79 83
86 95
3 15
93 96
26 49
53 58
7 14
54 65
61 64
40 44
33 37
56 62
77 93
52 71
23 35
50 62
52 66
1 5
45 56
62 64
49 58
17 23
92 96
28 39
77 92
36 39
40 77
54 67
17 23
87 91
53 55
56 72
41 55
54 72
55 78
94 98
43 61
47 52
3 16
2 9
37 61
17 52
73 95
82 92
51 72
61 67
38 42
80 91
67 70
29 37
78 95
9 17
69 79
67 74
34 45
12 23
6 25
61 68
37 52
38 42
92 94
8 11
16 29
19 27
41 49
55 90
19 24
56 63
37 50
11 20
4 33
44 53
38 42
56 67
11 19
82 86
14 56
50 58
2 20
60 66
88 100
80 93
18 34
78 83
35 60
35 37
19 48
56 61
8 38
16 29
67 78
11 16
9 15
90 94
40 43
27 54
35 53
25 39
64 69
63 65
57 62
20 39
31 43
43 48
86 93
5 13
53 61
4 6
51 57
23 31
9 23
22 26
45 52
2 19
66 77
16 24
80 87
51 59
80 85
62 70
6 11
52 58
6 13
71 86
92 94
58 70
33 38
4 17
52 57
87 91
54 84
34 44
52 53
82 90
54 76
39 53
38 41
65 68
46 61
65 74
4 16
3 22
61 95
79 83
70 77
25 32
67 76
91 98
69 73
52 59
14 21
8 24
58 64
4 29
13 19
93 98
36 47
24 33
10 30
42 53
43 50
17 20
9 19
81 92
63 76
88 99
20 26
77 97
27 40
15 21
48 50
84 98
32 39
85 95
51 53
51 67
84 88
79 88
23 31
15 43
54 63
65 74
30 44
30 36
86 97
91 97
79 89
25 40
27 34
94 100
25 36
70 79
10 16
85 90
28 39
2 7
34 38
79 82
88 96
52 64
89 97
29 41
23 35
55 61
46 51
54 58
57 60
9 12
3 19
84 92
70 82
75 82
28 37
12 21
27 45
71 94
30 41
24 27
27 61
8 21
19 27
29 39
60 73
30 45
41 54
67 89
69 76
27 31
44 50
2 8
4 7
78 84
77 84
9 21
82 89
16 23
74 83
23 31
18 26
32 42
49 63
42 54
32 37
33 44
63 94
85 96
80 91
49 64
74 83
39 47
26 38
79 89
32 57
81 96
13 30
62 66
56 64
39 43
5 25
39 57
40 54
47 66
36 39
30 68
32 49
56 100
80 82
70 80
44 56
5 15
64 68
35 47
20 51
50 59
3 34
4 8
15 47
3 6
80 95
35 38
83 87
25 31
82 97
14 22
64 75
90 95
25 31
69 75
8 14
70 76
39 48
9 19
2 43
4 12
37 71
44 58
55 71
21 50
62 73
75 90
49 69
45 72
8 17
35 41
84 88
74 83
27 35
26 30
54 60
63 76
21 26
8 13
80 93
54 64
1 7
54 67
32 53
32 53
47 51
22 51
77 82
55 66
60 66
67 90
31 43
22 25
5 25
4 12
56 64
66 78
6 10
18 29
59 91
7 15
7 10
75 77
40 54
48 65
1 5
34 40
35 42
85 90
69 78
25 29
83 92
49 61
68 71
38 66
14 30
56 58
30 39
23 34
7 12
46 58
83 90
28 37
11 17
50 54
38 50
5 12
79 87
8 26
10 25
69 76
6 16
57 60
72 79
30 41
29 56
3 16
68 82
18 21
77 100
24 38
71 92
47 59
15 27
65 77
8 16
70 90
27 35
35 41
23 35
62 87
53 87
25 32
57 60
69 82
3 10
36 55
36 41
74 85
26 34
41 66
72 79
26 33
86 90
95 100
43 45
18 29
30 43
70 79
31 41
79 85
86 89
28 43
71 76
17 39
33 49
71 82
79 81
53 61
38 47
67 79
16 28
39 45
15 20
64 68
13 32
70 79
91 95
80 92
85 97
61 67
29 44
52 59
15 28
21 24
42 53
6 17
82 86
16 23
72 93
41 54
32 40
33 37
48 54
60 65
35 55
23 37
93 100
39 59
85 90
36 46
77 97
58 93
17 31
48 54
54 60
13 21
73 80
72 89
20 31
5 26
68 77
31 40
18 29
76 87
75 93
67 80
29 40
62 81
10 23
61 70
76 80
10 18
2 25
91 99
20 39
79 95
25 42
78 88
79 100
23 38
90 96
62 72
83 97
16 23
81 92
65 90
81 88
80 89
87 98
65 80
32 36
22 27
90 96
45 78
83 91
52 73
20 26
25 32
74 77
92 99
4 24
76 85
58 79
49 80
34 42
79 84
7 24
42 62
70 86
15 41
74 85
13 24
71 80
63 69
35 75
6 16
31 45
1 19
20 42
4 18
24 30
23 45
55 69
7 15
34 49
65 72
79 83
57 60
94 99
83 94
74 83
89 100
81 90
56 60
42 50
30 46
67 75
13 14
52 61
19 62
76 80
85 92
40 44
40 59
81 88
53 56
69 81
51 98
17 20
12 21
41 48
55 61
80 85
1 7
33 42
51 61
36 44
33 39
48 73
51 67
56 60
59 69
57 63
17 46
33 42
13 25
2 16
34 37
30 44
31 49
77 89
88 92
9 14
43 53
20 26
47 57
38 50
23 31
38 55
8 15
31 42
47 55
68 80
27 29
40 53
6 11
85 93
39 45
94 97
43 53
44 48
26 41
54 58
4 19
75 80
83 91
15 29
68 79
6 16
37 45
68 81
59 64
24 72
78 93
44 55
81 87
56 66
36 46
49 59
9 40
93 97
11 21
64 73
69 85
28 39
66 69
74 92
65 78
14 25
82 83
1 7
54 62
64 77
42 49
67 79
26 40
64 74
56 60
50 61
70 80
35 44
21 32
28 41
73 82
12 25
70 76
31 49
46 70
55 60
64 78
59 71
67 79
71 85
91 97
12 21
84 90
11 16
10 23
8 12
18 50
71 81
53 59
68 77
46 55
38 42
66 79
65 78
64 84
43 59
83 95
39 43
3 10
7 12
27 52
42 58
7 23
55 65
64 70
89 92
61 79
45 59
60 67
1 11
36 49
80 90
89 97
29 38
76 86
31 37
43 46
49 53
23 29
61 63
58 66
4 6
45 54
3 7
12 28
56 60
65 72
36 41
79 90
48 57
56 74
47 52
58 70
4 10
12 19
42 57
74 89
5 18
47 61
81 90
92 98
61 77
1 5
39 45
82 87
38 42
33 46
61 76
30 33
12 30
51 57
55 68
68 78
45 54
92 100
65 83
55 58
74 83
5 18
91 97
50 55
71 76
9 16
21 26
48 52
27 37
86 100
7 17
38 44
86 91
34 65
87 94
6 25
85 89
17 24
37 51
5 13
40 43
79 84
9 20
34 41
65 69
1 10
44 56
18 22
55 99
1 20
8 12
56 60
5 10
77 88
2 9
87 98
9 17
71 76
37 41
35 38
44 48
84 97
75 82
1 9
60 70
66 68
41 72
56 65
33 42
46 68
16 22
16 22
23 33
66 84
75 80
29 43
69 92
51 67
14 18
82 93
62 80
50 63
14 18
63 68
8 21
31 44
58 95
5 40
82 91
13 27
1 4
51 62
6 15
36 54
1 11
8 23
67 83
39 50
53 69
65 72
40 49
7 28
78 89
5 7
44 63
76 84
40 50
33 44
87 99
81 91
58 81
57 68
10 27
52 62
51 86
88 96
13 15
60 72
77 94
77 82
41 44
83 99
35 68
77 84
27 45
11 21
76 87
18 20
68 96
68 87
73 95
52 71
43 49
63 67
24 28
35 43
33 58
55 64
51 57
67 82
78 84
54 64
25 29
10 17
62 70
71 88
51 64
79 86
61 79
7 14
31 54
55 68
62 68
74 78
67 82
33 52
77 91
86 91
8 13
22 26
26 35
59 66
31 38
43 48
97 99
13 17
25 33
37 47
76 79
30 40
61 63
82 90
35 41
51 59
13 31
48 53
88 95
81 83
44 56
46 71
4 18
37 43
21 25
78 96
35 46
22 25
79 92
91 97
47 56
17 49
29 32
30 53
18 22
28 43
71 86
8 31
76 81
58 73
74 85
31 52
26 40
17 44
57 61
24 31
13 16
63 74
52 60
35 50
41 51
80 90
4 14
74 87
76 90
21 36
65 77
3 8
30 59
17 38
5 13
70 77
32 46
81 92
92 96
15 33
36 42
72 83
7 16
73 77
14 25
23 34
76 78
30 40
64 88
58 65
38 52
31 47
70 91
18 44
4 14
37 55
25 34
19 31
69 88
78 84
10 22
60 67
42 55
44 55
7 16
68 76
69 76
36 37
72 92
64 69
75 80
11 18
63 74
59 79
76 80
41 45
77 88
22 29
74 83
60 80
24 27
11 28
30 40
77 95
20 29
45 57
60 75
22 29
36 40
34 37
66 77
92 93
7 67
64 74
23 33
54 84
37 43
56 66
43 55
37 49
33 39
52 60
52 55
56 67
34 43
30 35
61 68
55 67
19 35
20 26
76 81
11 25
20 51
60 63
14 31
47 62
27 30
31 47
4 19
75 80
46 51
55 61
43 59
59 71
89 96
74 81
68 100
37 43
45 50
7 13
63 73
45 49
43 48
71 86
43 53
30 33
73 82
43 49
5 11
69 73
29 39
2 6
92 98
79 92
75 82
66 94
73 77
52 88
37 52
11 38
81 87
3 13
64 74
93 100
48 60
15 35
1 5
49 58
80 86
55 65
5 11
49 60
44 66
92 100
27 39
69 77
63 81
37 56
87 91
74 86
12 45
38 39
43 53
62 64
59 72
36 60
36 49
69 72
75 88
53 67
80 87
34 43
14 27
12 25
47 86
43 49
64 73
27 49
27 31
77 88
59 62
55 62
39 47
61 66
20 25
79 96
1 8
86 90
90 99
12 20
86 93
93 99
35 38
4 19
7 16
8 13
7 20
21 42
24 50
89 95
11 21
31 36
75 78
17 24
35 40
3 9
58 61
25 31
74 79
87 97
52 69
62 64
14 23
61 79
31 38
72 83
58 62
32 37
24 38
13 20
57 63
27 32
87 95
16 28
36 50
30 44
62 74
60 77
59 64
74 81
5 24
35 41
11 25
37 45
47 58
61 69
26 51
12 15
74 85
30 41
61 64
7 27
30 44
8 13
35 50
30 57
5 16
14 36
78 82
52 63
28 38
44 56
47 72
48 53
70 82
56 62
49 61
18 27
22 27
3 16
24 27
93 98
40 52
33 37
46 63
58 79
64 67
28 52
50 81
10 58
70 96
80 84
68 76
66 77
8 21
96 100
8 53
58 78
2 6
53 59
68 77
17 21
92 97
94 99
89 100
13 16
76 87
51 69
69 86
45 68
16 24
73 75
92 95
86 96
33 46
61 68
23 33
7 13
45 51
7 14
66 79
83 92
68 82
8 28
24 32
24 31
63 86
37 45
86 93
4 11
22 27
29 38
46 73
67 73
15 31
90 95
78 99
78 85
58 70
21 29
10 22
18 21
26 55
19 26
26 31
19 28
44 51
73 93
68 73
59 68
43 50
59 67
63 71
66 80
39 53
14 31
68 72
67 87
53 60
37 87
55 61
41 48
18 20
19 24
38 44
87 88
37 44
36 46
72 77
81 97
51 61
35 40
55 58
54 59
80 91
69 97
88 90
12 24
1 16
15 27
7 10
76 87
60 68
33 51
26 36
5 8
93 99
78 83
6 14
37 42
49 58
93 100
45 58
12 29
24 32
32 42
43 56
67 85
16 25
40 50
44 50
9 18
77 91
55 64
21 29
76 91
19 33
58 86
45 53
69 81
89 98
62 64
5 17
69 86
89 95
14 24
27 32
91 94
64 66
82 93
10 19
10 19
39 63
50 55
28 37
31 39
58 67
80 86
81 92
45 50
37 47
61 74
44 51
8 24
44 47
90 94
80 88
53 73
19 29
49 85
73 81
6 16
44 55
45 56
23 27
3 9
36 55
52 61
82 93
66 74
6 11
42 51
64 100
12 19
25 35
25 27
1 11
63 77
1 37
73 95
13 18
1 22
47 67
75 90
49 55
43 51
69 92
90 100
68 77
25 56
44 47
96 100
65 78
47 52
60 73
47 54
82 96
7 11
41 48
56 65
7 13
46 62
88 96
81 86
37 47
76 82
11 34
38 50
32 54
87 95
54 64
11 18
44 70
58 68
29 49
70 81
80 86
35 41
41 63
28 43
90 91
9 16
90 96
89 94
55 73
56 63
72 83
58 85
78 100
39 45
85 94
1 5
57 88
14 25
89 98
67 72
7 28
1 22
7 26
39 42
29 36
65 73
31 39
93 98
14 29
58 66
15 22
81 92
16 29
25 31
57 65
71 83
64 74
70 84
60 69
24 46
13 26
25 27
94 100
5 12
38 45
21 32
59 67
79 87
6 25
22 43
76 78
64 75
62 77
35 48
35 44
39 45
34 42
47 52
20 25
41 54
10 17
43 53
51 63
9 17
85 87
81 86
40 51
55 62
29 39
2 14
2 15
64 70
10 19
73 77
15 26
73 79
92 100
21 24
19 30
15 21
50 53
7 10
5 12
88 95
37 44
98 100
12 27
74 99
33 53
7 15
8 15
77 89
65 77
52 63
53 60
43 57
74 79
13 21
57 67
80 93
77 79
50 57
15 33
58 69
48 60
87 90
39 57
69 83
72 77
93 99
4 30
83 91
85 96
8 15
34 55
85 94
45 89
61 84
14 23
90 99
4 9
76 96
62 78
70 83
69 72
54 67
3 29
62 74
8 12
54 67
74 93
62 64
28 37
41 57
23 35
63 77
71 84
71 78
71 78
77 89
76 88
59 78
27 35
47 57
35 44
57 64
7 24
17 32
46 51
28 37
22 28
69 78
35 44
42 55
58 65
40 45
27 40
47 57
18 38
20 26
21 30
1 16
17 39
36 43
90 95
63 78
22 36
6 13
52 70
18 35
8 13
15 42
13 46
72 75
37 67
2 12
21 26
92 96
5 7
37 51
6 20
69 76
58 96
62 75
53 59
36 41
29 40
19 28
54 57
29 45
17 29
4 18
46 55
4 28
39 45
47 53
85 94
23 33
64 71
8 13
81 96
18 28
29 47
71 74
59 61
48 65
20 25
23 39
9 27
63 78
78 89
52 68
41 56
16 21
90 97
28 31
25 71
56 65
26 34
20 34
82 91
57 67
12 39
22 32
41 70
47 61
79 90
59 62
9 14
38 42
26 39
8 34
41 53
25 38
69 74
73 89
29 47
89 95
75 94
71 77
52 60
33 48
30 37
79 96
12 16
32 36
64 71
15 24
45 52
31 38
1 6
9 14
81 91
84 100
44 57
25 32
76 78
63 96
47 62
73 91
60 64
82 91
23 33
20 25
48 53
21 37
90 95
35 41
15 23
20 29
52 70
64 71
9 14
92 99
22 28
29 39
34 42
33 48
78 90
32 40
7 22
38 47
53 57
46 57
84 100
23 28
22 40
42 49
7 25
28 39
20 25
72 73
80 88
10 16
52 66
24 36
88 100
36 50
61 87
89 99
80 84
55 64
16 23
4 11
59 65
50 59
65 80
37 43
27 35
16 19
42 45
65 79
51 70
80 82
26 41
82 86
41 55
41 48
76 91
83 98
71 79
54 63
43 64
17 35
61 72
82 84
64 67
14 33
50 62
72 77
7 20
19 28
10 20
18 22
61 73
86 92
15 20
50 57
58 62
82 98
21 24
87 89
47 58
44 52
90 97
37 56
55 88
22 25
56 62
66 70
16 25
24 31
33 38
81 88
52 59
38 50
26 36
30 35
83 95
85 91
38 49
40 53
20 34
69 90
19 30
26 35
9 18
61 72
86 100
12 34
13 24
23 38
54 58
1 25
63 82
76 83
46 52
14 20
36 47
74 83
72 83
36 40
27 36
22 63
51 73
22 29
71 78
79 96
16 21
49 57
5 11
49 53
18 30
36 40
53 66
25 36
72 78
12 17
37 41
42 49
59 74
27 38
53 66
39 47
5 12
46 59
54 58
63 67
22 30
63 70
78 80
52 62
77 97
35 44
1 9
36 56
78 97
84 87
22 36
80 88
76 82
29 34
11 53
43 54
57 63
33 43
44 52
45 53
88 95
46 58
64 74
22 41
77 82
28 39
53 62
82 97
45 53
9 35
3 16
65 71
64 76
17 26
40 44
39 66
19 30
9 35
16 23
67 72
9 23
4 20
79 83
37 49
64 73
44 56
57 63
75 94
78 91
90 98
82 93
61 64
72 80
35 49
35 42
45 57
42 48
58 61
16 29
85 89
48 53
11 19
84 97
55 66
5 15
56 65
36 44
69 78
8 16
81 89
34 38
79 81
42 72
89 96
33 39
5 9
26 47
77 81
92 100
5 8
28 38
14 28
67 72
60 69
49 97
71 73
19 25
66 72
73 81
70 80
82 95
19 28
74 81
25 29
56 65
21 29
47 58
6 21
80 92
30 45
89 98
11 25
1 14
75 81
45 64
49 57
64 80
53 64
29 34
35 51
71 86
74 91
38 53
54 75
74 77
19 28
44 56
14 32
56 87
5 33
76 93
19 26
8 21
91 96
20 23
1 7
48 53
25 32
14 18
17 21
40 43
66 71
14 17
54 63
27 54
73 84
39 60
17 21
82 86
69 76
57 70
38 48
78 82
39 42
15 29
42 63
27 36
48 63
2 13
74 81
64 71
34 45
9 39
32 38
82 88
33 48
4 12
13 22
57 63
44 74
2 12
73 82
20 32
47 60
29 47
61 73
26 36
50 57
80 96
6 10
10 19
82 88
21 25
48 55
48 62
49 56
53 62
51 66
43 48
19 29
51 56
80 95
14 20
62 70
74 78
61 66
44 47
41 50
58 72
91 97
63 72
31 46
1 20
36 42
6 17
45 56
69 73
40 45
22 32
12 18
36 51
60 73
55 85
43 55
20 33
25 29
14 18
15 24
55 78
60 69
21 36
9 13
83 91
22 27
40 46
51 55
51 57
42 56
62 64
8 14
45 54
63 78
62 68
62 67
74 86
9 14
18 21
73 82
35 39
6 15
80 90
37 41
70 76
3 40
52 68
47 56
37 45
75 77
20 36
38 44
90 98
31 62
88 100
64 70
10 44
56 73
5 8
44 54
15 20
66 82
4 11
77 93
30 34
68 81
63 76
46 56
63 79
24 27
38 45
5 10
60 82
25 35
20 52
36 39
56 68
7 9
62 73
45 50
38 48
75 82
85 95
69 82
58 60
73 75
62 67
62 67
54 58
33 37
81 88
83 92
74 94
62 67
14 32
76 94
60 69
39 51
64 78
21 25
45 48
42 45
13 17
74 83
53 66
60 77
7 23
19 27
83 85
23 40
48 66
21 26
84 87
83 91
51 57
12 23
62 93
71 80
61 69
25 30
30 32
60 91
22 33
3 11
74 84
40 56
80 86
40 59
21 56
83 91
82 96
15 40
5 13
8 13
95 98
40 67
84 89
15 18
39 43
84 90
22 36
24 27
83 96
8 23
37 45
59 63
80 85
64 76
34 40
8 11
31 33
2 10
71 91
88 99
2 36
30 45
5 8
39 48
33 65
46 63
90 98
56 62
59 71
22 34
76 94
67 73
14 20
63 91
11 25
3 16
15 25
29 32
75 82
66 78
12 19
28 32
84 93
19 25
31 42
91 100
61 76
48 57
22 43
90 100
39 49
82 91
40 43
19 29
53 72
60 67
63 67
47 57
3 21
82 89
13 17
9 22
11 15
4 17
48 53
41 46
39 45
69 72
82 93
7 16
10 19
89 98
14 18
87 98
14 23
37 53
6 13
62 65
32 36
47 61
13 25
57 65
2 21
66 72
39 42
82 87
39 61
14 19
68 93
25 41
39 59
44 52
74 81
18 30
68 75
69 87
92 99
10 21
96 100
53 60
40 65
16 33
86 92
45 60
33 45
78 94
44 69
15 36
65 80
80 86
42 48
5 14
62 71
41 60
29 43
78 82
54 70
12 24
43 48
5 16
57 58
11 26
5 11
28 41
31 43
4 34
82 87
96 99
51 69
65 74
3 13
50 62
12 19
41 46
14 28
21 40
13 22
58 74
26 39
93 97
88 94
26 30
62 65
88 96
60 68
80 87
54 68
59 63
43 49
60 69
43 62
78 81
85 94
75 83
13 20
34 60
13 19
21 25
13 19
92 96
58 69
29 37
54 65
15 21
50 66
46 63
71 74
9 39
51 62
61 72
76 79
7 14
12 18
55 65
5 19
8 13
77 98
22 30
61 68
79 90
1 14
89 96
80 85
78 95
21 31
83 86
55 73
13 19
74 83
10 22
38 54
38 45
72 78
36 64
3 10
52 59
24 34
29 44
28 32
40 44
82 87
14 18
83 89
36 40
51 61
46 71
54 69
21 28
15 35
30 42
71 91
8 24
17 41
7 11
22 41
71 84
14 49
72 79
83 88
81 83
67 86
44 50
50 53
38 42
33 41
7 18
6 20
74 87
55 65
87 94
65 75
30 37
40 42
57 67
49 59
4 24
80 95
54 66
43 63
52 66
40 45
7 12
86 93
29 44
81 83
66 73
11 19
91 97
41 44
37 72
4 15
47 74
65 73
35 43
69 84
55 60
35 42
39 48
77 84
20 26
79 95
69 85
27 34
75 83
25 31
82 87
68 80
56 64
40 44
28 43
76 81
32 38
1 14
24 28
38 43
22 40
31 46
18 25
21 26
86 100
9 22
41 46
45 53
29 49
52 56
12 57
80 90
2 41
84 94
14 21
77 83
79 84
16 29
73 77
75 91
40 58
39 54
93 99
9 15
78 90
48 54
69 79
7 19
25 35
11 24
50 60
58 70
91 100
96 100
17 29
91 96
54 64
74 81
35 41
18 31
28 37
24 34
79 89
35 43
19 28
11 18
13 22
54 59
27 49
75 93
86 93
49 78
91 94
58 63
54 68
92 96
28 29
32 34
22 34
42 58
37 40
18 25
73 89
73 76
28 36
40 56
90 100
68 77
29 42
54 73
28 48
85 99
33 49
20 27
65 76
79 92
7 20
88 100
47 62
62 76
83 96
45 47
71 89
70 92
8 12
14 26
71 84
88 93
84 89
38 52
10 19
69 94
5 10
34 41
65 77
53 65
30 38
11 16
45 54
43 47
72 85
49 62
6 12
17 25
81 95
95 97
26 33
46 49
31 44
68 79
67 77
92 100
34 45
12 30
61 70
35 39
64 73
7 19
4 12
14 24
92 100
25 38
20 30
30 38
55 65
67 80
37 40
53 61
24 33
24 33
7 12
46 48
66 75
29 46
23 38
8 19
61 85
27 41
14 29
34 62
41 54
24 30
44 50
76 91
56 63
19 42
76 89
66 78
82 97
89 94
61 69
49 59
40 64
2 23
2 17
76 83
33 44
15 24
56 63
75 86
59 64
48 56
57 65
30 36
21 35
44 51
14 29
96 98
28 38
13 43
49 56
74 87
18 25
88 100
71 77
44 71
43 56
55 66
39 47
48 70
48 63
4 11
15 72
10 17
86 96
52 64
68 77
62 76
34 59
71 79
59 65
5 8
58 70
51 72
80 84
15 20
35 46
48 56
16 21
44 58
45 60
33 43
25 29
41 49
71 75
59 98
29 39
94 99
39 61
89 100
72 92
12 23
89 99
93 97
12 23
34 56
19 34
36 41
77 86
24 51
37 41
20 29
57 67
6 8
89 97
49 60
79 92
78 85
60 67
52 57
83 100
79 99
22 25
9 22
75 89
43 47
81 90
16 21
81 94
77 87
90 98
78 95
2 10
16 27
61 71
18 31
10 14
53 61
26 35
86 88
86 88
46 79
48 54
55 63
69 77
83 95
70 76
48 61
25 44
3 18
47 63
13 14
82 96
22 48
79 91
49 57
77 92
74 85
21 33
81 85
35 46
45 54
86 97
50 68
40 43
12 16
79 95
39 48
93 99
83 85
8 15
68 75
59 93
49 55
58 74
41 45
84 90
41 47
52 67
31 48
15 18
41 49
94 99
32 40
18 24
86 92
93 99
55 73
63 68
39 42
1 13
57 78
83 95
3 12
72 81
18 21
86 97
27 40
77 88
84 89
27 37
92 100
54 72
64 66
37 40
13 17
65 71
67 94
80 88
79 85
56 66
18 23
54 59
38 52
61 65
91 100
71 79
65 76
68 83
25 34
40 50
48 64
54 69
82 92
87 90
81 92
7 9
78 89
11 16
43 47
51 53
94 98
47 55
38 51
29 50
84 94
12 29
44 64
23 31
79 81
55 63
30 40
72 79
44 63
40 51
19 26
79 87
75 87
11 32
26 31
26 34
23 34
70 73
12 21
17 26
47 60
80 83
66 80
50 53
2 14
48 53
58 64
57 59
8 15
22 36
13 21
56 68
43 56
69 81
49 51
59 68
48 59
52 65
58 75
80 87
50 83
75 84
9 13
62 71
75 94
94 97
4 14
76 98
44 55
90 96
36 43
39 44
33 39
70 81
55 66
38 51
27 34
13 16
83 90
71 86
61 69
55 57
14 26
14 21
63 73
81 93
60 78
73 80
9 24
13 23
18 22
74 82
43 48
12 21
13 24
48 59
35 38
57 72
77 84
2 12
86 91
18 28
35 38
71 80
39 43
50 57
67 75
45 52
55 73
65 78
86 96
72 86
29 32
2 12
61 73
20 25
83 95
24 40
22 37
43 49
4 19
66 72
5 8
56 61
37 68
21 39
80 91
36 41
45 60
50 53
70 76
78 85
46 69
37 41
80 88
6 22
55 63
87 100
30 37
58 65
74 88
4 13
6 35
51 69
49 57
2 6
5 19
3 7
72 91
82 88
54 63
43 48
87 92
41 48
32 56
32 39
61 66
40 51
91 96
92 97
23 29
21 35
93 99
20 24
67 69
19 46
75 98
68 83
13 22
72 78
26 49
61 67
24 35
5 31
13 20
85 93
21 28
13 17
37 51
54 62
55 64
6 25
61 84
49 54
84 96
85 96
31 36
53 100
11 36
31 37
75 83
90 96
67 75
44 49
3 25
2 6
84 97
26 44
85 95
49 61
58 61
11 17
87 100
38 46
43 84
50 68
12 28
71 75
85 91
91 100
23 37
85 95
2 6
70 85
3 9
32 39
46 51
87 89
36 52
84 87
74 84
75 85
89 92
42 46
51 55
42 53
91 100
66 75
43 51
48 74
61 71
29 52
60 71
74 80
84 89
27 43
21 39
12 17
2 19
80 86
51 52
84 88
13 24
57 73
17 20
25 37
24 39
12 25
81 98
48 56
40 52
23 39
90 97
21 28
8 9
60 63
74 96
21 29
77 89
22 26
23 30
7 14
62 71
35 52
33 38
55 66
49 57
72 77
56 68
12 25
51 54
16 24
3 5
59 78
41 57
6 15
69 76
51 62
36 47
17 27
80 83
85 90
22 28
88 99
26 42
55 80
18 31
83 88
80 90
53 58
35 43
19 36
53 66
27 78
34 41
8 11
87 94
24 30
6 19
66 94
36 53
69 71
74 82
10 23
37 38
35 59
52 61
80 82
40 57
85 94
23 36
24 37
14 19
62 83
81 86
54 71
2 15
17 24
56 74
39 52
33 43
5 25
29 44
34 52
43 94
21 36
91 96
90 100
10 16
26 40
48 55
55 65
29 32
24 29
10 19
49 74
22 35
1 17
4 14
37 55
11 18
46 62
2 5
83 94
75 84
56 70
14 20
92 96
64 68
77 95
15 32
59 83
57 76
51 58
38 45
19 25
28 30
34 47
78 84
79 85
3 7
42 44
46 49
29 43
7 21
38 52
16 19
87 96
24 30
74 88
63 71
1 13
35 39
10 27
62 71
82 87
24 30
40 52
73 86
54 68
4 19
21 40
8 37
42 48
8 36
74 79
79 100
6 17
66 81
50 63
63 71
59 86
44 51
24 26
4 10
72 82
19 25
41 63
35 45
35 40
58 69
62 68
17 26
63 72
29 54
88 95
59 66
73 88
22 34
75 98
85 95
77 84
54 69
43 58
13 26
7 11
42 48
31 38
16 24
17 22
43 49
69 79
92 99
30 35
40 46
32 38
57 60
46 55
4 22
34 40
75 82
72 79
21 33
83 96
50 57
17 37
13 28
70 83
24 31
12 13
31 38
53 58
70 78
35 44
55 71
70 84
31 42
39 53
93 99
18 26
33 41
18 39
46 53
26 31
55 56
94 99
5 11
65 79
56 65
37 44
9 14
28 42
77 86
72 76
13 18
51 56
61 84
54 57
1 19
52 58
94 97
79 85
8 19
2 4
48 59
44 47
27 39
13 19
47 54
71 77
84 95
9 15
15 39
43 62
19 26
21 25
65 69
23 29
56 68
26 32
49 59
17 22
6 10
20 25
41 50
74 81
65 70
7 30
58 77
36 39
94 98
38 43
71 75
77 87
40 59
75 76
8 13
12 18
2 17
81 87
7 14
90 92
10 15
24 35
41 52
90 95
11 27
40 49
64 78
58 63
37 38
62 72
24 31
78 86
31 46
76 88
82 94
78 92
40 56
38 47
6 20
37 48
38 65
5 46
13 21
54 59
81 86
75 81
22 28
81 97
8 24
26 32
31 41
11 21
32 46
26 33
34 54
58 61
87 100
70 73
18 24
31 36
10 17
46 57
70 74
92 98
61 69
49 63
84 95
30 44
79 87
85 91
85 96
35 43
61 79
55 57
4 24
50 65
27 50
72 81
9 21
22 40
34 38
81 91
70 83
36 45
10 35
4 6
20 28
28 37
29 43
70 77
6 11
80 100
46 54
59 69
21 24
46 56
54 68
27 54
22 28
64 71
18 20
56 64
48 61
5 33
38 46
36 45
48 58
69 79
73 83
72 89
82 100
75 85
74 78
25 30
17 39
17 47
37 45
19 26
28 36
87 91
58 67
89 93
15 32
84 90
54 69
59 69
60 82
14 19
57 81
25 27
7 11
4 12
83 87
58 63
59 69
47 64
46 51
77 89
77 100
6 15
65 68
22 29
4 17
80 99
38 59
52 57
16 33
75 89
70 80
6 19
74 86
16 22
67 76
69 97
29 37
59 71
20 27
77 82
13 21
30 44
17 22
18 30
31 53
63 94
17 21
55 64
60 74
6 43
75 82
34 41
51 57
76 87
18 28
38 48
51 55
25 28
75 79
5 13
82 90
55 67
28 42
82 87
6 15
53 68
20 44
54 63
64 74
57 64
28 47
33 41
76 82
5 11
67 72
19 23
33 49
15 30
59 64
60 79
10 21
70 74
4 14
77 84
42 46
90 98
1 6
77 89
85 95
14 25
15 27
21 26
10 16
38 41
4 11
13 17
8 15
70 78
23 42
53 82
27 33
35 40
56 67
76 87
8 11
47 55
26 32
76 87
4 6
70 86
40 52
87 96
39 44
48 61
25 33
91 99
19 28
17 34
70 80
46 84
64 70
19 25
58 61
12 18
68 74
56 83
43 62
38 45
52 55
56 60
87 93
77 88
38 66
65 70
91 98
19 25
12 20
61 82
71 83
12 28
11 28
64 99
60 66
79 99
80 88
13 30
81 93
5 27
55 60
30 36
69 76
27 32
83 87
2 9
29 34
79 88
76 83
31 35
14 27
63 68
51 62
44 76
42 63
94 100
56 60
27 37
54 65
59 100
84 88
85 91
72 90
89 96
47 69
3 16
14 28
59 70
8 15
76 86
72 76
68 74
84 98
14 27
60 63
50 62
58 68
74 84
70 77
80 93
62 65
84 100
45 47
24 34
50 62
49 53
24 56
80 81
8 20
60 64
47 52
50 58
87 93
41 52
82 94
70 79
62 67
64 73
14 19
59 66
21 37
68 74
37 44
52 60
58 61
31 34
16 21
39 40
13 17
88 98
5 17
62 67
75 87
79 82
25 29
25 35
25 30
59 67
2 14
85 95
72 79
9 29
31 45
13 15
77 84
59 67
18 21
21 26
52 62
64 68
75 86
8 15
27 39
13 25
72 87
4 33
15 23
84 94
12 21
35 46
9 31
2 11
39 47
40 45
10 41
62 68
41 46
18 20
7 11
2 10
21 36
12 31
83 86
74 88
9 16
30 36
57 60
37 53
72 82
30 31
48 53
63 85
50 62
2 17
69 86
77 85
27 35
20 30
31 41
79 82
23 61
76 94
17 24
41 55
81 91
5 9
67 71
41 46
8 17
44 51
45 48
78 86
47 50
76 82
47 54
82 94
53 61
27 37
59 65
68 83
38 43
35 43
93 98
86 97
1 5
27 38
38 51
30 44
28 35
18 19
49 91
44 48
20 34
84 87
12 14
90 94
35 39
76 93
36 84
15 18
49 57
63 66
74 76
17 26
33 46
3 15
71 76
45 84
97 99
17 24
90 97
42 56
12 15
86 90
29 42
91 98
47 61
63 75
20 34
68 73
6 15
68 91
12 22
28 36
60 77
36 42
1 13
75 79
30 49
49 54
24 32
11 17
10 37
2 3
26 36
11 20
85 93
83 97
23 25
41 61
31 42
65 72
30 45
28 38
18 42
3 26
8 17
19 39
78 84
79 92
5 13
2 10
41 70
17 31
29 41
34 48
77 91
55 66
31 57
9 26
25 36
18 27
46 58
2 9
55 70
27 49
19 22
24 32
50 62
84 95
71 91
53 81
20 30
55 72
9 12
71 73
60 65
80 86
39 53
80 90
69 79
6 13
5 25
78 96
18 39
3 9
3 22
67 70
54 64
53 86
44 51
48 59
44 52
6 11
14 23
91 94
53 73
94 97
7 18
53 63
73 87
7 20
35 38
30 35
27 35
80 81
8 16
87 96
33 44
12 34
9 18
85 90
10 21
18 42
64 88
3 11
39 47
26 33
8 12
3 18
86 94
56 64
33 35
12 14
60 64
86 91
32 48
67 97
2 19
91 93
60 71
53 57
20 23
3 11
40 49
8 19
31 41
43 70
17 27
92 100
39 40
65 91
30 51
86 94
36 40
15 20
11 16
35 52
44 51
8 18
69 81
48 62
71 89
36 56
89 96
70 78
54 70
71 89
79 85
13 24
78 83
59 78
59 74
53 59
61 70
42 54
75 79
55 64
38 53
46 50
63 89
35 55
48 54
15 29
41 46
63 77
47 58
70 82
63 70
73 85
85 100
24 61
94 100
4 6
32 46
80 92
39 46
23 44
29 44
80 86
86 98
71 76
75 78
11 14
26 39
3 24
10 18
93 100
40 46
15 24
93 99
25 49
48 51
74 79
50 55
81 95
26 34
31 35
26 76
78 88
78 91
23 35
19 41
4 15
50 56
40 48
47 66
46 56
45 52
93 96
10 18
92 95
53 68
20 28
18 33
62 81
78 98
42 52
56 62
42 49
42 53
1 6
51 60
39 43
30 35
9 16
77 81
31 41
73 87
92 95
58 72
56 66
15 28
27 54
64 71
72 80
33 40
46 50
24 30
86 100
16 36
87 95
64 76
41 52
12 21
90 99
32 38
36 40
26 33
47 54
69 73
90 94
54 69
1 18
2 10
18 35
30 42
53 62
2 4
79 84
11 29
64 76
25 37
14 33
40 59
37 44
69 89
47 54
58 61
19 26
76 86
69 79
61 70
77 85
63 77
30 37
11 14
50 87
79 86
48 53
88 97
61 94
7 17
63 70
34 47
57 62
18 33
86 97
56 92
56 64
87 100
74 81
81 82
42 50
11 18
82 84
53 66
57 67
63 66
88 95
13 17
23 29
16 31
48 57
65 85
44 53
41 48
54 69
24 31
7 12
53 55
74 80
63 75
94 95
16 24
35 38
66 90
12 15
89 96
31 38
53 56
29 38
66 67
14 30
24 29
34 45
44 51
12 22
1 20
36 45
82 86
73 81
84 100
71 81
38 46
64 82
63 79
8 17
47 53
57 68
66 78
64 75
54 58
64 79
31 38
34 59
75 90
60 67
48 78
8 10
38 46
37 44
27 43
54 57
83 100
10 25
91 95
14 18
71 92
4 17
43 59
4 12
5 9
34 60
52 57
68 75
15 16
41 49
49 73
21 32
88 91
44 50
25 43
18 29
18 42
62 68
42 63
20 27
29 44
14 28
16 29
22 30
23 37
43 58
48 57
70 97
60 73
46 58
1 14
72 77
75 89
29 39
39 56
65 76
44 53
80 95
85 94
12 36
6 32
22 29
58 64
17 23
48 58
70 98
3 7
42 56
80 91
71 80
13 17
18 24
12 35
31 37
20 25
48 69
11 38
69 72
75 89
21 32
72 75
34 49
54 74
32 37
30 49
7 10
65 71
51 85
55 63
1 15
50 56
86 94
3 23
3 7
37 47
6 29
75 86
73 78
35 39
23 28
60 70
52 61
2 27
87 99
73 81
69 82
67 87
21 31
27 32
48 57
7 17
13 25
57 66
55 84
15 29
39 49
90 98
73 78
25 36
16 32
34 41
33 41
4 11
74 93
78 92
66 74
44 48
65 74
13 24
52 61
48 66
68 77
14 23
4 9
33 35
79 93
78 88
31 44
79 90
78 92
38 54
30 60
22 33
74 82
20 23
64 83
31 47
61 72
74 80
88 90
71 85
54 67
89 100
4 11
3 12
93 99
46 53
13 18
18 22
93 98
89 91
19 22
36 40
67 76
15 21
60 63
40 48
31 36
4 15
86 90
53 56
13 23
37 56
84 92
82 94
85 97
86 95
57 59
29 54
91 98
36 43
46 55
11 19
61 92
78 83
76 89
65 74
27 39
19 25
5 12
87 99
23 25
75 82
50 62
44 50
46 64
90 97
24 52
48 55
58 66
28 50
90 98
1 16
4 41
81 95
15 22
58 62
5 13
52 57
28 41
84 91
61 76
55 83
15 29
52 66
60 65
77 89
44 47
23 39
12 15
45 59
25 32
18 19
14 45
56 78
47 62
21 23
27 36
84 89
11 19
4 14
31 49
94 98
46 54
64 73
62 76
64 82
53 67
75 79
89 95
70 75
7 22
24 28
25 43
77 80
68 77
61 72
39 56
42 54
36 43
88 95
61 73
8 11
90 95
64 71
6 11
30 61
77 90
49 71
55 71
18 30
32 36
5 12
64 72
32 41
53 82
36 47
89 96
32 42
22 56
38 51
37 48
15 18
79 82
48 96
50 63
62 73
7 34
49 54
24 49
69 75
62 86
44 56
35 87
24 39
45 55
52 65
10 16
90 94
59 64
24 29
8 18
89 92
2 14
59 70
34 45
61 89
37 48
16 27
4 10
1 4
73 85
75 79
32 48
49 99
85 91
56 61
60 65
2 9
17 29
73 75
17 48
66 96
20 31
33 45
4 7
98 100
85 94
64 77
28 30
30 45
37 51
12 19
69 88
59 66
44 68
16 26
74 76
54 60
78 87
19 29
74 87
44 53
64 67
60 73
66 78
19 26
21 36
82 92
64 66
38 48
46 63
66 69
83 100
45 54
82 88
54 66
32 44
64 83
53 58
79 81
85 89
70 80
44 52
29 36
23 26
59 81
31 35
10 28
14 22
50 61
67 81
77 79
73 78
64 73
72 87
12 20
84 94
88 95
8 13
19 32
34 49
40 55
33 50
79 85
93 99
80 94
20 52
11 31
13 27
14 19
6 16
69 73
72 76
70 80
73 77
25 38
69 72
68 91
9 20
42 48
96 99
8 13
57 66
31 41
28 42
23 27
96 100
78 81
77 85
24 55
80 92
37 64
17 28
70 91
16 27
66 71
44 53
74 77
50 60
54 61
56 67
19 26
49 52
48 65
54 61
42 61
46 49
37 47
9 23
58 68
22 34
23 33
52 55
61 67
47 53
36 55
61 74
90 97
14 30
38 45
71 88
13 19
62 83
4 9
36 44
63 75
14 33
48 54
66 74
46 48
46 60
23 30
29 44
21 35
17 24
55 62
22 36
45 57
70 95
16 23
26 34
48 64
90 97
12 32
57 69
53 87
8 17
18 31
91 93
85 98
4 17
40 54
10 16
32 37
57 65
63 70
69 73
28 50
33 41
80 89
25 28
57 62
1 20
61 70
16 29
43 56
79 89
36 54
8 40
17 22
35 41
36 42
24 34
64 71
49 69
20 23
21 26
70 84
90 94
7 21
22 34
57 63
74 77
24 33
50 59
42 61
65 74
47 65
5 15
53 57
4 25
60 64
76 84
49 61
77 81
23 38
11 16
3 13
72 83
27 31
24 33
32 51
19 38
63 74
34 48
34 41
28 45
28 35
5 17
41 54
35 57
25 51
9 23
85 95
11 27
6 28
30 36
26 35
63 69
2 16
16 23
46 56
46 51
55 88
6 26
32 38
4 15
47 58
41 45
47 71
83 100
22 24
53 60
40 54
87 96
80 86
24 45
37 60
59 65
64 79
94 99
21 26
75 86
28 33
84 97
85 99
2 11
2 26
64 68
78 91
44 52
40 54
85 90
71 90
14 21
66 79
36 50
48 51
76 96
2 12
85 91
23 39
36 39
68 72
70 95
10 16
41 52
19 66
34 45
86 97
86 91
59 66
90 98
18 41
62 76
49 63
35 47
12 18
11 15
58 88
91 95
31 50
40 45
54 59
56 69
76 86
28 39
86 95
40 42
35 40
58 84
25 33
81 85
85 97
12 22
65 70
77 95
46 49
30 39
34 38
9 19
41 58
40 57
57 74
64 88
74 77
49 55
46 56
13 26
8 24
20 22
79 84
44 53
12 23
77 98
26 35
91 97
33 38
21 31
48 60
18 24
81 86
14 21
38 52
58 80
66 79
27 32
6 12
66 80
78 96
11 38
21 46
59 63
94 98
13 25
4 20
6 11
71 94
36 52
83 91
33 42
74 79
76 92
87 94
81 85
78 85
78 83
83 91
69 76
10 17
20 32
43 59
71 78
85 87
53 57
22 28
87 95
15 21
5 13
26 32
79 92
62 69
39 64
75 80
9 31
84 89
33 42
72 77
22 29
20 26
65 78
7 32
57 58
20 48
32 39
33 42
78 92
22 33
16 33
87 96
46 50
2 14
8 29
69 91
60 69
90 93
55 69
17 22
73 86
4 10
38 43
51 55
61 74
13 37
6 14
66 68
24 57
63 70
76 78
65 74
16 25
32 39
11 14
9 25
85 98
89 100
58 64
84 97
31 39
64 72
67 73
57 63
91 100
8 23
5 10
63 73
49 54
20 23
85 93
39 45
45 55
5 14
62 80
15 21
54 83
80 82
20 27
16 23
25 30
5 17
54 69
78 86
26 27
58 78
17 27
13 19
60 84
57 66
66 82
66 91
62 71
63 77
1 14
80 85
42 59
40 51
5 18
82 85
80 88
55 60
77 83
33 44
42 51
33 44
84 99
10 16
21 43
87 92
71 77
20 28
52 58
5 18
6 24
43 53
4 35
45 76
69 75
44 64
52 62
54 81
17 27
66 72
27 42
7 15
14 25
70 80
2 15
72 94
69 73
23 28
53 61
15 24
61 69
84 92
78 95
59 65
16 24
30 49
36 47
49 72
58 61
88 94
28 36
41 53
37 41
53 63
79 96
7 13
41 56
37 53
8 17
79 86
47 60
68 100
73 77
52 60
4 14
44 56
63 70
46 53
23 64
3 4
18 23
24 31
87 92
52 64
65 85
77 83
43 87
54 64
83 97
4 9
78 89
55 65
72 97
34 45
81 89
9 22
46 52
40 53
90 94
46 56
41 47
20 28
10 19
9 20
51 56
27 33
9 15
35 60
23 40
77 88
1 11
86 99
2 17
2 17
57 62
2 14
10 31
62 73
65 78
3 19
2 9
39 70
71 81
25 49
23 30
28 31
11 16
50 56
20 29
8 28
58 61
42 49
4 17
62 77
56 62
93 100
62 76
39 46
22 30
27 29
79 83
4 27
42 50
71 87
5 20
95 100
16 18
74 82
8 14
11 17
40 45
70 97
61 73
39 53
27 32
24 26
82 89
59 64
52 59
15 25
84 90
35 40
32 35
28 35
35 44
31 41
8 11
66 72
18 42
88 96
73 86
29 41
21 43
15 23
22 48
30 45
34 37
32 38
40 44
79 86
32 36
8 11
62 69
66 76
62 83
43 57
44 68
76 87
82 91
39 47
17 27
46 54
5 12
14 33
49 78
76 94
52 67
80 98
11 14
4 27
71 79
6 15
85 94
6 28
78 88
56 66
70 80
78 89
10 17
51 63
41 53
76 95
53 70
90 99
11 26
14 25
45 64
74 86
74 83
77 91
20 53
28 53
4 15
3 19
61 78
60 76
49 62
87 98
81 89
75 90
21 24
58 73
58 69
22 32
19 22
50 54
69 90
33 51
38 66
11 18
75 79
32 37
24 29
69 85
38 40
59 65
58 99
48 53
47 54
81 90
61 69
34 42
55 65
82 93
46 63
85 92
76 87
23 30
88 98
43 46
38 51
14 22
77 89
94 100
34 41
90 99
17 26
14 16
58 60
59 63
42 59
43 51
30 34
23 38
9 14
61 76
65 74
70 81
44 59
51 61
32 41
57 61
87 95
3 9
25 30
63 75
28 31
93 99
42 48
41 81
53 56
16 25
43 56
64 83
39 54
57 70
84 99
41 52
3 14
32 41
4 15
72 74
43 47
77 90
52 55
13 30
77 94
35 44
66 77
55 67
10 17
33 46
24 41
63 73
18 26
44 47
46 56
81 88
15 28
12 44
77 85
44 67
90 98
91 98
40 51
6 15
78 89
83 90
68 77
21 32
61 68
57 70
63 68
48 55
61 68
8 16
43 48
43 49
16 27
80 94
60 65
4 12
16 27
10 38
42 60
60 99
10 35
27 53
54 65
74 90
61 68
35 49
82 87
91 98
81 92
77 92
16 28
2 17
20 37
14 17
62 68
18 39
37 43
32 40
2 30
54 59
65 68
10 29
55 59
92 99
62 64
53 63
73 77
51 57
70 86
40 44
49 53
74 88
14 24
34 41
26 34
20 29
40 65
46 56
49 62
67 72
68 82
18 27
10 14
85 94
51 61
82 90
4 11
55 67
55 66
8 15
86 98
74 94
17 27
24 50
40 57
82 86
69 91
66 71
23 26
36 42
52 65
2 11
16 39
48 67
27 31
47 61
73 74
22 47
46 63
81 90
4 6
72 87
2 5
3 7
23 33
49 58
39 54
78 87
76 86
24 30
22 31
63 67
68 78
16 31
16 23
69 89
6 39
87 98
42 48
88 100
26 36
9 15
6 16
61 68
43 47
89 98
86 100
42 53
17 22
79 89
8 16
18 23
72 89
47 49
9 14
28 38
44 51
64 76
42 55
70 75
22 35
33 40
13 29
58 65
8 13
46 60
24 35
59 75
11 24
37 48
10 29
74 84
67 72
58 66
5 10
40 52
39 51
70 80
53 59
88 93
26 31
46 51
37 40
3 18
66 70
45 50
6 17
1 15
56 80
23 26
60 68
25 28
92 98
33 57
15 18
39 48
66 74
17 24
77 85
17 28
90 95
49 52
36 42
90 97
67 86
49 58
58 72
73 87
31 41
67 91
1 6
19 26
25 27
42 64
90 97
43 48
87 95
26 34
82 91
12 23
25 44
64 75
82 89
29 37
15 26
9 13
55 67
18 27
3 15
27 43
78 80
20 29
1 11
13 47
26 41
81 85
28 40
95 100
80 100
2 12
41 43
60 65
16 24
81 83
47 51
68 83
28 32
22 37
66 69
41 64
23 52
28 30
3 26
45 50
7 15
67 71
14 23
80 85
16 54
87 94
43 65
4 13
75 77
35 39
81 88
49 53
36 76
33 54
77 79
42 53
9 19
20 26
14 21
91 97
79 91
88 93
16 23
57 61
35 41
76 82
15 21
43 47
59 66
27 30
34 50
86 96
71 76
41 55
35 59
61 68
79 94
35 44
30 38
72 87
20 32
85 97
15 22
46 53
94 96
7 26
51 62
6 20
21 38
25 30
35 57
33 49
25 33
30 34
57 78
