100 20 20 5
00000000000000000000
00000000000000000000
00000000000000000000
00000000000000000000
00000000000000000000
11111000000000000000
00000111100000000000
00000000000000000000
00000000000000000000
00000000011100000000
00000000000000000000
11111110000000000000
00000000000011000000
00000000000000000000
00000000000000000000
00000000000000000000
00000000000000000000
00000000000000000000
00000000000000000000
0000000000000100000
0000000000000100000
0000000000000100000
0000000000000100000
0000000000000100000
0000000000000000000
0000100000000000000
0000000010000000000
0000000010000000000
0000000010000000000
0000000010010000000
0000000010010000000
0000000010010000000
0000000010000000000
0000000010000000000
0000000000000000000
0000000000000000000
0000000000000000000
0000000000000000000
0000000000000000000
6461
93 100
53 69
53 63
70 84
43 68
92 95
69 75
76 88
19 29
51 60
21 36
73 93
9 17
13 22
19 24
60 74
57 61
50 60
67 74
13 24
35 43
21 65
84 96
19 25
2 22
48 60
32 39
12 25
54 63
52 56
50 60
10 19
27 30
78 89
46 57
83 88
26 39
7 48
16 26
2 5
24 43
11 20
77 91
15 20
76 82
93 95
64 81
5 14
54 64
46 55
1 11
64 72
14 27
25 41
12 21
5 19
3 12
59 65
1 7
5 15
78 84
84 88
50 73
83 85
61 67
16 24
49 90
7 17
78 84
23 27
41 46
69 72
6 12
13 31
25 26
35 37
34 39
7 20
47 54
20 29
10 19
77 99
22 32
97 100
69 89
35 43
55 70
75 78
6 8
34 45
74 82
45 56
13 19
50 59
72 86
31 42
80 94
2 10
38 56
77 92
54 70
82 86
27 39
94 96
41 45
32 36
35 42
28 44
21 34
13 14
24 32
68 82
53 61
66 72
81 89
46 52
64 71
62 71
34 36
23 29
45 57
15 22
76 91
33 36
26 36
18 44
71 91
46 49
71 86
55 67
38 44
95 98
42 48
20 35
5 8
83 93
28 37
43 55
21 44
16 27
73 86
86 95
70 77
90 95
66 75
63 69
47 52
70 84
44 50
6 23
80 95
37 40
23 37
86 89
87 95
90 100
63 66
15 31
51 54
19 34
45 49
9 17
66 83
42 51
19 35
12 40
60 87
20 27
30 37
26 45
55 76
81 88
69 80
76 98
24 33
5 24
28 33
41 62
74 88
8 13
17 23
72 83
8 18
7 11
74 83
17 20
53 60
68 81
54 65
63 69
61 68
47 57
78 90
40 44
66 75
68 83
50 61
33 42
27 38
34 46
33 49
86 88
43 50
56 60
7 9
46 79
16 26
50 88
75 96
25 39
10 18
26 29
29 38
18 39
39 42
37 50
20 25
43 50
18 25
97 100
14 21
7 48
16 30
20 33
4 7
89 98
37 53
27 37
77 87
6 13
72 79
35 46
81 84
23 27
88 95
70 78
41 54
56 66
59 69
60 64
70 74
80 88
34 38
24 28
55 65
2 18
59 69
51 66
76 100
22 27
22 31
90 98
47 67
57 61
72 81
32 37
43 59
7 13
1 14
25 47
67 79
14 35
75 84
2 11
33 52
4 9
23 28
57 72
28 40
33 42
17 25
64 68
29 35
51 62
8 16
4 17
27 39
21 31
81 89
5 14
33 43
34 40
72 76
59 65
27 37
50 59
90 93
57 74
60 68
58 62
66 95
75 78
83 93
69 83
1 12
29 41
76 81
35 51
19 30
10 27
20 26
24 32
51 56
63 83
45 51
18 37
69 78
39 55
48 62
58 61
52 62
7 27
52 65
36 42
85 91
74 88
84 92
16 25
70 79
88 97
23 51
59 76
81 97
42 47
68 75
59 63
81 99
31 36
73 81
21 46
70 75
9 20
55 74
80 86
5 10
63 98
70 80
14 25
27 38
65 85
20 36
91 96
38 42
82 87
61 80
68 77
25 37
49 74
37 42
86 89
22 28
2 15
51 67
18 27
14 23
75 91
32 40
23 27
65 73
68 74
35 55
74 82
46 57
48 51
62 70
11 34
9 20
38 51
51 62
48 54
1 19
19 31
45 54
66 74
16 27
32 46
44 48
91 99
32 37
65 76
12 20
52 68
58 61
10 16
77 83
71 88
76 84
14 24
13 28
33 44
23 31
84 88
87 93
87 94
7 33
37 47
14 30
64 80
65 71
24 30
3 12
62 70
45 57
63 66
80 96
19 35
47 69
1 13
79 85
40 54
31 41
1 6
62 72
29 33
57 65
61 68
63 70
39 46
32 43
72 75
53 59
64 80
17 27
28 42
63 71
29 33
75 92
60 72
73 77
27 35
45 60
62 73
68 74
10 15
68 77
49 61
89 99
29 34
66 85
44 49
15 26
26 33
47 59
52 54
19 24
26 41
45 54
57 66
31 41
10 19
39 61
14 28
74 95
16 56
20 34
69 73
53 71
41 46
40 45
63 79
14 31
11 21
40 47
76 79
60 65
46 61
10 12
27 40
5 16
18 34
14 51
93 100
17 38
44 52
48 56
59 72
37 54
43 49
22 26
62 65
41 49
3 10
34 39
40 63
29 47
67 76
35 47
11 32
12 19
8 46
37 39
25 34
49 51
49 57
34 66
51 67
58 69
61 80
89 98
19 33
90 100
8 36
3 16
58 71
18 24
65 79
17 20
24 33
22 40
75 86
71 76
29 42
77 81
48 62
17 26
50 64
67 71
46 79
17 21
75 91
32 52
31 41
44 91
31 45
69 75
63 66
91 95
67 73
2 8
27 50
79 92
26 34
57 74
32 37
15 36
53 72
29 30
75 84
37 51
33 36
14 20
29 33
18 27
3 7
28 39
24 32
80 92
69 75
24 44
23 34
69 75
58 62
20 33
45 47
72 78
42 46
94 98
64 76
44 49
71 76
91 95
62 73
12 17
10 19
69 75
7 15
3 17
20 31
4 16
78 87
57 82
18 21
24 44
5 41
41 47
41 54
91 97
89 98
62 79
39 50
17 25
93 99
30 33
88 91
1 12
57 82
43 61
61 72
79 93
16 28
7 10
76 91
45 50
74 81
33 50
76 90
29 36
7 11
12 34
42 62
21 32
65 88
84 94
2 13
79 84
70 94
6 12
10 25
63 67
4 17
76 96
56 62
36 40
32 37
38 42
75 95
38 47
67 91
43 51
88 98
78 97
53 84
33 36
37 44
90 97
23 30
51 67
61 81
39 54
9 12
6 20
16 35
74 75
34 48
14 20
50 53
42 58
16 32
30 47
23 41
9 29
13 21
70 75
67 70
9 17
43 66
67 74
13 32
27 36
13 31
5 11
27 44
55 64
87 99
33 48
1 4
33 47
12 24
45 55
89 95
83 87
44 55
4 8
56 74
33 46
23 29
71 78
33 34
53 71
32 46
65 76
22 28
77 88
38 49
23 54
65 73
64 74
44 52
20 33
94 99
35 44
21 26
29 36
42 56
22 26
35 40
69 73
74 83
22 32
32 45
73 91
18 25
79 92
22 26
8 20
28 52
29 36
18 28
26 36
66 72
1 11
57 68
85 94
81 92
2 9
32 43
22 28
33 37
62 75
43 61
43 55
14 19
26 44
16 22
2 14
24 28
16 23
19 22
42 78
26 46
52 69
88 91
34 42
80 89
55 62
64 76
43 50
70 88
15 48
47 54
35 50
5 16
43 52
91 96
42 56
18 28
21 25
58 69
58 67
59 63
73 77
26 71
87 97
17 30
74 89
12 14
38 48
29 38
65 68
87 95
66 74
86 97
87 100
58 64
23 30
75 85
87 92
11 16
78 88
83 86
5 10
43 64
13 28
19 43
56 62
20 41
27 37
58 82
26 52
6 15
64 81
83 92
42 53
77 83
81 97
20 31
85 95
3 8
43 54
67 78
26 33
38 45
53 62
38 47
16 29
38 46
59 70
43 57
33 43
45 54
81 99
65 73
20 31
98 100
27 32
28 41
80 91
32 34
35 41
40 45
83 89
17 59
67 78
53 93
18 35
67 80
84 88
49 55
42 55
41 53
60 82
7 37
79 87
41 43
38 58
42 49
69 98
74 80
26 37
86 93
51 56
45 73
54 62
8 16
5 11
44 53
49 60
40 49
21 36
43 45
61 72
61 86
84 94
83 93
40 57
35 41
56 64
38 54
70 100
39 49
33 40
94 99
90 95
67 76
32 43
56 66
93 96
27 34
63 66
51 59
85 97
63 75
89 97
9 13
30 39
3 25
53 73
56 64
29 33
67 90
5 22
31 52
8 19
35 44
25 34
20 24
72 78
56 69
60 73
74 80
86 99
1 6
54 61
26 43
7 14
56 70
39 48
50 63
22 38
59 65
69 77
80 87
78 84
24 43
88 93
39 48
55 84
41 48
66 72
46 67
67 75
1 7
35 46
46 67
23 24
74 92
38 44
30 41
89 99
89 100
4 14
35 50
48 73
80 84
2 18
6 11
41 51
53 81
22 31
78 93
58 69
57 70
67 74
61 77
22 27
16 26
70 75
40 48
17 32
18 56
27 36
44 50
61 69
18 25
68 80
40 49
91 100
59 61
14 29
65 72
46 55
3 7
63 98
87 90
51 66
44 52
20 43
11 24
87 94
15 19
14 31
61 73
57 66
40 52
7 13
19 26
52 61
29 48
57 82
43 55
52 58
83 94
74 91
55 63
52 61
77 80
2 13
4 17
91 98
75 80
30 37
61 65
61 79
47 65
57 66
83 89
7 29
84 86
3 10
49 55
59 67
25 46
60 67
36 49
83 93
34 47
60 68
80 85
7 14
51 67
13 33
55 70
76 81
57 61
48 72
86 91
57 66
82 89
50 57
55 64
85 94
70 84
26 38
45 66
66 70
32 38
87 89
3 11
61 65
4 11
81 89
58 71
40 57
19 32
63 81
54 63
61 84
62 73
45 52
64 72
11 17
22 27
37 48
7 14
31 42
41 48
53 59
27 35
89 95
80 96
29 31
5 18
8 18
73 80
84 92
87 96
5 23
88 100
88 97
91 96
24 45
41 48
65 67
59 65
77 83
17 30
40 56
75 83
24 45
59 71
33 36
66 78
71 82
3 13
69 81
26 50
70 81
26 47
48 60
39 45
41 46
16 20
23 32
32 45
55 60
5 9
18 26
64 75
87 95
58 61
80 91
9 64
83 95
20 24
37 47
79 88
92 96
7 38
27 37
25 31
33 38
24 31
70 79
70 73
60 68
7 20
43 51
86 97
20 23
98 100
12 33
16 33
97 99
76 80
24 27
44 52
23 38
3 40
49 52
61 73
53 61
52 60
68 73
60 76
37 41
32 46
52 57
57 64
51 58
66 90
28 36
21 32
53 62
83 98
49 53
74 78
46 70
67 75
31 41
11 26
39 54
76 81
70 78
9 26
64 72
29 52
10 18
55 75
60 72
29 39
76 78
46 55
1 36
49 55
24 32
55 78
8 13
40 58
3 33
25 36
55 78
49 57
23 31
75 83
13 24
58 64
51 66
2 18
75 79
33 43
68 85
43 54
43 59
18 23
2 10
42 53
78 82
60 68
27 39
1 6
69 86
88 97
5 24
48 54
61 64
25 36
26 46
51 55
39 50
50 56
59 71
36 57
17 26
73 85
24 37
79 96
2 22
62 74
62 75
63 78
41 50
28 38
43 50
63 67
60 83
68 87
28 33
4 7
46 73
28 34
15 21
34 39
4 21
81 86
52 61
57 90
59 69
12 33
8 13
51 58
83 91
25 38
50 57
44 48
7 17
25 32
59 67
15 24
77 84
21 43
5 10
31 43
7 19
9 13
69 74
23 32
1 30
43 48
65 73
37 45
2 7
62 76
78 90
7 16
16 24
39 48
23 30
32 48
30 37
39 48
16 31
63 85
68 98
40 52
28 35
55 69
83 98
47 57
45 61
2 11
88 91
14 20
46 52
8 22
8 20
21 34
23 40
3 15
25 43
54 95
43 47
80 87
57 61
51 60
70 84
32 37
70 96
75 86
92 99
68 88
63 97
88 100
13 19
38 45
56 59
72 88
71 77
35 42
45 68
96 100
24 31
50 68
12 21
3 26
32 35
5 9
9 23
68 75
30 53
58 71
10 18
73 83
79 94
13 16
48 51
37 39
53 57
44 50
45 47
2 13
20 27
56 65
52 59
27 43
70 85
71 83
19 24
71 76
22 33
27 34
70 94
30 43
38 42
4 9
22 31
84 92
79 87
49 53
77 92
16 34
82 88
15 19
40 62
36 53
3 9
53 70
65 79
41 47
26 34
3 15
1 6
33 70
53 64
91 99
1 7
44 52
26 30
19 26
10 17
6 14
45 49
67 74
60 84
40 47
29 40
44 50
43 70
24 32
13 31
41 48
1 11
72 87
37 56
90 94
7 14
86 96
48 52
23 41
55 58
1 12
85 95
91 97
62 73
27 36
40 53
18 26
66 80
58 96
64 91
92 99
8 27
90 95
59 66
79 87
75 80
22 39
84 98
12 19
5 12
75 90
60 77
38 63
61 71
32 49
41 53
35 43
17 28
23 31
79 84
70 92
15 24
1 14
50 55
13 20
72 78
4 19
56 62
6 15
15 42
53 67
59 99
5 24
87 100
8 15
63 77
57 61
82 98
16 23
3 6
43 54
9 14
91 95
13 31
66 74
37 48
90 93
16 27
65 91
38 56
55 65
53 66
56 63
65 78
1 6
31 45
38 48
16 23
85 94
64 77
69 89
72 86
8 22
85 91
6 21
16 28
43 67
16 27
69 84
12 23
62 66
38 43
3 8
10 13
31 33
71 77
60 73
47 50
79 84
63 68
41 55
91 97
81 85
68 80
15 25
70 78
87 92
71 77
30 40
42 54
39 47
61 70
13 22
15 19
22 31
31 51
41 65
24 37
31 43
51 57
31 64
76 83
60 66
44 50
80 83
44 75
11 16
76 80
71 83
79 87
8 30
45 46
49 60
78 86
16 27
54 79
49 58
52 77
67 76
84 94
85 94
37 47
9 22
26 41
51 57
50 57
41 46
7 10
15 28
12 26
4 19
83 97
26 31
82 92
27 36
46 51
36 54
66 73
26 58
27 52
69 74
52 59
56 58
10 18
23 30
53 76
71 76
18 27
11 16
60 74
70 73
18 31
3 9
86 94
46 48
78 82
28 35
83 85
53 57
14 27
51 58
29 31
11 29
31 40
46 49
28 39
1 8
22 33
69 76
77 85
40 45
37 44
4 16
8 13
74 86
31 33
29 33
68 73
41 49
3 9
37 43
40 47
9 22
77 87
18 27
97 100
14 19
84 100
80 94
78 91
50 73
97 99
21 25
85 89
46 53
38 55
51 60
42 57
56 68
32 53
3 10
76 81
41 47
76 95
47 53
45 49
24 40
15 20
27 32
27 37
50 54
69 71
9 24
57 71
35 40
51 56
76 91
9 15
18 36
9 18
4 11
25 30
76 85
47 58
43 49
53 99
78 99
9 41
21 31
88 95
56 66
87 92
80 88
77 91
59 75
53 64
16 22
55 61
78 100
37 53
17 34
2 16
35 44
41 51
51 57
6 25
5 9
29 35
15 21
26 29
3 15
52 59
37 52
77 81
41 58
4 13
19 25
14 19
9 18
18 25
17 26
48 52
49 64
22 23
74 79
63 68
40 52
82 94
4 27
83 98
13 22
25 31
60 70
23 27
34 39
74 79
46 68
2 10
63 67
52 72
47 54
1 13
4 9
7 19
24 28
75 87
28 41
60 71
23 32
52 96
54 58
58 64
97 100
85 94
71 85
35 47
86 89
65 81
49 59
51 59
30 54
60 68
51 57
49 58
82 88
21 26
50 68
71 90
66 79
47 68
31 54
23 27
32 47
45 55
56 65
51 60
58 66
21 23
19 23
3 19
78 79
58 73
34 39
9 22
61 88
55 64
36 44
94 97
9 16
15 19
89 96
62 70
18 23
46 56
41 58
30 37
31 39
76 80
15 28
61 73
64 70
92 98
52 56
6 19
2 11
7 28
28 44
36 39
14 16
57 66
3 11
78 86
38 69
61 97
7 10
35 45
64 76
56 71
69 75
40 48
74 81
76 85
83 89
28 37
85 97
67 74
34 44
65 77
70 79
43 50
1 10
42 54
29 35
72 80
79 83
44 61
3 14
26 31
2 7
4 28
16 29
72 83
54 71
31 43
26 51
14 26
57 61
12 45
78 89
40 46
12 26
38 58
1 11
9 18
63 85
17 24
72 78
51 63
65 72
10 15
76 89
40 49
55 64
44 48
55 88
14 39
31 38
68 91
95 100
29 38
17 27
75 84
55 57
28 40
65 84
59 75
5 7
56 65
68 80
29 41
50 68
52 62
53 61
70 76
72 82
45 48
16 26
54 61
24 34
51 58
52 58
12 22
29 38
10 18
47 58
42 68
71 89
27 30
70 77
70 76
58 66
19 26
61 68
45 48
41 45
41 53
78 95
48 92
34 40
47 60
10 34
71 86
15 39
49 61
5 17
4 8
13 21
92 98
12 22
88 93
73 82
55 66
16 27
76 91
88 96
72 82
12 20
54 68
4 11
62 71
12 19
31 36
15 23
29 35
70 80
14 26
28 32
19 27
57 75
1 12
12 16
10 11
16 19
87 92
9 23
76 78
44 53
84 94
38 43
9 15
77 85
91 98
9 11
4 14
8 20
11 27
53 57
41 50
54 71
13 43
58 73
73 86
49 54
69 83
84 97
54 58
19 26
77 86
74 80
9 11
54 76
44 55
62 64
22 37
56 64
8 15
90 96
42 47
1 9
7 13
81 88
1 8
53 67
76 86
72 88
8 12
32 41
37 44
38 45
39 56
85 91
21 28
31 71
38 58
41 44
71 85
43 51
41 70
15 32
36 58
17 33
73 78
51 57
26 35
70 92
60 63
32 57
22 30
72 76
60 73
18 34
35 40
26 41
79 91
42 62
58 82
52 62
58 68
58 73
50 58
64 74
90 95
28 37
51 77
66 70
12 18
29 36
17 28
54 68
43 46
89 96
43 61
19 43
27 33
26 38
60 71
50 57
86 99
39 50
34 39
29 35
52 56
78 90
57 68
30 38
49 57
38 59
70 78
24 35
60 73
22 24
54 61
41 48
33 40
49 55
10 39
8 18
5 10
93 99
31 40
42 49
17 25
81 90
79 88
19 30
50 64
58 67
35 40
17 42
23 27
72 86
8 14
56 60
20 29
35 38
23 47
22 35
69 91
40 57
68 85
60 69
83 89
29 47
67 75
44 63
33 40
57 65
79 83
29 36
80 93
48 64
18 25
31 35
1 9
32 48
42 55
40 48
21 29
75 82
77 84
61 70
38 53
34 49
25 29
79 88
61 68
32 40
41 46
13 16
72 82
73 80
79 89
38 51
18 34
84 85
65 79
19 24
74 83
69 81
64 81
24 31
18 35
26 32
47 51
29 55
20 25
78 82
18 28
4 19
18 26
36 40
65 76
28 36
3 26
93 99
83 86
59 73
33 41
5 22
91 94
61 72
38 45
63 88
13 17
45 54
81 88
72 76
60 73
86 88
8 27
42 54
33 36
68 83
69 80
38 41
7 14
50 58
89 100
67 70
51 58
78 88
76 96
26 56
77 91
27 39
76 81
86 92
39 46
53 61
25 44
27 33
4 9
24 32
11 20
74 91
41 45
80 99
41 47
5 9
49 61
26 60
3 7
72 83
54 70
74 83
72 92
75 86
46 51
73 85
52 58
43 49
34 41
74 86
51 54
32 42
74 83
39 45
83 90
80 99
3 10
14 33
18 28
73 87
39 44
14 23
27 30
37 50
57 66
37 55
21 35
2 5
90 97
39 46
71 78
77 99
76 79
54 66
64 75
1 22
63 68
18 22
76 86
65 99
36 49
70 79
59 76
35 43
53 61
60 63
13 23
73 82
47 68
35 44
27 31
78 85
47 50
44 71
10 26
58 73
52 57
11 31
78 95
73 85
84 87
38 50
41 47
74 83
85 91
23 32
19 23
44 56
62 69
13 19
89 98
36 45
15 41
58 62
57 67
25 31
7 11
39 46
28 32
36 49
3 23
5 31
77 83
39 51
61 68
24 25
34 52
22 38
48 56
22 38
12 31
59 62
28 40
33 47
13 22
37 48
93 100
27 42
22 27
20 37
37 39
7 10
74 86
6 16
24 35
5 7
65 70
34 42
30 53
61 72
70 72
80 82
64 86
76 98
39 42
15 40
73 79
15 29
18 29
77 90
81 97
59 96
80 86
85 89
1 11
66 72
75 92
76 81
79 91
77 84
64 79
21 24
63 70
63 73
48 55
73 82
14 20
74 88
71 83
36 42
75 81
70 75
24 41
46 60
49 57
66 71
13 21
28 34
36 42
56 65
22 42
72 78
38 53
11 21
6 23
71 86
41 44
80 92
16 23
9 26
12 23
17 27
3 25
17 31
55 65
90 97
54 75
81 92
26 29
31 43
77 88
38 52
6 11
46 62
41 57
57 84
85 89
46 47
50 55
38 45
51 60
4 14
89 96
4 12
15 25
5 10
24 36
52 55
76 95
47 52
93 97
26 34
2 9
11 17
69 84
61 73
25 30
38 67
63 72
12 21
65 71
41 47
19 20
43 56
81 84
86 95
69 76
63 72
24 57
73 86
26 35
53 56
37 45
3 10
70 81
46 53
72 83
14 23
7 12
48 57
25 27
69 75
47 52
10 20
39 44
94 98
60 92
22 46
42 54
20 41
14 21
61 65
20 28
36 48
37 49
76 82
15 35
48 54
32 33
33 39
88 93
65 74
80 99
1 16
61 63
51 53
35 49
86 90
32 44
52 61
17 41
44 53
28 44
59 72
17 26
95 100
32 39
50 62
62 67
48 63
35 65
1 6
9 21
88 89
69 76
44 51
48 55
35 53
63 72
14 26
50 64
2 12
85 93
15 24
50 64
54 77
65 78
69 77
17 25
40 48
42 51
86 100
43 51
71 74
43 55
26 31
50 66
7 18
36 58
52 57
37 49
35 58
47 55
76 92
55 67
29 36
49 52
76 83
35 41
20 48
34 39
91 99
67 69
92 93
28 40
60 77
9 18
69 77
74 82
56 62
19 25
72 77
19 24
36 41
53 60
86 95
68 84
18 30
82 89
48 83
43 57
79 86
61 74
59 64
31 57
79 98
22 27
48 58
33 47
78 91
81 92
20 29
8 18
71 80
8 16
72 78
50 65
39 47
25 35
4 27
29 40
69 85
2 11
63 80
53 64
25 35
79 83
5 8
39 45
45 77
37 43
44 56
20 24
20 24
36 52
12 20
57 65
56 58
45 51
60 70
89 98
78 96
59 62
68 76
2 6
19 26
54 58
59 74
53 58
58 65
62 81
11 17
23 33
73 77
54 59
55 64
81 97
56 67
51 59
40 57
48 53
19 43
15 42
48 58
7 17
54 62
58 70
52 68
59 78
37 43
13 22
7 11
78 91
57 68
72 75
45 75
58 61
61 76
64 73
82 89
18 43
20 24
62 75
80 82
28 38
36 47
82 87
20 28
7 23
70 83
31 48
83 87
2 11
59 70
56 72
17 37
82 90
37 43
19 28
21 25
30 76
55 58
40 50
6 13
19 22
45 51
88 96
31 41
20 24
10 17
1 7
46 82
37 46
29 40
56 64
53 70
72 75
70 75
72 91
40 48
16 33
3 12
76 83
72 100
88 96
69 96
10 15
84 88
63 67
65 71
72 76
41 43
3 16
77 93
38 65
74 77
48 54
65 76
26 46
83 97
31 36
76 88
70 84
42 71
76 85
3 12
9 13
34 38
12 26
47 74
56 67
47 55
68 87
52 60
69 76
40 50
61 81
21 29
34 44
65 69
28 39
57 64
22 31
55 73
27 32
19 22
19 44
50 58
25 53
77 86
68 71
92 97
60 66
39 46
63 70
26 39
56 65
65 86
64 93
10 17
84 94
78 88
40 81
11 39
16 26
45 49
46 51
64 72
40 54
53 56
4 16
11 19
68 84
73 78
41 57
54 69
7 20
65 71
68 83
64 78
13 25
19 24
88 91
35 40
54 57
79 98
48 52
71 93
60 67
70 77
80 82
54 60
84 90
86 96
10 13
24 37
10 42
85 90
24 40
77 83
64 74
12 22
80 88
81 99
46 51
36 48
23 28
65 72
82 91
72 95
61 72
42 52
62 80
59 67
13 39
20 36
16 21
81 84
79 95
19 25
85 97
45 50
59 70
29 34
66 79
5 12
16 22
78 88
18 24
13 33
54 79
1 5
8 13
33 39
75 80
11 27
18 26
7 21
44 60
33 37
53 65
35 39
2 9
70 73
3 6
76 81
44 49
16 26
39 54
3 11
3 9
66 80
52 60
44 53
76 90
34 37
58 84
72 85
34 43
10 17
30 39
63 65
54 72
75 81
27 43
31 53
58 78
43 49
30 41
25 27
38 52
84 97
76 92
63 73
61 81
6 12
21 31
70 74
76 80
57 62
42 43
72 89
29 40
14 22
90 95
74 84
10 32
17 31
59 70
30 37
53 61
43 50
91 96
39 50
7 20
1 19
78 89
38 58
14 23
32 37
85 89
73 78
29 42
41 48
15 19
12 23
6 17
58 64
32 39
10 17
13 39
53 61
17 23
56 65
4 18
36 47
55 65
30 40
31 51
14 22
33 44
30 45
49 55
13 49
71 89
44 46
55 62
83 98
12 23
30 45
55 62
34 63
23 31
59 67
52 64
28 47
25 32
9 15
57 61
24 37
33 62
88 100
59 73
17 25
74 93
14 29
38 44
73 88
34 44
5 12
37 44
1 4
18 33
55 63
58 68
44 53
9 15
25 35
40 53
22 36
50 60
33 52
82 83
59 61
61 66
18 25
33 43
32 85
39 51
94 100
33 41
47 72
80 88
66 75
7 24
40 54
6 10
4 28
1 12
28 37
84 93
9 11
64 80
87 92
56 71
73 83
64 68
36 46
84 96
10 28
14 27
86 89
57 75
44 52
6 10
14 19
31 43
11 27
54 62
3 21
59 66
17 44
29 51
24 28
5 21
4 20
29 37
12 40
18 23
25 31
1 5
30 38
45 67
91 100
42 76
49 81
21 34
39 43
44 52
10 25
37 53
49 63
19 31
45 73
19 45
72 91
82 98
56 63
68 82
17 30
26 37
44 68
77 82
93 97
58 72
22 25
11 16
86 95
85 90
53 57
86 90
21 46
43 54
2 10
19 40
27 57
1 12
28 39
44 53
59 67
15 49
8 18
65 74
67 73
57 60
8 24
21 34
84 87
49 56
56 68
43 55
2 6
36 43
19 43
3 9
12 29
70 79
35 56
8 24
73 76
5 13
67 98
70 72
31 36
83 95
68 78
16 40
35 50
76 87
4 11
94 98
30 41
18 26
31 40
56 91
24 53
76 88
72 77
26 40
59 77
81 95
77 98
89 97
32 66
65 68
18 44
8 12
75 81
28 38
19 34
15 24
72 85
86 95
2 26
79 88
17 21
61 80
16 27
37 44
79 94
13 31
34 48
72 74
54 63
63 70
67 80
85 92
55 62
26 38
26 32
80 82
34 39
1 6
24 36
4 16
47 56
30 45
1 9
4 13
13 20
74 82
40 55
29 34
14 21
76 88
14 33
1 6
14 48
79 87
40 49
70 78
4 24
73 77
18 24
16 34
8 15
55 64
21 40
43 66
30 38
91 98
56 63
41 50
6 15
55 66
95 97
22 38
21 40
53 58
33 40
51 71
72 81
11 16
11 36
87 97
12 15
14 24
60 63
61 71
79 84
85 91
9 19
54 78
39 46
13 22
56 58
36 42
1 5
3 5
32 40
28 34
55 80
16 24
1 12
19 25
27 34
17 35
75 93
18 30
77 90
66 75
31 37
27 31
36 44
2 15
4 15
36 44
85 92
8 18
7 17
55 63
4 13
39 44
42 48
5 16
13 39
26 40
88 92
14 22
11 14
63 66
8 15
20 30
3 23
37 45
59 63
1 14
41 50
41 50
57 68
84 90
4 11
68 73
79 93
85 91
56 69
33 49
51 69
61 71
32 79
16 27
28 39
86 92
48 57
25 39
60 100
58 75
62 83
16 24
69 83
26 34
81 100
20 33
29 38
70 83
30 39
51 62
72 76
48 69
41 64
71 75
34 43
31 41
7 13
11 15
64 73
7 21
69 83
51 62
59 74
5 15
57 67
54 56
40 59
36 45
20 31
21 31
23 39
34 45
95 98
20 33
10 21
9 12
49 70
70 85
2 5
83 90
43 49
43 48
58 69
39 43
41 47
80 94
70 81
8 10
59 68
36 42
64 75
93 96
73 75
40 44
85 100
54 66
83 92
13 25
29 35
46 52
85 94
27 31
56 72
25 37
9 20
39 45
62 73
23 38
96 99
30 38
37 40
12 30
88 94
83 90
68 83
53 56
2 9
75 87
69 81
27 30
23 30
30 57
62 77
79 89
18 22
69 95
71 87
75 84
51 66
35 48
72 81
62 82
22 27
29 35
74 92
53 81
38 76
10 33
2 7
47 57
30 47
73 75
51 59
49 54
26 39
16 38
62 70
52 76
38 58
24 51
56 67
8 15
11 19
52 60
51 58
52 59
64 67
94 97
24 45
7 11
90 97
28 48
23 31
85 95
84 90
85 94
49 57
52 54
10 18
75 87
48 56
78 95
23 31
70 81
35 49
62 65
44 52
68 76
48 66
82 87
20 25
2 12
66 75
2 27
8 16
75 89
61 65
17 21
81 84
18 30
3 11
39 55
52 57
74 98
11 41
53 78
74 86
29 41
10 18
3 20
92 95
27 42
81 86
3 13
61 76
28 42
26 47
30 44
4 16
85 97
13 17
53 56
80 86
39 47
17 25
81 92
77 96
40 45
43 61
31 51
14 26
3 15
26 29
89 97
62 67
80 93
24 32
80 95
67 68
56 79
86 97
26 31
50 82
21 23
68 81
8 15
36 44
9 14
47 57
58 68
56 70
85 97
13 29
50 59
41 46
53 60
2 13
55 91
24 26
1 17
81 89
31 40
37 46
68 70
44 63
23 51
86 93
63 81
79 85
79 95
63 77
24 34
81 95
37 50
38 47
82 88
55 60
20 24
79 88
70 87
11 22
87 99
80 85
29 37
64 68
84 89
16 28
45 73
54 65
17 27
71 78
58 79
21 27
64 77
72 81
25 43
22 38
14 20
23 31
39 56
2 15
70 80
9 16
46 51
26 53
17 24
70 73
60 72
85 98
29 36
28 30
75 85
88 96
39 71
22 26
32 41
31 40
75 79
69 78
75 82
62 71
83 95
59 69
75 87
47 57
86 88
89 100
85 100
6 14
75 87
64 83
67 69
83 94
10 31
85 88
33 43
4 6
51 63
45 64
43 53
18 30
88 95
9 27
45 55
72 84
4 61
78 82
74 86
8 16
54 58
32 39
37 68
33 38
8 16
65 69
51 71
68 77
76 87
90 97
1 14
21 35
77 81
81 91
78 93
1 7
86 94
32 48
28 58
71 79
66 69
43 54
23 27
61 63
93 97
34 39
51 64
30 51
38 47
23 33
14 22
34 39
51 61
26 33
74 80
10 20
26 35
31 47
60 64
48 99
4 7
13 29
20 37
50 56
5 20
45 49
65 73
41 73
22 27
34 43
10 16
64 72
86 90
49 56
56 63
19 26
23 33
21 45
46 65
49 66
57 68
35 38
43 49
1 27
35 40
52 84
44 57
30 56
6 55
81 85
51 55
2 13
67 83
29 34
2 12
77 91
4 6
16 23
43 50
28 35
41 46
57 65
7 8
21 26
71 73
78 84
3 7
66 71
35 66
54 76
74 79
47 56
38 43
60 78
71 85
83 86
82 88
60 68
83 90
82 88
55 61
6 10
82 84
82 86
29 38
65 71
44 54
35 40
30 35
55 61
79 100
30 35
76 84
11 29
82 94
44 60
35 48
25 46
41 46
7 22
48 65
75 89
5 22
74 87
67 87
81 84
41 50
17 46
19 25
30 36
5 11
10 16
67 78
63 72
38 64
24 32
51 53
9 24
23 36
91 97
52 54
6 10
32 49
58 61
81 88
25 34
76 88
3 17
32 35
77 89
79 88
82 87
41 65
45 53
51 64
75 95
55 58
18 27
71 83
23 30
32 42
87 94
16 30
37 44
10 15
77 96
55 76
41 45
45 60
35 46
72 90
51 58
17 39
68 71
40 54
79 93
70 81
89 100
28 42
68 92
26 37
57 61
75 82
30 38
12 16
3 23
34 47
37 55
62 65
68 85
16 25
85 88
9 24
92 95
75 94
22 48
2 14
50 61
76 83
15 20
41 51
27 36
14 28
16 25
15 39
24 46
28 48
67 79
26 40
48 68
41 53
1 14
86 93
54 64
35 39
31 40
36 69
85 97
52 64
75 83
32 43
47 75
5 24
38 46
20 26
68 70
81 92
28 42
11 21
21 27
20 30
19 26
6 55
57 99
51 60
86 100
1 16
34 45
64 73
59 69
26 35
98 99
71 85
83 97
29 31
8 18
47 50
62 68
53 63
56 62
79 86
46 50
81 87
37 51
41 45
53 77
18 24
61 67
15 31
28 42
90 98
2 7
81 86
22 27
21 25
78 79
40 43
37 46
11 23
81 84
14 21
76 87
32 41
71 80
57 66
30 35
3 11
1 12
62 67
90 97
49 53
81 88
71 80
61 69
25 42
12 20
17 24
31 38
33 54
56 71
71 77
20 31
14 18
10 24
25 43
65 92
65 78
85 89
86 91
28 52
26 37
90 98
21 31
71 83
21 28
78 86
32 37
42 51
84 93
20 34
16 31
54 59
30 32
33 38
82 99
61 82
17 24
28 35
49 61
6 22
92 99
75 82
61 81
70 77
21 25
39 45
81 99
60 74
81 86
14 21
29 37
30 41
57 70
54 77
54 73
40 42
3 19
63 80
69 74
93 97
29 36
14 19
14 22
15 22
75 79
23 39
24 35
44 52
5 21
85 90
40 63
55 66
74 78
21 32
40 52
72 75
26 32
59 75
55 73
67 71
63 69
34 36
11 26
11 15
12 20
54 59
52 66
55 65
78 94
15 34
51 54
71 73
78 97
39 72
58 66
34 54
59 69
76 91
67 76
28 35
65 68
75 83
87 98
30 41
49 61
61 65
55 68
64 73
33 50
26 34
39 43
13 21
26 41
38 44
28 32
39 42
61 85
16 35
28 39
88 95
34 46
28 52
4 9
85 99
73 89
65 72
70 77
45 48
20 51
20 27
6 21
27 43
49 57
4 8
60 65
88 95
88 97
42 49
66 86
9 16
10 25
48 60
61 69
70 82
43 57
58 62
90 95
2 6
30 40
9 16
71 78
55 65
18 24
85 99
35 41
20 30
12 22
27 53
50 61
38 45
3 5
73 76
33 53
31 34
62 81
54 65
54 57
18 24
76 87
47 51
10 16
90 94
76 81
11 24
4 8
40 51
70 78
5 21
35 68
60 64
66 69
83 88
37 55
79 90
54 60
59 65
60 69
80 88
58 68
31 50
34 55
48 69
51 53
80 97
64 67
48 66
67 74
12 18
30 38
51 61
75 84
4 19
33 42
50 79
88 95
32 46
63 67
56 64
29 36
32 42
9 16
70 77
1 10
78 82
16 20
37 50
25 54
24 59
7 18
16 29
41 44
42 57
76 83
39 47
40 48
57 90
49 53
60 72
43 47
70 77
39 49
88 94
9 26
13 18
70 88
39 50
44 45
45 55
40 48
63 67
65 78
72 82
20 36
10 15
79 89
5 12
27 47
6 12
3 11
29 44
45 55
70 76
57 60
53 67
36 40
60 64
78 87
57 66
71 99
40 45
49 61
28 37
85 89
74 85
1 6
83 93
56 62
51 58
11 18
9 21
24 41
82 87
6 7
10 20
24 42
58 64
39 45
1 5
66 79
75 83
68 73
67 77
23 30
32 48
32 41
40 58
6 25
2 50
35 43
72 85
55 59
34 51
30 45
21 35
4 7
44 73
51 61
22 28
67 77
27 37
52 65
10 20
60 70
37 48
24 38
48 58
49 63
12 19
43 59
43 51
42 53
16 26
2 5
2 15
54 70
39 55
32 40
15 22
75 81
29 40
73 81
20 30
38 46
1 27
79 86
33 39
14 21
59 76
13 26
62 68
34 42
61 85
54 60
17 24
82 98
94 100
48 61
25 37
88 95
3 26
11 17
10 19
95 98
78 87
75 94
25 32
70 75
53 62
49 52
26 43
62 76
89 96
56 62
23 41
82 98
42 47
58 68
77 86
77 92
70 77
24 35
13 23
16 37
19 37
41 57
81 91
94 100
33 43
48 57
49 54
4 27
55 66
93 100
80 87
40 80
84 89
50 56
88 95
5 11
24 34
67 75
19 41
56 60
54 59
26 37
11 15
34 60
40 68
54 60
17 70
37 50
80 84
28 42
29 34
55 72
8 13
44 76
30 44
39 50
90 97
23 40
44 46
58 63
64 79
39 47
77 87
77 94
40 45
84 90
50 59
80 83
68 71
42 66
46 90
67 78
39 62
39 49
72 81
22 39
19 26
63 69
11 13
69 74
42 50
24 32
74 86
55 63
37 49
86 98
37 45
59 85
80 90
1 5
32 37
17 26
49 65
6 15
28 48
57 61
12 39
75 83
58 75
66 80
54 67
5 18
54 57
30 40
52 66
73 77
57 87
38 41
15 22
83 90
77 83
67 80
47 51
29 35
77 87
95 100
34 35
58 64
26 47
55 74
12 28
86 93
12 17
46 68
13 24
81 91
10 26
28 36
6 26
19 25
35 61
56 65
61 81
71 89
78 83
82 88
23 34
41 44
59 69
81 87
82 93
7 15
34 39
29 38
15 34
60 61
47 57
50 55
53 64
10 25
64 76
83 88
26 30
25 30
37 58
33 41
4 21
11 18
23 33
57 64
83 85
42 53
37 51
44 55
40 66
53 63
15 39
49 54
58 82
80 86
23 31
35 46
26 47
69 73
67 71
33 45
7 15
36 45
88 92
86 91
27 31
71 79
25 27
42 52
30 33
1 3
73 88
61 78
55 62
15 18
12 15
32 50
14 28
26 33
35 47
38 50
22 36
71 86
43 56
41 44
37 47
49 60
85 93
88 94
68 85
50 68
85 92
52 66
79 85
3 8
22 28
79 83
66 72
17 27
65 81
19 55
61 65
42 49
14 25
72 84
70 75
67 79
69 74
52 58
21 39
62 67
70 81
87 99
87 89
54 80
73 79
62 67
77 83
61 79
71 77
5 10
39 49
60 70
69 71
1 16
65 75
77 82
37 42
16 34
27 34
34 62
78 94
14 23
67 81
66 73
58 66
75 79
67 76
15 18
3 6
64 81
65 72
30 34
56 74
59 67
51 62
15 30
9 36
63 72
7 14
31 48
19 30
1 15
6 18
47 79
54 59
25 36
88 95
91 96
34 56
32 36
88 96
64 81
90 99
55 62
48 65
57 63
11 14
11 17
69 85
16 45
23 46
52 58
28 40
50 66
14 22
81 90
17 19
1 16
18 37
88 95
62 90
16 39
39 43
21 33
68 71
4 11
52 61
84 93
1 19
4 9
40 45
72 89
9 13
42 66
8 16
72 99
65 100
22 29
17 32
73 84
35 43
1 6
75 89
59 65
26 30
39 45
12 23
87 99
49 70
54 60
60 82
15 28
87 91
16 21
17 25
10 16
7 15
40 53
73 90
12 22
11 23
27 40
17 24
93 98
89 94
42 45
52 76
37 41
40 45
49 59
91 93
1 15
31 37
87 94
88 98
25 31
32 40
45 66
26 36
2 12
7 22
38 75
64 82
72 77
40 53
61 80
91 98
15 51
68 79
59 65
26 32
3 13
69 75
75 95
17 23
78 86
54 100
47 49
34 42
24 27
51 54
65 93
90 99
9 19
37 43
19 67
51 53
61 67
49 76
46 61
77 85
11 40
21 34
62 81
19 25
45 62
62 67
72 82
50 60
26 42
90 98
19 48
37 48
39 50
17 26
6 16
7 15
49 51
57 84
75 84
4 18
87 99
6 10
2 21
82 94
6 15
65 70
8 16
49 57
89 94
58 69
26 36
31 33
53 66
31 48
2 15
50 54
19 22
86 95
91 100
77 84
20 39
74 89
35 49
43 52
27 41
9 19
38 53
63 68
49 54
94 98
15 27
29 33
30 33
75 83
80 91
6 15
69 75
40 56
89 95
63 73
11 22
65 75
35 39
15 22
78 82
50 55
86 89
39 53
30 39
44 50
77 91
54 58
25 41
48 64
12 36
38 54
36 51
59 62
44 61
17 28
24 43
67 74
6 15
11 23
8 17
26 45
4 9
92 100
26 38
82 96
58 66
10 19
48 63
8 10
59 81
87 98
62 78
32 43
54 83
70 76
1 3
59 66
91 99
39 54
33 46
56 80
61 65
56 90
47 56
56 59
27 43
9 24
85 87
90 95
2 6
79 90
39 83
42 54
26 47
47 68
2 6
26 42
37 46
43 77
78 94
72 74
48 57
2 5
8 14
74 82
25 37
70 84
31 65
34 40
1 11
35 59
46 54
22 29
6 12
75 87
5 14
25 32
28 34
17 28
60 81
85 100
9 14
66 77
47 55
49 61
90 95
10 17
28 38
72 76
49 59
90 96
46 60
78 97
40 62
12 21
67 73
83 90
16 23
27 33
7 37
85 90
4 10
38 47
25 31
63 83
56 61
47 54
26 31
58 65
37 50
88 99
27 45
25 35
35 40
73 76
6 19
25 29
27 36
41 49
90 96
10 19
3 8
23 27
59 65
40 51
1 9
93 100
74 87
31 69
42 50
30 36
33 49
50 57
44 53
11 13
71 78
17 23
36 47
67 70
17 27
87 99
59 70
32 54
23 26
1 11
85 100
31 46
60 78
22 42
82 85
50 57
54 62
87 98
4 12
61 67
68 87
34 48
50 59
88 95
89 99
70 75
22 32
24 28
24 72
66 76
4 53
50 65
74 82
90 93
4 10
41 45
82 91
92 96
57 92
72 89
84 91
12 22
54 95
16 21
58 61
23 45
17 38
71 76
28 45
87 93
36 52
7 17
16 18
42 47
9 39
19 31
40 47
71 77
1 10
69 94
54 59
67 86
33 42
35 55
60 91
79 96
67 82
89 91
15 31
68 87
8 18
72 80
22 32
28 39
53 78
51 61
82 92
71 76
25 38
62 65
66 77
8 44
17 29
53 77
17 26
53 57
14 17
11 26
81 91
24 43
10 15
15 24
23 28
44 60
56 70
9 19
24 28
61 69
7 15
75 86
45 69
85 88
63 74
41 55
53 80
52 56
24 32
34 43
6 20
75 86
67 74
5 32
85 92
68 96
84 92
20 27
69 76
75 86
34 43
79 90
22 34
79 92
60 74
9 21
84 97
56 60
18 20
78 91
13 18
89 98
1 7
7 12
75 100
42 52
46 53
13 24
19 27
82 100
90 96
64 74
39 49
37 46
69 86
8 21
72 77
88 92
58 72
65 81
10 21
61 65
53 64
34 96
91 100
47 70
88 90
16 29
76 83
17 27
9 26
72 73
69 78
34 44
40 49
79 93
51 57
38 57
17 29
36 56
40 43
94 99
75 83
88 100
48 50
32 36
25 31
54 71
63 74
25 35
75 84
71 75
21 26
10 22
88 96
88 97
23 31
73 80
8 14
38 56
12 27
5 14
17 29
2 6
67 77
18 25
55 58
4 20
74 81
75 80
13 26
69 88
25 37
5 25
74 85
36 50
9 25
25 31
38 47
68 79
84 88
44 54
22 38
42 46
54 61
2 18
61 70
56 63
41 61
19 35
34 42
17 24
92 100
4 20
45 53
51 57
80 88
6 17
61 76
39 54
29 30
60 61
37 43
37 93
36 46
67 76
35 74
84 94
49 56
73 86
23 28
17 28
41 44
25 34
43 56
46 61
62 73
40 49
66 93
24 28
8 11
77 85
12 18
51 54
76 82
11 27
83 86
24 29
59 74
91 97
88 92
52 56
62 83
41 49
40 47
24 26
11 16
12 24
9 24
57 66
68 72
65 69
15 27
10 19
57 62
35 38
4 21
43 65
2 10
77 84
32 37
48 59
50 56
61 97
89 100
88 98
70 79
72 80
15 20
38 59
75 100
50 56
73 80
46 54
73 81
18 25
36 40
76 85
28 50
68 82
7 14
34 41
23 33
77 82
33 37
47 53
85 100
56 75
9 27
7 9
43 51
25 29
28 38
58 64
87 92
81 96
64 76
43 59
33 40
22 30
67 76
42 44
15 26
45 49
85 90
29 37
54 59
38 68
68 74
72 74
57 74
66 80
75 87
58 65
51 59
66 93
55 58
27 38
10 32
11 22
29 38
4 23
24 52
3 7
36 45
7 19
31 34
63 85
79 85
88 92
9 32
84 86
43 52
23 37
29 50
8 26
3 10
4 8
33 50
42 51
70 82
6 12
76 99
78 81
24 33
63 79
23 30
22 30
57 67
28 43
9 15
18 22
62 67
35 51
4 10
84 91
16 27
8 27
52 76
47 55
35 41
77 81
58 76
79 87
79 96
77 92
64 73
20 43
3 9
29 34
64 69
83 97
31 43
71 82
41 61
49 64
46 61
1 25
55 62
51 59
6 14
73 77
31 40
13 20
75 80
74 84
43 55
35 41
3 21
61 77
10 15
8 20
69 97
67 80
56 70
78 84
43 52
14 25
42 52
89 99
60 67
82 92
87 93
32 39
42 52
57 70
80 86
31 36
38 46
60 68
92 99
54 58
19 24
8 30
41 52
65 73
85 98
7 16
25 76
28 64
22 29
15 28
72 74
73 97
71 77
73 85
68 73
52 57
40 59
26 36
42 46
43 55
40 45
23 31
42 54
16 22
87 97
60 64
1 15
60 61
39 49
17 22
69 81
53 62
90 99
38 48
46 53
42 58
5 17
33 40
50 52
9 21
45 55
50 57
72 85
50 53
6 23
17 26
9 20
67 72
70 91
66 76
4 8
65 93
76 87
17 25
50 65
95 100
18 22
53 65
51 58
81 93
66 69
77 81
89 98
19 24
77 94
10 16
72 78
54 61
15 38
84 89
14 46
61 74
32 44
1 26
26 34
80 91
54 64
9 23
89 93
45 53
34 41
17 30
3 12
53 99
13 18
45 60
28 35
7 21
52 54
53 58
92 94
72 74
67 73
91 93
13 21
44 69
43 63
37 44
41 50
34 39
30 43
7 12
15 23
40 53
3 8
51 57
74 85
68 82
32 48
60 63
45 86
88 99
65 70
57 68
89 98
71 74
19 43
57 80
81 96
90 98
84 87
6 15
80 85
39 46
34 42
43 50
40 50
25 42
35 41
46 52
27 39
65 81
24 51
37 46
53 80
79 95
6 25
11 22
88 98
12 22
7 9
29 38
86 97
15 24
11 22
29 44
59 65
17 28
33 38
10 28
45 60
12 18
61 80
2 7
57 64
71 87
51 59
45 51
54 71
37 58
2 5
24 44
45 50
27 28
5 25
32 39
75 81
73 83
60 70
84 92
35 40
74 90
61 68
66 77
62 86
57 62
54 68
65 77
13 17
1 26
37 50
6 17
83 90
8 35
40 51
54 68
21 24
10 20
29 34
36 47
19 32
59 74
57 65
27 33
86 89
46 49
81 93
1 9
13 24
46 57
68 82
59 62
44 46
42 52
79 91
39 44
29 37
14 22
12 16
77 88
86 95
2 11
73 89
94 100
78 82
34 40
82 88
12 32
86 100
9 14
64 86
70 91
29 36
61 74
37 44
7 13
77 90
13 17
31 41
42 51
84 97
77 92
22 26
87 97
54 67
10 14
1 22
80 84
82 92
20 26
73 78
42 49
70 94
34 43
17 24
86 96
13 25
2 16
68 77
19 31
17 32
69 80
8 13
65 95
56 72
31 35
12 27
62 68
2 6
65 78
63 72
78 87
79 85
23 36
70 87
86 96
64 72
2 18
52 60
13 16
21 28
79 86
56 69
38 50
32 40
18 33
51 58
91 97
68 74
55 61
24 27
86 93
89 94
75 82
57 66
52 57
70 81
24 38
66 75
16 23
90 98
23 31
63 71
71 82
39 47
91 100
13 22
18 28
25 36
34 44
15 22
69 77
23 40
45 55
37 60
1 13
88 97
7 8
73 83
42 45
54 56
57 61
40 50
60 80
46 49
78 83
84 96
1 6
94 98
70 77
37 46
7 18
60 64
62 71
47 50
41 50
91 92
79 87
26 48
25 31
76 87
27 43
44 54
8 19
32 40
61 62
13 19
4 10
78 88
43 50
28 57
33 51
25 53
31 43
40 56
56 64
15 18
15 30
66 78
25 33
39 56
84 94
7 18
39 60
32 44
53 61
34 40
89 94
87 99
40 49
6 14
18 25
78 84
7 13
30 36
16 19
44 46
4 16
6 31
65 77
65 73
4 19
34 62
48 96
1 17
7 14
26 39
72 77
10 23
26 31
37 47
66 70
24 32
38 60
14 25
74 92
71 94
90 97
43 59
35 53
89 97
67 72
31 41
83 88
56 61
9 49
3 8
68 92
75 86
82 91
77 83
14 44
10 27
57 63
89 91
51 55
27 33
87 93
27 35
28 43
93 98
72 88
40 54
95 100
37 42
33 41
24 38
55 67
51 68
44 55
48 56
42 55
14 28
36 45
20 44
57 81
1 14
53 58
36 43
16 26
77 89
13 30
65 69
56 77
86 89
1 11
32 47
5 13
23 40
23 43
15 25
81 90
72 81
14 30
72 80
26 35
14 16
65 90
26 96
13 28
22 28
14 38
82 94
74 78
78 87
16 26
17 46
3 11
80 91
24 34
31 40
65 92
29 42
83 95
54 58
70 87
35 44
61 77
57 67
44 55
72 76
17 21
72 79
57 80
75 84
61 75
23 35
51 53
69 79
67 83
80 85
3 10
84 91
2 6
76 86
32 39
67 72
35 39
60 70
6 17
80 83
46 51
22 25
30 34
13 19
76 80
74 91
17 32
57 64
69 79
11 20
7 22
10 17
89 100
7 22
70 91
69 85
11 20
41 47
10 16
3 11
83 86
24 29
31 46
15 26
67 85
46 54
9 13
33 59
97 100
63 73
76 82
14 24
94 100
48 57
36 56
60 68
76 85
32 46
52 56
34 59
25 30
23 31
40 42
29 37
12 26
32 68
3 7
44 47
65 78
45 52
49 64
67 73
47 55
35 50
62 72
51 68
27 41
71 75
55 56
66 78
45 79
58 62
58 60
77 88
81 85
60 66
37 43
65 67
88 95
73 84
58 69
71 91
40 49
76 93
46 49
16 21
1 5
76 87
1 6
37 45
46 53
26 35
34 38
25 67
40 55
87 90
27 34
37 62
23 33
33 50
86 93
62 68
81 85
91 97
2 66
1 10
3 35
33 48
2 6
77 85
79 88
61 73
34 36
91 99
41 62
61 72
64 82
78 90
25 31
24 31
75 91
50 52
85 96
17 27
41 52
48 57
54 60
21 24
29 38
24 29
49 61
53 63
92 99
3 14
11 20
17 24
45 55
86 90
70 78
16 19
1 9
67 72
63 80
22 53
3 10
64 72
57 83
6 15
69 81
90 95
55 67
94 99
25 48
54 71
43 53
18 23
26 43
89 93
77 85
3 15
15 22
90 98
7 24
47 65
31 34
33 44
8 20
63 70
86 93
73 91
62 69
94 97
8 18
61 67
12 26
43 55
59 87
60 70
47 51
37 46
69 83
29 62
28 39
9 24
34 43
12 22
64 68
57 65
71 83
57 66
89 100
26 43
31 44
26 31
38 53
38 57
25 38
37 55
85 100
9 19
37 42
77 84
66 74
17 28
83 93
17 32
84 87
12 16
69 75
22 24
53 78
57 63
64 68
11 23
13 23
87 92
23 38
72 79
87 96
56 71
39 58
9 18
37 48
11 28
20 27
65 70
22 38
18 24
84 91
11 14
76 80
15 16
9 30
28 38
31 38
72 76
76 92
34 45
23 35
4 10
77 85
83 96
27 33
37 48
18 27
7 15
27 32
57 63
52 60
75 81
44 66
79 94
60 73
2 5
31 42
5 8
79 87
27 69
70 77
3 7
74 79
89 92
73 87
64 71
83 97
91 95
70 77
50 56
19 25
68 86
22 28
2 9
94 96
2 12
68 75
60 65
22 27
12 26
31 39
33 41
15 24
26 35
9 20
89 98
35 50
17 42
82 100
15 20
59 67
86 91
53 62
89 93
72 79
42 50
18 35
18 29
70 98
83 95
91 99
65 83
90 96
41 65
76 90
66 82
68 76
9 17
62 72
60 63
26 36
37 46
43 51
20 30
14 39
60 69
42 51
79 87
32 36
71 85
71 89
69 76
66 68
64 77
44 62
80 86
22 26
56 89
57 80
7 14
84 92
81 89
12 28
40 48
14 25
48 61
62 73
35 38
11 23
49 57
40 50
67 77
44 50
32 38
44 68
69 75
38 49
8 15
8 26
66 71
61 80
34 43
88 93
70 72
72 89
81 94
56 68
32 38
76 91
89 98
70 83
17 31
34 55
78 86
42 63
72 81
19 35
4 11
65 100
9 12
19 27
67 72
81 84
18 26
92 98
20 34
11 25
24 28
15 38
26 31
48 62
20 25
23 32
76 87
84 97
49 70
25 39
44 46
84 94
33 47
28 63
59 69
77 87
36 87
70 84
54 77
42 52
72 77
37 46
8 28
53 58
18 26
48 57
33 47
2 22
9 27
15 19
68 77
24 38
72 82
59 67
61 72
5 14
11 15
58 67
7 22
48 59
93 100
6 13
88 95
2 19
63 73
29 36
37 53
80 92
11 20
89 94
29 43
21 45
14 41
33 45
74 84
42 55
75 82
83 91
71 79
85 93
11 13
2 14
28 41
15 31
50 51
24 43
79 89
31 45
30 35
57 75
34 50
57 63
18 35
70 77
21 50
79 92
9 12
32 36
92 98
42 62
64 81
39 48
63 87
21 25
48 55
32 44
70 76
18 22
21 25
40 60
19 25
27 35
67 78
31 50
46 52
24 55
33 48
35 43
31 40
6 28
66 75
80 82
77 92
7 15
64 66
79 90
52 57
6 12
34 64
53 68
61 69
7 13
32 43
50 57
53 60
10 29
56 69
68 76
14 43
65 81
67 81
79 83
3 12
87 96
78 92
54 66
13 21
29 41
72 81
61 69
5 12
86 98
58 69
89 97
53 67
10 25
69 84
22 42
16 28
31 53
73 79
4 12
44 53
10 51
62 80
16 43
51 59
84 93
15 22
37 47
4 18
79 84
2 14
70 84
66 85
31 43
26 33
53 61
59 61
29 38
6 11
92 99
64 69
48 55
30 57
35 49
29 42
22 30
62 74
66 94
90 98
44 69
70 78
66 72
15 22
25 29
77 83
39 48
12 30
34 89
55 60
72 82
31 43
70 72
11 21
42 50
80 91
1 11
4 24
29 39
51 60
78 85
10 21
36 52
34 43
71 84
40 47
13 20
72 85
54 60
50 77
29 44
82 87
46 56
52 61
78 89
30 33
26 34
58 91
13 21
83 94
71 81
84 90
8 13
40 46
87 89
58 68
61 68
36 50
10 17
64 67
20 30
23 27
76 95
10 23
34 47
11 15
21 30
73 85
6 23
8 14
1 12
77 84
57 60
19 34
37 50
92 93
46 64
86 92
46 49
85 93
3 12
68 84
72 78
36 48
82 87
72 78
30 44
80 83
59 70
21 31
66 73
80 84
56 63
31 40
12 21
15 52
6 23
34 52
73 84
35 56
25 28
33 47
53 62
32 38
56 62
92 99
21 40
1 8
50 55
16 24
2 13
16 25
94 96
44 53
30 39
66 81
66 85
7 10
20 39
16 59
69 77
31 38
71 82
49 58
65 69
45 51
72 79
93 97
78 90
65 75
70 85
35 51
43 58
25 36
83 89
87 91
31 33
29 35
26 39
20 29
9 12
52 62
39 43
84 92
50 86
35 41
56 63
45 48
86 99
29 48
29 40
37 51
38 66
53 68
23 32
34 45
63 78
44 61
46 50
63 85
90 98
30 35
36 43
39 46
77 97
25 41
70 77
16 44
37 42
12 22
85 89
6 15
33 47
46 54
25 29
27 35
10 28
15 32
49 59
32 41
59 72
1 11
11 24
18 22
84 90
82 88
63 74
84 89
17 31
27 42
15 19
28 36
16 25
85 93
31 60
42 46
91 98
88 99
35 42
11 30
50 60
24 30
3 17
2 14
81 99
48 66
63 68
44 53
78 85
33 38
80 98
44 61
70 75
58 84
16 22
60 64
49 53
71 87
32 37
57 69
70 76
95 99
40 48
70 73
51 55
36 42
11 21
91 96
85 94
30 37
7 27
24 26
80 90
50 60
61 65
19 24
73 76
37 42
3 8
79 86
40 46
31 55
46 50
62 65
34 51
18 43
71 83
75 81
70 74
65 72
84 99
26 28
4 14
4 19
83 93
25 29
23 41
57 67
65 71
83 89
92 99
72 94
84 86
42 49
9 19
93 98
15 19
86 94
56 68
72 93
2 6
31 41
26 46
2 32
3 15
7 15
4 12
12 20
9 19
69 71
53 68
12 22
19 31
37 55
70 81
80 84
88 97
62 84
36 42
86 96
20 37
43 48
60 65
52 97
44 49
46 58
49 56
86 89
17 34
39 49
11 19
13 21
5 10
12 21
93 98
11 26
29 49
26 30
75 90
68 72
35 52
19 33
31 43
83 94
40 46
54 60
13 19
73 86
53 57
33 38
15 31
59 72
2 15
68 71
73 83
51 61
23 36
12 51
80 86
97 100
65 92
79 85
36 40
66 76
77 82
24 53
26 31
34 40
62 76
36 45
36 41
22 37
35 42
16 21
61 79
37 50
63 76
49 62
74 77
74 89
46 54
75 84
3 11
78 90
60 71
8 15
16 32
67 82
5 13
78 91
45 62
4 9
78 86
56 60
67 74
72 77
59 69
63 66
63 71
63 73
65 72
27 31
20 30
5 18
14 19
52 57
28 32
73 85
68 82
22 29
36 45
59 89
85 98
16 23
42 52
31 34
52 56
34 53
14 16
7 19
80 89
67 84
43 59
74 83
18 34
45 60
52 56
24 32
18 28
7 13
3 8
69 72
30 38
34 36
71 85
90 96
75 79
12 18
7 49
47 57
48 59
21 32
42 61
43 46
83 88
86 97
57 75
18 24
13 17
81 88
18 31
9 24
25 35
82 94
53 65
9 22
89 90
59 63
58 64
45 54
77 91
21 27
22 34
5 18
7 13
79 94
64 74
73 79
60 67
70 98
57 61
40 48
3 8
96 100
30 44
81 88
19 35
28 45
38 44
32 41
20 29
11 48
10 20
4 10
18 25
15 23
