100 20 20 16
00000000000000000000
00000000001100010011
00000010000011100000
00000000010000000000
11001000001100001100
00000000010000000000
00000000000000000000
00000000000001111100
11111111110000000000
00000000001100001111
11000000000010000000
00011110000000111111
00000100011110000000
00000000100000000000
11100100000000111000
00000001111000000011
00011100000000000000
00000000000110000000
00000000000000000000
0101010100010000000
0101010100010000000
0001010000010011000
0001000000010101000
0001000001010101000
0000101001010000000
0000001000000000000
0010001001000010000
0010001001000101000
0000100101000101000
0000100100010000000
0000100000000000000
0001100000010000000
0101010010101000000
0100010000100000100
0010001000100101000
0010000100100001010
0000000100100001010
0100000000100001000
0100000000100001000
5420
76 92
13 16
4 24
12 21
19 26
61 68
44 50
59 81
48 51
65 73
11 23
13 32
64 71
42 50
31 61
31 38
9 12
37 41
61 67
30 33
88 95
72 90
29 45
39 56
32 44
19 50
33 48
15 26
10 29
62 78
49 77
44 63
60 67
22 25
33 59
14 36
31 36
56 58
80 85
74 95
57 61
64 69
4 16
18 36
90 93
7 27
2 26
3 11
69 75
61 71
52 67
21 31
52 71
26 31
33 46
48 55
21 24
47 56
79 84
3 14
28 36
27 32
91 94
31 49
84 93
85 97
83 88
31 40
33 41
39 72
86 95
92 97
90 99
9 23
71 77
18 29
35 41
89 93
7 14
85 95
4 15
92 99
81 90
8 29
2 11
2 4
50 66
32 42
45 60
20 29
82 93
59 75
14 28
16 21
32 38
15 22
3 23
57 78
57 67
34 38
77 85
12 16
3 17
70 80
91 94
29 45
59 75
18 24
43 53
44 48
33 45
41 50
9 14
52 77
68 86
26 39
32 37
20 34
40 43
12 32
88 98
21 38
87 93
42 59
25 32
38 47
80 98
21 29
57 76
20 26
22 35
82 87
60 68
97 100
43 51
62 72
17 31
9 13
65 78
16 20
16 23
11 26
53 59
14 20
86 99
6 17
41 47
74 88
25 32
53 81
79 86
33 39
19 26
91 97
12 20
86 94
33 51
78 83
9 24
78 79
34 40
27 44
9 33
44 53
28 38
82 92
47 71
48 52
16 27
21 29
82 86
33 78
69 97
13 27
52 59
22 35
65 74
37 43
44 58
43 61
52 71
24 29
76 82
64 69
47 62
56 71
2 10
30 56
64 72
77 89
14 44
76 96
33 43
38 42
58 68
78 92
6 19
7 15
40 43
23 61
42 48
22 25
37 55
75 80
30 37
37 63
86 93
2 24
35 43
45 48
8 16
3 11
63 70
22 34
92 98
41 61
84 90
77 86
84 100
87 97
97 100
11 25
55 60
37 57
59 68
26 31
85 90
23 32
35 55
69 87
51 71
82 89
94 98
59 64
20 33
58 72
25 39
56 60
19 28
58 64
83 97
24 32
83 100
58 68
41 47
10 28
22 29
66 78
51 77
84 99
66 73
24 32
4 13
20 47
68 82
30 35
63 75
95 98
67 83
50 64
35 43
21 25
18 20
32 38
70 81
55 68
18 24
67 77
4 12
38 46
63 72
34 47
76 91
30 43
46 64
7 33
68 74
68 85
59 64
68 71
65 71
38 49
92 97
41 49
17 28
37 51
33 43
54 57
38 47
49 60
41 45
48 56
6 17
40 46
88 93
19 35
65 72
47 52
30 37
15 26
43 52
90 98
20 33
38 43
38 51
46 57
3 6
36 41
84 95
92 97
24 33
75 88
78 89
39 47
44 52
65 72
29 38
74 82
23 42
6 12
61 74
29 47
14 37
5 16
22 34
26 34
49 63
64 72
63 72
37 60
68 78
66 68
33 45
41 47
2 31
38 49
26 38
40 52
39 48
76 80
36 78
91 95
37 39
48 80
67 74
21 28
90 98
56 66
8 14
57 75
33 38
68 74
63 71
63 70
84 89
44 53
39 52
7 10
43 69
17 44
52 82
81 90
69 81
9 15
87 98
73 79
66 72
42 52
46 61
41 73
62 80
6 14
25 31
48 57
80 91
5 16
9 16
45 58
7 17
14 17
10 45
80 87
71 81
32 43
55 71
12 20
33 36
40 49
39 64
3 19
66 75
80 92
71 76
72 79
15 23
58 67
42 45
67 88
75 83
37 62
88 92
26 39
30 70
28 44
19 27
41 52
81 86
17 23
74 92
49 66
18 29
65 82
63 70
7 15
54 82
16 21
45 56
88 97
46 51
86 100
22 27
68 77
8 19
38 47
33 42
21 41
57 60
22 36
58 73
23 32
42 51
74 79
56 79
69 72
20 33
61 65
52 58
14 36
68 77
20 24
75 83
13 22
27 35
27 40
33 42
33 38
57 61
39 47
45 55
46 55
46 62
38 54
69 73
83 98
87 98
71 79
26 35
61 69
90 96
13 17
3 21
66 76
50 58
47 56
62 67
40 42
91 94
49 77
40 49
14 20
29 34
31 38
41 49
58 60
67 81
73 83
72 83
25 41
19 25
48 57
7 12
70 79
14 24
88 93
21 39
39 47
62 68
76 83
40 51
75 96
71 76
43 47
18 29
36 43
10 13
57 60
26 32
43 53
23 37
33 39
23 34
22 32
6 18
22 59
38 44
33 67
55 68
57 77
48 54
42 52
75 81
26 43
66 72
4 10
95 100
49 56
18 30
40 48
74 88
46 47
54 65
51 65
91 97
11 17
19 23
9 19
35 36
68 76
86 98
63 93
46 61
77 91
27 40
55 60
50 56
25 51
73 87
44 50
18 61
56 69
85 96
14 19
40 45
10 17
65 84
5 25
2 15
22 26
52 60
59 73
59 69
50 58
90 96
24 38
31 38
90 98
11 21
92 99
29 39
23 28
43 57
67 75
28 40
62 68
66 75
12 30
54 74
57 90
9 27
52 62
18 24
91 94
56 77
50 54
27 42
32 37
10 32
45 51
79 86
56 64
14 24
80 90
76 82
1 11
25 41
12 21
37 43
30 47
60 70
62 83
62 70
25 45
18 29
47 53
73 84
73 80
47 56
22 29
61 66
47 69
96 99
3 16
87 91
52 59
53 71
6 12
76 86
19 23
52 66
17 23
88 92
85 87
61 71
88 91
48 52
2 16
32 37
25 30
81 100
32 37
70 77
49 65
41 57
70 86
22 33
71 77
12 29
30 41
21 34
4 10
69 78
27 38
58 64
66 80
11 18
64 76
78 87
13 22
3 14
48 65
79 86
31 38
18 30
16 28
52 59
4 12
29 47
82 87
86 91
60 67
82 86
77 80
79 86
21 28
87 95
48 64
38 60
73 81
68 76
73 82
9 16
22 24
80 91
40 46
72 91
75 89
61 67
64 73
63 100
77 81
53 57
54 58
30 35
22 27
3 14
51 54
48 77
64 70
16 21
66 74
47 53
8 12
39 45
8 9
11 20
51 71
86 91
28 33
8 12
56 65
26 30
20 25
8 13
54 63
36 44
18 31
47 66
81 100
62 79
31 36
24 35
62 71
48 62
48 69
41 48
53 63
5 18
45 53
34 57
53 66
27 38
10 39
65 71
48 75
40 47
30 40
26 34
45 56
7 29
57 60
57 67
58 64
24 39
21 30
62 72
49 58
50 64
73 74
19 25
22 35
59 64
32 39
52 70
65 74
4 15
61 78
21 35
80 91
75 80
41 53
35 44
21 22
87 96
28 39
58 69
55 59
49 52
69 79
63 71
54 68
63 95
59 67
37 46
11 22
79 91
74 83
39 45
89 97
43 47
47 51
5 7
21 33
49 55
25 34
7 18
91 100
35 39
34 41
65 70
29 36
45 49
42 55
37 44
81 89
8 11
86 98
48 55
86 99
39 60
10 23
50 54
50 66
44 50
45 48
52 56
53 74
14 21
24 42
73 85
28 36
20 33
46 60
6 12
79 87
44 59
33 38
20 32
93 96
60 67
84 88
40 58
68 75
83 88
83 94
60 63
88 92
24 28
31 41
8 15
6 22
32 42
88 94
23 59
85 93
85 93
86 96
25 29
57 97
63 84
59 72
43 53
87 95
58 63
20 29
12 33
29 37
16 28
31 36
21 56
43 73
46 70
1 19
31 44
76 88
77 86
72 80
87 99
62 70
74 83
66 80
31 36
15 22
6 13
25 45
40 45
28 36
79 89
47 54
30 34
79 83
65 75
4 20
28 33
20 30
56 70
26 31
30 44
59 72
50 54
45 48
6 23
48 65
63 72
58 76
25 30
30 35
29 74
41 56
42 61
42 51
26 39
51 59
37 54
26 31
49 63
44 49
19 27
65 68
26 37
66 69
22 30
51 64
15 29
32 57
59 67
1 6
14 21
52 59
71 90
60 71
64 76
45 66
42 64
86 92
19 24
69 79
65 85
68 73
80 83
19 25
16 28
19 26
51 60
27 31
82 89
12 31
53 59
28 61
64 74
24 44
69 75
8 23
70 77
7 8
11 28
74 91
47 58
61 75
2 14
54 62
58 70
26 39
72 79
75 80
35 41
24 37
91 100
55 60
29 35
56 59
75 79
24 40
68 84
10 27
26 35
43 51
51 67
16 26
90 99
31 47
65 80
50 54
31 40
19 25
8 19
89 95
54 57
37 39
20 47
4 8
84 98
70 75
64 69
15 28
51 59
56 71
76 83
55 73
26 30
9 14
34 51
87 93
29 37
68 73
20 33
24 49
54 74
13 15
51 55
80 89
35 42
3 18
69 86
67 70
11 32
37 48
37 55
41 65
13 17
59 71
12 17
25 29
11 26
44 54
43 67
3 9
23 27
81 83
58 63
44 47
3 15
40 49
14 21
2 8
24 32
61 79
59 69
62 68
38 51
1 12
63 69
55 60
50 60
33 68
64 71
37 44
43 46
59 63
83 92
4 14
23 29
92 98
61 69
71 82
34 46
90 92
44 49
60 69
71 83
51 69
40 45
53 54
51 54
69 91
87 94
45 50
22 46
68 86
53 85
23 35
40 43
20 31
20 33
71 77
9 13
71 81
78 87
52 62
57 65
88 91
60 96
39 46
4 24
9 18
80 94
49 57
90 99
83 94
33 50
8 19
47 54
2 25
94 96
48 63
4 11
30 40
7 17
23 34
81 88
83 100
13 21
77 83
41 43
87 92
63 73
31 43
39 47
37 42
10 22
75 83
60 66
89 92
13 18
11 34
67 75
23 33
46 53
26 31
75 91
15 23
2 34
41 52
82 89
67 81
83 87
73 83
80 89
9 11
2 18
69 77
13 26
50 63
9 22
24 29
35 39
41 46
66 72
20 26
40 50
48 59
59 70
26 31
80 96
9 32
72 81
17 23
18 36
64 89
25 42
21 34
88 99
12 14
10 18
49 63
86 97
23 35
17 24
22 25
75 98
25 35
60 66
83 91
55 62
20 29
83 98
60 74
93 98
46 58
69 88
6 13
89 99
12 16
31 45
14 32
68 88
38 42
46 52
38 43
67 74
69 75
79 89
35 45
3 16
68 76
40 44
88 91
63 79
11 22
32 39
93 98
59 62
48 55
7 15
1 7
20 28
6 14
4 9
25 38
12 42
65 73
28 33
63 66
23 42
72 76
73 88
23 29
60 66
76 95
87 99
34 41
21 34
54 60
64 82
66 86
39 68
23 33
53 78
7 12
29 36
25 28
12 20
11 24
76 86
66 73
31 37
35 41
80 95
64 75
64 83
72 80
40 43
58 75
44 50
52 60
34 44
50 59
4 13
27 79
74 83
50 63
19 31
33 42
22 27
63 70
50 57
54 74
14 19
44 45
17 24
81 88
23 38
70 76
86 91
18 28
39 52
83 85
36 46
35 45
6 10
26 35
42 47
63 67
50 63
51 54
85 90
70 98
15 24
72 78
29 44
60 70
56 63
81 86
23 40
42 56
49 61
5 22
59 83
21 36
35 41
91 94
46 66
9 27
50 59
43 52
16 36
82 91
39 46
92 98
2 7
22 28
40 50
30 36
51 59
38 44
61 78
9 10
25 34
70 74
44 72
67 77
31 41
26 32
4 17
57 62
20 38
56 66
80 82
6 13
55 71
5 15
9 15
42 54
5 16
43 45
1 8
60 73
16 22
43 50
68 74
62 71
85 93
27 30
39 46
13 21
53 60
69 79
81 90
52 60
27 35
80 98
65 83
36 57
35 39
38 45
2 3
48 60
16 25
37 51
47 52
46 50
65 92
26 43
61 65
90 94
85 89
57 66
52 53
37 41
55 62
57 64
73 81
87 92
33 36
45 54
79 93
63 79
25 29
4 14
92 100
12 21
51 75
45 48
3 9
65 76
47 55
29 33
94 99
17 25
15 30
27 34
38 48
21 45
50 66
44 50
44 61
58 65
15 23
46 58
63 78
10 40
16 18
77 84
83 92
61 74
89 95
16 25
22 31
2 13
24 33
61 75
80 94
1 8
72 76
44 65
13 16
41 48
45 65
59 65
47 54
82 87
27 49
31 55
8 15
63 73
25 43
89 93
40 48
3 28
11 24
55 66
84 92
65 73
20 34
91 95
43 49
32 43
53 58
10 20
59 63
41 53
54 70
45 54
64 68
62 74
18 37
1 5
8 28
69 86
52 68
86 94
41 55
38 48
2 15
64 72
44 53
82 98
28 38
21 28
21 42
85 92
62 87
79 86
86 93
31 37
76 93
35 43
30 38
8 20
35 37
70 86
82 99
6 30
76 91
3 13
83 98
53 63
45 48
45 48
74 82
77 81
29 52
39 53
61 67
63 69
49 61
81 90
89 98
67 73
43 45
83 87
70 80
57 66
42 55
37 52
43 51
77 87
11 17
85 97
26 38
6 15
9 15
23 30
73 80
42 59
40 48
21 25
23 31
24 33
42 74
30 40
32 36
77 88
2 15
21 22
63 83
11 18
32 49
86 90
51 58
43 53
45 49
36 56
64 77
79 85
4 29
64 87
58 74
59 70
57 73
50 61
43 47
12 35
36 53
64 72
13 20
47 53
27 31
51 78
25 32
76 90
55 59
9 12
27 40
80 84
71 82
51 70
45 64
64 74
19 37
27 34
93 96
33 43
57 64
35 45
79 91
1 13
75 92
54 67
9 11
76 83
25 31
26 34
55 62
67 83
34 39
51 79
23 31
78 91
25 36
94 98
29 36
77 86
83 87
71 78
1 11
46 53
35 39
86 93
69 83
65 69
40 46
95 100
44 53
37 43
12 17
54 63
34 46
17 21
59 68
69 91
90 93
23 29
85 95
46 53
28 35
3 6
81 86
45 55
8 13
73 81
54 68
55 62
46 63
22 28
13 28
70 76
78 82
81 91
64 75
77 82
35 56
46 49
87 96
75 78
26 30
18 23
45 51
70 94
15 28
37 59
42 47
23 32
58 69
83 95
6 9
90 93
62 88
25 32
13 19
35 52
57 69
88 92
68 74
69 84
54 62
46 61
12 20
26 31
85 90
42 57
87 96
25 29
63 85
2 24
3 23
64 72
82 83
66 72
28 30
52 55
37 47
71 86
84 95
24 34
83 94
64 75
46 49
27 32
18 22
59 67
23 29
4 35
9 27
36 45
64 74
57 64
2 46
33 52
86 99
75 89
77 86
22 53
15 24
70 75
93 97
66 72
53 59
62 72
17 27
81 98
52 60
64 79
68 71
51 64
5 23
75 78
34 47
22 41
11 14
35 39
32 35
81 85
54 62
18 30
88 96
54 61
90 97
43 58
52 63
1 16
41 50
27 30
44 64
14 31
84 90
24 46
80 87
8 10
40 48
55 76
30 39
47 50
44 57
81 85
8 35
6 22
79 88
19 46
19 35
56 59
91 100
42 51
19 26
84 95
92 95
17 34
60 65
81 88
14 24
48 53
84 91
32 36
71 88
68 76
11 13
1 26
65 68
67 76
28 43
59 78
25 28
19 33
43 52
27 37
80 84
74 83
14 19
68 76
5 9
29 51
65 70
37 43
32 38
70 78
93 100
10 12
88 92
86 91
67 77
24 28
1 4
4 10
40 54
56 60
25 35
79 88
73 97
25 51
33 35
32 34
85 91
49 64
82 93
62 80
11 12
73 78
76 83
22 27
81 89
39 47
46 59
6 10
69 81
38 43
8 19
28 44
1 10
20 35
38 48
45 62
36 47
24 32
73 86
88 93
4 9
65 74
26 38
37 65
42 54
20 86
34 47
67 76
70 80
12 21
82 90
4 12
56 61
43 48
39 49
83 91
15 31
84 90
74 79
37 41
50 59
51 60
64 68
60 81
15 43
67 81
83 89
38 45
52 74
46 62
40 53
62 68
79 83
16 20
23 24
75 81
27 33
83 98
18 35
35 45
68 75
25 59
72 79
52 62
57 61
43 48
60 70
30 35
49 56
65 69
66 68
82 85
75 86
47 54
75 90
5 12
62 69
52 78
59 66
39 63
42 52
22 40
92 99
59 76
8 20
23 39
40 48
22 33
52 56
77 83
19 32
73 77
14 29
58 66
69 72
53 57
42 54
66 75
70 84
42 51
42 55
48 63
50 62
69 77
26 57
31 46
24 34
55 60
60 80
16 22
78 93
80 100
22 23
71 92
7 12
15 18
63 70
82 86
40 49
10 25
51 70
58 63
59 70
43 49
6 12
9 11
53 59
77 83
30 38
3 48
74 77
22 26
28 68
74 78
84 85
20 50
82 94
79 85
33 40
13 28
45 66
35 41
80 86
27 33
62 66
40 48
4 11
67 94
8 12
58 66
49 71
53 67
44 49
10 25
76 91
38 53
37 67
58 64
23 26
54 75
89 96
61 70
27 40
4 28
25 38
55 69
34 43
75 88
56 81
41 54
7 93
40 49
72 86
46 64
60 76
66 71
10 22
42 53
6 13
82 96
8 19
37 45
43 55
90 99
6 63
19 47
10 25
37 52
71 87
2 11
4 23
40 58
82 92
14 21
41 52
4 14
54 59
1 17
70 74
78 82
77 83
74 80
33 36
2 8
2 20
30 39
52 56
76 82
64 68
21 34
37 39
58 74
4 7
61 66
64 95
74 80
77 84
6 14
18 29
60 75
91 97
22 32
14 25
58 74
3 8
20 27
29 33
91 96
41 45
71 74
62 64
18 24
79 99
50 54
49 58
26 39
28 49
72 82
13 31
51 57
67 73
41 53
18 33
76 92
36 47
6 33
43 58
63 81
46 52
2 34
20 35
14 38
3 6
41 65
8 19
37 49
50 60
31 42
22 30
42 48
46 50
42 46
83 91
61 69
32 61
63 80
13 41
58 72
76 94
73 85
73 82
22 26
43 45
8 16
50 66
45 58
48 50
74 94
4 7
44 61
66 98
46 56
17 31
3 10
22 29
57 67
50 54
28 44
85 91
18 25
27 31
61 75
33 47
19 28
90 99
75 79
46 64
59 73
43 63
46 67
34 49
59 67
47 51
2 19
66 73
77 90
56 69
6 30
33 37
22 33
56 86
36 40
53 63
83 95
20 35
67 82
64 72
20 37
27 32
31 39
36 52
42 52
69 89
33 76
64 84
5 11
62 74
92 100
56 62
71 74
60 69
70 75
65 86
74 86
37 58
47 55
65 73
37 48
52 65
9 18
36 73
38 40
8 21
24 34
84 97
41 51
67 89
51 61
60 68
80 92
8 12
12 35
12 16
79 95
63 87
90 97
66 72
11 20
29 49
9 18
82 86
41 50
55 61
3 6
53 67
65 72
20 28
58 71
82 89
38 46
76 86
80 95
52 65
6 21
32 49
74 84
9 14
73 95
38 49
79 88
35 59
40 49
37 47
13 35
78 81
32 44
85 95
70 72
5 10
31 50
26 44
60 67
38 49
34 47
71 77
33 40
33 43
37 45
39 47
6 11
37 49
32 35
79 92
75 79
37 40
25 32
51 56
90 99
46 58
18 51
63 71
19 37
14 31
90 100
84 90
30 35
43 46
22 29
23 26
49 83
53 59
29 41
17 40
58 87
76 86
3 7
23 26
86 92
29 36
26 37
4 24
53 66
66 70
67 74
54 61
77 85
86 100
14 20
36 38
75 80
86 97
84 99
73 86
67 83
39 47
63 68
60 100
54 84
13 19
54 63
54 64
26 35
57 70
22 28
5 21
9 25
28 43
61 74
27 32
78 85
58 63
25 48
69 74
58 73
68 75
68 94
34 42
90 99
54 69
79 81
43 54
81 99
2 59
71 78
64 77
17 20
59 63
34 51
79 94
81 87
69 91
57 68
13 24
12 19
73 77
84 100
48 54
16 27
63 67
30 42
33 37
20 36
69 80
27 40
71 90
35 92
23 31
15 22
37 41
76 82
86 99
63 77
56 62
4 7
38 46
11 53
46 59
44 72
75 91
67 85
33 42
8 13
87 97
7 24
70 75
57 71
16 25
4 27
58 72
14 24
22 34
4 24
49 59
56 72
15 35
18 41
3 10
12 31
21 34
55 80
88 91
62 76
86 99
43 47
79 85
85 92
5 10
32 34
20 23
77 89
11 18
69 83
39 61
87 98
56 64
83 92
96 99
59 67
9 19
74 84
56 73
33 48
18 19
65 86
35 48
19 36
32 40
65 71
5 11
20 29
44 58
35 41
57 61
26 41
45 62
22 30
55 71
27 33
42 57
21 34
1 5
18 23
7 18
12 17
34 48
91 100
79 94
75 86
5 18
47 52
88 96
58 68
82 96
11 17
66 75
4 18
46 53
56 59
67 75
7 12
79 80
2 14
60 69
16 20
44 54
39 61
59 67
62 70
46 54
50 84
2 10
43 56
9 14
48 54
13 23
78 89
61 80
19 23
36 52
21 31
87 95
66 77
32 48
95 100
43 56
1 21
20 40
64 75
51 65
47 52
65 71
9 15
32 42
71 75
77 78
23 35
83 96
35 39
22 41
32 48
34 38
29 38
60 75
36 40
11 26
35 36
53 66
33 50
45 87
31 34
44 71
41 46
28 35
21 31
34 37
41 45
12 21
7 11
87 92
49 59
40 45
41 49
54 56
10 24
32 36
24 28
5 11
7 22
64 70
14 32
17 38
16 30
63 73
59 75
16 23
8 20
11 20
36 45
39 48
59 65
96 98
61 69
60 71
36 42
33 39
74 86
92 95
59 84
83 90
5 30
11 63
17 24
43 54
38 45
54 62
75 79
7 11
29 72
64 72
19 25
5 15
60 65
89 92
66 73
29 39
62 76
5 14
41 52
18 23
12 16
22 24
71 82
57 84
7 15
30 41
63 84
42 57
92 99
20 37
22 33
55 70
58 86
30 44
69 76
51 56
48 55
43 52
90 96
54 59
41 47
37 41
57 73
93 96
78 80
48 59
44 61
45 57
19 27
85 91
16 20
2 7
62 68
55 65
33 45
75 83
34 49
31 54
7 16
63 72
49 52
21 33
42 49
12 18
87 96
26 42
55 77
77 86
2 7
61 70
86 96
1 6
5 10
9 23
53 61
45 48
18 27
9 21
9 29
91 97
91 95
20 23
40 44
47 53
35 39
5 12
86 99
50 71
3 22
44 57
72 80
6 16
31 67
58 76
65 71
29 32
2 10
70 100
33 39
47 61
45 56
72 74
92 95
21 27
9 17
34 52
33 46
69 84
51 56
7 15
14 21
62 83
87 92
59 65
19 24
73 83
61 68
26 33
44 53
55 71
85 91
91 100
82 92
82 98
6 16
43 53
12 22
12 30
22 24
8 10
16 22
48 56
11 16
6 15
68 82
59 72
8 12
4 11
31 34
21 25
83 92
95 99
70 75
21 40
90 91
75 79
16 28
31 45
69 73
33 39
49 65
4 13
72 78
21 34
51 64
25 31
86 96
43 59
31 43
73 92
69 78
49 54
85 92
51 69
57 70
6 8
46 55
28 39
19 22
10 20
30 41
53 65
89 93
22 38
64 67
16 28
34 46
34 37
85 100
85 95
83 89
60 65
88 93
17 27
23 30
32 49
69 72
4 13
16 31
9 60
4 14
82 88
20 34
62 66
1 13
44 47
6 16
29 43
76 83
60 67
27 53
1 22
3 17
41 54
87 94
2 15
77 84
2 4
19 33
58 96
42 53
36 50
12 21
26 35
30 40
39 46
61 72
77 84
58 90
66 76
18 27
25 32
13 22
15 32
66 75
27 56
49 52
16 25
14 28
45 50
8 20
30 44
86 92
48 67
42 47
12 15
77 83
19 32
83 85
40 48
84 95
25 37
17 47
31 47
70 76
8 23
24 47
29 33
81 96
32 47
31 35
38 42
25 34
36 42
31 35
69 84
3 7
27 34
71 78
81 85
45 49
88 96
26 35
85 93
25 49
65 68
74 93
16 25
59 65
22 26
72 78
75 86
37 43
61 65
12 45
96 97
77 80
85 91
84 94
5 11
16 25
40 45
69 80
53 73
50 66
66 98
38 61
52 54
51 56
89 98
27 38
21 27
66 69
78 92
74 96
14 32
90 94
49 56
75 88
1 13
53 63
51 63
43 60
66 72
9 25
35 38
68 76
68 72
31 37
11 22
33 36
32 49
50 56
49 55
53 61
41 60
89 90
18 29
43 51
42 51
63 76
78 85
44 73
43 52
27 42
36 42
59 64
63 70
16 24
81 85
39 42
88 94
59 64
58 71
36 42
9 12
12 30
74 89
1 11
9 18
1 28
27 37
6 8
38 41
93 96
51 65
55 76
4 11
78 83
33 46
54 78
24 31
95 100
90 95
26 39
19 43
40 47
65 71
75 81
43 48
64 67
47 59
67 74
78 85
28 30
82 91
4 15
49 60
21 25
6 20
61 69
52 58
2 25
70 79
15 26
73 83
58 76
20 29
7 19
37 46
65 72
71 78
14 24
27 37
47 60
79 86
81 85
38 43
79 100
79 88
66 82
42 46
76 86
61 69
25 28
60 67
18 21
85 91
45 51
13 23
29 90
73 90
80 97
23 27
72 85
6 22
87 95
4 27
73 83
70 78
27 34
12 19
60 98
16 22
80 89
34 57
33 48
41 50
83 89
31 33
17 32
6 19
82 99
32 43
40 48
74 85
9 25
70 87
71 74
58 82
67 81
57 68
35 42
26 35
54 64
3 10
69 99
57 64
53 58
61 74
6 12
49 58
32 45
5 15
29 45
36 52
7 14
71 95
50 81
45 53
41 48
34 41
77 80
57 66
27 47
85 98
92 98
74 81
61 66
15 34
68 86
82 87
57 71
91 97
17 31
78 89
36 46
44 52
55 72
61 66
65 76
12 19
53 65
78 86
36 56
14 27
64 75
11 24
39 61
27 35
54 58
4 19
86 97
78 80
25 40
39 41
73 84
87 89
1 6
36 40
76 86
85 94
23 30
12 35
74 94
67 80
56 67
85 99
61 72
31 39
37 44
29 44
26 31
59 73
77 96
56 65
6 15
58 62
84 90
36 40
78 92
67 79
73 78
63 81
62 84
33 56
73 84
19 42
1 10
82 88
21 25
67 74
19 29
6 21
39 43
81 92
36 46
20 35
58 69
73 79
57 70
80 87
83 91
20 21
8 18
65 69
71 81
67 79
32 44
35 68
56 74
71 78
33 40
22 28
24 30
15 19
42 55
59 67
50 57
37 48
53 56
84 100
50 73
59 85
13 19
33 72
21 40
40 44
76 78
50 53
84 88
76 85
68 87
70 80
54 60
8 19
69 87
14 23
47 52
12 23
33 50
62 73
52 61
26 35
34 53
5 9
83 89
39 43
28 40
54 61
82 93
37 48
24 30
84 90
5 20
15 19
82 92
43 48
28 53
25 59
31 37
27 36
16 28
27 58
28 33
43 50
94 99
44 55
51 78
35 45
50 54
74 85
36 52
3 7
85 94
62 68
30 39
9 25
84 89
35 50
69 79
4 23
65 68
67 74
22 58
64 80
18 40
14 17
19 29
82 89
27 32
22 29
85 91
28 34
31 32
47 53
68 73
63 74
22 25
59 82
68 77
49 71
34 47
36 40
28 31
13 19
17 21
67 70
42 52
62 67
55 67
86 100
18 35
15 34
83 91
7 10
44 50
10 20
55 58
84 98
43 51
51 64
26 33
25 43
66 73
14 21
23 32
24 29
34 78
28 33
80 82
18 35
81 89
1 6
89 97
21 27
70 87
42 56
28 37
56 74
80 85
39 43
58 63
69 85
86 98
12 20
69 76
92 99
15 40
7 11
79 81
40 48
30 37
28 43
12 18
94 97
35 54
27 58
12 20
3 10
36 48
15 22
19 30
71 78
88 95
32 34
19 21
19 32
49 62
15 27
75 87
60 65
43 52
22 36
78 89
70 80
26 38
55 62
62 77
81 95
9 17
42 49
82 85
69 90
8 16
6 14
22 48
1 10
76 95
67 72
75 79
56 60
31 50
65 69
21 29
81 99
70 79
65 68
63 86
61 69
36 63
51 54
40 46
59 66
30 42
49 53
73 77
42 44
62 81
1 15
62 69
76 88
90 98
85 93
3 27
54 64
41 48
47 58
20 30
16 19
34 43
63 67
75 88
20 31
79 98
29 34
13 31
66 82
15 20
67 78
79 88
56 70
29 37
75 84
40 43
2 4
15 20
54 57
52 64
29 45
55 63
81 100
90 92
62 66
52 58
58 61
32 47
57 77
74 82
67 70
89 99
18 20
47 66
81 92
22 39
48 57
6 22
4 9
54 68
5 29
55 60
38 75
34 39
49 57
79 91
12 19
75 78
16 29
57 63
35 57
25 31
35 39
24 31
12 16
85 97
1 10
42 67
40 59
78 84
75 80
32 37
94 98
58 68
1 11
45 61
71 80
30 41
20 34
47 61
7 11
79 92
8 46
41 43
22 29
25 37
44 51
14 19
34 43
30 44
55 59
30 43
10 19
44 55
12 36
41 48
45 62
70 75
51 59
45 63
31 41
71 90
25 35
47 57
11 31
56 61
64 81
74 81
20 27
86 95
59 69
91 100
12 19
38 55
52 66
64 83
58 69
12 17
55 58
10 20
46 55
30 55
71 81
62 89
2 17
25 31
93 98
63 84
68 93
66 87
29 33
15 25
17 22
2 27
35 38
54 66
22 41
55 77
58 85
13 24
93 100
4 20
59 77
75 90
7 20
53 62
46 77
22 42
24 32
49 60
85 98
63 77
96 100
27 33
44 66
7 15
60 63
81 89
6 11
2 13
46 53
83 89
40 54
58 69
16 20
87 99
83 85
4 8
35 42
14 18
63 72
14 18
42 50
25 28
53 65
3 14
52 61
72 80
90 100
53 60
72 85
88 94
91 96
82 92
23 33
40 68
96 100
44 50
37 60
12 18
88 96
17 22
82 94
73 86
40 45
65 83
63 68
8 9
17 26
15 18
42 51
63 77
56 59
70 77
7 15
50 52
33 52
60 65
54 65
74 95
36 43
4 12
21 27
28 43
56 67
43 46
16 24
68 84
52 55
21 24
35 77
26 34
12 23
62 69
30 39
87 98
21 33
78 84
7 11
54 65
55 62
41 61
5 15
92 100
28 39
17 29
58 68
71 86
42 49
83 85
11 26
5 26
77 88
82 86
10 14
12 17
66 81
78 84
88 100
10 17
71 77
22 33
10 16
81 88
13 22
20 25
46 53
47 67
12 94
52 57
11 38
87 93
42 46
40 60
59 63
56 72
2 10
89 97
62 93
85 87
47 54
54 92
52 57
2 12
35 41
88 94
31 42
14 19
20 22
23 38
9 21
65 69
51 54
83 96
17 28
35 47
61 68
30 37
74 79
67 75
41 59
77 86
79 88
72 83
8 31
6 13
83 96
23 39
55 64
56 60
22 27
69 79
1 13
29 37
63 67
70 73
69 79
18 34
38 52
46 78
30 54
55 68
32 44
13 22
47 53
34 39
66 78
81 83
59 71
75 78
81 88
73 84
90 93
8 18
50 64
17 27
30 36
65 82
9 18
65 79
32 44
52 61
60 72
35 40
47 58
17 25
65 76
21 36
58 64
76 80
75 94
12 19
5 17
41 46
42 49
11 27
84 86
35 45
92 100
83 89
44 68
21 35
80 88
48 53
69 73
87 92
36 45
34 38
51 65
40 53
87 98
75 86
16 18
44 50
83 91
18 26
74 84
50 60
83 89
72 80
45 55
66 77
46 57
22 32
56 58
38 43
7 17
52 62
55 60
76 88
69 79
84 94
19 35
7 10
32 36
27 36
2 7
29 42
45 58
37 47
12 20
65 72
50 57
5 12
39 43
85 93
10 13
75 86
41 48
1 12
81 98
36 43
54 74
13 21
25 39
52 92
84 88
66 71
56 63
5 11
12 20
19 28
11 35
12 18
33 46
94 100
25 47
55 59
86 91
83 90
30 37
3 14
54 64
48 79
64 75
80 89
64 66
1 7
45 87
12 26
15 24
37 40
45 48
36 44
40 46
68 80
5 12
37 56
43 56
89 93
40 46
12 22
6 15
71 74
51 57
17 21
4 12
64 77
93 98
73 79
77 82
59 62
49 57
1 15
53 85
12 21
82 97
88 95
80 93
50 65
41 59
56 64
52 63
29 34
79 83
51 55
70 73
52 63
44 49
81 100
44 48
44 53
16 22
47 66
7 12
56 62
17 24
14 32
15 17
88 90
6 16
39 68
69 76
31 43
38 42
74 85
43 55
57 66
66 71
2 10
27 34
66 76
39 57
40 50
8 16
34 62
83 99
48 59
84 93
16 25
12 15
43 47
18 27
35 51
77 90
77 88
32 37
40 47
38 60
43 52
31 44
36 39
82 87
54 61
73 96
68 76
83 93
65 75
69 76
9 15
10 33
63 73
92 97
68 73
47 54
1 5
28 45
39 61
1 11
17 26
44 55
29 48
19 26
28 47
9 15
17 22
10 17
80 95
77 88
37 40
93 96
81 97
48 58
4 19
42 49
17 34
72 82
85 94
84 99
26 31
66 86
61 69
26 33
67 72
54 58
19 26
31 56
28 34
26 35
14 23
35 45
47 59
12 21
20 35
61 70
66 77
3 21
60 68
28 39
44 52
56 58
11 19
65 82
1 21
25 32
52 63
36 52
31 41
12 25
15 21
51 56
45 54
56 60
22 33
35 48
15 21
59 67
37 48
30 52
35 51
32 47
65 72
40 51
70 85
71 76
70 87
88 98
43 49
54 61
33 37
45 49
54 63
10 17
92 99
39 60
2 5
48 53
71 83
38 39
15 19
55 60
58 62
80 88
19 33
36 48
77 86
64 82
43 51
9 14
36 48
7 16
44 52
42 53
18 27
7 20
20 26
31 40
12 26
62 72
45 56
43 61
72 84
11 39
31 63
2 13
55 59
83 89
89 97
71 78
53 59
60 69
53 60
66 70
42 50
13 28
74 90
69 77
10 15
7 28
12 36
46 61
57 61
47 59
49 57
59 65
15 20
86 91
50 64
40 44
49 52
5 9
80 99
72 83
58 76
21 35
21 37
28 37
35 37
77 82
89 90
39 44
5 10
70 81
8 16
58 65
66 79
81 94
55 62
12 17
60 70
49 57
17 21
4 16
57 65
14 21
72 79
54 73
85 91
87 93
70 92
93 94
10 27
80 94
20 30
83 93
91 97
24 67
14 22
97 99
18 27
72 83
51 65
60 68
94 99
65 68
81 92
27 32
64 70
73 87
34 40
86 89
88 98
75 98
27 35
41 52
68 77
34 43
68 74
66 75
36 41
39 76
51 60
15 48
46 53
1 30
8 14
65 81
54 66
34 43
60 68
9 14
26 44
11 16
48 56
51 57
65 79
92 98
68 79
57 67
22 40
80 86
18 25
14 19
42 48
8 32
31 37
38 50
43 46
59 69
62 86
56 66
21 51
32 46
15 26
21 46
2 9
50 57
34 67
68 76
3 15
29 40
60 70
2 8
29 41
23 39
90 94
56 71
73 80
79 88
21 33
80 83
51 62
75 86
12 21
40 47
12 17
2 10
79 88
60 68
23 25
69 78
18 33
2 6
12 30
15 26
24 35
49 57
11 15
29 34
42 51
29 42
84 96
47 53
18 28
38 55
37 55
52 62
44 49
11 21
90 92
79 91
37 41
69 74
67 90
86 92
30 40
84 86
8 11
3 14
67 73
67 71
81 84
13 32
34 56
72 81
30 38
69 80
4 13
56 84
7 13
8 16
83 87
41 53
47 57
74 81
76 81
65 68
49 66
86 97
47 55
15 21
82 90
38 43
61 66
86 99
67 85
4 15
32 37
87 95
21 37
63 67
83 96
86 94
33 39
27 46
82 85
27 41
15 23
19 25
9 11
9 27
44 50
40 48
12 38
9 17
64 72
75 81
6 10
78 85
15 22
67 71
70 92
71 90
8 31
7 26
5 15
73 82
66 80
63 72
40 51
44 55
45 47
38 41
18 35
89 98
79 85
25 32
83 87
6 12
87 97
53 61
9 29
15 33
28 48
28 36
42 46
55 58
62 75
25 30
31 33
70 80
5 17
12 22
65 90
27 32
56 61
31 36
9 15
14 43
29 33
35 40
68 81
72 99
70 82
25 33
64 75
37 44
2 16
81 88
24 35
49 56
71 75
18 44
22 29
3 13
48 55
26 47
13 25
40 51
19 35
93 96
27 41
51 70
28 32
5 19
20 42
16 22
84 90
35 50
64 68
68 72
31 48
57 64
52 81
94 97
19 34
46 50
33 38
26 39
25 42
69 80
86 94
73 82
32 54
64 73
63 77
61 81
48 53
69 78
49 53
18 42
48 56
2 5
78 89
15 24
39 49
33 38
55 66
10 17
9 20
77 79
56 66
36 53
39 55
79 85
14 24
60 68
51 57
66 80
85 89
43 51
42 48
75 87
91 98
20 28
23 30
33 38
39 53
49 59
41 49
83 91
43 52
60 78
72 79
15 27
91 98
28 36
38 52
42 49
24 28
33 36
86 95
46 47
67 72
85 97
3 24
44 50
42 56
39 48
9 20
89 94
23 45
82 94
92 94
27 37
71 80
68 79
49 62
7 20
25 74
73 75
47 57
96 98
37 58
65 72
42 52
31 39
44 48
78 94
41 54
4 22
9 13
75 91
14 24
61 81
4 11
31 43
75 81
42 51
16 18
28 34
33 57
6 31
10 13
71 93
35 48
48 54
90 95
87 100
65 77
41 49
4 6
2 14
75 80
79 86
2 6
25 34
36 56
10 23
11 14
34 42
38 56
29 38
69 70
4 9
72 77
50 53
83 87
10 17
59 77
3 15
23 45
65 77
76 80
13 21
83 85
5 11
11 27
5 9
56 62
38 45
38 61
82 89
35 54
32 48
46 68
33 41
41 47
67 99
15 22
16 22
86 95
81 86
39 44
3 7
21 33
74 85
45 54
49 64
26 32
64 87
20 23
76 93
60 73
52 53
61 66
58 70
87 94
61 73
8 24
85 87
3 5
17 18
66 71
86 95
85 88
9 29
80 83
1 29
7 36
75 83
50 55
59 64
79 91
58 63
94 99
91 97
49 56
46 72
51 55
83 93
60 66
56 82
69 77
52 59
72 100
1 23
6 11
27 33
7 14
79 82
89 97
18 22
77 98
1 13
26 55
45 51
66 69
65 88
58 68
69 79
88 99
31 39
36 49
21 29
93 97
1 3
32 49
5 25
78 92
61 68
86 94
77 84
14 22
86 88
6 17
17 24
72 80
65 69
6 11
23 31
19 31
76 83
13 19
30 39
56 70
40 61
58 61
64 80
61 66
43 52
30 34
86 89
42 49
40 52
33 51
60 65
28 32
12 28
35 63
43 51
30 43
22 31
29 31
2 18
38 48
17 43
56 58
43 50
39 53
89 99
26 58
9 18
73 89
21 35
51 62
72 83
61 88
87 91
46 57
73 84
8 15
85 89
75 87
60 77
40 44
34 62
66 78
27 36
7 19
28 52
18 48
64 73
93 96
60 72
18 27
56 58
5 13
43 47
63 65
95 98
52 56
37 60
53 74
61 67
40 47
4 12
88 92
84 98
15 23
32 61
62 74
40 45
6 16
15 23
19 35
18 26
65 72
3 13
75 94
64 75
6 11
45 67
26 33
10 20
56 60
3 13
34 43
2 11
54 57
8 14
90 95
33 37
10 22
70 76
63 68
2 6
60 67
35 39
89 94
58 66
39 48
32 37
37 49
42 51
85 89
10 22
8 16
79 89
87 93
58 69
74 87
15 29
63 69
68 100
70 80
3 24
3 14
76 81
69 85
77 89
30 33
53 69
10 23
57 70
31 44
46 58
2 16
43 51
41 47
57 62
71 82
67 85
66 85
30 43
90 100
5 8
63 81
68 72
63 66
13 30
19 25
24 30
54 60
68 84
25 35
44 51
83 93
49 63
37 64
68 77
70 78
20 27
70 80
86 88
53 60
68 74
47 52
69 95
10 16
68 75
72 78
73 84
31 44
44 60
29 38
85 98
50 53
52 57
49 59
61 71
40 62
65 72
50 77
33 48
28 39
11 39
51 67
22 32
52 64
63 69
50 56
4 9
75 87
4 7
52 54
32 54
37 58
69 80
87 94
6 16
70 87
67 87
64 69
14 26
93 99
51 61
81 91
6 7
85 93
29 38
63 88
42 49
15 34
28 37
28 47
11 26
22 26
15 24
63 70
24 33
87 92
82 89
62 67
13 14
89 93
6 18
26 34
49 64
73 84
70 82
65 76
21 26
18 24
16 21
57 68
77 89
31 42
83 91
4 9
70 83
82 93
54 64
51 59
38 45
39 50
73 80
10 33
3 14
25 31
81 88
14 19
35 40
53 67
9 30
72 89
84 96
28 38
58 65
39 51
59 73
31 39
56 60
41 46
14 17
22 32
2 4
95 100
62 68
7 16
18 24
78 98
7 13
79 99
61 66
38 49
75 83
48 51
82 92
16 28
23 40
59 66
29 34
71 78
48 54
62 64
14 16
86 98
48 64
69 91
12 25
52 65
67 72
21 26
66 70
86 99
70 76
26 31
51 60
66 80
13 22
34 52
54 60
11 18
29 35
89 98
80 99
14 24
66 72
10 16
10 15
75 87
61 71
64 74
55 73
9 20
27 33
75 87
38 43
55 65
7 13
13 33
59 67
71 74
15 26
53 62
89 98
29 31
36 41
47 55
74 81
73 85
46 64
13 20
22 34
21 46
61 69
55 64
80 86
35 39
71 79
21 29
61 75
23 30
23 31
75 83
55 70
49 55
12 23
83 93
68 72
13 55
51 56
70 81
7 21
96 100
20 55
62 70
42 54
77 85
2 11
87 99
21 36
21 33
12 20
29 37
59 70
59 69
21 29
85 92
47 52
20 30
20 26
84 94
80 86
7 14
62 78
45 73
42 61
13 21
40 47
9 19
78 81
87 99
25 39
58 72
83 86
37 40
29 43
71 77
36 39
25 34
2 10
14 28
18 23
40 52
66 82
1 8
37 50
20 43
27 46
72 75
56 69
50 70
58 75
92 99
76 87
13 17
33 40
68 98
81 96
92 99
20 30
1 16
89 98
7 12
63 95
10 20
45 66
31 42
3 8
42 47
78 91
93 100
11 25
59 75
17 32
13 28
32 41
60 67
60 67
37 60
43 53
70 73
33 49
61 69
72 76
72 74
72 85
22 35
32 41
92 96
16 24
71 78
19 26
31 38
81 93
41 45
62 78
90 97
81 90
19 30
64 75
83 95
25 34
63 76
6 12
29 46
18 23
80 86
33 57
52 77
18 37
9 42
92 98
31 49
59 72
16 23
32 69
37 42
39 52
62 71
38 45
43 48
36 44
49 62
80 91
28 38
52 59
70 83
30 32
28 45
2 21
6 12
17 21
66 75
6 8
5 13
2 10
64 72
12 19
26 30
12 17
8 25
63 74
52 58
63 74
26 38
6 20
36 48
86 94
75 81
27 44
20 27
87 92
37 50
44 49
71 81
30 41
96 99
74 93
28 30
8 17
65 74
71 85
69 75
5 20
37 51
24 38
40 47
68 84
20 24
40 45
45 48
68 77
83 100
82 90
41 78
2 6
14 26
51 55
42 49
24 29
12 17
53 59
67 80
83 87
91 96
83 96
55 66
37 40
81 90
42 53
75 81
8 33
50 63
69 80
12 16
76 81
58 65
33 41
13 31
42 45
72 78
79 83
19 39
12 17
26 41
57 61
59 65
63 67
58 72
29 46
15 18
76 81
35 38
10 23
47 57
14 28
62 66
77 87
70 79
75 87
11 50
14 16
22 34
20 28
50 69
38 56
76 99
19 30
17 19
67 70
11 23
32 40
41 62
5 11
16 18
59 68
38 46
59 71
74 91
45 59
40 46
29 44
46 53
4 8
30 38
47 97
9 28
39 45
69 75
62 69
48 57
36 40
11 29
84 87
24 58
36 46
46 52
62 80
85 90
59 74
71 78
20 31
84 99
68 73
56 67
47 55
86 97
37 47
1 20
59 71
52 76
23 26
28 33
91 97
2 23
87 92
7 10
52 56
28 43
82 90
49 55
46 58
47 52
80 84
85 93
11 19
79 86
81 86
58 65
3 19
1 4
11 22
18 28
55 59
37 53
86 92
34 42
78 93
90 95
38 46
84 88
91 96
63 74
65 73
72 74
80 85
37 42
17 33
9 11
63 94
34 43
42 49
88 96
52 57
28 35
78 81
9 26
69 82
53 69
68 75
5 22
43 51
38 47
52 58
39 43
89 94
85 94
67 73
71 77
91 97
13 31
81 94
60 64
15 32
11 25
8 21
73 81
78 86
29 33
93 97
36 48
27 34
20 31
69 78
46 68
37 38
71 75
73 78
12 21
53 61
71 78
12 25
55 76
86 99
9 15
11 15
14 22
46 57
36 42
16 30
41 52
11 19
73 80
14 16
43 64
76 86
41 63
94 100
6 34
15 21
25 57
73 79
8 12
77 88
36 40
39 43
4 15
75 81
82 100
63 73
63 75
23 34
36 42
31 40
13 23
16 29
70 81
27 42
17 36
84 93
2 6
11 49
76 95
3 11
12 24
51 60
80 89
28 42
13 29
6 13
92 100
1 9
48 60
59 62
83 87
2 20
77 87
72 87
36 50
46 51
8 25
87 91
53 56
58 66
50 52
4 10
17 61
89 95
42 51
7 26
82 97
1 11
16 28
59 83
64 67
47 69
4 10
50 83
35 59
13 17
67 77
8 16
37 43
70 92
30 38
40 61
44 54
8 22
60 67
46 58
82 88
10 14
88 91
51 60
38 51
34 45
26 50
67 76
54 74
52 64
66 75
21 33
56 79
82 89
76 84
80 94
39 45
71 81
8 19
49 51
88 92
39 53
69 74
65 77
69 78
10 19
58 73
16 42
19 28
50 52
9 32
2 10
66 87
65 72
22 27
16 28
65 68
63 74
35 43
28 41
11 25
5 27
29 44
76 93
34 42
3 19
61 78
4 8
71 74
47 61
8 23
19 35
29 50
73 83
36 41
5 21
33 39
85 88
42 61
12 16
30 31
18 19
79 84
35 52
91 97
11 20
40 68
44 47
11 24
66 70
8 13
14 24
67 75
46 56
15 20
29 41
53 67
58 62
58 67
3 38
69 75
59 71
42 47
77 87
15 27
28 35
2 16
41 45
87 93
61 69
31 37
96 100
5 25
9 29
48 57
7 19
79 84
27 32
54 63
3 12
79 98
4 15
73 77
30 32
71 73
5 10
25 31
15 29
2 9
7 26
3 8
17 38
41 51
4 13
56 65
25 39
67 72
47 54
18 21
12 17
7 15
43 51
8 15
16 29
4 39
87 97
29 43
38 52
75 89
11 31
46 58
77 86
23 35
73 90
76 86
51 59
83 87
88 99
64 75
34 37
66 79
17 29
2 17
49 54
6 19
74 83
18 24
38 68
67 68
70 91
1 26
43 54
57 79
76 86
40 74
22 51
23 27
64 70
34 69
46 64
59 65
79 87
83 91
1 24
62 75
1 4
41 43
13 21
29 53
92 98
32 49
26 32
71 79
49 61
28 48
64 68
48 57
83 92
31 40
72 79
2 9
75 80
10 21
28 53
86 95
9 15
66 76
57 65
9 15
32 39
42 53
92 94
75 79
41 50
66 69
63 67
52 61
71 72
40 46
4 14
47 53
57 62
52 63
74 85
80 93
66 71
18 38
15 49
82 87
42 50
44 51
54 62
3 7
29 45
5 7
26 33
29 43
66 76
60 66
37 45
80 94
59 61
26 57
50 58
64 75
59 70
22 29
94 97
60 70
4 8
31 38
18 26
69 80
48 59
57 77
6 15
70 79
80 92
20 24
29 44
28 40
32 39
60 73
56 58
28 46
23 26
54 61
82 96
75 82
34 40
42 51
13 20
91 99
35 43
33 50
52 65
25 32
63 68
74 78
1 7
35 56
78 89
76 87
84 88
32 43
82 91
37 45
73 88
54 74
67 73
79 96
40 47
42 53
76 87
63 70
51 57
59 73
87 91
89 99
29 33
31 34
4 11
49 51
54 61
10 17
91 100
55 77
12 22
28 31
1 6
61 70
18 27
51 60
18 26
86 100
85 90
44 55
83 94
33 46
46 65
9 14
24 55
20 24
2 27
4 9
38 45
53 66
76 82
63 84
13 20
23 32
53 57
35 56
33 38
13 25
77 80
80 89
42 47
8 19
28 35
70 79
40 46
82 94
87 90
39 45
11 22
11 22
18 23
26 33
26 36
4 6
80 87
10 16
26 42
4 6
54 58
82 88
69 72
5 17
74 81
49 61
24 28
59 67
69 91
35 55
