100 20 20 8
00000000000000000000
00000000000000000000
00000000000000000000
00000000000000000000
00000000000000011111
00000000000000000000
00000000000000000000
00000000000000000000
00000000000000000000
00000000000000000000
00000000000000000000
00000000011111000000
00000000000000000000
11111000000000000000
00000000000000100000
00000000000000000000
00000000000000000000
00000000000000000000
00000000000000000000
0000000100000000000
0000000100000000000
0000000100000000000
0000000100000000000
0000000100000000000
0000000100000000000
0000000100000000000
0000000100000000000
0000000000000000000
0000000000000000000
0000000000000100000
0000000000000100000
0000000000000100000
0000000000000100000
0000000000000100000
0000000000000010000
0000000000000010000
0000000000000010000
0000000000000010000
0000000000000010000
4282
27 34
30 38
33 42
69 71
36 49
61 64
43 60
91 94
78 83
74 84
62 73
76 87
35 43
24 39
81 91
65 75
17 21
36 42
43 53
87 92
52 66
66 76
42 48
51 55
1 3
52 64
79 89
9 35
80 97
11 14
2 9
44 47
25 32
9 12
3 16
78 84
36 42
54 65
66 75
82 94
64 87
72 81
30 49
58 63
89 97
12 61
57 72
29 39
41 53
74 87
61 63
63 72
66 69
38 48
40 53
75 82
46 49
7 29
92 96
59 63
39 63
4 8
19 45
64 77
72 77
95 100
21 28
65 70
78 80
69 84
75 91
70 75
90 96
69 79
16 27
21 32
34 39
77 84
7 12
6 38
55 65
80 94
63 84
31 44
41 59
40 55
92 100
65 75
40 41
49 55
69 71
2 39
37 46
12 30
71 78
67 78
13 16
71 84
55 67
5 32
44 52
50 55
74 80
55 70
27 41
32 44
35 45
12 24
20 30
33 52
59 73
93 99
68 78
31 40
42 53
68 83
49 53
12 18
44 51
44 69
5 20
28 30
83 96
50 53
16 31
51 65
5 10
48 66
90 99
40 51
75 86
70 80
5 35
24 36
38 41
11 22
16 41
79 85
40 46
26 36
44 63
19 26
59 80
11 18
93 100
13 33
30 37
38 47
20 25
14 26
43 56
40 60
75 84
69 81
54 57
24 32
57 62
19 26
71 74
22 37
16 28
70 75
60 74
60 71
82 84
30 47
69 89
74 80
3 13
10 16
22 26
57 77
49 73
64 84
27 33
8 20
76 78
31 35
53 56
84 100
78 87
21 28
37 45
50 54
34 44
59 74
57 67
96 100
65 71
19 24
53 60
20 26
51 78
64 71
9 18
7 35
6 13
22 34
70 71
17 21
21 25
53 63
26 31
88 95
48 54
56 60
76 81
83 93
86 90
16 25
20 25
61 71
87 93
13 18
29 43
86 98
60 64
59 62
13 18
70 87
77 91
71 85
5 10
34 43
17 24
14 19
61 74
89 98
31 33
56 63
8 28
27 32
50 78
29 38
41 47
46 59
49 57
42 45
58 61
57 68
31 67
76 84
8 14
70 88
2 33
44 49
10 36
9 11
65 77
28 31
72 84
32 36
50 61
80 91
81 87
6 29
28 45
43 52
24 31
63 80
2 6
65 77
36 42
46 50
27 36
58 68
28 38
60 68
29 45
2 7
66 74
56 66
94 98
58 63
33 46
77 80
76 84
63 70
36 49
52 59
21 40
74 82
53 55
81 91
45 62
57 63
38 51
74 77
58 66
26 42
4 19
32 48
62 76
77 82
26 46
45 49
72 77
38 57
80 93
32 39
92 96
32 53
4 25
32 39
21 32
53 57
21 27
72 79
52 68
90 96
17 30
71 82
74 82
69 79
24 36
26 33
63 66
45 54
15 30
92 99
36 53
23 30
55 64
40 68
93 95
14 20
60 75
13 19
49 72
43 78
3 7
88 95
4 12
39 60
7 18
33 66
11 17
56 64
23 37
18 33
60 72
57 71
69 95
57 64
20 24
6 20
17 21
57 68
84 88
88 96
30 34
67 87
78 86
13 29
51 55
56 65
39 46
51 66
73 82
33 35
25 43
67 74
13 26
83 92
73 77
26 48
16 22
71 75
65 80
90 95
9 25
34 48
93 100
23 32
31 52
11 21
24 30
3 8
31 39
42 57
59 61
7 18
51 89
1 9
5 13
68 80
19 39
73 80
3 12
35 51
40 66
48 71
7 58
81 88
8 20
75 82
67 75
51 53
57 62
46 60
52 64
62 80
73 75
84 96
70 86
12 25
62 71
16 26
3 6
25 36
54 61
77 89
46 51
87 92
74 76
25 34
2 56
36 51
41 49
52 61
3 10
52 57
92 95
10 25
66 83
84 96
50 64
13 34
51 65
57 92
83 100
27 39
36 53
56 61
21 28
1 3
82 88
52 56
47 53
45 57
3 6
74 96
40 55
71 80
51 96
62 76
65 89
56 64
87 98
72 76
19 23
50 56
84 93
75 85
15 26
54 59
45 69
36 69
24 42
6 28
36 44
76 84
62 76
69 79
87 95
37 44
83 85
16 28
27 41
62 75
34 41
27 33
2 5
13 18
11 20
19 20
46 48
69 72
17 21
17 30
75 84
6 15
14 20
60 73
14 32
68 84
18 26
26 30
89 96
41 48
20 34
49 64
42 50
56 75
33 48
49 54
23 29
54 61
32 43
73 77
89 97
23 35
76 87
41 44
79 91
32 43
16 19
50 60
24 26
27 39
63 88
2 10
54 67
18 22
53 62
57 66
59 73
87 95
46 63
43 51
79 87
18 34
28 34
19 43
28 41
61 71
11 16
56 62
87 96
45 57
36 43
1 16
68 72
7 36
60 86
2 21
75 100
65 68
80 82
81 99
10 20
26 35
68 79
7 21
86 90
21 29
76 87
10 17
26 34
44 56
49 60
45 72
92 96
6 17
58 93
16 36
87 97
32 39
78 88
36 46
72 78
14 36
61 71
41 44
84 94
62 70
21 48
52 56
63 84
83 90
66 83
38 56
17 27
8 20
40 48
32 38
86 92
12 16
51 64
28 34
64 70
65 74
81 88
84 95
83 96
80 94
62 67
17 22
50 60
43 51
67 74
18 29
74 77
17 24
15 27
40 48
88 90
58 59
60 63
9 27
63 93
6 8
84 92
81 99
3 9
25 34
23 61
66 77
24 36
20 32
95 100
85 93
9 29
45 55
29 38
68 92
41 50
55 61
9 27
53 60
93 100
83 90
12 18
31 38
29 36
20 28
70 82
72 79
88 93
55 64
29 32
7 24
55 65
1 6
34 45
62 65
38 65
79 90
72 75
55 60
4 21
79 100
59 65
22 47
5 21
18 26
7 20
72 89
15 20
78 89
38 42
64 71
37 58
38 49
69 72
85 94
68 77
57 74
12 19
20 31
61 70
3 17
86 89
83 93
79 88
8 30
52 62
43 45
80 87
83 96
78 84
79 87
16 28
63 75
41 56
54 69
42 49
86 93
60 67
12 15
29 40
65 71
43 49
13 22
74 90
26 43
21 23
47 58
3 49
30 42
6 14
42 53
67 95
89 96
77 85
45 49
42 53
50 59
45 52
74 86
42 50
46 68
67 69
17 32
32 48
55 62
12 56
61 72
84 92
20 34
2 24
17 26
72 82
53 64
36 45
56 76
19 30
57 64
14 23
72 77
27 36
2 8
88 96
74 83
74 79
70 88
52 61
4 17
6 30
1 14
69 77
32 38
33 46
47 52
6 17
68 81
49 61
23 47
5 10
82 89
55 61
79 100
41 54
62 72
67 69
29 33
23 36
22 27
4 23
78 84
31 66
10 16
21 25
80 83
63 72
82 91
47 60
16 27
65 73
36 55
47 56
32 48
74 83
80 95
43 60
73 87
75 85
21 30
57 73
59 61
24 35
16 29
28 46
94 99
49 54
8 25
46 52
27 33
11 18
44 51
38 53
41 44
78 99
50 66
50 60
46 52
71 79
29 33
11 16
39 47
9 24
29 88
15 27
5 19
37 54
38 46
36 42
63 88
55 69
76 86
69 84
66 72
64 99
72 78
85 94
2 8
56 69
16 25
23 28
32 46
75 93
3 22
87 100
76 92
24 39
49 65
85 86
41 58
39 54
14 20
84 91
24 36
61 69
52 56
41 59
16 21
46 55
11 18
64 71
57 65
21 29
30 35
15 25
82 99
60 67
19 27
69 80
76 91
87 92
46 55
30 31
65 75
30 37
21 25
8 12
46 57
37 51
85 100
72 86
74 91
71 73
55 63
75 80
65 72
52 66
83 85
32 49
27 32
64 77
14 21
33 51
37 60
3 14
29 33
75 78
13 20
4 9
44 53
8 12
47 93
5 13
76 80
91 100
69 82
24 35
1 5
40 51
67 81
60 76
83 92
17 23
61 74
67 73
68 99
39 55
63 78
62 73
49 58
33 52
44 53
51 57
77 86
94 98
15 28
46 54
88 94
11 19
19 29
38 63
53 68
85 97
3 8
31 33
44 50
3 13
82 87
14 20
48 54
55 64
22 42
85 90
14 28
54 67
36 39
60 72
69 83
82 86
71 82
68 79
80 99
12 18
78 85
29 40
43 51
21 35
67 76
11 16
39 41
71 79
29 38
52 58
24 55
78 88
57 63
8 15
45 47
28 39
84 94
30 37
22 32
62 82
57 63
84 97
85 88
49 67
20 23
41 48
47 62
85 88
48 66
6 53
27 50
86 96
12 20
79 88
84 99
18 32
44 54
2 6
38 52
20 28
58 67
78 83
11 84
90 97
35 57
86 91
77 89
11 54
26 38
33 78
14 24
10 22
27 41
46 55
24 36
61 69
46 65
71 77
44 57
1 20
31 37
7 14
73 78
19 29
1 22
48 57
27 35
26 28
1 8
59 65
31 55
58 66
92 95
4 15
16 30
67 78
74 80
39 50
14 18
69 75
28 31
21 66
71 89
25 50
27 31
22 36
24 29
75 79
38 46
75 87
1 15
65 70
13 16
66 91
17 25
36 43
79 82
84 89
81 90
14 17
48 64
45 51
58 66
77 88
45 50
81 89
61 68
35 49
12 18
49 57
45 56
19 31
61 77
40 54
40 52
1 19
19 29
5 20
68 72
15 25
72 87
48 56
29 43
70 73
43 45
91 94
70 74
25 31
50 55
43 47
88 95
35 37
81 89
43 56
60 76
51 71
17 25
57 67
34 48
38 56
5 16
15 18
52 79
31 46
2 13
38 59
11 24
5 20
52 67
29 33
55 73
17 42
76 97
58 63
85 90
57 84
60 66
3 20
59 75
84 95
18 35
52 63
12 21
20 28
73 86
64 68
68 70
60 76
19 25
68 75
52 58
71 76
53 67
50 56
61 69
2 8
29 40
45 76
75 76
74 83
9 21
27 49
46 78
18 28
38 51
73 83
66 76
30 38
65 70
50 57
15 24
68 75
11 27
15 30
48 57
58 60
77 87
84 93
49 54
30 50
44 47
20 32
1 15
30 38
48 58
98 99
67 84
71 87
42 57
74 82
43 54
10 34
91 98
8 22
22 28
89 97
70 78
44 58
17 49
72 95
3 10
61 69
59 72
60 68
69 74
75 86
29 48
55 64
4 10
52 57
24 40
61 68
27 39
35 44
19 33
61 84
78 87
77 83
95 99
5 14
84 86
5 13
70 78
54 59
12 19
37 43
75 97
9 27
68 88
39 50
22 33
60 72
4 11
38 42
1 6
78 81
87 90
36 44
65 78
20 44
13 39
55 58
60 84
39 51
6 27
47 63
74 100
72 77
46 60
2 18
53 60
72 83
67 71
5 29
93 98
83 89
39 44
34 45
50 65
31 55
16 37
51 56
74 77
35 53
44 52
14 18
60 69
21 25
6 13
34 50
91 99
65 74
70 75
36 55
57 62
50 54
11 25
86 93
1 10
32 49
71 83
74 87
33 41
92 100
67 100
74 80
5 11
84 91
17 24
35 42
40 46
53 65
82 89
39 63
90 96
64 66
69 79
40 48
74 85
92 95
39 53
92 97
61 64
18 30
77 84
73 84
84 92
49 55
10 17
8 30
88 98
63 77
9 23
37 51
78 95
91 97
60 72
40 47
19 24
10 17
3 7
57 78
64 73
80 90
13 21
68 98
64 70
25 32
7 19
73 78
68 74
23 35
59 68
59 81
19 24
10 33
77 81
47 57
21 32
7 45
43 54
28 37
44 51
56 61
53 69
97 99
22 33
84 92
74 90
42 47
26 42
75 88
75 86
52 62
71 93
77 81
76 81
18 23
9 13
35 40
65 75
75 96
61 66
4 16
30 35
87 91
39 44
79 87
12 19
47 52
87 93
79 97
47 64
18 24
79 96
7 11
13 18
17 30
12 27
94 99
5 13
86 95
93 97
40 53
4 19
44 53
4 20
11 15
24 27
34 42
22 25
28 67
9 13
21 32
53 73
43 75
30 34
22 35
70 78
65 87
12 16
31 54
76 85
65 76
87 94
47 52
57 64
60 69
71 74
26 30
32 41
78 82
88 98
47 57
90 100
71 84
3 9
52 59
94 96
65 72
75 79
43 75
32 43
60 84
5 14
52 58
40 50
89 98
67 73
82 94
74 79
89 97
86 94
83 87
30 37
84 93
71 72
82 100
77 81
83 86
63 72
19 29
38 53
14 21
48 55
71 82
89 94
75 80
52 67
90 99
87 95
14 22
17 35
58 75
74 85
65 75
61 74
24 29
52 60
20 33
5 15
4 29
3 7
43 52
63 73
25 47
16 21
23 28
28 40
1 15
79 91
5 9
20 26
13 31
62 75
25 29
82 92
75 89
40 71
4 13
20 52
85 93
52 65
86 95
72 94
90 92
37 47
53 59
40 52
50 56
86 90
23 28
60 71
77 93
53 66
4 25
68 74
6 23
47 54
19 25
61 79
56 68
79 82
3 16
37 45
16 25
78 84
66 72
21 29
70 74
11 24
7 13
33 47
64 75
54 63
35 45
62 68
3 6
30 34
3 13
72 76
90 100
64 68
64 89
83 86
42 51
18 75
85 94
14 20
10 14
72 85
15 23
27 34
24 35
17 30
64 83
27 42
89 94
23 40
3 12
62 72
47 50
62 68
28 34
64 75
38 44
11 18
92 99
86 100
70 82
11 28
2 6
6 11
64 75
84 88
45 53
32 38
53 65
31 44
42 47
83 97
69 81
23 27
72 83
15 25
8 30
38 44
34 39
59 80
25 42
67 79
43 53
42 46
30 37
71 81
70 83
54 65
53 65
5 15
33 43
62 69
17 34
14 22
38 60
22 33
54 59
78 86
52 57
4 15
66 72
56 62
45 56
71 77
16 26
3 8
22 30
66 72
50 63
54 65
76 84
33 39
3 9
66 76
60 69
2 15
64 72
61 69
20 35
31 55
13 26
24 32
83 93
84 97
82 92
13 26
75 80
75 80
76 94
78 82
53 65
33 38
24 42
1 11
25 36
8 14
57 63
56 60
30 37
35 43
15 17
13 23
18 22
70 75
45 61
63 69
56 76
50 63
29 45
59 63
70 73
72 90
26 65
86 93
31 33
73 90
31 37
71 77
75 96
5 12
21 28
43 50
64 71
7 11
81 85
6 21
1 8
68 71
63 69
86 90
24 52
1 22
57 60
21 35
77 81
76 79
7 10
39 56
22 37
78 84
44 53
54 66
6 13
30 52
23 28
8 22
63 70
23 28
59 76
59 66
75 95
34 60
82 86
34 51
16 25
42 60
36 39
73 93
60 71
80 91
86 89
57 62
46 65
68 72
33 40
13 54
60 80
92 100
40 48
14 21
24 40
10 13
3 18
24 27
13 21
78 94
43 47
11 17
90 98
76 80
90 100
3 8
73 79
62 65
36 43
68 76
26 40
30 35
38 46
88 92
60 68
80 88
84 97
44 66
79 85
55 61
26 31
3 5
74 81
45 49
65 70
28 35
31 43
34 42
60 71
32 37
59 66
17 20
48 60
60 63
51 56
57 64
57 79
32 37
3 8
27 34
46 63
53 68
49 59
77 81
25 33
80 85
37 74
20 32
34 47
54 60
19 36
15 24
15 35
58 66
32 39
30 35
15 23
80 93
29 45
26 43
99 100
79 91
11 20
38 46
14 20
36 45
71 79
47 60
10 22
34 42
48 52
36 48
2 4
25 33
67 74
8 12
14 38
31 37
85 99
48 50
39 73
79 100
22 25
12 15
46 52
55 67
19 24
73 89
64 69
79 88
20 28
67 71
50 73
24 30
32 35
87 94
66 75
68 75
15 33
13 22
71 77
13 43
94 97
17 30
58 67
46 62
37 44
12 28
19 36
14 20
62 68
76 93
27 47
8 22
18 22
28 39
69 72
13 18
84 91
55 68
37 45
84 87
40 56
78 82
60 63
43 54
69 77
37 57
21 23
27 42
50 57
16 38
17 21
89 91
28 39
10 28
87 96
46 51
44 53
25 37
31 50
72 80
50 91
55 58
59 79
28 37
21 25
48 52
33 92
67 77
42 55
81 85
70 84
36 39
42 46
80 86
8 16
86 91
89 98
35 42
69 93
80 96
85 92
59 72
49 53
55 63
89 97
43 51
83 88
3 31
50 61
1 22
39 61
75 94
87 97
83 89
36 44
72 87
55 69
21 28
11 17
15 22
3 8
60 78
42 53
72 82
4 17
81 99
37 43
96 99
35 55
81 88
28 32
64 75
50 69
88 93
43 52
90 97
71 75
3 15
41 56
19 23
85 92
69 74
45 63
65 77
1 5
55 58
61 64
29 43
46 58
88 100
43 49
14 25
79 85
64 75
85 97
6 30
81 98
28 50
71 81
66 68
41 45
38 62
76 84
52 75
61 67
93 100
51 59
72 80
34 48
81 90
41 59
65 81
62 66
66 97
23 33
25 29
29 36
48 67
54 67
95 98
46 56
69 86
23 38
72 83
83 99
19 33
52 56
90 97
61 65
15 22
26 34
24 29
2 6
57 64
43 51
39 75
14 23
72 75
34 40
49 57
64 71
32 93
24 28
88 95
84 97
65 67
34 46
52 57
30 36
37 39
26 41
45 52
96 99
74 86
35 41
41 47
85 92
67 70
74 86
13 24
26 31
69 82
78 88
69 78
40 46
38 48
68 90
21 29
73 78
46 54
53 60
42 62
43 51
44 55
77 82
2 35
85 88
51 63
33 36
30 36
70 97
76 85
42 56
7 30
69 80
59 76
46 53
50 54
51 56
8 12
76 88
30 35
88 95
38 43
67 78
62 78
85 90
57 70
25 27
29 57
66 75
1 9
24 36
80 86
76 80
27 35
82 87
81 86
18 27
90 94
90 100
65 83
70 79
81 88
93 99
35 45
74 81
66 69
83 92
22 42
15 23
80 85
50 55
14 19
10 25
91 99
80 94
62 77
10 17
56 71
13 18
50 58
6 19
86 94
78 90
72 94
23 39
36 46
80 89
31 39
59 72
71 89
8 27
28 30
15 23
19 27
48 56
9 22
45 54
4 16
72 93
47 52
9 15
2 12
53 65
66 79
69 89
40 55
25 30
9 20
21 36
18 46
28 38
12 18
27 51
15 17
3 9
63 71
42 49
15 23
5 11
41 55
59 69
51 61
75 87
11 20
6 25
88 96
10 24
57 66
70 77
8 24
58 72
18 23
48 55
41 53
97 100
1 8
23 32
37 49
11 16
63 74
93 98
35 46
5 38
92 99
85 92
67 84
20 31
47 65
61 65
18 22
36 41
73 78
71 76
27 35
64 76
74 81
21 28
63 67
20 39
42 46
52 62
67 70
63 73
51 73
29 49
31 43
16 24
61 67
63 74
29 35
30 36
76 82
13 25
85 97
25 30
80 91
53 56
55 72
75 88
30 37
10 20
57 77
78 86
71 77
29 40
26 30
76 86
6 17
42 57
25 30
34 49
57 64
47 60
61 73
5 12
47 52
75 84
41 57
49 57
26 28
88 90
46 49
63 75
1 12
44 67
51 56
15 22
24 40
91 97
67 73
14 23
84 100
64 66
66 82
88 92
11 29
7 10
70 85
8 29
53 63
11 14
80 95
16 26
71 73
33 70
57 76
7 24
75 80
26 40
92 98
3 8
57 61
30 52
79 86
47 56
1 49
71 81
71 100
39 65
71 83
51 56
18 25
37 45
33 40
65 73
27 43
59 70
7 21
17 21
81 89
18 23
19 32
61 68
34 56
54 63
56 63
68 92
7 12
10 14
68 84
46 53
7 22
5 15
74 80
71 83
81 89
12 18
82 89
67 69
55 60
65 70
17 23
85 94
13 22
93 99
71 79
67 76
38 45
56 98
17 22
3 8
11 14
48 52
6 10
35 47
57 67
95 100
56 68
73 82
6 16
6 10
69 73
23 29
43 48
12 16
56 69
5 13
67 85
19 24
81 92
31 42
29 42
74 95
84 93
74 77
4 32
70 81
62 73
64 74
57 67
11 16
16 36
6 12
58 65
24 29
10 39
83 89
22 67
21 37
43 62
65 69
21 46
66 70
53 61
75 92
72 76
28 34
12 19
68 75
50 56
34 41
75 86
7 13
76 87
4 49
24 39
69 87
70 76
68 72
42 49
32 38
9 28
26 41
10 29
14 27
68 98
29 57
32 45
66 79
13 21
29 42
70 78
87 100
10 14
75 87
58 74
31 43
72 81
29 41
1 8
15 30
1 13
22 30
20 24
31 35
68 83
11 24
65 91
44 61
48 56
4 15
12 17
78 88
46 49
44 50
11 25
87 99
8 17
17 21
23 35
20 32
34 37
58 64
74 82
5 9
45 54
66 76
19 23
67 71
85 96
26 34
14 26
70 99
39 46
81 84
44 51
16 24
12 15
56 76
5 11
10 19
46 55
49 55
39 43
87 91
12 14
77 93
61 70
38 65
55 62
64 77
43 53
29 36
89 92
52 62
78 94
9 22
64 71
19 46
22 56
80 89
16 19
69 75
73 84
12 25
36 42
41 45
45 50
6 29
42 48
77 85
64 70
37 52
88 96
3 26
25 49
39 41
82 89
22 36
37 41
20 28
56 71
7 11
38 57
13 21
20 35
21 29
26 39
79 86
7 16
41 56
91 99
86 93
53 64
46 58
30 42
33 58
62 88
27 31
1 13
6 15
4 9
15 31
32 41
94 100
1 11
6 21
36 40
26 44
5 32
43 51
5 28
58 65
24 33
25 29
81 92
38 44
13 25
65 73
10 25
13 27
41 77
16 37
24 31
82 89
73 79
54 63
13 21
43 51
53 64
84 98
34 40
28 39
4 5
60 64
9 18
41 54
22 27
66 70
10 25
65 87
11 24
82 99
5 13
27 50
79 96
88 96
67 81
61 70
59 78
32 39
44 50
16 34
63 91
87 95
72 75
48 57
19 30
57 77
41 61
81 96
18 28
13 24
36 48
72 80
75 82
63 81
52 59
58 71
34 37
39 60
78 82
48 60
55 81
16 26
46 49
2 10
10 12
65 76
74 91
71 73
42 48
71 76
54 68
39 60
30 36
51 83
2 8
11 25
81 94
70 90
35 51
36 41
88 97
33 41
44 53
72 80
80 87
1 3
78 96
75 89
59 63
33 37
33 40
83 97
93 100
72 79
77 90
79 94
26 27
66 80
65 74
81 96
86 95
86 91
27 34
49 52
83 87
43 46
5 11
67 81
48 56
24 32
30 56
78 92
90 97
64 72
65 72
57 90
43 62
96 100
27 37
35 45
88 94
66 73
93 96
29 38
31 52
68 94
3 23
92 99
13 32
33 35
3 16
85 95
78 92
34 47
69 73
19 24
13 14
14 20
43 48
62 75
69 79
56 65
2 10
71 92
87 98
4 14
15 34
11 31
68 78
34 41
48 50
3 9
8 14
67 96
46 57
58 67
36 39
28 39
32 45
39 54
19 33
78 84
4 14
76 89
8 21
2 16
5 13
5 15
80 96
87 100
19 26
1 25
17 21
36 46
51 71
30 31
39 52
72 95
43 59
61 66
3 15
74 78
69 81
46 49
43 57
56 65
66 69
53 67
67 87
30 35
31 40
20 39
8 17
83 93
32 45
61 74
21 35
23 35
13 35
87 89
45 52
45 55
41 63
42 58
33 38
2 9
92 98
36 61
88 91
72 80
62 68
75 96
37 48
36 42
79 91
18 42
16 24
25 40
86 98
23 44
76 80
19 26
74 76
32 42
11 15
4 18
12 18
2 43
60 71
37 68
39 47
76 87
54 61
75 88
54 61
28 47
28 32
82 98
62 71
88 97
96 99
13 26
41 64
41 50
8 24
27 31
18 25
60 81
66 72
63 68
3 8
81 84
25 43
30 39
34 48
5 8
36 46
75 79
34 41
40 50
22 32
59 79
76 87
4 21
49 55
89 94
7 11
39 54
8 33
91 95
65 72
57 62
91 96
51 60
60 70
57 71
37 49
67 86
52 66
57 68
44 54
35 43
33 41
62 76
46 49
59 63
10 19
23 50
48 65
77 82
87 93
68 76
63 77
56 69
45 52
46 53
76 83
47 54
7 37
42 54
76 90
77 79
44 62
76 86
59 87
2 18
40 44
64 76
66 73
34 46
37 43
8 11
41 50
14 28
31 44
77 95
72 84
61 81
86 92
60 65
81 94
77 82
64 74
11 21
13 31
29 38
76 95
26 43
46 54
70 74
11 24
29 40
45 49
11 25
44 49
43 53
21 33
46 48
82 93
20 33
27 32
70 82
72 84
38 43
46 57
6 20
57 67
50 58
40 44
27 41
15 31
46 80
74 83
2 13
62 75
27 38
27 29
16 21
16 25
38 50
58 66
84 93
70 84
50 70
66 86
1 12
74 86
87 94
22 31
1 28
73 99
67 89
49 52
79 84
13 27
12 20
41 47
50 59
61 64
82 87
8 41
43 59
61 65
55 64
8 26
3 15
70 77
21 35
30 40
43 53
18 37
71 76
43 53
76 86
93 96
72 82
20 41
86 98
53 60
73 95
24 37
53 64
43 56
45 51
62 68
72 81
51 58
34 40
56 68
4 8
17 24
21 32
57 64
38 45
77 85
36 44
55 69
81 92
63 71
12 20
56 81
12 24
81 90
15 29
89 92
77 92
51 58
52 67
35 49
17 27
18 22
38 54
34 43
63 75
55 81
17 25
8 19
46 55
65 99
7 11
59 66
53 56
46 55
71 79
78 95
56 62
36 41
6 14
35 42
21 32
25 38
79 83
19 23
93 97
8 19
7 12
10 14
49 58
39 51
4 8
36 56
48 52
65 68
90 94
44 55
92 100
2 17
82 94
78 80
65 73
14 27
35 51
6 20
5 13
26 33
69 75
42 52
56 70
45 65
56 71
37 50
39 52
42 47
36 43
24 36
8 12
6 11
70 81
43 58
25 29
57 64
11 17
76 79
89 95
62 68
11 13
69 93
17 21
19 31
57 61
87 94
14 17
25 40
83 97
42 66
29 36
10 11
28 37
39 46
83 100
81 89
82 86
60 63
67 72
20 25
61 71
21 33
41 46
69 76
42 58
40 51
1 8
92 96
83 100
69 78
20 32
70 85
73 83
28 33
66 73
66 74
19 29
55 63
30 43
75 81
60 63
78 91
95 99
54 67
86 98
91 95
17 26
20 30
73 77
57 64
43 57
70 75
85 98
47 58
62 72
19 39
45 62
61 77
64 71
59 67
35 41
40 48
49 55
58 73
69 74
75 90
75 89
76 80
3 15
8 11
67 73
14 23
87 91
37 59
85 97
56 65
12 20
44 62
55 60
90 91
30 46
36 52
64 71
28 37
83 90
19 37
53 70
48 54
37 43
77 82
83 92
19 28
5 28
34 41
12 20
48 54
45 50
72 79
43 67
24 36
42 51
87 88
24 29
76 89
82 87
77 93
28 40
72 84
47 57
41 48
37 58
68 76
79 91
39 43
37 39
15 91
43 49
54 70
26 29
79 82
57 76
42 59
18 35
9 38
50 66
20 25
59 71
26 38
25 35
55 81
46 60
63 80
22 32
5 12
53 61
46 52
51 58
90 100
19 25
10 37
32 41
68 74
24 49
3 13
74 86
15 31
52 54
33 45
71 81
39 60
49 56
15 23
78 94
41 62
80 90
71 78
24 38
28 37
42 78
22 28
42 47
12 22
68 80
70 81
7 39
68 82
64 78
29 49
52 60
30 38
74 83
43 76
8 24
62 78
60 68
37 52
76 83
31 37
45 56
39 78
14 18
61 68
55 79
77 83
56 68
5 15
39 45
62 66
51 62
82 84
27 33
65 80
46 53
55 72
38 46
53 67
55 58
62 70
17 41
84 92
26 38
35 48
34 38
46 55
1 4
1 14
24 46
55 64
46 62
50 71
63 67
86 89
71 76
35 38
76 83
63 73
11 21
15 24
20 28
12 21
43 52
8 14
42 54
23 30
3 12
44 50
7 13
27 37
2 7
16 47
34 37
31 40
49 56
64 80
32 42
6 18
54 60
33 46
11 27
78 98
71 82
79 90
16 24
76 79
67 75
41 51
36 43
51 57
71 95
82 84
32 41
55 79
44 49
39 61
60 78
20 63
26 34
79 93
89 96
25 35
2 19
84 91
30 42
72 100
26 41
4 16
69 73
49 68
68 91
97 99
52 55
20 23
5 11
24 40
40 75
94 99
77 90
24 33
72 78
26 42
2 3
94 100
18 58
43 57
64 73
67 72
33 39
17 31
22 32
63 73
7 15
66 69
12 24
69 72
7 11
37 40
70 81
51 55
45 53
83 99
63 73
37 60
68 79
12 26
14 19
87 91
41 48
57 68
28 54
47 48
37 42
11 16
64 78
7 13
61 82
19 34
58 65
95 99
40 64
3 13
39 51
7 17
31 46
63 79
28 43
67 77
22 36
44 58
22 42
60 65
67 73
9 52
30 33
85 89
23 24
23 30
10 20
60 87
15 24
26 32
7 31
17 23
13 48
5 11
62 74
50 54
72 86
65 85
16 20
64 73
75 89
79 82
38 45
25 36
23 25
50 60
33 37
35 36
68 81
56 65
37 54
35 39
25 28
60 70
25 49
12 19
45 55
56 71
14 32
81 89
23 28
17 29
59 68
36 59
24 31
42 52
59 80
50 68
9 17
34 44
7 19
64 68
34 37
51 60
91 97
87 95
43 50
39 46
73 100
72 78
57 74
46 60
31 43
63 88
58 72
41 44
22 27
74 100
73 80
39 52
46 59
55 60
66 75
92 99
3 22
84 90
84 95
61 69
22 34
70 77
74 88
64 71
30 39
92 97
73 83
18 37
8 23
88 95
10 14
77 81
1 15
58 67
70 88
21 38
57 73
48 56
66 70
54 76
3 19
13 27
18 25
33 54
87 94
86 96
62 83
17 28
1 9
8 21
48 62
40 56
54 59
23 28
46 53
64 74
82 94
87 98
61 71
43 63
33 41
39 56
79 84
94 97
59 65
42 50
44 52
80 86
70 80
54 59
70 90
64 70
21 27
57 100
29 81
47 55
75 80
1 6
32 44
29 44
18 24
22 42
55 57
47 61
43 49
54 65
50 61
68 73
50 61
33 44
9 12
91 99
28 51
78 85
38 66
60 68
50 56
52 60
8 37
68 89
88 96
45 54
26 37
41 47
5 17
37 52
47 69
91 98
79 99
39 43
83 90
28 31
76 91
68 77
15 25
36 50
85 93
65 76
40 47
63 68
5 10
36 44
39 55
24 45
86 100
84 93
94 97
10 17
64 82
12 21
19 23
32 39
13 21
69 75
68 79
5 9
12 35
89 95
47 51
11 14
11 20
47 51
39 51
90 98
31 42
13 39
19 33
50 53
63 70
91 100
48 57
52 63
55 68
36 41
34 82
24 36
88 96
75 82
62 76
20 34
33 38
26 34
50 59
46 57
90 99
20 31
15 24
12 27
71 77
61 66
77 96
5 14
69 77
39 40
52 68
39 45
27 34
81 86
9 16
25 33
21 25
40 46
1 9
2 15
25 48
9 19
61 68
95 100
57 70
90 99
3 5
22 32
65 69
46 60
19 52
27 53
13 19
14 18
95 96
16 22
79 83
25 34
12 30
68 71
43 45
21 30
21 29
30 34
33 42
65 82
3 5
34 38
13 21
70 79
27 46
6 16
83 96
34 43
70 81
72 80
21 34
1 10
44 47
66 88
56 66
6 9
44 47
7 9
68 77
7 15
11 24
69 91
34 38
18 19
90 98
30 49
42 64
47 87
2 8
60 67
83 97
83 89
40 44
76 84
33 41
57 67
14 33
52 55
32 37
30 33
85 95
45 82
36 47
43 46
76 91
57 81
91 100
19 26
51 61
16 40
9 28
44 56
33 36
15 27
79 85
38 55
15 30
38 48
8 14
91 99
52 64
14 20
71 83
47 57
10 17
76 90
74 82
72 84
35 45
6 11
42 49
5 18
55 68
15 23
26 30
80 96
74 83
42 62
38 39
61 78
43 66
42 58
90 95
90 97
74 96
74 89
28 37
77 88
58 74
15 24
20 37
19 22
7 29
85 88
24 33
61 80
33 39
35 40
43 53
49 63
6 18
73 89
39 53
76 78
3 15
42 52
37 44
68 74
83 93
19 27
77 78
65 74
64 75
22 31
61 74
6 20
17 50
55 75
2 10
42 67
65 73
92 95
25 38
56 71
84 88
6 28
14 36
15 41
33 42
41 58
14 18
24 35
34 46
26 60
28 52
13 21
43 52
1 16
16 20
29 39
21 24
40 43
30 36
68 85
35 40
77 88
74 86
28 58
82 92
12 22
65 79
74 81
60 95
54 70
80 86
24 31
71 84
40 45
1 9
78 88
8 15
35 38
46 73
40 46
70 78
4 7
73 83
81 88
63 76
29 42
62 70
13 17
60 66
65 72
18 29
29 33
79 100
37 50
80 100
56 67
23 44
41 54
25 45
1 39
46 54
79 88
43 57
59 78
55 64
79 94
5 8
49 53
44 60
1 32
38 44
64 74
54 56
87 92
62 86
54 64
65 82
65 73
33 35
1 3
5 26
39 50
77 86
53 59
86 92
76 82
86 96
39 43
84 99
37 51
66 73
8 12
37 55
48 60
53 73
46 64
80 97
26 35
53 61
94 98
86 97
31 36
14 32
58 63
32 47
8 17
4 21
82 94
88 93
67 74
28 48
38 48
97 100
25 38
84 94
8 29
82 91
30 53
94 97
17 18
19 43
37 46
12 55
42 46
47 58
2 16
63 78
74 87
60 81
82 87
58 63
54 71
7 18
1 6
58 63
55 62
8 16
2 9
8 12
22 28
95 100
56 62
17 22
75 92
2 5
60 66
19 23
51 62
86 99
41 48
26 36
72 92
29 38
9 24
75 83
90 98
61 67
1 6
40 71
52 73
65 73
64 80
66 69
74 86
58 75
7 17
60 70
40 47
21 40
10 15
80 100
8 23
60 63
17 41
33 51
91 98
20 24
36 39
31 39
26 35
79 86
69 77
89 94
63 68
30 48
9 16
40 58
82 94
48 63
84 94
30 38
79 91
96 99
12 22
79 84
74 86
20 34
11 31
66 71
43 56
20 29
18 27
52 80
84 91
16 28
1 7
61 79
77 96
37 54
32 45
56 60
22 59
85 98
32 40
7 25
31 37
15 35
52 62
56 63
54 95
55 64
65 78
43 46
86 93
6 10
21 36
81 94
27 34
55 64
9 23
37 52
32 37
74 84
16 22
47 67
52 66
83 89
44 49
75 88
77 88
2 11
57 68
23 33
31 35
35 41
77 86
39 62
27 33
91 96
54 61
85 89
27 38
87 100
87 92
80 85
5 18
39 48
79 87
5 9
30 35
10 28
94 98
43 46
67 81
81 88
45 55
60 66
24 29
79 82
90 96
23 28
56 58
71 75
23 50
58 61
36 43
35 46
27 46
18 39
77 80
16 33
35 62
43 48
61 62
28 36
87 100
41 66
19 29
68 93
29 32
50 55
84 90
33 64
72 78
56 61
61 71
53 75
57 84
59 67
11 14
91 97
86 93
58 63
33 37
38 42
52 59
6 11
93 97
87 98
81 89
24 68
54 63
20 53
37 94
18 26
49 59
19 31
58 66
20 57
47 53
29 59
6 23
8 16
87 93
83 99
40 55
7 10
37 41
34 47
78 88
71 83
81 100
24 33
78 80
83 92
33 36
54 64
7 13
58 70
6 13
14 21
5 12
31 65
39 46
41 46
80 83
11 17
60 66
18 34
25 33
59 74
25 33
14 45
5 16
31 41
77 81
33 42
18 35
60 65
68 93
51 58
52 63
77 86
75 99
15 20
69 81
52 62
10 22
17 24
74 79
53 77
84 99
62 85
21 32
54 61
90 92
63 71
83 89
17 29
29 37
81 96
56 69
68 77
68 72
17 29
68 86
56 68
30 37
29 46
25 30
79 93
31 37
48 58
68 73
94 99
14 32
89 92
49 76
70 83
58 63
66 73
28 39
15 23
11 21
14 41
58 60
35 36
83 87
7 19
17 31
41 68
24 29
69 88
48 65
42 81
10 14
48 70
35 38
53 62
59 68
23 39
22 29
85 88
70 71
19 22
7 13
30 43
61 72
70 83
74 78
87 93
54 64
67 84
82 98
25 32
2 8
42 78
45 47
75 77
63 73
17 27
18 26
10 13
38 40
68 78
65 77
13 23
42 67
26 36
55 65
32 37
71 82
86 95
73 83
49 59
72 88
26 45
44 54
66 73
38 43
34 48
4 21
85 94
38 50
2 24
75 84
46 54
76 85
20 28
81 88
19 38
15 18
45 83
94 100
51 56
18 21
62 64
33 48
3 11
75 81
55 63
79 98
40 53
49 82
11 23
77 95
35 48
22 35
81 94
11 14
8 21
19 36
10 15
33 35
14 16
41 46
56 61
44 66
84 87
49 53
64 71
65 78
9 27
20 32
30 58
62 69
15 26
55 62
77 82
26 43
88 95
12 20
61 71
17 19
79 87
23 28
38 48
49 73
44 55
20 30
88 99
28 39
39 41
54 58
15 19
8 21
62 91
82 89
8 20
70 89
63 83
44 57
68 77
51 59
48 58
1 5
80 87
53 61
1 7
71 77
32 42
64 73
52 62
35 52
18 23
90 95
42 53
76 82
42 49
69 87
83 92
55 58
42 47
74 76
41 57
41 58
7 25
30 39
13 32
87 90
25 46
65 86
18 24
79 82
62 75
67 72
68 74
12 17
20 32
15 19
9 12
77 92
75 86
89 91
36 42
10 15
10 29
52 71
37 54
95 100
15 21
41 72
8 23
61 64
30 38
7 19
47 54
18 52
26 36
3 15
38 48
38 49
30 43
45 58
75 89
31 39
33 39
16 35
52 56
41 45
64 71
32 37
39 80
61 73
64 75
1 10
35 41
29 40
28 62
84 92
8 12
38 43
61 69
62 75
42 51
74 81
65 67
20 33
85 97
76 85
43 51
88 94
53 65
24 31
71 76
74 79
38 52
87 99
45 58
26 33
74 78
53 65
47 49
28 34
29 50
81 85
72 89
18 38
72 85
68 80
64 82
85 97
92 100
17 27
7 11
17 25
91 98
74 87
38 40
10 12
43 58
62 72
78 84
46 54
66 91
44 50
72 76
90 93
53 63
32 39
84 93
74 82
24 33
15 22
45 56
33 52
57 68
89 93
52 74
40 46
11 31
30 44
