100 20 20 9
00000000000000000000
00000000000000000000
00000000000000000000
00000000000000000000
11100000000000011111
00000111000000000000
00000000000000000000
00000011111111110000
00000000000000000000
11100000000000000000
00011000000001000000
00000000000000000000
00000000010000000000
11111110000000000111
00000001100000000000
00000000000000000000
11100000000000000000
00000000000000000000
00000000000000000000
0000010001000000000
0000010001000000000
0000010001000000000
0000000000000010000
0000000000010010000
0000000100010001000
0000000100010001000
0000000101010001000
0000010010001000000
0000000010001000000
0010000010001000000
0000000010000100100
0000000010000100100
0000001000000000100
0000001000010000100
0000000000010000100
0000000000010000100
0000010000010000000
0000010000010000000
0000010000010000000
4866
26 36
54 58
5 16
2 9
17 29
4 9
57 68
55 71
85 93
67 75
4 18
44 51
59 74
47 58
28 50
11 21
9 16
46 51
65 74
48 54
13 25
33 35
57 69
57 62
69 81
61 81
63 70
37 42
75 80
20 51
40 46
39 41
61 67
45 58
33 46
82 95
31 45
75 97
24 33
41 49
20 24
66 73
45 64
36 50
79 86
38 43
52 82
57 72
9 17
50 55
26 35
39 41
82 90
79 82
15 35
26 39
44 51
13 23
59 82
3 6
9 16
50 60
10 21
74 78
9 15
72 75
3 13
32 41
25 37
72 94
83 99
42 60
26 29
9 14
96 99
16 27
15 20
18 33
39 44
56 78
19 23
85 88
94 98
92 100
87 92
1 11
25 35
69 83
80 91
34 46
36 43
54 56
79 87
23 39
50 58
7 16
29 34
80 95
50 58
82 88
25 30
76 81
57 65
71 77
41 65
5 22
6 11
39 59
42 54
85 97
78 91
55 64
23 36
16 25
21 27
68 73
23 27
60 64
3 26
56 71
95 98
88 96
89 91
28 34
21 29
89 99
36 45
15 27
53 62
31 43
37 56
62 72
14 23
33 41
9 17
54 65
55 76
59 82
75 95
80 86
42 49
55 60
89 99
8 19
82 100
79 92
44 57
54 64
62 74
14 31
61 73
12 18
27 31
18 26
65 80
91 96
9 17
16 20
83 99
71 82
7 14
39 74
52 69
20 31
75 89
33 38
5 10
61 72
17 31
20 29
30 54
27 30
21 33
10 18
48 54
81 91
68 71
13 23
6 8
39 47
55 61
52 59
88 98
21 35
53 57
54 71
6 13
86 99
64 87
44 78
94 99
26 41
13 18
5 18
1 7
72 76
78 89
16 23
32 100
3 9
48 59
71 92
61 73
36 49
53 67
93 96
55 65
18 23
31 36
43 59
18 23
33 47
69 86
64 68
25 37
67 73
14 26
77 90
42 49
46 56
47 56
48 54
13 25
61 83
49 61
7 27
82 91
51 64
20 23
75 92
45 62
89 94
7 13
79 86
11 31
51 65
3 8
10 15
54 58
81 88
21 33
21 34
17 33
31 44
57 60
13 17
73 94
12 22
77 88
40 58
4 10
85 89
63 80
36 48
30 49
26 32
57 73
78 87
6 12
62 95
12 26
78 80
9 18
6 21
70 75
41 52
92 98
72 79
49 59
45 62
38 88
53 61
6 22
57 65
46 86
53 66
51 62
65 68
43 49
31 50
63 68
92 100
46 64
40 44
69 71
9 17
11 27
18 27
90 92
76 88
18 20
79 88
77 92
35 37
74 85
47 56
57 80
84 91
16 54
87 93
18 39
22 28
15 26
43 56
8 12
49 60
12 28
36 43
61 69
69 75
24 48
48 58
39 47
51 58
53 57
93 94
35 42
15 20
1 9
92 96
84 89
83 88
53 59
30 65
20 44
91 98
61 67
44 71
25 40
24 30
34 44
18 34
16 43
28 49
12 22
83 94
25 31
3 6
16 43
6 16
59 65
68 85
31 77
33 50
2 16
76 80
57 64
18 24
84 90
2 23
58 74
56 63
68 100
66 74
77 82
11 16
31 35
38 52
56 60
4 8
44 49
53 60
68 80
77 100
41 47
46 50
38 55
63 74
69 76
83 91
45 59
60 76
61 74
91 99
75 77
80 92
32 35
7 10
68 74
20 33
30 35
80 90
24 41
73 77
46 58
38 65
37 42
60 67
11 20
6 11
22 28
69 96
29 33
13 20
15 18
89 94
67 73
12 26
7 19
71 80
61 74
77 83
36 47
72 87
41 50
62 81
6 10
12 18
55 64
81 85
38 43
74 84
49 74
51 82
11 15
51 67
7 10
63 86
74 85
70 80
82 84
8 11
91 97
87 99
56 62
27 45
85 89
50 58
53 75
3 14
82 87
49 51
32 38
35 44
49 58
66 75
17 23
15 22
44 56
34 40
14 28
51 64
3 38
72 76
13 22
17 27
60 69
12 16
32 41
30 43
50 72
56 64
70 76
12 23
30 35
52 65
86 93
14 23
75 82
61 69
27 30
40 44
47 55
75 80
24 38
68 81
18 21
38 45
2 10
3 16
14 41
34 42
23 40
37 47
77 85
40 53
1 13
6 11
78 86
58 60
36 69
54 61
62 65
29 35
54 61
67 79
41 57
46 63
54 68
15 19
53 84
48 59
20 28
47 50
41 56
73 90
81 85
19 34
52 59
39 47
27 30
44 50
12 17
57 69
8 29
10 19
47 52
7 22
35 47
41 47
65 72
65 85
3 14
92 98
25 86
24 55
52 63
16 27
35 46
2 5
56 79
89 97
26 41
96 99
5 21
60 68
57 82
32 45
88 98
59 78
53 57
36 48
82 92
58 73
17 21
69 97
25 35
57 75
22 33
45 69
50 70
66 80
38 48
8 25
10 21
81 93
78 87
34 40
85 94
14 22
43 60
33 51
51 57
56 67
58 75
31 43
67 72
35 42
65 77
45 81
86 95
38 46
59 63
59 70
28 40
37 43
22 34
13 19
77 90
87 90
41 46
38 48
67 80
91 100
88 96
23 34
85 91
73 75
57 68
86 95
4 16
42 44
62 76
52 73
54 60
15 21
12 25
12 21
25 45
36 49
3 4
27 28
44 47
31 41
70 78
23 35
28 35
19 80
73 76
75 78
47 61
17 25
71 79
14 32
26 36
84 89
23 27
40 61
64 71
29 40
57 69
4 17
27 33
20 25
64 70
24 31
34 41
72 76
4 22
78 97
52 71
79 94
4 24
13 25
43 53
71 78
62 71
46 55
42 47
18 30
21 27
49 59
14 30
2 6
71 75
35 42
9 17
11 23
7 36
60 75
78 87
50 60
41 44
56 63
27 38
41 52
83 97
74 80
44 86
22 34
32 42
77 94
49 56
69 75
59 81
43 50
82 95
65 79
33 41
64 69
69 71
41 46
10 44
73 81
3 20
66 74
35 43
52 57
18 23
73 76
71 78
72 82
73 82
61 72
33 46
83 93
71 81
55 68
62 67
47 77
33 37
12 18
2 11
90 96
48 67
40 44
36 48
22 38
56 64
92 98
45 52
51 56
24 37
76 89
23 27
8 12
84 96
21 46
24 46
74 97
54 60
83 94
51 60
69 85
78 86
67 86
68 73
16 28
72 73
51 53
86 98
56 64
47 77
53 58
71 92
78 82
42 48
6 8
18 27
66 69
67 89
53 60
34 43
52 57
67 74
67 91
6 46
70 87
67 75
37 46
7 11
62 72
7 11
10 13
35 45
40 54
36 60
71 75
49 76
62 68
80 90
9 10
24 32
56 68
75 84
16 23
47 54
42 66
76 91
33 46
55 66
58 98
11 22
48 53
67 83
47 72
14 28
40 68
53 62
73 79
20 27
50 63
39 54
37 45
5 17
44 52
13 22
65 72
78 85
57 68
57 60
11 28
47 54
62 90
2 21
70 79
50 63
51 56
38 49
58 68
6 19
24 26
27 31
55 64
72 81
20 46
42 52
32 46
2 13
24 26
89 100
70 75
1 6
59 65
56 68
66 68
61 76
41 48
64 75
25 33
62 93
18 21
68 74
16 24
53 66
22 38
15 22
88 90
76 92
88 93
4 18
82 88
13 14
69 84
45 52
15 48
29 35
64 68
51 66
22 33
1 14
31 35
77 86
24 36
78 89
2 74
69 75
38 70
58 68
69 84
33 36
1 10
39 49
12 24
4 7
1 14
48 54
76 84
15 24
63 71
58 59
4 12
71 73
26 35
51 70
66 88
50 68
91 98
34 43
54 58
59 66
15 31
71 93
29 32
10 14
60 65
20 29
57 70
78 81
79 94
63 68
61 78
50 56
4 26
26 51
33 37
64 84
71 82
29 39
26 31
68 88
42 62
53 56
19 20
46 56
3 6
59 81
55 74
93 100
75 95
79 82
3 15
44 73
45 59
24 39
30 47
28 36
26 33
40 43
33 38
46 52
12 44
34 41
37 43
52 58
47 56
55 64
78 97
32 52
86 98
58 69
33 49
12 37
85 89
72 86
26 38
53 62
21 29
63 65
72 77
16 34
32 45
63 73
55 62
79 91
4 7
42 44
73 99
55 78
90 94
12 33
23 41
67 81
4 10
24 28
34 36
47 57
22 45
38 48
82 84
68 76
33 53
82 98
50 60
42 57
3 27
54 59
43 52
66 84
7 14
74 78
36 46
73 82
17 27
61 99
16 41
50 59
45 56
59 81
81 96
71 76
40 42
42 52
79 85
37 41
34 43
71 85
57 61
50 55
79 91
17 23
61 79
1 24
55 64
36 57
85 91
19 44
74 83
92 100
12 19
43 97
62 68
30 35
28 41
28 32
3 14
56 76
86 89
60 75
76 81
33 40
20 25
68 72
43 47
13 19
5 23
43 56
38 41
26 30
39 47
58 63
52 58
15 20
24 26
60 72
39 45
81 93
80 86
67 72
31 68
27 44
42 61
75 79
49 53
14 21
52 57
75 79
54 63
41 50
58 62
60 70
77 90
46 56
28 41
49 56
16 20
26 40
74 85
92 94
94 99
71 82
69 84
5 28
23 26
55 61
52 66
69 99
70 79
66 73
7 14
38 44
31 40
44 66
62 73
82 89
47 60
21 24
75 83
15 22
15 25
18 24
68 78
50 64
10 16
38 43
8 13
74 79
18 24
29 33
64 78
87 91
13 18
16 23
21 41
24 31
9 13
54 67
89 98
12 15
69 79
63 81
13 20
57 68
47 54
59 71
7 19
74 87
31 47
51 58
27 48
89 95
28 34
31 87
50 59
3 35
61 71
42 65
77 86
40 70
88 95
63 72
29 31
20 31
77 83
79 85
6 16
7 16
57 91
16 27
88 92
35 52
31 37
7 19
33 49
50 60
52 54
25 34
39 52
59 64
69 78
81 85
87 91
28 30
15 25
4 20
16 26
53 73
56 64
60 67
15 41
33 39
46 56
52 55
16 31
75 85
4 18
82 99
35 43
85 89
82 88
9 22
17 29
73 95
21 35
49 57
31 48
74 90
29 36
94 99
44 47
72 81
56 62
18 24
63 82
15 30
76 84
41 58
66 88
46 58
24 28
30 35
12 23
20 26
76 86
58 77
16 33
30 34
3 19
17 23
58 63
88 95
17 33
17 31
13 18
73 95
64 70
9 25
17 47
52 55
56 87
10 60
14 18
61 73
90 96
19 25
67 80
54 68
65 81
51 60
87 93
83 86
63 82
73 83
59 70
46 62
69 71
10 22
54 71
3 17
19 54
38 47
28 42
42 48
1 10
10 22
43 53
34 37
8 36
79 91
17 23
98 100
5 11
38 50
82 87
57 65
9 17
66 72
17 26
81 89
34 42
18 36
72 78
61 76
77 90
67 76
72 74
77 83
86 94
38 47
47 63
9 44
64 81
10 34
5 12
49 71
56 63
49 93
34 44
29 51
47 65
40 47
59 80
52 65
60 67
90 97
15 17
89 94
49 71
84 99
44 65
54 61
48 55
63 69
30 51
36 39
51 57
56 82
21 32
52 59
90 94
54 63
26 32
63 80
53 64
91 100
74 80
73 100
11 34
4 14
11 21
45 47
13 22
79 92
56 67
15 23
19 23
62 68
52 61
28 37
21 48
56 74
28 46
24 28
76 80
36 64
58 72
48 54
57 72
42 54
12 27
33 41
35 59
51 85
58 76
37 45
85 89
58 88
54 70
65 70
31 58
50 63
47 52
37 46
71 82
10 22
51 60
74 91
45 56
9 20
22 36
21 69
60 67
54 63
2 11
35 39
73 82
24 29
90 93
4 7
26 33
35 57
6 13
29 50
67 94
24 32
41 48
71 74
52 68
71 84
53 70
17 27
47 66
54 68
93 99
31 43
46 51
14 17
57 69
39 54
41 48
29 41
78 88
21 24
21 34
28 43
37 42
90 92
51 54
3 22
39 56
6 8
74 94
1 8
37 42
58 68
62 80
22 27
58 66
70 99
15 17
77 91
48 53
49 51
3 27
41 44
13 25
34 42
71 82
30 34
51 70
84 85
46 55
14 18
84 92
68 75
85 92
24 28
26 37
56 71
42 50
63 72
77 78
93 100
26 35
96 100
75 94
94 99
1 11
49 56
64 68
2 7
51 56
53 69
78 84
39 45
48 81
32 46
73 90
23 31
7 21
86 94
66 74
54 55
50 57
57 62
81 90
24 32
32 37
65 71
53 82
58 62
94 100
79 82
22 30
6 25
74 85
82 90
50 61
73 78
23 52
26 37
19 26
89 100
46 57
15 29
47 62
89 98
5 15
31 38
23 35
80 85
93 100
55 62
55 67
56 64
90 99
20 41
80 83
49 54
37 53
26 30
13 23
76 83
10 18
2 8
61 74
26 39
7 26
73 78
74 81
38 53
57 71
13 19
64 92
18 33
26 30
39 54
19 25
78 86
49 58
37 42
84 90
23 33
13 28
64 75
35 59
66 82
31 38
78 82
21 37
20 28
3 24
68 80
59 70
35 47
32 35
63 69
78 89
53 63
33 41
47 57
63 69
3 8
22 30
65 70
11 16
62 68
77 85
48 56
40 61
27 33
20 25
15 72
11 24
7 17
24 30
54 67
78 95
31 44
33 48
6 89
85 100
16 34
32 33
50 56
53 83
66 89
40 48
15 23
75 84
34 43
18 52
21 56
1 38
8 33
53 69
54 63
66 73
64 71
19 33
27 35
12 15
52 70
14 48
63 74
57 60
62 69
16 25
40 63
89 92
29 33
5 12
45 58
8 14
57 60
85 89
33 42
90 96
58 76
89 92
67 74
5 30
82 87
43 54
74 80
65 75
34 39
70 89
41 44
33 49
3 50
88 97
58 69
32 96
2 9
39 49
67 89
11 24
40 44
80 89
69 81
64 74
12 22
91 97
55 61
67 93
44 46
74 85
84 88
21 31
61 75
72 87
5 16
26 46
10 16
48 69
44 55
74 81
84 94
23 30
9 15
13 16
14 28
53 63
18 25
57 63
47 68
15 26
38 44
31 35
53 69
68 73
44 56
7 12
21 24
29 35
30 43
58 68
22 35
19 44
24 36
82 91
77 81
67 72
68 75
37 45
8 19
59 77
33 48
25 34
30 38
36 44
10 14
3 9
51 65
85 87
27 36
85 91
64 85
33 46
88 96
73 87
46 50
29 41
61 73
52 66
29 47
63 72
20 28
51 57
27 35
79 84
73 86
17 24
66 72
9 36
66 73
87 96
9 27
58 63
92 99
87 92
71 72
62 76
66 73
8 14
27 37
40 45
40 64
93 98
58 65
77 83
71 85
36 43
12 29
29 45
26 40
58 80
25 43
43 55
73 81
60 94
46 60
36 42
6 12
46 54
82 91
3 15
54 65
59 81
67 76
17 47
51 59
47 57
14 16
49 57
70 76
47 63
5 10
10 19
46 54
4 27
68 86
59 70
11 15
63 73
30 39
40 58
82 94
64 71
51 59
75 87
64 73
58 73
76 94
10 17
1 8
63 69
42 45
36 50
29 31
30 58
46 49
86 89
21 43
63 76
41 55
4 14
20 27
39 59
15 21
63 64
79 83
14 20
62 74
40 50
44 49
38 58
67 84
57 84
37 49
75 82
89 93
82 87
4 13
33 60
54 63
8 12
55 56
34 47
64 91
25 36
13 21
26 33
73 82
76 84
35 43
74 83
11 17
77 80
66 73
96 97
78 92
93 97
45 57
9 18
83 89
32 43
43 50
74 80
38 43
54 68
26 34
89 96
40 43
31 43
64 67
67 75
14 22
18 26
38 51
16 25
10 32
64 83
30 38
79 82
44 49
83 95
66 72
11 23
30 43
43 51
53 72
25 34
67 88
27 33
11 27
53 56
58 69
8 31
90 96
15 22
25 30
15 18
82 84
84 100
80 85
19 24
18 31
77 88
1 8
1 11
32 37
12 17
68 95
24 49
27 33
22 27
73 86
39 58
40 50
89 97
23 34
2 11
12 19
54 62
38 41
52 57
8 14
42 49
15 26
79 95
2 6
76 80
74 90
65 76
28 37
66 89
80 86
13 39
58 68
61 69
63 66
88 92
64 83
48 63
3 19
40 49
65 80
80 83
32 41
35 52
47 56
46 59
8 11
22 46
58 69
66 84
15 23
42 62
87 93
57 80
93 98
73 80
73 79
3 16
6 11
86 99
56 62
66 77
4 11
80 90
78 88
25 35
33 40
59 96
81 83
88 92
29 30
36 53
41 44
19 31
83 93
17 37
77 84
9 17
7 16
2 6
95 100
46 53
60 74
62 67
85 89
80 95
84 94
25 41
70 79
36 42
36 51
88 93
89 95
38 43
16 23
35 44
26 34
10 17
74 86
77 83
93 99
8 29
9 18
63 68
50 57
34 41
41 50
14 38
35 55
60 72
6 16
55 58
73 79
78 84
75 78
61 94
46 57
76 83
37 50
16 34
69 75
14 20
29 43
24 28
53 56
57 61
18 23
5 9
59 90
78 89
75 88
54 75
22 35
50 67
9 28
82 90
96 99
27 53
26 34
63 72
49 55
17 26
19 30
65 71
1 8
42 46
72 80
94 98
60 67
43 59
36 64
93 94
57 76
11 27
27 38
70 77
91 99
69 73
9 30
35 41
75 78
78 95
17 39
22 25
12 16
38 44
3 15
80 84
41 54
74 81
26 39
74 78
65 71
64 83
79 96
64 72
44 50
71 76
87 98
29 34
10 15
30 42
52 59
25 37
30 38
35 44
24 33
1 7
68 80
1 18
74 100
21 38
9 16
68 79
34 39
35 52
2 11
44 53
43 54
12 14
54 72
87 93
82 94
38 44
34 56
64 68
61 66
63 69
60 78
7 26
67 84
38 45
34 39
56 64
13 26
93 100
12 15
24 62
38 46
53 62
1 4
91 99
57 70
69 76
59 68
11 26
49 58
13 16
11 34
36 60
82 88
22 45
80 83
51 67
97 100
65 70
57 67
12 18
70 88
72 79
31 58
56 74
63 73
12 53
6 19
28 34
30 51
72 85
82 100
24 31
53 72
20 26
74 88
18 29
73 96
94 99
80 93
34 40
1 9
35 42
90 100
53 79
8 14
59 76
15 38
7 13
8 11
13 23
16 25
32 38
38 49
54 56
6 14
83 90
4 6
61 68
65 75
84 94
40 71
18 25
27 36
14 21
48 70
65 72
56 67
70 82
35 48
80 86
47 53
4 10
35 50
67 76
47 61
62 67
92 99
12 20
53 65
7 28
21 43
33 52
20 35
24 39
56 70
68 81
11 17
2 8
58 78
54 72
66 75
19 23
85 90
49 57
45 49
6 50
41 51
70 87
47 64
11 16
23 33
51 66
71 86
64 72
20 36
83 90
76 83
46 61
13 31
20 26
69 84
35 42
64 85
63 70
48 54
20 34
81 93
79 95
3 7
54 70
54 62
68 72
34 36
73 86
65 73
32 39
58 70
1 8
76 82
76 80
80 84
20 65
14 22
34 37
35 57
30 41
71 88
37 41
61 65
18 44
65 78
37 72
14 19
18 38
24 28
28 41
7 19
43 61
16 37
6 22
37 43
12 20
62 71
14 21
76 86
37 54
6 16
3 7
13 30
58 65
76 98
20 30
43 65
54 58
4 13
73 86
50 55
12 19
78 99
67 76
40 44
18 24
55 66
26 31
25 29
62 79
55 61
92 96
7 19
87 99
51 57
71 76
35 38
52 61
61 73
94 96
19 45
39 49
70 71
77 82
39 46
38 44
26 31
36 61
47 53
15 24
64 79
12 26
34 48
24 38
60 72
26 37
94 97
36 50
5 8
5 11
65 70
71 84
24 32
75 77
72 87
89 96
45 63
80 91
6 15
49 64
26 34
53 69
41 49
46 57
33 38
33 37
46 54
19 43
4 12
7 11
72 97
80 92
76 84
81 86
89 93
39 61
22 34
40 43
48 69
58 64
13 25
47 51
29 35
46 57
25 31
49 63
36 47
37 40
51 58
73 81
83 92
99 100
57 63
20 27
43 50
3 5
84 93
4 36
67 78
11 19
67 78
83 87
46 55
73 92
71 81
32 33
46 53
2 6
62 79
48 56
60 65
17 18
66 86
50 58
90 99
56 59
62 66
91 98
56 61
46 62
89 97
26 33
19 29
27 54
36 40
27 35
55 88
67 71
18 29
78 85
59 64
58 61
79 86
93 96
67 70
21 38
36 75
26 51
10 19
67 73
34 38
65 72
66 79
31 37
9 18
89 92
37 45
85 90
26 35
9 16
5 10
83 91
1 19
26 56
29 47
14 26
16 27
28 47
78 97
29 35
59 72
42 47
9 15
67 74
76 85
21 38
90 93
72 84
27 67
84 98
15 49
82 87
57 60
73 82
36 56
83 89
57 68
45 59
86 93
82 88
88 95
32 43
16 25
60 66
33 44
54 57
78 80
15 24
57 67
73 92
58 67
37 39
11 25
48 55
39 41
83 89
80 96
56 64
70 85
52 55
54 60
16 17
11 24
72 80
24 36
75 81
39 43
2 7
33 52
26 37
19 27
20 29
23 24
64 86
26 32
24 27
22 37
35 49
7 20
87 93
43 50
8 17
54 67
4 7
67 97
81 90
91 99
57 63
51 57
67 88
69 77
35 36
49 66
59 63
9 23
62 76
41 45
44 51
20 27
4 50
58 83
41 61
72 85
4 11
83 88
91 97
9 14
16 20
42 50
33 50
55 58
48 54
23 36
18 25
7 18
29 38
13 44
73 88
88 97
93 95
77 93
74 94
20 41
57 62
87 90
58 72
34 50
63 70
51 63
3 13
11 17
81 90
21 33
62 68
3 17
14 49
23 44
9 12
32 40
64 73
10 21
29 37
6 14
76 88
52 66
48 55
15 24
15 17
49 64
77 87
36 43
56 63
24 41
16 19
62 71
13 19
86 91
76 82
71 89
74 77
55 80
41 50
21 31
1 6
74 84
71 81
35 45
50 67
40 49
78 93
61 73
56 60
27 43
14 25
68 69
89 95
82 90
39 46
71 80
34 42
28 36
49 79
28 34
77 86
12 17
2 10
62 87
7 29
17 35
44 50
38 44
81 91
74 84
2 14
78 92
9 20
82 87
88 93
49 70
52 78
23 32
68 100
89 95
17 28
63 69
64 71
74 81
51 54
22 37
47 60
71 86
2 5
41 48
34 61
60 91
80 83
16 29
73 86
70 77
2 19
65 78
75 79
89 92
60 62
30 37
57 66
73 78
25 32
22 31
41 50
93 97
20 32
79 83
74 89
82 95
63 69
30 38
29 49
42 49
75 88
80 82
11 23
42 52
29 37
50 72
22 29
25 27
14 24
8 22
76 92
52 65
39 48
79 95
71 77
46 50
26 29
46 59
61 80
33 46
12 24
21 36
71 86
48 56
72 81
85 96
7 24
49 52
48 55
8 14
54 59
73 79
45 51
65 84
77 84
84 92
57 66
10 24
17 23
67 78
16 25
46 65
30 33
5 15
47 60
87 88
65 72
34 44
30 39
17 20
47 65
77 80
25 34
1 10
4 13
31 36
8 15
88 97
12 31
24 34
57 63
24 56
2 20
45 48
25 55
30 34
38 44
59 64
96 100
17 21
56 68
89 98
68 83
26 32
58 74
20 36
92 100
58 94
61 75
78 94
81 95
71 80
79 82
27 36
61 67
22 30
56 63
72 85
47 62
25 50
90 98
17 40
8 22
17 25
32 39
50 54
67 78
38 49
86 97
64 66
5 21
55 67
36 47
2 15
2 12
50 66
3 13
58 62
73 86
90 92
42 52
66 70
21 29
57 63
25 30
41 48
49 52
51 55
6 16
6 12
17 50
36 43
21 26
75 92
39 43
22 34
76 94
59 67
29 45
70 83
70 81
20 39
3 28
49 66
32 41
43 52
73 82
45 52
80 94
30 32
83 93
32 39
26 38
78 83
8 15
45 70
28 36
73 78
23 55
13 18
43 52
46 75
16 59
58 64
17 24
2 4
8 18
77 85
14 22
55 60
9 17
72 77
41 48
91 94
4 28
72 98
59 79
43 52
43 50
52 70
61 68
3 8
28 46
89 95
49 55
5 24
93 100
16 28
29 36
10 16
68 73
51 70
8 13
42 46
83 86
92 100
60 66
15 22
29 37
5 21
90 96
73 80
10 23
61 63
17 37
90 95
87 100
7 13
15 34
35 36
10 24
48 56
57 68
57 65
51 66
11 28
92 98
80 93
13 20
26 31
50 67
41 96
68 89
66 69
66 90
76 78
40 47
82 89
94 98
6 17
35 43
23 25
20 32
9 16
71 83
88 95
22 29
51 54
84 94
23 27
7 17
57 65
2 31
26 30
12 15
64 74
54 73
94 100
73 80
77 89
69 77
74 83
59 95
6 21
65 96
42 53
20 25
48 62
24 39
27 37
75 80
59 74
6 33
34 50
59 65
78 85
27 33
76 83
17 23
7 14
7 12
25 42
15 26
67 85
47 52
59 73
64 92
62 75
68 73
75 84
72 77
45 59
28 34
64 84
10 21
15 16
98 99
56 61
41 81
3 13
80 100
33 36
24 30
4 14
19 30
35 45
23 41
3 11
73 87
93 100
40 44
80 93
11 34
37 50
28 35
76 84
78 80
38 49
35 51
28 37
61 72
13 17
59 67
49 68
23 31
88 94
30 41
52 57
66 78
18 24
54 69
92 99
78 91
19 32
31 42
7 30
11 17
40 52
59 64
14 27
55 62
62 78
1 14
84 90
13 16
22 59
83 90
13 66
47 53
1 5
47 50
81 95
84 95
57 68
3 6
6 20
2 31
8 25
9 36
30 50
73 86
30 57
37 41
31 33
40 45
17 26
34 48
29 49
47 59
39 50
43 52
83 93
88 94
32 43
6 21
68 72
90 98
43 60
50 60
49 56
25 42
72 89
35 46
13 19
50 59
13 16
42 51
87 92
72 80
62 70
84 89
14 25
63 70
50 59
11 19
30 37
12 22
74 80
49 54
39 46
54 61
58 66
45 52
67 80
54 66
46 60
83 88
91 100
58 65
4 18
37 73
93 100
84 97
55 69
74 79
56 72
34 47
19 20
12 20
2 10
24 33
36 48
91 97
31 35
14 24
4 19
52 68
28 43
81 85
21 33
82 88
88 93
82 91
95 98
81 94
11 17
8 13
13 40
7 13
21 29
68 78
39 53
14 33
51 66
43 52
42 55
89 100
32 67
8 34
89 97
77 85
27 47
21 27
39 55
1 8
48 73
84 90
4 19
72 80
22 59
87 97
51 71
54 68
17 21
4 20
87 91
40 47
39 57
43 50
69 80
66 78
22 30
66 82
22 26
59 73
68 71
19 33
28 33
31 46
2 21
33 37
65 74
76 81
37 46
5 9
62 71
34 43
62 74
21 26
22 27
86 97
45 54
15 29
61 65
90 97
90 94
70 89
47 55
7 18
91 97
22 37
32 45
77 81
82 97
16 20
29 33
85 94
91 97
76 82
71 85
37 41
27 39
30 34
62 70
66 71
28 38
58 62
7 14
29 43
63 69
43 51
7 22
3 18
2 16
58 65
10 14
73 88
48 50
50 75
3 7
13 22
72 80
68 78
87 92
1 14
50 67
36 48
23 36
72 77
54 59
19 27
32 76
85 95
89 97
55 61
61 68
3 12
50 52
19 22
76 87
27 41
87 93
21 36
15 60
77 83
13 18
41 47
90 99
42 49
20 35
9 19
31 36
19 23
37 46
80 92
2 17
23 48
28 36
67 72
30 36
45 71
67 85
56 79
12 23
31 36
32 35
5 19
43 56
12 24
68 84
83 88
45 56
29 37
13 24
34 44
30 43
61 64
29 33
75 84
31 37
11 28
83 88
44 62
20 37
61 62
35 63
61 66
64 73
50 54
68 71
16 27
62 66
16 24
54 65
92 100
81 89
30 39
59 63
54 57
32 44
47 54
57 71
66 80
87 95
13 29
36 43
75 83
13 25
53 61
14 26
22 57
10 23
57 58
13 19
30 38
48 59
49 64
26 35
81 90
53 60
25 29
20 24
1 19
73 83
26 35
50 57
84 96
71 86
31 41
46 80
33 39
42 63
25 33
67 74
39 44
17 33
61 80
29 36
73 77
38 45
61 85
12 16
71 78
19 35
24 42
88 99
28 57
26 41
63 86
17 26
28 32
63 68
88 96
21 22
74 83
81 87
3 27
90 97
67 70
74 86
4 7
23 34
16 28
33 81
58 83
46 50
8 20
15 24
53 62
3 10
24 35
43 52
80 84
61 64
24 32
34 41
90 95
26 32
29 32
53 57
87 99
20 79
66 77
53 66
67 75
58 61
42 56
8 20
15 25
31 39
73 80
22 32
13 18
26 47
78 80
47 85
22 40
41 47
89 95
70 79
41 51
55 61
81 99
52 60
20 27
53 64
69 80
39 51
7 12
19 29
1 18
35 39
74 79
5 19
70 71
14 29
1 43
57 73
4 10
7 23
48 51
59 92
42 52
76 85
49 63
20 23
4 12
33 49
73 88
31 44
16 21
47 65
36 47
6 12
65 68
56 61
39 62
3 21
85 92
93 100
23 45
44 55
62 69
25 37
73 87
8 21
30 47
2 18
58 79
14 18
81 93
51 56
6 13
51 62
57 73
89 96
73 82
69 75
47 63
19 32
75 87
9 43
51 60
13 20
4 12
40 50
21 27
77 87
33 67
79 92
82 91
86 91
54 61
70 75
35 43
76 81
29 56
21 32
93 98
43 48
56 71
3 11
40 66
63 65
89 91
4 23
27 36
51 58
65 69
28 33
29 39
57 61
7 20
2 13
19 46
23 29
82 92
56 61
57 63
92 97
95 98
49 53
50 79
25 51
46 55
21 35
28 33
14 22
24 32
64 75
61 78
6 11
65 83
73 84
32 46
77 82
87 91
49 65
59 82
44 57
8 15
27 37
1 53
35 47
12 27
10 13
20 25
85 95
13 55
66 71
5 15
14 28
23 31
89 99
69 83
93 100
55 61
17 35
50 79
30 42
24 32
65 72
67 74
53 65
31 42
88 93
51 61
48 52
68 87
84 88
82 88
63 72
11 20
12 22
70 74
62 76
22 32
45 51
1 10
5 21
70 79
73 76
60 69
52 60
68 71
30 46
44 52
17 27
51 85
2 9
48 53
27 38
24 32
69 72
37 64
91 99
20 40
30 58
84 91
42 46
32 51
4 17
72 85
66 72
49 66
50 66
21 25
4 13
6 16
18 27
88 94
46 59
44 71
38 56
31 49
72 78
16 25
65 72
37 47
18 28
40 50
51 66
65 70
61 66
8 38
37 55
73 85
82 92
35 47
5 9
20 32
15 25
47 52
66 71
82 100
39 49
53 64
80 91
75 82
9 54
2 15
5 16
95 99
29 32
12 17
1 41
58 67
60 65
31 34
41 45
51 61
18 24
68 69
16 35
49 54
32 42
2 4
66 68
1 14
51 71
53 65
10 19
47 52
64 72
94 99
12 17
22 40
12 33
76 93
33 53
88 92
55 76
1 4
86 100
43 51
84 89
52 56
28 33
62 67
74 90
75 81
60 61
64 78
69 84
24 29
94 99
22 42
59 62
62 65
47 52
3 7
3 9
73 83
79 97
3 5
76 81
40 59
7 22
15 21
63 86
93 97
13 25
49 73
53 67
6 19
39 47
39 50
40 48
35 45
80 88
40 49
52 83
69 91
9 25
73 80
82 97
71 92
7 12
77 83
1 15
25 32
52 74
26 30
13 25
40 55
84 88
28 34
4 24
43 64
28 31
78 82
2 13
30 34
89 97
43 54
30 43
34 51
89 95
46 50
40 52
89 97
68 71
7 23
56 67
49 63
9 21
90 96
79 91
70 74
55 74
86 91
83 95
4 12
62 73
65 71
70 84
61 66
48 51
25 33
45 61
40 50
47 70
80 96
7 24
40 59
38 57
93 99
87 98
11 15
76 78
32 38
63 67
38 39
32 36
4 12
42 46
87 95
36 42
25 32
78 87
50 65
13 19
73 79
69 84
5 10
89 100
33 38
60 68
73 82
12 23
52 57
8 14
70 74
74 81
34 42
85 95
75 78
6 19
7 27
12 31
35 48
4 25
64 79
25 34
84 86
6 26
35 44
74 80
12 22
39 54
70 79
33 35
32 55
80 92
5 14
19 24
32 44
65 76
25 30
21 26
19 25
22 31
75 81
9 18
18 37
34 49
72 80
8 12
45 52
59 69
56 62
61 73
19 32
76 91
61 70
11 19
74 79
47 50
52 55
29 39
26 33
78 86
84 91
38 49
2 23
95 96
88 97
30 34
94 99
43 46
48 54
61 70
6 10
65 78
1 8
27 46
10 14
44 59
19 41
32 39
67 76
27 34
73 92
78 90
4 24
9 18
19 46
10 18
3 22
93 99
41 45
47 60
25 39
26 34
11 24
67 74
66 68
81 89
12 18
8 14
16 44
88 94
45 57
74 96
49 71
73 76
43 51
41 58
18 29
40 53
64 82
72 82
94 99
20 23
50 72
80 85
3 9
27 38
22 35
5 26
41 50
88 98
93 100
88 99
49 63
24 34
49 63
67 76
33 44
64 69
41 49
15 34
67 73
43 54
79 83
28 40
26 66
9 15
47 58
5 10
43 54
50 69
78 85
26 30
13 29
52 61
86 100
2 4
68 72
7 12
53 78
5 8
13 19
35 57
13 17
13 34
50 58
93 98
58 66
19 40
61 64
33 36
33 44
62 84
72 77
73 96
49 52
60 65
32 46
37 53
26 39
64 71
43 54
25 36
49 51
11 35
10 16
47 56
19 36
85 98
11 16
35 44
6 13
19 30
8 22
64 75
83 89
62 67
30 33
43 47
31 36
10 40
30 47
17 28
20 33
83 85
76 94
5 10
58 64
14 21
39 46
37 41
18 23
94 99
14 21
30 36
74 90
18 33
71 80
75 83
30 41
51 61
17 19
80 83
18 29
61 67
82 90
61 65
56 66
13 24
52 59
26 31
29 34
23 42
70 78
20 54
18 22
86 94
36 45
46 57
63 91
55 63
17 21
62 79
22 27
63 78
39 51
11 20
23 28
39 45
47 93
90 100
61 68
79 93
13 20
35 38
32 37
57 80
29 36
73 83
8 16
18 29
57 66
38 76
13 22
84 92
85 97
61 66
38 51
8 15
71 82
28 32
30 39
5 17
11 22
53 55
9 30
66 77
27 30
38 48
76 87
76 81
93 96
44 48
59 68
18 22
82 94
4 8
18 27
91 98
13 22
51 72
85 100
11 19
83 87
66 73
48 53
74 85
16 27
10 14
48 60
30 40
9 13
64 76
21 27
4 22
69 73
43 63
49 55
91 98
59 69
15 33
9 12
36 46
74 80
33 45
74 98
6 12
25 40
77 98
85 91
30 36
22 48
50 56
66 68
40 52
49 55
63 75
40 44
61 68
53 69
20 30
1 14
1 15
70 80
88 98
90 99
8 19
25 41
45 63
7 13
78 85
48 52
5 8
11 20
31 42
39 51
25 29
14 86
62 75
8 17
24 28
64 73
30 52
57 69
11 29
13 16
34 49
77 84
56 79
67 91
70 77
57 66
15 22
37 60
8 26
37 43
4 30
76 98
53 56
24 40
27 45
3 8
70 80
59 75
40 48
90 100
52 60
40 54
15 31
46 79
72 86
80 83
75 87
6 89
17 25
19 25
2 9
66 78
28 34
69 84
64 72
95 100
79 84
10 17
45 50
51 60
72 79
77 78
98 100
55 71
64 69
5 9
10 19
90 94
30 42
60 75
76 87
5 40
61 67
70 88
68 77
16 18
28 45
33 37
79 90
71 86
62 77
19 26
9 15
26 59
65 76
85 92
89 99
83 96
83 90
92 97
14 28
35 47
48 58
80 82
2 13
47 54
37 43
46 61
66 76
42 48
7 13
35 42
62 72
61 64
18 22
88 100
37 56
51 74
75 85
6 14
49 66
3 18
15 21
13 26
85 91
59 63
14 32
26 32
68 71
73 89
12 22
79 88
22 30
19 23
54 65
44 58
54 61
10 20
88 91
83 88
4 14
48 63
17 27
26 30
34 36
47 57
86 99
53 63
39 56
22 29
84 95
27 40
13 24
51 70
63 73
1 4
20 34
61 73
81 86
83 90
55 65
7 15
74 84
3 15
20 25
36 40
29 38
32 55
31 38
69 83
80 86
13 21
1 7
72 89
7 19
12 21
77 85
67 86
85 88
82 88
26 35
52 66
69 90
4 9
91 97
26 39
45 48
31 43
25 38
50 70
89 93
73 78
47 58
51 65
94 99
46 58
85 91
55 78
51 57
27 54
87 94
42 60
25 47
58 80
44 56
79 88
35 41
62 70
26 36
16 26
22 33
56 68
31 34
66 77
53 60
66 81
5 21
35 41
60 68
11 17
93 100
9 15
75 85
67 84
76 80
29 38
60 67
19 36
63 68
63 72
78 91
58 65
81 92
10 22
60 77
65 87
20 27
92 97
68 80
23 34
76 92
40 49
18 29
2 18
1 11
27 32
41 60
47 61
83 90
53 76
48 66
16 19
79 85
28 34
51 81
40 44
68 96
58 70
4 8
30 40
46 52
65 75
41 48
7 24
89 99
2 11
28 34
2 16
34 43
88 89
52 69
85 99
5 15
3 11
7 15
11 23
68 82
31 42
58 71
21 40
18 23
26 29
70 83
29 38
29 45
80 98
37 42
29 50
2 5
25 41
35 46
9 14
65 81
85 95
78 83
55 74
77 91
54 82
50 61
57 64
77 92
56 69
82 87
81 88
5 18
65 81
73 87
67 69
59 72
49 54
44 47
73 86
40 62
47 53
72 92
44 50
57 67
52 57
13 17
60 82
36 50
28 45
59 72
20 32
69 75
21 28
31 35
50 58
58 70
5 14
73 79
18 25
91 97
70 74
8 18
69 74
71 87
14 23
27 32
52 58
15 18
27 36
11 25
60 78
62 77
40 52
33 50
43 50
59 75
45 56
46 66
65 73
1 7
26 48
36 46
93 98
49 58
78 85
77 86
25 39
69 98
56 68
62 67
14 24
57 63
81 86
20 27
37 48
84 88
50 57
78 81
63 76
82 98
75 83
80 89
86 90
55 71
36 44
52 68
84 91
64 80
33 43
6 12
24 32
67 78
60 72
56 62
6 54
4 12
22 26
41 48
42 53
23 27
44 59
75 86
11 22
47 68
67 71
25 29
67 89
21 34
14 24
40 49
40 52
1 22
73 86
68 86
63 70
23 25
59 65
67 85
79 90
15 21
3 10
59 72
73 78
84 88
31 37
87 93
85 91
16 26
10 18
45 57
57 79
29 53
7 17
17 29
6 17
51 69
16 25
60 70
10 16
77 83
56 63
11 20
33 50
6 28
74 79
84 92
54 63
80 86
30 54
23 27
50 60
26 38
4 7
53 68
82 99
70 89
49 64
12 25
9 20
75 83
20 44
62 64
17 22
85 89
80 82
76 99
34 40
57 65
67 73
72 79
76 80
31 44
80 89
57 61
79 89
74 81
56 69
66 75
46 69
9 28
17 37
57 67
85 98
81 87
65 75
10 17
4 8
73 79
5 22
60 67
80 92
17 78
4 16
20 31
67 70
44 49
72 76
25 39
22 39
32 51
87 92
80 84
30 38
70 73
5 33
55 66
88 95
74 97
14 27
64 71
58 68
7 16
20 33
65 71
39 60
34 43
35 46
42 55
54 66
32 38
2 12
74 90
84 94
53 68
44 57
54 70
21 26
8 19
71 88
25 32
71 83
42 45
78 82
39 50
20 31
34 44
6 17
57 65
77 80
6 12
16 24
83 92
59 76
67 86
20 28
35 53
32 37
24 26
38 45
7 29
8 13
74 83
16 25
94 96
16 53
39 47
23 33
24 35
68 73
75 83
45 49
25 31
15 44
31 43
30 36
82 87
77 88
77 83
47 52
9 23
88 94
23 31
7 37
42 51
31 38
23 34
86 98
44 64
13 21
89 94
12 37
9 13
80 93
12 20
7 17
45 54
30 42
87 94
30 43
19 26
57 61
39 48
69 76
20 32
18 39
87 91
44 63
58 72
80 87
48 63
83 90
9 15
27 39
38 50
92 100
61 72
69 75
7 14
9 16
94 97
42 50
31 35
58 61
78 89
83 94
10 18
62 80
61 64
50 62
70 90
26 36
54 71
23 26
39 50
62 70
88 96
7 11
9 14
12 19
45 58
59 71
58 67
90 96
18 44
73 77
2 7
72 76
28 49
76 94
31 55
42 70
91 99
63 69
83 97
52 68
70 72
66 76
29 48
81 86
5 24
13 23
68 71
11 90
33 37
72 82
30 36
18 27
75 93
14 31
65 70
30 37
27 38
77 90
84 96
26 43
60 74
33 41
15 23
9 89
18 38
80 90
82 90
14 19
14 16
23 60
91 97
37 40
69 73
46 67
4 14
66 90
56 64
63 95
78 85
64 67
59 82
40 47
40 51
55 65
77 81
13 22
86 98
93 98
27 33
55 70
67 75
79 91
16 24
50 63
2 13
81 87
43 46
48 57
6 17
87 95
93 96
14 18
55 70
34 37
43 56
40 54
45 49
64 99
77 89
14 31
29 31
21 32
90 97
54 71
1 5
19 26
42 53
45 56
47 49
20 22
39 67
32 37
10 19
32 45
77 81
45 55
85 97
47 67
58 66
6 17
59 74
87 92
72 87
4 7
81 95
32 48
40 50
24 35
78 92
19 26
55 81
24 32
58 75
76 80
9 23
36 45
27 32
4 9
46 59
78 83
81 89
57 66
2 21
63 76
77 84
24 36
42 65
53 61
44 50
60 61
2 5
14 19
90 98
67 73
85 92
93 100
61 89
82 90
49 61
29 36
40 46
7 12
19 27
65 85
92 98
39 50
15 23
18 27
61 70
26 30
31 37
77 82
38 45
77 86
29 33
4 41
61 72
71 87
53 64
50 58
40 51
67 74
11 23
71 77
44 50
54 60
46 56
46 54
37 51
66 73
5 13
55 80
12 18
18 32
6 15
23 26
41 47
12 19
76 86
84 89
83 100
13 35
46 58
41 49
57 64
29 36
71 82
89 98
37 44
3 23
35 54
34 41
62 70
68 77
4 18
47 61
9 16
29 33
3 11
88 99
33 37
53 60
79 91
51 73
32 40
90 93
25 31
30 46
19 37
29 39
72 76
24 30
35 39
37 43
1 13
82 85
2 5
1 11
67 74
95 100
91 96
61 68
56 72
10 37
32 45
46 57
16 21
53 70
11 19
25 30
95 100
11 21
3 19
22 26
5 10
41 63
85 91
71 78
19 30
24 31
79 86
12 21
93 100
21 31
45 64
28 46
13 48
6 10
63 68
60 71
81 88
43 54
47 52
55 74
65 70
79 87
33 49
66 78
35 41
26 37
26 43
78 91
86 90
31 48
56 66
58 88
49 68
52 55
48 51
75 82
70 84
4 18
72 91
6 14
46 51
19 33
13 30
76 87
69 88
61 65
58 63
74 80
54 56
79 85
14 21
49 66
91 95
11 22
33 52
20 32
5 11
56 64
27 42
63 73
44 61
43 54
48 53
14 22
34 48
25 37
65 81
52 75
9 18
52 60
71 77
20 36
44 53
40 50
14 46
28 39
35 47
10 18
78 93
11 39
87 95
34 57
51 58
9 27
5 13
17 28
60 73
42 48
29 49
92 98
77 85
41 52
5 16
39 49
34 42
58 64
56 57
85 100
52 66
73 76
5 55
38 75
53 62
81 89
60 66
1 20
19 29
78 86
40 56
18 43
35 39
14 21
37 42
69 81
87 100
79 91
