100 20 20 6
00000000000000000000
00100000001100001000
11000000000000001000
00001110001111000000
11000000110000000011
00100000000000011000
00001100011111100011
00000011100000011000
00010000000000000011
00000000000001000000
00000110011100000111
00000001100000000000
11111000000000000011
00000000011000000000
00000011100000111111
00000000000011000000
00010000011100000000
00000010000000110100
00000000000000000000
0000100000000100100
0000100000000100100
0100101001000001000
0000101001000000100
0001000001000000000
0100000001001010000
0100010001001010000
0100010010100010000
0000000010100011000
0010000010001001000
0010100010010100000
0010001010010100000
0010000010010100000
0100100010000101000
0100000010000101000
0000000010010100100
0001000010000000100
0010010010010000100
0010001010000100000
0010001010000100000
5832
76 88
67 78
54 72
9 26
35 44
80 84
11 21
18 37
89 95
7 17
70 78
90 93
21 24
6 14
47 57
38 43
5 14
10 24
15 19
31 37
32 38
27 40
82 87
66 69
12 33
30 40
28 32
70 79
30 35
94 99
81 88
22 27
30 60
42 49
8 18
19 21
88 93
13 35
72 76
19 24
41 52
24 36
93 98
80 96
25 35
79 90
82 93
21 28
57 61
73 79
8 14
57 59
35 74
35 42
94 97
45 49
2 33
8 20
89 93
66 72
12 27
45 55
38 49
30 36
38 42
4 15
50 58
2 7
79 93
45 58
26 29
42 53
3 14
75 79
19 22
85 96
63 76
92 98
11 28
55 59
47 66
24 27
59 72
55 65
93 99
16 42
37 42
52 71
35 43
61 84
78 87
11 30
65 86
88 95
43 52
81 87
60 67
79 87
20 22
18 26
17 28
1 7
30 40
31 43
73 89
35 40
45 55
8 23
93 96
34 37
34 35
49 73
12 23
89 92
51 71
68 78
59 65
84 91
46 56
81 93
81 83
10 16
56 69
1 19
45 64
6 15
78 88
77 90
72 83
2 7
19 28
14 17
62 73
16 40
70 84
71 92
42 54
84 91
20 35
55 64
80 81
73 83
6 19
33 39
68 73
30 58
46 56
65 70
29 71
9 21
85 95
68 77
57 74
7 36
98 100
5 18
94 100
36 41
88 92
37 56
2 18
14 24
66 76
85 98
53 63
1 24
68 75
15 21
15 23
64 85
28 39
49 54
89 97
8 30
55 59
55 64
27 45
17 23
41 47
32 59
51 53
56 61
17 23
1 6
64 83
37 44
41 57
36 50
89 95
3 15
4 10
54 61
67 75
25 33
88 96
46 58
62 92
42 50
55 68
42 67
81 97
49 63
65 75
4 16
54 66
57 65
76 90
58 67
46 60
3 19
63 71
68 80
22 41
36 51
97 99
33 44
2 11
65 73
14 21
32 55
57 64
55 64
42 53
2 7
16 21
35 47
37 49
38 51
87 100
68 80
10 24
66 78
40 56
59 80
89 93
34 49
79 84
72 86
64 69
59 64
21 30
22 27
76 81
7 9
46 57
63 65
53 62
42 72
54 84
67 92
20 27
25 27
64 76
37 47
65 79
74 80
52 57
42 50
80 88
55 66
35 67
17 32
33 52
11 17
4 13
44 58
53 58
83 88
8 18
97 100
38 50
64 73
32 58
55 69
61 63
8 16
79 84
50 55
87 96
60 74
63 75
47 56
66 72
60 71
83 90
26 35
59 65
80 86
30 39
38 48
61 67
79 93
24 29
55 65
52 61
25 30
18 25
31 67
49 57
31 53
52 59
78 86
71 80
25 31
66 72
32 36
70 73
27 36
8 19
14 18
9 13
36 42
42 58
24 42
86 92
5 14
80 84
67 82
54 73
65 84
8 15
2 10
94 96
2 16
63 78
54 63
95 100
25 42
38 53
33 42
13 17
40 85
64 68
58 77
90 97
52 62
17 27
11 28
82 95
50 69
47 50
76 86
33 57
4 18
27 41
10 26
56 68
8 38
62 67
76 84
47 70
21 35
25 36
11 12
31 43
62 67
79 84
76 91
56 63
12 20
19 24
75 77
26 29
20 24
2 7
22 23
45 57
10 19
35 40
64 70
50 63
31 41
39 59
90 100
35 43
44 53
53 58
51 55
92 99
82 94
3 13
33 44
96 99
36 44
72 85
52 69
76 83
33 45
36 57
15 23
4 33
7 21
15 22
17 22
96 100
59 74
1 14
74 81
3 11
38 49
20 49
53 64
28 36
1 14
5 12
12 17
61 79
35 49
72 86
73 80
39 51
16 32
81 91
82 100
78 81
13 23
79 89
38 45
81 99
76 84
49 52
6 16
33 38
64 72
63 80
31 39
64 73
62 66
65 71
42 49
32 47
73 76
65 82
1 6
35 47
1 6
93 100
77 85
3 11
13 31
11 22
52 72
11 18
25 44
75 82
94 98
60 86
53 58
37 49
22 34
20 30
66 86
28 40
21 40
48 59
50 60
67 92
36 45
51 67
45 49
47 58
7 12
82 87
42 54
30 33
53 64
81 88
55 81
2 11
59 62
66 78
26 32
42 57
22 42
45 98
12 30
87 98
12 19
27 37
3 8
36 40
50 59
12 20
81 92
71 100
65 69
26 49
39 52
28 42
12 32
46 63
15 21
22 42
94 100
50 65
34 56
27 33
51 59
39 57
23 28
70 76
66 83
62 69
67 79
64 66
39 43
69 84
55 61
88 95
10 16
52 56
67 73
66 89
56 62
38 46
19 52
52 61
77 88
12 14
47 52
42 48
8 19
21 34
76 90
10 20
3 25
42 63
28 41
71 80
69 72
14 22
62 69
56 69
51 66
57 67
34 57
6 16
84 92
30 56
69 76
48 50
23 29
37 54
3 20
71 78
44 50
34 42
10 25
55 65
41 46
73 77
53 61
81 85
57 74
38 46
16 40
19 26
71 82
49 56
73 81
89 97
22 40
33 41
86 99
82 89
42 48
37 41
43 63
16 25
6 19
20 30
13 17
42 49
53 67
57 69
42 48
53 65
59 62
44 56
79 91
93 99
71 79
56 60
76 80
30 35
32 40
29 51
57 75
28 40
16 23
21 37
36 43
62 70
12 20
57 71
36 43
72 89
71 84
71 79
20 29
48 69
57 64
85 91
25 34
76 78
67 77
63 83
9 25
67 74
31 40
54 60
20 24
3 6
12 34
84 90
79 94
68 72
67 76
59 66
1 4
77 83
15 18
7 15
49 55
40 47
54 58
6 13
1 6
25 56
23 36
43 47
66 77
15 23
65 88
77 85
92 100
16 19
74 82
75 89
43 56
41 46
81 94
74 78
35 49
79 87
76 87
4 9
38 44
60 72
30 37
32 42
68 89
54 61
2 9
46 51
24 58
54 64
5 8
36 63
52 64
77 80
21 32
72 81
13 16
48 61
40 48
30 44
13 51
1 6
89 96
13 21
51 59
52 59
62 68
50 65
68 81
7 22
45 53
64 76
35 53
53 62
58 70
81 85
8 10
50 60
35 40
84 90
53 59
23 28
67 98
41 46
65 79
90 94
82 98
4 15
56 73
12 30
54 74
40 50
34 42
68 77
8 14
18 24
75 84
68 72
4 12
59 73
47 60
33 46
14 22
4 10
17 29
15 28
29 39
1 11
61 67
14 26
57 81
67 76
9 17
85 93
68 80
77 88
37 50
27 36
25 30
68 78
45 52
40 88
51 60
5 13
81 87
62 63
53 68
58 67
51 62
58 65
53 65
59 65
41 57
71 78
29 33
23 38
62 69
67 74
48 55
22 28
44 63
87 96
26 29
11 17
46 62
9 14
18 23
5 27
56 69
21 42
21 43
37 43
92 97
41 54
33 39
47 60
1 36
8 14
84 95
69 76
18 26
20 36
28 30
18 26
42 51
16 35
56 85
68 81
81 92
7 17
66 75
70 76
64 77
55 71
35 46
17 21
35 39
10 19
56 62
19 43
16 23
73 79
33 41
60 62
76 81
9 12
69 79
78 83
70 80
50 58
46 55
60 66
2 19
53 61
41 54
54 67
68 78
8 10
16 48
38 48
56 63
43 53
66 72
24 50
22 25
73 88
80 81
13 62
31 35
32 46
57 80
75 78
79 97
4 22
22 32
47 70
32 42
31 63
26 58
79 86
77 80
52 61
10 20
72 94
54 59
63 74
26 36
49 66
84 86
21 29
34 49
49 64
71 97
14 22
59 71
59 64
63 70
66 72
8 23
47 61
82 95
7 19
12 29
79 90
50 73
74 85
13 20
60 71
67 72
27 49
19 28
77 83
59 67
12 38
13 23
4 6
33 45
58 81
41 55
29 42
52 62
48 58
71 80
27 35
65 78
34 41
24 33
52 58
49 60
28 37
19 40
20 37
46 50
26 31
86 97
4 10
2 11
56 61
3 7
80 98
76 80
50 57
6 35
38 48
83 96
60 67
48 67
73 85
91 96
17 37
40 52
36 42
43 61
52 55
68 71
58 70
3 10
56 59
70 76
75 78
6 29
61 65
36 57
53 62
5 13
28 39
4 14
5 11
21 27
78 84
33 62
72 88
78 91
46 62
8 24
34 64
71 77
78 83
31 34
61 78
75 86
27 35
52 60
60 76
38 47
46 59
51 61
50 72
11 27
61 64
56 72
15 21
15 35
2 13
5 25
26 48
80 85
53 76
21 39
40 56
58 68
28 44
25 34
49 54
92 95
49 56
23 27
9 12
61 72
76 80
70 76
23 36
59 63
27 61
63 91
58 62
52 57
41 46
54 62
32 52
44 47
3 16
64 70
81 93
33 43
49 62
27 49
83 92
73 89
20 23
67 73
63 72
3 15
82 100
54 75
13 17
34 54
88 93
87 92
67 70
16 30
41 44
10 19
82 86
5 13
7 49
4 10
57 64
17 31
69 83
28 36
22 31
12 30
24 35
39 41
28 40
6 24
40 47
9 16
65 77
26 55
55 70
45 64
91 94
72 81
77 79
5 16
27 35
16 27
21 30
29 33
56 63
21 40
20 29
21 42
70 79
90 93
34 46
37 45
12 19
78 93
50 59
69 80
72 82
55 66
66 86
58 61
30 57
74 78
75 89
29 37
80 91
27 41
18 24
79 92
51 61
52 62
59 68
34 40
43 45
41 44
83 97
48 55
16 25
82 91
67 74
12 39
40 60
25 42
15 46
35 46
57 74
34 45
81 86
69 83
32 38
62 63
17 29
40 54
8 14
7 22
49 72
9 26
12 19
47 60
45 68
12 28
94 100
74 80
30 35
46 53
52 57
80 93
59 63
18 19
16 27
36 51
72 83
84 91
2 7
17 29
88 98
38 50
30 37
48 62
71 79
9 25
1 11
55 76
29 39
70 72
52 56
66 77
59 65
18 25
62 70
74 84
87 99
39 43
49 96
94 98
27 42
39 44
79 81
84 87
54 70
20 38
75 77
40 53
77 96
55 69
33 41
65 76
76 78
30 40
46 62
12 17
60 70
56 59
56 64
13 16
3 12
51 64
14 28
51 64
38 52
29 62
87 90
83 97
94 99
19 24
60 70
52 71
92 97
39 45
40 45
83 96
60 83
78 88
65 87
11 15
60 68
67 75
50 54
88 97
10 16
14 20
46 51
52 66
55 59
2 6
67 85
55 73
31 52
84 89
55 65
23 46
90 93
30 45
12 17
46 62
57 62
34 42
69 75
31 34
64 86
73 97
58 61
56 64
22 44
58 69
34 54
93 98
22 37
30 37
47 52
65 72
69 74
16 34
1 3
12 25
56 67
49 53
50 52
45 65
69 75
18 48
58 64
57 61
47 50
3 10
81 88
38 56
85 97
40 43
52 56
25 35
37 43
4 22
67 94
77 84
54 66
9 22
51 70
30 40
82 87
44 50
46 75
4 12
81 93
75 86
95 100
9 17
63 88
73 91
48 52
40 51
1 19
78 87
58 71
43 46
47 75
5 15
23 27
28 41
72 73
19 33
52 63
21 24
17 22
36 45
47 51
23 30
6 10
28 43
46 48
69 79
16 20
6 12
20 30
41 57
3 29
71 94
73 93
14 18
59 88
30 47
39 54
8 24
77 91
51 59
84 96
65 81
62 75
41 55
76 94
66 75
15 22
13 28
43 55
42 53
78 86
36 54
63 71
83 92
3 8
74 84
33 40
95 100
11 23
63 73
4 13
62 87
24 39
78 91
71 76
50 62
20 24
63 69
31 37
16 25
73 77
43 47
57 60
3 16
3 18
90 95
68 71
70 90
44 54
59 70
29 37
4 26
56 80
68 70
76 92
48 51
3 13
81 88
27 33
8 17
5 22
25 32
61 67
28 36
16 26
79 82
90 96
18 26
35 48
92 97
17 26
34 46
5 10
76 81
27 44
50 65
59 82
12 21
43 68
49 56
13 22
63 69
52 58
80 87
84 89
73 100
36 57
16 23
74 96
13 27
80 94
48 67
57 68
44 60
58 61
30 42
17 23
89 95
69 79
18 23
10 19
86 91
52 67
43 66
6 11
10 11
70 90
34 50
42 55
19 21
32 42
45 49
48 54
17 39
64 83
50 74
77 80
30 41
62 82
75 83
69 78
63 76
53 60
66 75
62 66
76 84
11 29
53 70
85 92
25 36
22 28
46 61
41 62
10 17
5 15
1 12
76 90
9 17
44 58
68 82
63 70
90 99
28 39
54 61
54 70
27 33
45 53
78 84
56 63
26 31
70 72
37 41
51 57
40 45
44 50
19 23
14 17
12 15
82 91
75 88
61 67
5 12
43 48
71 80
7 20
91 95
39 44
11 24
70 76
92 98
43 50
64 75
19 38
75 87
26 34
71 92
17 23
12 15
80 94
48 57
65 71
51 56
60 62
92 96
68 86
46 48
68 78
29 32
70 72
6 20
41 51
26 41
71 93
26 38
89 95
46 56
34 47
83 94
58 64
9 18
90 98
96 98
20 35
67 75
60 71
72 80
12 16
43 50
81 85
81 91
38 46
5 16
72 82
41 46
35 45
51 79
54 59
19 33
31 35
65 75
48 67
22 29
60 74
14 24
59 65
58 83
50 68
9 10
8 29
34 46
58 75
43 49
43 46
48 66
42 48
80 88
6 17
24 36
4 9
84 99
34 88
38 41
62 70
13 39
60 66
35 45
80 85
57 61
9 13
61 65
82 85
62 83
27 31
27 41
32 36
28 33
69 82
67 83
81 89
41 45
83 85
29 56
58 63
18 24
8 32
88 95
3 6
51 54
5 16
14 36
76 100
74 83
10 15
48 58
57 59
90 96
83 92
39 56
42 52
36 52
36 46
90 95
89 98
59 84
3 20
17 22
37 43
69 79
62 72
76 96
4 7
77 86
29 44
72 84
6 12
51 56
1 14
32 45
16 41
14 38
29 37
59 66
36 47
53 66
46 60
46 76
24 36
15 21
67 77
27 40
18 23
46 91
38 47
14 24
35 63
3 10
30 37
67 76
84 88
38 44
82 88
55 61
49 57
89 100
11 21
51 63
47 64
74 78
7 17
71 81
62 73
29 39
17 27
74 80
38 43
66 84
45 60
35 40
40 51
65 78
57 67
53 66
50 58
84 90
12 15
30 51
36 38
33 45
64 77
73 80
60 71
5 9
25 31
86 99
32 38
34 38
92 97
40 69
31 34
20 27
54 61
66 79
19 27
28 36
66 74
14 28
24 40
24 37
72 92
92 98
59 74
71 86
58 61
43 47
27 34
30 45
58 81
41 58
74 78
13 36
42 49
4 10
67 82
47 53
97 99
80 94
22 55
48 57
6 16
46 69
69 74
7 18
17 21
82 90
36 46
63 72
19 24
14 67
53 60
60 84
76 83
79 84
38 45
15 20
15 26
53 65
25 36
66 87
27 31
23 31
9 20
51 53
93 96
14 21
41 48
3 34
67 80
38 56
20 39
16 24
61 70
70 80
64 72
66 72
57 67
69 71
37 58
45 57
25 52
63 84
31 46
85 96
2 11
59 77
51 56
47 93
87 97
14 16
64 71
15 31
42 47
4 8
61 76
20 34
48 59
45 50
69 71
51 93
47 64
45 54
29 35
23 33
62 78
25 34
33 48
21 35
5 21
64 70
69 83
62 81
19 38
44 66
72 77
74 86
48 56
61 69
55 94
13 22
24 35
35 40
33 41
83 89
64 69
71 78
5 23
29 47
42 54
6 41
57 72
73 82
66 75
62 88
58 76
71 77
49 52
35 55
70 77
84 92
50 64
2 8
4 11
46 58
41 53
29 39
33 67
76 89
85 91
85 99
55 72
26 41
54 64
5 14
62 67
59 62
37 45
74 82
70 77
65 76
77 84
90 99
35 53
30 52
88 94
5 18
42 64
14 22
44 47
65 75
8 12
38 63
88 98
16 42
6 9
28 34
22 34
83 86
89 96
80 94
3 8
74 86
41 47
88 100
12 25
26 41
59 90
82 87
80 87
45 51
65 80
37 46
92 99
39 42
1 12
16 19
8 28
61 71
6 9
65 84
55 77
7 14
50 59
66 76
43 54
56 72
45 51
83 91
82 100
84 90
39 46
62 79
11 17
71 82
35 45
35 52
12 17
43 52
28 53
3 10
33 41
13 24
60 71
19 31
23 26
86 92
78 81
7 54
59 95
91 95
84 90
37 47
85 94
65 81
37 50
70 75
68 69
34 41
88 90
18 28
85 93
62 73
49 72
1 12
44 51
38 45
90 96
60 73
47 77
26 35
37 42
87 94
15 22
28 46
14 25
64 67
80 87
36 47
29 35
41 47
16 25
50 60
35 49
36 50
59 75
15 28
8 28
77 83
11 29
46 70
58 62
1 12
16 24
48 56
66 75
23 42
3 19
4 15
71 100
55 64
84 91
2 6
19 38
27 34
63 73
47 53
2 39
34 60
61 63
22 29
36 51
16 24
67 81
8 21
63 80
35 54
6 13
51 56
65 92
67 80
47 50
21 26
72 78
26 34
39 43
45 49
49 63
44 47
11 21
38 42
50 64
6 14
49 70
37 43
58 89
79 89
77 82
30 43
70 79
15 36
9 14
65 83
63 78
65 75
80 93
29 41
53 68
47 50
6 8
66 82
57 78
88 97
2 5
34 53
73 78
67 79
37 82
66 75
32 42
7 13
33 48
45 52
42 54
59 77
69 86
18 23
70 90
83 90
73 75
26 39
40 51
95 96
37 41
77 87
84 94
15 36
16 32
69 76
87 92
5 11
80 97
95 99
2 27
86 90
30 44
62 83
93 99
87 96
69 75
79 81
34 49
45 57
11 25
85 89
7 9
52 60
42 47
57 89
23 40
25 49
71 97
24 45
21 67
84 97
30 39
39 46
86 91
71 85
90 97
33 42
34 36
32 38
54 56
31 37
55 62
22 30
30 46
76 87
58 75
20 25
24 29
13 31
73 83
88 96
41 82
46 53
42 49
91 94
77 90
81 91
4 11
71 75
16 29
83 90
40 47
18 25
9 16
91 96
61 72
51 55
68 80
27 35
56 63
19 36
78 98
19 41
54 56
44 51
76 90
49 62
69 77
58 70
85 100
60 65
64 72
69 85
22 25
87 91
43 47
46 57
29 35
68 76
81 85
62 64
23 39
68 91
50 59
82 93
21 26
31 35
65 73
2 13
44 63
15 22
71 73
90 94
49 59
39 54
77 88
80 82
43 50
52 53
63 65
46 61
80 96
54 67
19 31
25 40
67 82
6 17
85 94
4 14
10 19
67 91
18 22
4 8
4 39
20 25
56 62
79 93
33 43
66 85
50 56
32 46
10 84
21 25
81 87
51 77
20 28
33 40
1 6
52 56
2 13
82 92
82 90
51 64
2 7
82 83
45 48
27 41
34 47
45 52
87 93
60 74
51 62
4 12
46 54
1 5
22 34
81 97
1 8
43 53
82 87
61 73
42 45
54 59
70 78
12 22
6 19
45 52
45 61
69 75
41 61
10 32
7 15
3 7
63 75
84 95
61 66
50 80
85 93
89 99
53 60
63 75
31 40
58 65
26 38
57 60
24 39
83 87
47 83
72 87
5 18
78 93
56 58
12 30
12 20
45 56
76 84
6 19
53 62
72 89
6 15
42 55
61 76
53 58
62 75
72 82
83 88
81 87
11 22
20 35
43 70
11 19
75 80
51 56
77 100
39 55
62 65
49 56
11 26
26 32
67 72
74 83
35 40
8 17
27 30
80 89
83 95
47 59
82 85
61 71
19 27
48 61
69 75
37 49
24 32
58 76
40 50
34 50
57 66
83 89
56 63
68 79
38 55
16 29
42 49
63 71
54 74
90 94
28 48
93 100
9 16
84 92
23 34
91 98
51 59
36 45
20 54
92 98
80 84
65 70
60 77
46 62
66 72
55 64
44 55
1 9
25 51
12 22
68 78
7 31
50 73
49 61
10 24
9 16
49 79
29 38
11 36
21 27
44 54
68 79
40 43
59 72
3 16
35 43
3 8
4 6
45 59
17 34
20 28
4 8
48 51
9 26
45 60
61 71
79 91
52 84
62 77
76 80
81 87
17 27
67 87
60 71
12 17
74 83
46 54
13 29
77 84
31 41
42 56
37 50
72 89
87 92
30 43
70 74
86 95
27 35
92 98
70 91
35 52
44 58
29 41
39 43
42 53
62 78
22 36
40 67
79 81
19 23
10 20
5 7
87 97
38 43
38 42
68 80
51 57
16 21
38 57
80 97
42 47
23 28
81 90
8 16
55 75
95 98
80 87
47 58
2 14
67 86
34 59
61 67
71 81
67 73
83 85
10 22
90 95
42 49
10 17
50 57
48 55
33 40
53 67
81 94
88 100
34 53
20 26
67 72
75 81
44 57
61 78
84 88
1 11
47 62
43 54
31 36
28 40
62 64
62 66
67 79
25 38
41 45
1 8
39 56
65 67
45 49
73 81
8 19
26 39
9 16
60 70
5 19
8 12
82 84
88 93
50 58
74 82
64 76
41 50
7 22
51 61
88 96
8 15
84 94
61 68
1 9
26 31
88 98
46 69
50 64
29 38
19 27
70 76
71 80
55 70
73 84
75 90
70 72
12 19
17 22
57 73
4 15
33 44
52 74
40 63
70 82
49 53
50 66
8 19
85 92
3 17
82 94
56 79
48 59
41 49
11 19
11 22
39 48
43 48
37 39
68 80
17 24
73 76
37 45
48 72
43 54
26 44
3 17
30 35
40 49
63 70
42 51
22 30
57 78
38 51
13 22
92 94
44 48
74 82
15 21
62 71
19 31
50 58
54 66
48 51
78 96
48 82
13 49
12 19
39 43
4 15
28 35
41 50
38 63
46 66
7 14
83 90
16 31
83 87
6 9
10 15
17 32
11 21
68 80
22 31
17 29
83 89
69 88
30 59
40 55
71 76
51 59
32 63
70 73
2 13
62 89
17 30
7 11
71 84
68 72
33 37
70 88
87 100
35 47
36 51
34 39
81 87
39 62
46 52
22 26
61 82
82 87
84 95
71 73
1 13
52 65
58 67
29 32
20 55
14 44
66 68
48 79
9 24
74 85
39 46
71 83
88 92
49 60
30 42
58 65
82 92
37 41
46 72
90 96
8 13
36 44
80 91
85 93
42 53
16 53
39 59
87 99
8 13
13 27
6 18
32 34
57 63
71 81
10 22
91 98
3 13
77 84
35 42
68 77
67 70
71 77
14 20
46 52
29 43
71 84
34 41
67 76
8 16
23 27
73 82
74 78
37 44
32 48
5 11
66 73
29 34
56 80
48 58
3 10
16 31
41 61
84 92
57 76
37 56
1 18
7 13
92 96
5 14
16 19
39 49
62 73
74 83
46 75
61 66
49 56
36 47
19 30
57 62
86 97
17 24
63 66
10 13
18 31
20 45
47 61
78 91
64 75
16 21
56 59
33 54
56 78
33 40
26 36
60 68
85 94
31 38
48 74
8 12
5 12
86 94
7 11
81 86
6 19
78 88
66 75
3 7
12 13
7 36
39 73
16 37
78 94
50 87
76 78
40 45
60 67
13 31
35 38
70 79
42 50
61 65
77 84
66 75
14 17
75 82
87 90
26 31
14 32
91 93
10 24
51 57
60 68
49 63
77 83
9 17
40 45
74 87
63 67
86 98
77 84
21 30
76 94
13 21
19 32
11 20
35 52
98 99
31 48
33 40
41 66
2 16
17 69
40 47
35 49
14 31
26 32
50 63
41 54
45 53
13 20
75 93
58 100
2 14
80 92
2 10
54 57
5 10
67 77
65 70
27 34
35 48
73 75
4 33
61 69
80 99
7 12
3 10
20 27
25 29
32 42
52 60
12 21
4 16
74 80
28 35
5 9
8 23
59 63
41 58
4 12
10 30
70 75
43 56
55 59
40 54
67 80
32 51
64 87
11 21
19 27
82 91
55 65
8 14
53 57
74 86
55 71
31 64
44 46
62 76
22 34
84 96
1 17
67 83
36 47
27 34
3 37
55 62
11 16
74 89
17 33
6 11
14 18
41 50
9 13
79 95
95 98
60 72
75 81
18 33
28 47
4 23
62 73
38 45
43 46
68 90
90 96
68 80
35 67
41 55
53 58
47 56
64 77
58 79
80 90
85 96
70 81
40 49
35 38
17 41
54 60
93 97
77 83
15 20
52 68
58 66
82 98
43 57
15 25
50 58
49 57
39 43
67 74
20 40
28 37
13 35
42 65
3 10
67 70
80 83
30 35
40 42
9 16
53 61
76 91
4 26
16 26
82 96
25 29
19 25
54 73
59 70
86 90
76 86
67 80
47 50
48 68
51 66
33 39
9 34
79 94
6 39
23 37
42 52
25 34
14 23
26 48
49 74
12 18
81 99
69 72
38 42
83 88
83 91
14 31
68 91
56 66
45 53
49 52
48 55
67 83
44 49
64 90
87 99
21 46
12 21
7 12
70 75
85 89
75 80
6 49
55 65
30 39
26 34
11 16
33 44
36 63
86 99
29 31
55 69
43 44
27 37
42 49
19 31
91 100
24 36
1 7
58 61
83 85
84 92
47 54
76 87
87 98
66 77
57 73
58 64
1 16
62 67
62 64
44 51
34 39
61 72
51 58
50 57
57 73
29 45
36 45
34 42
21 39
40 46
29 33
46 48
72 86
19 31
55 64
7 10
48 79
12 29
7 20
18 42
12 24
34 41
81 84
59 93
94 99
57 60
75 82
55 71
41 49
61 63
23 30
19 52
50 51
91 100
29 35
55 59
51 63
29 46
44 51
91 94
8 24
80 84
66 89
59 77
3 19
15 27
48 54
39 70
81 94
37 48
17 29
47 56
26 32
79 97
79 90
60 65
39 45
55 70
37 46
65 75
57 64
79 81
48 62
16 28
27 37
42 81
59 63
88 99
24 28
79 90
9 16
82 88
77 80
78 83
60 95
6 50
51 58
88 95
29 43
82 97
20 29
71 93
2 12
26 54
9 23
60 63
82 85
76 93
85 92
69 81
75 93
21 35
34 45
71 84
11 23
24 47
9 17
75 80
83 86
63 72
37 48
68 76
70 79
81 87
81 86
90 99
29 39
21 39
27 39
41 52
45 67
53 73
22 42
46 87
37 41
48 58
76 87
86 94
66 71
47 59
26 34
8 19
69 77
92 98
8 52
38 41
8 16
41 47
51 77
33 42
78 89
9 30
25 40
29 40
64 73
57 65
2 8
73 79
89 91
22 31
58 62
67 83
30 35
28 40
93 100
64 67
74 85
59 61
63 84
77 88
82 95
69 88
54 62
28 34
30 34
3 9
53 71
59 77
6 13
26 49
63 66
50 60
70 74
86 90
86 92
57 88
36 45
45 56
90 100
57 64
31 49
69 83
57 80
3 9
10 13
39 44
94 97
40 68
41 55
46 65
56 67
73 84
60 64
40 43
47 72
71 90
69 77
39 52
61 67
30 38
75 89
10 36
87 95
55 68
18 50
41 51
55 69
72 76
69 75
29 35
38 47
61 88
5 14
47 59
81 86
9 33
46 52
80 88
30 34
52 63
66 72
75 80
16 32
60 77
4 9
34 49
20 38
84 92
77 80
51 59
1 6
78 86
31 48
20 35
10 14
50 58
8 11
1 10
7 16
5 15
31 38
53 60
73 84
20 31
78 80
81 85
55 71
96 99
40 61
48 55
67 73
80 87
16 36
39 51
93 97
52 57
65 73
92 96
74 79
76 83
13 35
76 82
49 51
30 41
43 50
38 41
79 88
13 19
86 88
3 16
49 55
50 68
67 72
71 73
21 28
11 15
68 81
15 32
16 18
23 51
91 98
74 92
61 82
25 33
17 20
41 51
7 21
86 95
63 66
15 30
5 17
28 38
20 24
13 29
64 78
27 36
54 60
66 88
48 71
27 39
84 100
5 15
64 74
78 92
23 26
6 10
89 96
73 77
29 38
26 41
23 35
92 98
42 61
46 60
16 22
6 32
90 100
37 63
21 28
31 38
22 26
18 25
71 82
43 66
30 35
76 81
73 89
38 45
43 52
78 98
38 55
16 33
54 60
13 25
59 87
38 67
18 27
79 83
23 44
94 100
21 30
51 56
7 14
29 40
14 35
24 54
6 17
44 49
71 91
39 48
75 88
59 87
50 61
63 77
54 73
40 69
14 22
50 55
51 62
85 95
81 88
43 55
1 4
68 69
39 47
22 30
40 53
35 44
11 36
84 88
81 85
83 93
6 24
46 78
83 90
48 58
58 61
56 73
42 55
49 58
29 36
81 88
9 24
6 19
31 38
26 30
41 50
40 46
45 51
28 43
36 45
55 64
19 30
35 41
40 58
54 57
18 25
21 39
68 79
48 51
10 17
64 81
45 49
63 72
79 98
22 52
21 28
16 27
18 27
44 50
41 47
15 29
49 58
72 78
32 45
8 13
63 68
33 52
86 100
15 32
6 23
90 100
49 60
11 24
24 32
52 58
28 39
22 48
49 62
56 62
32 34
63 83
29 41
43 52
64 78
63 98
70 77
10 14
88 97
77 80
28 44
83 91
57 64
26 32
41 51
41 66
20 32
76 89
71 83
40 46
5 11
78 88
42 62
46 61
12 30
24 34
16 21
15 25
36 49
7 34
54 82
32 38
34 47
70 73
13 22
27 43
31 42
62 63
62 78
73 79
85 91
13 16
91 96
43 54
56 63
7 27
83 90
27 62
8 10
76 89
17 22
67 85
78 86
36 43
34 42
22 25
11 21
6 10
69 82
4 15
86 94
7 25
44 50
58 90
92 99
67 81
83 88
79 87
81 85
19 25
59 72
73 78
50 56
50 53
79 87
60 67
35 39
86 89
15 29
61 67
29 53
2 22
61 90
76 89
76 79
1 9
94 100
9 15
21 35
82 90
57 65
4 11
5 26
83 92
61 73
27 36
38 51
32 56
65 70
75 83
48 61
51 63
33 38
40 43
37 51
47 63
54 58
80 84
84 87
78 86
78 83
25 30
56 73
39 60
15 31
90 96
52 67
6 22
29 36
25 41
11 27
75 83
10 14
7 33
10 28
92 96
3 13
16 22
54 69
68 72
63 69
2 13
2 34
9 35
20 26
73 93
65 71
6 16
80 81
14 18
29 38
6 27
53 58
44 55
89 97
85 93
72 79
23 45
70 82
22 25
76 86
12 14
52 73
6 16
30 59
70 77
39 52
77 88
90 95
1 12
80 94
13 22
1 7
12 21
56 60
99 100
66 80
47 55
55 66
27 43
59 76
44 48
49 55
26 37
20 28
69 83
56 67
12 24
32 37
80 90
3 10
53 70
52 57
57 63
69 77
11 21
31 38
22 50
69 86
3 18
11 44
84 93
71 85
52 61
71 82
53 58
51 71
47 58
63 70
13 20
16 30
64 72
85 89
53 65
4 16
88 96
5 11
70 90
71 74
68 76
11 25
56 70
59 66
21 30
8 16
89 95
15 25
31 35
17 23
78 87
36 42
38 42
62 71
8 12
62 65
59 65
83 90
55 60
35 39
92 100
66 70
67 76
1 9
64 69
24 30
12 23
82 95
85 91
20 26
70 78
36 58
30 37
51 67
52 56
53 83
91 96
7 10
65 84
74 84
51 63
80 88
47 64
36 50
39 46
6 10
8 22
70 76
18 27
78 87
76 80
83 92
64 80
88 96
31 42
81 86
47 74
14 17
45 52
42 49
37 38
35 42
45 52
12 39
12 19
5 11
60 75
30 53
22 27
83 95
12 16
25 41
57 75
75 96
9 23
10 18
80 91
54 56
1 6
19 32
11 19
56 57
33 38
15 33
19 33
29 33
37 44
30 48
39 44
6 9
33 35
49 54
68 73
61 64
1 21
16 37
30 46
58 63
84 93
63 74
23 32
80 85
47 56
48 63
50 54
42 50
19 43
23 26
7 10
32 44
92 99
42 74
61 67
55 75
74 77
5 31
35 41
65 97
94 97
20 39
43 51
26 36
71 81
38 54
20 28
45 67
16 31
20 37
69 79
31 43
73 84
65 68
45 53
57 67
62 69
35 49
58 86
23 28
79 85
54 63
15 22
50 78
55 72
4 24
1 11
50 56
28 39
96 100
62 66
16 20
63 74
49 54
20 39
53 60
5 16
51 59
38 46
54 62
70 76
67 75
51 67
74 97
59 83
47 55
22 27
58 67
12 23
36 40
28 34
53 65
37 46
23 27
10 22
83 86
40 48
45 55
74 83
8 18
12 20
64 78
14 23
87 91
86 97
65 74
30 37
31 36
45 55
22 41
38 45
18 28
8 28
63 69
81 88
9 13
11 23
44 56
2 7
70 82
62 77
63 69
70 74
69 73
15 19
49 59
35 46
4 13
86 95
16 21
44 58
77 89
68 70
55 61
66 72
46 61
31 38
55 81
31 34
88 95
13 30
57 66
38 42
20 75
52 65
27 38
30 43
84 92
82 86
14 22
52 64
84 93
63 68
22 31
1 5
72 90
6 31
20 29
73 90
84 97
8 37
44 50
37 48
7 11
36 44
75 78
76 82
64 82
80 93
2 11
45 50
18 22
85 91
66 80
12 17
37 47
95 100
92 98
33 40
9 15
53 72
1 29
15 31
30 43
77 87
31 37
14 23
46 48
78 100
78 84
74 80
30 35
61 65
7 14
5 11
73 76
61 75
67 76
7 56
5 11
17 22
84 89
36 39
25 29
27 37
17 29
17 25
56 66
75 92
53 61
56 63
96 100
69 86
38 48
58 63
66 72
14 25
43 55
44 73
79 81
73 77
73 82
24 31
10 31
76 91
2 12
67 73
85 97
65 75
66 75
4 22
14 42
15 78
49 56
71 74
69 80
40 42
67 76
75 80
53 62
63 66
11 38
33 47
65 74
94 100
29 32
72 80
62 68
58 70
60 66
73 75
51 58
41 57
36 65
19 27
76 83
51 59
52 58
88 91
54 71
21 25
38 49
87 94
73 78
47 67
36 40
52 55
76 78
55 81
10 37
31 43
4 10
27 33
3 8
54 66
4 14
36 61
60 70
42 48
74 81
19 21
45 55
67 79
17 25
61 70
16 25
19 25
49 54
20 35
13 21
55 58
26 46
5 14
33 58
26 71
64 76
62 76
33 41
26 43
93 96
83 88
30 49
45 55
15 40
49 60
51 59
50 57
28 32
69 94
48 53
77 91
69 78
65 74
10 29
51 62
44 68
65 75
50 54
40 47
28 38
53 67
2 7
55 68
90 99
59 76
3 13
22 30
81 87
31 44
68 81
80 86
29 41
89 95
69 84
60 69
71 82
21 38
25 39
93 96
87 96
49 55
81 93
8 19
39 64
1 27
54 71
18 43
19 28
69 76
54 71
54 57
36 44
65 75
42 47
23 42
10 24
71 88
35 55
54 58
32 50
20 27
55 60
34 47
42 57
52 59
50 61
46 54
63 70
22 26
75 90
6 22
35 67
54 62
55 58
29 32
33 36
43 49
12 21
6 17
41 49
96 99
71 77
10 15
37 47
10 17
63 72
92 96
60 73
38 48
53 72
56 61
26 33
79 93
60 75
22 39
46 53
34 47
35 52
39 51
61 94
67 82
71 99
22 65
36 67
66 69
78 86
39 45
61 79
79 89
78 82
31 35
33 39
8 16
11 16
63 77
12 35
84 100
9 24
52 60
21 25
40 49
17 35
3 7
17 23
49 58
34 43
39 47
83 91
80 85
9 20
91 98
22 35
72 80
64 83
80 88
69 75
34 50
48 71
74 80
24 28
22 51
5 16
20 27
66 68
87 96
33 42
57 63
5 36
85 93
50 65
55 59
15 44
87 92
27 39
57 64
45 49
45 53
3 15
37 41
13 24
21 40
54 74
52 65
68 91
57 60
56 73
45 51
13 16
15 18
7 26
96 98
35 60
67 90
12 28
47 61
80 92
90 98
66 85
29 71
49 63
46 50
74 81
12 18
12 18
70 76
11 13
62 78
72 92
85 89
72 84
2 5
1 10
52 60
64 66
52 66
67 84
14 30
27 36
46 53
35 73
7 14
22 23
44 61
29 39
26 34
27 34
80 88
4 11
22 31
63 69
55 64
50 55
39 44
85 99
51 62
36 40
48 57
42 48
8 12
20 31
74 85
12 25
89 93
38 42
82 89
88 89
39 56
51 78
47 65
69 75
76 84
10 24
53 69
21 27
63 81
33 40
26 33
37 59
87 95
75 83
68 70
1 19
71 93
33 44
25 34
68 78
66 70
74 95
29 33
52 55
33 40
48 66
33 50
54 71
53 61
55 68
64 68
70 100
15 25
7 13
26 39
39 41
32 44
42 48
33 50
88 89
78 91
82 88
2 10
48 52
73 77
38 43
41 43
55 63
45 57
63 76
2 20
29 39
80 93
44 56
28 39
29 36
29 43
33 41
60 68
27 39
73 82
20 28
61 66
92 99
85 95
45 51
50 64
16 18
9 23
12 25
76 92
54 57
71 76
10 16
47 65
14 17
26 34
9 32
70 83
22 28
45 53
60 68
24 30
23 35
23 39
64 71
83 92
83 96
15 22
34 43
92 99
78 82
86 96
77 85
52 66
49 61
23 28
32 57
44 49
11 58
61 68
8 16
17 24
43 49
59 66
15 32
9 20
1 11
27 36
2 12
84 90
55 77
78 83
80 84
8 27
1 4
91 98
28 33
81 86
88 91
28 36
14 24
57 60
49 56
80 85
57 92
27 36
1 45
80 86
11 27
85 89
95 98
24 31
46 51
56 62
24 32
75 85
15 30
27 37
75 87
61 76
6 17
4 14
7 32
29 35
78 87
12 15
67 80
57 64
44 51
36 60
69 84
71 79
10 27
28 47
32 41
63 78
30 43
37 44
4 20
50 55
71 82
71 77
18 27
34 37
52 60
7 11
25 35
49 81
1 6
52 77
8 12
35 60
1 10
55 61
18 22
9 22
67 77
46 48
35 45
16 36
12 24
60 68
84 89
8 31
65 79
15 24
61 71
79 88
17 22
7 11
79 84
88 96
27 50
11 17
50 68
28 32
24 42
93 100
48 54
25 30
59 69
79 86
35 47
43 52
67 77
47 69
32 42
7 9
86 93
15 34
66 78
11 33
39 55
53 55
65 79
28 40
59 74
48 51
37 46
44 56
55 69
61 72
38 56
16 30
35 40
60 65
73 86
33 45
85 92
21 34
42 48
42 64
82 89
2 17
49 54
62 76
1 18
47 67
85 95
49 75
13 22
1 19
10 24
17 20
38 58
81 88
34 40
85 89
74 82
69 79
64 66
33 43
69 77
70 73
83 96
21 56
45 68
76 96
35 40
63 69
53 55
53 61
21 47
76 88
37 49
3 11
51 58
32 36
34 46
5 35
91 97
61 73
62 73
37 43
7 17
43 65
31 52
96 100
74 87
25 36
28 45
23 33
37 44
43 51
48 51
11 36
71 75
57 62
61 81
57 69
16 31
69 86
12 27
34 48
46 52
31 49
23 38
45 56
40 42
13 17
58 61
79 92
29 39
68 73
32 36
71 81
29 53
30 40
23 25
44 46
23 29
47 60
15 38
23 30
58 62
22 36
30 40
50 55
87 92
71 75
62 75
24 30
6 8
56 63
74 87
47 57
26 38
77 87
83 90
13 16
48 51
65 76
63 72
11 14
87 92
57 68
64 68
58 71
23 34
85 95
76 99
37 53
64 70
8 20
24 51
82 85
80 95
48 53
43 48
33 69
83 92
42 51
86 97
63 75
21 30
75 90
27 28
28 51
7 11
46 51
80 87
92 94
50 57
47 49
22 26
9 15
9 18
56 73
26 33
75 81
35 42
7 19
80 90
95 97
68 86
32 35
66 75
52 59
9 17
1 31
39 47
70 76
72 83
1 13
37 56
60 63
46 64
53 62
21 31
21 26
46 57
5 36
65 68
17 20
51 55
89 97
40 43
79 90
9 22
45 49
1 5
78 82
60 82
58 73
63 84
75 83
48 61
43 50
81 97
27 33
53 58
35 51
69 74
92 100
88 92
81 95
92 96
46 50
40 57
23 29
7 8
58 76
20 47
25 38
74 89
17 28
71 74
61 85
64 69
71 94
87 95
54 61
17 43
3 14
15 18
67 78
45 71
8 25
69 100
72 91
78 82
63 71
14 34
41 51
43 60
50 77
39 51
92 100
3 35
15 19
4 5
30 45
4 29
16 21
58 63
5 9
23 30
27 36
58 68
37 69
81 88
40 45
21 33
37 45
6 13
69 75
71 96
34 42
59 74
40 48
93 100
71 83
5 17
21 29
89 92
76 86
70 74
31 42
52 59
41 50
24 34
35 52
93 98
59 72
56 73
58 76
85 91
1 5
16 31
18 24
53 66
64 70
18 26
42 53
56 61
61 67
27 39
78 86
39 45
69 73
30 32
59 63
27 34
47 53
84 89
15 32
90 99
30 47
55 70
28 58
8 19
22 42
18 34
11 18
90 97
37 42
11 33
67 79
94 100
93 97
26 41
37 52
45 56
79 86
10 14
47 66
31 35
25 30
17 31
70 82
43 56
85 94
56 61
31 51
63 76
91 94
85 95
20 28
92 100
8 24
80 94
82 84
54 70
68 74
76 87
38 51
39 47
21 24
80 88
91 99
38 43
76 86
81 96
53 60
6 11
91 97
17 21
21 38
38 43
61 64
23 28
80 84
23 34
36 42
89 95
39 46
63 75
32 35
38 54
68 70
34 62
43 70
9 32
59 72
10 14
10 22
15 26
33 38
4 29
42 58
65 72
9 21
2 17
92 100
82 95
47 49
9 16
62 73
25 60
92 97
58 71
12 59
3 15
86 87
89 100
7 19
57 83
80 82
46 70
17 26
14 35
86 97
92 100
45 47
70 76
22 26
44 64
61 67
91 96
12 28
13 18
25 33
59 67
89 97
14 25
17 36
5 41
67 79
61 64
62 72
69 76
23 34
15 46
20 30
51 87
41 43
56 68
81 91
62 66
14 20
20 33
27 34
91 99
55 59
92 99
19 30
14 18
87 98
86 98
8 20
79 83
76 81
34 45
42 54
65 86
54 65
39 43
44 46
10 25
84 98
20 32
53 59
75 84
65 70
12 48
18 35
36 44
11 25
32 36
32 39
30 35
69 75
42 50
35 48
82 88
52 57
39 55
30 43
33 56
53 70
40 62
61 66
53 64
80 83
4 59
80 92
16 33
4 6
21 26
68 82
43 46
64 75
74 77
62 75
76 83
26 33
6 31
65 78
30 40
80 87
65 67
63 72
69 74
17 57
26 64
17 36
1 4
5 10
66 72
68 75
41 52
58 74
65 77
27 38
52 67
16 26
72 98
92 100
48 93
32 54
61 68
64 97
5 11
46 57
73 87
29 30
87 91
81 89
3 19
38 50
26 34
77 89
83 95
24 43
68 79
66 67
31 38
32 42
87 95
33 37
12 46
37 42
22 42
49 57
15 25
31 40
85 90
62 71
60 73
76 83
72 79
30 37
42 48
79 86
81 86
4 25
73 89
45 57
74 90
54 67
69 73
72 75
6 22
42 57
80 88
35 50
25 41
12 21
32 54
8 12
35 37
69 83
68 77
78 82
26 28
33 36
42 47
50 66
51 60
71 77
78 95
73 89
89 97
16 24
66 71
81 98
12 31
11 16
31 70
56 66
25 47
71 80
36 50
63 80
22 63
88 100
46 56
29 38
35 48
67 80
77 90
63 67
17 37
91 97
77 82
5 19
53 56
51 91
92 96
67 75
82 91
53 65
65 72
63 71
64 74
61 85
40 67
50 53
20 39
37 47
63 72
54 71
6 16
37 41
93 100
47 52
31 34
56 66
48 50
60 71
26 31
66 74
72 94
2 20
61 77
52 61
50 57
23 31
25 31
89 95
52 69
11 19
83 90
88 95
27 40
86 91
3 11
6 17
2 9
52 64
29 37
43 53
68 75
28 32
1 6
2 10
52 66
71 80
89 93
84 86
60 66
82 89
16 25
66 84
20 26
48 59
16 40
51 58
41 54
27 44
4 27
9 30
66 72
55 63
86 88
76 88
89 98
26 37
54 67
22 32
51 67
18 26
52 74
82 84
87 97
31 40
27 44
43 56
64 69
82 90
17 25
77 86
7 12
72 73
68 70
80 93
74 79
17 36
54 59
28 32
50 60
90 100
70 83
80 86
96 100
38 45
1 22
60 67
17 19
84 92
45 53
26 29
34 36
88 97
68 82
70 82
5 12
7 50
58 63
91 100
41 44
61 82
67 84
6 16
48 51
84 97
68 81
20 31
34 53
61 72
60 72
65 75
70 75
55 61
98 100
67 81
89 93
65 74
35 46
63 69
90 94
36 56
32 36
92 100
59 65
23 27
38 46
37 40
61 91
62 71
25 29
19 34
31 48
16 37
41 48
43 53
34 40
78 85
76 81
67 77
34 42
33 44
88 91
48 57
49 78
47 60
17 36
34 42
85 97
59 66
67 77
17 29
36 51
51 60
61 70
75 93
78 82
16 19
74 86
35 47
66 84
62 70
19 22
35 54
29 40
26 50
82 94
83 97
12 19
42 47
79 98
65 78
18 31
56 63
81 88
34 39
32 40
35 45
47 56
38 52
4 11
24 35
4 28
49 65
43 48
13 21
73 78
90 94
63 68
4 10
39 51
62 70
7 17
26 31
45 51
30 36
26 37
42 54
52 62
48 57
48 52
15 53
61 93
33 56
69 77
77 92
45 68
41 77
42 46
14 20
42 53
57 76
11 16
56 59
88 97
67 77
31 44
82 85
75 85
35 42
15 35
71 80
87 93
1 4
66 79
21 26
62 79
47 52
3 13
53 60
77 78
19 34
53 67
31 36
50 67
32 66
70 73
87 94
32 41
59 66
59 73
48 55
2 17
44 54
38 46
18 28
41 51
83 86
47 51
56 63
60 69
42 57
68 81
16 46
78 87
62 72
38 53
72 86
49 60
40 45
85 93
24 45
94 97
66 78
73 81
79 93
51 56
76 97
85 90
33 36
4 21
16 19
56 63
49 56
18 25
70 85
81 91
22 33
42 56
51 74
6 10
70 76
40 55
54 61
64 85
66 74
62 82
91 99
39 49
4 13
9 26
17 27
44 49
44 57
56 59
36 38
58 64
67 82
24 37
44 60
81 90
15 28
72 81
89 92
12 18
7 26
21 24
47 71
32 38
64 69
55 77
54 72
12 15
74 81
5 24
84 88
90 95
75 83
4 6
76 86
49 67
38 53
39 44
3 20
64 69
24 34
21 36
41 61
31 36
66 76
83 94
37 48
66 73
34 57
39 53
34 49
4 12
37 57
29 46
54 59
8 15
69 78
11 17
32 40
55 63
19 30
67 73
20 28
60 71
16 51
78 89
62 67
20 27
49 64
76 88
78 97
16 23
82 94
1 37
1 22
12 17
23 38
69 74
31 47
90 100
3 8
42 57
23 29
16 21
79 97
24 28
7 16
39 43
75 86
3 11
70 84
26 34
90 93
83 94
77 96
44 58
61 64
60 73
49 58
12 43
21 41
10 61
81 94
62 69
73 83
29 38
77 81
23 33
84 96
66 72
26 34
9 12
21 38
31 55
65 91
38 51
81 99
24 29
48 52
14 21
31 65
67 71
17 23
16 26
9 27
17 28
72 87
51 70
87 93
24 29
26 46
96 100
52 59
54 62
34 50
17 39
24 30
78 95
53 66
90 96
5 14
17 25
21 30
3 9
11 17
20 24
11 25
67 76
8 22
32 34
55 73
12 21
2 9
64 74
73 95
11 17
85 95
77 82
19 46
4 7
30 71
47 51
55 59
20 46
26 37
23 28
36 57
63 70
71 85
71 76
36 43
94 99
11 29
45 50
46 54
25 39
82 88
51 66
3 10
69 82
6 25
26 42
55 67
30 36
90 96
81 84
7 33
53 57
29 35
79 85
15 19
16 35
91 96
71 96
20 26
2 8
17 20
35 60
35 54
70 80
8 27
75 81
11 34
51 56
1 16
50 66
21 32
10 31
96 100
6 7
50 58
76 80
83 87
88 95
75 93
53 73
8 29
70 96
54 57
57 81
92 99
71 83
27 42
54 65
20 24
35 40
29 37
1 5
82 94
43 50
73 76
58 69
96 98
34 47
55 84
33 52
70 78
21 28
63 77
41 45
69 79
15 29
90 99
13 18
71 79
23 36
55 66
63 65
70 74
54 68
40 46
39 45
42 46
57 62
75 98
33 41
32 72
63 70
52 67
69 74
13 22
14 24
7 13
18 60
3 24
16 32
77 93
44 61
55 67
81 87
24 33
25 40
60 78
93 97
43 62
38 48
39 66
33 43
25 33
4 8
31 48
30 38
32 39
7 20
34 41
33 52
61 71
28 35
84 90
75 87
70 75
30 52
64 95
28 40
49 74
58 69
27 31
37 53
1 12
11 19
74 94
44 46
47 52
26 32
31 36
75 87
6 20
88 92
84 90
23 51
85 94
3 11
50 58
32 45
14 28
29 43
27 31
79 83
12 40
2 18
96 98
39 63
50 57
44 68
59 75
89 94
35 39
61 68
79 86
5 10
61 70
89 93
83 96
21 23
11 14
68 91
44 55
75 98
12 38
73 83
22 28
61 68
14 32
1 13
6 34
79 88
31 40
6 26
14 29
35 48
20 27
51 58
57 81
96 97
96 98
57 58
67 73
33 35
19 29
93 98
33 41
10 16
8 15
82 88
9 14
16 20
81 94
64 81
11 24
67 74
5 8
33 41
37 49
14 24
76 91
49 59
10 17
47 53
48 71
4 16
23 44
34 43
76 84
72 82
77 89
39 45
26 33
9 19
84 97
86 90
63 74
33 50
61 68
47 75
12 24
71 77
76 91
44 54
30 42
38 45
81 97
73 99
26 45
40 56
48 56
37 45
40 45
29 48
67 81
45 58
67 91
6 19
14 17
3 16
64 82
76 88
30 37
68 75
47 57
71 76
7 15
43 56
76 84
86 91
26 37
76 81
14 21
54 75
36 52
6 11
41 53
47 56
23 45
81 91
9 15
69 73
75 91
10 32
54 64
84 89
87 100
72 76
43 52
57 60
25 33
22 30
11 17
25 30
39 62
13 34
35 51
32 42
45 51
4 23
45 66
10 34
30 41
65 81
34 38
95 99
66 84
14 39
51 82
16 19
79 95
27 42
19 39
57 89
11 16
21 36
28 40
22 24
78 87
60 70
2 7
24 29
23 27
90 95
51 59
43 55
55 72
70 78
29 32
21 31
85 91
51 63
8 16
23 32
61 66
42 45
28 41
79 95
87 88
64 73
83 95
81 86
20 25
3 15
11 40
50 57
81 89
67 78
27 49
6 11
72 91
20 34
17 24
11 33
70 84
82 88
84 89
49 56
13 20
79 93
59 69
33 49
19 25
10 13
90 99
54 60
71 80
62 69
8 30
88 91
83 91
1 9
50 55
68 96
10 29
7 88
45 53
79 96
7 10
75 89
40 45
63 80
74 80
9 14
79 91
74 94
20 27
60 76
30 47
26 34
12 21
25 41
11 24
69 77
76 81
28 38
38 41
32 36
44 56
45 63
94 99
88 96
44 50
75 87
59 73
45 48
93 98
68 73
62 74
77 85
19 36
75 80
26 28
74 89
51 55
68 77
73 76
17 21
19 25
76 79
39 50
79 97
64 77
6 8
11 18
44 53
59 65
45 55
44 49
25 33
43 54
48 54
15 25
14 31
7 65
20 23
6 12
25 28
83 91
47 57
76 81
7 16
41 72
58 62
21 27
43 47
56 88
20 29
77 83
5 17
18 30
24 35
60 64
60 72
11 25
19 31
42 59
82 89
70 86
25 40
49 54
63 74
55 77
52 61
77 91
38 47
36 47
21 36
60 65
85 95
1 10
24 31
39 54
86 91
60 67
51 60
20 33
62 70
69 83
59 71
16 21
16 25
6 31
73 83
66 76
82 91
90 96
21 32
12 30
52 58
22 34
26 33
5 8
62 76
78 86
33 63
64 74
21 31
27 51
70 83
56 61
62 68
17 44
29 65
71 90
68 73
90 97
17 35
18 30
88 100
2 10
72 78
71 88
31 43
40 46
37 40
48 55
42 49
21 27
29 38
63 76
58 67
34 49
64 78
20 26
60 63
34 48
12 22
8 19
5 14
28 38
22 31
32 36
26 49
52 60
68 76
38 48
71 74
63 66
59 89
