100 20 20 5
00000000000000000000
00000000000000000000
00000000000000000000
00000000000000000000
00000000000000000000
00000001111100000000
00000000000000000000
00000000000000000000
00000000000000000000
00000000000000000000
00000000000000000000
11111100000011111111
00000000000000000000
00000000111100000000
00000000000000000000
00000000000000000000
00000000000000000000
00000000000000000000
00000000000000000000
0000000000010000000
0000000000010000000
0000000000010000000
0000000000010000000
0000000000010000000
0000000000010000000
0000000000000000000
0000000000000000000
0000000000000000000
0000000000000000000
0000000000000000000
0000000000000000000
0000000000010000000
0000000000010000000
0000000100000000000
0000000000000000000
0000000000000000000
0000000000000000000
0000000000000000000
0000000000000000000
6098
20 30
76 84
47 64
21 32
21 26
25 39
95 100
33 38
57 70
56 80
17 33
75 84
27 34
5 10
7 31
69 74
34 35
80 92
51 60
4 14
50 53
66 80
2 13
14 25
67 83
27 32
2 15
83 84
25 50
23 43
4 18
5 12
71 88
32 47
22 27
43 51
56 62
42 49
36 44
89 96
23 33
82 95
89 100
41 66
72 80
63 70
41 55
2 18
20 26
34 40
91 96
20 30
54 56
76 84
60 66
25 28
50 67
48 63
31 36
72 79
18 35
53 57
41 49
52 59
58 68
45 53
66 88
23 38
40 52
96 99
59 74
59 66
33 39
56 64
30 48
74 83
25 37
1 14
40 48
33 40
83 89
69 90
7 12
23 80
45 57
43 51
39 49
58 72
84 91
93 98
81 89
81 86
62 81
25 43
8 43
17 31
32 34
80 85
1 20
74 81
86 100
46 48
19 28
58 63
51 69
18 31
72 100
42 53
58 68
66 87
43 56
35 45
67 75
11 15
14 16
15 29
22 26
13 17
48 61
36 49
57 63
89 96
83 96
85 88
65 76
68 76
13 18
33 47
25 35
78 89
12 19
91 100
72 78
84 88
2 8
16 27
43 57
10 19
74 78
75 79
59 68
50 63
57 60
67 74
79 91
29 33
32 55
55 68
42 52
39 51
36 45
38 47
2 7
68 78
71 91
38 42
32 41
60 71
8 11
86 91
35 37
39 42
9 19
80 95
37 45
36 55
84 91
43 63
1 12
66 95
60 70
20 38
29 33
4 19
49 79
48 81
12 19
11 21
17 34
27 39
51 54
31 40
83 87
29 39
32 37
25 35
4 13
29 44
40 47
36 46
80 90
98 100
2 9
48 67
63 68
80 84
93 97
52 54
95 100
43 45
39 47
69 76
33 45
15 19
40 44
32 37
38 51
29 34
28 31
70 77
88 90
87 90
68 84
75 77
8 32
81 93
26 39
17 23
15 68
62 87
13 17
17 35
16 22
64 73
17 28
7 14
17 20
69 76
6 32
81 93
55 60
22 54
10 23
30 41
9 23
7 9
69 97
10 17
54 61
13 22
6 26
56 59
22 25
39 64
37 57
5 28
4 14
81 94
50 59
69 85
74 83
82 97
53 73
86 99
48 63
17 29
13 31
58 63
17 30
60 65
97 100
19 25
92 98
78 94
38 47
85 87
48 53
45 52
7 25
65 73
92 99
51 59
88 98
14 20
51 61
15 21
59 65
37 51
80 90
49 58
5 27
67 71
68 89
24 28
60 67
16 27
61 74
33 43
36 49
78 86
82 88
56 68
23 33
33 48
39 58
88 96
79 92
2 14
93 99
66 70
87 91
33 40
8 47
38 81
80 86
58 68
27 39
81 83
36 76
52 64
48 52
66 75
24 27
5 11
36 47
39 42
64 72
88 92
16 31
73 87
28 35
81 85
13 19
3 7
6 14
22 32
49 57
10 19
67 83
1 6
87 94
58 72
49 60
59 68
31 71
79 98
79 96
65 88
77 90
2 18
2 7
80 86
68 74
36 48
40 47
62 85
13 28
23 26
47 54
56 67
80 96
29 39
39 66
60 67
9 16
16 29
71 76
51 84
36 48
85 90
22 32
2 26
71 85
24 33
3 6
9 28
38 51
91 97
26 38
60 70
59 81
71 88
81 87
67 69
50 52
71 78
65 74
61 68
84 92
57 89
43 51
19 27
29 62
31 51
81 89
34 39
19 49
3 35
25 42
3 12
81 96
41 56
35 47
17 46
80 85
8 11
10 14
5 13
65 72
74 97
49 55
32 38
20 41
79 86
21 32
83 91
58 64
30 35
61 68
63 76
56 67
53 74
82 89
67 70
89 92
61 65
20 26
66 73
29 38
16 22
59 67
18 24
43 45
52 74
71 82
81 94
59 81
49 75
21 25
42 55
44 56
59 64
52 57
20 25
16 28
30 32
79 89
27 45
72 87
9 16
78 94
68 80
35 40
25 40
15 27
63 71
44 51
42 49
18 21
57 74
90 96
11 18
30 56
86 93
95 99
35 55
73 82
76 82
57 77
35 45
13 20
85 97
45 59
42 63
6 14
9 15
31 37
46 56
69 78
16 24
27 38
82 96
29 44
32 38
65 73
89 92
30 61
56 77
65 71
46 57
7 17
37 42
81 93
41 54
25 40
4 14
16 28
41 43
82 96
45 49
61 73
14 27
77 85
69 94
50 58
41 65
30 37
88 98
23 30
73 89
74 79
60 64
83 92
52 78
45 55
44 52
58 86
87 91
13 14
56 57
14 22
30 46
80 87
90 96
44 57
70 91
78 92
55 67
83 90
48 60
29 56
59 78
23 42
75 83
89 100
4 19
72 78
16 27
53 57
8 18
20 47
76 87
30 38
71 75
73 78
72 92
40 46
69 74
45 51
10 15
14 52
78 91
86 88
78 83
27 35
7 27
25 38
38 45
33 38
93 97
30 38
1 4
15 23
56 78
39 65
76 83
17 29
21 23
4 8
51 60
27 30
30 48
9 16
79 84
30 34
74 98
64 72
38 47
15 27
73 83
79 85
4 21
72 82
20 37
14 30
64 76
41 48
35 44
43 62
67 84
48 50
67 74
72 74
74 95
38 58
67 80
46 57
16 22
29 50
74 76
2 16
46 59
82 96
9 11
85 92
40 63
9 16
54 77
10 19
24 36
92 96
62 71
20 41
6 18
96 100
28 40
86 92
62 74
84 94
53 60
10 17
52 66
17 31
29 35
17 33
2 17
44 59
24 36
26 35
34 57
67 74
76 87
74 87
62 70
66 87
67 74
14 23
67 69
10 16
71 76
48 70
92 100
2 17
76 83
39 44
49 62
8 17
22 38
33 41
3 14
73 82
42 51
46 50
3 25
8 17
43 48
40 67
7 17
47 49
70 96
21 30
32 53
24 29
26 37
82 92
54 60
71 82
2 9
17 25
22 31
20 27
84 97
52 61
27 54
29 30
45 54
37 42
43 62
63 83
1 25
58 69
56 60
59 65
5 12
52 66
75 80
61 68
6 9
75 85
51 71
49 55
78 90
10 26
75 83
6 18
79 82
74 83
38 44
34 42
26 38
22 48
8 19
40 61
21 29
31 33
61 71
87 92
87 95
33 49
22 24
26 30
88 95
72 80
86 96
16 29
7 19
31 98
33 42
15 22
58 61
10 21
58 65
76 84
31 39
29 53
41 47
71 75
8 33
8 20
67 78
84 93
81 87
83 93
85 97
8 11
27 33
21 24
52 57
41 79
75 82
69 82
18 29
69 76
63 73
4 13
20 24
80 81
52 71
37 54
45 55
91 98
65 85
81 89
43 53
63 73
34 37
25 38
40 46
51 55
73 85
15 31
47 57
5 10
58 64
78 84
5 11
93 100
54 61
80 93
8 20
87 98
13 19
87 98
50 60
59 69
28 33
28 32
24 36
62 71
50 57
38 57
86 92
15 28
80 93
37 47
5 12
80 84
34 41
47 51
33 38
34 40
70 77
62 81
18 23
69 75
15 23
76 91
44 47
50 53
41 53
26 38
68 74
19 29
38 58
95 97
3 10
67 75
70 80
86 90
46 60
17 23
73 81
14 23
36 43
88 96
54 59
67 85
47 58
84 88
63 81
25 39
19 23
38 51
30 35
81 98
29 36
42 50
67 79
87 97
77 91
78 83
84 91
14 20
42 45
39 46
57 66
73 83
7 11
49 66
53 60
73 78
86 98
31 39
12 21
66 69
21 36
85 89
15 21
39 51
18 27
14 28
92 99
30 42
86 90
17 38
21 40
10 18
89 93
26 32
91 95
71 76
75 84
69 75
87 98
44 70
61 73
53 56
6 15
3 8
19 33
68 73
8 12
42 68
85 100
51 59
16 39
83 98
15 32
25 39
50 56
13 18
3 21
83 96
16 27
73 85
9 13
26 35
65 73
67 79
79 87
55 62
23 35
13 19
85 100
89 100
12 17
1 16
19 22
22 26
30 37
14 22
80 84
68 86
90 97
79 82
46 49
33 41
47 53
38 41
87 94
21 26
17 26
44 48
56 73
77 90
4 14
73 75
28 50
74 81
62 91
88 98
17 30
54 63
59 70
12 18
44 56
33 42
46 62
35 44
81 93
24 36
74 81
87 92
10 21
33 42
83 91
19 33
60 69
19 31
92 97
92 100
75 82
16 33
11 20
22 32
32 43
65 67
92 95
42 48
69 86
42 47
72 91
92 99
15 39
41 54
42 49
78 86
5 10
25 38
63 84
10 30
35 44
5 13
89 93
39 55
65 86
81 87
81 85
1 14
49 58
14 20
30 36
31 63
45 50
62 76
29 38
82 89
11 14
20 33
27 38
37 49
26 36
63 79
78 95
24 28
36 48
34 45
88 95
5 9
88 95
14 22
34 48
34 49
6 39
94 98
21 28
19 26
52 66
92 98
37 46
4 43
58 62
4 12
48 72
70 81
31 47
46 50
88 97
26 32
25 29
25 33
10 26
87 98
10 24
88 90
41 46
34 49
40 45
3 8
26 29
29 54
70 74
89 91
61 70
48 51
82 100
19 28
10 25
81 90
18 25
45 55
73 93
31 47
6 9
76 89
31 36
81 88
63 77
27 86
65 81
30 59
88 93
36 55
62 67
67 89
45 53
83 98
1 19
77 89
31 43
91 93
62 68
12 20
69 81
7 20
52 56
24 40
36 44
73 78
21 27
11 26
71 78
77 83
22 44
7 14
88 94
50 62
74 80
37 46
63 78
67 75
59 75
28 40
46 58
48 56
16 27
50 65
69 75
79 90
14 19
1 20
80 86
22 69
72 85
61 68
84 90
26 51
11 22
45 61
5 9
33 38
89 98
10 29
78 93
37 49
24 61
28 40
15 25
56 65
56 64
66 69
31 36
69 84
18 25
25 53
72 81
71 88
10 30
77 84
16 32
47 54
70 78
52 62
68 73
5 27
11 18
57 62
75 79
22 31
77 85
17 26
76 83
81 87
22 24
46 54
16 19
57 72
93 100
35 41
33 40
87 97
46 53
53 64
55 61
76 79
16 29
8 29
45 56
24 31
86 92
44 51
17 37
79 81
63 73
16 53
14 16
2 13
37 53
8 16
1 15
59 64
67 80
17 29
60 69
55 69
80 93
93 97
42 51
68 73
47 54
59 68
67 96
27 34
75 80
35 42
38 45
16 26
59 88
16 27
23 29
72 99
28 40
75 79
57 67
27 39
56 59
9 22
12 33
22 29
88 93
58 71
88 99
52 63
70 78
12 23
55 63
2 9
13 20
32 40
50 61
57 61
11 12
55 65
91 99
14 22
41 49
40 47
13 24
5 32
5 9
16 21
1 13
21 25
89 97
51 58
33 42
80 87
35 52
54 60
48 63
6 17
21 22
61 74
36 46
48 57
37 42
30 35
54 62
31 34
54 78
65 81
54 80
12 21
23 29
57 68
48 55
95 99
41 47
48 65
76 93
45 49
77 83
18 25
59 66
46 56
45 66
42 67
43 52
56 71
61 66
81 98
40 43
28 32
74 81
14 22
44 57
45 60
61 67
83 88
65 84
2 10
20 37
31 42
43 50
35 48
66 70
15 18
25 35
65 68
37 52
83 98
47 62
22 35
9 18
81 87
73 80
58 63
4 28
62 75
55 69
37 47
29 59
51 63
62 72
23 34
7 21
10 21
42 68
48 70
42 50
72 94
29 37
72 77
73 78
14 31
51 57
73 87
49 62
68 94
93 96
30 36
27 32
14 20
32 40
18 31
51 59
15 41
47 86
88 94
41 54
31 40
8 16
21 50
7 24
86 97
43 52
35 39
70 74
32 62
66 71
85 90
38 51
10 19
84 95
80 90
80 93
85 88
22 29
19 60
19 30
6 18
65 72
73 75
89 99
62 69
53 66
58 75
49 59
22 31
83 87
6 11
3 12
82 90
68 77
50 57
24 30
22 31
50 54
59 68
50 52
40 47
58 77
23 37
34 37
45 54
77 97
2 6
67 77
75 81
15 28
65 81
27 43
45 60
54 70
11 24
66 69
12 21
19 24
20 28
8 13
46 59
3 9
79 82
36 50
87 98
13 23
74 86
18 25
35 47
66 75
20 39
81 92
1 5
71 78
33 36
50 53
46 50
27 40
27 36
40 51
73 86
72 87
17 38
44 55
75 91
50 52
31 43
53 83
69 99
84 95
43 49
87 98
49 56
53 60
85 90
15 24
12 34
60 71
73 79
86 88
79 93
85 98
93 99
29 34
26 32
28 46
23 27
50 54
71 86
22 24
74 77
90 96
11 38
21 38
36 44
79 82
75 86
18 25
29 40
87 92
37 54
72 80
88 94
46 57
85 90
32 44
71 89
70 85
14 38
87 91
30 40
15 34
61 74
94 100
44 55
63 73
45 63
41 54
32 38
85 92
37 46
91 95
12 32
64 83
47 63
24 94
43 47
5 8
55 66
78 86
37 52
75 83
80 97
62 79
88 96
38 57
51 61
30 39
67 76
73 88
82 100
15 40
63 68
41 64
85 90
3 5
87 97
66 76
49 63
74 78
65 67
2 14
48 70
52 63
89 98
73 82
45 60
23 34
61 67
79 85
26 31
6 20
64 76
93 100
44 47
2 40
80 92
78 83
45 64
71 78
10 33
11 17
77 80
61 70
54 56
83 94
6 19
58 70
36 44
41 70
85 89
73 82
46 54
41 56
86 96
5 30
12 25
26 36
8 25
76 85
17 23
62 77
70 81
15 33
88 95
93 97
3 10
70 78
15 39
3 22
46 50
62 70
19 28
41 44
30 42
19 26
67 75
80 87
8 20
83 86
43 52
63 64
11 15
91 96
9 14
35 50
65 77
72 77
42 49
54 65
37 48
72 83
29 37
29 67
54 73
43 54
10 16
34 39
69 75
37 59
21 29
10 17
25 30
71 81
21 70
22 28
28 31
28 32
6 30
17 38
90 97
9 13
58 64
15 38
5 10
50 61
11 18
10 22
11 16
86 88
6 24
57 64
4 9
44 52
14 20
25 30
64 69
33 47
43 58
13 16
30 59
10 25
35 41
93 100
75 87
20 33
6 8
68 84
68 74
6 15
87 96
42 48
23 33
63 84
56 64
86 89
8 12
86 95
36 44
75 89
16 28
57 65
71 87
49 59
40 49
17 24
1 28
37 51
44 61
4 11
80 91
27 45
9 17
12 27
59 70
85 96
64 78
56 70
75 93
17 63
39 45
85 96
72 78
9 15
75 77
35 42
69 76
20 44
29 44
21 27
45 50
26 43
69 73
93 98
52 73
63 69
3 12
79 85
71 94
14 20
3 6
41 47
46 53
51 58
12 17
21 38
23 27
37 44
4 10
84 95
46 58
67 71
39 54
29 36
12 30
63 70
30 46
82 93
64 70
17 32
59 68
36 47
5 7
75 86
53 59
67 82
4 12
59 67
8 15
5 17
83 87
49 57
79 89
67 85
12 17
86 97
23 27
38 55
25 36
77 84
27 52
31 41
56 58
34 43
37 40
31 38
46 86
50 77
13 42
58 68
30 46
74 77
75 84
24 35
63 83
58 67
41 44
24 29
99 100
49 57
70 77
48 54
56 95
70 96
48 67
89 100
23 44
81 88
8 17
58 70
56 60
54 58
80 90
50 57
39 48
33 42
1 15
51 57
68 90
31 45
15 26
25 66
10 33
26 43
40 45
26 36
34 44
46 53
64 74
2 8
31 36
65 78
42 50
62 67
13 30
18 23
42 55
74 77
1 8
1 12
50 57
83 93
74 85
73 82
79 85
45 62
41 45
26 40
4 53
28 40
45 55
82 89
62 79
62 66
32 42
60 64
44 63
72 82
87 92
39 46
71 84
29 38
68 89
33 43
64 68
2 10
79 86
27 39
76 96
70 74
57 69
71 73
38 59
28 49
14 22
2 7
2 18
20 30
93 99
93 97
48 53
43 61
26 37
49 60
25 43
19 33
92 98
73 78
60 63
82 87
82 98
26 31
51 57
45 59
49 57
72 94
10 20
52 63
62 81
44 63
39 49
40 50
64 73
17 29
3 8
22 29
53 56
82 84
92 97
88 94
84 97
90 94
17 27
56 74
22 41
5 10
20 36
16 25
83 85
22 42
55 83
32 38
30 40
12 25
1 18
50 57
74 89
55 85
59 65
34 38
77 93
28 37
20 27
88 92
10 16
82 85
57 84
75 84
57 75
36 48
82 84
54 64
82 93
13 22
84 86
50 60
59 63
76 84
35 43
78 84
64 70
42 53
82 89
41 50
22 38
89 97
28 34
50 58
66 77
27 33
77 89
50 66
56 65
5 11
95 99
71 95
67 73
77 85
57 69
30 36
11 30
44 53
46 68
64 84
11 27
8 16
4 11
90 93
73 93
79 84
66 84
22 35
25 33
11 24
25 41
30 40
80 94
12 16
21 28
69 78
68 73
74 90
19 23
3 11
14 22
39 65
14 43
5 12
27 41
34 44
44 62
46 59
85 93
88 96
25 35
7 24
53 66
1 6
51 65
3 23
29 37
24 34
83 96
3 12
51 56
25 31
49 58
25 31
12 33
55 65
56 63
61 76
24 36
78 86
70 81
85 88
7 12
1 8
34 41
37 54
78 85
85 99
78 84
33 44
2 23
45 62
82 92
47 59
85 96
63 88
71 78
42 59
23 28
12 22
2 16
30 33
30 34
2 18
89 97
86 93
35 45
83 90
59 84
90 100
71 77
61 66
69 80
45 55
4 22
63 67
44 53
34 41
69 91
28 48
58 63
13 57
25 56
75 83
21 34
66 77
61 82
8 15
78 100
70 78
51 65
36 41
51 61
26 31
81 100
3 10
2 15
32 42
29 36
18 25
87 92
34 35
39 41
26 33
63 64
25 30
54 58
78 99
50 65
78 100
48 60
13 28
80 95
17 29
35 46
7 14
45 50
4 11
83 90
28 41
55 66
42 47
25 32
61 76
65 69
75 79
49 54
16 18
89 94
77 89
31 39
33 41
94 98
17 48
57 62
31 39
52 58
54 65
68 72
29 39
83 93
64 76
71 86
20 34
70 78
86 99
68 78
23 40
49 54
87 99
86 92
31 42
47 54
38 40
69 90
50 54
49 57
5 17
10 14
9 17
93 99
81 97
58 72
1 10
67 70
13 22
79 87
87 93
8 12
39 47
9 13
71 74
38 51
3 26
43 51
73 79
7 16
83 91
27 40
38 49
74 82
79 86
53 66
70 78
84 97
30 61
31 38
29 47
26 45
25 36
61 73
88 95
39 44
10 24
21 33
4 12
76 80
39 44
10 17
67 77
78 93
81 87
20 27
67 82
79 92
10 20
3 6
52 68
2 16
42 48
61 73
44 55
17 32
61 66
41 51
32 38
7 10
61 65
76 92
12 21
82 86
30 35
23 37
17 26
80 90
67 70
68 73
62 74
28 34
74 80
50 54
69 80
79 96
93 99
76 81
90 99
2 13
56 67
10 19
3 11
60 80
87 96
64 69
6 16
13 17
68 74
67 80
67 94
92 99
2 20
67 75
83 88
23 38
39 70
89 95
48 54
20 31
23 28
66 87
51 54
4 9
56 72
71 86
46 62
82 96
74 79
9 18
25 45
60 68
52 68
58 75
68 77
1 6
16 31
50 57
31 43
10 29
73 77
88 98
33 36
46 69
60 77
46 61
53 62
29 32
15 32
60 100
50 56
65 67
24 35
35 38
33 38
75 93
67 76
24 27
93 99
94 100
11 15
82 89
80 88
52 77
79 97
67 75
17 22
7 23
16 24
44 77
45 54
54 63
73 90
75 88
48 56
83 85
48 55
85 92
66 89
85 88
42 56
65 80
59 67
6 18
20 36
43 61
48 75
67 76
1 12
69 76
39 44
21 35
22 29
58 63
48 56
7 14
73 78
79 88
16 24
43 71
34 41
15 24
28 51
36 40
12 24
80 91
33 46
13 28
68 75
12 15
62 75
54 56
2 14
67 77
34 41
89 90
65 79
15 25
53 61
63 82
52 60
81 98
68 81
46 60
53 58
88 96
19 72
28 42
43 52
78 82
59 76
57 61
80 93
89 97
75 88
32 61
35 46
71 89
7 19
40 61
35 39
65 71
27 35
25 37
10 16
43 50
18 27
18 37
19 28
4 20
13 31
64 82
44 57
64 79
7 9
56 70
52 68
23 34
3 16
93 100
24 31
45 52
64 85
24 43
3 8
47 65
55 60
67 74
71 74
72 98
46 51
14 20
53 64
27 36
90 92
42 49
35 42
44 54
26 55
39 50
85 97
14 21
18 36
20 38
79 99
67 77
80 97
32 50
37 58
88 93
68 97
11 16
71 83
67 74
56 82
87 96
22 25
60 81
37 47
49 64
52 69
46 71
54 63
23 35
35 43
48 56
25 30
3 11
48 59
62 77
50 59
50 57
19 23
35 41
52 64
41 57
49 58
65 69
53 65
40 46
81 98
19 31
8 20
81 88
29 43
74 82
24 34
75 85
39 43
17 28
61 74
9 16
86 93
6 13
1 6
56 88
56 63
76 79
38 47
11 18
24 75
62 81
7 10
78 81
72 83
84 89
38 50
60 67
23 36
49 52
24 38
88 97
15 35
49 56
46 58
49 62
9 18
1 17
85 100
11 23
70 76
44 57
46 53
72 84
21 29
21 24
61 80
93 100
67 73
25 35
78 86
3 14
68 85
55 63
76 81
2 7
34 61
83 92
87 99
73 80
78 95
8 9
46 51
90 92
78 96
18 37
28 49
80 93
77 79
73 75
2 19
75 83
92 98
17 31
59 63
80 84
82 86
75 84
45 61
68 84
16 29
72 85
46 74
14 24
59 71
33 39
65 70
53 65
4 9
64 75
19 27
15 32
49 52
72 75
43 54
37 56
24 41
8 20
57 59
74 83
69 73
73 80
52 64
79 87
62 64
6 18
3 10
64 72
72 77
10 22
26 36
38 60
9 15
63 69
31 52
44 47
49 56
3 19
79 99
35 46
79 84
62 69
51 57
36 44
69 76
21 25
27 33
86 93
10 30
13 29
79 89
65 72
82 88
83 91
51 62
17 26
28 59
2 6
70 80
79 83
60 69
24 35
60 79
2 19
26 37
24 38
13 18
77 84
85 91
65 72
45 54
55 59
51 64
58 62
38 47
65 73
84 90
2 16
12 21
19 31
51 58
71 83
85 91
64 66
90 95
17 43
8 13
31 43
77 83
93 100
40 45
9 24
62 69
62 70
55 59
78 87
1 13
58 69
13 22
72 74
70 78
14 27
19 26
51 57
30 38
44 65
86 95
91 95
4 14
76 96
75 89
66 69
81 90
46 69
29 38
39 52
6 9
73 78
67 93
82 95
55 66
66 76
42 49
40 49
55 60
26 48
8 19
95 97
39 47
92 98
29 41
64 66
50 59
45 65
81 92
44 48
25 37
40 49
57 81
58 69
71 88
39 58
73 83
66 77
77 85
12 18
44 49
51 62
1 17
54 93
2 9
18 23
90 97
60 65
55 76
43 48
28 37
82 86
71 77
16 28
8 13
29 39
16 30
74 80
3 12
37 46
14 21
25 54
90 98
21 35
79 85
21 33
65 72
10 39
24 37
8 19
46 90
63 88
20 31
25 43
45 53
72 79
26 36
49 71
68 81
44 52
47 64
49 61
34 47
2 15
74 77
51 66
52 60
15 28
3 5
87 100
37 58
85 93
49 52
48 54
72 75
86 92
7 14
89 91
83 85
41 50
43 57
28 37
56 63
36 57
55 64
42 58
55 58
76 82
46 50
53 57
5 19
59 82
73 78
33 48
73 75
19 27
32 60
43 48
48 92
4 15
77 94
47 59
54 67
54 66
17 42
18 35
11 17
56 82
77 97
78 86
38 45
14 30
73 83
84 91
80 90
46 51
32 37
35 46
51 58
26 35
13 36
88 98
74 78
60 66
53 63
47 50
29 33
61 66
32 35
29 39
28 33
34 45
54 67
27 30
44 55
88 97
6 16
29 48
38 51
61 65
79 95
13 37
53 66
42 57
3 9
82 85
36 46
19 26
61 66
85 89
71 78
16 31
88 92
58 62
31 53
2 13
22 34
57 83
34 56
70 84
30 43
42 50
23 36
38 63
43 50
65 78
29 36
29 36
72 73
38 52
32 37
18 27
20 43
26 30
74 81
10 20
21 35
49 56
10 16
78 87
65 70
27 33
80 91
34 56
62 68
36 48
28 29
82 88
33 38
60 82
10 15
49 64
20 72
84 91
84 99
12 17
6 26
83 91
30 39
55 73
7 13
49 57
49 50
76 79
31 43
49 56
17 31
81 90
7 24
81 90
7 10
73 82
57 70
1 41
85 96
76 81
5 21
35 47
20 29
5 21
12 37
27 40
80 88
58 98
25 36
23 28
73 98
54 69
8 17
67 76
70 75
7 13
10 27
39 60
48 58
73 82
22 26
78 81
62 67
30 41
23 36
92 99
70 88
92 98
70 85
56 68
66 70
38 62
26 36
46 55
63 78
49 55
21 28
10 19
38 48
40 47
71 89
78 80
31 34
59 73
74 87
31 47
25 40
47 63
25 75
76 86
44 59
63 72
72 75
68 81
11 21
40 48
67 71
88 97
26 36
87 90
12 25
79 86
7 22
16 25
10 13
77 87
41 48
20 25
66 86
77 82
32 43
14 24
78 98
45 50
81 90
47 52
31 37
18 26
87 90
75 82
2 20
9 11
40 57
23 53
41 70
18 20
30 34
10 14
14 26
33 42
79 89
59 77
9 17
51 64
42 48
10 29
35 44
73 80
38 45
30 39
62 75
28 32
31 35
38 65
7 98
40 48
25 43
27 35
40 50
35 43
96 100
31 39
85 90
85 94
40 55
51 72
76 80
6 21
34 42
35 39
1 20
40 45
79 83
2 7
3 6
66 96
55 70
18 37
74 78
31 43
29 44
70 85
75 86
44 56
49 59
47 52
35 68
55 65
47 60
36 56
70 78
30 34
56 62
13 27
46 64
31 35
35 37
48 53
91 99
63 74
23 44
64 69
38 42
49 64
57 73
66 68
13 18
43 62
81 90
68 81
19 25
67 79
36 62
13 16
32 41
65 79
11 22
19 26
55 63
66 68
71 88
69 100
28 32
83 99
67 73
88 96
54 62
42 53
55 59
70 96
86 87
36 45
18 30
61 66
22 65
22 29
41 62
42 54
17 21
74 85
37 48
50 61
6 12
94 99
1 7
1 17
84 95
89 91
91 93
17 25
71 82
59 65
2 8
6 54
9 13
41 57
30 50
42 49
2 12
16 20
22 40
44 51
88 90
23 55
72 82
67 73
86 89
34 38
46 49
67 69
63 66
76 88
1 18
94 98
39 54
26 42
8 22
5 27
32 38
58 67
53 61
72 83
54 55
50 66
17 38
79 82
2 27
44 58
50 66
41 57
10 21
27 29
71 91
41 46
82 86
26 39
33 48
16 36
37 51
31 35
6 18
12 19
85 99
5 27
13 48
10 15
62 66
16 22
8 13
74 86
31 36
72 85
72 98
24 43
46 52
8 17
36 43
51 53
72 81
27 38
53 81
61 69
79 85
39 59
5 8
23 33
25 29
59 63
42 57
16 31
48 60
51 53
17 31
21 24
70 87
63 67
63 85
39 50
54 57
20 33
13 15
28 55
41 54
9 23
5 15
60 78
81 89
11 26
44 62
28 49
53 69
18 29
87 96
14 39
6 23
15 26
30 51
33 41
65 80
58 64
62 69
90 93
31 59
1 13
10 26
86 96
72 85
7 35
8 15
71 83
86 100
86 96
42 63
12 17
41 66
27 28
41 51
46 50
18 26
1 15
18 30
69 86
29 41
60 71
61 71
3 18
50 60
20 24
47 51
62 85
73 81
20 24
60 70
39 55
1 4
78 94
8 26
69 81
81 98
81 85
94 97
61 76
16 33
14 22
32 41
29 52
57 96
49 67
57 68
39 41
8 20
40 59
48 59
7 12
88 92
74 80
25 33
64 79
79 88
35 53
7 25
39 46
31 37
55 61
22 45
8 26
30 53
51 55
43 51
6 31
24 46
66 79
36 46
10 18
95 99
27 29
93 100
17 31
77 91
68 78
49 54
36 64
50 55
61 66
52 60
45 61
88 100
71 73
57 64
80 86
23 37
51 61
69 80
61 75
43 49
7 10
80 91
8 35
69 99
83 89
29 36
48 56
51 59
78 84
10 14
54 64
70 80
52 65
3 17
77 95
74 92
6 10
66 71
64 71
67 71
48 51
14 26
58 60
17 35
81 92
31 62
38 45
58 67
88 98
15 22
30 39
79 85
21 32
34 41
60 71
68 73
45 51
44 55
87 100
31 35
4 10
89 94
68 70
26 32
46 55
80 87
78 92
59 68
35 53
80 91
61 71
32 44
87 94
37 48
5 16
47 74
38 42
5 7
32 39
88 93
20 26
55 79
9 16
52 55
20 31
86 94
25 43
18 27
54 65
50 55
72 88
67 68
90 97
5 12
68 73
93 97
80 93
26 43
67 81
40 60
19 31
78 85
91 99
36 45
72 79
72 78
47 50
34 41
77 95
80 87
72 79
2 12
39 63
37 63
17 19
69 73
69 76
38 47
65 74
48 54
36 41
53 62
23 30
59 66
25 47
7 14
40 52
19 29
74 78
26 33
84 91
59 77
56 74
25 57
68 76
46 62
42 46
51 56
63 72
80 89
76 82
43 46
30 53
71 81
10 30
74 83
28 38
80 87
39 56
11 24
70 89
21 47
58 69
2 21
16 25
46 61
28 39
5 9
52 58
63 89
80 85
41 63
47 54
7 27
87 95
75 95
36 66
68 97
30 41
53 64
87 93
69 84
53 66
26 36
24 30
39 55
78 83
80 90
93 99
8 16
29 39
73 85
35 43
31 37
13 22
96 100
72 80
87 93
71 84
89 100
75 83
49 65
15 30
65 70
17 29
15 25
70 84
85 87
3 15
43 51
68 74
37 42
67 94
10 42
83 91
7 17
72 80
57 67
38 69
37 61
16 23
65 73
5 19
39 49
11 39
53 66
77 91
6 12
26 31
32 38
65 72
26 36
48 58
42 53
86 94
24 33
49 54
64 72
77 91
44 51
1 24
61 67
2 6
86 87
38 50
11 22
79 89
34 40
8 14
73 79
3 25
37 41
34 40
32 52
72 76
4 15
14 23
23 32
3 10
4 13
13 16
84 95
26 39
38 45
89 95
58 69
70 86
13 20
16 20
23 27
70 88
25 36
18 24
56 71
79 92
34 42
25 41
77 82
62 68
59 77
59 65
2 10
11 20
20 27
47 63
65 73
55 64
52 59
68 100
22 39
46 52
16 25
29 37
38 43
46 95
16 29
79 85
64 70
22 36
45 50
43 49
11 19
32 40
22 43
73 78
57 75
22 29
45 48
74 85
1 21
75 81
22 25
19 37
8 24
34 60
8 12
71 78
7 20
88 97
19 28
9 29
28 36
74 78
31 37
85 99
50 52
71 81
57 73
2 19
70 72
6 12
27 37
64 74
2 14
69 82
87 96
12 29
94 99
26 46
46 62
34 40
83 89
79 91
19 29
28 35
52 53
28 50
30 37
25 36
78 82
5 9
19 24
30 43
69 75
8 12
45 60
49 62
34 42
35 45
44 62
22 30
7 12
48 72
43 53
98 99
31 42
20 26
8 20
47 62
41 65
74 81
49 57
39 51
33 46
16 22
23 68
8 11
58 71
42 48
51 65
39 64
28 54
25 30
69 74
35 42
16 32
19 27
5 26
19 56
58 65
32 38
90 96
41 45
36 48
2 25
28 37
43 47
86 92
29 43
40 47
21 40
56 68
69 78
42 50
9 27
88 97
50 67
20 36
77 87
66 76
63 84
2 10
41 56
2 11
19 30
56 67
39 49
42 64
5 11
49 52
32 41
13 20
63 75
7 17
62 70
63 68
55 64
72 74
59 69
73 85
43 44
73 78
68 87
45 55
79 92
10 28
82 93
71 77
77 89
27 31
61 64
24 33
52 57
58 64
19 26
26 42
86 93
3 8
50 62
68 78
76 87
24 25
59 70
39 47
38 64
40 47
33 40
22 32
63 77
25 36
72 78
1 16
58 67
52 60
3 23
69 81
2 5
39 48
5 10
90 96
11 22
20 23
83 84
27 39
1 11
76 95
57 63
43 46
29 48
46 57
87 89
62 64
19 25
68 91
31 42
54 68
78 98
31 34
26 45
25 39
51 55
25 33
31 42
38 62
89 98
76 87
6 12
69 71
40 53
11 27
29 36
5 23
39 50
30 37
4 17
89 100
36 42
2 17
85 93
18 27
79 92
57 69
35 43
78 88
71 76
79 93
51 69
57 75
46 61
87 95
37 41
73 85
72 81
4 21
64 68
70 75
24 32
12 19
25 41
34 37
16 30
26 35
48 60
10 16
66 89
20 34
9 17
5 9
33 41
3 8
7 19
1 4
52 62
70 81
68 79
27 36
39 44
85 93
27 35
30 42
70 80
94 98
77 91
14 26
95 98
53 61
27 33
3 14
40 51
74 83
74 78
3 11
48 54
68 77
13 27
24 41
46 53
25 32
51 68
77 90
31 59
40 48
81 86
59 67
36 46
31 34
13 18
16 32
86 91
89 92
82 91
72 78
8 18
8 11
19 21
44 65
90 95
27 35
42 48
18 22
62 79
56 78
60 67
20 27
94 95
45 52
9 11
68 77
43 49
42 48
43 55
28 32
29 47
56 63
27 53
23 62
75 78
44 56
56 63
22 30
5 12
25 30
37 49
19 27
91 95
74 80
27 31
91 99
49 58
81 89
74 80
42 47
16 51
25 44
5 14
14 37
68 80
28 34
65 71
29 41
40 52
29 36
48 79
61 92
45 57
5 13
68 85
33 43
9 15
74 78
84 94
16 34
17 21
95 99
13 36
68 71
63 72
25 30
72 80
8 17
34 37
74 91
54 65
19 25
30 45
79 85
43 50
18 23
61 78
62 73
44 54
49 52
63 69
45 69
69 76
64 66
86 93
18 27
58 65
78 85
38 49
89 94
34 47
55 68
22 27
39 45
39 46
59 63
92 98
44 50
80 90
89 95
30 37
87 94
44 54
39 49
33 43
33 55
16 22
23 35
71 81
58 67
50 61
38 43
17 32
29 33
33 47
71 78
10 16
8 76
24 35
16 23
5 11
25 34
16 21
34 46
33 55
29 49
43 53
34 46
84 87
7 19
64 70
46 53
73 91
49 58
3 22
30 36
18 23
57 61
17 40
52 61
62 74
27 35
14 18
84 91
15 33
91 95
30 41
58 67
81 98
7 26
15 24
44 52
91 94
10 14
88 97
29 44
42 53
40 55
66 72
89 93
12 35
21 26
6 42
31 57
2 9
2 26
3 8
34 45
87 98
51 55
56 63
78 91
48 52
18 20
64 90
72 78
52 80
58 67
81 97
33 40
13 22
81 94
24 45
64 78
78 89
34 51
64 89
71 94
91 98
58 83
81 87
73 87
42 56
22 46
27 33
68 78
66 80
15 28
56 72
61 68
80 96
15 31
89 94
75 77
62 68
32 44
30 50
8 26
74 83
2 15
1 8
74 80
8 35
74 87
4 21
58 67
73 85
54 70
74 86
5 17
67 77
43 52
16 23
29 51
30 34
5 16
82 90
35 61
11 39
85 95
30 40
77 86
61 95
26 47
11 32
49 58
87 92
91 99
69 74
13 20
63 75
70 83
90 98
46 53
81 96
30 50
82 86
47 52
17 33
14 29
39 49
19 36
59 70
42 52
53 60
13 26
52 61
94 100
27 30
51 63
72 97
6 27
41 51
10 20
47 51
73 78
26 39
90 96
51 66
13 24
46 69
51 56
13 19
82 88
67 83
20 21
48 57
77 80
79 99
36 49
22 29
40 45
8 17
50 58
52 57
6 16
29 40
55 65
4 32
40 46
62 65
70 78
5 21
4 24
12 23
63 70
97 98
10 23
65 78
37 42
61 71
27 31
74 78
77 85
42 58
27 36
84 88
61 81
37 50
23 30
70 84
36 50
21 37
64 73
85 100
46 52
41 88
68 76
76 89
46 49
15 17
63 66
21 29
58 62
2 15
61 65
14 17
19 24
82 93
87 96
44 64
87 94
2 5
71 89
16 20
10 16
78 89
26 32
73 78
37 45
3 8
22 46
88 92
70 86
26 32
2 10
12 27
37 46
29 41
83 90
76 80
49 63
20 25
26 39
38 50
54 64
39 44
21 26
40 59
34 40
78 85
49 69
67 79
68 89
48 58
75 85
72 78
73 82
53 60
15 25
86 93
2 9
65 83
7 20
20 39
43 47
74 79
43 59
57 63
27 40
36 42
32 49
9 25
63 80
36 50
46 49
43 54
37 54
37 44
50 75
62 95
38 53
27 32
17 30
33 49
1 3
1 5
72 73
49 90
6 16
16 28
22 33
66 75
49 61
67 72
10 13
30 41
48 55
63 86
38 43
16 39
1 25
79 86
90 99
40 64
38 53
12 15
72 81
59 74
27 30
2 14
7 27
13 18
7 29
24 29
20 30
29 41
90 92
25 31
16 22
66 72
56 63
2 10
80 91
72 80
52 58
41 67
83 90
68 80
21 32
10 19
47 58
16 26
60 64
22 38
82 92
64 75
81 95
21 26
51 54
14 21
80 92
57 60
64 69
50 55
8 16
36 58
81 90
35 38
17 27
3 9
62 72
75 80
34 41
61 77
58 88
28 44
89 95
46 65
57 66
1 16
44 49
60 67
21 32
89 95
43 60
44 58
56 65
53 66
42 45
3 7
19 25
10 17
77 79
7 13
41 50
40 53
16 22
27 48
3 11
13 26
52 62
11 18
78 86
48 55
83 95
27 30
49 75
41 46
18 22
4 8
46 61
63 72
13 16
12 16
2 11
29 49
61 65
78 86
85 97
73 79
46 53
68 76
31 39
79 92
89 95
8 14
7 11
47 64
64 71
29 41
55 60
89 97
70 88
25 37
41 46
49 73
51 59
61 67
47 51
43 64
86 94
45 49
81 90
69 79
55 65
87 95
13 21
54 70
20 46
38 58
40 69
69 90
7 23
62 92
77 96
13 22
86 93
12 19
31 39
91 96
63 74
39 50
21 31
50 52
17 22
53 60
29 30
58 63
4 9
42 47
11 20
9 15
89 100
58 69
14 27
31 35
3 16
65 76
18 29
50 65
45 53
31 40
51 66
2 17
24 28
15 26
17 20
75 100
5 15
76 88
22 27
79 88
91 99
69 74
46 57
57 78
13 40
67 70
53 70
33 37
60 74
57 64
79 90
41 57
50 59
6 18
62 97
72 79
25 39
29 35
20 28
63 69
8 20
20 23
14 39
48 59
85 95
21 35
9 19
13 23
51 62
59 63
33 37
74 91
21 26
31 36
79 83
10 12
52 88
21 28
77 88
36 64
86 95
87 94
74 82
65 90
56 73
60 63
67 78
75 80
30 39
20 31
32 41
49 57
72 83
35 40
9 16
3 6
72 81
36 43
86 95
74 76
68 83
54 69
36 44
83 92
87 96
78 87
16 23
22 27
86 93
23 36
39 53
88 91
21 23
74 77
6 13
26 34
12 19
41 52
7 25
60 69
53 68
23 35
69 74
38 55
41 44
67 69
8 25
47 75
17 20
42 69
45 51
41 55
30 37
41 62
83 99
41 51
76 96
38 40
87 94
76 87
28 39
72 75
59 68
62 70
49 55
70 76
68 71
92 97
49 60
31 39
41 52
40 43
73 80
83 90
26 42
3 11
26 34
36 48
63 71
88 93
88 95
46 71
26 32
54 81
9 25
72 79
17 20
2 12
35 52
7 32
74 85
21 22
81 90
81 87
16 20
64 92
44 51
65 71
19 32
60 96
38 73
41 47
77 95
15 21
74 83
44 49
4 6
76 81
13 22
7 18
74 91
23 36
30 43
19 29
33 37
68 78
59 76
61 71
70 78
15 23
48 67
25 26
61 72
81 94
37 43
84 90
50 62
36 61
80 87
33 43
71 87
88 93
20 31
85 95
34 39
34 40
42 51
41 51
79 82
30 40
10 21
52 56
16 25
54 89
2 24
52 64
71 81
15 26
83 97
56 60
30 56
33 60
70 75
46 55
75 77
15 31
20 28
47 68
40 46
83 96
7 22
83 92
45 55
37 47
72 89
80 85
81 86
30 40
21 36
5 34
79 96
29 39
1 5
7 13
20 39
31 64
60 75
68 79
52 63
46 52
77 82
11 21
57 70
7 17
57 72
66 72
44 59
64 67
6 17
1 12
57 61
66 78
66 70
61 67
83 92
3 17
21 24
42 48
14 25
68 71
49 52
32 40
75 76
23 60
85 97
57 67
51 57
12 14
28 33
45 51
56 73
36 49
12 20
58 65
67 76
75 79
97 100
21 25
1 15
7 22
20 45
20 27
79 97
64 73
8 18
78 83
75 82
33 56
29 39
77 85
82 87
48 64
46 58
90 98
10 21
82 96
86 95
12 14
6 18
11 27
88 95
44 57
12 19
61 71
34 42
36 44
37 48
78 90
48 55
5 23
23 26
97 100
34 36
4 15
65 74
52 60
2 3
28 31
54 68
46 47
39 63
17 24
65 69
35 42
3 18
16 23
69 72
68 89
71 77
11 19
20 25
30 41
55 71
83 92
41 47
17 44
61 83
44 49
10 19
68 89
3 15
69 77
67 74
29 40
1 8
89 97
66 72
72 76
1 8
80 98
22 30
49 53
49 52
72 100
37 44
47 62
30 38
7 35
24 32
10 27
87 93
40 52
44 49
53 56
45 51
74 78
62 77
33 38
76 86
44 47
23 26
48 65
82 96
87 97
76 94
76 100
88 96
76 88
45 48
55 59
61 95
16 25
49 58
87 95
39 67
13 15
44 55
46 58
73 76
31 38
43 56
79 90
61 69
36 47
50 97
67 86
42 48
15 24
85 90
83 88
74 93
14 23
3 8
72 77
44 75
20 25
86 92
57 65
60 92
68 78
86 92
93 96
76 81
24 27
2 7
47 67
22 47
66 99
6 15
51 56
12 32
54 58
25 55
74 98
66 77
48 50
4 17
58 70
31 45
38 43
17 27
12 44
17 41
45 56
20 36
1 17
63 88
69 84
36 47
8 20
46 50
51 69
27 41
68 75
28 56
81 87
5 12
9 20
43 45
24 30
90 99
43 48
22 32
12 18
48 82
17 50
13 22
56 59
53 67
68 92
77 79
60 71
79 93
31 68
22 34
25 49
2 24
7 35
95 99
69 76
51 61
13 33
24 30
77 93
8 27
51 70
15 31
33 44
58 67
31 38
85 92
32 37
44 54
16 23
58 69
54 55
86 93
86 91
39 73
39 50
61 66
17 26
40 49
34 42
48 52
27 73
89 98
16 40
68 72
60 81
21 32
56 59
85 99
87 100
44 87
80 99
22 40
36 68
29 41
36 44
56 68
3 11
79 91
64 80
39 47
73 92
46 74
14 26
47 63
29 38
28 38
17 27
47 57
51 58
32 53
17 26
26 38
80 100
80 83
86 96
37 58
87 93
76 80
63 66
62 77
53 65
54 59
6 14
54 61
27 30
17 22
5 14
6 9
11 20
40 55
21 25
57 66
11 19
39 45
60 76
12 22
53 55
71 82
81 89
75 98
55 61
85 91
54 65
93 99
20 33
12 15
18 53
62 66
39 54
70 91
68 80
73 79
37 39
60 68
6 16
12 22
84 96
68 74
43 53
67 71
26 30
72 82
65 68
91 95
18 32
12 28
40 44
78 91
94 98
71 85
45 49
26 34
54 68
6 23
32 36
71 74
49 66
37 42
72 86
14 23
41 45
87 98
9 26
7 20
76 81
20 28
8 13
75 79
29 43
1 10
46 53
68 96
70 74
28 35
7 9
36 55
31 43
35 45
44 49
37 42
67 73
59 76
83 87
51 56
52 61
89 99
33 37
70 81
20 22
58 74
88 94
19 23
66 74
4 32
16 19
56 68
45 59
68 94
4 11
21 25
77 85
73 75
89 94
60 88
78 92
59 71
42 43
38 44
50 58
28 50
84 92
12 22
27 39
57 77
9 12
5 12
94 97
87 94
39 58
22 23
74 88
1 4
63 69
76 90
89 93
42 47
73 87
14 36
50 71
79 84
6 21
62 80
11 19
50 52
72 77
48 60
12 17
88 95
90 93
46 56
33 55
71 80
89 93
12 27
61 67
38 53
49 55
44 68
55 70
83 100
52 61
41 49
76 85
80 94
86 95
84 92
56 61
43 56
24 33
75 80
33 50
74 82
36 42
3 11
21 31
20 25
60 73
43 92
32 79
9 21
3 6
23 25
53 61
56 65
15 16
48 53
79 86
50 62
45 57
2 15
44 50
33 40
10 16
51 66
17 29
21 23
65 75
81 88
29 39
79 85
42 50
18 26
22 35
57 64
21 33
76 83
14 19
89 97
10 21
8 20
73 80
73 87
29 38
64 70
32 36
30 53
4 22
3 8
84 86
8 23
39 51
81 86
15 56
35 45
79 100
43 66
1 6
51 66
9 15
65 68
59 67
17 22
63 75
54 65
72 82
14 26
28 39
44 57
68 97
12 16
29 35
24 36
32 54
34 58
17 21
28 49
3 17
76 91
53 67
24 53
26 56
60 71
52 63
85 87
7 35
87 91
71 82
30 59
7 36
81 84
39 44
45 54
74 83
66 75
8 14
7 11
80 84
19 25
46 49
73 87
69 74
39 46
66 78
42 46
60 68
20 21
1 8
20 28
50 60
49 65
97 99
76 89
43 53
68 92
75 86
48 53
82 87
82 86
24 42
40 54
1 8
43 52
63 92
74 82
12 20
43 58
41 51
51 69
32 42
30 39
80 95
43 47
52 61
49 55
14 18
89 94
25 30
45 56
77 85
49 64
62 75
55 61
42 49
4 14
52 67
16 25
75 84
72 77
21 29
7 13
38 42
41 57
23 32
93 99
80 89
35 40
33 40
41 45
37 45
54 70
39 48
9 19
3 12
46 52
24 35
4 11
27 51
30 64
28 44
7 17
75 86
68 80
81 94
78 83
73 80
83 94
7 23
23 27
47 62
20 29
70 75
81 91
54 61
85 100
51 55
7 13
23 31
73 82
1 12
50 59
94 98
68 74
30 36
56 65
17 35
84 87
41 64
36 42
36 44
35 43
59 96
70 76
50 61
13 16
42 57
89 95
43 52
75 80
32 39
8 14
1 25
88 99
64 69
20 60
42 50
26 42
82 97
25 44
5 9
51 70
42 55
10 32
32 36
4 14
4 13
69 88
81 88
59 66
60 71
14 26
86 93
9 16
77 88
66 83
69 82
10 26
15 22
90 97
14 28
88 92
21 35
53 99
20 24
36 48
78 83
64 67
52 61
90 96
16 28
19 29
55 57
3 8
36 43
40 45
72 76
68 90
68 81
78 89
28 38
76 83
78 79
86 96
18 21
64 70
13 26
54 58
82 88
5 12
24 37
78 81
34 39
23 26
18 29
27 35
79 93
22 38
13 48
81 93
23 28
58 72
26 32
28 41
74 80
65 77
9 17
42 46
38 48
55 59
78 84
31 48
24 35
55 72
19 31
35 49
13 20
48 52
55 60
15 24
95 97
36 48
77 89
59 76
59 68
58 86
58 67
63 74
42 55
7 14
77 91
13 22
63 76
71 81
36 43
72 78
45 58
76 89
13 55
68 80
47 51
85 93
34 43
2 5
24 34
19 41
31 51
8 18
27 34
3 10
75 82
54 78
84 93
59 67
48 57
23 32
89 93
8 14
50 55
81 91
75 81
16 17
70 71
11 21
38 47
81 91
62 69
69 76
13 26
55 73
12 81
37 43
9 29
64 91
80 85
60 71
32 41
73 77
31 47
27 41
21 28
76 85
6 13
70 87
30 40
63 69
44 55
83 91
21 26
41 49
56 62
44 54
36 39
21 29
6 27
23 51
85 89
48 60
58 68
13 16
43 52
45 51
52 57
36 50
17 29
20 24
76 85
62 67
20 28
80 94
61 68
86 100
50 72
34 47
60 67
88 98
41 46
3 8
86 89
13 23
23 35
79 87
12 16
15 33
2 8
73 77
16 24
49 57
60 67
90 92
1 15
47 64
16 19
37 49
38 46
68 73
40 47
22 28
14 36
47 58
23 41
51 60
47 72
54 83
90 98
17 28
13 23
20 29
29 32
80 95
7 23
46 52
12 28
50 62
36 42
89 93
27 48
80 88
53 79
57 69
30 43
7 15
45 49
74 89
66 82
49 55
13 30
62 75
2 8
76 84
80 88
14 27
2 6
59 89
45 53
24 34
85 97
85 91
49 55
74 81
20 31
34 42
72 80
88 93
79 88
14 23
88 95
9 15
30 47
64 71
72 75
11 15
20 45
69 81
59 63
44 56
5 10
60 82
17 24
68 85
56 59
55 99
91 97
69 72
33 48
43 72
6 14
49 54
87 96
61 64
79 92
62 69
87 94
35 42
27 34
19 25
41 49
55 67
87 96
32 45
39 68
82 90
48 54
47 76
95 97
74 78
23 44
52 58
11 21
80 88
73 81
14 21
91 100
23 31
4 14
4 15
1 11
1 14
54 66
62 77
62 85
15 24
51 67
26 32
20 32
54 64
18 27
24 31
73 78
88 95
18 22
37 49
14 24
34 49
87 94
23 42
15 47
93 99
65 83
92 99
72 79
16 25
41 76
70 84
69 85
3 7
62 68
86 96
73 80
36 43
49 59
57 63
52 57
32 47
57 69
78 85
30 36
21 26
38 50
18 28
30 38
3 9
63 66
15 26
9 24
37 42
52 65
70 81
8 14
44 50
61 73
59 65
46 53
51 63
29 38
44 52
64 70
44 61
59 70
50 64
59 78
55 60
85 89
59 67
35 40
55 60
46 63
58 61
5 17
45 54
12 19
52 72
84 92
78 80
54 62
10 12
12 27
7 9
19 27
81 85
74 80
43 53
26 44
35 57
53 57
69 80
1 11
67 81
19 22
73 83
8 22
72 83
89 99
43 46
41 42
52 58
17 21
59 68
52 59
74 87
61 66
35 41
67 77
9 17
10 30
37 51
38 44
66 79
29 44
17 20
79 81
37 40
31 41
7 28
68 72
55 60
90 99
31 37
76 88
11 19
3 37
30 31
15 28
49 58
24 38
87 97
30 41
65 70
90 95
30 36
37 42
59 67
6 12
91 99
1 12
69 79
19 39
4 9
31 39
3 21
30 41
67 86
73 79
50 57
85 96
89 90
33 44
64 84
33 41
35 46
24 30
16 24
7 15
26 38
68 73
10 15
51 60
13 27
27 37
32 38
7 26
45 57
82 90
4 6
8 23
40 46
5 10
34 38
40 53
6 9
67 71
9 17
76 86
54 63
87 96
7 17
68 86
42 44
38 51
17 34
30 37
50 54
87 96
36 50
2 18
61 70
25 34
9 11
79 87
18 27
75 86
21 33
69 83
36 43
37 43
40 51
51 60
64 74
66 70
4 21
9 23
39 50
33 42
84 90
85 93
22 28
75 82
68 75
49 56
96 99
89 96
33 36
21 33
27 37
11 32
17 22
32 36
19 37
90 98
83 89
64 75
42 52
32 37
4 30
64 76
39 46
78 89
53 58
41 84
46 56
84 95
84 96
27 45
25 28
48 58
27 31
75 84
62 70
78 82
18 29
40 49
93 97
17 20
67 70
50 57
51 60
5 46
16 39
62 71
36 42
89 98
52 54
39 66
55 72
36 50
59 66
92 100
97 99
9 26
86 97
91 99
70 86
72 80
65 75
24 40
62 72
20 26
64 72
64 68
40 50
15 32
29 37
3 15
81 88
32 46
2 15
37 42
41 49
57 61
4 21
39 49
87 95
87 97
3 18
55 63
85 92
31 40
88 91
38 54
1 11
74 85
2 8
53 58
20 62
46 50
68 82
52 69
72 84
58 66
45 60
65 84
44 56
29 33
1 23
56 95
72 87
62 71
52 56
19 32
67 82
24 32
66 73
67 74
38 42
34 37
39 46
26 29
75 92
32 48
66 74
50 54
89 92
41 55
19 33
43 52
44 60
80 87
11 22
36 58
75 87
87 95
58 60
4 34
21 27
22 26
81 87
71 85
12 13
22 25
76 80
95 99
53 55
61 66
92 99
62 78
4 20
51 62
60 65
19 23
76 82
10 21
90 97
25 37
59 75
46 59
3 8
9 38
34 51
71 83
20 30
4 15
13 28
15 29
57 68
65 79
21 32
10 21
51 54
10 11
43 63
59 81
41 52
37 46
84 97
77 83
5 12
65 67
25 34
70 77
32 42
49 54
56 70
9 36
37 44
77 79
11 24
51 62
35 51
47 57
28 44
59 73
76 82
15 24
25 39
44 54
74 82
19 31
42 52
86 91
13 29
65 71
68 75
8 11
87 98
12 60
18 29
18 26
37 47
86 92
3 5
41 51
66 73
16 23
50 53
94 98
24 42
18 23
24 46
90 92
25 40
67 77
42 66
49 54
86 92
65 84
35 58
12 20
81 85
35 46
70 75
47 56
1 9
2 13
6 12
50 55
76 88
44 49
14 26
71 77
54 58
49 56
60 68
18 23
68 78
76 80
39 59
1 8
86 89
29 40
98 100
64 95
45 60
72 83
51 55
72 81
71 82
58 75
60 66
91 98
57 65
62 66
89 95
49 57
24 28
46 60
89 94
38 43
68 87
10 14
63 72
18 44
45 51
23 27
2 13
3 16
34 45
3 8
11 18
8 11
27 40
44 57
74 83
65 79
17 24
71 76
20 27
71 80
57 65
47 57
14 19
5 12
73 78
24 30
12 34
11 26
75 84
81 85
11 20
27 33
56 63
27 31
26 44
2 17
74 79
36 43
58 88
18 23
22 52
36 47
94 100
57 60
28 51
25 53
20 24
63 69
9 34
56 71
77 90
19 22
30 36
68 77
34 45
18 34
40 57
26 35
84 91
31 43
4 56
88 93
22 42
82 94
43 56
69 72
55 63
20 29
77 90
67 78
44 54
55 62
76 85
37 45
6 26
39 49
13 39
80 90
52 62
1 6
91 95
47 56
32 41
27 66
91 100
27 37
64 72
48 59
27 38
71 73
59 63
14 18
16 29
34 42
11 16
35 43
77 89
38 48
42 52
63 74
61 81
88 93
86 96
55 63
41 70
92 98
23 80
14 29
56 75
26 30
52 74
67 77
9 18
68 75
73 76
39 48
13 16
20 33
10 16
82 87
29 57
14 16
23 25
44 52
38 41
54 65
34 60
60 63
61 71
37 43
71 79
35 43
84 99
36 53
67 79
46 54
27 36
4 14
32 41
63 88
25 36
21 38
69 80
82 90
57 66
