100 20 20 0
00000000000000000000
00000000000000000000
00000000000000000000
00000000000000000000
11110000000000001111
00000000000000000000
00000011111100000000
00000000000000000000
00000100000000000000
00000000000000000000
00000000001110000000
00000000000000000000
00000000000000000000
00000000110000011111
00001000000000000000
00000000000000000000
00000000000000000000
00000000000000000000
00000000000000000000
0000000000010000000
0000000000010000000
0000000000010000000
0000000000010000000
0000000000010000000
0000000000010001000
0000000000010001000
0000010000000001000
0000010000000001000
0000100000000000000
0000100000000000000
0000100001000000000
0000100001000000000
0000100001000000000
0000100100000000000
0000000100000000000
0000000100010000000
0000000100010000000
0000000100010000000
0000000100010000000
3962
56 59
36 46
83 89
39 44
29 60
49 55
14 21
81 84
81 89
90 98
17 34
65 72
89 99
34 45
28 40
59 72
43 50
52 62
71 79
79 96
63 68
35 58
77 80
48 60
22 44
76 84
86 91
62 74
25 36
37 44
57 86
34 44
76 80
78 94
24 26
80 87
15 19
78 84
52 61
35 43
27 34
10 22
44 73
37 53
2 100
10 22
20 46
25 42
49 59
24 36
62 80
49 60
2 13
50 57
36 59
37 50
54 74
9 21
34 50
1 16
83 99
89 96
61 71
24 34
66 87
68 73
63 79
40 56
20 23
13 41
6 10
91 98
5 28
42 49
21 37
53 59
37 50
41 59
80 86
32 46
71 74
13 20
85 95
57 63
8 13
60 68
50 59
46 61
50 57
73 89
73 76
79 89
45 56
32 38
60 68
74 81
34 64
25 35
64 75
6 11
60 64
26 35
14 20
46 55
32 50
93 98
75 79
7 9
66 74
80 96
89 97
52 54
25 30
28 52
48 60
39 45
13 18
6 32
49 57
74 99
63 71
14 21
14 15
17 24
47 54
3 12
8 14
52 56
33 39
81 89
77 94
15 34
22 45
75 81
8 26
35 40
32 38
42 54
41 47
75 88
82 88
92 95
8 43
78 89
43 64
37 50
67 92
87 99
56 60
54 55
40 42
33 38
53 65
39 49
3 8
52 68
78 82
79 93
52 59
34 42
41 54
3 17
16 20
71 81
14 20
27 33
44 48
76 80
20 33
49 54
27 33
55 67
74 79
13 24
17 37
70 80
1 7
3 12
17 31
62 66
71 93
11 20
70 77
33 39
79 86
37 52
29 35
55 60
38 50
79 93
57 75
27 49
3 8
10 22
3 10
57 64
86 98
42 48
55 68
46 54
75 89
83 94
91 96
53 62
39 44
62 83
72 86
72 90
18 24
41 44
79 93
47 51
53 65
21 32
45 50
88 92
54 63
6 20
6 11
60 69
4 9
84 93
70 84
7 12
29 35
6 17
59 71
18 21
58 69
12 41
18 26
30 35
11 18
65 85
83 99
14 23
30 43
33 39
72 97
51 62
92 95
45 51
87 97
19 27
42 48
51 55
4 29
18 22
10 12
57 88
5 11
37 61
47 54
62 66
57 67
41 51
51 59
58 64
71 76
27 40
12 23
77 80
67 77
54 74
49 88
43 53
19 58
19 33
49 67
71 76
67 71
43 50
24 29
69 75
59 63
16 23
83 90
56 61
68 76
92 100
40 55
45 59
49 59
68 74
17 29
56 67
10 14
51 55
68 76
77 78
9 18
58 70
25 35
79 87
16 22
30 38
28 35
41 50
27 41
4 16
29 46
48 53
12 26
1 19
56 76
87 92
58 82
32 43
32 50
71 78
77 81
3 9
35 41
92 96
32 50
78 84
75 83
25 31
34 41
3 22
91 100
57 74
8 22
29 36
74 87
29 38
48 56
60 63
70 87
67 75
67 72
12 23
12 16
49 55
45 48
57 63
59 82
92 96
10 31
5 19
48 51
32 42
28 42
75 88
20 39
42 54
49 84
55 64
86 95
11 17
41 50
74 84
81 99
18 26
67 83
57 67
81 83
59 62
63 74
82 87
57 66
14 64
91 95
72 82
21 31
55 61
20 25
63 88
43 50
86 94
14 18
93 97
77 82
83 96
13 26
35 42
3 38
60 64
88 97
79 92
10 21
60 64
78 84
60 67
41 51
78 87
64 68
36 44
76 81
50 62
33 48
25 43
94 97
23 42
1 17
54 99
27 41
28 39
86 96
22 28
21 34
62 67
52 67
48 57
66 70
79 84
44 52
71 78
36 40
72 84
52 55
74 77
82 86
63 85
3 28
67 76
26 34
9 25
54 64
87 94
35 54
17 30
44 55
19 24
38 42
4 10
22 26
63 65
34 60
46 50
51 62
50 54
53 78
46 47
15 30
49 60
76 97
61 67
53 59
9 12
44 51
86 90
61 69
73 78
81 93
25 48
15 24
85 92
41 65
18 25
65 74
52 61
66 73
70 78
61 63
6 21
69 73
65 69
83 100
23 30
26 41
10 12
45 62
9 70
74 88
35 52
4 14
53 60
66 73
54 56
17 28
37 44
42 50
85 98
27 35
85 86
84 87
23 30
44 56
36 71
50 57
70 84
76 77
18 34
53 56
76 80
89 98
73 79
78 94
65 75
40 51
62 77
54 67
36 46
25 36
85 95
66 68
76 79
50 58
15 18
17 27
31 35
48 63
43 46
75 83
91 96
54 65
21 25
8 24
28 30
91 95
36 45
29 37
93 95
67 81
95 99
32 49
52 68
29 39
78 87
46 76
6 21
88 92
2 11
34 39
62 70
79 88
54 68
16 22
76 94
51 61
48 90
66 80
90 95
25 33
52 66
40 48
63 93
68 78
15 28
75 87
4 30
68 81
3 12
11 22
63 85
75 83
50 56
4 19
15 22
52 62
82 87
13 28
29 37
9 16
14 16
49 54
45 47
76 80
82 89
58 67
4 8
79 97
60 76
46 48
73 86
31 36
67 91
37 39
32 42
29 38
10 19
21 22
38 58
35 43
31 37
60 80
88 98
45 57
59 63
47 62
55 70
48 57
36 48
54 77
78 95
39 44
78 99
23 34
45 73
34 42
78 95
46 56
91 95
68 85
82 92
92 100
44 71
42 45
20 31
47 64
18 24
24 30
20 59
64 82
39 59
25 41
9 21
8 14
34 54
65 70
22 45
23 52
75 83
22 27
37 53
64 69
79 94
29 36
80 85
28 32
20 26
23 30
18 25
37 49
75 87
23 32
26 35
62 74
52 57
19 27
5 10
41 51
9 16
17 32
1 21
29 43
24 35
38 51
18 26
27 31
86 91
29 34
32 45
15 41
82 88
9 17
93 98
91 98
72 81
73 79
18 26
73 88
65 68
38 48
36 49
10 36
42 83
47 54
68 78
20 24
20 24
50 73
12 43
79 84
73 79
34 49
27 30
42 52
27 35
39 43
33 39
61 70
41 48
28 38
15 24
74 86
15 23
38 52
46 75
74 89
73 89
82 85
44 48
90 94
7 38
91 99
43 62
6 15
71 85
49 60
54 60
68 72
26 32
77 87
15 29
79 89
55 82
25 38
73 82
48 64
78 84
38 49
35 37
63 77
52 68
75 100
58 73
75 82
23 28
51 60
33 41
6 10
25 29
31 88
93 100
94 100
51 59
6 12
18 47
16 26
27 30
20 30
4 24
16 22
66 77
82 91
56 65
71 85
54 61
77 88
39 46
19 29
50 53
61 69
87 94
44 60
14 25
4 17
16 36
10 47
72 82
63 79
46 60
57 73
7 23
23 38
34 80
43 52
17 30
85 93
54 86
32 42
43 58
10 24
86 96
62 69
37 48
4 8
55 59
88 98
43 55
20 29
68 76
23 32
84 93
75 87
47 62
23 35
76 92
40 43
57 60
18 29
56 61
59 71
68 79
41 56
23 34
20 28
54 55
19 70
81 90
61 69
24 31
75 96
45 58
21 29
35 54
47 66
87 96
43 49
12 27
59 67
18 29
82 90
25 41
49 63
11 16
86 96
37 43
46 64
7 13
10 21
37 44
30 40
82 97
50 55
23 61
86 89
72 78
25 45
55 62
17 26
45 54
48 57
8 15
5 21
20 29
5 20
83 97
64 66
50 69
74 85
54 63
25 49
47 60
13 26
72 94
25 31
63 76
19 24
60 74
23 44
36 50
46 55
23 30
26 53
7 15
71 78
23 30
83 90
88 89
78 84
42 79
2 26
77 84
18 21
62 68
20 52
91 94
53 67
52 97
50 75
33 41
74 78
54 64
1 11
58 62
51 74
73 99
67 70
25 30
79 92
44 49
81 90
48 66
56 65
23 36
29 43
52 55
33 41
39 49
73 83
65 67
44 57
72 81
35 37
74 88
1 6
91 96
22 39
53 65
81 90
66 70
24 39
67 75
68 76
4 10
58 86
25 35
75 85
73 81
13 29
37 46
5 20
82 97
16 29
29 38
37 41
21 29
58 60
13 17
6 14
14 26
38 43
6 45
95 98
25 27
8 16
32 41
38 43
25 40
14 20
91 99
89 100
12 23
35 54
47 55
55 90
59 66
20 41
14 20
27 37
83 91
52 75
48 55
44 47
96 97
9 27
53 56
39 44
59 66
51 64
32 47
81 91
44 54
69 86
40 64
21 44
71 88
55 70
23 29
36 59
24 73
84 88
82 91
54 69
83 93
48 50
31 46
91 95
53 71
76 80
7 33
15 24
76 79
23 60
49 51
52 58
60 64
89 93
7 10
89 97
88 93
24 29
82 99
40 57
78 98
87 95
78 84
89 95
54 58
87 95
32 44
59 67
62 70
78 85
1 5
82 100
19 27
16 22
53 58
25 34
78 89
13 24
21 25
58 73
6 13
2 30
28 33
35 47
43 48
79 88
59 67
91 96
25 30
83 93
65 75
43 62
19 25
15 24
58 71
23 47
63 78
82 87
60 66
28 39
49 64
64 73
33 42
40 46
44 59
18 22
73 81
55 64
30 36
81 85
29 35
57 60
65 81
29 35
1 12
85 89
60 94
58 63
57 65
73 81
43 57
27 40
43 51
83 87
78 92
93 96
25 36
12 18
12 25
79 92
49 54
68 79
50 54
91 97
17 33
38 41
35 39
84 93
9 17
39 54
35 54
36 43
8 15
45 50
66 78
95 98
81 86
75 88
42 48
19 36
56 61
33 43
9 27
78 91
51 73
2 15
77 93
12 26
81 88
19 40
84 89
54 66
69 98
40 42
57 75
96 97
57 68
41 53
32 45
91 99
50 55
1 15
60 65
59 69
55 65
67 78
25 36
38 58
26 34
20 30
70 79
16 29
51 59
62 79
20 30
34 44
67 83
64 80
31 36
52 61
77 86
18 44
77 82
29 32
29 47
80 86
33 35
6 15
1 5
46 54
87 93
4 9
9 23
48 79
80 88
92 99
82 89
15 32
56 72
48 51
57 88
43 56
42 57
79 87
46 69
22 28
48 58
49 68
9 23
1 8
29 38
37 41
20 23
13 15
55 57
32 65
21 38
76 79
91 92
39 44
21 26
30 34
47 51
17 23
47 53
73 92
82 88
44 49
30 39
36 44
45 57
1 7
57 68
76 86
32 42
37 40
46 55
57 64
11 26
4 10
60 62
21 33
70 74
81 93
32 46
20 28
21 31
78 83
40 47
87 94
17 57
77 80
63 70
64 85
40 42
39 46
16 19
7 21
57 74
61 66
28 42
18 31
37 48
6 10
66 69
80 89
79 96
64 70
62 82
85 89
4 16
24 41
72 87
80 89
36 46
54 61
44 48
47 50
4 10
64 69
78 90
57 91
1 12
69 74
29 39
4 9
59 69
53 61
80 85
37 58
32 41
32 48
58 71
27 39
49 59
50 51
32 38
25 36
36 45
47 57
7 32
56 61
12 17
25 29
68 88
67 75
4 7
41 48
58 62
83 97
72 78
92 96
14 19
34 49
14 21
72 84
32 40
57 62
29 52
3 7
32 49
38 43
12 52
84 95
38 54
63 70
10 23
10 21
68 93
12 17
49 54
47 59
45 51
59 79
48 67
67 81
3 51
12 34
24 36
12 39
14 36
22 29
43 58
40 43
36 50
87 92
51 71
18 26
17 33
24 32
91 98
33 45
22 36
51 63
19 28
27 44
16 32
17 40
8 16
58 75
15 25
38 69
21 36
74 81
40 42
89 99
65 72
2 6
71 91
8 21
34 45
31 46
22 29
17 22
59 69
33 40
64 70
83 88
62 74
12 21
75 83
62 73
31 42
82 97
27 37
45 73
15 44
87 94
12 37
26 47
45 53
2 8
67 81
18 25
46 54
93 97
50 71
28 32
72 82
75 79
78 86
17 21
32 37
51 60
47 73
19 24
67 84
11 12
65 73
75 87
45 50
77 89
76 86
64 67
50 64
30 38
2 19
63 70
18 29
39 48
49 58
13 29
41 57
71 89
74 78
36 69
4 21
40 54
57 65
30 43
18 34
67 70
35 43
49 60
45 60
50 58
36 44
24 35
79 91
15 20
8 24
79 82
26 46
11 22
37 46
15 34
36 48
21 31
83 93
17 28
3 10
58 60
48 54
90 99
13 32
33 44
65 74
48 69
64 84
64 72
12 31
76 86
65 73
9 63
8 16
35 47
85 92
1 41
40 47
52 62
12 18
79 86
71 83
40 49
22 31
76 79
53 63
30 39
11 25
5 13
34 57
55 68
2 17
63 68
49 53
32 46
78 82
37 59
53 63
28 31
39 43
59 77
81 98
86 100
21 33
52 57
70 80
75 79
21 29
9 15
25 34
21 29
27 34
41 54
4 20
11 15
35 43
83 92
17 75
31 39
36 50
26 35
27 43
69 82
59 64
6 17
2 11
72 81
14 23
87 98
15 67
90 99
36 49
60 63
15 20
84 96
53 57
57 73
28 35
17 26
52 58
29 34
60 68
81 92
32 47
51 69
54 62
34 40
43 54
43 54
53 69
53 70
15 22
80 93
12 17
1 9
1 10
92 98
14 21
3 9
50 66
51 58
91 97
72 88
31 42
27 35
47 55
1 27
35 48
15 18
91 99
88 96
62 68
34 41
11 20
90 98
13 22
25 29
50 54
90 99
91 100
7 27
35 47
70 75
74 77
72 79
83 90
56 62
43 53
46 78
19 31
28 34
78 82
12 16
48 72
85 99
81 85
51 57
35 43
48 54
36 55
33 37
33 58
78 87
33 40
83 96
52 62
38 43
80 84
85 93
55 66
51 63
46 53
43 50
84 86
71 81
86 94
73 92
57 60
27 30
85 94
21 50
25 31
33 39
89 92
2 27
12 15
72 82
47 59
30 43
69 75
47 54
47 60
77 88
21 24
47 58
50 59
75 88
92 97
45 60
56 73
80 93
59 65
38 65
14 19
57 81
46 58
57 63
23 49
67 72
11 29
27 35
69 79
69 92
77 99
1 5
11 23
32 40
58 77
17 26
86 92
14 23
49 57
46 55
48 51
22 26
33 60
23 32
44 45
68 76
49 56
53 69
85 94
33 54
48 54
89 95
33 40
84 97
49 59
7 24
87 98
76 86
57 62
52 85
55 62
50 55
78 90
7 28
34 43
43 74
25 34
85 99
76 96
65 85
30 36
44 62
12 27
79 85
72 78
89 95
4 10
18 55
66 82
75 90
51 56
31 33
24 33
66 71
35 41
29 42
26 30
91 94
60 78
23 28
28 35
75 84
80 92
89 100
51 57
40 46
22 28
55 61
76 81
66 76
50 61
93 100
5 17
90 97
19 24
27 35
19 31
64 67
80 88
15 31
47 68
59 82
34 49
30 37
24 30
14 24
94 99
34 46
41 100
45 51
50 56
13 20
61 71
35 51
41 51
7 20
72 86
34 47
84 90
8 18
2 15
70 78
43 56
23 41
16 21
84 90
89 99
54 63
2 16
89 95
2 16
40 64
65 75
33 47
39 42
37 39
53 60
83 87
13 14
15 23
54 80
5 7
69 74
4 8
11 20
65 75
11 19
88 92
35 43
73 94
24 29
5 14
47 48
88 91
11 22
63 65
53 58
63 66
65 74
57 62
45 50
30 44
3 35
68 84
46 69
48 60
44 57
39 53
83 90
35 47
63 69
60 76
72 76
12 18
24 33
35 40
9 28
35 44
61 91
75 79
29 35
52 57
48 51
59 73
43 51
18 21
42 52
21 23
45 49
56 81
1 6
19 24
1 21
1 22
32 71
32 44
26 46
20 26
9 16
32 45
85 98
64 79
44 54
72 78
6 11
45 61
43 50
61 74
73 79
51 59
84 89
10 24
6 12
3 17
7 15
15 23
76 94
53 64
61 78
1 41
59 68
37 49
81 85
57 69
5 13
95 98
23 51
39 52
9 23
82 93
66 85
32 45
53 63
83 95
24 45
69 77
87 98
41 47
33 47
55 66
27 47
11 20
80 96
79 90
23 39
76 88
87 95
65 69
1 7
14 35
73 80
50 58
58 73
28 56
49 54
40 47
37 47
17 27
79 89
69 83
41 78
27 34
24 38
57 69
84 94
85 90
75 82
57 61
62 73
7 11
85 97
81 90
50 82
18 28
2 5
16 19
52 62
11 16
50 71
91 97
57 73
94 99
62 78
53 59
52 59
61 66
23 33
49 59
83 94
5 9
3 20
17 33
15 70
47 49
76 79
35 39
73 77
82 89
77 93
45 75
55 83
62 73
49 53
4 11
20 29
23 28
34 50
15 31
82 91
87 94
70 93
32 34
12 26
79 96
46 56
66 72
73 76
29 36
84 96
26 42
3 13
61 68
62 69
52 78
90 96
6 14
47 64
82 87
29 32
8 17
19 30
24 27
85 96
83 85
68 77
53 60
82 95
31 35
15 23
5 13
77 87
44 49
25 39
79 86
75 100
38 43
19 23
14 34
92 97
21 37
10 38
46 52
26 37
87 97
20 38
61 66
30 35
80 84
14 19
27 41
81 90
84 92
46 55
52 58
30 45
91 100
39 45
58 66
49 59
12 19
76 78
81 91
57 68
72 77
56 59
71 76
65 76
60 67
50 60
52 61
78 86
18 32
76 89
48 55
50 71
4 51
6 10
58 66
2 32
29 35
32 37
67 81
24 31
33 43
58 61
95 99
5 14
2 20
34 39
37 49
30 65
21 28
13 16
34 41
48 57
26 38
31 42
69 88
77 87
78 80
17 25
39 45
65 71
65 68
54 65
10 18
3 8
31 44
70 84
48 52
22 29
31 34
72 83
76 91
35 50
22 29
73 89
1 29
79 99
57 88
38 46
47 52
25 35
56 59
93 95
52 62
43 54
12 23
64 80
88 96
81 94
82 90
90 91
76 88
51 75
22 30
45 53
10 15
69 80
70 78
82 88
64 82
8 17
1 10
29 35
80 95
93 96
57 74
32 38
67 79
38 49
4 18
20 22
84 89
83 87
37 41
75 86
77 98
10 18
82 93
43 48
12 24
66 78
7 35
7 21
10 24
80 97
48 56
35 45
20 46
2 11
59 68
77 99
34 44
69 88
9 12
41 44
55 71
55 60
82 86
51 61
43 53
7 17
2 40
60 70
39 52
36 63
76 79
40 45
74 97
39 51
90 96
40 45
22 36
56 77
20 25
22 32
71 77
12 22
32 59
88 100
8 11
23 27
37 44
76 86
21 23
85 88
40 45
22 32
34 37
12 24
3 12
28 38
50 57
76 84
62 72
29 51
3 13
33 36
38 52
20 27
5 17
53 71
18 25
46 73
53 67
3 19
12 21
10 18
20 25
80 83
41 54
4 13
24 47
36 52
89 95
12 20
6 20
67 73
36 49
20 43
52 57
62 71
73 82
75 86
93 95
66 70
35 44
29 41
12 19
44 61
56 71
67 73
36 39
53 68
21 33
62 66
89 99
40 55
21 24
19 26
89 93
9 13
28 36
59 65
77 81
72 78
68 73
11 23
8 16
10 13
20 43
26 28
63 74
8 15
49 54
32 37
75 95
21 29
34 55
46 56
58 60
68 70
3 32
23 28
37 47
84 93
90 99
14 26
31 51
76 86
83 89
47 53
59 82
91 93
30 37
5 7
82 99
12 34
86 94
73 87
66 69
9 15
1 17
64 76
33 41
48 53
24 31
19 24
53 72
31 46
75 97
44 66
71 75
8 22
5 11
40 47
68 70
74 81
32 43
6 12
52 63
78 95
21 30
36 43
8 17
17 31
1 8
29 42
44 68
17 32
51 78
41 54
82 87
80 85
14 20
86 90
45 63
14 21
74 82
25 52
84 100
48 56
72 80
52 62
76 80
57 66
44 55
49 54
18 23
60 80
28 36
72 81
8 13
35 51
87 96
30 43
10 72
36 42
22 25
63 68
16 25
3 14
32 42
26 35
38 41
74 77
78 85
27 37
76 86
68 80
15 21
21 30
46 71
68 94
12 26
67 87
18 27
8 13
26 47
16 27
88 95
51 59
30 33
18 20
9 13
13 38
84 98
77 87
11 28
76 84
17 23
73 95
15 31
3 16
89 95
63 78
7 12
33 35
56 62
34 45
18 50
79 90
13 49
5 26
20 29
15 24
70 72
43 54
30 36
34 47
77 83
89 100
2 21
31 46
20 30
21 43
31 37
68 82
74 88
35 53
69 86
22 34
38 40
66 80
9 38
53 62
15 24
86 93
86 92
91 95
93 98
60 65
14 19
38 44
30 61
18 22
73 78
74 85
47 54
65 67
71 85
80 88
72 79
26 57
90 95
65 74
46 53
24 35
32 37
62 64
41 53
42 53
71 77
6 14
9 15
26 31
62 69
69 82
3 25
66 79
95 97
13 18
55 67
84 99
45 50
52 65
84 97
68 72
10 14
12 48
55 59
65 72
46 53
80 84
1 4
18 24
64 68
20 39
56 61
84 96
42 43
18 23
52 55
5 19
4 11
46 77
43 60
27 29
79 85
75 90
41 47
23 27
95 97
8 30
17 49
11 22
10 23
8 15
29 52
85 96
48 57
45 55
38 73
58 65
91 96
85 95
33 46
27 43
52 58
10 15
5 15
20 30
82 90
23 32
33 46
80 82
53 96
15 23
13 19
65 72
91 97
73 78
16 28
12 83
51 67
73 82
61 87
22 30
67 75
65 71
2 8
87 91
1 29
41 46
63 68
66 72
62 69
32 44
68 86
70 85
44 56
17 20
36 42
10 13
80 94
57 62
72 75
13 23
5 23
23 30
73 77
19 23
59 76
16 24
58 69
50 56
23 30
88 93
22 25
17 25
63 79
10 29
16 24
9 18
21 26
88 96
21 28
82 88
72 80
32 50
49 98
28 59
68 84
19 25
67 80
33 48
84 90
63 79
22 32
57 62
13 22
50 58
45 68
89 96
58 79
91 97
70 89
59 81
6 20
9 10
16 42
6 38
10 23
10 14
3 14
81 88
51 62
95 96
67 73
60 69
2 20
51 54
72 75
66 72
62 80
69 72
7 20
46 59
4 17
47 71
65 71
29 41
26 32
76 81
57 69
70 75
13 27
34 41
21 30
79 89
56 82
9 16
21 29
13 19
69 73
69 77
21 28
55 70
40 50
75 88
79 97
10 16
11 21
36 46
96 100
17 28
36 42
51 58
73 80
55 61
28 52
15 35
1 11
68 80
43 56
80 89
68 79
38 50
6 22
29 30
11 36
31 33
39 45
53 70
2 26
69 77
69 75
18 25
58 65
41 42
29 49
13 32
15 27
38 44
72 82
16 30
18 24
62 72
45 50
66 76
48 62
89 100
36 46
45 52
62 85
72 89
41 62
31 44
8 10
1 22
19 28
62 67
79 88
4 11
18 28
20 35
81 84
55 64
87 98
61 78
39 41
77 92
79 85
91 96
28 36
89 98
74 81
18 23
40 50
42 62
17 28
12 22
8 10
4 13
73 80
83 88
27 40
78 84
39 63
26 37
13 21
28 35
65 70
55 72
54 56
23 27
20 25
81 91
9 19
40 46
90 100
49 55
38 46
37 42
18 34
76 88
85 91
7 15
47 55
96 97
50 61
24 29
72 80
71 98
67 70
70 76
24 30
7 19
49 61
71 88
71 74
75 83
39 54
48 63
80 95
46 51
8 18
2 9
26 38
57 66
83 91
27 56
37 41
27 41
29 43
58 74
45 64
21 31
36 43
8 15
51 55
91 95
41 59
19 23
53 60
94 100
16 20
56 71
63 78
45 60
69 90
81 96
24 68
64 81
9 31
29 34
4 10
26 42
70 81
53 62
68 74
87 99
53 74
58 69
39 73
12 25
88 94
36 42
28 45
37 43
4 8
36 42
11 24
42 50
78 81
5 19
19 29
91 99
55 58
33 44
18 22
2 7
44 62
52 61
59 82
49 57
70 99
84 87
66 78
66 96
89 94
38 55
3 9
11 18
68 77
67 70
89 100
69 85
60 75
51 55
53 56
20 25
44 55
17 34
44 54
18 28
44 48
9 14
9 15
31 39
21 25
31 51
42 47
79 84
79 95
61 71
87 98
67 94
18 36
19 28
88 97
56 61
47 52
40 46
23 39
67 74
66 74
52 62
16 18
31 45
49 59
8 24
22 39
68 74
68 81
4 39
13 35
29 61
2 11
63 67
82 95
57 62
22 47
61 81
32 35
58 65
82 88
29 45
37 50
5 17
10 24
29 46
21 30
96 100
75 79
85 90
60 71
46 53
74 78
73 81
1 21
39 46
72 88
91 99
67 73
3 10
34 45
50 55
20 29
52 53
54 65
10 12
50 70
90 93
14 28
35 41
70 85
9 20
21 31
95 99
3 13
42 56
92 99
29 41
15 20
20 23
94 97
92 97
3 8
92 98
36 38
49 56
58 74
4 10
41 56
39 44
60 70
89 98
77 95
63 68
82 85
59 70
45 55
20 26
82 86
49 59
66 74
56 62
7 18
49 52
15 20
80 95
42 59
86 89
34 42
79 93
22 40
7 17
78 99
20 24
84 95
82 87
27 32
27 44
18 23
16 20
15 31
33 38
65 72
19 22
2 8
37 40
8 18
21 35
87 95
29 35
33 44
13 18
33 38
88 98
77 84
29 67
85 96
11 36
71 80
34 45
34 42
65 81
44 53
5 11
77 85
7 18
3 12
5 13
85 88
88 91
20 26
8 17
51 63
77 87
65 83
73 77
83 96
28 34
53 73
78 82
84 93
87 100
61 69
23 28
75 80
5 14
77 79
73 82
57 82
30 41
75 80
51 54
78 99
1 7
73 84
57 67
13 19
32 42
4 16
68 77
89 99
73 96
76 81
13 22
88 96
1 15
60 65
79 88
89 95
70 77
39 46
4 12
48 53
45 60
82 97
83 99
81 90
32 38
46 70
31 36
60 80
43 70
31 40
49 58
7 16
95 99
8 13
34 52
16 37
29 68
55 60
70 100
25 31
51 60
10 32
81 90
24 40
56 70
63 71
27 39
70 76
45 57
58 67
7 61
50 57
82 90
77 95
16 35
1 16
4 18
69 71
62 77
17 26
9 16
37 42
38 53
78 87
83 89
92 95
27 36
16 19
54 59
73 81
81 84
19 33
67 82
17 29
2 14
44 56
51 67
44 51
4 10
17 27
25 38
28 32
49 71
22 31
56 91
57 67
60 75
2 22
74 80
8 16
55 61
39 45
79 92
32 36
41 46
39 50
94 99
78 91
43 60
64 74
81 96
50 62
69 85
19 77
31 62
52 59
34 39
95 97
34 38
44 51
66 80
36 49
10 34
17 25
46 52
35 55
86 97
77 83
31 39
37 42
57 64
16 35
52 74
53 61
33 36
66 82
15 25
72 77
62 90
13 21
52 55
8 17
12 18
86 100
10 23
67 72
33 39
45 56
77 92
39 60
42 48
79 89
68 82
27 45
33 46
75 85
87 99
75 81
60 68
6 15
41 46
7 18
78 92
20 41
65 83
57 62
7 30
64 74
65 75
77 92
15 25
52 62
47 51
41 48
26 32
79 86
26 29
2 7
68 72
66 92
12 16
13 17
40 55
48 66
1 11
55 63
54 63
15 21
49 61
10 24
40 49
33 46
34 42
49 61
16 29
65 79
60 68
64 77
72 100
64 67
24 32
9 18
41 49
6 14
70 90
10 17
81 86
8 14
11 16
79 86
65 78
53 67
52 79
4 15
42 58
21 32
11 25
89 91
7 20
53 59
38 46
87 99
65 73
45 56
59 66
74 76
50 67
3 10
11 13
36 50
11 13
19 21
39 50
64 73
75 78
53 58
4 19
24 30
71 75
15 23
22 33
72 80
11 17
13 30
81 89
54 56
41 56
33 35
18 26
31 38
45 58
92 98
43 56
78 85
6 13
68 87
63 85
36 46
8 14
31 39
72 79
79 94
12 22
27 46
73 82
88 90
66 71
59 82
45 55
46 48
2 13
22 29
10 18
33 40
38 47
42 46
11 26
80 87
74 79
57 64
86 92
48 62
43 51
7 18
21 28
78 87
26 39
43 51
80 87
83 92
86 96
82 95
7 15
32 36
4 18
55 60
49 72
28 69
31 35
94 97
25 41
53 57
78 92
59 63
24 44
86 99
6 21
28 48
45 55
20 28
2 13
26 35
69 77
83 91
92 99
83 95
70 92
62 86
80 93
75 80
53 61
29 43
73 96
11 17
77 84
88 96
23 29
39 46
24 39
96 100
33 40
41 45
37 52
46 57
94 100
53 67
52 59
62 77
50 60
73 77
39 41
30 44
73 96
70 90
78 86
33 38
62 67
81 88
4 22
68 74
29 50
21 31
35 40
39 51
89 98
53 58
42 47
86 96
68 91
1 7
39 46
21 27
4 15
77 88
67 71
38 50
46 61
5 11
39 56
32 43
77 92
15 22
11 14
22 33
64 77
59 78
41 50
39 49
45 55
64 78
89 94
3 23
76 86
45 63
85 98
2 13
19 33
39 60
91 100
76 81
10 22
76 78
73 86
74 84
67 76
67 85
26 60
42 81
2 4
34 53
22 28
90 98
76 81
23 38
28 43
41 75
18 28
62 68
79 90
20 27
14 24
24 28
29 44
66 70
28 40
41 46
56 65
87 95
71 74
13 16
84 95
60 66
75 97
28 35
41 45
76 84
3 10
55 69
39 45
66 76
57 66
56 77
63 67
86 90
64 69
9 13
59 71
86 89
66 70
53 59
40 44
29 37
30 46
55 65
69 78
5 13
25 37
4 18
33 41
31 37
52 63
82 91
44 61
68 87
28 35
59 69
61 73
5 7
44 49
83 88
8 29
31 42
35 42
83 91
66 81
61 76
74 84
62 66
31 36
10 41
57 90
84 96
35 48
86 89
7 15
71 85
55 80
23 33
17 30
75 82
72 89
57 64
38 45
58 65
34 81
84 99
70 72
54 58
49 88
69 76
2 7
55 61
61 68
65 73
75 86
78 93
41 55
10 12
75 80
30 34
49 67
15 20
33 49
32 57
68 76
48 58
18 38
30 35
59 68
14 18
27 30
63 65
13 17
36 41
35 39
25 33
80 90
2 11
18 22
93 100
27 34
57 62
36 41
74 86
5 17
13 27
26 36
18 28
58 69
18 24
67 73
19 28
13 30
10 13
61 67
40 61
63 71
28 55
2 20
42 48
45 65
71 83
47 52
77 91
31 38
60 70
38 47
29 42
40 51
14 27
65 80
45 73
44 52
82 84
28 42
1 33
57 73
92 99
67 74
10 35
72 82
16 24
40 48
26 37
7 19
17 36
71 96
39 50
67 88
25 29
38 50
86 93
60 70
35 39
12 14
7 17
81 84
79 93
56 80
34 41
56 68
31 39
28 33
42 50
77 89
49 59
64 78
64 76
53 65
72 92
33 50
60 65
82 90
29 38
30 35
8 16
17 26
76 86
89 100
40 56
13 28
34 47
53 59
42 55
37 43
53 62
91 99
19 33
35 45
65 70
74 85
64 70
25 27
80 88
23 33
78 100
80 89
94 99
16 25
46 66
77 88
13 23
95 100
12 34
59 65
70 79
52 56
7 28
76 85
32 40
70 100
21 38
2 10
81 85
2 8
36 50
23 32
12 16
64 68
48 53
37 42
5 7
12 22
21 33
71 73
97 100
70 97
72 75
78 83
12 30
11 31
36 47
10 20
68 73
22 38
84 94
10 18
28 35
76 93
38 43
35 52
87 89
57 68
3 20
12 49
87 97
19 42
71 83
65 71
40 47
82 95
82 92
57 68
7 17
17 31
78 85
19 28
13 32
31 37
22 31
37 43
6 12
85 92
20 40
76 82
69 84
17 36
15 26
54 78
7 20
45 57
3 7
2 41
52 62
59 88
65 73
29 35
64 72
79 90
80 89
58 65
64 79
13 22
39 51
43 54
19 67
80 90
81 95
83 90
84 92
25 37
56 86
28 35
38 43
39 48
52 69
77 86
69 82
20 23
50 86
7 15
5 9
33 46
57 95
58 82
2 8
71 79
45 58
56 82
7 29
35 41
55 74
17 20
81 88
48 52
76 79
54 69
66 73
23 33
41 49
24 29
24 40
40 52
65 88
80 86
68 72
72 91
78 93
10 22
81 96
8 20
45 61
64 73
63 73
40 51
60 63
28 35
58 71
6 26
16 42
37 54
86 99
49 64
43 68
17 30
28 36
69 82
74 78
42 50
64 85
53 61
3 13
40 53
52 66
1 9
66 80
81 95
67 75
30 34
50 53
15 26
15 22
73 77
27 34
32 37
27 55
49 59
55 59
79 86
76 80
10 49
35 49
50 56
48 66
78 87
48 55
84 87
11 29
87 98
12 21
81 86
32 36
81 94
64 69
54 74
16 27
49 63
43 81
5 29
65 76
75 82
24 29
61 72
44 50
18 41
68 90
11 23
74 79
60 65
8 16
61 67
3 12
48 63
52 56
79 82
23 29
50 72
17 21
12 14
89 93
83 94
8 20
21 37
73 77
88 97
6 33
60 69
27 40
54 59
7 33
21 39
26 31
17 31
64 70
19 36
91 99
50 67
73 86
32 35
53 68
94 98
36 41
65 73
33 41
1 4
15 30
18 33
26 33
25 31
71 95
72 84
78 93
31 39
44 46
21 30
62 77
1 23
68 72
79 94
14 46
75 82
35 40
39 43
3 13
20 26
25 36
79 83
45 51
39 47
81 88
28 39
4 9
1 14
88 96
50 81
4 17
80 88
62 72
51 95
49 77
39 48
3 9
89 96
82 88
82 95
87 97
81 90
49 60
32 50
44 80
25 34
61 76
54 69
94 100
75 84
62 69
79 88
82 92
77 93
26 33
84 86
94 99
16 26
29 37
21 33
49 56
32 36
20 45
31 36
22 26
77 81
81 88
89 96
11 17
52 57
18 43
65 71
49 51
17 32
51 65
28 37
21 26
38 48
49 65
75 79
41 46
15 30
4 15
63 72
64 76
77 85
76 84
70 81
31 38
81 87
19 22
17 22
63 67
42 50
83 89
58 79
50 61
33 48
40 56
21 32
62 72
70 95
4 6
61 80
9 52
1 17
91 97
76 81
35 60
11 23
17 23
37 54
32 40
17 23
81 84
18 23
85 97
65 72
43 49
37 43
66 95
91 99
67 74
89 99
18 38
45 52
36 45
33 49
67 78
40 54
21 30
4 12
61 73
20 33
1 13
54 67
29 43
49 53
12 22
62 68
5 48
45 50
17 28
16 25
74 84
25 37
45 59
28 39
55 60
28 34
36 51
81 86
59 68
72 74
27 31
38 49
10 16
53 83
59 82
62 67
71 83
87 96
55 58
3 22
78 80
47 62
80 87
84 87
39 43
52 59
40 56
38 73
22 29
88 94
59 80
51 64
69 93
70 79
16 32
76 85
60 76
74 83
97 100
2 5
53 60
61 70
13 28
37 43
55 59
52 59
16 21
11 15
38 50
43 63
90 92
64 80
6 37
18 21
72 91
31 35
11 12
32 45
63 83
82 88
73 81
2 3
27 60
14 25
39 47
62 74
67 82
8 13
81 90
16 42
37 51
8 16
43 50
82 85
13 41
26 31
89 93
29 48
63 73
72 77
21 39
2 12
50 60
33 37
13 18
57 63
4 14
60 78
83 89
4 10
38 51
18 37
7 19
33 44
29 38
71 76
21 33
75 88
6 10
3 10
66 81
55 77
91 96
85 92
17 20
83 89
91 99
3 11
72 85
34 40
68 73
1 13
67 77
65 74
60 66
57 65
28 57
74 77
37 42
63 67
87 93
5 14
