100 20 20 15
00000000000000000000
00000000000000000000
00000000000000000000
00000000000000000000
00000001111100000000
00000000000000000000
00000000000000011111
00000000000000000000
11111000000000000000
00000000000000000000
00000000000000000000
00000000000000000000
00000000000000000000
00000000000001000000
00000000000000000000
00000000000000000000
00000000000000000000
00000000000000000000
00000000000000000000
0000001000000000000
0000001000000000000
0000001000000000000
0000001000000000000
0000001000000000000
0000000000000000000
0000000000000000000
0000000000000000000
0000000000000000000
0000000000000000000
0000000000001000000
0000000000001000000
0000000000001000000
0000000100001000000
0000000100000100000
0000000100000100000
0000000100000100000
0000000100000100000
0000000100000100000
0000000100000100000
5684
9 37
84 96
1 6
62 69
16 27
40 44
38 40
50 54
10 18
64 86
20 29
56 67
66 86
20 40
14 30
82 86
21 31
29 54
76 82
82 95
37 45
15 37
74 80
17 33
38 45
45 71
90 93
30 35
90 97
57 72
72 81
3 13
38 47
40 54
28 41
40 60
3 13
5 27
75 98
37 47
49 53
62 68
76 85
86 92
85 93
84 89
84 94
97 99
45 77
52 63
79 93
88 99
22 32
31 54
5 16
74 91
43 51
47 55
36 41
44 54
20 36
11 25
88 99
75 81
44 52
71 77
51 63
33 40
60 74
66 74
17 34
91 93
67 73
69 82
72 85
42 58
13 29
2 9
60 74
67 88
50 58
90 96
46 69
6 74
90 97
34 47
20 50
31 37
50 66
50 74
42 54
48 51
90 99
33 53
48 56
5 11
7 35
29 48
62 67
2 14
31 39
90 98
69 74
86 92
17 26
78 98
78 84
51 66
7 9
37 46
61 78
70 80
40 69
48 54
52 60
9 29
23 31
58 71
98 100
56 71
25 40
3 10
83 86
22 44
66 70
85 98
10 21
1 14
29 42
83 90
56 68
65 68
66 72
21 34
83 99
21 23
44 66
27 40
42 47
69 87
65 75
13 19
10 18
61 73
18 26
13 26
48 57
24 30
49 59
27 34
20 25
51 70
84 91
31 34
61 62
36 42
54 64
64 76
30 38
63 72
4 11
3 20
7 30
47 54
84 95
70 89
61 76
60 63
54 66
81 90
50 62
58 97
68 84
52 72
37 44
95 98
90 95
66 77
26 37
56 61
10 76
74 95
88 98
1 9
78 99
28 44
77 85
27 39
73 79
7 23
78 100
78 85
2 17
2 8
5 16
9 22
18 23
9 18
63 74
16 28
14 20
3 9
52 57
66 79
65 74
90 96
46 52
24 29
3 8
32 51
33 36
37 42
87 93
43 50
18 49
15 21
4 10
45 49
90 100
49 59
57 61
27 40
28 32
64 73
14 18
26 34
51 66
65 73
45 58
93 97
57 78
17 27
85 91
23 28
12 23
88 93
44 51
42 52
72 81
69 91
43 76
35 47
70 81
12 62
70 98
79 84
10 14
5 10
43 56
15 21
38 44
12 22
59 79
93 100
68 77
40 47
48 65
23 28
74 80
24 32
68 71
76 89
6 16
46 57
67 84
47 53
84 97
79 87
57 64
85 95
39 51
65 85
52 61
8 13
1 9
30 38
38 48
77 90
64 66
11 32
71 81
7 20
36 49
20 38
71 81
39 52
80 89
49 65
53 71
20 33
78 91
20 45
24 34
24 29
85 95
71 76
61 75
1 19
88 90
27 38
48 73
90 95
13 27
19 32
55 65
53 62
11 31
32 44
25 31
73 94
82 90
80 87
10 17
66 73
67 73
77 91
72 86
94 99
33 49
42 48
7 17
20 36
33 42
8 25
90 99
52 69
87 94
89 97
20 22
50 62
81 88
45 63
49 52
88 96
3 9
22 58
45 54
90 95
50 78
37 39
39 48
60 65
85 93
48 49
82 91
12 34
72 86
1 11
17 28
1 12
1 43
35 49
58 62
77 90
79 90
81 88
42 52
82 88
7 12
72 89
73 97
39 48
69 94
21 28
3 41
83 100
82 93
55 66
33 44
7 15
59 66
66 75
81 85
14 26
4 14
13 38
65 72
23 28
18 21
24 61
51 56
1 22
7 19
23 49
60 62
38 46
75 90
78 90
55 64
48 59
27 47
11 15
14 27
13 18
67 72
79 96
99 100
39 48
35 42
80 87
36 45
18 37
27 31
32 51
28 43
43 53
55 80
27 32
1 27
35 45
69 89
47 53
49 57
19 23
38 62
5 6
75 80
66 98
6 23
55 58
87 92
43 69
9 15
61 62
50 52
56 63
49 58
54 66
25 33
23 34
71 78
47 59
71 86
85 95
80 86
36 48
56 62
6 22
78 87
25 30
34 36
12 21
76 81
26 44
73 81
30 43
80 98
49 57
74 90
51 73
73 83
39 52
53 71
87 91
84 89
63 79
25 27
2 15
57 60
68 81
71 76
52 55
6 13
91 95
90 97
41 62
85 94
63 67
60 91
88 98
64 69
67 80
8 20
96 100
54 68
30 52
4 14
34 51
27 34
2 14
3 16
42 48
56 65
41 47
87 100
3 27
59 69
43 52
39 55
61 73
79 83
39 54
85 87
16 26
82 92
23 44
39 61
63 66
75 96
91 97
35 55
69 74
73 82
68 71
33 65
73 85
73 85
20 34
54 62
26 29
29 33
50 53
61 79
51 64
45 64
56 62
29 33
74 80
82 89
51 53
60 72
20 33
45 50
17 24
46 60
52 65
75 86
70 83
64 75
54 60
26 33
33 46
1 9
22 27
36 45
17 34
14 22
48 65
6 12
27 32
75 94
43 48
27 55
17 27
50 57
29 33
29 45
76 84
62 72
55 61
17 35
49 72
29 40
23 45
27 41
45 54
45 91
54 70
44 47
11 21
29 38
30 39
67 71
87 91
38 44
15 42
11 36
83 85
72 84
50 66
69 75
14 27
10 13
52 60
41 50
62 76
14 35
51 62
83 92
12 31
31 45
72 84
60 62
37 54
60 67
73 81
58 81
7 23
25 38
20 33
81 86
18 37
86 99
17 25
47 54
57 62
76 81
12 25
36 41
27 32
23 32
83 90
7 17
22 31
69 84
30 47
65 72
2 13
86 98
5 23
29 37
34 64
33 50
94 97
6 10
67 77
11 18
40 78
90 92
37 41
15 27
25 31
47 55
8 11
2 7
29 51
8 26
19 33
57 77
97 99
5 13
7 16
30 35
83 99
5 18
33 57
18 35
78 82
35 37
66 70
34 73
51 62
8 17
42 46
37 43
85 91
25 33
82 86
53 60
26 54
51 56
57 67
24 32
34 46
46 53
39 52
17 19
49 67
3 11
25 34
70 78
7 16
73 93
47 56
47 72
73 83
59 74
7 20
78 81
90 98
50 58
37 46
57 82
76 91
53 61
46 52
30 47
1 19
26 53
76 80
35 44
3 17
46 54
79 99
37 41
32 35
54 64
21 36
33 47
64 70
2 10
24 43
55 59
81 99
6 14
53 61
44 72
65 76
40 54
2 10
67 78
41 65
7 16
44 50
79 86
83 89
90 94
80 85
62 65
80 96
39 53
40 46
66 88
98 100
66 81
8 17
74 82
60 65
51 68
84 88
56 64
18 27
26 38
84 91
21 29
36 45
31 44
32 54
61 82
23 31
51 61
51 58
94 97
82 92
3 7
40 54
2 8
78 97
13 20
84 89
73 79
45 62
40 48
78 87
47 54
64 72
43 57
38 43
66 85
23 32
28 32
54 79
81 100
76 87
78 83
13 20
57 79
64 83
68 82
33 47
55 59
19 32
16 24
35 42
75 86
56 68
63 68
53 70
41 46
38 50
52 58
64 69
43 50
49 62
27 32
53 60
86 92
44 51
30 85
38 42
56 66
22 28
81 88
1 6
1 11
54 78
82 88
28 32
10 20
39 44
43 59
29 32
35 38
75 83
64 76
74 83
28 41
55 76
73 76
79 87
53 70
5 26
56 71
39 47
12 61
90 100
38 45
83 85
36 39
5 16
38 43
44 55
28 36
39 59
50 75
33 38
41 48
51 55
56 67
10 19
17 28
36 61
12 21
48 67
7 16
27 54
16 29
46 51
84 88
85 92
5 14
33 48
18 26
85 92
1 6
67 75
38 48
44 49
74 80
72 82
47 60
89 98
2 9
46 55
72 86
27 41
55 59
84 94
96 99
40 50
15 36
85 91
92 98
28 41
84 91
88 95
71 73
76 94
60 68
4 10
8 16
33 46
58 75
12 24
61 90
49 62
39 61
58 76
63 72
65 77
6 9
89 96
73 80
7 10
86 93
77 90
44 54
74 96
33 42
21 25
18 27
86 90
57 64
5 9
24 34
86 90
61 69
68 74
52 68
64 76
65 76
20 29
56 85
25 42
45 49
64 75
35 54
87 98
10 19
26 56
18 25
68 75
43 50
32 47
64 72
20 27
87 100
82 84
57 69
67 70
37 68
90 93
49 60
62 77
50 53
60 62
76 86
48 53
63 72
17 24
37 48
51 61
95 99
78 83
28 37
11 14
37 48
86 94
22 32
54 75
36 48
5 11
74 80
61 87
37 51
58 64
59 71
14 34
10 17
48 57
6 14
47 54
21 49
22 33
44 70
59 82
74 85
49 57
82 87
91 98
91 97
16 37
4 11
16 26
19 31
8 14
4 13
17 26
52 84
27 43
40 44
76 98
74 85
16 24
82 92
12 15
21 36
89 95
14 23
66 79
44 50
42 54
49 63
24 37
66 77
31 37
61 69
7 11
11 18
30 48
66 70
11 33
70 75
71 75
50 75
18 26
21 40
8 24
27 32
27 42
84 99
77 85
87 100
11 16
83 94
76 88
54 60
80 82
66 80
65 72
22 50
47 54
26 37
67 72
37 43
91 98
39 64
42 56
27 38
42 49
21 24
3 20
83 92
1 27
47 53
70 77
76 86
28 39
66 71
54 84
3 50
33 40
82 98
76 82
14 27
56 66
57 82
59 79
6 14
61 73
55 62
35 45
45 52
82 88
1 16
69 73
35 41
60 65
63 75
50 59
57 66
41 49
47 49
69 82
5 14
65 69
35 52
17 21
59 67
78 89
69 77
23 41
37 60
5 12
36 38
33 49
28 34
85 89
11 22
59 61
45 59
7 33
80 87
45 54
75 78
26 34
32 40
88 98
7 32
75 95
5 13
63 73
61 65
37 47
66 71
41 57
9 23
66 71
42 48
72 76
28 38
28 69
88 95
50 67
60 65
44 51
26 30
68 75
88 97
79 86
26 33
33 57
32 49
54 64
54 67
44 62
94 100
82 87
7 14
85 91
30 36
46 56
6 13
11 22
26 40
44 56
17 20
35 43
54 64
19 34
23 38
16 21
81 97
43 48
79 94
63 67
69 94
63 67
14 16
43 48
51 64
34 67
17 22
80 94
56 72
86 95
18 30
85 94
73 80
14 50
66 70
32 47
10 15
86 93
30 36
28 41
94 100
4 17
88 100
46 54
88 96
79 89
77 88
6 13
11 22
26 45
71 76
74 83
12 29
74 87
51 61
89 98
86 90
90 95
43 56
17 20
25 30
52 63
75 88
86 92
37 39
50 63
12 27
12 33
9 20
5 18
21 24
34 40
92 99
25 30
39 47
23 31
45 52
67 73
78 93
76 83
46 55
86 93
58 65
93 97
74 78
78 92
95 98
82 96
37 41
11 23
27 39
39 41
61 65
38 47
79 83
85 97
48 60
76 85
30 50
11 25
40 62
57 74
64 80
89 92
13 32
4 8
27 51
9 30
28 37
85 95
7 34
63 75
87 91
40 47
90 97
95 99
90 94
12 24
39 91
73 79
76 83
71 82
6 12
18 29
28 39
44 48
48 54
62 84
74 92
85 99
12 19
70 76
43 69
67 81
77 88
73 78
56 63
20 21
66 77
37 46
4 10
52 63
86 97
46 79
25 38
26 39
92 95
11 21
41 47
68 74
73 77
64 68
11 23
52 69
82 95
16 34
1 47
55 67
19 25
56 70
58 71
53 63
16 37
29 44
56 69
57 71
27 42
75 85
57 62
35 44
55 72
28 37
70 75
85 90
84 97
61 71
39 63
22 28
35 46
5 8
37 54
57 67
52 97
28 34
1 21
77 86
31 46
59 66
52 53
53 63
75 79
65 67
24 35
10 19
28 34
31 43
28 36
5 21
73 80
18 35
21 38
64 70
66 87
52 63
36 45
73 80
29 34
23 36
5 38
88 99
52 66
11 22
25 36
71 85
45 54
98 100
10 15
33 39
49 57
38 54
57 68
39 46
35 42
25 31
86 96
52 58
62 87
41 47
30 38
46 53
74 92
40 54
95 99
18 37
12 31
77 79
39 48
2 10
83 92
63 68
92 96
41 61
4 9
59 66
7 15
9 20
55 58
43 61
41 54
61 80
13 24
95 100
25 34
25 32
60 62
48 56
36 42
71 82
77 98
80 100
56 58
15 32
83 92
73 83
32 34
29 34
18 20
15 26
37 49
84 87
32 41
41 49
45 49
60 87
40 51
51 62
58 63
75 85
65 78
24 31
16 32
76 96
4 21
13 20
90 94
51 56
75 80
84 91
25 26
2 23
81 92
19 24
84 96
20 30
5 16
64 70
74 87
49 60
3 14
39 48
19 44
54 64
49 66
86 89
85 95
76 81
87 92
8 20
69 80
78 99
40 56
67 92
65 73
13 27
20 28
71 75
9 55
61 73
56 68
66 77
22 29
54 59
52 59
11 16
77 90
4 15
78 90
19 34
67 73
8 17
5 13
48 63
68 78
9 16
23 30
54 62
31 40
70 87
62 64
37 40
11 17
75 87
40 70
69 74
55 69
61 64
86 96
79 90
19 30
50 66
55 66
57 60
43 46
17 21
90 92
51 55
44 65
80 88
36 52
69 84
64 77
82 87
16 27
77 79
77 84
5 9
69 84
41 51
45 57
20 32
6 11
42 49
2 3
2 14
10 19
1 12
7 10
9 14
28 35
12 17
78 99
6 21
96 98
21 30
78 87
36 42
25 41
84 99
49 53
37 43
54 59
58 64
54 61
52 62
26 31
49 61
6 18
69 73
74 81
24 28
42 54
75 91
51 60
65 75
16 20
1 7
50 57
7 22
44 60
16 28
84 87
37 44
36 44
39 40
38 45
46 58
32 37
24 39
13 18
29 36
13 21
48 57
16 26
47 58
13 21
59 85
29 35
6 22
48 58
15 20
88 90
2 18
70 86
42 90
68 70
59 65
33 39
68 91
42 50
24 46
17 20
34 42
68 85
47 53
32 34
40 44
65 73
36 46
13 19
95 99
76 95
10 39
25 28
30 37
28 31
71 84
39 41
76 85
60 67
91 96
72 85
36 40
15 19
15 29
8 11
20 29
75 82
87 89
29 49
63 77
35 81
56 69
69 89
69 78
6 12
59 68
55 61
53 65
9 11
28 34
14 43
81 91
77 91
35 45
74 79
82 90
46 50
95 99
41 55
31 52
47 52
50 54
78 86
54 59
50 61
65 70
54 60
57 69
73 89
24 28
10 24
65 75
5 19
35 40
79 84
16 30
36 42
82 96
12 24
43 47
37 39
21 29
64 87
92 100
32 46
24 37
76 93
20 24
42 87
35 43
63 68
24 30
83 91
50 56
5 14
61 74
29 43
39 55
2 7
47 63
48 55
55 60
80 94
51 56
39 46
56 68
18 32
78 99
42 54
41 71
19 27
59 69
48 62
58 63
48 59
59 72
83 92
89 94
63 66
72 82
2 6
53 88
44 55
65 85
53 71
39 67
20 28
69 78
78 86
62 65
54 59
45 55
22 29
88 94
26 36
67 72
53 67
16 55
76 82
50 65
9 17
74 98
6 22
56 61
11 22
23 56
91 98
22 34
34 42
82 91
40 46
18 28
84 100
54 62
19 25
61 74
9 40
51 60
28 35
3 9
89 95
61 76
78 81
56 62
28 32
75 78
7 19
31 42
30 40
74 87
20 28
26 43
52 56
68 81
70 85
55 67
78 83
40 45
25 34
9 23
91 95
10 33
57 59
3 21
18 24
51 58
32 41
28 34
39 62
60 81
22 35
33 50
58 63
72 80
38 68
61 70
69 74
17 19
60 67
75 85
89 100
18 33
61 69
77 83
60 66
46 52
73 98
47 66
16 36
59 66
38 47
51 66
74 83
68 71
45 55
3 16
2 7
81 94
61 79
87 95
51 56
7 12
34 36
73 79
86 92
74 77
79 81
83 88
11 22
70 80
67 74
73 77
50 52
42 49
27 29
35 37
4 14
34 55
51 60
12 21
56 62
88 96
75 87
8 17
65 98
74 79
86 92
93 97
41 45
27 36
21 27
12 21
68 87
82 98
91 98
28 37
88 95
52 73
13 51
60 86
77 100
13 18
69 72
72 84
38 44
53 68
41 50
51 63
26 62
45 76
10 15
5 17
3 17
38 54
2 23
21 31
49 57
11 17
7 18
3 22
76 88
19 27
8 12
39 59
62 76
50 52
39 43
58 70
39 51
6 18
8 13
66 99
74 78
8 12
61 77
18 22
62 74
5 13
24 36
53 73
84 87
81 91
27 42
16 28
87 96
2 27
45 56
32 41
18 22
84 92
20 29
18 25
36 57
44 86
27 53
84 92
41 48
66 78
51 59
38 46
30 48
70 86
19 26
10 13
62 66
40 52
12 25
75 83
3 18
28 38
83 92
24 33
12 19
14 27
44 50
88 95
34 43
16 31
90 95
66 76
24 30
59 64
22 39
72 85
30 34
61 68
59 76
41 48
64 96
31 46
80 96
66 87
6 30
57 66
66 71
72 96
76 92
26 46
48 53
60 73
14 18
10 14
40 49
10 20
24 40
59 63
50 56
67 79
65 84
1 16
40 49
82 85
33 49
10 24
28 53
43 45
64 70
65 90
20 33
18 25
50 57
5 19
5 16
88 93
69 88
63 68
57 66
88 98
75 80
6 10
67 92
6 10
30 35
80 94
59 74
35 48
44 63
56 62
23 33
33 46
27 39
56 65
51 66
71 79
68 85
1 11
12 15
32 58
63 75
77 87
3 13
4 16
44 48
51 59
57 66
77 82
6 15
24 37
27 34
63 71
21 24
41 44
3 25
34 48
79 91
46 52
86 90
80 93
6 18
50 56
68 75
58 77
28 41
30 39
73 86
37 40
10 16
33 73
85 93
74 82
68 75
95 98
56 61
90 96
24 33
88 96
17 21
45 60
73 82
50 67
83 86
88 96
75 87
26 35
39 53
20 28
81 90
24 43
70 87
40 55
5 19
20 26
14 17
34 46
72 77
15 26
27 31
19 30
21 26
25 30
88 91
66 69
66 80
32 37
46 51
62 71
80 89
54 65
34 52
92 99
36 43
48 64
79 96
77 82
53 64
21 27
74 81
80 86
28 37
32 37
31 37
44 48
57 63
18 37
50 70
57 63
53 75
25 32
65 73
74 79
1 12
13 81
68 85
8 37
54 77
31 59
80 95
68 73
49 82
79 87
69 79
67 75
60 66
76 88
45 64
63 70
21 27
79 89
89 99
41 46
88 91
66 71
35 38
37 46
1 31
49 84
85 96
27 38
57 63
78 91
57 68
39 51
57 64
61 67
53 64
51 55
39 48
4 14
71 73
66 74
28 31
35 58
79 93
65 79
24 35
29 33
26 32
31 53
79 89
29 36
19 35
55 69
67 78
44 59
56 71
7 21
74 80
75 78
53 60
27 42
87 95
79 84
29 36
14 34
11 18
44 56
9 16
84 88
13 20
40 50
6 27
84 92
4 16
35 44
82 90
92 98
40 65
40 55
56 64
72 73
3 5
20 37
44 54
96 99
92 100
57 63
6 21
33 46
11 17
42 52
95 100
68 77
4 12
75 82
42 45
53 61
40 46
45 98
8 25
88 92
4 23
79 85
34 66
1 5
19 28
10 36
25 54
2 21
43 59
22 49
21 22
43 48
62 87
65 72
10 14
44 60
28 45
24 30
49 66
62 75
39 48
16 24
41 50
57 65
43 50
81 89
35 41
25 28
79 84
33 69
56 57
62 95
48 54
33 40
80 93
12 18
62 78
37 44
21 26
32 38
3 11
78 89
85 96
65 73
40 50
33 43
36 42
6 95
53 63
40 45
61 67
23 25
36 40
16 26
81 88
42 49
73 84
48 66
34 46
66 69
80 88
66 84
48 53
51 66
46 59
70 75
17 24
2 7
42 52
52 58
21 22
75 98
90 96
42 62
45 53
64 75
63 68
75 88
50 60
12 18
22 32
27 35
6 38
32 87
84 95
77 88
21 49
69 78
31 42
31 33
52 58
19 33
6 25
92 98
74 87
32 53
40 85
28 36
44 52
2 13
68 75
30 36
4 19
76 87
17 23
32 54
49 61
63 75
43 72
41 50
71 75
6 16
88 91
53 63
67 75
48 67
47 54
87 97
50 68
12 24
10 48
25 64
72 75
12 26
87 95
93 97
52 78
73 77
69 79
59 66
14 27
66 79
59 70
68 94
49 65
45 55
23 31
11 24
55 59
41 44
5 12
7 19
65 71
59 97
25 36
5 10
64 77
49 57
39 79
28 36
12 21
2 14
20 31
45 50
77 89
93 95
18 33
28 36
34 53
74 90
1 9
60 78
10 22
34 49
36 59
89 95
38 49
76 94
35 40
11 23
31 44
33 42
53 66
95 98
75 81
19 46
75 83
55 64
38 85
30 39
64 80
9 12
5 23
94 99
33 66
53 62
74 84
85 99
4 11
3 15
75 81
91 95
33 55
83 87
93 97
73 84
40 50
75 81
68 80
56 67
87 91
34 40
70 83
73 100
33 44
75 82
11 18
74 83
3 8
28 34
3 14
29 68
12 22
52 62
15 27
23 27
16 28
12 16
56 63
18 31
55 60
86 100
66 74
19 21
56 74
61 68
73 80
17 28
3 11
10 18
65 71
33 53
35 43
53 60
15 25
62 77
21 26
51 53
17 50
23 32
43 53
10 22
24 28
59 76
17 30
17 31
38 63
63 66
80 90
59 61
91 99
12 16
25 40
69 82
85 88
18 45
87 98
71 80
32 49
42 48
18 25
21 26
10 14
33 62
51 63
32 53
26 47
69 82
84 91
36 42
64 76
51 55
52 57
52 58
29 35
40 44
70 75
57 65
71 77
23 38
74 84
21 32
12 14
85 98
83 99
37 57
78 95
62 75
8 34
28 29
43 49
76 84
52 64
23 39
25 36
78 92
42 51
14 27
64 72
11 22
8 18
55 71
58 61
69 83
45 56
84 97
36 42
27 36
52 61
85 100
33 41
44 52
47 50
78 83
77 88
28 40
67 81
87 94
32 38
55 64
19 25
3 17
1 6
74 79
35 98
94 97
68 71
82 91
42 47
53 60
52 57
75 87
10 25
23 41
53 71
14 29
39 56
50 55
57 67
55 66
92 100
11 19
19 38
8 17
37 44
81 85
33 43
25 29
1 17
60 70
31 34
96 97
36 46
64 81
37 43
2 7
13 15
65 73
86 100
38 51
45 57
49 74
31 36
20 27
34 47
6 9
37 40
60 79
33 75
82 90
85 91
58 64
31 42
26 31
72 80
78 81
47 60
68 95
24 27
39 50
18 41
94 100
93 100
4 42
1 17
23 32
47 63
46 52
74 81
50 54
55 62
34 49
34 40
81 91
22 28
19 23
59 66
27 41
27 43
65 70
72 81
46 61
87 94
17 29
15 20
50 77
1 8
81 94
77 85
50 67
17 19
17 22
48 54
56 75
46 67
8 34
4 8
62 69
49 61
64 77
71 92
65 78
42 50
46 51
20 27
19 31
12 13
4 28
27 36
32 36
44 54
62 74
57 63
1 11
56 62
74 95
75 97
38 52
79 94
72 77
91 98
77 92
55 73
47 61
75 95
83 88
30 41
28 36
87 99
32 51
25 32
5 16
15 31
17 48
8 11
89 93
18 25
84 93
10 12
92 94
45 82
52 56
39 46
89 94
22 35
11 30
69 76
27 36
55 62
68 74
75 81
22 46
59 62
19 30
80 83
77 81
4 22
62 66
71 84
20 23
15 46
82 93
43 57
22 30
71 90
38 42
74 83
2 9
8 25
60 67
33 52
28 37
49 52
23 28
60 63
75 85
79 83
54 57
33 42
60 62
60 73
77 87
64 70
53 58
10 22
21 30
8 19
10 12
59 68
77 93
75 83
71 93
11 18
53 60
65 77
4 8
53 59
81 88
84 94
91 92
9 42
61 72
30 35
29 33
8 28
67 71
54 62
48 60
5 12
58 78
42 51
45 67
30 59
95 100
4 9
38 77
79 88
1 10
28 41
42 67
35 43
63 86
68 92
34 39
11 15
7 9
63 73
46 51
25 33
96 100
88 94
25 41
72 79
82 95
95 100
23 27
63 83
29 49
92 98
61 66
32 42
62 66
58 70
43 49
24 41
80 92
67 72
37 79
11 22
59 81
60 65
31 64
10 15
50 77
34 49
13 33
54 63
26 31
77 81
29 55
67 72
2 16
73 87
2 42
2 8
45 50
24 34
15 23
22 48
70 76
89 97
73 80
25 30
17 38
55 62
11 17
10 15
45 55
28 34
18 27
56 65
37 46
47 62
18 25
56 89
74 81
79 100
70 79
34 50
86 93
1 27
39 52
89 93
20 21
29 73
41 55
55 57
6 9
19 22
69 89
26 40
82 95
68 82
14 22
51 55
52 62
65 80
8 20
5 16
88 92
75 80
29 47
37 42
59 63
69 81
42 50
74 81
86 90
13 22
71 75
21 24
88 94
37 40
69 84
51 75
44 54
63 77
71 85
74 80
68 80
49 67
55 65
41 51
77 100
10 30
12 21
69 84
16 33
58 68
27 36
59 66
88 93
53 64
30 40
27 45
29 41
72 89
7 14
38 46
59 85
41 49
73 91
41 50
1 7
62 69
73 86
23 41
9 37
80 98
19 22
79 94
74 89
4 20
61 70
46 54
43 66
22 25
82 88
78 85
30 41
23 39
84 96
59 66
85 89
47 70
52 59
1 14
28 43
85 88
41 45
67 76
92 98
37 42
15 30
68 77
16 23
92 99
63 74
20 30
22 34
88 91
14 22
38 46
83 90
33 41
37 63
64 72
56 58
43 46
13 19
78 89
40 75
58 64
39 50
22 27
75 89
77 91
27 34
34 38
31 41
2 12
9 13
21 64
85 88
3 22
59 83
21 48
54 59
87 97
86 91
15 32
68 70
15 19
18 22
46 67
85 99
20 36
43 69
48 60
74 78
29 48
78 85
73 86
95 99
69 78
28 40
84 99
71 87
35 43
81 89
11 18
7 16
39 50
47 56
57 73
8 16
76 87
13 22
2 16
24 30
34 41
5 10
59 69
24 29
69 90
61 72
30 33
53 81
39 57
55 58
58 77
57 72
40 46
71 81
29 32
67 91
95 100
17 26
18 19
5 16
62 67
24 30
16 19
13 18
59 72
75 91
71 83
81 93
95 97
52 55
71 76
86 94
27 37
42 44
25 53
20 26
73 80
57 63
88 93
69 74
54 60
70 79
52 67
21 24
34 48
17 20
53 62
10 16
91 94
14 26
52 54
29 58
89 94
37 44
30 45
77 82
73 89
54 61
41 49
20 34
68 79
38 79
51 67
58 69
31 45
50 59
21 29
41 50
16 36
34 55
38 49
17 27
11 21
16 20
79 92
40 45
30 40
39 47
43 65
56 59
71 73
55 58
71 80
6 15
20 28
16 19
89 98
79 94
68 76
56 68
17 26
52 56
93 98
49 51
52 72
33 43
58 87
18 27
65 68
67 75
4 20
36 47
50 55
68 70
41 53
5 11
91 98
2 14
90 94
13 34
87 93
16 23
38 54
8 24
57 63
30 37
69 76
67 82
61 79
21 31
58 71
95 100
74 88
53 60
85 97
52 76
11 13
16 34
57 71
68 73
91 94
68 72
45 48
49 53
39 50
82 94
80 89
49 50
1 7
67 87
76 96
78 91
97 100
12 27
64 76
86 92
88 93
46 57
1 4
8 51
58 83
75 85
50 69
46 54
90 94
47 58
17 24
50 58
79 100
19 26
33 45
41 65
64 69
15 24
35 40
49 61
56 65
35 48
24 28
28 40
8 12
66 73
48 73
14 24
12 18
77 86
16 25
57 69
71 84
15 33
18 22
6 17
46 55
91 93
57 80
43 53
57 64
34 42
5 10
46 65
74 94
41 58
27 36
61 67
17 26
14 23
11 16
15 24
75 81
28 35
72 78
15 21
72 81
24 53
2 13
28 32
76 82
7 13
71 96
15 28
48 55
41 53
18 28
74 81
71 79
64 85
47 69
14 25
82 98
49 53
54 61
75 81
53 61
61 82
42 59
18 22
50 72
29 42
71 99
54 75
68 79
46 54
34 39
25 35
15 24
48 80
35 45
25 41
66 79
63 77
36 46
35 38
65 75
21 32
88 96
34 39
80 85
2 11
32 41
1 7
48 54
39 49
87 95
21 34
86 94
86 88
57 83
54 68
54 64
61 70
62 69
32 34
91 99
76 86
63 84
74 77
25 33
56 64
60 77
12 22
44 55
82 97
68 79
43 48
10 30
32 51
10 15
36 46
68 75
46 51
58 94
59 79
74 85
66 83
85 93
64 68
32 78
80 93
61 88
82 91
69 85
36 50
65 82
76 86
39 44
36 54
75 95
65 75
47 52
18 33
58 74
70 76
93 100
31 40
35 50
67 71
69 88
43 48
68 85
80 86
55 57
27 34
76 84
59 65
81 86
31 40
59 71
40 47
88 90
40 73
23 26
44 45
55 83
56 66
95 98
25 29
26 35
21 43
92 100
20 24
5 10
33 54
68 87
74 85
25 32
13 17
82 97
21 26
20 23
18 32
9 27
17 26
70 81
1 13
10 48
74 77
55 70
83 88
83 97
67 76
7 17
84 93
12 20
63 83
7 15
54 62
8 21
16 41
28 35
11 22
22 34
63 80
52 75
61 83
1 11
17 20
76 90
2 12
1 8
11 20
91 97
82 93
53 57
93 98
84 93
58 69
89 95
2 13
2 20
40 49
70 84
54 58
29 33
22 35
67 76
39 67
42 53
59 72
53 62
38 43
18 34
60 74
5 26
25 43
67 71
70 78
16 24
49 53
74 77
26 37
27 29
67 70
62 71
52 62
48 54
29 49
3 16
86 92
2 13
61 68
54 63
81 92
55 72
45 54
11 30
19 25
18 28
64 69
37 45
51 53
3 20
80 82
1 14
45 64
22 30
46 64
52 61
91 98
76 95
18 26
82 94
41 52
59 89
59 65
46 58
54 58
54 59
34 49
79 90
32 40
19 38
66 75
5 33
43 51
82 90
92 96
86 94
21 48
88 100
80 82
66 78
17 20
9 36
46 57
2 13
86 91
8 17
21 31
59 65
7 15
28 39
84 94
31 46
56 64
32 68
51 55
41 57
21 43
70 76
7 16
8 13
2 28
88 96
32 36
65 77
61 67
67 84
33 38
51 56
82 100
10 17
63 68
29 43
8 13
42 65
57 80
21 25
9 19
12 18
18 43
61 74
78 92
61 69
53 59
2 5
39 66
39 50
34 44
29 46
22 28
6 34
57 72
13 32
61 71
24 38
11 23
48 57
24 27
40 61
26 29
73 85
14 22
44 48
77 89
79 97
24 39
19 29
56 61
6 16
29 47
16 26
89 97
80 89
26 48
51 70
34 40
71 76
70 77
13 25
3 13
92 96
84 91
26 56
25 34
27 37
58 69
84 93
63 85
52 57
94 96
90 99
64 69
69 77
28 38
59 71
54 57
2 17
37 45
44 57
77 90
83 98
21 30
50 63
38 69
70 85
55 66
71 82
79 84
44 60
82 99
13 28
40 59
40 44
6 10
78 98
71 74
19 29
30 35
86 92
36 42
10 19
35 38
45 60
70 89
92 94
93 100
90 98
26 34
9 16
56 61
80 84
29 34
59 71
36 48
90 100
85 93
36 47
83 92
79 93
21 27
1 7
4 6
17 28
16 30
48 57
18 33
42 72
8 17
2 26
12 14
94 96
40 49
49 55
48 60
33 35
73 79
89 100
63 69
19 25
68 75
91 98
63 71
30 32
88 96
34 36
75 82
84 89
53 56
43 50
74 82
22 36
46 55
32 38
80 87
79 94
25 38
2 10
34 59
92 95
86 100
75 90
36 42
22 35
88 92
57 64
33 41
80 87
87 97
24 31
61 68
94 100
59 73
94 100
86 92
43 62
32 43
55 72
7 17
41 55
76 80
4 7
17 20
43 58
5 13
9 18
47 63
71 75
2 13
67 82
41 63
46 65
90 97
11 17
17 31
11 21
58 64
7 9
35 38
88 100
48 54
8 10
35 83
43 60
87 99
73 83
59 64
47 66
11 16
37 46
86 97
21 29
81 91
20 24
81 90
2 14
83 88
47 59
27 31
2 13
77 81
42 45
68 80
25 75
50 54
47 64
9 17
65 74
16 32
82 85
32 39
45 50
70 85
48 53
61 71
20 42
37 63
47 66
79 94
13 23
64 74
43 53
22 29
82 93
75 87
38 42
46 55
83 95
3 14
79 84
24 30
3 8
19 26
25 32
93 97
11 20
6 14
14 35
55 67
26 31
87 100
44 58
37 55
48 59
80 87
51 59
29 46
17 27
58 77
7 20
29 38
40 44
5 16
72 86
77 84
51 70
34 41
33 52
13 48
28 44
24 32
41 52
32 40
33 36
50 61
3 7
42 50
81 92
36 59
34 46
11 18
88 99
72 82
7 24
5 9
49 54
45 54
83 91
31 41
25 36
78 89
18 21
3 12
50 59
46 59
56 86
45 59
34 40
64 68
70 76
23 54
21 29
16 54
79 90
47 73
48 62
11 23
74 84
62 77
17 38
85 94
58 63
68 89
82 92
3 15
91 97
56 75
90 95
55 61
27 47
31 47
52 58
77 89
86 93
39 61
4 12
17 28
41 50
74 90
75 83
24 28
28 34
96 98
80 91
63 73
73 80
71 80
1 13
66 77
34 41
91 99
53 57
80 90
31 64
91 94
72 79
17 35
10 17
22 34
69 74
76 87
42 56
26 30
37 43
8 20
10 29
42 49
3 7
27 34
4 8
88 95
49 66
17 26
4 17
3 9
19 39
60 78
42 49
60 89
10 19
60 68
36 44
26 32
12 17
14 26
86 100
78 93
78 94
1 11
43 57
22 65
87 94
49 54
28 63
94 98
39 44
65 69
14 23
12 27
21 28
3 6
88 99
54 65
25 39
65 73
35 42
17 33
40 53
86 91
27 32
33 40
1 3
39 51
23 31
19 26
75 89
12 24
1 13
58 79
32 50
60 80
87 100
60 68
24 28
45 55
15 35
19 26
77 88
31 45
67 80
9 16
34 40
22 28
9 23
82 90
67 83
28 30
40 49
20 35
83 91
5 8
36 59
35 40
22 36
77 92
51 76
9 20
55 76
23 34
53 63
82 86
30 43
29 60
15 32
68 80
54 60
64 65
50 65
27 37
76 95
74 81
20 25
47 51
61 64
49 53
58 77
28 39
52 61
65 87
37 68
43 50
87 100
47 55
15 29
30 37
52 66
47 67
34 42
36 40
16 23
76 81
6 25
85 91
28 39
71 80
43 63
83 92
49 60
90 100
6 29
47 88
17 25
16 29
47 54
37 46
3 15
51 68
21 32
40 53
18 28
1 9
8 9
67 83
12 19
63 72
21 35
68 80
76 81
28 45
58 65
87 93
98 100
62 70
54 66
87 91
17 22
31 59
30 36
41 48
68 77
18 31
85 90
50 64
80 90
54 67
66 94
44 48
37 50
22 26
75 92
37 50
17 40
11 28
64 82
22 24
57 87
28 38
19 34
22 30
7 11
72 87
63 70
8 21
41 54
78 89
39 53
81 86
32 34
40 44
73 76
36 44
60 99
72 99
38 46
93 100
80 91
77 82
27 38
15 20
22 29
35 38
70 83
51 59
84 93
68 93
85 95
67 84
38 54
22 24
14 26
15 31
15 20
31 45
81 84
44 75
20 27
1 7
23 28
59 73
6 13
66 71
26 39
52 57
64 67
17 39
20 34
63 72
36 57
87 97
82 93
85 95
17 26
10 14
68 76
49 70
89 100
7 10
64 90
79 90
55 88
36 40
11 17
12 18
78 86
26 40
7 14
68 77
3 17
7 12
19 21
21 26
63 71
77 89
17 36
52 65
40 44
50 62
1 8
74 82
8 36
21 37
64 81
2 8
50 81
88 97
2 14
11 19
71 80
42 55
15 25
68 75
56 71
4 6
95 100
29 61
48 64
20 30
3 16
91 99
69 78
78 85
18 29
56 65
42 47
13 25
88 99
35 62
47 64
77 94
22 32
30 37
40 45
63 70
37 48
48 59
71 96
68 77
9 22
6 14
54 59
45 65
58 63
61 71
28 32
30 41
76 94
62 69
83 85
83 90
4 15
37 43
18 28
44 48
1 11
62 63
85 100
1 7
50 65
60 66
85 94
8 28
59 68
28 44
61 77
74 88
86 97
65 66
11 22
58 70
38 65
6 9
1 6
40 45
65 78
43 50
90 96
65 82
93 96
30 56
54 66
74 88
39 51
45 49
36 50
5 43
6 14
20 26
49 68
83 87
35 50
50 64
56 78
64 66
60 65
82 88
62 68
70 74
57 60
86 93
59 61
51 70
32 37
63 68
67 82
36 44
46 51
22 31
71 78
87 90
31 32
81 98
22 23
64 85
51 64
60 64
70 78
42 51
17 19
33 47
64 72
76 86
68 81
56 58
33 39
7 16
64 81
80 89
68 82
14 20
15 36
37 49
49 57
74 85
44 88
60 63
53 65
75 83
8 33
19 35
20 27
9 11
14 34
86 94
67 76
30 36
59 63
18 22
64 85
16 24
59 67
59 70
80 95
45 66
85 90
63 73
91 96
6 15
31 38
3 8
53 64
30 36
46 63
5 26
75 83
45 57
35 62
88 95
57 62
9 27
74 87
6 15
32 42
46 59
84 98
80 87
94 97
55 64
28 35
6 24
76 93
17 19
11 23
3 8
28 36
54 55
15 32
68 72
18 25
85 94
11 62
58 75
89 94
33 42
23 30
76 84
30 40
40 46
76 82
29 36
61 68
80 96
68 74
28 31
43 47
59 75
32 46
5 23
66 82
45 47
70 72
17 33
48 68
52 81
57 76
44 53
43 62
66 99
51 59
23 25
72 76
73 87
47 55
64 69
59 81
9 24
66 69
8 48
72 84
77 83
45 57
1 8
13 25
87 93
66 76
46 52
89 96
26 39
67 73
9 18
83 86
4 27
3 10
65 71
5 40
25 65
47 82
2 21
18 34
59 76
38 46
77 81
15 19
63 66
60 72
4 10
68 73
81 87
12 26
24 29
37 48
26 44
58 73
69 74
58 84
53 59
31 44
37 55
81 85
29 40
8 16
6 14
5 9
64 70
59 73
26 45
29 39
57 74
84 95
75 77
20 26
15 45
31 38
83 95
46 53
74 99
86 96
45 52
27 59
31 41
21 35
25 40
10 23
83 92
77 95
69 80
48 59
59 62
31 38
19 30
9 13
72 89
64 78
66 83
10 21
63 86
51 67
18 24
22 29
4 11
85 89
50 60
68 85
48 58
11 24
21 29
37 69
84 92
43 60
21 34
71 79
8 18
54 78
84 90
16 22
43 55
24 29
58 71
72 74
46 68
35 50
72 89
78 94
1 5
17 39
18 24
61 67
6 17
3 35
19 59
85 100
91 98
25 48
29 37
91 94
30 40
35 40
6 21
16 28
11 32
32 40
61 68
52 55
66 71
47 70
73 79
15 22
27 35
80 97
74 97
91 98
63 76
4 7
17 30
26 42
57 67
66 69
20 31
52 81
77 83
28 32
72 85
76 87
70 72
12 26
37 43
83 94
26 35
39 46
84 97
65 84
87 93
45 50
47 58
73 87
36 44
42 45
66 74
54 83
12 17
95 100
90 98
83 98
34 42
53 60
25 46
56 62
84 86
47 52
44 51
66 76
24 27
28 36
16 21
91 99
71 81
14 35
91 95
4 16
66 73
93 100
85 94
11 48
19 31
36 44
87 91
95 97
75 85
76 78
47 59
53 90
85 91
38 50
47 55
4 11
53 61
83 88
42 43
20 34
8 17
52 55
77 86
55 66
70 75
38 54
78 87
74 83
34 42
56 71
75 91
64 77
62 66
57 71
85 90
38 41
62 83
37 48
71 75
90 96
46 53
12 18
55 61
54 67
75 88
13 22
27 35
67 83
25 37
3 17
59 62
85 93
21 25
15 19
5 14
39 71
9 24
17 31
77 86
12 17
80 89
28 35
71 83
51 62
93 96
19 32
67 73
38 46
47 69
1 10
17 31
65 85
16 24
7 10
58 76
25 34
18 24
85 96
70 73
2 9
15 22
26 34
22 42
1 7
79 91
90 100
59 82
57 61
24 70
45 48
61 72
97 100
46 58
58 65
19 30
9 17
15 40
74 83
11 19
38 43
51 62
68 80
69 91
58 65
68 71
18 26
17 50
82 92
22 33
18 22
25 29
50 53
32 45
86 99
71 81
82 93
17 22
88 96
30 36
55 64
77 85
6 14
65 72
21 29
3 23
40 53
15 18
87 92
58 82
72 73
63 71
68 74
24 35
67 71
44 50
25 74
62 78
5 36
64 73
85 100
68 83
32 58
60 63
55 75
39 42
56 75
26 32
5 12
31 39
19 32
80 97
40 59
5 24
5 8
78 82
22 30
45 53
73 76
26 33
38 44
19 35
6 13
45 53
53 63
78 86
2 5
95 100
76 85
28 52
54 64
19 32
38 40
77 90
19 47
31 35
25 27
20 41
61 71
88 100
5 8
9 23
66 71
95 99
73 82
57 69
24 39
19 32
39 46
55 67
73 78
65 79
91 95
35 46
49 68
31 38
35 64
81 93
78 85
37 51
69 86
53 61
77 82
29 33
35 43
80 90
75 85
8 15
58 63
7 19
52 61
85 93
79 91
38 41
6 19
64 80
52 58
69 77
65 77
35 59
75 82
74 88
26 44
69 78
62 72
76 81
9 12
46 53
11 20
41 52
70 80
54 61
34 48
26 40
39 51
8 15
4 15
81 90
35 46
49 64
65 71
47 54
19 24
70 76
82 99
45 67
6 17
53 69
9 39
9 23
5 10
18 32
46 80
39 48
6 20
11 23
12 30
71 81
10 14
4 11
25 40
75 80
4 47
49 57
20 28
1 6
13 21
39 53
45 49
36 58
70 73
53 60
73 91
21 29
10 18
62 68
52 62
91 100
3 13
55 57
86 95
56 66
62 72
42 54
36 57
90 96
70 90
52 58
33 40
86 88
38 42
78 82
12 21
3 14
41 56
38 44
30 43
3 12
32 54
6 17
10 15
48 79
31 32
9 19
54 62
89 95
31 38
5 16
11 19
11 21
82 89
46 51
39 47
61 70
26 29
6 11
38 49
40 56
52 56
59 63
29 57
22 31
57 62
27 31
8 14
8 12
56 58
57 83
18 24
52 58
18 22
91 97
31 55
67 75
58 68
65 72
47 55
47 54
1 9
72 77
59 76
82 88
52 61
88 90
61 70
34 46
54 59
12 20
55 58
84 96
57 94
57 63
34 59
49 53
61 73
7 14
21 50
70 100
38 41
32 41
8 55
50 57
55 66
53 74
70 92
77 83
43 61
81 84
13 24
60 70
49 66
12 20
60 67
78 85
56 89
38 44
70 77
73 88
38 44
64 75
57 59
87 90
50 64
8 14
17 30
49 55
53 65
73 84
47 63
32 86
80 87
42 49
83 100
14 24
55 68
53 60
88 98
70 82
53 68
3 11
51 56
17 35
62 68
54 66
48 54
86 97
83 90
90 96
86 98
41 52
83 86
7 11
12 41
90 93
51 71
65 73
43 54
43 49
24 33
81 87
91 96
87 93
23 30
91 100
3 15
49 66
35 45
86 97
9 26
6 25
42 52
62 65
81 88
92 98
71 79
23 34
71 81
88 94
53 64
71 90
16 33
89 96
5 9
13 25
81 92
74 85
93 99
89 94
81 90
75 92
32 47
12 20
52 55
29 42
85 98
6 18
52 62
12 45
25 35
35 47
21 24
49 58
32 46
13 15
54 63
68 98
68 71
17 25
57 81
55 71
48 63
84 98
78 88
55 68
67 75
37 49
61 79
26 39
61 80
74 92
26 33
94 96
42 52
44 55
43 69
93 95
48 72
68 79
34 47
73 78
72 75
85 100
39 49
48 58
17 21
35 43
79 88
47 60
8 13
56 63
37 46
11 16
46 67
11 23
49 73
66 74
24 48
73 81
81 92
89 93
74 82
47 55
62 85
10 38
32 79
36 50
13 42
58 68
15 23
48 60
59 72
90 99
73 80
6 23
23 28
92 97
6 11
91 98
4 19
71 78
76 98
8 44
6 10
35 51
11 17
65 74
58 65
2 7
4 14
67 73
9 13
26 32
25 30
17 22
14 26
53 81
41 48
76 80
19 36
41 50
36 45
32 38
21 34
77 87
11 20
82 95
8 13
3 20
49 51
95 98
63 81
68 72
51 59
61 64
16 36
40 50
55 64
86 91
90 99
65 74
40 60
77 95
23 30
64 78
65 74
50 67
15 39
5 25
79 96
68 70
34 39
74 84
37 44
20 26
84 87
66 73
67 76
20 33
9 12
77 91
12 22
17 33
19 26
11 18
46 58
52 62
57 64
38 41
76 91
59 60
74 86
40 49
3 18
19 28
12 18
34 41
40 53
15 39
81 87
9 17
40 44
24 30
10 28
84 88
6 17
14 36
44 50
73 77
7 11
45 58
12 26
86 87
89 97
14 30
84 91
71 95
17 27
51 62
36 40
68 75
6 26
46 54
66 70
42 47
44 57
43 82
81 91
49 55
75 83
50 67
4 17
65 86
28 31
56 73
24 29
60 69
56 58
76 95
19 28
43 48
18 41
18 32
56 72
83 94
88 93
74 80
23 28
79 96
4 8
93 97
20 23
31 52
18 34
9 15
15 18
60 69
54 67
93 99
53 62
57 65
61 66
66 77
95 98
13 20
55 63
50 64
93 95
62 65
18 28
46 53
80 86
36 49
1 23
21 28
92 98
37 44
54 69
26 44
74 84
66 99
6 15
24 34
36 39
61 65
40 48
45 61
72 84
76 81
29 49
45 60
13 19
38 57
51 70
39 56
61 69
78 86
40 42
40 51
61 73
59 77
9 30
73 79
5 15
25 30
80 85
85 94
31 51
4 38
16 31
5 10
18 28
28 35
71 79
77 85
51 65
17 59
79 89
56 67
2 14
14 25
60 64
45 51
19 27
1 7
10 20
67 71
3 14
83 92
47 60
11 20
31 41
75 87
88 92
2 7
91 94
31 46
27 41
44 52
37 41
38 46
93 98
28 55
58 74
23 34
58 69
19 23
2 12
51 58
24 35
73 89
17 31
54 84
36 47
41 50
6 20
57 69
30 33
39 52
77 95
31 41
84 92
79 97
14 20
26 29
5 32
46 56
6 13
61 63
59 71
92 96
63 70
92 100
69 84
15 41
24 32
20 23
81 95
80 91
28 38
63 69
2 12
73 87
33 37
61 70
85 99
29 35
13 38
19 25
18 25
50 59
24 34
91 100
63 77
36 54
78 86
44 55
36 56
52 62
83 85
35 54
69 73
90 93
23 46
62 70
17 39
16 19
79 90
69 86
37 47
9 22
61 65
80 85
81 100
41 49
90 95
85 93
46 56
49 55
69 78
21 26
54 78
59 77
40 52
16 30
11 15
33 45
3 10
47 57
48 86
84 91
87 97
63 72
58 62
82 86
80 97
4 20
59 65
53 61
34 40
42 48
37 53
21 34
59 62
6 15
55 63
20 36
24 32
21 48
31 43
38 43
58 73
37 52
75 80
78 87
83 92
5 10
83 85
45 59
9 30
93 99
33 37
16 47
21 37
58 78
38 44
18 26
74 86
61 74
60 81
72 83
30 38
65 70
16 18
48 64
61 68
14 41
92 95
55 60
46 85
80 92
89 93
52 59
33 51
22 31
56 60
35 52
30 38
60 64
38 42
40 47
84 92
41 58
58 60
52 58
78 98
55 60
37 45
74 83
1 11
43 54
65 70
39 65
78 83
47 88
23 24
11 18
78 83
14 33
1 6
24 32
56 60
11 20
27 42
92 93
58 82
86 95
42 59
67 77
9 18
46 60
61 87
14 17
74 92
17 29
75 83
83 88
13 31
9 11
82 93
68 78
17 23
25 29
69 77
47 65
74 82
7 22
36 62
31 34
31 38
35 40
81 87
20 30
17 30
78 88
15 19
46 69
59 63
1 7
41 46
11 18
46 59
17 21
73 83
42 46
10 21
7 23
49 55
79 95
47 52
7 30
10 12
86 97
17 22
23 32
79 85
42 46
55 73
26 35
58 68
50 51
64 77
20 37
19 43
63 73
13 22
46 53
61 65
70 83
60 63
26 60
61 73
47 58
19 29
15 20
92 100
52 58
87 94
68 73
71 87
93 96
73 84
19 22
30 37
32 43
15 17
72 77
21 34
51 59
65 70
8 14
3 11
56 69
44 53
32 36
97 99
59 66
48 54
81 88
75 80
4 22
27 40
35 43
71 97
8 20
42 89
24 33
30 34
27 35
54 60
17 18
4 21
80 89
45 53
24 40
26 40
62 76
14 40
56 68
5 11
6 11
14 47
4 15
75 78
43 53
49 69
62 74
24 31
66 74
17 19
42 47
6 29
31 67
82 88
47 62
71 75
62 76
46 65
83 87
71 79
31 42
49 75
87 98
83 89
75 80
56 70
21 35
51 58
81 86
1 16
16 21
82 89
8 19
1 27
73 78
45 49
44 55
28 42
80 85
7 14
27 42
65 70
58 77
21 29
4 9
53 59
29 44
81 90
80 84
24 31
34 44
90 96
69 78
57 66
66 78
85 92
45 56
2 67
44 48
31 33
89 98
93 98
21 23
53 61
35 46
73 77
43 51
52 60
8 15
50 66
71 80
25 56
70 76
82 91
15 25
44 52
27 35
83 88
54 62
29 46
42 47
78 83
87 98
31 37
54 58
19 25
13 22
67 84
34 47
80 89
35 42
62 67
16 23
1 12
65 81
79 88
79 87
57 72
48 51
56 64
57 62
94 99
65 68
65 68
82 86
76 82
75 84
57 69
66 73
85 88
21 25
73 90
6 9
13 25
80 86
82 87
56 67
72 82
25 30
11 20
38 52
21 31
50 56
89 94
68 81
75 88
15 28
72 86
75 84
25 34
68 70
4 11
52 56
60 69
65 71
60 71
38 47
45 50
54 62
88 98
79 89
14 16
10 26
78 86
74 78
64 73
49 61
18 23
60 70
28 64
59 74
43 76
60 73
69 77
65 70
4 10
52 53
12 17
42 49
91 95
66 93
11 21
28 34
66 75
67 80
66 79
49 54
8 18
75 87
83 87
7 15
52 68
35 46
47 52
28 34
17 49
53 63
41 48
86 94
76 89
10 18
6 15
63 79
17 28
35 45
21 32
21 39
19 35
79 84
78 87
12 27
45 72
26 58
67 78
72 80
62 72
75 81
89 92
89 95
80 86
52 63
19 31
83 97
9 36
6 31
53 55
46 50
23 33
23 31
4 18
30 33
79 83
10 28
43 67
13 76
29 48
46 55
88 96
40 47
45 52
73 81
74 83
89 100
23 26
20 23
78 91
50 60
43 53
28 36
8 19
69 77
78 87
80 85
42 50
31 34
43 62
48 53
86 89
91 98
70 85
75 84
43 46
7 14
67 84
45 56
34 63
77 82
49 55
56 66
75 91
72 78
1 12
39 60
