100 20 20 7
00000000000000000000
00110110100011100000
00001000000100000000
11100000110000000000
00000000000001110011
00011110000000000000
00000000000000011000
11111000111000000011
00000000000000000000
11000001110000011111
00000100000001000000
00110000000000000000
11001000001100000000
00000011000000000100
00110000001111100000
00000000110000000000
11001100000000000000
00000000111110011000
00000000000000000000
0000000100010000100
0000000100010000100
0001101010011000100
0000100010001000000
0000100100001000000
0000100000001010000
0010001010101010000
0010000010101000000
0001100001001000000
0001100001001010000
0000101101001000100
0000010101000000100
0101000001000010000
0100000001000010000
0100010001000010100
0000010001000000100
0000010001000000100
0000010001001010100
0010010001000010000
0010010001000010000
6390
42 57
35 69
46 55
87 97
49 55
47 66
75 79
22 24
72 79
47 51
6 7
78 86
59 81
30 54
52 70
66 73
49 55
45 63
44 49
75 83
76 84
80 89
82 90
7 21
97 100
24 32
13 23
43 63
89 93
95 99
34 43
41 66
48 67
79 91
56 77
83 97
29 38
67 75
76 81
42 57
69 81
10 22
11 17
53 57
31 48
52 71
18 24
89 94
47 53
13 44
12 17
48 58
83 96
20 56
40 50
53 74
66 95
35 43
25 36
18 27
35 39
64 82
59 71
56 64
21 47
32 43
43 55
26 38
82 87
49 64
2 13
8 23
31 43
22 35
76 88
22 29
16 20
70 82
80 86
88 95
67 70
58 61
53 63
63 69
84 91
18 26
1 14
14 24
6 12
40 49
90 97
30 36
21 34
65 75
88 96
51 61
77 83
3 8
33 45
20 32
64 79
39 46
53 67
39 70
12 21
56 64
88 96
33 55
19 40
23 25
24 30
63 65
12 15
6 10
44 57
72 86
12 31
33 47
46 59
83 88
82 96
34 72
89 96
33 37
61 69
21 26
75 79
74 83
71 80
83 89
31 56
89 95
46 51
74 88
11 22
32 42
75 80
4 14
17 41
37 44
47 58
26 42
48 81
26 32
39 60
5 8
37 44
62 78
69 78
81 94
73 78
91 93
28 63
19 30
4 11
29 31
27 29
83 97
15 22
23 31
77 90
48 58
17 24
12 24
66 82
40 44
72 82
76 78
12 22
51 66
59 70
53 61
30 33
6 40
15 59
36 40
61 66
40 52
74 95
4 18
32 67
85 89
3 5
57 65
47 68
16 41
66 70
44 56
81 87
64 84
40 47
91 99
40 46
89 96
90 97
77 98
71 83
91 95
69 73
74 78
40 50
67 73
21 37
70 91
50 54
13 19
60 70
4 7
40 52
13 21
10 92
65 75
52 58
25 34
1 8
16 23
70 73
96 100
34 67
80 90
27 36
14 31
24 28
9 21
69 76
9 12
69 79
29 56
24 34
80 90
12 17
10 21
74 81
37 61
34 50
11 13
44 49
8 12
22 28
54 61
29 31
29 34
37 45
48 53
14 25
80 96
41 43
77 82
68 76
86 89
62 66
83 93
26 39
38 46
45 71
33 44
18 39
45 54
2 9
84 91
51 89
93 96
78 88
48 58
36 40
78 87
65 80
68 94
92 99
1 13
5 14
54 94
68 90
21 30
29 40
7 12
69 94
31 36
85 90
23 28
11 17
21 44
24 39
72 89
71 85
25 28
39 44
6 23
22 45
18 24
43 50
80 94
49 56
58 66
84 97
12 30
20 27
36 49
19 22
57 70
49 61
57 89
68 92
94 100
42 91
85 86
15 40
27 66
58 66
34 41
18 27
47 49
61 64
27 51
52 58
22 25
46 62
20 28
48 61
8 44
44 63
18 22
81 96
32 40
23 29
64 68
75 81
70 82
69 76
8 20
31 39
53 61
46 59
32 46
21 28
79 86
42 53
39 49
84 92
77 85
82 87
38 48
45 46
39 48
14 55
57 64
86 95
46 68
48 56
74 89
51 54
65 68
68 71
55 74
81 91
15 25
67 86
59 65
6 16
20 32
75 89
4 86
63 67
60 80
66 69
23 32
24 38
33 38
50 55
11 17
71 72
69 94
22 47
41 61
22 29
27 39
25 27
58 67
62 95
29 39
12 33
19 27
43 61
60 68
32 41
92 97
83 89
79 80
47 57
69 75
28 38
28 40
62 91
76 85
74 83
13 69
73 87
88 92
90 100
67 71
30 55
38 47
32 45
73 82
76 83
76 80
7 17
31 67
64 77
55 66
1 18
74 91
48 58
88 96
27 52
55 62
41 55
28 32
12 28
4 12
45 54
89 96
28 39
46 51
75 89
52 59
77 88
51 93
76 87
81 94
50 59
38 51
28 38
12 23
42 55
54 71
10 22
64 70
58 64
34 39
62 72
66 75
24 28
30 41
71 90
11 25
11 19
8 11
59 76
63 74
79 87
23 35
56 64
54 60
37 47
20 33
18 32
53 58
51 58
22 38
85 88
77 83
47 62
23 27
60 69
12 18
37 41
54 64
8 15
40 56
63 78
35 37
73 79
22 42
31 54
82 93
15 29
57 61
18 23
68 88
34 47
65 86
46 58
82 96
17 23
52 65
30 40
68 91
5 11
15 37
57 67
20 25
78 86
9 18
62 71
29 49
9 37
77 91
15 17
66 71
30 36
84 92
61 69
84 97
6 31
33 38
30 33
29 43
45 54
67 86
66 72
1 9
7 21
7 16
60 64
4 19
2 12
74 91
85 95
12 19
27 39
9 26
20 29
84 92
32 54
85 91
24 35
81 94
20 27
17 22
18 26
34 44
14 22
23 37
60 70
44 47
23 37
55 62
64 74
86 100
7 22
71 82
50 54
70 95
17 26
20 51
28 43
62 73
74 84
4 17
82 87
26 39
84 97
26 46
82 91
26 29
90 97
3 15
22 29
37 44
37 47
81 84
24 38
72 81
8 13
12 19
96 100
25 41
74 88
23 30
32 42
11 21
5 17
52 63
89 100
80 93
66 80
19 28
2 8
48 51
74 84
48 52
20 37
29 34
28 36
24 37
62 74
7 35
24 31
86 98
64 69
85 92
38 41
11 18
68 80
5 11
13 28
83 88
66 92
38 62
38 53
7 20
1 4
23 39
76 86
33 51
11 20
29 41
59 66
10 16
66 72
4 10
23 26
47 58
66 78
84 88
75 81
71 80
1 9
18 29
2 11
13 21
58 65
13 17
20 26
65 75
54 68
81 91
21 31
41 49
20 33
33 38
70 77
10 17
62 76
57 87
44 52
8 18
35 45
44 51
35 53
19 46
18 35
48 62
13 16
80 90
52 93
59 65
34 36
44 53
41 55
14 16
77 86
30 43
2 25
57 68
4 17
72 86
28 43
38 41
84 94
92 97
92 94
67 72
44 58
29 34
53 59
62 68
47 55
12 28
82 86
68 82
82 91
1 9
44 55
24 34
43 47
67 84
51 57
3 10
76 98
42 52
2 10
6 20
14 18
60 72
2 35
74 85
38 46
8 14
76 92
42 48
31 36
13 21
36 42
36 54
81 100
54 70
9 13
71 89
66 71
61 68
11 34
55 56
42 52
22 30
48 65
93 100
41 47
19 45
6 21
8 16
31 45
76 86
11 17
5 12
48 54
67 80
7 22
56 63
18 23
42 50
84 93
15 33
44 50
32 41
51 67
71 89
28 30
84 86
31 51
88 90
11 25
39 62
39 52
79 81
1 8
37 50
19 29
59 64
34 44
2 24
54 72
46 62
28 49
1 16
78 89
21 31
26 30
30 35
42 56
77 83
95 98
20 33
79 83
92 95
11 44
27 79
49 64
14 30
59 68
43 54
27 31
60 71
16 33
60 64
50 58
17 27
33 42
37 49
57 70
11 13
25 40
92 100
20 36
42 46
40 50
10 15
78 84
25 43
52 56
74 85
62 65
90 96
57 62
18 21
45 59
73 83
21 31
65 85
8 11
76 85
52 58
58 67
81 90
73 79
7 12
56 63
21 37
15 28
22 38
3 15
13 24
63 81
34 55
50 54
42 48
72 85
36 52
60 62
63 65
26 31
63 71
35 50
67 75
82 85
53 58
39 48
35 45
25 35
88 98
5 15
25 31
74 79
9 12
43 60
30 34
3 12
81 84
25 37
83 92
9 17
55 63
23 45
43 57
52 55
72 75
28 29
52 61
41 58
69 84
56 65
68 72
7 12
60 65
6 10
30 37
76 84
3 25
17 27
35 44
28 39
74 82
24 32
70 76
80 91
48 53
51 56
43 81
31 50
37 45
83 99
60 69
14 20
15 30
56 63
68 80
3 10
67 83
43 59
25 31
36 46
77 91
34 38
40 52
46 77
68 74
8 14
51 58
8 11
12 27
90 97
11 23
32 38
90 95
35 41
57 60
81 91
16 28
81 91
81 97
77 81
59 64
33 39
13 34
96 99
40 48
26 33
75 80
49 58
58 76
58 60
34 46
60 63
70 79
21 32
24 40
6 21
35 46
63 73
27 64
72 78
45 47
26 30
20 27
62 78
69 81
62 67
78 83
2 9
25 40
3 7
35 43
22 27
26 34
25 39
33 47
8 37
9 14
4 13
91 98
83 91
5 29
42 51
30 36
40 50
9 21
49 53
59 76
36 38
30 37
68 83
21 27
79 85
60 85
37 43
47 66
16 31
15 29
7 26
73 82
9 23
23 36
44 57
64 75
7 26
33 45
65 74
75 93
20 37
18 26
59 78
64 83
92 96
81 92
6 14
56 75
13 18
60 67
44 50
11 23
42 46
27 41
8 13
72 77
83 93
11 32
63 72
13 22
48 67
48 77
27 36
51 57
18 25
6 11
39 43
3 14
2 13
1 14
31 36
78 85
14 23
62 66
31 35
31 41
48 70
47 76
34 55
73 88
12 25
44 56
50 80
46 58
87 95
12 23
65 73
66 70
25 31
90 93
81 87
39 45
56 79
60 70
56 75
62 76
58 70
32 34
29 40
65 80
49 60
38 42
78 86
46 56
27 36
24 29
71 78
33 38
14 23
71 88
25 45
85 91
38 57
28 44
36 41
63 66
19 50
50 63
85 95
29 35
66 72
48 61
82 95
33 52
5 37
9 16
83 90
64 73
51 60
21 34
13 26
84 88
2 22
16 17
16 20
69 85
1 10
26 38
18 28
49 61
32 36
56 88
88 95
49 53
10 22
64 82
36 39
62 83
72 78
25 42
7 17
6 25
51 57
84 95
35 44
23 26
28 39
45 54
88 100
68 75
71 74
1 8
3 40
71 83
37 58
46 53
12 17
22 35
10 13
75 84
4 11
80 97
23 34
49 59
8 23
16 31
8 14
43 59
14 18
79 93
11 20
80 95
52 60
69 77
63 66
49 59
1 20
75 90
53 58
72 81
67 79
47 56
38 61
4 13
14 50
64 68
64 81
39 50
86 100
95 99
18 36
19 26
16 26
85 92
25 28
16 21
31 38
72 97
24 29
61 69
6 13
44 52
86 90
60 83
70 86
9 24
63 73
54 69
1 13
24 35
53 60
60 64
32 40
51 63
48 52
16 23
63 69
78 84
74 81
35 47
63 77
26 31
35 43
31 39
36 52
2 7
16 38
14 18
76 92
10 21
73 83
43 58
59 66
86 92
56 63
12 18
1 12
14 18
76 87
8 17
78 90
49 78
35 38
12 29
68 71
48 53
65 70
43 46
74 81
28 39
18 31
74 82
35 54
35 39
21 31
34 39
22 35
6 34
81 93
1 7
58 72
33 38
90 100
28 37
6 10
90 98
77 91
29 55
48 59
27 32
7 13
7 16
47 57
75 80
44 56
62 71
38 50
70 87
32 43
62 81
81 88
61 69
18 38
42 56
63 65
44 51
68 76
8 16
31 33
52 59
91 99
9 18
23 34
55 72
73 76
12 36
89 93
66 83
2 5
6 10
58 70
65 73
70 85
16 25
23 35
78 81
36 46
63 86
14 23
89 97
61 63
13 17
35 40
79 91
52 60
35 37
66 70
20 25
71 76
91 95
81 91
58 74
21 28
20 32
62 67
2 14
80 89
77 96
54 66
83 91
32 44
19 42
29 44
14 22
49 58
2 6
60 80
42 51
39 45
2 32
96 99
83 91
47 64
83 86
83 93
14 24
64 71
9 22
36 48
16 20
33 52
81 97
36 45
88 94
17 20
1 10
83 89
75 87
28 39
45 60
84 89
31 34
12 14
32 59
21 33
58 65
32 54
1 8
2 21
61 63
75 79
2 11
58 62
17 29
82 89
49 60
48 55
70 75
48 67
65 70
34 46
48 56
80 89
33 68
85 92
6 35
83 93
61 65
31 40
59 77
75 80
22 51
30 57
27 35
40 54
69 82
92 100
48 52
30 50
6 11
39 47
10 14
14 19
25 30
73 86
38 48
7 18
13 23
73 87
15 16
18 21
78 88
64 72
44 45
88 95
76 88
74 88
6 9
40 50
12 22
33 40
39 45
35 42
17 36
46 47
41 44
65 69
79 87
59 61
93 99
12 15
83 89
16 28
7 17
71 85
42 46
88 98
57 90
65 77
86 91
37 44
13 23
1 6
72 81
94 99
22 32
6 10
11 31
23 37
77 94
58 77
4 26
48 50
42 55
1 10
11 35
51 53
29 33
81 85
48 53
20 31
85 93
50 55
32 47
8 14
85 94
74 83
76 93
31 39
59 76
42 45
29 53
64 71
40 45
44 50
49 57
66 76
51 56
82 90
74 94
26 61
86 90
18 23
52 58
46 50
64 74
66 70
80 93
89 92
54 59
26 39
53 96
22 30
3 16
73 79
45 50
25 29
13 21
32 44
66 72
19 28
70 72
55 67
32 45
36 43
87 93
70 78
19 38
18 28
4 7
39 47
76 81
36 53
44 50
65 70
48 82
79 83
25 32
28 34
29 40
46 50
48 74
73 82
15 21
72 83
82 86
28 36
73 86
81 89
64 72
47 51
11 31
44 63
72 79
6 9
67 75
88 95
27 33
36 53
70 78
43 53
69 96
92 96
54 61
16 35
33 56
35 51
1 13
32 47
56 65
26 29
55 62
69 80
64 72
81 91
1 18
41 66
12 16
8 24
1 14
28 35
39 48
72 92
86 92
84 94
56 59
83 87
70 80
8 37
50 57
47 53
25 44
32 36
37 44
58 61
26 41
64 100
72 90
35 47
61 68
22 27
61 65
17 23
26 39
55 66
34 55
43 61
25 29
62 69
30 32
24 30
66 74
26 31
64 72
33 35
1 87
67 70
89 97
3 9
3 8
53 72
3 17
75 82
70 90
89 94
50 59
26 36
72 84
9 45
30 33
75 85
3 12
28 46
44 54
92 98
74 84
89 98
18 26
58 90
46 59
50 55
28 52
77 85
7 31
82 84
78 92
14 21
23 32
64 92
62 74
16 27
18 22
30 49
76 81
60 69
45 51
79 86
45 66
33 57
26 33
53 58
54 61
44 56
67 70
16 25
79 90
52 76
3 16
68 80
44 67
79 84
75 82
77 81
38 43
58 89
25 34
71 76
56 67
34 46
11 24
69 76
26 35
16 26
78 96
37 60
38 46
2 26
14 19
69 87
18 43
79 96
20 43
90 96
66 75
36 47
4 19
30 36
46 58
32 35
3 12
76 84
5 11
61 71
63 67
48 52
44 53
74 90
3 17
53 63
8 20
8 27
9 33
55 62
77 89
28 37
29 35
43 51
80 92
69 87
13 20
6 24
53 67
41 65
66 70
37 43
31 40
57 66
38 52
28 33
68 85
91 95
38 41
15 38
22 30
77 98
63 75
21 30
73 79
48 53
87 90
73 82
15 19
60 65
6 16
72 80
7 23
80 86
71 79
4 42
54 60
79 85
15 17
18 26
89 91
8 31
48 65
58 70
71 94
29 71
36 42
22 35
3 11
44 55
64 100
81 88
53 69
18 28
47 89
60 73
10 17
46 52
50 61
33 37
67 79
58 60
18 23
73 81
84 92
23 33
34 39
46 62
31 41
46 49
47 52
68 77
6 19
1 13
87 89
1 10
31 61
57 67
23 67
65 87
33 45
29 43
57 78
66 74
60 65
11 29
41 48
58 71
29 33
69 78
20 28
36 43
10 16
10 17
81 86
79 91
56 71
70 97
18 33
92 93
46 74
29 38
55 71
20 29
74 81
11 42
77 92
53 68
44 48
72 81
65 71
42 46
36 51
74 81
91 97
12 26
17 23
93 99
81 84
23 44
82 97
33 42
14 17
95 99
30 47
84 89
17 28
28 35
74 82
8 15
14 24
30 54
25 33
23 37
55 58
80 85
75 86
50 56
51 77
60 64
8 32
12 22
10 19
43 49
10 13
83 92
35 43
36 48
33 39
42 57
87 94
75 85
68 97
9 16
76 79
83 90
31 36
6 16
21 31
94 99
38 48
90 97
80 94
72 81
63 69
87 93
71 84
20 27
66 79
18 31
72 77
66 79
80 98
5 23
53 58
17 42
31 44
32 49
15 26
80 87
26 34
13 23
79 90
53 69
79 86
71 79
79 85
72 80
19 72
42 47
4 12
86 94
64 72
51 68
28 44
53 66
82 87
32 42
64 69
37 42
72 91
58 65
47 53
12 26
68 81
87 92
68 86
68 79
33 37
38 51
82 93
25 42
82 89
34 37
37 45
25 41
17 20
30 61
36 48
45 61
63 77
22 33
12 27
1 8
49 60
93 100
76 92
61 77
74 79
55 67
70 86
75 80
36 43
22 27
8 21
70 87
62 68
10 28
48 51
14 19
37 43
55 96
20 25
42 66
20 24
37 52
50 55
9 14
49 53
3 10
54 63
15 34
54 60
34 37
73 99
91 94
90 99
21 39
12 16
69 83
39 71
20 31
26 33
42 68
6 18
9 17
15 26
84 97
65 88
51 57
84 98
61 63
69 93
39 46
53 81
74 87
35 59
37 40
48 59
88 98
71 73
76 78
17 23
46 57
13 34
4 17
29 32
7 21
59 71
11 25
45 91
25 27
59 73
21 32
71 76
60 71
74 86
90 96
67 77
57 58
23 38
62 98
24 30
74 79
29 39
43 47
35 40
3 37
44 49
51 55
55 66
46 54
34 52
49 60
59 67
79 88
60 88
41 52
77 80
49 67
81 93
55 59
31 44
21 43
16 22
6 18
46 51
33 67
76 90
28 53
51 56
62 65
70 77
52 66
21 30
59 70
17 22
84 90
15 28
56 68
27 41
40 49
90 97
56 68
44 69
89 100
72 78
48 55
37 44
71 77
19 35
20 34
34 38
3 11
22 32
19 47
83 90
84 86
48 54
41 67
87 94
32 39
93 99
14 16
75 81
64 70
65 83
46 50
72 81
22 24
64 68
54 74
5 10
69 75
19 33
72 75
54 63
67 86
51 65
12 31
45 81
75 83
91 99
29 34
68 73
7 17
70 78
24 36
20 40
49 55
84 86
16 38
26 32
48 55
14 21
72 76
16 21
43 53
1 7
31 43
12 33
34 45
91 96
37 45
30 41
74 79
2 14
5 9
53 62
37 45
75 86
71 87
48 56
12 41
88 100
46 51
30 48
63 72
44 52
87 99
88 94
91 100
1 6
46 56
2 6
38 48
27 38
48 56
3 21
21 32
62 71
72 75
23 31
6 13
63 75
60 72
32 44
21 23
53 58
92 96
26 32
35 41
24 31
27 37
85 93
53 62
48 61
53 61
18 26
15 23
42 53
24 36
4 18
83 90
79 90
89 96
86 99
60 69
88 100
41 50
81 89
88 93
46 60
38 44
85 88
81 89
83 85
83 92
20 31
17 41
53 77
90 100
57 91
85 89
28 39
14 31
18 29
2 14
23 36
33 37
64 74
51 59
67 71
37 44
63 83
24 36
13 17
4 16
20 45
7 11
42 45
8 19
35 52
83 92
79 84
73 83
78 90
45 59
80 89
20 27
9 23
27 37
7 27
31 34
30 43
92 96
30 37
86 95
79 92
13 18
28 59
19 31
48 68
58 66
37 45
53 92
14 25
23 44
24 35
5 19
31 38
60 74
61 62
98 100
17 64
75 88
66 84
44 53
47 62
30 35
91 93
50 74
33 44
38 51
11 32
66 75
14 19
50 60
8 12
81 96
66 80
6 12
64 68
66 72
15 24
22 46
42 55
53 62
72 82
82 85
58 66
52 66
55 63
70 75
64 74
51 68
87 96
69 91
60 78
69 82
29 33
90 94
19 26
15 27
37 51
41 46
36 48
46 52
34 51
21 60
32 37
37 44
78 79
76 80
80 87
30 50
74 87
86 95
46 53
65 69
69 77
64 73
12 17
64 75
84 97
23 31
34 46
79 82
43 63
37 59
22 29
88 90
52 67
25 30
71 90
84 86
34 51
17 27
16 18
13 26
21 30
31 40
84 99
12 19
37 46
10 41
87 92
66 75
13 19
59 75
85 89
28 35
39 52
83 87
29 38
63 70
79 84
42 46
78 84
3 6
88 95
29 59
9 29
80 90
24 30
77 83
57 67
39 51
91 100
9 15
38 80
47 57
27 33
28 45
27 43
53 61
69 76
8 19
45 60
61 72
16 23
57 87
1 6
41 46
5 11
9 27
69 72
6 24
54 74
40 45
15 22
5 12
52 62
15 20
14 23
43 54
81 90
54 67
27 34
87 97
86 94
44 57
58 60
69 82
40 46
7 19
21 31
49 75
24 46
25 32
73 76
81 92
65 70
74 83
34 42
53 62
82 96
23 30
13 19
71 76
25 45
36 44
6 15
16 35
83 88
70 84
89 94
73 82
89 95
26 38
9 35
5 13
40 49
31 46
1 14
79 87
73 77
47 50
12 17
19 43
68 71
52 65
14 24
92 96
94 100
50 58
38 43
32 36
10 19
84 88
30 38
46 55
18 28
25 28
33 37
67 73
61 65
9 19
43 57
71 74
19 25
51 63
67 77
10 17
24 46
77 82
18 42
73 84
27 30
34 36
75 89
72 82
54 63
88 94
65 71
24 36
11 17
36 42
46 70
88 100
25 38
40 46
9 30
29 37
32 44
33 44
81 84
4 37
75 82
55 60
65 68
89 93
43 50
19 41
80 88
55 70
38 40
70 77
38 44
35 44
27 31
52 72
16 17
3 7
12 19
54 74
50 53
16 19
68 80
7 12
62 66
75 78
57 82
13 21
66 75
38 51
20 31
28 34
13 34
39 43
18 21
60 82
18 24
65 76
69 79
35 52
26 43
9 19
7 17
73 85
37 44
36 44
31 35
17 24
82 94
46 59
92 95
68 80
20 22
68 77
55 62
21 37
39 72
67 80
48 58
24 57
4 29
2 17
64 75
46 52
92 97
73 81
74 81
76 92
69 85
4 8
4 13
60 77
40 42
29 38
18 28
90 94
27 46
35 61
50 55
27 37
3 14
86 91
47 66
24 36
8 15
27 57
53 60
81 89
22 27
44 61
42 50
23 32
42 48
34 36
44 71
86 99
66 70
39 45
55 78
72 86
29 30
88 99
48 56
3 7
36 42
73 81
56 77
66 73
82 86
57 63
18 23
6 13
22 30
20 57
66 79
22 34
48 85
87 100
47 50
20 28
77 84
8 31
72 91
37 42
60 67
47 70
55 56
40 44
20 42
41 48
22 30
28 39
45 56
91 99
77 84
87 99
40 50
23 31
22 36
30 39
38 43
59 72
48 58
31 44
35 43
38 50
34 65
7 23
50 53
40 45
11 26
68 94
27 32
58 66
7 39
65 95
95 99
46 51
16 31
31 64
42 65
59 66
48 59
67 82
30 67
52 57
15 24
20 28
4 12
85 96
32 45
6 14
80 91
92 99
38 42
14 49
12 18
46 57
7 15
63 85
81 89
73 94
14 20
93 100
60 67
25 29
18 25
36 44
85 90
9 13
69 84
70 77
61 68
51 57
60 70
79 94
76 89
74 92
40 46
63 65
15 33
10 20
37 41
35 47
27 38
42 53
61 66
84 90
11 30
40 47
14 23
67 79
16 29
88 91
21 23
64 69
47 59
8 16
81 93
94 98
3 10
74 81
12 18
81 85
58 74
13 16
56 75
86 93
28 40
79 82
44 58
83 88
29 62
24 36
72 81
6 27
82 93
45 56
86 100
76 88
59 62
5 10
18 28
26 36
24 37
33 73
47 53
45 57
34 35
10 44
60 68
48 59
28 34
73 88
52 70
16 31
54 75
49 63
70 79
58 65
78 83
30 43
35 49
63 79
62 76
24 30
17 22
48 73
83 89
25 36
62 75
17 21
21 31
65 95
83 89
53 61
83 89
60 77
24 32
47 76
18 24
11 35
41 50
67 72
90 97
58 69
28 31
64 79
38 48
87 94
35 45
43 69
45 53
91 94
58 66
47 56
4 25
20 42
55 65
31 33
37 45
31 45
71 81
48 57
55 61
52 68
60 76
45 50
73 87
3 6
24 28
2 16
33 47
18 32
74 81
38 46
27 42
40 50
77 85
36 54
60 76
77 85
51 60
20 40
78 89
18 35
39 46
90 96
65 72
45 48
31 32
39 50
42 55
88 92
1 4
90 94
46 60
22 27
45 51
67 72
2 22
51 54
20 25
17 33
49 57
90 92
23 44
75 88
45 49
30 34
7 13
16 21
2 9
72 79
38 47
31 53
35 54
62 73
67 73
49 56
92 97
51 59
28 33
72 84
18 26
66 85
23 31
27 33
49 53
33 48
55 61
68 77
30 39
3 17
79 85
28 30
86 95
73 81
84 94
16 36
93 98
14 23
9 13
4 15
16 38
8 30
41 47
52 59
41 49
52 68
49 73
45 56
2 5
9 22
57 76
74 90
41 57
21 32
25 30
48 59
54 70
43 52
2 18
77 90
37 48
53 55
14 19
88 93
78 92
86 95
87 97
29 34
69 90
73 86
81 98
60 79
16 21
2 7
81 91
87 97
37 47
77 84
39 46
84 91
37 48
63 74
20 49
68 92
80 91
68 75
70 86
76 87
26 29
70 86
60 74
65 74
54 57
27 33
43 53
52 57
8 16
72 85
19 28
86 96
85 90
58 70
5 12
30 46
9 15
1 9
10 21
53 64
13 29
80 98
66 79
51 80
34 38
48 55
1 11
43 49
17 30
61 69
23 44
2 7
35 42
86 89
65 77
64 76
66 69
59 72
59 74
51 58
17 23
29 42
45 59
28 32
16 24
51 62
4 14
21 40
44 54
2 9
71 83
83 94
82 89
36 65
92 99
32 60
29 33
12 26
75 85
74 80
5 19
40 49
35 52
67 77
37 47
34 41
61 63
44 57
50 56
86 96
55 68
60 85
32 42
16 20
39 53
27 37
11 23
34 43
6 35
39 57
68 76
28 39
48 52
19 27
84 90
35 41
31 43
33 38
67 73
93 98
63 95
13 19
68 75
10 19
11 21
39 45
8 27
61 64
74 82
84 87
90 99
95 98
57 80
46 53
68 75
44 47
52 69
3 14
37 47
4 16
16 24
59 78
13 32
63 69
41 59
78 84
61 92
81 98
89 94
65 82
19 25
39 45
42 58
67 72
47 60
23 40
4 11
17 27
43 54
46 58
24 40
31 36
92 98
5 18
3 17
18 22
61 73
20 27
79 86
89 95
11 16
11 18
46 58
33 37
87 99
21 31
78 85
55 72
73 83
53 58
38 52
62 72
81 91
61 71
48 63
38 40
84 96
56 67
23 41
51 68
76 93
36 39
6 14
8 26
9 15
30 40
26 36
33 50
54 60
93 100
20 27
45 67
73 77
37 47
25 54
6 21
52 58
76 81
4 10
69 75
45 52
35 47
10 12
61 64
51 61
18 22
1 4
51 56
60 82
4 18
73 74
81 83
9 15
92 100
38 41
18 26
97 99
59 63
62 80
42 48
18 20
80 84
48 55
26 40
69 77
2 6
81 96
92 99
30 32
11 15
2 17
34 49
94 100
51 69
90 97
25 85
47 57
39 46
25 31
65 89
69 76
32 55
73 83
69 79
79 86
91 95
81 91
44 52
25 37
44 58
37 45
88 91
52 58
42 45
56 68
8 18
64 73
78 87
30 54
30 53
12 22
71 87
33 46
58 74
73 82
47 54
53 56
8 9
37 44
66 73
65 69
61 72
87 99
14 36
11 27
32 40
95 99
73 79
71 77
30 37
27 43
12 34
64 71
3 11
28 31
61 65
48 61
50 68
34 44
79 97
74 78
33 36
68 79
10 18
52 60
60 67
54 66
68 79
9 16
46 50
86 99
77 85
53 65
75 92
10 15
78 92
1 15
9 14
89 97
65 73
66 69
11 17
60 73
47 56
82 96
22 31
19 24
55 58
64 79
1 6
50 65
9 29
62 74
38 47
48 53
71 79
48 50
16 23
61 65
8 39
29 34
30 38
10 30
6 13
84 92
33 53
69 76
58 62
69 92
60 70
22 26
50 59
62 66
76 83
14 15
65 79
15 25
83 85
38 44
12 17
60 73
50 57
55 71
20 29
4 31
60 64
40 47
66 77
67 97
14 27
62 67
1 8
28 31
52 57
48 97
30 42
28 36
73 80
20 27
7 44
28 36
20 34
77 90
1 10
8 20
77 88
41 47
43 55
31 35
85 90
29 39
18 38
68 81
31 47
73 75
43 58
3 22
7 15
86 92
85 100
42 50
59 67
78 88
65 78
14 23
66 74
4 25
86 96
34 39
72 86
25 32
31 48
24 33
24 31
49 59
10 17
88 95
84 94
49 59
87 90
42 52
35 38
41 52
2 50
81 91
44 54
33 41
59 68
37 49
9 16
91 100
47 50
20 30
5 11
41 49
56 78
76 78
67 83
18 23
23 32
53 57
6 16
76 83
1 5
74 88
26 45
24 34
70 86
81 91
53 68
74 79
16 29
22 26
88 91
44 48
37 46
87 89
66 82
23 30
89 93
70 83
58 74
86 96
23 26
44 51
1 17
90 99
46 52
73 84
81 87
4 14
23 30
75 87
3 7
44 48
32 38
17 35
33 39
38 68
18 25
68 89
66 74
86 93
14 19
4 10
56 65
13 25
12 17
31 34
49 59
37 42
40 59
46 53
39 65
79 84
7 23
47 59
39 46
46 54
20 26
14 22
19 24
83 93
26 38
39 44
60 70
25 38
45 54
21 33
41 46
1 5
13 25
57 61
55 79
10 15
65 80
57 69
61 69
43 53
9 20
87 92
26 34
60 66
17 20
29 39
62 82
3 4
25 30
79 86
56 66
20 40
58 69
4 17
8 45
47 66
39 41
76 81
76 81
75 83
36 51
37 52
7 16
23 36
23 36
75 83
89 100
63 70
21 33
28 34
67 74
36 66
2 11
86 90
46 69
30 50
60 63
1 27
62 71
8 13
72 75
37 40
1 16
37 46
12 50
28 48
42 53
42 45
54 61
13 34
18 46
66 88
20 25
79 85
18 31
77 82
8 32
74 97
90 95
84 88
67 81
41 57
83 89
32 51
91 100
34 38
76 88
54 68
88 95
37 50
45 48
76 90
66 69
73 87
32 44
87 93
78 84
62 84
54 59
72 74
86 96
33 45
33 43
20 32
52 57
79 91
22 26
74 81
70 87
81 93
74 78
80 84
67 73
59 67
49 58
56 63
5 9
23 32
12 20
52 61
92 100
32 42
24 36
38 46
1 5
59 65
57 65
27 36
43 52
94 99
43 46
7 12
31 41
41 50
8 10
15 23
39 45
25 33
65 73
60 76
87 94
36 45
61 83
75 89
14 38
31 36
69 79
23 29
17 25
12 33
26 32
16 23
27 46
40 51
26 44
20 23
26 44
85 88
43 56
57 59
80 86
89 91
64 71
57 93
46 57
11 20
69 75
80 99
64 67
27 40
54 65
15 19
59 88
35 42
16 32
56 62
42 56
21 45
37 49
61 75
9 25
83 91
84 95
92 95
8 26
10 32
33 44
85 97
7 17
53 60
38 51
56 70
58 63
64 67
13 19
23 37
74 90
59 64
76 89
4 9
32 37
35 40
38 49
64 72
56 76
71 79
88 91
35 55
67 74
45 63
18 45
5 15
84 94
9 25
12 24
52 56
3 7
34 42
78 83
67 71
46 56
81 87
50 55
30 37
6 24
19 25
25 49
7 15
52 60
81 86
6 15
22 29
87 91
71 78
79 84
17 31
6 13
84 89
72 80
19 22
22 28
64 82
52 62
22 26
89 98
44 52
59 84
6 25
74 79
41 58
79 85
82 97
64 80
62 71
21 35
74 83
34 46
23 39
89 95
76 99
56 62
10 11
60 75
60 66
31 40
92 99
45 50
84 96
77 86
39 41
64 68
65 76
90 100
41 55
66 74
43 55
39 49
89 94
62 67
83 97
80 98
50 56
80 84
48 55
22 33
7 22
4 10
77 93
37 47
54 70
5 20
18 26
14 17
81 97
43 50
33 44
17 42
69 79
4 15
40 58
52 69
66 79
1 12
43 46
29 43
43 48
67 86
25 32
54 62
43 53
80 86
64 84
10 17
87 88
59 82
12 24
13 27
35 50
93 99
14 22
29 41
76 89
9 18
7 21
93 97
52 58
39 43
48 59
79 89
54 65
1 12
55 57
52 56
53 64
50 52
19 24
82 96
61 73
50 60
67 79
10 26
87 91
70 75
64 72
57 63
6 15
63 75
38 40
13 25
69 84
34 42
21 27
54 60
62 67
10 15
66 87
23 27
21 24
39 45
62 85
54 71
80 95
37 42
2 8
70 82
25 33
76 81
59 63
34 53
88 91
51 62
28 35
56 64
65 73
34 44
81 88
5 18
75 86
44 50
18 38
80 92
32 34
63 71
92 94
73 77
52 71
91 98
32 47
26 35
60 72
36 48
72 76
36 84
73 80
14 20
68 83
25 34
25 37
89 98
29 59
49 60
25 50
50 54
50 54
7 15
75 87
38 41
78 90
49 57
82 84
29 31
91 98
84 94
1 8
43 64
26 49
70 74
56 59
63 72
5 13
4 10
21 35
94 100
79 93
49 56
38 47
3 10
54 57
11 28
79 84
57 61
66 78
26 37
28 30
74 86
61 84
51 59
69 71
14 24
73 81
15 28
85 95
14 21
17 39
63 76
83 88
36 50
92 97
81 99
71 80
47 53
19 27
86 99
26 44
24 49
82 99
78 82
61 72
93 100
74 96
60 77
76 82
38 45
73 80
90 99
57 62
9 14
10 17
38 44
8 28
81 92
56 71
41 47
8 18
59 62
22 30
62 65
36 44
21 28
33 46
35 51
60 88
73 76
47 51
68 73
14 36
26 52
9 31
8 19
49 57
19 27
36 46
4 25
72 85
81 91
74 87
21 31
60 70
23 28
19 42
42 47
30 34
68 78
51 60
91 94
6 34
23 36
4 13
89 98
47 63
51 61
80 81
88 98
22 50
55 64
67 70
69 76
1 8
14 21
71 80
29 36
58 66
10 14
84 95
31 44
48 51
39 42
45 50
89 90
66 79
31 44
52 55
2 4
37 43
44 49
39 43
28 38
59 66
69 88
78 91
36 48
16 21
57 67
38 41
12 29
45 51
90 97
35 49
85 93
14 20
3 13
54 56
44 60
78 94
14 39
12 25
45 54
72 85
96 100
20 29
9 17
40 48
30 32
40 55
60 79
54 88
74 98
32 44
28 40
60 91
31 38
20 57
22 33
27 32
64 69
45 49
69 74
36 40
10 23
12 18
63 76
82 96
60 74
57 68
73 85
75 83
87 94
79 89
46 60
31 42
22 34
38 59
28 34
49 54
49 57
48 54
26 33
71 79
52 95
4 8
52 58
64 77
53 68
18 27
13 18
87 97
74 81
37 48
76 87
81 93
44 48
14 17
22 30
70 81
12 27
67 69
11 24
72 80
79 88
41 51
39 48
5 19
72 81
6 9
30 39
34 36
11 20
3 11
75 86
60 74
12 23
14 17
45 55
29 32
31 45
79 95
37 42
67 70
66 77
22 29
9 24
23 36
32 44
8 14
22 29
90 95
2 12
8 19
44 53
63 72
29 45
29 42
66 76
21 26
36 42
58 64
74 93
90 96
5 14
17 43
45 54
36 50
34 43
26 32
20 39
70 78
1 29
9 15
13 37
12 37
4 9
37 49
28 39
8 16
11 23
31 49
14 24
17 54
24 32
60 75
22 28
8 13
6 14
39 47
64 72
66 83
6 15
2 17
86 100
12 17
10 14
58 75
21 29
34 41
19 31
37 43
18 31
87 97
13 19
72 76
20 22
29 53
86 90
44 46
32 38
21 27
3 9
91 100
62 70
69 78
56 58
82 94
26 34
52 55
2 16
84 94
57 66
22 54
3 18
23 34
56 61
55 68
43 49
74 84
34 38
2 3
43 61
27 37
8 26
60 66
48 59
65 71
42 45
89 94
46 63
18 25
23 37
16 31
61 73
2 12
41 56
62 74
72 80
7 13
13 16
81 91
73 79
80 86
3 10
32 39
21 22
62 85
60 75
64 69
54 66
23 35
35 40
41 57
90 99
57 62
17 28
73 93
12 19
42 44
26 30
30 46
85 89
57 68
57 63
24 28
14 24
35 47
14 47
62 75
10 17
47 53
80 86
30 37
17 32
68 82
26 51
79 99
54 63
40 46
74 88
25 45
62 75
38 65
83 92
77 80
8 13
19 25
92 98
68 74
75 83
75 81
26 52
13 18
28 41
39 61
52 60
88 95
41 62
14 27
29 50
82 92
44 57
78 87
45 59
83 85
29 38
82 86
9 32
20 28
74 83
26 54
35 58
39 49
48 50
44 58
46 55
52 57
67 70
15 22
86 91
83 90
19 35
74 80
6 10
43 56
33 37
90 93
33 36
95 100
17 29
13 16
7 13
47 51
48 68
30 40
59 67
42 44
5 6
58 73
73 86
35 39
18 26
20 33
74 91
8 23
87 90
74 79
86 100
57 63
36 49
56 64
76 91
93 99
30 37
39 66
50 60
20 26
96 100
26 31
2 14
43 51
25 40
33 47
54 66
1 27
2 11
47 68
61 82
71 74
38 58
17 22
11 23
16 34
56 69
74 87
50 75
49 86
17 60
82 92
26 32
14 23
16 21
15 19
59 83
30 41
35 44
28 32
53 64
70 78
12 34
75 86
11 35
14 28
23 32
67 92
84 94
51 62
23 59
27 33
15 19
6 25
78 99
2 8
60 66
32 39
55 62
51 59
51 73
74 87
16 23
78 98
33 47
39 48
61 82
56 68
3 13
77 86
43 50
51 62
54 66
80 88
67 75
22 53
11 17
48 75
85 97
25 40
13 36
93 100
69 77
80 82
8 11
66 73
76 93
48 51
4 9
90 94
72 88
96 98
68 76
11 16
70 78
81 84
47 59
66 74
58 61
59 83
45 55
38 48
5 16
85 97
74 89
63 82
44 58
76 79
45 62
41 45
69 89
5 8
47 50
75 91
4 6
89 98
2 7
44 55
19 25
2 7
44 47
83 99
69 78
31 39
9 19
6 13
74 80
83 90
23 38
90 99
2 10
72 94
19 26
79 90
11 31
34 50
58 81
78 87
33 41
60 75
55 62
31 46
81 86
68 80
53 61
31 41
26 28
24 39
23 30
51 56
70 80
10 12
61 70
43 50
31 53
33 70
30 33
51 57
71 83
3 29
85 99
93 98
36 45
8 26
67 74
22 35
87 97
80 88
6 10
67 72
46 49
29 32
15 22
90 93
21 36
34 41
6 22
56 68
14 27
17 23
73 82
17 26
35 49
94 96
11 23
81 97
4 8
12 36
88 93
78 81
68 88
10 18
24 31
54 62
23 30
85 94
44 58
70 83
32 42
19 30
9 21
45 49
5 16
83 86
45 52
59 65
52 56
23 38
45 49
59 83
39 48
49 53
30 47
78 83
36 49
60 71
19 22
23 31
16 24
52 54
25 75
73 81
64 68
75 82
85 99
72 91
77 82
25 29
44 61
44 54
77 83
79 92
17 22
82 90
2 12
91 98
24 52
60 62
1 10
44 52
15 39
16 26
57 94
7 11
65 83
37 49
35 46
70 80
31 42
42 52
21 38
93 98
65 79
80 91
89 96
61 79
15 19
71 88
22 37
44 47
45 52
64 73
52 67
28 30
29 32
9 23
73 85
81 88
21 24
52 60
35 42
69 73
41 56
4 6
39 50
17 26
12 18
11 23
46 50
48 55
11 18
39 43
24 35
52 68
12 30
6 17
75 80
79 84
60 72
19 26
86 94
3 55
89 99
23 33
70 79
34 42
58 62
54 63
85 90
78 87
27 36
41 50
37 45
29 40
50 54
52 59
76 87
81 82
72 89
26 34
21 35
55 77
56 59
32 62
6 14
74 88
89 95
42 61
31 47
13 16
9 33
68 79
47 51
45 51
53 67
43 51
37 41
55 67
37 42
41 44
89 96
8 17
44 56
6 13
84 93
70 76
7 19
20 48
9 17
23 35
22 23
55 65
85 89
2 15
88 92
4 16
88 94
33 49
54 89
23 60
1 16
52 69
69 77
48 52
26 31
63 72
57 62
1 10
75 93
20 33
70 88
10 23
66 74
76 82
17 31
5 21
11 19
87 92
65 68
60 64
39 43
13 20
84 99
76 93
69 72
2 14
78 89
53 69
4 17
87 93
25 30
46 55
48 57
58 63
68 76
5 18
27 37
26 36
89 100
37 46
33 43
20 22
66 72
65 77
17 25
59 70
12 38
39 52
12 21
35 53
55 60
24 32
38 40
42 48
67 79
47 57
18 37
23 31
20 27
22 38
72 80
66 69
73 83
32 38
51 56
69 83
13 24
27 42
72 81
61 71
41 82
79 86
21 26
26 36
49 57
80 90
59 82
19 26
75 78
32 39
89 98
93 96
19 23
75 91
39 47
2 10
86 99
45 57
65 90
82 99
18 20
9 10
73 76
48 52
17 53
73 93
69 79
28 46
51 63
65 86
51 55
70 95
54 58
15 21
2 8
74 85
34 40
11 21
8 20
32 46
80 85
60 70
36 41
6 13
36 41
55 62
47 65
2 6
40 46
49 56
90 98
54 66
59 70
30 33
15 20
33 37
11 21
66 88
39 41
20 30
52 68
84 91
80 86
6 23
6 13
29 35
46 56
2 7
41 69
70 82
52 82
44 58
62 75
53 58
74 78
20 35
27 33
90 94
57 84
37 51
66 72
9 15
32 38
26 53
65 78
7 13
35 45
10 20
49 56
23 47
89 93
12 16
28 38
74 86
33 44
52 67
29 43
17 29
62 67
51 68
87 94
71 76
88 92
83 86
68 72
21 29
78 87
74 83
41 47
70 72
43 53
69 93
84 94
71 76
77 83
74 85
6 69
19 23
81 98
95 100
84 87
30 50
11 19
53 72
73 82
2 28
47 69
22 45
66 70
1 6
41 49
17 22
2 29
27 42
60 70
74 81
20 25
56 67
10 13
8 23
88 91
78 82
31 45
15 27
96 99
45 58
75 80
14 20
25 41
76 80
9 20
51 78
20 28
80 86
64 73
93 98
61 63
44 54
25 31
83 98
6 22
73 82
47 62
13 63
38 60
87 93
26 51
26 54
38 56
10 11
45 53
74 86
11 15
40 43
9 16
67 76
43 63
25 39
82 86
51 55
64 66
65 70
74 82
1 4
21 26
14 21
48 73
11 17
59 99
3 15
22 35
25 34
63 73
6 12
73 93
33 66
60 64
37 51
87 90
54 60
10 12
66 83
43 54
23 31
66 79
85 98
73 90
45 55
71 78
54 73
42 46
86 98
79 86
45 56
48 54
31 39
41 54
77 83
81 88
78 88
11 18
78 87
87 92
51 79
14 18
68 88
61 69
58 75
33 41
3 17
24 38
7 13
14 31
66 87
45 57
56 94
17 27
61 81
67 76
10 20
34 50
27 37
38 63
20 63
20 27
53 54
77 87
9 14
41 47
40 44
24 33
73 92
54 66
17 24
53 66
54 62
50 75
21 26
72 87
32 38
36 45
7 23
84 92
36 49
89 94
21 53
40 63
82 89
79 81
85 98
17 21
39 51
8 18
50 56
71 85
90 96
81 94
53 79
45 56
67 82
23 32
87 92
67 75
9 13
44 53
3 18
34 53
19 27
17 26
70 81
73 80
1 11
21 26
49 68
1 11
95 98
81 92
72 86
71 93
73 89
33 40
47 62
4 19
85 92
17 28
49 55
75 81
10 17
20 32
7 16
7 32
1 9
46 50
61 70
13 19
82 90
64 67
6 13
83 96
63 76
9 23
7 17
67 77
84 95
25 33
68 84
26 53
12 16
85 94
85 93
62 68
68 76
65 96
5 40
45 56
72 75
13 44
11 20
81 91
57 66
80 84
24 37
69 85
3 19
50 54
67 72
41 69
65 72
80 84
72 80
68 85
48 58
25 45
76 78
43 57
5 22
78 89
88 93
38 41
1 17
29 39
69 82
6 12
69 75
33 46
1 7
61 71
52 64
85 86
36 42
25 48
25 35
88 100
66 77
16 69
80 85
55 71
44 48
51 54
31 55
22 31
51 53
23 35
15 21
43 66
68 72
52 62
87 100
10 22
26 30
57 65
46 51
66 73
54 58
78 90
53 59
31 47
64 75
66 71
62 72
87 96
30 34
74 84
70 84
73 79
39 43
46 55
38 44
91 97
85 92
30 37
69 74
25 35
62 65
25 42
62 67
67 73
73 80
38 75
50 60
36 41
40 50
54 66
57 76
70 78
9 25
42 58
60 69
25 36
68 72
46 52
64 72
93 95
76 79
39 44
73 80
71 90
47 76
47 53
9 12
90 96
88 96
16 20
91 94
20 36
72 78
42 57
92 95
78 82
91 98
56 72
27 56
50 57
11 28
53 74
82 89
70 86
24 46
14 21
32 39
61 81
32 48
21 32
43 54
28 48
65 93
79 82
20 26
56 62
16 18
76 82
56 67
84 100
35 41
14 27
19 26
62 74
76 95
34 58
56 64
8 18
15 27
39 43
78 88
58 79
18 22
65 93
93 100
25 27
27 42
82 99
33 39
72 82
11 21
86 96
44 62
68 74
73 94
78 85
65 75
79 95
62 85
12 27
18 25
25 30
43 49
47 55
26 31
74 78
13 23
58 62
2 7
86 92
2 10
36 44
93 96
8 20
75 82
37 43
10 17
40 56
6 11
41 46
62 74
28 42
30 42
53 56
40 54
8 14
24 32
64 76
40 67
6 21
71 78
24 36
43 61
35 49
22 38
34 47
49 62
84 92
45 55
37 46
55 59
37 42
51 56
43 58
23 35
53 60
49 70
32 52
47 77
15 18
9 27
81 88
88 97
17 19
9 44
57 60
93 99
22 32
57 64
32 41
45 49
22 39
93 100
66 69
41 46
53 61
18 23
59 84
43 59
3 11
12 21
35 42
74 79
21 30
12 25
23 30
43 50
46 58
70 73
30 42
35 36
67 80
17 21
81 90
38 42
89 96
27 42
21 33
58 60
69 70
41 60
57 82
55 71
7 20
33 48
77 86
70 80
72 85
83 96
14 25
31 41
68 83
5 14
2 10
57 59
26 32
14 19
37 56
17 22
9 32
44 53
50 59
84 92
22 37
50 65
49 53
18 26
80 94
15 24
14 27
57 62
6 20
77 92
52 55
11 13
49 53
15 33
33 37
29 41
94 99
49 59
21 33
30 40
31 45
57 63
36 41
85 93
67 88
8 21
37 42
83 94
11 18
19 31
35 50
61 98
73 85
53 69
43 53
92 96
7 14
43 73
45 66
38 48
49 55
14 29
27 39
88 99
55 88
25 52
40 48
33 53
43 61
53 65
3 6
69 87
33 40
69 76
11 20
51 61
12 19
85 100
72 80
14 30
17 26
62 80
90 99
97 99
39 46
46 53
88 92
69 91
34 61
47 56
93 98
71 79
66 74
46 59
14 31
77 95
44 51
92 96
81 92
80 89
6 17
19 28
13 24
64 74
13 19
7 37
16 20
88 95
27 37
41 70
15 20
44 70
20 27
78 91
31 39
15 58
59 65
32 36
82 92
60 66
53 66
24 32
9 19
67 90
90 98
28 33
26 39
76 83
16 25
11 35
66 73
53 63
51 62
7 10
8 24
27 36
64 83
61 72
58 69
59 85
46 65
8 23
9 17
60 73
18 30
63 76
36 41
70 85
48 54
63 83
59 65
62 68
12 20
67 83
10 43
76 79
89 94
50 57
57 62
73 79
79 90
47 53
62 63
71 82
1 8
51 55
38 51
47 55
11 18
50 64
38 47
28 38
47 51
30 54
8 21
33 52
3 15
21 42
56 97
71 81
6 13
80 86
16 20
25 38
87 91
71 81
25 33
11 33
63 76
5 21
67 89
80 86
60 76
8 16
40 45
54 69
20 28
71 95
80 87
73 79
11 22
94 99
88 95
67 79
28 45
5 26
29 34
14 25
5 27
85 88
33 40
27 29
66 75
9 20
66 93
43 62
27 32
59 61
74 93
72 76
49 58
11 16
5 17
18 29
11 26
25 30
71 74
86 98
14 22
57 67
20 35
4 34
80 97
70 82
41 46
56 70
68 73
40 46
72 77
49 61
64 81
52 57
61 74
39 54
8 13
80 82
37 46
39 45
25 35
64 76
75 82
63 67
72 96
41 58
75 87
81 96
17 32
86 92
43 55
11 22
68 83
66 93
88 95
7 13
73 90
13 22
39 45
43 46
36 56
21 32
14 23
58 64
63 79
66 93
72 91
57 80
69 98
53 68
49 63
34 58
52 59
47 57
35 47
34 47
16 24
25 62
87 96
88 93
76 87
67 74
78 81
19 23
95 100
90 94
33 37
89 97
75 81
45 67
40 51
54 62
71 78
53 56
89 91
38 42
44 50
55 64
9 19
45 58
32 58
67 72
55 58
14 18
82 90
56 90
31 34
50 54
95 98
84 90
41 50
11 14
31 41
46 70
42 53
16 33
50 79
55 63
72 81
16 27
39 46
81 91
14 34
93 100
14 22
7 9
77 87
84 94
7 19
32 43
5 11
66 73
23 27
72 79
54 77
78 96
62 68
53 60
51 56
71 85
88 100
38 46
20 24
14 20
64 69
14 19
6 33
61 80
58 65
76 99
52 62
91 100
30 37
86 98
92 96
64 71
48 61
5 8
53 63
54 57
36 40
38 48
26 27
30 40
29 52
90 99
59 70
23 62
29 35
69 82
60 64
13 49
53 65
40 48
68 76
3 21
85 91
56 64
41 57
37 45
6 45
10 17
29 37
10 29
2 14
72 89
94 99
13 19
26 37
92 100
66 71
19 30
22 36
19 26
44 58
40 53
35 51
56 71
50 55
76 91
82 84
39 49
72 82
11 17
71 74
25 36
41 54
63 72
29 38
5 15
2 23
12 20
29 32
72 82
87 89
57 70
88 93
75 91
53 65
8 34
64 72
92 98
47 51
64 68
22 35
43 58
68 71
9 17
4 6
66 82
51 59
1 19
20 26
35 46
77 80
46 60
83 89
13 18
34 43
71 81
66 77
29 39
79 84
30 36
3 29
8 12
59 62
10 36
66 82
65 72
30 44
7 12
18 27
57 62
23 33
75 93
29 34
27 42
12 20
43 47
42 74
17 25
54 57
57 64
81 96
74 94
7 27
69 88
35 41
67 70
79 92
8 15
23 29
84 98
35 40
36 49
55 63
36 41
65 73
8 16
62 67
50 58
73 83
28 34
83 91
81 83
63 69
72 79
87 92
40 50
70 92
71 75
60 68
47 52
37 49
50 58
72 78
56 66
80 92
15 20
21 29
70 77
72 85
91 96
42 51
2 8
64 73
42 46
50 59
43 58
60 68
2 6
46 61
87 92
39 43
64 100
92 95
16 21
22 35
16 32
54 60
4 22
65 76
53 59
7 14
60 75
56 64
40 43
61 70
66 78
17 34
33 65
85 89
41 45
10 17
4 30
43 51
50 63
90 100
6 12
32 37
4 25
30 48
85 96
57 69
41 48
84 89
70 83
67 70
36 46
45 54
32 44
58 67
14 25
42 55
42 44
18 35
1 13
57 83
5 21
15 41
3 11
30 50
51 57
50 58
47 57
82 87
39 46
77 92
7 15
2 10
72 87
47 55
20 26
58 85
49 54
73 83
32 48
18 25
58 80
6 11
27 45
55 72
77 89
85 88
29 40
65 84
25 33
60 62
24 35
71 83
95 97
75 86
6 16
16 26
18 33
31 36
46 73
14 28
39 49
65 75
33 45
96 100
62 70
9 27
44 54
68 74
64 79
41 54
59 75
45 49
17 22
24 33
87 100
60 78
44 65
78 81
33 61
2 7
49 63
68 79
13 18
20 27
59 71
89 100
38 44
78 84
68 100
9 19
78 84
26 39
2 7
60 73
83 91
24 36
78 89
69 74
61 74
42 53
35 52
92 100
56 74
41 54
15 32
59 69
18 27
50 56
83 97
4 12
48 61
33 40
55 79
34 40
32 46
2 21
59 60
18 30
60 69
53 66
63 70
81 93
57 68
6 14
47 61
58 86
33 42
48 58
77 94
74 86
34 35
41 66
57 71
23 30
37 41
86 95
13 21
47 58
2 14
9 29
88 97
15 25
3 18
43 65
6 13
49 53
40 46
2 19
21 40
20 28
19 29
7 12
92 100
6 22
21 28
45 53
81 87
40 67
16 26
38 44
80 86
27 35
34 47
47 55
91 95
3 13
6 9
28 36
89 96
51 58
24 29
76 82
61 69
52 67
86 93
91 99
90 98
53 59
17 26
50 56
38 50
44 49
49 62
82 91
60 70
74 80
30 38
94 96
66 74
46 68
54 63
34 51
5 15
67 75
23 39
2 8
22 52
57 74
48 62
22 29
33 82
11 15
41 50
5 19
75 87
6 7
46 55
12 31
68 99
53 66
52 77
60 68
71 79
88 92
21 30
12 19
14 22
50 61
55 85
3 32
36 41
24 50
52 57
72 85
58 81
48 55
4 10
70 85
65 80
91 99
52 67
30 48
4 12
66 82
35 41
61 74
19 31
68 76
13 30
47 61
16 20
71 85
5 18
22 58
14 20
37 78
86 88
30 48
53 58
49 58
20 50
41 51
23 29
61 83
1 12
19 31
73 81
31 34
65 74
81 88
69 74
4 10
45 57
28 32
30 35
63 70
46 52
50 86
32 53
73 80
84 97
43 52
75 99
54 72
52 68
19 25
62 67
78 81
10 35
43 50
18 36
4 14
74 76
2 27
27 40
11 19
25 37
1 10
40 52
4 14
42 78
37 51
19 25
78 85
21 32
64 70
65 84
90 93
65 78
26 35
39 49
77 85
14 21
56 66
82 92
10 31
54 77
23 37
42 48
60 87
61 63
4 8
36 42
58 67
58 90
9 17
5 16
83 87
6 12
36 52
82 90
61 68
69 76
54 61
69 78
56 63
68 73
63 78
3 25
54 60
37 50
6 8
88 100
6 22
32 35
8 22
69 74
60 66
70 82
75 79
68 73
45 49
76 82
25 38
79 90
8 12
20 37
29 42
67 77
59 68
70 87
88 97
83 99
38 56
15 31
51 82
40 53
42 54
87 95
50 60
16 20
61 66
54 68
54 61
11 24
47 63
9 16
22 40
85 91
52 57
32 80
43 54
26 35
63 74
56 61
42 46
8 17
12 20
56 71
89 96
5 20
3 26
69 92
14 24
60 70
77 87
5 15
54 57
65 82
78 94
48 59
47 64
70 88
14 21
80 85
63 72
51 58
9 19
40 45
62 69
21 30
18 33
48 56
35 52
16 26
30 61
27 40
29 43
36 50
13 25
58 85
24 35
68 78
17 32
1 10
19 26
41 49
73 77
77 88
27 43
42 52
78 85
8 11
52 70
11 24
30 38
9 31
21 29
81 90
6 21
77 89
46 54
32 39
44 78
68 71
80 87
24 27
88 99
37 47
28 33
79 81
44 49
30 40
26 70
19 22
61 82
5 14
78 93
35 80
85 87
87 95
42 61
87 88
80 88
32 36
78 85
4 13
7 24
77 88
57 92
44 51
73 76
22 27
81 87
55 64
14 20
71 87
32 39
64 73
27 44
74 80
8 21
26 36
21 32
86 92
25 28
49 73
62 71
65 78
21 26
7 16
66 87
32 44
28 43
60 65
34 42
32 39
14 33
8 22
49 58
54 60
64 70
24 40
82 87
68 78
74 77
65 74
30 46
79 90
5 23
77 84
29 36
16 41
28 77
6 14
54 73
23 26
28 52
48 52
87 98
85 100
16 33
43 53
82 87
82 90
73 98
74 79
80 87
84 92
45 54
69 75
20 36
52 59
48 64
30 50
14 25
29 32
88 100
92 94
26 36
25 30
78 88
47 57
70 78
77 93
10 24
35 47
72 86
40 57
80 84
19 21
89 96
26 33
63 76
68 75
75 90
11 19
91 99
79 98
2 13
45 51
59 65
52 59
52 85
47 59
31 41
36 50
71 85
35 41
26 35
34 36
60 70
64 80
70 87
59 80
60 85
46 62
79 82
54 60
59 70
65 75
61 67
67 74
78 86
28 33
11 29
59 66
53 59
77 98
48 53
75 83
68 79
41 50
60 64
65 70
1 11
18 27
22 29
29 35
42 44
6 12
81 93
35 42
19 62
73 90
39 47
45 66
69 76
53 55
81 87
6 42
46 57
45 56
40 48
9 21
39 46
32 41
76 87
82 97
19 34
50 64
59 86
39 48
11 28
36 46
38 48
78 82
12 38
9 22
34 46
56 64
71 79
41 66
75 95
31 44
32 37
89 91
4 12
7 14
82 92
22 39
38 40
52 67
65 77
56 69
75 79
77 89
1 8
73 96
36 54
36 53
10 20
30 47
3 16
34 48
28 38
5 17
85 88
2 11
79 92
19 34
29 40
34 45
98 100
70 82
26 31
36 57
79 92
40 45
2 17
80 92
21 32
8 39
92 96
51 66
86 94
33 42
10 25
13 21
18 24
60 65
52 54
63 69
12 21
46 50
16 25
68 79
62 70
55 66
70 71
58 89
62 71
51 55
73 78
34 61
73 83
36 42
85 90
78 82
67 79
44 52
85 94
60 64
52 62
55 76
22 45
10 15
73 82
72 84
76 79
9 17
21 46
16 21
44 50
41 48
56 69
