100 20 20 2
00000000000000000000
00000000000000000000
00000000000000000000
00000000000000000000
00000000000000000000
11110001111111100000
00000000000000000000
00000000000001111111
00000000110000000000
00000000000000000000
00000000000000000000
11111000000000000000
00000000000000011111
00000000000000000000
00000000000000000000
00000000000000000000
00000000000000000000
00000000000000000000
00000000000000000000
0000000000000000000
0000000000000000000
0000000000000000000
0000000000000000000
0000000000000010000
0000001000000010000
0000000001000010000
0000000001000010000
0000000001001000000
0000000000001000000
0000000000001000000
0000000000000000000
0000100000000000000
0000100000100010000
0000100000100010000
0000100000100010000
0000000000100000000
0000000000100000000
0000000000100000000
0000000000100000000
4430
47 61
84 94
57 70
73 81
18 29
6 15
16 23
28 49
37 43
3 10
72 88
69 91
82 100
25 49
31 37
23 54
40 57
26 48
57 64
3 7
60 74
42 62
68 81
67 78
3 33
14 27
4 9
22 54
28 33
69 74
55 68
14 18
59 64
45 51
59 72
20 58
38 42
1 13
34 42
44 58
86 91
39 56
48 54
24 29
6 14
64 81
16 23
91 93
58 80
82 89
37 45
76 84
25 34
51 65
8 14
76 94
82 84
57 91
48 58
40 59
87 90
7 21
35 42
84 97
3 5
58 73
7 32
72 79
83 97
10 12
3 38
54 70
69 80
66 76
90 97
16 28
10 29
63 72
39 46
44 57
75 83
85 89
35 42
13 25
17 22
48 74
27 73
4 8
50 53
51 61
80 84
81 84
10 16
1 19
62 74
45 49
43 58
43 57
47 50
67 84
32 57
44 55
31 42
67 75
26 53
63 69
67 71
86 99
34 43
5 12
50 58
3 15
68 72
69 81
40 49
93 98
32 42
63 68
29 40
51 63
26 33
34 50
35 40
59 71
24 33
82 92
25 35
74 92
78 91
49 68
71 82
44 51
12 18
4 13
32 36
42 54
36 41
23 35
45 55
10 15
87 94
59 68
83 97
89 95
2 24
46 53
76 88
38 68
91 99
10 14
70 86
20 33
77 90
3 11
60 64
63 73
59 77
73 82
13 45
57 76
37 42
92 96
57 73
9 18
52 58
11 15
58 65
88 100
54 73
49 64
34 38
86 90
36 50
94 96
96 99
14 21
43 47
66 75
29 34
16 22
35 53
53 78
10 51
33 43
69 72
18 26
47 69
62 73
42 56
17 23
60 66
31 35
38 65
29 52
55 63
70 76
32 62
41 63
59 67
49 66
84 97
51 60
80 89
77 88
44 52
51 59
59 65
53 65
71 80
4 15
74 81
6 28
54 66
26 48
41 44
14 27
32 33
41 54
74 94
61 68
1 16
49 57
88 94
71 82
18 27
40 46
31 41
70 74
66 76
47 54
46 53
47 56
80 87
81 87
80 89
78 90
72 80
19 26
46 59
86 94
33 37
53 85
89 96
46 52
42 60
6 15
14 20
38 52
91 94
8 9
31 37
24 36
37 41
58 66
75 84
62 76
15 42
90 99
7 19
75 84
52 59
15 27
94 99
75 78
32 36
54 63
10 16
59 69
8 10
39 44
7 10
20 31
5 15
90 100
70 74
91 98
40 57
19 27
9 12
12 20
46 52
33 57
81 83
94 100
18 24
34 43
30 41
56 58
53 64
5 20
41 48
83 90
84 91
46 56
77 82
8 11
64 72
34 47
8 19
37 39
18 24
66 73
58 69
64 70
6 10
63 66
81 93
41 59
19 27
94 100
3 17
69 86
46 56
30 38
8 25
54 57
82 89
11 35
4 17
50 55
31 53
27 39
19 38
65 71
12 15
51 64
71 74
70 75
35 55
91 98
77 90
60 66
25 28
12 39
17 29
84 87
61 87
9 21
44 47
68 75
51 60
19 42
37 47
59 62
55 58
60 70
64 74
19 30
78 87
11 13
72 76
69 85
30 36
49 65
29 37
21 25
32 55
6 17
73 82
68 81
50 59
41 50
29 52
50 52
52 63
47 58
22 24
13 33
71 79
25 32
62 70
42 47
58 66
30 44
93 99
65 83
30 34
34 54
2 16
38 47
34 39
89 98
82 100
15 21
82 94
59 76
62 74
48 55
5 13
28 45
31 37
52 75
59 67
63 85
87 89
30 40
44 53
88 96
68 85
74 77
57 78
61 67
13 43
15 25
4 36
26 34
61 69
48 62
8 13
26 29
19 21
33 43
51 61
50 62
69 87
78 83
59 70
80 87
76 88
35 41
80 85
52 58
15 36
79 85
29 41
41 50
27 36
23 30
42 43
45 61
38 51
34 54
18 34
4 15
40 48
63 67
59 66
43 53
70 85
93 100
35 49
73 80
20 26
28 29
18 38
79 88
44 66
20 39
56 68
4 16
29 31
3 29
84 87
32 40
66 79
60 82
77 88
31 42
69 74
31 45
67 71
22 28
41 48
16 28
54 90
50 78
89 99
69 86
40 45
1 2
32 36
36 54
70 83
8 14
42 52
81 89
57 69
33 48
45 54
19 36
13 41
8 15
16 26
75 90
78 84
87 92
18 42
65 67
60 83
54 64
84 97
14 36
59 69
15 23
92 99
36 55
93 97
44 58
91 97
2 18
20 23
2 15
78 90
51 63
85 93
56 70
27 35
35 42
42 48
87 91
11 16
27 46
53 75
3 15
89 99
35 44
36 44
48 53
11 15
67 83
33 46
71 79
51 60
32 36
20 33
52 59
5 9
67 85
17 52
69 83
20 35
30 34
22 30
48 62
57 62
46 59
68 73
59 65
20 39
63 76
61 67
6 10
73 78
45 65
7 17
4 9
78 87
85 100
17 27
50 68
78 93
30 39
16 34
79 91
6 19
51 54
31 40
63 68
1 12
11 23
11 31
90 95
32 42
54 59
85 90
89 100
48 55
54 78
46 53
85 100
37 52
33 41
35 41
8 11
89 93
69 76
19 30
54 82
37 43
7 15
19 45
54 60
31 42
9 17
37 41
46 64
34 40
52 56
83 90
61 76
21 34
5 18
15 25
42 47
92 97
7 19
22 31
55 65
23 33
65 69
11 14
20 29
82 86
93 100
57 83
80 84
9 15
36 57
48 67
2 8
21 33
31 40
53 61
19 26
68 81
18 48
96 98
23 33
12 20
2 11
5 26
48 59
56 72
23 42
9 11
64 98
63 72
2 24
34 41
61 72
9 22
33 43
46 64
76 96
82 99
9 20
37 45
33 43
62 65
66 79
46 61
82 86
36 45
53 78
50 56
67 74
42 53
6 17
28 34
27 57
25 37
38 51
38 51
57 63
72 80
41 53
24 34
37 43
69 72
4 24
65 80
39 49
10 26
13 36
78 91
79 87
7 10
33 39
67 76
54 58
35 40
33 44
13 26
80 91
36 43
91 100
78 82
43 54
71 81
36 55
32 46
50 63
68 79
63 71
56 77
8 22
79 83
71 81
13 15
24 33
55 63
6 23
36 41
39 53
88 97
76 86
60 80
43 53
75 94
17 29
28 40
78 82
36 45
93 99
42 49
81 86
46 62
28 47
19 66
15 18
86 99
1 6
59 83
23 32
50 60
60 74
4 29
55 62
58 69
17 31
38 40
44 51
64 89
66 77
48 55
6 11
2 6
77 89
51 64
10 30
65 68
44 61
62 71
73 80
75 84
4 18
22 23
47 60
27 32
73 94
78 88
45 62
57 80
88 100
30 31
71 78
25 27
33 42
38 52
15 33
33 39
46 56
65 77
57 62
26 34
62 67
55 59
65 71
25 33
88 95
43 61
90 98
42 52
66 71
29 38
8 15
87 94
36 47
57 66
97 99
56 59
16 33
4 17
80 90
50 56
65 81
66 94
71 80
81 95
65 80
33 53
74 83
12 19
84 87
40 47
79 81
57 66
31 41
50 60
77 85
9 39
41 50
23 35
23 32
32 45
28 39
39 44
35 53
72 77
72 76
42 55
44 52
28 45
24 33
5 8
11 22
24 28
85 99
55 64
88 99
28 49
57 73
73 79
28 35
29 82
78 94
76 86
22 36
13 22
65 83
16 25
8 23
57 74
4 6
51 56
18 32
76 99
88 99
50 60
14 31
30 45
58 65
24 40
54 57
12 17
91 95
57 67
81 86
23 31
14 23
28 37
41 44
38 44
84 94
30 44
50 62
23 35
68 85
19 22
60 73
2 5
44 48
75 82
92 98
16 20
80 91
36 41
34 41
13 22
61 68
28 34
9 18
50 52
63 68
65 72
21 27
44 66
64 81
75 90
20 33
58 75
62 84
19 37
13 35
41 48
25 33
61 66
2 12
69 71
61 90
16 20
56 69
70 81
85 92
46 49
1 22
50 64
4 10
24 27
86 91
3 12
54 64
83 98
52 59
35 42
85 98
76 80
26 35
12 35
75 81
5 13
34 45
73 93
54 65
72 77
67 78
83 86
92 95
64 93
47 59
81 85
4 10
23 25
44 49
39 65
80 83
59 81
78 91
59 68
23 38
69 80
29 33
95 100
44 63
45 56
11 26
7 11
47 66
33 37
89 95
18 34
9 11
17 22
38 44
59 75
95 100
52 75
39 49
60 66
45 49
55 73
10 14
75 85
49 67
46 62
23 31
18 76
59 74
91 99
56 65
46 50
58 62
41 48
9 21
88 95
46 51
74 77
85 94
43 56
69 81
24 27
24 33
24 39
49 50
10 15
8 26
68 92
27 31
82 96
7 25
59 63
72 75
85 91
53 72
13 23
70 75
92 99
76 89
54 61
74 82
4 15
32 34
20 26
77 84
72 80
67 87
5 11
59 88
55 59
66 70
65 88
66 76
18 38
36 46
74 82
69 86
54 65
79 96
79 81
65 80
60 61
51 60
39 61
47 57
27 31
12 16
69 73
71 74
27 95
34 40
8 17
4 9
39 45
42 60
70 77
23 34
4 18
69 86
26 30
83 99
61 78
87 94
68 76
6 18
10 34
26 37
86 93
35 39
27 33
44 71
27 44
29 32
40 56
65 69
73 79
42 59
17 32
5 8
70 78
48 51
9 21
87 97
92 99
68 71
10 19
38 55
68 72
23 42
74 80
50 57
29 57
55 63
87 93
1 5
24 26
48 57
74 80
73 83
52 62
70 76
50 54
7 16
38 52
46 63
51 56
20 21
46 52
96 97
91 95
88 94
80 86
62 76
9 19
66 98
12 22
58 67
88 90
98 99
3 17
48 55
30 39
57 63
23 53
67 96
23 51
58 72
57 65
45 59
81 97
19 36
75 78
46 54
87 91
78 84
28 35
91 100
84 86
26 42
41 46
18 23
55 62
38 42
13 20
63 69
31 39
11 17
76 81
64 80
36 39
46 59
77 85
77 84
66 76
1 4
9 13
73 91
29 36
34 41
7 11
6 16
78 83
21 36
4 38
44 47
49 52
3 8
78 81
44 54
58 81
34 42
62 69
54 63
3 24
28 44
44 49
19 23
77 80
32 51
26 33
74 79
67 68
53 59
11 19
81 98
52 63
52 56
52 56
40 47
59 66
22 35
56 62
48 73
35 45
27 36
93 98
25 33
62 70
15 34
52 61
64 68
12 23
52 58
8 18
82 93
45 51
19 32
32 35
18 27
70 75
56 60
25 32
7 10
54 68
5 13
8 19
65 87
18 30
76 81
35 47
19 48
91 96
21 33
76 83
50 59
26 29
11 20
56 68
64 74
46 47
69 73
87 90
92 99
20 27
15 48
76 80
73 78
55 65
86 90
71 79
13 37
57 84
35 42
53 61
18 81
13 22
29 33
62 71
87 96
85 99
35 46
69 79
14 19
75 80
49 56
6 15
40 46
3 8
48 67
10 23
80 83
80 85
45 48
45 56
16 40
63 99
72 83
78 87
58 66
46 56
18 25
34 41
48 74
72 89
8 26
78 85
73 82
77 82
40 59
22 32
11 16
22 25
28 32
48 55
57 72
18 30
38 43
11 25
70 79
19 44
29 32
71 83
41 51
44 55
2 9
97 99
83 85
40 42
13 20
80 88
46 54
27 38
56 69
69 96
63 74
75 85
8 22
69 75
32 51
6 30
23 34
76 91
85 98
56 60
53 61
74 80
52 55
10 17
47 57
64 71
56 64
19 24
22 32
94 100
20 27
34 49
83 88
45 54
32 43
6 19
86 96
67 92
72 77
43 50
45 49
68 75
71 80
62 69
66 82
65 69
4 10
77 90
24 28
85 96
38 54
20 29
27 38
9 12
31 35
15 25
56 66
9 12
54 62
61 69
16 20
27 45
14 53
1 11
36 39
28 45
79 87
42 46
3 25
27 37
20 54
41 55
72 83
40 46
2 4
3 16
59 68
31 70
26 39
41 45
25 28
66 91
8 12
35 52
76 87
80 94
53 59
70 85
17 23
86 95
73 79
66 72
54 61
81 89
85 92
16 21
55 65
66 74
15 19
5 13
42 56
21 29
56 61
10 14
1 7
15 27
7 16
53 61
85 97
2 7
78 90
72 80
38 46
46 62
72 99
42 47
32 37
13 24
78 90
89 99
55 64
17 27
19 32
48 73
72 79
30 46
96 100
26 40
66 69
21 31
27 38
60 81
24 44
62 84
39 55
51 57
5 26
5 12
77 90
88 90
47 67
53 62
16 21
13 18
28 49
84 89
44 59
67 82
9 38
23 25
38 54
6 21
64 71
31 36
4 36
94 98
58 70
11 18
19 25
85 97
51 54
5 22
34 44
73 77
84 92
60 63
48 52
39 53
58 65
86 95
57 70
20 29
40 52
8 16
15 22
61 74
23 27
50 85
18 39
47 56
76 94
27 34
78 83
66 72
35 47
30 45
48 67
74 80
41 47
5 13
9 16
81 95
67 79
36 53
22 32
65 79
14 24
51 64
26 34
57 69
42 50
75 89
31 44
5 14
41 47
61 77
67 83
76 84
6 17
61 87
54 90
64 68
5 11
54 65
62 80
22 24
14 16
82 96
90 97
81 87
63 69
47 56
68 80
49 71
68 92
81 91
25 32
70 82
16 20
38 42
30 38
62 67
69 78
23 37
9 23
78 86
19 34
53 60
62 94
54 63
31 57
86 94
35 70
72 80
6 14
43 47
66 75
56 63
86 91
52 68
72 88
16 21
39 49
56 66
52 56
8 12
19 32
19 27
66 94
6 36
88 98
73 98
91 94
69 78
38 53
39 44
39 98
65 83
51 75
84 90
48 56
83 93
74 82
13 19
19 27
63 69
14 28
80 85
6 8
66 76
54 62
91 97
69 72
80 89
93 96
4 7
60 69
54 58
39 54
56 71
79 83
30 31
75 81
85 88
55 64
74 83
6 13
16 28
65 70
35 49
6 14
37 43
91 97
1 4
71 81
5 15
50 56
5 25
71 85
15 20
75 81
11 21
44 69
40 49
72 87
63 70
84 96
65 68
92 99
71 77
60 80
78 93
63 75
60 65
39 47
36 42
67 69
3 22
59 65
54 71
50 77
48 53
64 69
17 25
4 17
50 54
53 64
15 30
30 33
61 63
16 24
59 75
90 93
58 70
79 89
29 33
15 22
30 38
86 96
51 57
62 74
78 83
26 31
2 8
41 57
76 86
32 37
74 79
45 73
34 41
13 26
65 70
25 35
90 97
79 89
51 63
59 71
32 38
89 94
94 96
81 84
18 21
30 33
48 61
17 23
14 24
1 20
18 28
75 78
45 70
37 63
69 78
84 90
15 20
58 75
16 20
16 29
68 92
1 13
87 95
50 57
59 66
73 88
38 48
84 97
14 22
23 25
32 40
33 45
93 98
57 59
61 84
70 78
82 86
72 89
51 77
67 96
71 80
43 53
65 79
10 19
20 33
3 13
77 88
93 98
16 21
60 63
85 89
35 48
84 92
94 99
23 27
35 48
49 60
78 89
42 71
62 72
65 97
55 61
58 68
94 98
28 35
22 57
55 87
55 69
58 69
15 24
21 28
40 51
46 69
65 75
3 14
43 53
62 75
34 45
66 79
2 5
68 87
41 46
60 64
5 7
53 62
41 58
51 61
75 92
81 91
24 41
52 62
94 98
63 73
80 85
17 24
86 90
54 63
48 62
23 35
76 83
18 29
73 90
28 31
69 86
50 57
15 22
85 92
82 95
1 30
70 79
70 74
2 12
84 97
9 24
60 66
85 92
42 49
83 88
27 31
22 27
43 57
6 19
30 36
1 12
37 49
85 91
13 18
12 29
65 74
15 24
23 36
94 97
77 92
39 55
26 34
36 42
65 71
27 30
34 45
6 49
71 78
76 86
5 16
59 67
18 33
44 69
81 98
68 84
46 58
66 71
34 42
87 93
68 73
38 42
3 11
5 19
35 41
41 49
38 52
72 87
2 11
53 55
6 13
57 59
52 59
24 29
28 44
25 35
7 14
45 64
84 88
27 42
38 58
83 96
75 88
53 58
85 92
74 86
22 31
1 37
85 91
65 77
20 30
62 91
31 63
43 46
88 90
14 27
14 33
41 55
14 21
42 56
59 76
28 42
64 73
52 62
14 21
40 47
22 25
73 89
19 31
91 99
35 65
44 58
52 67
17 34
47 53
37 41
23 25
48 70
8 11
77 80
95 99
37 86
33 39
82 87
35 52
32 50
11 35
55 59
38 44
32 48
48 51
42 48
71 79
67 70
85 98
39 46
43 57
25 31
84 89
59 73
1 11
37 48
21 39
4 19
72 85
45 50
31 45
19 27
38 56
64 71
20 25
12 26
84 94
14 21
36 41
55 83
48 55
90 98
14 31
72 82
4 10
46 58
31 47
31 39
31 36
33 36
75 78
56 65
19 35
43 72
38 42
79 87
54 61
45 57
36 60
62 68
46 57
25 31
46 61
81 91
65 72
10 13
26 47
2 19
1 11
64 76
32 48
24 36
62 78
43 54
4 18
19 25
85 98
29 42
40 43
62 93
24 26
17 23
71 81
56 67
61 68
88 95
64 72
31 43
12 18
36 44
19 21
13 25
7 10
62 74
56 71
60 74
64 92
45 48
54 61
86 97
48 80
70 96
60 84
15 26
71 89
50 67
74 83
84 89
35 51
46 64
41 60
81 94
32 36
31 34
61 68
26 32
78 86
21 25
47 87
45 51
17 21
67 71
57 64
34 37
92 96
4 16
86 90
81 95
84 89
79 83
20 22
17 20
68 91
48 56
12 21
7 20
93 95
77 93
48 60
42 50
73 87
20 27
29 34
66 87
39 52
1 7
27 35
93 99
71 74
13 20
79 92
96 100
31 36
60 64
41 51
55 62
95 97
88 98
70 81
54 62
3 11
13 25
75 85
53 55
24 34
39 41
81 88
70 75
68 75
28 40
25 31
23 39
28 39
84 94
40 49
34 48
85 95
23 38
79 98
70 73
45 55
30 42
94 100
39 48
3 4
34 40
21 35
8 20
77 98
62 66
82 86
87 93
72 89
85 96
10 21
20 51
39 81
62 69
51 63
16 22
47 60
1 6
30 36
81 92
88 97
75 91
80 87
54 66
69 86
61 75
35 49
9 17
80 96
27 42
2 7
57 67
54 62
8 25
81 91
52 67
87 88
90 96
18 21
53 62
79 87
51 65
5 11
74 82
40 69
21 26
48 55
3 6
48 66
17 24
58 62
13 22
6 18
47 53
49 59
11 25
71 87
30 44
22 25
69 76
12 28
2 14
36 46
49 66
50 55
52 64
9 23
6 16
39 53
88 91
37 48
17 22
84 89
51 85
14 22
85 95
35 45
82 91
26 34
80 87
87 97
40 53
69 80
32 47
87 95
56 66
7 20
12 34
96 100
68 74
60 79
18 26
47 49
7 17
48 59
28 51
41 47
53 62
70 78
45 56
10 63
44 47
5 9
4 13
4 17
66 78
12 21
84 94
74 80
36 42
38 50
73 76
7 21
24 30
19 48
25 28
27 38
75 84
9 33
22 37
90 97
65 81
43 50
20 30
27 42
73 80
35 44
61 63
91 92
54 67
14 19
41 54
46 56
9 18
23 27
80 89
21 40
45 49
38 44
52 62
66 74
64 73
79 88
5 14
33 49
77 86
28 41
24 30
28 29
8 21
71 92
31 48
15 19
90 94
88 97
61 65
27 34
66 73
7 13
33 40
56 71
94 97
85 91
23 34
72 78
76 87
16 20
26 39
69 78
5 10
54 63
90 91
4 35
37 44
58 72
56 65
45 54
41 49
13 49
64 80
79 82
58 63
20 38
28 89
57 62
34 52
93 97
39 50
38 49
45 61
79 86
18 23
91 96
6 16
52 69
76 85
65 80
74 86
1 18
42 68
65 78
78 96
70 75
39 58
62 65
40 62
39 53
17 81
90 92
46 55
17 40
61 64
71 78
89 95
14 21
55 71
41 44
52 61
8 17
63 65
26 38
49 60
79 84
50 82
78 92
48 60
73 79
1 8
89 92
43 60
41 67
67 93
78 99
65 70
22 29
75 84
2 6
53 59
26 30
24 33
54 62
23 50
39 41
33 42
8 9
97 98
52 53
15 28
12 29
66 72
22 30
31 39
80 95
56 63
16 40
47 54
86 93
81 93
34 48
29 62
57 64
80 94
55 66
58 85
39 49
57 63
36 39
27 30
24 28
15 19
62 72
38 45
84 93
22 27
5 16
25 33
29 41
76 86
76 81
18 56
71 80
45 54
1 7
76 81
55 56
6 12
36 48
34 55
20 35
83 94
36 43
21 35
22 25
51 62
48 53
12 27
39 48
51 60
64 70
43 52
4 10
41 57
35 42
9 15
69 86
19 26
18 26
83 88
84 86
20 44
92 98
45 52
5 16
66 88
4 29
42 56
64 69
42 44
75 87
93 100
15 27
39 44
14 19
89 90
23 38
62 69
83 85
58 63
26 47
52 60
70 78
47 60
71 83
16 21
51 64
23 29
55 67
75 99
11 30
49 59
15 50
16 18
43 51
61 67
54 56
11 20
61 72
86 95
23 32
64 72
47 58
90 98
35 41
48 58
69 93
86 100
73 92
28 38
65 92
31 40
39 52
11 17
58 66
50 56
94 97
3 6
67 87
80 95
84 92
71 74
60 66
37 43
28 30
31 38
37 47
33 43
27 34
29 40
92 97
23 26
12 23
54 57
88 94
82 92
53 70
59 62
74 79
8 31
17 21
65 69
45 48
27 36
32 35
61 72
39 50
68 77
23 30
10 24
4 22
37 54
72 81
82 100
22 33
9 45
69 73
64 88
92 98
59 62
58 67
54 72
35 49
84 91
55 58
65 78
1 21
43 50
14 36
16 24
85 89
93 100
2 20
30 62
2 12
38 42
45 58
3 13
79 89
43 50
56 69
57 80
11 17
83 89
76 79
71 76
17 21
8 14
24 29
41 47
23 35
82 85
10 61
81 91
20 28
73 80
3 6
43 62
35 39
75 80
69 74
79 80
57 65
33 46
12 18
73 84
19 42
40 55
15 24
15 24
68 74
58 63
4 28
41 49
30 37
85 94
81 85
12 31
13 22
66 78
78 92
15 21
38 43
73 89
60 66
80 95
18 49
77 80
41 55
44 58
78 89
72 86
23 46
17 25
95 98
30 43
32 53
77 86
51 56
35 41
35 42
51 59
31 38
47 67
55 61
35 45
21 35
55 75
23 42
14 21
64 75
79 98
56 63
77 84
12 27
77 82
69 78
65 86
8 14
29 36
76 88
47 54
53 75
36 39
28 34
10 23
31 55
57 68
73 77
83 85
34 55
43 49
73 87
55 64
35 63
20 44
95 96
14 24
50 59
43 66
93 100
35 54
21 46
17 30
2 13
57 68
3 13
87 97
66 74
95 100
91 98
74 76
22 36
38 42
16 28
29 32
83 89
48 54
24 34
74 89
57 80
57 92
39 43
76 87
36 42
82 92
68 72
67 75
11 17
18 26
29 38
78 90
37 45
67 77
36 71
83 94
66 81
74 83
18 23
86 92
59 63
11 21
13 16
26 49
15 24
10 29
54 60
83 86
89 96
14 21
58 68
26 31
39 59
43 52
13 26
73 90
69 81
33 47
50 70
50 61
22 34
17 28
62 76
62 70
79 84
56 86
68 87
39 45
56 62
62 89
47 63
34 39
77 84
79 92
54 59
53 71
32 45
58 66
38 46
31 36
24 40
22 43
28 31
25 30
34 38
67 75
6 21
25 34
55 59
66 71
81 100
60 70
86 91
12 18
31 42
54 74
68 72
83 93
41 51
8 21
57 66
33 43
9 24
42 48
17 21
84 96
27 31
31 33
90 100
3 17
63 70
18 26
2 10
89 96
89 97
43 47
69 78
91 94
23 26
82 92
56 71
32 40
6 24
29 39
45 46
35 50
17 39
67 99
92 99
77 85
57 71
4 10
91 96
76 79
75 77
55 66
45 48
44 63
68 75
72 87
91 93
30 57
39 47
69 84
60 66
36 46
54 69
37 41
58 63
66 77
66 68
69 87
64 75
19 34
84 90
75 95
44 49
40 46
35 48
91 98
67 70
41 49
34 41
25 62
41 47
17 26
54 65
8 13
7 13
36 53
38 47
12 26
65 69
17 26
53 61
50 65
57 70
32 38
1 3
24 33
18 26
46 65
24 28
44 58
77 85
64 68
87 93
31 43
49 56
29 31
36 42
83 89
77 90
80 91
42 45
72 81
20 26
77 92
84 91
23 28
56 63
84 93
54 75
60 67
24 29
41 44
11 20
49 70
29 34
49 57
9 15
41 53
72 84
93 98
52 57
40 47
74 87
73 83
25 34
51 57
80 87
16 23
7 19
54 66
28 32
43 53
35 52
81 87
68 99
70 76
67 70
55 71
38 46
61 66
52 63
18 25
76 85
60 83
60 66
33 53
94 99
53 70
54 68
55 61
33 42
15 45
22 30
86 89
47 58
36 48
52 59
39 49
24 29
27 37
50 67
29 47
1 20
55 68
91 100
46 51
84 93
41 47
28 37
59 77
70 74
26 33
25 44
63 73
67 78
34 37
60 77
44 47
57 68
33 39
84 89
67 75
62 69
25 27
68 73
70 74
58 65
67 77
24 41
2 11
78 87
16 25
9 55
10 14
52 80
18 28
49 67
5 22
81 87
31 43
83 88
55 65
33 38
15 31
65 77
15 22
74 78
67 70
43 81
7 9
89 95
37 48
42 48
53 61
85 92
62 81
18 21
20 23
51 53
32 43
32 38
28 34
38 41
81 90
61 69
60 65
11 16
78 99
73 83
28 37
7 28
19 31
44 68
24 28
41 50
22 25
23 36
57 62
14 22
85 89
36 45
2 17
79 91
19 34
1 10
7 13
20 36
11 46
71 90
38 41
3 11
85 95
66 69
93 100
3 29
63 76
54 61
58 62
79 89
94 100
29 41
97 99
19 27
29 33
18 30
76 80
68 74
20 26
35 42
37 44
83 90
90 96
18 26
9 14
39 54
26 39
49 56
9 43
37 53
74 99
90 97
55 64
41 48
56 71
25 72
7 13
12 28
4 15
39 51
14 25
72 76
72 81
19 32
46 50
26 37
21 25
17 25
67 77
42 46
38 45
76 80
80 93
53 78
86 92
10 14
44 49
50 63
14 27
17 29
13 18
56 62
82 86
37 40
20 35
59 65
61 65
80 88
40 59
51 65
53 68
68 95
12 17
80 95
41 63
22 37
85 88
47 50
17 88
67 82
8 17
14 42
46 54
84 91
27 32
61 68
18 27
38 49
3 11
35 47
33 38
87 94
14 21
17 49
33 43
20 31
2 19
83 89
70 75
36 40
82 86
51 61
82 86
39 48
93 99
17 20
22 33
72 82
6 15
55 70
40 50
11 23
66 71
8 13
44 49
62 76
67 80
14 20
38 49
73 77
65 72
61 73
80 97
4 11
56 66
60 71
83 91
46 79
64 79
77 94
4 13
64 73
7 21
43 54
92 98
19 25
41 52
78 84
49 68
26 30
73 85
86 95
32 44
60 72
68 77
23 38
36 41
76 87
53 63
27 37
38 56
28 36
8 19
43 61
56 73
84 91
28 62
91 97
56 77
8 25
88 92
80 100
44 52
50 62
79 92
71 75
48 52
78 87
18 23
27 47
51 64
19 29
10 25
57 67
59 65
35 47
16 27
66 78
83 85
96 99
82 97
9 36
76 79
70 73
83 94
84 86
25 33
47 54
41 47
23 38
62 66
58 71
41 59
34 36
45 71
29 47
31 43
56 71
21 28
9 11
20 36
53 89
62 69
62 70
82 91
71 79
97 99
73 83
27 40
72 98
96 100
84 95
81 83
50 55
8 21
26 33
5 14
59 67
40 49
40 50
44 62
84 90
70 85
22 37
7 18
15 27
87 94
25 34
34 48
87 90
16 51
56 64
78 79
70 76
32 38
30 33
28 48
32 58
7 17
54 56
59 65
29 32
24 31
84 88
29 33
40 42
54 65
80 90
56 80
69 75
54 76
4 12
10 25
9 21
82 85
29 38
74 79
53 72
37 67
37 57
66 74
84 93
76 89
69 99
15 63
63 69
68 85
89 100
54 69
19 27
58 70
1 12
32 46
83 91
17 29
52 65
52 64
35 38
49 50
67 72
5 11
37 55
68 83
78 85
3 14
93 99
77 78
4 12
80 85
75 79
43 57
17 29
58 66
55 59
67 77
64 80
4 10
48 62
54 60
90 97
43 46
88 98
41 46
35 43
87 92
18 21
69 75
65 74
20 35
80 95
90 96
13 15
88 97
28 32
54 75
10 16
50 62
59 64
1 12
55 63
46 55
15 28
67 74
47 61
75 86
69 77
83 90
74 75
33 41
77 88
75 88
28 33
87 95
60 70
33 45
71 73
42 50
56 83
32 41
55 65
47 59
54 64
54 59
27 45
93 97
90 95
83 87
19 22
27 29
4 11
32 40
18 33
54 66
36 49
6 13
61 66
68 77
83 90
69 77
20 23
29 33
23 29
4 27
81 95
61 68
89 99
75 89
75 89
15 21
46 66
67 70
38 54
51 64
73 81
86 96
6 8
54 71
55 64
21 26
10 19
56 61
64 74
22 26
21 28
86 89
53 58
17 29
85 91
67 79
26 37
66 71
25 33
2 12
28 38
39 46
32 35
43 49
49 68
25 29
71 87
63 69
89 96
13 19
10 16
87 88
55 67
74 80
38 51
54 59
56 65
77 86
62 73
55 76
13 16
75 94
82 91
48 51
60 68
84 96
38 66
34 53
79 85
18 26
24 38
13 16
17 25
50 57
76 89
23 31
42 53
28 38
36 43
61 74
72 84
67 70
63 71
68 82
90 94
3 17
9 14
87 96
81 91
6 15
40 46
70 83
76 83
23 34
1 14
12 23
69 79
86 92
83 92
14 20
42 54
25 33
38 62
65 71
76 83
56 69
54 67
84 96
52 61
39 51
71 80
56 69
35 48
19 34
34 58
45 49
14 22
69 79
27 54
29 49
3 10
5 20
28 34
85 90
36 49
1 9
14 21
37 45
32 42
2 11
7 14
47 54
52 69
23 38
43 49
35 38
78 86
39 50
43 52
63 81
7 20
58 67
26 34
76 85
84 94
38 41
5 9
34 49
53 72
84 93
56 61
10 16
75 90
30 48
51 57
59 71
8 20
82 94
80 89
55 60
65 74
21 53
69 73
86 91
35 56
5 15
74 85
72 76
7 15
36 76
58 89
47 59
83 88
31 44
27 38
61 68
31 38
12 20
72 88
10 21
10 36
5 7
76 83
62 69
40 51
26 31
67 68
34 58
20 27
7 21
25 32
92 99
32 45
47 64
7 11
28 41
85 94
54 67
86 100
12 15
88 91
55 60
77 83
50 67
42 46
79 94
6 21
7 36
17 30
63 87
61 75
65 69
54 61
14 19
19 26
92 100
11 23
10 22
51 69
72 88
50 53
33 41
4 9
67 75
32 55
58 60
43 60
9 23
49 76
50 56
12 48
38 48
31 38
48 78
20 25
61 81
59 63
70 85
86 99
20 28
17 22
47 54
39 41
81 87
35 45
37 43
2 13
2 21
64 77
27 40
39 44
41 59
62 68
5 21
27 37
9 16
13 17
61 73
92 100
32 41
73 83
87 92
20 28
73 82
17 51
1 8
53 69
22 29
26 52
80 98
41 55
54 58
40 53
84 89
74 95
42 56
35 43
94 97
23 34
12 15
71 75
11 19
7 18
65 74
26 35
23 31
40 53
40 57
49 57
82 95
35 42
30 39
19 32
57 67
1 11
78 83
73 79
43 50
90 93
93 97
29 33
36 42
5 9
31 41
36 47
20 38
17 25
1 13
10 31
64 79
39 52
41 54
72 87
87 97
78 97
56 70
83 89
52 63
40 49
5 16
27 33
84 99
52 60
18 30
62 73
10 14
23 30
72 77
22 31
35 40
82 89
31 37
65 76
5 12
30 38
60 66
61 86
3 8
37 48
45 84
8 17
63 72
15 24
37 46
47 52
29 34
55 61
18 37
41 53
68 85
44 67
28 42
38 46
53 59
78 84
66 74
7 17
22 33
3 12
45 48
1 6
26 48
78 87
37 42
43 48
10 51
9 46
6 8
76 86
15 21
54 62
7 15
47 58
68 74
19 25
37 42
26 70
63 71
54 60
7 11
49 51
70 81
9 18
23 34
47 50
4 28
78 89
24 36
19 25
83 90
21 45
59 75
45 50
75 81
91 93
62 78
37 50
26 42
36 39
25 28
48 62
76 83
8 21
56 57
47 56
88 90
49 52
7 14
72 80
26 32
11 14
12 19
20 23
76 90
84 94
83 100
9 32
18 20
56 59
3 10
43 59
14 31
86 93
37 47
81 93
9 16
45 62
43 53
80 86
36 44
63 73
12 27
37 43
3 15
64 67
50 77
18 24
22 33
5 13
48 57
43 48
43 56
44 54
75 92
79 81
24 43
81 94
55 60
81 87
56 61
91 95
7 14
69 74
7 14
15 28
81 93
13 24
46 59
70 78
5 12
11 23
97 99
88 97
8 12
4 14
23 30
65 67
69 72
16 23
36 48
27 33
36 51
45 54
56 59
2 9
85 99
5 20
46 61
77 88
33 44
22 36
70 90
70 78
11 24
22 31
67 76
79 91
12 21
78 85
49 54
82 86
21 25
13 24
9 12
52 63
3 28
80 90
8 33
22 41
72 89
77 85
71 79
80 84
7 20
8 23
20 35
59 91
67 81
4 10
24 44
24 29
8 21
59 74
76 92
35 55
46 57
52 79
28 36
78 80
10 57
55 73
46 58
50 63
92 99
62 75
20 25
68 81
7 9
37 43
43 49
5 17
53 58
58 82
28 37
12 20
18 22
45 53
62 68
46 55
72 84
60 67
40 50
61 64
48 57
33 40
59 60
44 61
59 64
32 54
88 99
45 76
40 45
14 19
60 71
51 54
8 11
55 65
80 93
79 86
63 75
38 56
30 56
74 86
40 67
35 43
84 87
25 29
75 82
26 34
51 67
29 33
64 69
46 61
54 67
76 83
94 99
9 30
60 65
70 81
37 45
93 95
35 41
8 14
6 14
38 54
2 21
9 14
22 28
9 18
13 23
3 15
19 26
21 27
39 46
6 9
59 68
18 21
77 90
3 9
67 71
49 52
67 73
7 13
65 88
3 12
70 84
38 48
1 9
42 47
71 76
61 89
87 95
57 63
19 23
42 52
89 100
88 98
85 100
52 55
48 67
37 39
85 88
39 46
39 49
87 100
64 69
79 93
38 45
23 31
74 93
7 15
18 31
28 33
90 99
82 89
12 23
29 38
34 41
70 74
39 54
93 100
98 99
78 91
45 58
40 52
54 72
61 68
17 30
5 13
21 35
8 14
28 47
38 61
85 93
28 35
85 90
62 82
75 81
34 44
85 96
90 99
52 64
5 34
37 59
78 91
56 63
64 73
11 17
27 44
55 66
60 74
16 26
77 89
82 96
79 85
5 19
27 35
17 25
11 20
53 63
15 28
45 61
27 37
48 57
36 50
37 39
50 57
19 27
89 98
82 86
32 49
81 90
7 10
81 92
30 41
53 60
92 100
44 54
38 46
10 30
71 84
54 68
65 72
56 72
48 55
19 28
13 27
58 81
73 85
62 74
7 26
14 24
28 40
26 29
56 66
62 68
72 90
25 31
87 97
81 88
58 81
52 90
63 100
47 51
54 57
35 39
22 26
55 78
87 92
86 98
58 63
42 58
88 95
62 70
29 38
58 69
91 100
9 26
56 60
64 79
31 39
75 82
53 69
73 88
57 70
6 19
52 87
5 14
19 37
61 73
44 50
25 90
13 25
37 57
22 31
8 30
84 88
41 54
73 87
55 62
55 83
13 24
11 21
55 62
66 79
37 44
86 96
25 40
54 56
45 56
17 33
83 85
26 27
50 55
66 75
84 89
35 43
69 85
15 21
89 97
5 26
66 77
77 86
69 78
65 73
78 81
81 93
41 46
51 66
75 91
1 11
57 64
17 33
81 91
76 85
18 21
68 82
80 98
53 56
61 69
74 83
86 93
2 18
63 80
32 36
28 52
87 95
18 26
82 88
15 29
75 87
63 79
90 96
1 11
54 97
79 89
82 89
51 57
22 30
54 61
54 85
58 67
1 23
47 56
75 85
4 9
70 81
82 97
35 41
40 41
81 90
49 53
48 59
10 22
82 99
78 88
37 60
57 60
66 73
52 60
74 81
75 93
76 79
66 79
54 59
28 49
5 25
7 23
83 90
28 47
76 83
63 72
56 61
53 68
20 34
17 24
10 23
57 70
26 30
58 67
36 58
70 85
17 20
32 37
53 62
34 40
63 76
11 13
31 38
86 96
24 31
17 28
49 67
87 93
50 55
66 73
41 49
21 56
25 33
3 10
2 9
55 64
53 60
55 57
10 18
79 84
46 55
64 73
47 62
13 24
8 12
76 83
35 40
40 44
43 47
19 39
39 46
45 62
49 55
2 16
41 53
62 68
91 99
7 22
49 69
76 94
33 41
63 72
10 14
78 89
45 50
60 72
1 11
64 71
72 86
34 42
50 77
35 49
15 22
70 84
71 77
9 14
64 73
42 51
66 72
94 99
85 89
22 46
70 80
14 43
50 63
74 77
58 75
22 31
57 63
83 88
74 82
45 49
53 63
49 64
80 91
90 98
51 56
66 73
92 99
63 69
31 36
92 96
82 85
59 65
22 35
27 33
62 74
29 36
4 14
69 78
19 23
85 99
23 28
67 74
59 92
45 57
49 56
66 71
21 31
8 14
16 20
89 95
76 84
52 53
56 60
82 95
83 91
28 36
85 90
57 67
9 17
57 66
30 59
29 42
57 65
64 80
26 35
38 59
30 41
6 21
14 17
39 68
28 48
42 44
80 84
74 83
72 77
62 74
59 68
76 89
32 59
50 62
61 67
7 11
86 95
82 100
11 19
21 24
40 59
12 30
24 33
87 93
71 78
41 46
91 99
51 61
12 21
78 93
79 82
2 5
59 75
95 99
2 10
91 98
39 54
19 32
62 65
21 34
83 94
24 36
71 76
45 53
55 90
3 13
20 25
68 76
84 90
65 81
28 47
47 63
13 30
64 75
38 52
69 80
3 14
12 21
29 32
50 59
68 81
70 76
33 53
29 36
18 23
25 38
37 47
68 80
84 96
53 66
9 21
55 64
21 30
45 58
49 55
46 57
51 65
57 61
7 11
17 31
11 21
53 75
19 22
52 60
53 66
51 57
49 54
68 88
16 35
48 54
86 95
83 85
2 13
88 92
1 17
26 74
30 38
43 51
26 37
90 100
1 10
40 42
85 98
76 86
37 43
17 36
51 61
66 80
35 51
47 55
34 48
35 43
72 82
65 76
62 68
46 60
8 13
21 25
67 79
30 51
56 75
31 41
48 59
16 24
17 19
29 42
15 30
88 93
55 68
22 33
86 91
53 69
68 91
97 99
21 32
72 79
23 43
75 80
49 52
8 13
82 100
2 8
50 72
21 56
29 37
29 45
55 71
12 16
71 91
13 19
83 93
61 73
77 90
54 64
42 59
23 31
33 53
92 100
13 18
48 63
22 26
5 12
35 50
39 58
32 51
49 56
30 44
79 80
12 25
24 33
77 87
4 6
2 32
21 26
32 36
70 74
49 57
6 18
63 82
12 19
14 21
47 58
47 68
32 46
30 36
32 35
34 49
5 18
24 43
56 64
78 94
65 77
43 52
83 88
44 55
72 94
88 91
30 36
19 33
17 31
87 93
75 87
74 85
11 17
25 41
43 50
8 21
40 52
16 21
25 34
