100 20 20 8
00000000000000000000
00000000000000000011
11101110000000000000
00000000001110011000
00000001100000000000
00000000000000000011
11111110000000000000
00000000011100011111
00000000000000100000
00000111100010000000
00100000000110000011
11011000001000110000
00000000000010001111
00000001100001100000
00011000011111010000
11001001100000000011
00000000011000000000
11000000000001001000
00000000000000000000
0000001001001010000
0000001001001010000
0010001001000010000
0001001001000010000
0000001000101000000
0010000000100000000
0010100000000010000
0000000000010010000
0000000010010010100
0010100010010000100
0010001000001000000
0110001000100001000
0000101000000001000
0000001000001000000
0010000010001010000
0000100010000100000
0001001010000100000
0001001010000100100
0001000010000001000
0001000010000001000
6224
31 38
57 69
27 30
74 77
79 96
42 55
61 69
22 28
48 68
51 73
62 65
74 76
63 83
46 55
45 50
12 15
42 48
23 47
18 22
72 82
73 94
35 49
81 90
77 80
17 21
63 68
61 91
39 46
40 49
46 54
81 90
70 77
87 95
37 59
33 40
91 98
19 32
92 95
74 78
40 47
28 34
36 49
27 44
87 94
86 91
79 96
60 75
38 49
47 50
50 55
80 88
5 19
12 26
70 78
42 51
20 23
26 29
69 86
32 41
68 77
57 76
84 92
3 16
30 36
27 32
83 95
36 45
67 84
56 75
78 87
1 18
84 94
58 74
30 43
28 43
56 94
91 99
82 100
49 57
78 92
2 11
69 79
36 39
26 41
57 65
2 13
75 80
20 29
73 81
32 38
71 80
27 34
48 64
7 15
93 99
62 92
54 65
18 23
1 12
38 47
59 68
68 76
47 56
76 82
70 91
4 18
13 22
16 32
74 81
64 74
73 84
20 25
45 51
79 92
67 82
67 75
66 77
55 95
69 74
41 47
78 85
6 8
76 87
34 61
67 78
23 28
30 34
68 79
92 97
35 50
39 60
47 53
4 17
32 71
74 90
95 99
24 32
46 51
18 47
28 45
39 45
41 53
1 16
5 13
24 31
26 37
44 49
9 24
62 70
16 19
5 10
30 40
8 13
71 75
2 11
80 84
81 96
25 43
8 16
68 78
63 72
49 57
21 26
78 81
31 43
33 43
28 33
24 32
62 71
39 54
35 42
40 52
15 21
90 98
2 16
98 100
35 44
18 24
10 16
50 81
8 20
44 53
15 23
7 15
61 66
9 32
75 88
36 42
27 43
84 94
77 80
41 56
9 23
63 71
40 52
33 39
77 79
64 69
65 71
12 21
9 24
55 65
91 93
4 9
16 22
43 52
60 68
49 69
29 49
30 37
27 39
78 85
56 63
1 14
40 53
70 76
77 90
80 90
29 56
75 99
60 93
64 69
46 50
37 62
61 81
50 58
60 69
15 22
56 62
27 33
5 21
90 100
79 89
38 48
68 85
13 21
5 13
56 63
81 83
88 93
48 57
71 72
40 56
5 12
36 40
47 54
13 20
72 80
89 94
50 56
21 37
74 80
70 75
54 60
39 47
79 83
12 33
47 50
96 100
13 18
13 22
18 31
70 73
95 100
43 59
93 97
54 62
84 89
80 88
19 22
22 27
67 82
15 32
88 92
69 74
26 40
46 56
75 82
73 76
89 100
88 92
48 60
13 29
12 20
80 92
13 20
67 73
6 12
56 68
11 18
50 55
45 51
39 48
54 60
87 96
39 46
35 44
83 91
31 57
79 94
28 35
63 81
75 78
57 73
27 44
65 79
47 63
25 27
21 27
83 98
36 46
35 44
20 26
88 96
48 69
35 44
76 83
76 80
60 70
32 38
2 14
12 20
2 8
54 66
42 47
28 32
21 29
82 93
28 35
41 52
49 54
21 26
95 99
6 13
29 35
13 30
66 87
92 95
15 25
54 61
93 96
12 23
87 97
65 78
25 40
69 75
20 46
67 71
79 84
46 61
30 37
28 52
8 23
83 96
41 46
36 40
30 35
28 34
59 62
46 57
27 44
36 40
64 71
45 54
12 18
39 51
53 60
72 81
62 66
6 33
55 65
13 33
71 79
74 86
57 63
75 79
16 25
75 79
37 48
35 41
9 13
61 68
58 71
83 86
36 49
13 20
71 82
72 82
86 93
55 63
92 100
84 89
15 21
34 40
20 31
27 29
70 77
78 87
90 93
3 16
76 81
66 77
27 40
33 39
94 98
5 12
31 37
63 72
35 41
65 75
27 35
89 93
69 85
42 46
34 50
15 44
34 41
29 52
25 40
72 76
67 73
75 96
35 39
1 23
23 48
31 44
24 32
37 66
15 27
18 24
40 56
83 94
62 75
9 17
63 81
57 68
18 26
39 48
37 46
61 67
2 7
21 31
48 56
40 50
47 62
46 60
21 29
71 76
86 96
73 76
89 98
94 97
47 53
69 73
4 13
50 60
56 66
72 84
12 30
19 28
89 92
40 52
62 80
8 19
23 43
46 50
43 60
63 74
73 98
75 84
28 35
18 28
31 40
49 70
24 28
29 50
2 9
69 80
18 31
69 77
50 62
86 100
12 25
75 99
40 48
80 89
11 24
30 35
21 42
10 30
28 62
34 48
93 100
63 72
9 19
6 8
55 68
16 18
41 52
35 45
43 46
73 76
24 32
8 15
7 23
49 60
39 43
1 10
45 52
19 23
98 100
47 55
43 50
41 50
6 15
25 32
94 97
55 65
9 24
45 46
27 36
12 21
85 93
20 43
22 49
8 40
46 63
13 23
16 31
21 33
74 82
70 87
41 57
18 32
4 11
37 45
20 27
48 52
79 89
63 76
20 37
50 51
23 35
63 68
8 23
15 47
57 75
65 76
49 63
91 97
12 18
64 68
35 49
58 64
46 59
24 31
54 66
53 58
26 37
29 37
54 72
28 52
2 11
38 53
64 66
52 84
56 67
62 69
94 99
10 14
79 91
32 36
23 37
75 82
65 79
44 51
6 24
64 70
83 90
65 80
43 55
17 26
11 17
31 36
32 49
10 22
46 51
91 97
8 14
40 48
67 75
26 32
82 85
87 99
50 57
11 14
83 94
59 63
36 60
82 98
27 43
66 76
49 55
73 81
28 29
71 92
69 82
36 39
77 81
71 83
58 76
74 81
60 64
14 19
43 49
37 46
7 19
22 30
64 75
17 22
52 77
19 27
3 12
34 40
23 28
67 71
9 14
84 87
28 43
12 21
21 30
40 51
50 60
39 58
8 15
59 73
45 59
73 77
66 71
21 30
38 42
85 95
8 19
28 32
33 42
9 16
58 66
28 42
70 79
42 47
27 35
39 52
10 14
19 26
38 49
30 33
11 26
14 61
74 88
69 72
67 74
37 58
12 18
15 20
33 39
39 44
45 53
14 35
28 46
34 39
63 81
82 96
94 100
60 66
68 74
48 75
40 66
11 19
9 48
25 33
93 100
80 85
10 15
71 75
51 65
91 99
21 32
38 56
22 33
14 24
86 94
33 49
73 90
57 73
85 86
48 58
17 26
61 82
3 10
31 39
3 8
21 31
39 49
16 23
20 25
74 86
59 66
5 7
77 87
8 13
70 80
14 32
20 31
70 76
7 25
1 15
79 81
67 81
25 45
49 53
9 24
17 24
84 96
29 37
31 45
26 30
80 86
1 9
75 82
52 66
51 59
56 72
86 95
49 54
48 57
16 29
4 27
52 78
18 32
64 69
11 17
7 9
9 17
9 21
45 50
8 23
55 67
60 72
27 39
51 57
35 49
34 52
11 18
96 99
48 51
32 54
43 57
73 77
29 34
67 72
14 28
78 82
82 92
62 69
72 100
17 24
21 25
1 4
28 38
79 97
58 61
23 28
43 61
30 34
58 60
16 20
50 53
11 17
27 33
12 23
48 61
37 50
19 24
49 60
59 65
84 89
21 49
45 74
44 55
25 30
43 47
60 75
26 41
37 39
12 30
26 65
88 96
2 9
71 79
45 52
88 96
16 30
25 34
89 91
92 95
36 52
18 28
5 9
33 45
15 20
60 72
31 49
95 98
11 24
24 40
24 34
33 64
58 62
57 77
77 98
38 59
41 68
57 95
53 61
82 89
12 26
56 64
91 96
22 34
65 74
51 66
49 57
40 50
46 50
53 67
65 78
62 77
94 96
41 68
10 20
66 70
37 45
30 38
67 74
63 79
74 85
65 79
58 66
8 19
32 41
71 85
53 60
54 58
95 97
41 49
46 49
24 30
60 94
81 91
37 41
68 75
81 86
14 18
34 38
52 74
21 28
77 83
86 91
30 48
39 44
11 24
15 27
48 51
54 95
81 97
7 37
58 65
4 20
32 40
2 7
53 99
37 56
25 36
53 74
91 93
31 39
14 19
10 25
64 81
82 87
51 53
38 49
84 92
82 88
46 52
21 35
76 86
13 33
76 83
40 46
13 25
80 98
57 65
92 99
72 74
58 69
41 53
1 9
43 48
32 38
12 16
23 28
68 73
26 34
54 59
56 86
82 94
8 11
15 26
60 70
47 51
41 54
14 20
91 99
81 88
8 19
24 50
26 54
56 72
90 95
65 81
82 85
58 64
40 43
37 40
70 88
46 55
45 79
4 16
58 65
40 56
28 48
61 72
70 73
8 17
93 100
7 18
81 92
20 35
43 53
49 56
74 89
64 69
21 27
25 39
85 99
72 83
1 12
38 44
42 59
53 57
43 51
39 45
3 9
87 93
13 21
72 76
34 45
32 45
56 63
21 29
97 100
68 83
9 25
29 33
58 68
58 64
36 41
21 27
49 59
25 42
18 25
13 18
42 47
5 18
21 28
56 62
83 90
52 67
57 62
23 35
93 98
49 65
31 37
57 63
59 76
76 84
67 73
56 77
90 97
17 43
86 91
8 16
1 14
21 31
17 24
10 21
35 46
80 91
6 11
60 67
65 77
72 76
72 90
89 91
33 39
65 86
6 21
79 92
19 30
66 72
84 89
88 94
35 40
35 39
79 85
71 95
49 53
77 95
69 77
79 83
68 74
65 76
40 55
43 52
68 76
32 36
66 77
65 76
64 68
50 55
55 63
8 17
78 86
2 9
37 48
8 18
33 48
79 88
18 32
25 42
62 68
2 13
97 100
90 100
29 41
10 14
78 84
15 25
59 73
85 94
36 37
49 55
13 20
3 16
35 41
14 23
76 93
42 47
32 45
10 19
37 52
26 31
21 35
15 21
34 46
52 66
3 9
64 75
50 76
31 35
84 98
8 9
34 38
15 20
45 63
37 51
61 78
3 10
72 97
68 79
21 29
73 90
28 56
59 74
14 33
63 72
24 41
73 84
27 34
40 42
25 36
19 24
30 46
32 40
22 41
66 78
61 72
49 67
2 7
36 45
89 95
21 42
71 82
64 67
83 88
43 67
4 31
57 63
39 42
83 88
76 87
77 86
59 61
2 41
66 85
70 72
28 41
14 23
71 76
36 51
12 22
18 22
83 100
1 22
48 51
45 52
47 52
4 13
17 26
90 99
79 85
91 98
72 86
31 39
58 78
15 32
44 54
51 60
82 86
36 47
89 93
96 100
38 43
19 30
11 15
67 76
90 96
75 78
53 73
56 70
92 97
17 23
64 71
64 72
54 64
55 65
41 64
37 77
49 59
21 33
18 46
48 57
39 46
87 90
17 29
76 97
46 52
35 38
88 94
21 43
44 55
4 6
66 72
35 50
6 23
6 12
41 45
83 97
53 85
39 53
62 94
20 27
51 59
50 63
70 80
14 25
53 62
76 81
61 62
81 88
17 24
21 26
69 73
17 29
9 14
15 24
86 93
43 48
9 20
35 43
3 15
66 71
58 71
38 66
42 50
41 44
60 69
32 67
85 95
67 74
9 13
62 77
54 56
20 28
74 95
29 33
19 24
80 91
11 24
39 56
80 87
25 37
54 68
54 79
36 42
15 28
59 64
12 16
12 24
10 13
87 93
92 96
70 75
28 44
32 38
36 63
23 34
36 51
56 62
47 60
78 82
67 76
42 75
37 53
74 79
36 50
55 60
66 76
54 58
21 24
61 80
46 54
36 47
45 48
18 23
54 61
50 71
68 92
29 45
41 46
76 79
50 53
70 96
30 44
56 71
18 28
67 79
57 67
34 54
49 58
31 46
62 72
23 29
27 29
79 93
7 13
19 32
82 97
28 43
77 87
34 42
40 57
38 82
54 63
49 59
1 17
59 70
67 94
77 86
21 36
12 29
70 80
33 35
67 72
19 33
5 16
27 50
37 41
67 76
88 97
53 60
13 21
44 49
18 34
32 39
52 58
86 99
61 87
42 52
73 90
19 27
12 17
17 27
44 47
78 88
21 32
66 73
76 89
4 46
65 81
26 32
24 37
1 12
62 70
24 34
56 68
55 73
47 65
49 62
15 26
3 5
36 43
84 88
46 79
10 15
51 59
66 79
70 79
66 76
56 71
50 52
28 38
48 53
88 94
80 90
20 26
52 69
16 25
13 18
31 41
36 48
5 19
59 63
94 100
2 5
73 78
35 55
11 21
82 90
60 83
34 59
46 73
16 24
14 30
24 33
66 74
87 97
14 22
20 24
61 76
71 78
74 80
15 22
11 20
61 68
11 31
90 92
14 31
70 91
69 91
94 96
68 77
57 64
49 52
35 38
77 81
64 74
4 7
64 69
28 38
20 32
27 34
41 51
71 86
43 52
32 53
10 25
80 91
13 24
40 54
28 52
87 90
81 87
21 29
11 27
4 10
45 75
67 81
49 53
18 40
26 33
12 33
52 60
30 39
62 79
26 29
23 55
69 85
4 23
15 22
27 62
66 72
23 30
28 38
53 58
6 11
40 47
17 26
21 37
80 87
76 84
40 58
44 56
40 48
4 19
68 74
77 89
24 32
28 38
43 54
77 84
69 80
31 42
67 78
21 28
82 97
55 70
60 69
69 79
66 90
40 44
63 68
67 70
12 16
40 44
17 32
63 72
80 94
52 56
59 68
20 25
43 44
49 54
40 88
20 23
71 82
56 63
67 69
76 87
54 61
69 70
69 74
33 57
33 44
24 51
10 27
81 91
22 35
75 85
34 43
63 77
14 22
31 47
59 69
37 51
43 47
6 12
44 64
61 77
52 56
51 56
32 43
24 32
63 81
12 31
41 46
51 63
53 63
10 29
32 41
79 85
26 46
37 51
17 27
49 63
25 32
16 29
9 19
41 56
78 83
45 53
68 88
18 55
68 83
69 83
9 14
44 54
2 9
58 86
47 56
85 94
59 67
3 14
10 27
47 75
74 97
41 48
49 50
51 61
80 83
66 75
28 36
27 44
39 51
27 34
23 25
90 100
37 43
70 97
9 14
77 84
29 44
35 46
36 39
39 49
9 26
13 24
76 86
40 47
38 57
84 86
38 59
7 17
26 56
48 61
12 28
37 43
76 84
92 94
45 56
78 90
13 28
11 13
35 43
7 20
16 24
32 48
16 24
67 87
76 84
33 51
76 77
93 98
25 45
32 34
82 87
25 28
86 94
12 38
7 22
90 97
31 36
91 99
2 6
49 60
60 64
15 18
27 29
91 96
74 84
95 100
79 86
23 34
83 88
95 100
62 69
64 75
14 20
73 77
78 80
86 95
71 85
6 20
43 54
8 12
93 100
66 68
47 66
47 49
17 24
53 65
15 32
92 100
7 12
48 55
13 20
90 95
20 29
56 70
89 100
9 11
4 9
69 83
74 85
25 31
74 78
3 15
73 88
45 62
55 60
79 98
52 58
14 29
67 73
43 52
92 96
93 97
30 40
19 30
84 94
2 13
75 82
15 25
86 99
61 71
55 65
65 85
90 95
69 73
43 54
45 53
81 89
8 19
59 70
85 91
3 16
48 60
31 59
84 98
35 44
76 82
25 30
6 16
32 37
39 50
80 88
6 21
29 41
7 17
22 36
69 75
28 30
59 78
47 66
77 81
39 46
2 10
31 34
76 85
35 99
66 76
80 85
39 61
73 75
12 26
61 69
14 34
40 47
17 23
41 56
22 27
78 81
63 74
50 52
77 83
50 56
31 37
40 52
62 68
9 12
17 20
42 61
4 11
44 54
69 72
10 17
65 71
6 28
47 54
31 38
43 47
50 60
72 92
81 88
28 35
78 99
30 43
9 20
31 42
2 5
40 43
3 13
25 44
63 84
52 66
21 28
65 72
22 32
39 52
12 34
21 24
4 18
79 94
15 28
12 16
3 16
74 81
1 19
53 55
26 32
79 84
1 12
7 16
75 83
11 26
5 15
70 83
21 83
86 92
40 48
81 86
62 69
14 21
24 50
53 69
41 50
81 87
36 59
52 56
59 69
58 66
71 78
11 16
16 21
49 54
16 28
91 96
81 89
34 37
40 42
15 23
60 64
32 38
19 26
25 30
43 65
85 96
34 49
21 45
76 93
1 14
30 57
38 58
81 85
84 98
50 55
6 17
45 71
70 86
65 68
25 30
80 93
55 68
49 60
23 24
76 88
3 18
14 19
32 42
63 73
34 46
4 13
86 89
4 19
90 96
48 59
73 80
9 23
71 86
42 64
53 62
61 65
60 65
51 64
72 86
14 24
35 61
56 67
67 75
51 93
68 77
1 11
54 61
10 18
22 29
10 30
41 63
61 63
11 34
14 24
45 52
18 27
66 83
41 45
13 20
24 32
47 97
94 97
47 64
37 52
47 51
44 49
56 76
51 58
59 86
16 41
50 59
1 5
38 46
82 89
68 77
80 87
5 18
40 43
65 85
68 77
55 66
7 13
25 46
53 65
21 28
58 66
59 63
32 38
43 53
39 40
26 35
39 48
3 13
44 49
73 81
84 96
7 13
56 62
9 18
61 65
7 22
4 17
42 48
47 58
50 60
13 21
43 52
13 27
14 25
75 79
27 36
9 14
16 39
13 25
57 73
85 94
59 70
70 83
50 62
95 100
50 59
37 42
50 53
6 26
70 91
32 34
2 34
56 61
37 43
9 15
4 16
31 33
76 96
58 63
72 82
67 84
53 56
72 84
58 65
73 82
33 71
7 14
16 21
46 55
72 84
82 95
19 27
48 58
24 35
62 77
39 44
93 96
12 36
5 7
77 88
53 67
52 57
38 41
74 82
31 40
84 97
51 66
40 51
70 76
33 37
66 81
81 89
17 32
41 47
67 79
11 15
28 34
83 87
66 71
30 35
28 41
51 63
81 89
86 92
54 61
16 27
7 21
5 12
64 77
8 36
29 39
93 100
53 68
38 48
35 51
56 66
14 18
45 61
47 66
62 65
22 28
3 25
34 42
82 86
71 88
64 68
47 66
73 81
58 72
32 48
59 86
61 72
47 64
51 59
39 49
58 70
34 48
54 60
1 22
13 16
28 45
69 95
54 62
22 37
52 56
52 58
8 18
67 76
56 63
65 71
31 33
54 66
12 31
68 71
82 85
78 84
44 54
90 93
18 34
11 15
51 77
82 86
47 82
71 84
66 73
80 88
55 83
19 41
2 7
62 68
28 37
18 29
64 87
58 65
36 42
37 51
74 81
68 78
67 85
75 82
90 94
71 80
76 87
15 31
17 27
8 26
51 72
67 78
58 63
61 73
92 99
46 54
83 86
10 15
8 16
16 45
65 86
82 88
64 76
60 63
41 79
35 42
87 95
24 47
35 57
34 44
79 89
55 74
83 89
23 33
67 73
42 52
21 40
47 58
78 92
50 93
5 14
98 99
32 55
48 65
57 66
59 67
15 31
84 91
33 49
12 25
42 58
47 58
37 48
12 27
13 23
87 95
82 96
9 22
10 17
68 84
73 86
9 13
68 78
66 72
71 75
51 82
17 23
62 72
21 29
20 25
61 73
73 79
43 55
48 62
73 78
24 33
12 22
22 32
15 34
51 65
34 45
65 90
41 58
13 25
15 24
79 83
49 58
28 37
60 68
87 100
41 52
53 65
34 50
42 49
91 95
55 68
78 93
75 82
38 50
67 82
8 17
24 28
53 75
41 80
59 77
26 31
66 71
31 44
72 80
44 62
43 58
79 99
94 99
48 52
26 52
19 29
68 88
75 94
14 24
21 27
26 31
4 21
71 78
8 18
36 41
7 27
47 54
2 14
88 95
31 33
72 84
17 21
76 91
17 24
7 23
34 41
47 57
91 97
81 87
25 35
18 37
5 10
13 16
34 37
5 12
36 44
43 52
20 31
81 93
43 48
34 37
46 65
40 60
34 39
21 31
76 82
79 93
46 59
86 93
43 47
78 88
39 58
78 89
22 34
9 18
19 24
16 22
61 70
68 76
14 17
36 45
34 41
52 90
6 22
26 39
37 43
12 25
25 30
32 36
75 93
44 54
16 21
4 23
72 95
18 24
63 70
17 20
73 82
83 94
51 60
52 62
22 29
24 33
23 36
84 96
68 73
39 44
1 9
49 57
67 73
19 22
3 19
46 54
72 77
63 73
29 33
69 79
6 17
78 84
92 96
30 43
70 97
59 75
90 97
78 82
77 80
39 43
42 55
83 91
76 81
2 7
18 28
41 53
76 80
63 83
7 29
23 35
50 60
43 63
80 99
45 59
5 13
11 23
41 58
50 60
36 45
30 44
88 93
13 23
58 66
73 90
73 79
60 68
37 41
67 73
29 42
28 44
89 96
57 61
36 45
36 45
7 52
43 49
62 72
7 27
1 10
88 97
94 98
81 85
35 44
25 41
31 41
19 27
25 61
7 10
36 45
83 92
29 36
54 58
19 41
42 55
86 91
64 77
50 53
25 63
66 79
33 61
68 84
59 62
12 17
97 99
55 57
62 73
70 76
16 28
44 51
86 94
63 78
47 63
47 57
50 71
87 95
46 55
62 79
10 44
50 58
26 43
54 70
79 89
58 85
7 32
59 66
12 59
5 36
72 93
25 32
1 9
65 69
69 76
73 85
32 39
3 16
76 96
22 33
57 65
28 34
17 24
38 44
71 77
79 90
79 94
23 33
21 30
2 7
9 22
14 25
75 84
58 93
3 10
2 7
36 45
69 80
24 38
13 42
51 83
34 42
4 15
9 16
21 34
63 68
78 82
23 68
9 18
36 44
6 21
70 76
91 97
64 71
80 84
69 73
32 36
44 55
62 66
67 79
74 79
81 90
21 24
44 53
12 26
25 58
80 87
26 38
54 67
28 33
43 83
38 62
34 47
88 96
45 55
84 87
5 21
77 84
44 52
43 49
79 89
50 56
42 74
70 97
40 45
61 64
40 52
46 54
67 77
8 13
10 20
10 16
45 87
72 89
70 84
30 50
93 98
82 100
86 99
31 41
15 33
69 99
54 75
72 85
84 88
51 77
57 62
24 30
4 8
14 36
13 18
55 63
90 96
24 30
9 17
92 99
84 94
4 21
65 67
7 27
62 81
46 55
79 87
8 31
31 33
44 48
55 62
67 72
19 38
52 61
45 56
20 29
41 52
15 23
63 86
13 31
99 100
78 92
51 56
57 59
45 52
67 78
31 37
32 40
57 75
77 87
65 78
79 84
13 32
92 99
10 16
91 99
35 53
88 93
32 44
16 35
18 25
49 54
11 14
76 94
73 94
2 12
38 43
15 22
58 72
24 36
24 83
92 97
33 41
89 98
87 96
88 95
11 23
19 26
85 90
33 60
46 52
79 82
68 84
26 30
43 52
29 37
39 51
4 15
19 32
20 44
3 10
9 18
2 13
7 11
76 89
91 100
10 17
38 49
55 81
77 81
69 77
2 22
28 35
5 9
30 56
89 98
72 92
29 40
64 76
76 84
19 26
74 87
43 70
43 50
73 82
41 50
14 44
41 44
79 100
73 88
70 75
79 93
41 49
34 49
93 97
93 96
88 95
72 84
8 22
92 99
2 6
15 25
73 85
40 56
3 11
54 73
12 20
73 85
27 48
8 36
13 17
46 50
3 12
7 24
28 36
87 91
33 45
67 82
52 66
28 38
41 53
25 65
9 14
53 60
78 87
50 59
23 33
73 74
72 80
87 93
9 17
38 40
64 72
23 92
14 25
50 57
56 69
50 54
59 77
21 38
49 54
38 43
94 99
30 42
38 42
53 65
50 53
16 22
1 33
85 87
44 70
72 82
41 63
56 60
23 47
27 39
13 21
87 92
3 11
54 62
46 48
40 49
29 33
62 77
69 80
18 28
34 60
10 19
11 14
11 21
66 80
83 97
67 70
88 100
40 66
59 68
62 71
53 60
1 7
95 100
8 13
52 69
18 25
86 100
55 66
69 79
53 58
35 68
61 63
62 82
60 78
12 29
92 100
62 84
11 25
50 68
80 95
65 73
84 89
52 58
72 77
5 15
40 50
35 42
89 93
49 53
80 87
30 44
34 46
64 67
64 81
69 74
89 92
32 41
28 64
56 70
17 39
6 24
73 76
50 62
5 38
82 90
15 35
57 62
78 81
8 40
69 84
73 86
39 45
10 24
6 11
12 20
75 87
60 75
36 52
3 19
30 37
43 59
55 59
14 26
1 6
32 44
30 47
66 76
32 35
73 94
80 90
24 39
57 61
90 100
86 88
30 43
49 70
23 42
75 81
63 73
81 89
22 28
84 89
71 80
7 19
52 63
12 32
30 34
57 65
6 7
20 26
85 94
91 96
25 32
2 13
34 40
58 69
18 22
63 72
69 90
13 49
68 76
93 97
79 82
73 84
47 54
50 57
26 42
6 12
75 87
82 88
72 81
60 67
11 24
47 57
13 17
60 66
73 77
46 58
55 66
21 33
29 33
15 29
84 90
45 54
87 96
85 92
5 13
13 23
61 69
21 26
31 70
46 56
5 18
57 66
8 13
21 35
65 85
21 33
7 20
61 76
2 10
18 21
85 95
27 31
26 35
41 53
76 87
1 12
77 80
14 34
41 55
92 98
16 25
37 58
27 42
73 85
42 87
12 26
66 75
9 18
47 58
87 92
51 69
73 84
4 13
5 28
48 62
82 91
63 70
72 87
46 57
79 85
65 70
45 56
70 72
15 30
39 43
31 36
36 59
64 73
49 61
77 100
54 65
4 18
53 57
29 44
57 70
48 54
86 97
9 21
27 30
2 21
36 48
20 39
45 50
54 65
20 42
24 30
49 60
42 50
72 80
69 74
66 88
28 38
73 90
58 78
46 56
27 41
13 19
41 63
57 67
56 66
63 67
46 58
2 7
80 87
8 19
84 92
32 47
51 65
30 60
34 42
74 83
12 16
55 96
64 79
53 69
65 85
71 75
11 25
92 97
3 11
6 15
16 27
15 30
6 11
75 85
22 30
19 30
64 68
64 76
56 67
19 22
13 20
78 96
55 81
3 12
22 29
21 36
29 37
37 43
91 95
7 16
82 87
22 46
49 64
43 61
65 71
55 63
41 48
2 12
21 31
56 70
72 88
12 36
77 80
24 29
28 47
47 74
35 39
42 55
9 27
54 71
46 55
23 28
63 67
70 76
73 77
33 46
46 61
83 88
33 38
85 100
72 74
65 72
21 27
50 62
55 58
18 26
73 76
29 50
10 30
88 92
3 16
12 21
49 53
21 26
73 94
19 26
49 56
84 95
36 42
70 79
15 31
29 39
63 65
19 28
37 48
18 25
64 68
63 77
45 53
25 33
71 74
27 30
12 14
67 74
44 59
16 60
17 20
56 63
67 73
49 53
60 69
9 16
42 49
33 46
23 30
47 53
89 97
79 88
70 96
26 33
45 73
71 79
55 68
64 68
18 32
42 65
9 10
49 71
31 37
37 51
49 65
4 21
82 95
58 62
2 11
64 70
7 13
94 99
5 9
83 85
77 93
62 69
35 50
20 34
84 95
71 94
45 50
67 72
48 52
73 93
31 34
71 74
41 52
21 30
24 29
75 86
71 76
77 93
76 87
57 71
75 84
51 59
9 19
60 66
44 51
16 42
90 100
20 21
63 68
13 18
54 76
64 71
30 38
3 8
59 70
20 23
28 44
81 97
11 32
76 79
22 27
66 75
77 83
75 88
63 81
57 86
92 94
76 87
9 19
55 64
2 14
63 68
6 26
36 46
26 45
84 92
66 72
59 74
77 85
58 67
31 38
63 69
81 93
40 46
15 21
82 98
3 10
92 95
45 54
15 24
17 29
41 47
38 43
37 57
59 66
23 25
59 63
22 29
24 36
26 46
36 45
45 57
18 21
20 39
78 84
78 84
44 49
79 87
87 97
69 74
34 81
17 21
17 34
88 100
63 79
51 68
20 28
10 14
35 39
38 52
75 88
57 66
2 16
44 53
22 25
15 19
82 87
37 43
3 9
9 14
31 38
30 39
65 77
48 71
63 73
41 61
83 88
61 70
77 88
90 93
16 27
12 28
81 94
34 40
16 19
94 100
56 67
4 11
23 38
74 87
8 20
7 25
7 12
72 93
69 76
1 23
3 15
46 56
54 58
65 89
32 60
7 32
39 50
44 64
6 26
91 95
47 58
52 71
60 65
10 21
60 89
37 56
6 21
73 81
85 95
36 42
28 31
3 7
71 86
2 8
14 29
70 74
55 64
3 10
18 24
39 46
62 82
4 7
14 21
33 43
90 97
88 91
42 57
41 51
80 84
13 18
21 30
50 75
62 68
62 69
5 12
13 24
56 71
32 44
18 27
16 17
85 96
24 34
80 90
17 26
59 84
24 37
84 89
39 43
50 60
45 69
19 33
51 69
51 59
45 53
50 54
36 53
65 70
34 43
91 95
28 33
1 70
11 17
35 47
39 43
3 8
63 84
71 84
53 84
84 85
49 55
88 94
28 43
16 19
43 56
29 52
80 85
58 67
61 62
44 62
4 13
40 44
62 82
75 81
72 82
27 36
12 29
7 12
88 97
72 79
61 65
96 98
87 93
70 75
8 18
40 42
81 86
26 28
8 18
19 28
91 97
67 80
39 51
69 74
17 31
3 14
24 36
59 68
11 22
35 51
67 71
16 23
17 45
91 99
30 37
31 55
18 22
17 35
8 12
72 79
61 69
88 99
4 30
16 37
17 21
28 48
30 35
2 8
16 18
23 41
8 27
67 75
82 91
33 38
46 53
53 64
29 31
44 50
77 90
85 91
60 64
59 65
12 28
67 82
30 37
52 65
82 89
47 51
38 46
94 98
39 45
92 98
45 56
47 53
74 82
66 75
51 69
14 18
60 64
41 53
87 97
63 70
40 45
41 48
43 51
70 82
33 52
17 28
84 91
25 41
2 16
37 45
47 56
44 57
24 28
14 23
62 79
48 56
87 96
47 73
81 95
49 52
5 14
30 36
41 46
77 81
19 27
44 57
83 86
72 77
40 72
50 56
38 52
48 54
60 64
46 80
12 40
25 44
55 66
90 98
69 80
38 52
22 51
72 93
29 37
58 81
77 96
17 25
21 38
72 81
4 9
51 59
17 32
82 87
17 24
85 98
51 62
53 78
76 95
72 80
21 26
61 73
66 73
21 40
83 93
41 56
56 59
38 46
27 37
3 6
61 79
45 52
19 29
48 73
94 95
73 82
2 9
51 57
26 34
66 69
12 25
83 96
42 44
87 97
59 62
40 66
6 18
59 64
32 38
40 45
51 66
13 21
29 34
76 87
18 31
29 51
62 67
84 91
2 8
22 30
11 16
73 89
29 53
75 91
8 19
61 79
57 60
92 95
11 27
8 14
53 64
84 94
5 44
86 97
62 82
22 26
84 92
40 61
38 67
18 37
83 88
57 61
19 26
63 68
44 52
5 9
46 54
28 34
59 69
23 37
45 63
62 75
22 29
7 26
50 61
22 24
43 61
57 72
89 98
56 75
16 25
53 58
84 93
6 31
6 17
72 75
5 8
52 58
73 93
4 23
22 36
72 86
27 37
75 86
46 69
61 66
82 89
15 19
46 58
56 77
60 75
8 22
49 69
48 59
92 98
34 43
50 66
68 83
37 52
9 15
54 61
42 45
40 53
5 13
72 82
91 99
55 58
25 34
41 44
56 61
48 51
61 77
23 30
90 92
17 32
53 57
66 71
29 40
54 57
10 19
90 99
60 74
46 58
61 73
29 41
63 74
38 58
6 17
91 99
13 20
39 64
3 9
22 38
53 59
57 77
18 26
46 53
48 52
32 34
66 72
54 66
63 72
67 73
2 5
23 32
95 100
20 42
10 15
38 73
71 73
2 8
55 62
1 4
20 28
19 65
68 78
42 49
40 43
33 44
68 77
54 62
14 24
76 83
54 73
20 66
80 85
1 18
41 53
1 6
9 24
17 25
56 80
52 54
93 97
37 39
69 89
76 81
66 81
66 69
41 64
36 52
16 19
58 62
32 40
90 96
55 60
78 90
65 84
68 92
63 72
27 41
20 24
3 15
73 93
69 77
24 50
88 97
86 90
6 9
18 26
20 29
64 69
89 100
63 66
74 82
12 51
13 19
42 57
36 42
52 62
11 16
65 68
11 29
66 88
27 40
38 43
36 49
27 40
33 39
27 33
38 58
90 94
17 28
41 51
27 36
32 51
47 60
66 82
75 79
30 44
48 52
83 85
29 43
70 78
51 59
15 22
69 74
31 39
71 79
10 16
90 94
85 93
11 22
10 35
65 71
30 34
67 79
40 51
79 91
45 59
60 65
49 67
75 93
63 67
63 86
52 66
7 17
90 96
24 28
80 97
52 79
80 84
86 90
62 69
17 19
37 45
39 43
5 14
20 30
23 27
14 21
15 19
74 96
41 50
10 24
55 62
81 87
29 40
71 77
76 95
17 28
26 33
16 27
87 99
14 23
81 89
18 45
32 38
9 12
64 69
46 60
55 60
80 94
30 53
71 81
67 74
71 83
79 92
61 73
15 22
54 64
1 4
73 85
14 19
91 95
38 43
57 62
21 31
8 16
68 77
5 15
93 98
78 88
17 25
8 26
73 83
87 93
43 51
56 60
40 61
12 38
17 35
33 46
62 87
54 58
32 35
36 56
86 96
61 68
79 87
4 7
47 49
74 88
38 52
91 94
38 44
72 81
79 87
27 41
17 31
43 73
54 59
29 33
84 87
74 86
74 85
51 60
38 42
11 29
80 89
64 68
15 28
51 59
66 79
27 53
13 17
72 80
71 85
47 73
34 49
70 78
67 81
2 9
26 37
19 38
33 39
1 6
56 60
91 100
75 80
59 71
51 57
68 81
86 92
70 77
87 90
69 73
45 50
54 69
32 39
35 45
71 84
2 11
58 64
38 54
13 23
76 89
32 57
51 61
48 51
8 16
24 31
28 33
38 45
9 14
52 62
18 26
55 58
60 69
1 11
24 43
80 87
79 89
77 90
27 32
37 55
34 39
39 42
48 50
25 34
38 43
47 59
42 49
6 21
3 23
24 59
80 93
77 82
12 15
11 20
66 86
28 41
2 6
15 23
66 82
17 29
88 91
65 71
28 47
33 41
73 83
18 37
4 19
94 98
74 84
53 90
2 18
22 27
47 57
11 17
49 64
61 68
38 54
76 81
24 29
6 13
37 65
67 71
59 69
65 84
73 82
57 69
67 73
12 33
18 25
43 65
22 32
71 74
49 60
80 91
38 57
5 24
41 49
67 70
27 53
33 35
8 13
48 59
48 53
64 91
11 17
33 41
76 83
26 27
35 62
43 68
23 53
71 86
55 56
46 54
85 90
81 96
28 47
67 71
8 14
33 41
57 66
5 10
15 38
49 52
52 61
84 99
69 84
14 34
5 11
63 70
15 56
66 78
88 100
65 78
4 12
1 5
72 79
17 28
70 91
67 75
1 4
71 81
54 66
74 76
58 65
21 32
30 37
4 11
21 31
87 97
7 14
7 22
88 96
94 99
9 11
70 74
65 81
33 38
62 76
71 84
79 83
78 84
71 81
73 85
77 84
71 87
5 13
60 68
10 25
64 69
1 55
15 30
84 97
19 43
24 30
42 46
17 24
49 55
10 17
25 35
72 76
92 97
17 39
57 65
76 89
60 62
52 58
19 32
19 28
67 76
6 8
1 10
11 18
60 67
18 28
36 48
82 89
56 68
33 51
18 28
8 13
79 83
19 25
60 63
61 68
70 79
30 43
38 47
23 30
35 43
97 100
27 34
41 56
62 71
26 38
53 65
43 74
61 71
64 73
41 57
42 75
12 18
54 59
74 80
75 94
14 27
53 71
60 70
34 49
8 23
66 71
38 53
59 70
35 46
22 30
45 56
22 49
80 95
96 99
87 91
15 29
9 77
22 37
87 95
60 68
72 83
60 71
11 16
34 41
30 38
29 37
89 95
32 41
41 47
90 100
59 69
2 12
38 42
72 84
15 22
53 63
58 65
52 70
78 87
9 19
6 23
3 16
45 50
49 68
37 45
75 85
4 12
70 83
45 48
44 59
51 56
62 77
21 29
6 14
17 29
10 15
88 100
3 21
30 34
24 32
79 93
23 40
5 8
45 53
13 50
33 35
81 91
64 71
4 10
22 35
10 20
82 88
80 88
38 46
8 10
13 23
82 97
56 60
43 54
45 52
74 99
45 56
82 90
67 71
63 67
12 16
50 62
55 73
87 96
75 80
72 92
19 31
55 72
46 66
43 75
23 36
49 57
65 73
71 90
55 62
43 48
27 38
62 67
20 26
26 34
65 70
82 93
15 22
8 14
58 63
69 76
82 85
85 94
64 80
6 12
55 61
36 49
15 28
16 47
82 91
77 97
4 9
40 44
8 12
85 100
18 49
26 29
13 30
87 94
43 53
60 71
42 43
57 62
45 50
28 85
7 17
41 56
47 52
55 68
50 62
17 25
1 9
49 54
91 97
85 95
75 90
72 81
42 52
55 57
49 69
61 84
23 35
42 53
6 8
88 90
64 80
68 74
66 78
57 66
71 77
3 12
21 28
29 59
38 40
23 32
25 31
68 73
23 33
62 74
14 24
2 17
19 41
41 50
66 68
20 32
18 30
60 64
33 40
58 65
24 30
26 54
48 58
9 12
15 46
15 29
60 68
85 89
83 88
43 51
8 17
29 54
41 53
6 28
64 71
79 93
29 39
80 86
41 45
47 60
20 24
88 94
53 56
46 50
17 42
43 61
14 23
14 17
23 36
8 19
85 90
58 64
55 64
12 22
97 100
85 95
64 71
55 59
20 26
70 86
43 47
36 47
78 84
48 52
20 27
58 75
81 85
83 91
73 85
21 27
10 19
26 37
76 85
87 97
14 23
53 60
20 30
39 48
74 90
76 88
85 91
27 36
2 11
40 43
81 93
31 39
48 59
36 64
79 88
81 97
47 49
12 38
54 73
74 80
39 44
44 53
36 41
39 67
44 65
45 51
44 51
39 63
36 62
21 23
30 42
42 45
61 65
76 81
17 30
55 66
6 16
11 20
85 99
71 75
15 25
26 64
75 82
29 37
61 69
54 59
3 8
20 41
60 66
38 52
35 40
12 15
40 46
14 17
66 72
30 48
3 11
34 37
49 54
57 64
71 72
66 84
89 95
36 44
58 89
51 55
17 24
46 56
20 33
80 88
6 11
53 60
44 70
55 72
29 49
33 40
18 29
74 78
21 22
9 19
85 93
10 21
66 71
11 20
17 27
68 77
48 60
16 35
41 67
8 18
71 87
80 85
57 65
60 71
34 46
14 27
75 80
66 74
19 66
1 11
33 50
5 29
48 67
54 66
55 60
49 65
29 35
41 59
2 15
73 85
73 87
52 64
63 78
17 23
69 97
88 94
33 41
80 89
54 80
75 80
13 23
40 43
18 25
10 22
38 45
31 34
42 56
78 88
56 59
43 51
28 34
59 65
41 48
94 97
82 99
88 93
62 74
26 51
96 100
4 9
44 53
71 73
64 73
1 10
28 33
8 17
14 18
49 54
12 22
41 53
32 34
1 10
87 90
81 88
65 73
38 57
28 47
52 73
48 54
90 96
71 76
62 69
53 57
62 69
42 45
39 61
31 42
15 35
42 54
26 33
46 53
90 97
3 12
93 95
48 56
18 51
87 99
28 32
67 81
63 75
21 30
5 14
32 49
53 56
3 7
2 8
7 8
51 55
36 48
55 60
9 29
26 33
32 40
69 82
36 59
38 43
11 12
56 60
81 94
25 36
92 98
29 33
16 20
10 19
62 74
2 17
21 29
76 97
1 2
7 20
63 68
28 44
62 83
12 23
66 79
46 53
42 46
67 77
8 22
67 73
84 91
7 12
12 18
49 60
11 16
43 52
7 14
18 20
60 64
58 65
25 33
45 47
43 54
15 21
19 24
27 34
71 79
60 64
63 69
8 16
14 34
35 48
21 27
88 99
28 36
63 71
78 88
67 77
31 53
7 19
22 28
46 51
89 97
82 87
37 58
56 64
65 72
28 42
73 86
84 87
36 51
53 57
50 60
41 46
44 56
59 65
94 98
59 67
71 82
6 17
50 56
16 26
11 35
34 41
88 93
50 59
8 27
46 48
28 36
82 92
34 41
56 57
22 58
16 32
56 68
64 81
34 45
87 94
52 59
59 65
53 57
20 41
9 29
28 41
69 75
57 60
69 73
32 50
38 47
53 63
83 90
74 82
2 12
88 91
62 69
53 77
11 75
29 39
34 62
33 39
10 15
95 98
15 21
77 90
39 42
36 45
22 36
54 61
23 27
77 88
15 28
38 53
46 53
28 46
30 33
43 58
32 40
40 51
5 19
83 89
52 60
37 50
78 89
55 62
4 9
35 43
8 14
73 98
67 69
46 58
29 56
56 65
61 70
24 31
10 19
31 49
4 14
30 37
33 38
66 76
39 63
81 82
84 93
19 33
19 20
26 31
77 100
15 19
48 50
41 71
58 83
72 79
91 97
63 81
51 56
33 48
25 35
16 39
48 61
15 32
65 67
65 78
8 13
94 98
91 100
47 57
18 52
74 90
33 35
69 73
63 68
51 57
34 44
76 81
79 97
60 66
3 13
51 53
3 10
8 14
36 38
50 60
49 79
63 85
43 50
25 38
29 54
58 67
67 84
24 31
3 22
85 92
39 62
11 14
25 41
4 13
20 26
2 8
81 97
54 65
40 43
53 58
6 12
47 49
8 25
23 31
19 38
68 87
1 23
17 39
91 92
16 21
5 13
22 38
41 48
70 89
92 96
85 90
45 58
37 45
3 14
70 87
36 42
45 55
76 81
11 13
77 90
88 99
69 77
68 73
61 65
48 63
76 94
51 59
85 92
51 58
38 50
58 68
58 65
53 60
25 35
49 61
63 71
44 49
76 84
64 80
65 73
64 68
32 42
89 94
63 78
7 15
88 98
15 23
66 75
84 96
80 87
30 36
34 41
88 94
57 73
5 21
76 81
76 87
97 100
80 98
43 60
3 13
17 22
56 62
18 31
4 13
76 80
76 82
76 77
11 20
72 88
35 44
79 87
8 15
46 58
4 16
29 41
4 11
58 67
39 49
62 75
7 24
65 77
69 86
32 36
60 83
20 25
29 41
38 45
49 62
21 26
83 91
61 76
63 67
60 65
8 26
29 34
24 27
15 20
11 13
37 71
55 66
68 80
37 45
22 29
50 64
18 29
30 49
85 90
71 79
79 86
37 55
3 14
79 99
64 68
85 88
49 67
49 55
41 84
6 13
65 67
72 80
70 77
43 45
3 9
57 64
17 32
52 73
27 38
39 52
61 80
57 61
1 53
86 96
88 94
45 53
71 76
86 93
77 81
45 59
80 89
32 37
40 46
56 68
89 92
21 30
57 91
50 54
73 87
39 49
89 92
51 59
74 89
18 35
55 69
49 59
79 88
21 27
37 43
38 49
1 8
43 51
3 20
59 67
24 28
80 96
92 97
37 53
63 72
37 65
26 34
66 75
10 22
80 84
11 22
73 77
88 95
14 32
80 97
40 50
1 10
6 16
28 38
83 91
78 87
16 21
54 87
78 89
12 25
54 62
39 60
78 98
31 39
56 71
81 86
75 76
20 23
39 44
85 96
33 39
4 15
74 84
22 26
62 65
46 49
65 69
53 86
53 61
56 61
79 82
78 82
47 54
75 83
32 45
13 27
71 77
78 88
67 76
19 27
1 9
65 82
34 50
47 65
59 65
7 16
67 72
83 85
94 97
63 73
58 68
62 95
51 58
18 31
39 63
74 85
32 36
1 8
78 84
31 37
25 30
15 19
37 49
25 34
7 18
41 52
55 64
75 92
20 25
71 83
22 26
18 48
16 20
40 90
19 41
87 93
15 32
32 38
88 93
12 20
19 32
69 82
92 98
1 14
25 34
11 17
8 15
12 21
7 11
44 52
44 53
1 30
33 38
9 19
66 74
82 88
85 100
43 48
95 97
8 22
88 100
35 72
29 34
44 49
55 59
39 53
44 77
88 100
68 77
25 32
81 99
60 75
41 51
65 70
35 51
63 73
63 71
75 83
13 17
60 78
56 76
13 19
53 60
86 96
87 96
29 31
10 28
83 100
40 47
92 98
30 37
66 71
55 59
33 89
28 53
51 58
57 67
36 78
36 43
23 27
16 25
70 78
5 20
52 59
43 50
85 93
14 26
39 62
17 21
40 46
48 52
26 42
52 62
31 38
16 22
91 97
39 45
12 16
89 95
45 52
15 25
63 77
10 14
35 41
6 15
70 78
64 67
25 30
61 72
45 56
4 19
45 50
17 34
66 93
84 92
15 25
35 50
14 26
95 99
40 43
7 19
4 6
88 100
19 26
51 60
36 65
77 87
27 34
15 37
38 47
93 100
28 34
9 24
62 70
55 59
48 55
59 72
45 49
40 52
32 48
41 48
54 69
34 36
13 20
59 86
34 41
87 98
39 43
47 52
29 36
75 80
64 81
22 30
80 93
33 38
67 85
47 52
83 91
2 15
20 49
46 64
83 86
33 53
70 73
48 61
15 27
43 47
1 27
4 14
22 32
6 10
62 70
76 81
9 14
40 47
29 37
57 64
64 69
91 95
43 53
43 67
55 67
55 66
65 71
86 99
22 25
78 97
72 75
45 51
68 76
91 96
55 76
19 26
68 83
17 22
54 58
27 40
15 34
20 28
82 92
37 56
52 62
25 38
1 13
31 58
74 96
5 24
79 81
80 82
26 29
11 24
29 33
56 91
11 22
60 75
81 87
61 66
2 17
63 67
65 88
67 80
16 30
72 76
59 67
86 94
53 60
29 49
11 19
22 37
73 83
20 29
36 42
25 31
71 76
52 74
90 98
12 16
19 31
1 17
20 26
27 45
34 51
40 66
73 95
71 88
32 39
39 67
77 84
12 21
17 28
82 95
4 8
37 53
96 100
77 85
82 98
77 90
25 37
59 60
40 67
45 52
66 68
48 61
52 57
20 31
3 20
57 64
87 95
75 90
3 13
30 44
58 64
88 97
9 34
16 43
63 78
61 67
4 9
64 83
40 46
69 89
90 100
65 76
29 39
11 18
66 68
19 36
1 15
9 14
8 16
31 36
68 82
43 49
69 75
47 60
23 32
66 80
78 99
72 78
36 53
78 89
65 69
47 75
59 63
16 50
1 13
69 76
76 100
69 83
48 54
43 47
64 70
70 80
26 34
62 81
38 46
60 76
22 26
42 47
26 35
33 45
3 8
82 89
12 18
21 26
44 51
47 53
10 16
27 46
52 60
29 39
25 29
28 38
56 60
46 80
18 28
91 100
82 89
42 47
21 26
69 76
14 26
35 64
87 93
80 91
77 85
27 44
15 21
84 94
17 35
13 18
28 46
38 50
54 65
59 66
47 99
6 10
80 96
10 14
66 70
73 77
23 39
1 9
18 26
43 44
66 71
89 95
65 69
81 83
37 51
55 63
87 98
7 25
94 96
73 84
76 83
69 79
44 56
24 35
44 59
27 37
13 19
79 90
64 68
45 51
36 42
68 78
10 17
23 29
60 68
14 21
10 20
65 81
58 68
47 53
16 28
86 97
42 67
51 55
14 19
61 78
5 16
52 55
35 45
28 34
19 42
59 62
18 36
3 6
76 83
26 36
41 48
6 16
69 81
60 71
9 11
56 84
51 69
5 15
91 95
51 59
79 89
8 13
8 23
51 67
37 45
54 67
50 56
74 88
40 42
18 26
68 95
42 53
45 58
56 63
15 21
37 44
1 16
59 64
2 7
61 66
71 74
11 21
57 67
21 32
42 52
5 8
36 39
18 29
23 28
52 67
75 79
25 37
79 100
23 37
24 29
40 44
3 18
85 92
83 99
54 60
4 15
19 30
38 44
79 84
22 44
24 32
63 74
34 43
42 47
34 44
89 93
62 78
10 40
61 70
88 97
8 61
96 99
53 57
29 64
91 100
31 35
23 27
17 24
76 98
58 64
18 24
33 39
4 18
67 81
53 63
18 30
61 79
6 15
6 16
5 17
83 92
76 89
39 63
30 55
65 77
40 43
64 74
87 91
2 17
19 27
21 30
4 8
54 57
59 67
94 99
14 24
56 74
72 80
75 87
57 69
88 98
71 95
77 85
8 13
39 47
73 81
43 58
43 45
39 53
80 86
20 37
19 36
2 4
27 45
80 95
25 36
31 51
64 69
11 28
4 9
13 30
49 60
48 54
64 98
24 29
70 74
9 14
19 49
1 14
59 69
77 82
52 67
95 96
56 64
7 14
59 64
32 44
45 59
42 47
71 80
5 29
24 27
28 31
48 53
87 94
19 37
41 59
47 54
65 74
17 28
46 61
44 53
37 42
9 28
6 54
8 18
24 44
28 36
59 70
58 65
81 90
9 22
67 77
56 65
76 87
22 34
37 44
66 94
35 40
54 69
31 44
11 25
68 76
30 39
40 46
14 34
30 32
71 80
91 96
53 65
1 5
21 27
83 90
44 51
40 46
24 36
26 29
18 32
10 14
69 74
46 74
5 29
94 99
26 42
28 35
69 79
59 78
84 96
68 76
9 37
83 95
61 71
66 72
62 69
43 54
89 96
43 54
16 24
35 42
82 89
45 64
21 27
56 63
68 86
55 58
87 94
46 56
39 54
9 12
75 92
2 14
25 44
70 77
19 22
86 93
49 61
57 63
39 42
19 36
5 21
17 31
60 70
19 26
68 80
16 26
64 68
23 28
31 35
80 91
53 75
74 89
83 87
91 98
79 85
74 89
26 43
68 76
15 25
50 60
11 19
50 70
54 58
56 65
10 17
73 88
56 65
34 48
17 34
93 98
15 35
72 88
10 17
15 23
80 87
73 89
82 93
11 27
54 65
82 99
6 13
15 31
68 77
50 60
76 89
53 60
44 52
2 4
39 62
1 5
43 54
14 26
96 98
32 43
73 92
80 96
64 77
60 74
10 37
81 91
54 61
28 41
17 31
34 45
44 48
8 11
37 57
24 50
14 25
68 81
16 32
45 66
8 46
31 42
21 23
26 48
87 95
36 40
30 56
60 65
80 88
62 68
5 11
74 87
22 27
28 56
64 88
18 28
36 37
39 62
45 59
12 20
85 93
79 99
12 29
45 58
3 10
6 20
44 51
45 62
86 92
16 37
59 83
59 64
3 13
62 66
34 63
78 83
85 92
21 31
49 58
59 63
43 49
82 88
8 18
50 59
88 99
53 70
85 93
45 51
18 21
85 91
44 51
93 99
83 93
31 36
41 50
43 55
60 62
77 82
11 18
33 53
88 96
36 48
87 95
74 79
38 46
48 60
31 43
29 34
78 96
1 19
62 66
66 73
54 66
77 86
9 47
24 31
10 24
16 30
46 49
66 78
25 52
40 46
85 92
46 51
21 29
70 77
66 98
54 67
68 72
25 53
60 68
84 100
51 59
85 89
19 30
36 54
60 67
87 89
79 94
21 26
3 9
93 99
17 56
59 81
6 16
44 52
90 95
8 19
46 53
55 59
32 42
74 85
76 98
52 70
43 69
55 66
83 88
92 97
88 90
48 64
1 10
7 49
39 50
10 17
1 15
38 42
76 88
29 38
36 42
68 83
18 36
48 56
25 30
59 79
33 38
34 36
82 89
72 75
32 34
43 63
10 17
7 14
9 12
60 77
52 64
60 77
87 100
39 45
34 40
66 71
66 77
37 39
19 22
31 49
41 57
7 14
27 36
1 10
36 49
82 95
1 9
26 33
19 27
18 28
73 81
37 42
14 28
76 91
45 48
76 84
20 23
39 53
42 55
57 73
1 11
64 66
12 23
37 59
84 96
84 92
29 38
91 100
8 11
47 60
68 75
75 87
81 85
46 52
88 97
3 11
48 59
44 58
13 21
73 78
82 95
55 66
56 68
49 52
57 63
55 66
84 88
74 77
71 80
12 18
13 22
61 73
78 91
31 38
53 92
20 32
75 81
61 88
49 58
3 11
35 42
22 32
91 98
71 74
75 83
55 72
64 78
81 87
33 43
12 17
39 70
16 24
71 79
74 78
48 55
5 10
31 39
6 8
26 37
77 92
91 95
9 17
13 20
95 98
80 86
71 75
61 67
56 69
21 29
34 50
27 33
54 69
84 93
69 76
12 41
11 18
41 55
12 16
57 67
29 38
45 48
78 96
14 19
39 44
43 45
79 97
83 99
28 37
25 32
64 88
10 20
14 29
80 95
39 48
2 4
77 80
80 91
47 50
75 85
17 21
19 23
31 43
32 62
73 78
60 66
19 26
17 32
10 13
29 42
61 72
31 38
94 99
4 15
33 38
85 86
38 44
60 74
32 48
80 87
39 66
76 79
10 14
85 90
73 81
58 63
46 56
45 61
64 87
68 81
41 46
63 76
7 15
8 47
57 60
51 61
17 41
17 26
87 90
5 20
89 97
88 90
11 24
79 89
20 31
61 71
72 83
64 73
6 10
7 25
55 69
87 95
31 36
87 96
70 72
20 26
24 29
81 86
24 30
14 32
72 86
91 99
91 97
79 95
46 54
69 94
66 76
60 70
86 94
66 71
29 33
33 38
21 35
60 68
45 68
39 47
68 77
5 19
88 97
44 52
86 100
69 80
70 79
20 28
49 54
65 78
86 91
18 25
55 100
13 20
85 87
56 79
22 28
14 32
28 34
89 99
35 37
30 35
6 9
77 88
48 53
4 9
13 33
54 64
57 65
72 80
51 54
88 93
49 64
25 38
4 15
72 80
69 80
3 23
43 56
53 57
50 65
79 85
84 93
83 89
58 65
63 66
72 78
86 96
35 43
38 50
8 11
70 81
70 87
87 95
52 71
62 70
10 26
38 43
34 44
15 22
73 81
28 41
6 24
40 49
33 40
40 45
26 39
44 63
29 38
39 42
86 92
34 41
4 15
24 28
3 11
22 32
56 67
53 62
46 64
87 92
42 56
54 62
6 13
34 42
59 69
87 89
26 53
21 36
89 92
9 20
34 56
63 67
45 66
69 95
70 74
41 53
65 86
38 49
28 40
17 22
35 45
33 52
56 61
89 95
68 84
63 75
54 84
62 74
42 51
29 40
32 38
79 88
90 100
61 66
77 98
85 100
35 55
6 17
50 59
88 93
68 69
21 26
94 100
68 71
9 14
26 39
42 54
74 97
46 65
23 30
48 63
40 47
47 53
83 94
37 76
51 68
22 29
90 98
5 14
8 15
11 21
41 45
51 60
85 97
73 82
32 39
51 57
30 61
40 45
64 74
2 10
68 75
11 22
35 40
56 63
58 60
90 97
1 12
11 24
12 24
25 38
60 62
68 74
28 55
72 94
1 12
29 42
65 69
7 13
66 71
1 4
83 98
47 60
28 32
53 58
46 59
73 89
6 12
38 48
55 65
15 23
75 83
39 43
61 62
15 19
68 84
3 7
8 17
84 93
46 56
56 75
42 58
82 94
13 23
20 30
48 57
39 44
18 23
22 47
46 53
44 61
13 16
75 91
28 41
93 100
78 89
55 60
22 32
10 17
22 76
31 43
39 42
23 32
22 33
18 58
67 94
3 8
8 20
60 71
14 50
4 16
1 7
28 32
51 59
90 100
54 65
2 10
8 19
83 94
54 60
32 43
82 99
15 40
45 52
61 79
26 32
86 96
81 86
19 31
71 89
31 46
84 88
51 64
27 29
4 10
82 86
27 39
36 49
66 78
70 81
71 79
59 67
88 96
32 43
73 79
70 76
55 83
51 64
31 40
16 25
61 63
89 96
46 53
84 85
88 97
11 49
5 14
10 21
31 54
60 64
87 90
15 31
11 15
14 38
67 80
1 11
29 48
7 27
78 96
80 83
31 48
44 54
35 39
63 69
55 59
24 37
36 56
24 38
1 22
39 53
88 92
76 82
38 45
63 98
26 38
20 32
53 74
98 100
56 61
84 87
45 52
91 95
45 61
77 92
59 62
82 98
61 87
29 39
89 100
60 67
71 81
8 21
84 93
16 30
54 69
50 74
