100 20 20 0
00000000000000000000
00000000000000000000
00000000000000000000
00000000001100000000
00001111000000001111
00000000110000000000
00000000000000000000
00000000000000000000
11110000000000000000
00000000000000111111
00000000000000000000
00000000000000000000
00000011111100000000
00000000000000000000
00000000000000000000
00001111000000000000
00000000000000000000
00000000000000000000
00000000000000000000
0000000100000000000
0000000100000000000
0000000100000000000
0000000100000000000
0000000101000000000
0000000101000000000
0000000001000000000
0000000001000100000
0000000001000100000
0000000000000100000
0000000000000000000
0000010000000000000
0000010000000000000
0000000100000000000
0000000100000000000
0000000100000000000
0000000100000010000
0000000100000010000
0000000100000010000
0000000100000010000
6292
76 86
53 59
5 45
64 70
43 61
50 56
90 94
28 39
9 26
4 31
31 41
7 13
15 24
19 25
68 76
27 35
53 59
54 61
50 90
90 99
84 91
29 36
63 75
23 34
56 60
5 19
5 13
55 77
26 39
44 50
58 78
64 78
32 43
22 32
53 68
41 48
4 11
66 72
27 36
13 33
60 63
12 17
4 29
85 94
46 59
40 56
35 45
63 79
72 80
68 72
23 28
60 65
67 78
83 93
36 43
24 34
68 77
57 67
15 22
82 100
8 23
62 84
73 81
75 79
60 73
74 83
91 100
43 79
8 11
46 66
85 94
35 39
12 18
15 22
78 84
54 57
69 88
37 41
21 39
37 47
19 25
72 78
5 17
12 18
46 70
25 37
37 45
40 53
70 82
78 88
59 70
81 86
65 75
25 37
75 86
58 76
77 96
8 20
62 79
9 19
25 29
25 37
22 29
91 95
7 22
73 92
24 34
89 93
41 44
31 51
4 17
48 61
28 35
25 29
73 83
28 30
50 63
33 43
97 100
91 99
20 34
69 73
84 92
56 62
26 33
89 98
33 40
58 81
40 45
47 56
22 30
14 18
77 80
64 92
46 83
76 80
35 58
49 56
58 75
64 71
40 57
19 22
31 44
34 43
17 22
66 71
41 53
56 65
59 65
23 42
28 38
22 29
11 30
6 11
25 47
66 86
38 42
1 6
70 89
2 8
2 11
21 25
81 95
39 52
55 61
43 50
57 66
38 43
83 89
84 94
41 50
85 89
50 58
45 48
80 85
45 47
73 77
36 57
49 56
24 28
44 48
38 42
60 69
45 53
81 98
65 70
82 92
1 13
50 68
61 77
72 79
80 95
23 28
62 82
72 86
84 97
36 46
55 67
18 36
44 59
10 17
1 25
57 64
51 57
64 76
39 50
94 99
33 51
1 5
31 34
38 51
47 53
64 72
23 29
88 95
58 82
48 73
4 15
75 79
57 69
56 67
71 77
32 35
31 38
6 21
29 36
12 23
82 98
10 23
43 53
71 81
74 83
41 53
81 84
2 8
22 30
56 93
58 73
57 75
24 36
58 63
46 51
22 28
15 22
81 89
37 54
19 23
15 26
83 97
33 41
56 77
28 42
92 96
11 17
63 77
71 82
34 41
75 98
88 95
24 29
42 60
16 30
56 68
39 45
9 42
75 96
61 71
88 91
53 62
27 35
16 25
76 83
56 66
15 18
83 100
55 63
47 54
29 31
73 78
55 63
21 28
66 86
21 24
24 28
43 57
18 44
50 76
72 88
27 33
32 54
97 99
19 30
82 94
69 81
36 43
28 43
54 70
44 49
78 85
37 49
3 15
40 45
86 90
20 46
13 24
20 23
57 65
41 48
15 26
12 16
51 67
9 13
30 41
46 52
76 85
20 22
75 89
25 33
81 85
27 45
39 52
84 90
6 14
52 59
28 38
55 64
35 55
25 36
4 10
16 27
75 89
16 22
85 95
55 61
41 61
16 31
91 96
3 28
51 67
58 60
51 59
67 75
73 79
58 71
35 49
50 62
13 17
14 29
19 25
25 38
12 18
30 51
17 30
73 80
19 37
40 52
31 39
53 76
68 70
20 29
17 43
47 52
73 82
28 32
2 9
65 80
78 83
58 68
64 69
34 49
56 59
52 80
51 59
86 95
77 95
16 37
60 68
65 77
1 12
30 36
1 6
49 60
45 54
16 36
16 20
24 40
16 23
70 77
57 59
51 56
63 88
21 35
35 42
46 64
7 16
74 87
33 43
40 94
74 96
43 58
50 59
18 44
71 77
53 60
6 11
22 39
92 100
36 53
22 33
11 18
17 30
12 25
33 44
86 96
65 73
60 63
50 68
17 25
84 98
42 68
30 35
37 41
75 90
89 92
22 39
88 97
7 26
30 36
35 38
26 61
41 51
79 97
36 53
34 51
12 23
71 75
14 21
29 34
88 94
16 30
22 32
26 50
10 18
3 14
25 42
62 76
58 93
85 87
9 22
43 59
18 39
18 29
17 24
36 45
64 68
32 34
74 87
3 6
47 54
58 65
46 50
84 88
61 70
68 84
39 46
55 76
51 64
2 12
73 81
49 56
54 60
3 36
67 74
29 45
4 9
83 92
71 78
40 49
46 56
86 95
35 37
54 63
8 18
10 24
73 76
61 81
96 98
7 14
43 62
71 74
3 12
21 35
53 65
56 60
65 73
19 30
4 26
24 40
44 46
23 37
21 28
21 33
69 89
25 30
20 33
81 93
8 16
87 90
67 75
72 84
5 15
83 87
21 40
33 36
2 8
22 48
75 83
66 71
31 40
68 73
63 84
65 69
67 70
9 26
59 64
30 38
77 81
25 31
45 61
77 86
14 25
6 16
41 52
15 21
40 55
6 30
27 44
44 49
97 100
11 21
90 95
38 41
14 39
62 69
52 56
49 54
9 30
74 78
6 29
18 23
84 88
37 43
10 32
31 48
17 19
21 34
69 80
20 28
77 82
31 40
19 24
20 27
11 16
77 82
77 100
75 87
63 83
85 91
5 13
54 60
6 17
94 97
59 70
2 7
16 30
85 93
42 50
18 25
18 23
90 96
79 97
63 85
22 37
71 89
22 32
85 89
36 38
12 27
59 66
74 87
55 60
81 90
90 96
17 23
3 19
22 32
77 82
15 33
26 36
4 7
27 40
41 45
38 46
67 81
41 56
27 30
69 77
63 66
2 24
55 61
82 89
22 30
26 33
14 31
46 56
65 70
3 26
60 68
62 86
54 57
58 81
43 53
66 84
4 8
4 9
78 88
52 57
83 94
86 89
72 84
70 89
46 48
3 15
13 21
83 89
42 52
61 73
47 51
65 76
6 18
47 59
31 42
4 21
66 77
23 26
41 44
34 37
5 10
85 89
28 41
71 82
17 26
69 80
25 32
46 57
49 61
42 45
24 34
41 55
14 21
81 88
88 94
41 54
63 79
12 19
90 94
48 79
45 48
57 68
30 47
9 16
46 51
53 59
38 45
21 25
68 74
79 93
17 24
79 98
53 66
18 29
65 74
23 28
78 89
78 87
30 35
75 92
83 92
93 98
28 34
15 24
46 55
93 97
18 37
26 47
63 66
56 68
41 53
38 42
55 56
50 71
27 36
32 52
89 92
21 62
62 70
39 42
62 86
71 78
53 76
52 61
52 56
14 15
64 77
53 73
64 76
60 74
29 46
18 24
37 47
84 94
37 46
16 20
19 44
12 35
33 40
24 29
59 66
43 78
37 40
67 85
50 59
75 90
85 92
39 40
60 76
37 45
39 47
57 64
28 33
40 59
89 100
23 33
42 49
28 40
83 89
38 45
35 43
73 83
80 84
14 33
65 76
56 82
94 99
36 37
45 54
73 79
15 22
51 65
63 69
87 89
64 71
81 86
37 78
2 24
33 42
69 95
52 69
32 40
48 55
87 100
38 46
23 28
89 95
4 13
14 30
88 95
3 32
80 86
9 15
76 97
26 32
25 34
15 20
35 43
16 37
86 91
5 22
87 89
22 25
63 69
89 95
32 49
71 75
14 24
74 77
17 28
5 12
54 76
65 84
64 70
56 71
24 28
62 64
47 71
83 99
72 74
13 28
43 48
74 88
48 54
27 36
75 93
90 99
30 59
22 28
36 58
64 74
52 68
59 88
91 95
23 41
35 57
18 27
35 52
9 16
50 54
68 79
41 60
23 59
95 99
63 70
52 70
35 46
70 76
30 41
76 80
72 94
42 59
81 98
88 95
58 64
49 73
14 24
31 54
22 24
56 71
48 55
69 77
58 63
50 74
10 20
67 89
72 76
80 82
45 50
51 97
91 98
94 98
36 45
16 19
35 37
69 86
16 26
60 70
36 46
71 79
53 60
53 56
11 31
52 63
22 23
61 74
39 61
32 47
18 23
83 99
12 19
67 72
47 51
84 90
82 95
81 90
14 44
90 93
59 63
71 79
47 60
11 13
71 75
72 75
84 96
71 78
8 13
28 38
69 75
42 100
84 91
50 63
39 46
43 49
19 31
71 79
54 63
12 17
15 20
60 71
40 61
27 35
69 81
31 40
15 25
37 45
59 61
41 54
9 24
87 93
7 11
94 98
33 45
28 40
3 20
42 47
62 68
33 47
15 25
61 67
2 6
6 35
72 77
59 74
52 55
16 22
33 41
65 74
17 27
38 41
62 71
20 31
28 39
40 43
57 63
70 77
3 9
17 23
60 63
33 37
42 43
77 81
34 37
35 50
59 73
17 28
73 87
25 30
60 66
54 62
22 34
25 37
42 45
68 74
48 61
26 34
8 25
89 98
89 97
65 74
54 58
12 15
42 57
16 39
18 24
85 91
83 90
55 60
19 23
39 48
64 76
26 39
4 10
50 55
39 44
43 49
20 32
32 89
57 71
55 60
68 91
16 41
49 54
43 52
32 67
66 70
47 62
53 59
25 29
51 66
66 77
71 78
2 41
77 89
74 89
83 91
66 73
56 66
51 60
3 19
92 100
45 50
20 29
82 93
57 65
82 85
4 8
68 73
22 55
37 45
83 92
72 85
25 31
45 61
71 77
24 30
36 39
58 62
3 22
59 71
85 92
3 22
87 90
18 23
20 53
67 72
78 89
14 32
30 39
39 43
3 20
67 84
33 53
38 47
84 90
21 32
51 56
68 76
18 19
60 71
22 27
79 86
32 34
73 81
13 20
28 41
32 38
80 97
51 59
87 96
87 92
86 92
36 55
54 65
76 83
57 66
20 30
38 51
58 77
28 41
70 80
1 19
15 27
54 70
33 48
75 91
31 68
54 57
62 76
35 38
35 40
65 69
70 80
13 19
24 40
12 23
50 58
40 48
73 83
78 95
27 31
68 81
44 50
62 77
45 58
89 98
10 20
75 85
74 81
4 5
46 56
28 36
62 75
13 37
35 83
81 90
30 38
56 67
79 85
40 54
73 80
63 69
2 13
63 65
33 38
15 23
2 13
7 34
50 63
9 21
22 27
10 14
1 7
13 26
56 63
79 86
61 80
8 15
55 61
34 39
4 8
71 90
75 81
10 25
1 16
66 72
91 100
88 98
31 36
9 16
93 97
45 56
15 20
11 17
18 28
19 28
24 32
17 39
59 61
69 79
21 25
81 85
42 50
65 100
15 41
47 69
91 100
59 69
91 96
29 36
1 13
68 83
37 50
14 19
57 60
5 19
32 56
40 60
33 46
10 19
88 95
56 64
15 19
52 68
99 100
1 7
80 89
29 35
44 50
21 32
11 16
3 21
4 15
35 40
65 72
68 72
18 34
91 98
79 87
26 48
74 80
40 48
55 65
48 53
11 31
88 97
25 29
71 78
23 57
14 31
82 90
33 38
53 78
37 52
78 86
55 88
43 54
34 59
37 44
22 24
18 24
76 93
11 15
48 60
27 30
44 49
75 84
33 55
58 65
41 44
55 61
33 69
75 87
9 26
35 55
81 88
33 49
46 54
41 55
45 54
12 19
77 82
67 78
2 16
4 11
83 84
22 30
42 67
21 24
60 77
51 56
34 62
21 27
10 26
28 39
3 23
68 73
39 64
56 71
16 24
79 94
14 21
4 15
4 8
70 91
28 31
20 29
59 72
65 86
64 67
19 35
3 12
88 97
12 34
11 20
61 73
42 52
35 49
14 19
18 24
12 14
50 53
91 94
68 83
65 100
86 89
12 25
74 93
47 56
68 73
32 38
64 73
62 66
69 73
80 83
86 96
37 42
26 30
58 60
13 23
56 65
7 23
3 6
4 11
16 22
34 47
20 31
63 70
2 27
52 67
5 9
19 28
60 67
64 71
63 90
28 52
84 88
15 24
25 28
32 52
22 24
42 50
81 86
53 60
11 18
17 29
70 80
13 28
53 69
27 32
66 75
30 34
1 17
43 54
23 29
63 71
73 88
1 8
47 61
19 29
3 12
64 70
34 62
66 69
70 85
6 38
35 42
44 54
61 72
10 30
40 50
73 81
68 87
29 47
71 94
17 28
37 44
70 81
63 70
53 63
83 88
38 55
33 38
1 37
41 54
89 99
39 46
37 54
68 75
70 77
49 65
52 60
75 78
45 72
66 83
24 48
51 63
12 22
82 92
81 90
32 35
82 88
77 82
40 60
33 81
85 97
67 79
10 16
81 100
81 93
39 56
54 62
10 13
63 71
27 31
65 68
91 98
43 54
39 50
23 46
41 73
78 85
56 78
77 95
69 79
17 24
40 44
46 56
92 97
51 65
15 22
51 56
83 92
18 32
46 52
31 38
59 67
87 96
33 39
56 60
69 89
28 32
36 43
78 82
51 59
63 79
75 91
95 97
44 61
60 66
71 85
55 58
46 58
25 32
63 76
86 93
7 17
13 23
73 86
74 76
3 15
74 81
10 31
56 61
76 90
68 79
76 84
84 92
12 17
84 89
13 17
37 46
35 45
68 73
77 89
55 81
51 65
48 57
54 59
94 100
12 20
20 33
81 92
46 67
79 90
87 95
28 34
56 64
51 67
52 64
2 9
35 70
93 100
64 70
18 20
9 25
6 34
74 86
43 48
14 22
82 91
21 30
41 45
69 73
29 44
50 67
70 74
34 48
68 78
22 28
4 10
6 13
24 34
58 61
76 85
63 68
65 79
23 31
22 90
19 24
47 57
89 91
58 74
34 51
61 65
10 29
84 89
26 36
5 20
37 52
45 51
8 16
26 41
90 99
51 66
61 74
4 7
58 80
18 51
58 61
49 59
44 68
35 71
21 25
18 27
14 32
62 73
67 85
39 44
54 70
6 18
94 97
66 76
68 84
61 69
47 58
34 49
58 72
83 90
80 82
90 98
45 53
3 25
27 50
12 19
42 47
49 61
73 81
79 88
60 72
63 69
31 35
18 31
8 15
40 48
45 56
18 24
31 50
90 95
87 95
55 63
75 82
30 43
32 44
36 42
3 6
11 15
40 43
45 50
56 66
72 78
91 100
49 55
72 76
89 100
94 98
67 73
87 98
60 82
15 45
26 43
32 47
25 39
56 63
72 87
23 73
23 27
78 96
82 89
77 80
24 43
65 77
4 16
7 37
31 38
61 66
12 15
41 54
90 97
83 97
21 28
65 80
8 16
41 53
15 21
28 47
74 82
54 80
51 56
69 78
62 72
47 56
75 88
5 24
17 25
23 40
2 12
78 93
43 52
43 54
42 47
10 15
44 51
76 77
75 99
12 19
75 81
1 11
82 93
42 60
44 48
29 42
7 14
89 96
48 59
8 13
49 54
50 57
39 47
35 41
1 7
19 27
71 82
29 41
16 25
28 37
75 87
80 91
28 38
37 47
48 56
32 36
16 21
69 88
42 50
9 17
56 82
51 59
83 100
49 56
13 31
9 17
15 22
47 67
88 97
29 30
76 92
35 37
69 99
61 74
94 99
89 92
86 91
38 65
27 30
80 87
6 14
15 21
49 54
36 38
47 56
56 74
12 31
65 69
72 76
68 71
77 92
23 28
31 42
68 74
57 62
51 55
41 48
15 32
79 96
11 23
53 66
32 43
1 7
21 41
85 88
30 36
2 15
61 68
47 65
74 78
44 58
95 96
41 85
33 39
63 68
29 39
49 70
25 46
19 39
42 58
15 25
63 75
4 21
19 24
69 73
17 24
47 67
38 45
61 93
6 10
16 36
26 50
44 54
44 61
57 72
10 12
37 39
35 57
33 39
37 44
72 93
60 65
58 70
30 45
86 94
65 74
54 64
80 93
79 83
36 53
72 80
58 64
56 59
54 59
81 89
61 74
55 59
25 34
22 29
7 34
61 71
9 22
39 44
35 40
21 32
16 21
62 71
33 44
17 22
72 87
7 11
2 19
39 52
86 99
44 55
28 30
23 57
15 37
77 80
8 28
73 76
81 88
89 98
3 13
83 87
83 94
2 28
80 85
44 51
74 78
46 72
81 83
51 63
28 35
59 72
8 25
20 29
49 55
33 48
85 91
15 19
26 42
28 43
28 39
52 65
62 81
60 63
64 80
87 92
91 97
31 35
19 25
33 40
35 52
72 80
22 32
43 53
24 32
11 22
21 38
24 31
56 62
56 63
40 46
30 36
41 47
25 28
63 69
48 63
59 68
65 71
13 35
6 21
78 88
74 78
1 6
68 77
18 22
42 48
41 56
43 75
32 90
81 89
68 73
51 67
74 88
4 10
60 72
60 67
9 18
16 21
91 97
22 38
20 28
90 94
32 52
16 22
13 22
11 28
43 64
41 54
86 95
48 69
51 59
87 88
84 99
47 54
56 72
80 90
2 8
15 22
52 59
45 58
1 9
79 86
9 24
69 79
20 25
21 38
88 92
56 65
36 44
82 86
24 36
77 83
93 100
31 38
64 67
29 41
20 26
56 65
9 17
4 31
36 45
22 36
52 58
69 75
45 75
34 39
9 25
28 37
17 47
60 67
56 64
42 59
56 61
32 46
27 32
11 42
70 73
47 70
35 43
79 92
80 87
19 35
76 80
22 37
80 90
28 38
47 55
81 95
62 71
4 6
59 76
34 50
18 30
24 30
50 54
72 88
13 22
58 100
17 26
93 99
3 7
38 54
63 67
76 81
35 46
12 38
39 51
31 49
32 53
79 86
39 62
31 45
51 57
74 76
73 88
8 13
16 29
5 13
34 46
2 13
15 22
43 55
83 90
3 16
70 81
14 29
51 69
40 44
53 57
65 76
34 58
59 62
79 83
49 69
9 27
63 71
39 55
63 70
44 49
55 58
58 65
13 21
18 31
16 26
24 35
83 88
92 97
39 54
85 99
78 94
86 94
70 81
76 79
11 17
92 96
2 21
57 76
9 15
31 36
39 40
61 70
34 39
35 49
25 31
46 54
7 14
39 61
24 34
73 85
60 70
69 80
25 43
72 77
43 49
46 58
70 81
63 77
86 90
41 83
90 99
46 58
84 94
94 100
20 70
47 97
61 78
46 73
65 84
36 39
18 49
27 40
21 29
40 67
72 83
13 19
76 81
13 15
46 61
45 52
69 73
53 69
61 67
52 57
80 89
22 26
73 81
15 20
7 20
2 7
13 29
68 85
42 53
72 87
25 36
47 56
12 15
19 54
64 74
10 40
68 78
17 21
40 45
69 73
48 53
32 46
22 50
10 25
62 81
33 42
23 26
4 13
64 92
38 46
23 32
65 72
82 89
8 23
43 77
26 39
56 62
52 68
5 53
22 28
31 41
30 32
85 98
9 26
18 29
32 52
22 28
8 13
94 98
14 21
28 36
3 15
87 93
38 52
34 39
23 29
77 84
56 70
92 97
65 77
81 99
15 27
36 42
75 91
86 98
74 93
52 63
20 29
50 54
55 66
23 35
8 15
77 80
36 43
49 52
53 60
12 17
19 26
67 73
5 16
95 98
1 34
80 84
58 63
53 62
83 97
49 51
10 15
25 30
69 76
26 43
29 44
5 9
22 53
15 27
75 89
31 46
24 31
93 97
37 44
42 45
9 22
50 59
29 48
28 37
49 58
65 75
45 52
25 40
21 35
60 70
79 84
48 55
34 59
32 42
21 33
8 25
48 69
58 74
15 22
31 36
9 20
19 34
76 93
22 39
77 94
39 50
57 67
32 43
85 93
35 60
41 44
77 86
89 98
44 53
80 87
32 41
25 39
74 81
53 58
25 30
33 36
63 66
37 52
13 18
39 47
51 57
36 56
23 37
71 81
71 77
47 60
30 33
97 100
13 30
19 23
23 34
75 84
72 83
85 94
52 72
60 75
82 92
42 54
80 93
25 36
75 85
8 14
71 92
33 56
51 79
29 39
15 38
70 86
51 60
35 43
34 45
39 52
82 86
78 83
64 70
11 25
83 93
7 18
3 14
56 65
16 27
60 70
72 90
21 27
44 62
5 30
55 68
11 41
61 70
25 42
45 58
90 97
34 46
74 87
30 38
95 97
4 15
55 61
74 75
8 20
69 75
44 52
32 39
75 88
86 94
41 46
42 49
1 4
41 51
88 92
64 79
51 62
62 74
83 89
63 69
26 31
68 75
58 80
17 36
22 30
44 59
69 86
9 14
60 77
26 33
61 77
55 68
69 76
27 43
73 82
90 99
28 42
43 49
34 42
5 10
16 24
20 30
45 52
83 87
17 19
55 71
50 56
41 46
65 74
44 63
78 87
47 67
12 21
95 100
48 59
39 48
17 23
61 80
51 69
15 20
81 96
75 93
45 61
69 86
8 15
37 43
87 94
8 20
42 55
90 99
22 35
87 96
77 94
3 13
44 48
51 56
11 34
60 61
16 30
68 69
80 89
42 50
14 23
75 80
85 93
47 57
12 29
52 61
24 39
93 100
36 42
83 95
2 13
5 17
17 70
88 97
67 76
3 10
92 100
43 59
32 44
60 67
83 90
2 20
64 85
19 31
24 32
95 100
1 17
34 45
51 58
68 70
65 67
34 41
62 75
31 71
58 74
77 80
53 63
86 97
56 75
7 18
89 95
59 72
39 60
80 85
37 45
73 84
67 78
42 65
53 67
85 90
76 80
46 49
84 87
18 30
75 86
84 90
80 89
50 52
72 79
64 70
10 16
53 57
84 96
72 96
4 9
22 25
56 76
14 44
40 45
75 89
6 29
10 26
5 13
89 94
46 49
34 39
39 60
60 70
35 37
81 90
81 90
30 49
61 71
35 42
9 19
77 83
61 64
71 78
13 21
33 47
57 67
76 80
54 58
9 31
11 15
45 66
13 18
1 7
63 80
67 82
44 51
16 20
7 46
27 29
34 50
17 20
31 47
62 70
6 9
19 30
71 81
12 41
70 84
38 48
14 27
3 5
1 5
3 17
28 31
76 87
73 82
47 53
83 90
18 28
41 54
69 76
2 19
2 11
2 17
12 18
52 79
13 46
95 98
82 97
94 100
89 96
63 70
17 29
26 30
31 41
36 55
36 41
14 23
8 11
71 79
22 34
37 48
12 19
11 26
75 84
5 13
58 61
7 13
47 71
67 75
16 30
22 28
77 86
22 37
43 71
10 32
74 93
44 64
74 95
53 70
68 91
68 74
2 14
61 76
69 83
25 33
6 9
53 56
29 36
8 11
91 96
23 48
26 45
76 86
44 60
31 35
59 69
44 58
83 92
39 55
42 51
24 42
79 97
73 87
27 37
30 39
39 53
21 29
27 51
72 81
2 15
10 18
14 25
55 64
50 55
84 92
53 58
53 62
70 85
46 59
43 50
76 88
48 53
13 23
38 47
58 88
80 87
83 90
50 59
39 50
79 82
41 58
56 65
86 90
68 74
45 62
73 92
90 97
54 61
7 14
19 21
62 69
76 78
62 85
8 35
73 81
34 38
55 72
21 44
77 98
15 27
16 23
26 33
13 22
34 49
79 85
10 20
5 10
38 48
40 58
14 33
20 29
51 60
46 56
24 33
20 33
60 63
60 70
91 99
44 61
74 81
75 86
91 98
12 17
69 73
33 48
38 39
13 14
78 90
19 25
62 72
2 15
27 34
56 74
83 91
70 78
86 95
3 15
79 100
41 53
13 38
3 16
70 73
49 54
66 89
18 23
45 59
24 29
28 34
22 28
17 36
84 91
11 15
86 95
75 80
82 97
11 16
5 15
86 100
18 26
68 78
56 89
26 32
63 71
86 96
24 42
1 15
67 84
88 97
65 79
37 47
43 46
67 78
94 99
67 79
46 55
67 79
42 53
50 58
43 49
26 34
36 41
84 96
54 60
33 42
47 56
95 100
53 65
33 54
70 76
50 63
25 41
48 51
48 55
54 63
73 81
7 13
5 13
27 38
77 86
19 24
64 76
40 45
7 9
8 11
24 35
11 30
33 42
2 11
84 94
42 50
58 65
20 44
61 69
45 56
16 29
21 27
9 20
62 68
51 60
15 21
42 49
9 14
29 38
94 100
61 65
93 96
67 79
49 59
51 55
20 31
71 90
19 39
57 76
26 36
29 51
71 79
44 53
14 31
12 24
27 39
49 58
86 94
15 16
63 66
33 45
93 98
69 92
64 77
80 89
11 30
93 100
58 65
17 22
38 44
39 52
25 38
46 57
82 97
66 75
33 36
85 93
68 77
62 74
83 88
70 91
1 4
4 7
47 61
19 25
72 81
65 68
90 95
18 69
88 97
66 81
55 68
43 58
61 91
6 17
84 89
55 63
70 75
83 92
18 28
11 23
26 42
69 79
11 25
39 62
15 19
21 38
41 58
40 50
59 68
45 54
26 30
29 37
88 98
60 68
92 99
78 84
45 51
79 90
77 95
67 73
65 74
71 77
64 66
79 81
45 52
49 53
28 30
83 93
17 38
49 62
43 47
68 86
42 46
42 48
52 63
62 71
17 26
31 36
57 74
82 90
48 53
54 58
14 17
57 82
35 46
59 62
57 62
16 19
56 66
59 73
60 80
53 59
27 51
7 34
24 32
75 81
7 12
3 17
1 7
31 73
28 45
80 92
47 70
49 83
61 68
44 50
30 36
73 78
28 39
48 55
82 90
77 85
43 56
36 39
18 21
20 32
47 50
35 48
14 27
62 88
18 39
86 94
57 72
80 87
33 51
70 75
6 10
19 25
79 80
60 82
11 14
12 19
84 100
22 37
16 59
14 23
4 17
66 72
90 93
83 85
68 87
92 95
10 14
54 59
52 55
19 29
20 42
31 36
21 40
75 82
32 42
69 76
51 57
53 60
32 39
25 35
52 55
64 73
81 90
66 69
5 34
17 21
38 42
82 90
5 24
66 71
51 62
51 58
40 47
23 40
46 49
20 29
41 61
57 65
15 26
66 82
33 37
49 94
34 45
28 31
5 17
59 71
40 44
13 22
23 39
28 37
29 34
44 91
91 96
38 57
90 97
93 97
77 84
44 46
33 38
46 51
60 65
17 26
34 46
59 68
66 75
34 45
85 98
67 73
27 54
57 76
15 20
38 45
48 60
64 98
15 17
17 21
2 11
56 60
38 51
80 88
60 67
42 48
35 38
70 95
66 77
38 45
41 51
40 46
8 55
49 62
2 14
48 51
8 19
66 72
12 17
18 30
15 37
23 41
1 4
23 46
11 29
21 30
18 42
86 89
49 81
60 77
80 88
18 27
64 70
36 45
12 17
8 19
8 10
8 15
15 22
75 83
46 75
89 94
9 18
7 11
21 32
36 46
24 31
82 99
83 93
70 78
27 58
65 77
32 46
67 78
44 48
52 59
24 38
14 20
12 22
34 50
51 55
73 92
56 62
69 72
10 17
43 56
85 94
71 82
17 22
61 72
50 61
78 92
19 33
40 50
46 59
38 81
95 98
62 68
65 67
68 75
76 87
15 50
44 47
53 58
32 37
67 77
10 23
14 26
26 30
74 80
42 51
37 39
81 92
16 31
70 77
4 24
32 47
41 55
54 57
44 63
25 34
65 78
10 22
47 63
3 24
67 82
40 50
80 90
16 22
12 16
27 36
49 56
42 48
73 82
36 41
14 25
72 99
24 30
24 33
89 96
2 6
85 96
71 78
34 47
30 44
49 62
90 96
9 12
22 26
73 78
73 83
17 22
9 25
24 38
51 52
12 40
1 16
53 61
87 92
35 39
4 10
10 18
25 33
77 98
47 60
50 75
15 22
74 81
46 54
17 27
49 58
36 42
87 99
91 94
72 88
69 89
21 29
9 16
23 29
18 31
45 47
33 40
15 20
38 46
11 25
68 79
57 64
60 70
22 28
86 90
66 88
54 59
29 43
41 60
43 46
20 25
14 35
20 33
64 76
77 88
60 67
89 98
58 83
62 76
63 74
22 28
4 12
51 74
69 92
87 98
74 81
87 93
20 32
33 45
17 20
29 51
55 64
43 46
95 99
74 79
49 61
88 95
56 69
27 40
53 61
29 54
90 98
66 78
71 84
19 26
76 81
25 32
9 56
6 17
20 30
75 82
30 41
22 28
76 85
49 68
63 67
44 77
10 20
30 46
72 83
85 98
28 44
43 50
4 9
59 67
37 39
12 25
71 80
13 18
41 50
38 49
72 84
18 25
41 74
80 86
73 79
43 58
25 28
63 66
28 45
31 52
58 63
72 80
21 32
89 98
27 40
20 30
54 58
2 4
78 85
12 20
79 88
44 50
68 74
14 24
24 27
5 8
54 58
71 95
30 55
36 44
18 29
32 59
1 14
67 88
48 58
82 88
45 62
43 49
57 65
8 27
13 17
8 11
7 14
54 69
17 48
21 38
65 75
8 28
68 80
23 31
93 95
84 100
83 91
46 57
69 83
53 66
77 79
72 78
29 47
45 59
69 77
24 34
29 39
24 39
78 89
55 62
43 44
9 23
54 59
38 46
69 93
82 86
65 69
14 29
6 17
32 36
77 85
84 93
72 75
45 58
15 50
85 91
56 73
68 79
59 82
13 17
33 48
83 85
2 14
69 74
73 86
40 65
51 65
9 35
74 88
78 92
19 29
68 86
66 73
61 63
59 70
84 87
6 14
25 34
42 43
82 92
59 66
54 75
70 84
44 49
31 59
50 56
26 64
69 94
49 61
23 41
68 73
35 40
74 79
88 94
29 40
72 88
33 41
9 18
50 58
71 80
16 27
49 61
46 48
32 39
46 52
8 27
68 82
71 74
25 35
12 30
70 73
38 49
45 57
44 55
61 76
52 62
70 77
53 71
40 55
63 67
17 31
42 52
78 83
37 48
28 31
50 64
45 55
7 12
11 19
19 29
26 29
14 23
39 49
9 13
7 12
83 100
74 85
43 59
85 95
46 59
40 46
70 83
81 88
17 27
28 32
19 28
23 30
22 27
76 78
80 94
79 91
43 49
13 16
49 56
60 74
18 24
77 80
30 55
69 91
55 58
52 58
25 32
67 84
54 60
83 97
31 49
48 64
9 15
76 84
25 33
15 18
50 55
90 96
57 64
75 80
29 35
5 25
10 22
12 25
6 30
45 48
72 78
6 14
48 86
19 53
17 59
11 27
82 91
91 96
72 84
79 93
79 83
61 67
3 17
33 95
72 83
35 43
1 20
10 15
51 53
84 87
9 11
36 45
41 47
82 95
33 60
43 49
72 83
95 98
53 58
53 65
54 64
30 37
22 28
81 88
58 61
13 18
64 73
42 53
44 56
43 54
55 64
29 38
21 49
3 17
84 93
11 20
37 40
31 36
83 92
30 35
27 28
11 39
56 68
61 72
46 51
87 94
75 79
70 81
56 69
87 95
19 44
39 50
71 86
67 73
82 91
12 20
27 73
12 18
67 92
87 91
85 97
39 43
50 58
75 80
3 12
13 18
11 14
3 23
29 54
79 91
42 66
83 86
70 86
80 90
20 32
15 27
37 46
94 100
14 24
67 89
2 15
10 12
42 51
4 9
57 62
83 87
30 39
14 20
1 21
54 82
1 8
12 16
66 73
90 92
90 93
68 80
70 95
45 49
34 40
27 38
56 60
48 56
85 96
3 14
41 44
3 9
69 89
50 57
70 75
2 20
35 38
76 82
18 23
81 97
69 73
23 32
45 55
70 76
76 87
11 23
35 72
49 53
11 30
74 87
3 11
6 20
76 79
14 18
11 14
9 12
21 37
77 87
4 22
62 70
71 79
38 55
18 27
22 29
17 21
24 37
22 29
35 40
41 48
1 11
9 14
2 15
83 88
67 76
30 42
59 71
33 37
81 92
17 41
87 92
26 39
2 5
8 17
45 73
29 40
17 34
79 89
58 64
64 71
17 23
83 89
50 64
55 69
57 83
53 60
16 27
9 38
64 70
31 32
58 98
24 50
30 51
27 31
45 50
50 53
62 92
5 6
33 40
53 65
12 19
24 32
43 49
26 37
13 36
46 53
61 69
81 90
89 92
30 48
52 59
80 86
55 65
25 42
51 63
66 77
76 86
61 69
81 91
56 88
8 29
47 53
28 31
46 61
16 25
43 57
76 85
33 36
38 45
49 62
46 52
9 17
58 71
27 100
59 68
49 52
57 82
65 67
64 70
25 35
74 81
65 84
64 67
88 100
11 15
79 81
56 70
21 29
58 66
20 55
57 70
21 35
76 84
64 71
43 77
60 68
22 35
9 16
10 26
58 60
64 75
86 90
58 62
23 31
69 94
20 26
70 80
70 81
11 17
86 92
17 23
10 50
41 44
70 98
15 24
81 93
64 74
38 45
2 13
75 92
22 25
94 97
16 18
93 98
44 76
37 56
85 92
1 5
3 17
87 94
69 74
28 33
48 53
1 16
30 40
92 100
11 13
61 65
14 23
65 89
92 94
54 60
67 72
27 39
7 15
61 67
77 85
16 70
84 85
28 56
23 38
73 78
74 79
31 42
22 27
18 25
59 69
74 78
74 81
68 78
75 91
45 63
21 42
50 68
6 10
83 91
79 91
38 42
67 71
3 9
28 34
86 90
71 85
1 18
87 95
74 84
52 62
74 80
52 64
73 83
40 45
87 97
29 39
63 77
17 38
64 69
72 80
4 23
36 51
12 16
77 90
24 55
8 14
43 47
66 71
28 32
25 38
1 34
18 20
4 25
83 99
76 83
29 49
71 92
42 63
33 38
52 83
40 66
39 44
40 56
29 35
52 61
23 56
65 75
73 82
77 81
2 13
31 37
40 48
25 38
64 81
30 50
83 89
42 49
69 81
51 64
67 78
48 52
47 52
22 30
31 37
37 57
9 14
65 68
83 98
84 86
4 15
68 76
70 88
79 94
59 68
51 57
25 41
90 97
72 77
37 49
59 85
26 56
65 77
35 44
74 78
25 46
4 5
3 13
37 40
5 9
25 28
21 43
69 78
73 91
81 93
10 28
7 32
6 13
47 61
31 53
4 11
10 17
87 96
66 79
69 83
19 26
65 69
8 12
45 50
72 90
26 37
48 52
51 60
66 75
73 90
42 60
68 73
67 78
19 24
78 90
82 98
41 52
47 64
19 27
79 82
85 90
53 61
71 90
40 47
46 57
66 73
60 64
63 66
59 64
74 80
91 96
53 60
88 96
47 54
44 55
16 25
69 82
81 88
48 61
32 34
11 22
19 22
17 46
55 62
25 30
81 98
57 63
50 58
52 64
23 30
51 56
70 77
68 72
50 63
31 46
87 96
89 93
77 88
49 70
51 61
21 30
45 52
31 37
73 95
4 23
7 25
8 17
59 63
79 82
21 28
23 37
81 84
51 59
45 57
22 40
73 78
80 98
76 80
22 47
47 57
86 93
7 16
83 88
31 35
50 57
2 6
79 83
22 42
7 17
69 81
32 47
14 19
84 89
53 59
65 79
5 30
4 7
4 14
32 42
75 90
72 76
21 37
86 91
77 91
55 59
16 37
45 50
43 49
46 75
54 62
51 56
44 51
57 68
15 25
30 36
17 29
77 86
89 96
52 62
14 16
25 28
21 58
53 65
58 67
91 99
25 36
50 59
7 13
28 43
49 54
35 40
15 30
8 13
37 41
7 15
11 25
77 82
68 70
15 23
27 30
55 69
5 18
46 63
13 54
45 58
82 97
45 52
63 76
50 58
7 20
58 89
11 20
52 65
58 62
53 62
81 90
46 68
55 60
90 100
88 99
44 59
21 29
92 98
54 74
3 6
31 45
4 14
28 31
53 64
45 62
6 16
24 32
78 87
17 21
16 27
88 92
54 71
13 20
77 95
76 93
62 70
56 69
83 100
21 38
77 84
35 54
74 86
6 13
28 32
43 58
81 95
47 70
46 54
47 65
61 74
81 93
3 13
26 38
82 94
81 92
49 59
75 97
33 89
84 89
20 30
76 78
60 79
87 93
12 42
81 95
36 45
7 33
37 43
3 11
39 54
23 38
36 49
36 72
42 60
70 76
54 58
13 17
24 32
82 85
30 51
19 22
64 72
67 94
40 52
21 32
5 17
22 30
36 60
28 33
41 55
31 41
52 64
36 42
37 55
41 65
21 38
61 92
65 71
1 13
2 21
2 11
46 54
58 65
14 20
24 28
31 56
17 27
85 90
2 16
49 55
62 69
21 51
23 38
25 48
69 76
9 12
58 65
77 87
35 49
24 28
94 96
43 51
9 17
72 84
65 94
82 94
8 21
15 21
49 58
11 27
67 72
7 41
71 75
51 56
6 10
83 85
13 58
60 64
73 75
36 39
54 78
75 85
4 16
93 96
16 27
23 29
30 45
21 32
17 20
62 70
82 91
68 77
14 22
86 90
79 85
78 88
34 37
67 75
56 61
44 54
79 94
15 19
31 51
74 87
58 71
23 46
84 92
23 28
21 37
6 45
22 32
78 85
27 32
60 70
8 14
33 40
8 11
86 96
87 96
11 27
51 77
87 93
71 83
66 83
52 60
59 65
42 47
35 62
33 52
19 23
76 81
24 44
9 20
57 65
12 18
55 62
51 85
44 53
9 22
43 48
35 47
35 53
71 78
14 21
69 76
79 90
22 25
28 33
54 71
16 49
85 93
65 77
77 85
76 93
49 55
27 33
45 54
58 62
67 73
63 77
80 83
59 83
94 98
56 74
47 57
20 46
58 68
16 27
76 85
7 14
29 43
14 20
53 62
59 64
86 91
73 96
58 62
34 64
49 56
62 66
49 53
43 51
77 95
31 55
20 21
7 11
79 95
47 51
59 66
76 83
63 75
26 34
17 38
16 36
54 63
43 51
2 10
32 38
91 94
58 67
7 24
12 22
7 19
48 51
29 47
47 53
47 52
76 82
34 50
60 70
69 75
10 27
75 84
79 92
54 79
63 68
49 55
13 32
53 56
26 36
50 56
24 41
46 52
67 92
59 93
43 46
82 98
43 44
18 22
31 42
70 95
34 38
2 5
64 83
8 13
11 14
15 19
71 81
52 60
13 24
10 25
22 30
42 62
9 20
15 23
58 77
80 84
69 85
15 20
55 77
43 51
36 39
36 59
87 91
62 69
64 79
16 48
41 53
72 79
49 62
15 39
1 10
59 62
2 12
12 25
58 73
6 9
82 89
77 80
48 60
7 16
26 38
75 78
18 27
66 83
65 83
29 37
30 36
52 57
17 34
43 53
77 87
47 48
74 77
54 66
48 55
4 8
59 67
74 79
34 44
21 31
65 75
82 89
88 98
38 50
53 57
11 29
11 21
89 93
79 97
32 50
71 74
51 59
42 56
14 33
95 99
61 66
18 23
6 14
51 57
45 54
44 58
63 81
71 90
18 49
58 62
8 25
74 87
66 68
29 40
50 53
12 23
85 98
53 57
81 94
6 10
21 25
50 62
41 43
37 41
91 95
20 24
41 50
50 52
47 61
81 90
43 72
20 26
40 47
44 57
24 38
23 36
40 51
25 38
46 52
82 92
1 4
1 8
48 53
5 9
56 73
32 58
76 91
18 29
67 77
11 24
91 100
28 33
82 87
91 96
44 51
6 19
27 49
62 68
44 47
13 22
58 79
59 67
76 81
39 65
85 97
39 55
45 59
83 99
81 94
29 43
71 81
39 51
64 78
50 79
20 23
43 64
29 33
44 95
22 36
75 91
64 72
8 13
17 26
48 55
42 48
8 13
72 95
54 66
60 66
38 42
16 25
65 72
13 20
16 47
30 42
6 23
53 62
22 32
61 69
8 17
11 22
43 51
24 28
54 74
17 26
91 96
5 21
61 74
47 60
23 28
56 78
21 34
23 37
66 70
32 55
9 41
37 46
49 89
73 86
48 54
16 49
70 86
91 99
3 8
57 59
35 41
5 20
36 46
48 49
85 94
59 76
32 38
36 44
54 65
60 67
49 54
27 32
70 77
66 85
21 26
57 61
51 60
38 44
53 58
19 34
31 38
8 44
77 97
55 63
5 19
82 89
65 72
2 6
89 99
83 93
20 33
65 73
71 81
43 49
68 70
68 74
67 73
52 56
46 48
81 83
49 50
56 62
91 94
75 84
53 58
63 70
52 60
21 26
27 31
73 92
13 19
19 25
45 62
64 67
67 79
55 65
55 57
50 76
38 46
15 21
58 81
26 38
30 37
68 74
23 26
3 13
16 25
68 77
16 32
70 77
38 54
64 71
10 15
50 57
40 47
7 9
30 39
59 63
76 85
35 46
5 11
28 37
76 81
18 39
72 80
74 81
37 38
45 52
80 90
87 97
77 95
23 29
80 84
53 71
67 88
2 13
69 83
83 94
4 7
25 30
51 55
66 74
15 21
32 37
30 34
73 79
45 58
67 70
73 85
32 53
3 13
5 19
66 79
13 82
85 97
12 18
82 92
62 70
90 97
77 92
65 70
36 56
31 38
4 17
38 45
23 34
11 23
57 88
40 53
35 42
60 65
45 50
1 7
4 23
60 74
49 53
66 71
25 32
77 80
29 44
39 53
71 77
79 89
32 44
51 56
69 74
45 54
52 64
74 79
28 38
6 12
38 46
46 52
26 32
64 82
55 58
37 45
11 12
65 72
5 14
52 63
86 91
23 31
42 59
46 66
16 20
25 28
20 24
53 59
82 97
95 96
30 41
54 60
63 80
31 39
35 38
83 85
53 59
36 41
92 96
81 90
88 99
93 98
70 92
64 86
57 67
72 77
21 24
22 39
1 45
72 75
17 24
67 72
20 27
45 58
23 30
15 34
38 65
31 42
65 68
79 88
90 99
55 76
70 87
90 99
76 80
64 74
69 96
25 32
68 76
41 47
5 11
53 59
33 45
30 33
30 32
62 67
7 12
71 75
1 3
2 29
12 16
76 97
57 65
52 59
42 65
70 80
34 50
87 91
85 95
39 47
24 28
82 93
46 52
7 21
56 63
65 85
45 59
68 80
35 41
16 20
74 84
3 13
35 40
46 51
49 72
21 26
14 19
14 34
5 31
3 12
63 71
70 76
86 92
65 72
14 38
19 29
40 47
65 69
71 83
49 57
75 84
14 28
94 98
25 55
57 74
42 55
43 53
17 26
45 50
49 55
9 20
13 17
23 26
2 8
36 40
70 80
90 100
45 51
59 66
14 20
60 72
87 100
68 77
85 94
16 25
45 61
81 89
34 52
56 82
36 45
32 49
78 85
79 90
77 85
33 43
76 83
88 98
9 28
32 47
37 49
25 58
47 57
80 97
24 31
73 90
29 34
48 59
25 30
46 53
61 71
69 84
3 10
59 74
36 53
33 46
20 33
80 83
53 57
68 74
24 37
23 29
10 45
37 43
64 69
17 25
74 99
39 50
51 64
67 77
35 64
70 75
56 72
33 41
17 20
61 90
22 29
47 50
21 26
64 72
73 79
23 50
57 82
27 36
45 48
82 95
22 29
65 74
59 63
75 80
53 61
29 31
15 27
71 83
22 29
32 40
4 24
88 94
39 49
21 32
9 21
1 16
9 12
14 22
9 37
86 98
89 97
56 76
74 79
82 93
67 74
68 70
97 100
26 39
89 96
15 19
49 60
58 64
9 17
16 22
60 73
20 38
74 79
66 81
79 90
45 50
19 43
64 75
53 60
10 15
15 20
46 70
63 91
24 30
2 6
2 15
48 54
75 91
78 86
58 63
34 36
67 84
9 34
53 57
17 28
93 98
53 59
9 19
72 81
32 43
40 44
58 65
19 49
24 33
85 95
69 74
77 99
36 61
51 61
80 86
71 87
6 12
19 36
14 40
28 35
84 98
47 51
2 8
91 97
56 76
36 44
62 96
82 91
60 67
11 15
65 78
67 79
91 96
18 22
4 13
53 57
54 59
1 3
58 72
83 86
79 82
38 41
49 54
59 69
79 92
12 26
35 40
93 95
21 24
64 68
10 27
29 44
28 62
57 66
54 61
71 77
85 97
21 39
46 58
37 61
66 70
74 95
43 52
65 76
40 45
14 18
34 53
74 82
44 51
70 83
41 49
74 78
47 75
9 20
8 22
74 80
22 24
86 96
86 96
73 84
39 43
74 96
52 61
18 25
21 28
49 51
1 11
50 55
63 80
55 59
32 45
62 67
3 18
6 17
24 26
61 79
14 22
56 61
87 100
46 72
54 64
45 50
72 95
89 96
6 15
31 44
48 53
40 42
53 65
16 37
86 97
91 94
43 47
7 15
50 56
2 13
83 91
23 35
42 48
62 70
81 87
75 83
16 25
10 32
16 31
34 45
36 40
8 15
50 59
39 53
4 7
82 92
43 63
11 19
61 66
29 34
53 65
22 37
59 64
77 93
88 94
83 87
24 32
71 77
61 71
3 26
32 47
6 31
46 62
51 69
91 97
49 63
34 44
61 87
36 56
29 47
42 45
85 95
16 21
9 14
46 60
27 46
34 41
80 82
80 90
77 88
8 25
26 75
54 60
88 100
4 15
57 61
39 46
36 39
77 92
42 56
90 95
29 36
38 49
42 54
82 94
37 47
60 69
57 61
32 49
47 56
62 73
78 88
87 95
61 65
12 31
4 11
40 56
24 31
77 81
73 81
71 78
48 50
26 35
38 44
60 68
25 36
39 46
33 38
60 73
5 11
18 28
27 35
84 100
81 87
81 86
45 50
38 52
77 87
79 86
34 51
78 98
92 99
31 43
69 73
85 89
16 23
45 51
62 64
10 24
73 80
78 86
85 95
16 22
7 11
59 79
78 80
1 8
39 53
73 84
23 38
45 50
17 27
19 30
46 56
21 27
24 31
23 35
30 42
93 98
62 76
66 72
31 47
10 23
58 73
67 75
57 68
97 100
41 50
88 96
34 47
1 24
74 82
60 73
57 71
6 24
65 70
64 78
3 14
92 95
81 84
15 24
38 42
44 50
2 13
11 26
46 63
62 67
18 58
3 31
60 69
70 77
75 77
26 39
33 53
58 66
29 33
93 99
7 23
6 24
50 67
48 63
54 55
8 14
50 52
81 91
59 74
58 59
22 38
48 68
8 25
60 70
37 42
54 68
4 16
50 57
56 64
47 49
15 23
45 57
6 25
9 17
95 98
32 41
4 13
32 38
54 64
3 11
30 36
10 16
64 75
17 22
37 41
24 31
90 100
37 49
20 29
65 71
5 19
64 77
42 79
58 70
74 86
73 89
12 24
19 39
31 36
4 23
61 73
92 99
63 75
52 66
68 71
50 65
50 57
23 32
1 5
92 95
4 10
58 65
20 22
8 45
9 14
86 90
23 33
4 13
65 96
70 77
24 54
72 85
14 22
55 59
72 89
14 30
18 22
52 57
27 38
78 80
50 56
81 89
30 39
74 82
20 26
77 94
92 96
57 61
77 89
40 43
51 68
4 16
12 21
62 71
19 30
28 32
25 27
30 46
51 70
75 92
52 71
11 18
18 23
23 30
80 88
92 97
60 73
50 58
11 25
75 87
68 78
23 45
41 51
51 73
24 40
31 43
78 87
9 19
29 38
22 30
71 99
56 74
80 90
21 32
45 55
31 44
26 55
87 96
74 80
19 35
78 88
30 45
16 24
23 35
51 70
80 83
41 60
38 44
45 53
62 77
45 54
72 85
21 29
26 39
5 9
16 33
69 87
5 31
54 61
16 28
45 69
32 40
62 88
88 100
32 42
60 75
77 86
44 60
32 61
52 58
11 37
58 78
21 28
68 83
50 59
67 79
53 65
41 61
26 38
69 100
3 7
24 42
75 81
61 67
18 39
29 44
96 99
6 12
73 87
88 94
50 57
1 4
1 7
77 92
15 24
42 78
5 13
80 93
40 55
22 35
69 75
82 90
88 94
59 65
18 22
25 45
58 66
6 11
5 16
43 46
50 60
72 76
55 75
68 85
59 79
68 74
60 74
60 88
69 78
95 97
87 93
7 53
4 10
82 85
24 35
22 35
39 68
63 84
47 54
13 17
6 21
85 94
74 96
20 34
89 95
34 39
26 40
17 25
6 10
47 53
69 79
72 76
28 45
47 51
18 24
24 30
55 62
29 39
8 14
86 93
62 68
23 25
87 94
27 37
17 23
7 15
16 33
78 91
51 56
62 82
23 32
73 79
53 64
54 88
35 75
65 75
27 34
65 72
26 34
58 66
14 22
83 98
94 96
61 68
67 75
39 48
21 25
33 40
93 97
56 59
8 14
49 55
76 85
8 25
61 65
71 83
39 50
37 45
78 93
55 63
4 6
90 99
35 44
21 33
73 78
8 16
25 43
18 29
88 90
38 48
15 31
44 53
12 20
30 38
21 25
67 79
90 100
79 83
28 36
40 49
20 26
27 37
50 62
34 45
60 73
27 33
33 44
31 49
55 59
14 18
17 21
32 80
25 28
81 94
13 24
32 52
67 73
30 39
59 76
56 62
13 20
51 65
90 95
57 72
45 58
74 82
6 9
23 36
46 54
66 79
46 55
43 51
46 54
30 38
43 52
72 89
66 76
21 31
84 96
26 44
42 54
60 86
25 59
37 51
19 39
15 20
73 83
28 39
1 5
80 93
4 9
61 74
62 67
61 65
19 38
58 70
64 69
89 97
90 98
37 82
70 93
70 78
26 47
58 64
9 15
59 73
60 68
76 82
6 18
82 87
64 72
49 53
68 72
88 92
26 35
15 20
9 13
27 32
63 85
33 37
45 59
12 36
16 45
56 71
52 63
91 98
13 21
25 49
41 55
65 71
19 33
1 4
4 21
17 38
37 59
89 99
55 69
63 84
40 70
28 35
76 95
7 20
52 68
79 87
87 94
94 99
39 57
37 43
30 40
2 15
84 95
7 29
68 86
42 50
76 89
59 65
21 31
67 86
27 39
63 73
21 27
61 64
28 37
72 78
40 43
42 55
5 12
10 29
89 99
80 91
81 87
84 93
2 10
30 41
91 100
45 63
82 89
75 99
83 89
74 91
43 54
56 66
74 75
64 82
57 60
10 19
70 96
75 78
27 40
38 46
64 77
27 41
40 49
94 98
50 64
66 75
94 96
59 66
80 91
39 50
67 82
10 38
23 27
62 70
42 54
45 78
72 83
20 26
72 75
17 23
48 50
27 38
71 81
56 69
73 79
97 99
25 28
18 31
92 100
68 71
41 58
71 74
6 33
1 8
60 69
37 59
20 54
73 82
5 12
79 87
73 99
16 37
11 12
77 82
95 100
63 70
50 56
27 39
27 69
44 83
42 57
75 80
37 45
5 9
56 76
82 94
67 78
51 59
73 94
61 72
80 90
85 89
10 23
56 66
50 76
52 57
81 86
45 55
60 69
68 72
55 62
59 64
8 11
30 66
7 14
69 78
60 74
65 70
65 74
77 80
2 6
13 20
57 69
12 43
37 38
42 70
78 90
46 54
66 96
1 5
9 33
55 76
43 45
15 20
9 16
13 43
43 46
20 23
12 17
47 63
39 45
50 66
10 18
49 54
23 31
79 89
23 27
72 87
37 50
4 24
83 99
51 72
60 67
84 95
54 65
52 68
16 25
26 35
17 23
45 50
48 78
80 82
43 56
21 30
24 32
36 40
30 39
50 62
79 88
57 72
63 70
5 14
2 11
21 29
26 36
26 48
68 74
31 35
83 91
79 91
35 45
26 39
45 49
27 35
85 93
63 69
67 72
91 98
46 71
69 80
74 78
69 84
30 33
60 74
36 48
15 31
43 48
34 45
57 71
92 95
64 79
92 94
78 89
71 83
37 71
82 91
76 84
67 86
58 78
31 36
71 85
76 84
4 10
26 39
53 62
38 43
36 62
60 67
79 88
1 9
24 76
26 30
38 56
45 58
35 38
1 9
69 71
44 78
84 98
8 17
26 52
23 30
6 13
92 99
17 25
4 26
19 26
44 48
64 72
72 76
39 59
42 54
51 70
68 74
2 29
79 85
12 20
32 36
21 29
18 33
66 74
91 100
48 57
30 39
33 39
23 34
52 54
82 83
74 83
42 53
29 44
49 55
39 52
18 28
21 35
52 72
55 61
89 96
9 27
86 96
14 18
88 95
26 37
7 13
45 55
56 59
51 83
1 9
65 74
53 60
74 81
37 52
26 32
98 100
59 62
55 81
39 46
78 90
59 62
36 42
56 78
59 61
29 36
9 17
78 93
48 57
13 22
86 96
12 18
57 61
7 19
78 81
79 89
71 80
42 47
54 59
33 43
52 61
27 37
66 75
48 68
81 94
78 90
40 48
91 98
87 96
91 93
1 14
51 58
77 80
62 66
70 86
35 39
57 67
84 97
55 75
5 12
56 78
9 15
42 65
66 77
51 70
70 82
24 31
4 14
9 17
34 42
70 82
33 37
73 82
8 25
35 45
61 67
9 12
28 36
1 35
14 18
36 51
73 77
23 40
1 15
43 57
17 22
25 31
23 27
74 86
3 11
21 31
29 37
37 43
95 100
76 94
1 17
22 45
47 49
21 25
86 93
60 65
73 76
30 41
69 81
68 69
34 46
38 63
32 46
51 62
27 41
69 70
67 73
87 91
62 73
51 56
95 99
76 83
69 79
72 81
27 36
24 26
60 77
24 66
55 75
13 59
23 37
58 62
60 65
17 27
17 24
5 10
62 70
2 10
82 86
16 52
1 32
70 76
24 45
65 67
9 23
2 31
11 21
95 98
42 76
22 45
23 28
44 52
77 89
35 37
36 50
20 29
28 33
53 61
77 94
67 79
47 67
58 71
13 29
86 98
20 39
15 17
4 18
7 21
53 59
66 79
64 73
47 55
74 92
60 67
63 66
3 24
40 49
79 90
93 98
34 40
82 95
73 97
19 36
4 5
20 58
76 81
34 46
5 13
84 93
24 44
64 72
25 35
64 72
50 61
27 41
43 57
36 48
58 66
79 86
27 32
45 50
11 18
38 48
76 83
26 32
60 78
33 44
85 95
36 45
69 89
14 19
60 65
66 81
51 73
84 89
6 23
22 29
59 68
45 50
65 79
54 69
39 55
13 24
79 84
21 38
56 59
41 45
50 58
36 46
46 50
85 93
86 100
16 24
31 67
61 66
42 49
42 50
80 88
70 73
50 59
76 80
43 54
24 27
37 64
89 95
92 96
60 86
69 88
1 7
51 63
29 36
60 63
22 26
75 80
91 98
70 84
17 33
82 93
30 44
57 63
63 69
67 83
60 83
42 48
19 25
4 30
8 17
47 61
62 71
22 27
56 65
95 100
23 29
42 63
51 57
36 46
48 57
95 97
25 46
9 17
34 45
59 72
2 46
29 34
40 48
43 47
36 41
44 55
18 23
29 42
45 56
86 93
49 53
39 44
13 26
84 95
73 90
10 22
43 53
47 64
52 60
20 31
15 34
33 39
28 33
50 52
58 65
2 28
52 59
31 34
18 26
77 90
32 35
74 78
8 14
26 29
26 46
78 82
90 100
10 33
55 65
80 86
12 21
14 32
78 88
82 89
47 63
42 50
44 61
6 21
8 17
11 25
74 86
59 80
16 42
94 99
30 32
60 72
81 92
58 70
11 37
5 17
19 22
73 77
28 42
5 10
24 42
3 8
83 90
37 40
3 29
74 90
25 43
10 16
30 33
60 64
1 8
4 13
66 76
86 92
93 96
78 81
89 98
58 70
53 59
83 90
13 23
20 23
30 47
14 29
49 60
70 76
38 41
62 75
30 38
4 11
65 76
79 91
62 66
67 78
69 89
63 74
5 8
78 98
50 71
53 58
67 71
26 42
7 13
38 48
49 67
77 93
50 58
53 62
94 100
13 20
65 82
41 53
62 72
15 19
46 55
18 28
92 99
34 72
41 50
5 16
2 28
24 48
95 100
7 19
65 70
26 40
46 62
90 100
24 57
64 77
81 99
84 92
18 29
28 50
97 99
34 55
20 31
48 52
25 49
62 74
24 34
16 38
46 53
26 35
72 77
23 36
52 75
28 39
37 41
2 9
77 87
1 19
58 61
67 85
48 59
31 39
61 66
8 24
31 40
38 51
68 75
28 34
5 10
21 29
15 20
75 81
20 37
10 27
59 64
20 60
66 74
58 69
46 52
6 11
42 57
23 34
27 53
86 99
36 45
5 23
7 15
59 67
38 42
22 35
2 23
79 89
60 65
62 67
50 62
13 19
81 89
54 63
37 51
45 51
8 17
38 46
45 55
69 91
42 52
33 41
56 65
87 94
4 29
73 78
48 63
58 73
56 69
76 85
20 29
17 29
8 14
47 56
14 20
50 55
64 80
38 51
65 71
51 69
34 46
72 75
59 83
35 46
72 80
78 91
44 52
65 70
9 17
57 82
90 99
21 30
59 68
14 20
33 48
63 74
45 53
27 44
7 25
65 79
76 85
73 76
54 68
64 73
30 45
49 57
85 94
72 91
68 77
88 91
