100 20 20 12
00000000000000000000
00000000000000000000
00000000000000000000
00000000000000000000
11111000000000000000
00000000000000000000
00000000000000000000
00000000000000000000
00000000000010000000
00000000000000000000
00000000000000000000
00000000000000000000
00000111111100000000
00000000000000000000
00000000000000000000
00000000000000000000
00000000000000000000
00000000000000000000
00000000000000000000
0000000000010000000
0000000000010000000
0000000000010000000
0000000000010000000
0000000000010000000
0000000000010000000
0000000000010000000
0000000000010000000
0000000000010000000
0000000000000000000
0000100000000000000
0000100000000000000
0000100000000000000
0000000000010000000
0000000000010000000
0000000000010000000
0000000000010000000
0000000000010000000
0000000000010000000
0000000000010000000
4024
49 53
43 65
53 64
40 43
54 58
63 96
30 37
3 14
86 94
60 73
10 15
66 79
30 33
12 19
92 97
80 85
1 5
45 64
37 44
93 95
86 94
8 30
72 78
31 38
47 51
78 86
38 43
19 35
9 30
12 41
71 94
83 88
37 40
11 13
74 82
80 88
70 88
10 14
8 19
28 33
14 28
25 46
66 70
15 23
1 11
28 49
81 96
62 68
43 51
22 38
38 50
57 68
54 68
59 78
33 43
9 22
20 24
14 20
33 39
10 32
84 93
66 75
92 100
17 30
56 75
2 7
79 84
40 67
72 77
24 44
26 42
87 93
54 63
48 60
73 91
88 95
46 68
62 67
47 59
18 24
66 71
27 41
10 26
43 51
34 43
65 72
42 53
92 94
42 58
34 40
45 53
14 31
48 55
77 86
18 24
83 100
15 28
37 54
41 45
37 47
4 8
40 52
5 16
71 93
75 89
14 38
66 78
6 10
26 44
10 26
71 75
53 61
46 64
64 70
35 42
65 79
28 35
77 85
12 20
36 43
87 96
29 43
35 75
91 97
47 48
89 93
25 40
83 96
39 42
52 53
15 32
79 92
81 87
29 39
50 57
83 94
48 67
62 69
37 52
58 71
87 92
9 19
60 77
47 63
25 29
61 74
40 47
67 73
19 27
46 76
45 64
47 64
2 6
59 81
2 26
11 16
12 20
70 85
43 49
62 82
80 93
20 30
71 80
81 94
41 69
72 77
69 72
65 76
43 48
86 97
28 32
84 88
77 86
87 99
67 72
55 70
14 47
50 54
78 82
10 22
29 35
94 100
19 26
74 86
51 54
13 22
46 79
36 48
45 52
4 7
42 57
80 86
59 74
67 95
25 30
59 69
53 63
71 74
90 96
11 26
86 94
64 72
49 66
9 30
28 39
41 49
73 90
64 72
43 50
81 85
69 72
60 68
73 84
19 23
45 54
51 64
13 17
11 18
16 20
55 63
49 58
26 34
62 71
33 40
38 65
51 59
79 83
85 98
22 31
34 39
1 6
19 29
8 12
16 25
26 38
47 51
56 64
42 70
59 69
28 35
58 74
20 22
23 34
59 85
32 56
78 100
40 67
93 99
76 96
40 47
47 59
31 38
12 18
51 65
34 40
33 51
47 49
25 41
85 94
29 36
2 7
15 23
18 40
92 100
51 53
45 70
31 37
59 70
33 42
56 74
65 91
51 57
35 43
13 18
79 94
87 99
83 97
25 34
46 52
51 66
3 18
59 66
68 75
77 100
8 23
66 76
66 85
6 17
10 25
28 36
36 45
25 29
3 13
45 53
43 67
72 92
44 51
44 48
13 34
84 91
59 71
13 20
1 5
11 23
99 100
79 96
10 25
65 67
20 30
51 55
33 54
22 25
85 99
66 81
73 77
85 94
77 81
69 77
4 19
96 98
15 33
55 69
5 13
16 24
11 21
76 81
9 12
77 84
22 33
24 38
18 30
73 95
34 40
11 22
77 88
72 79
54 61
22 34
4 13
2 7
51 54
25 35
38 46
70 90
32 36
26 37
43 50
31 46
72 96
64 73
29 38
34 42
7 19
40 48
4 16
78 84
21 35
33 45
30 41
34 39
92 95
86 90
17 25
68 88
61 70
15 22
76 82
22 32
35 41
59 65
43 48
31 50
52 58
7 18
59 78
30 48
76 77
31 34
47 52
11 17
72 78
69 75
83 88
48 61
2 17
72 81
41 57
86 95
4 10
15 24
85 99
61 86
20 27
47 52
2 8
37 51
53 65
41 56
4 29
34 46
43 71
55 73
48 53
37 62
77 85
56 68
11 26
32 46
77 81
81 86
36 44
62 68
89 100
10 14
50 65
49 60
23 29
33 45
4 16
55 65
13 18
17 23
3 20
72 84
53 59
17 28
35 42
31 40
67 73
46 62
68 74
5 11
39 49
8 21
12 24
12 15
13 35
30 37
29 32
84 94
48 55
80 87
26 33
59 70
16 28
65 78
44 59
54 60
29 32
61 66
31 52
16 41
2 16
44 49
56 67
55 70
67 84
11 19
94 98
64 71
45 58
51 90
81 88
54 60
7 9
25 50
40 46
8 14
20 38
42 69
44 50
48 52
61 65
85 99
17 22
53 58
51 60
6 12
27 43
57 62
26 33
1 5
79 93
83 98
52 61
63 82
70 75
89 93
4 12
26 43
13 17
20 32
72 77
84 90
18 24
28 35
45 55
75 85
80 81
84 90
55 63
71 84
19 28
82 89
83 87
26 37
10 16
61 67
27 30
60 70
13 20
56 93
4 18
23 35
13 20
49 56
87 97
85 91
8 16
31 36
55 66
64 73
17 26
52 63
27 33
79 97
7 11
13 18
5 28
7 16
21 50
73 77
46 71
31 44
75 86
42 72
34 55
38 50
21 26
37 46
26 42
44 52
14 19
69 80
87 94
4 10
73 77
51 53
55 58
88 97
22 27
55 65
67 77
57 76
44 60
55 72
4 17
68 71
74 86
36 42
32 36
91 99
60 75
56 73
52 57
61 68
40 42
95 99
30 42
31 43
45 63
13 21
69 78
44 57
25 66
58 62
27 33
64 70
23 29
44 48
53 62
64 76
56 63
86 96
74 90
38 40
92 99
3 11
76 78
72 76
41 53
33 41
64 67
94 99
27 44
15 18
31 46
12 19
65 74
90 100
3 18
57 59
41 43
10 19
78 99
78 88
41 49
22 26
50 68
77 82
50 61
77 88
2 11
28 31
79 91
37 40
15 20
29 33
85 95
76 87
77 84
23 26
4 41
27 32
3 23
11 31
95 98
21 35
29 34
7 16
45 51
36 47
62 68
68 80
49 64
19 31
84 90
76 88
67 84
3 4
3 24
54 88
89 98
32 57
5 7
30 37
34 36
67 82
57 59
56 74
90 100
56 68
48 62
20 34
85 91
35 52
28 34
66 89
76 88
63 80
13 22
32 45
29 34
53 58
1 13
53 62
73 80
4 35
15 28
73 81
32 44
60 74
8 14
38 44
84 98
3 7
58 67
16 33
12 19
71 77
45 53
62 68
34 41
84 92
72 82
79 94
71 81
45 54
36 63
45 48
42 58
48 51
26 30
18 27
14 26
28 43
13 26
54 61
32 37
84 86
14 26
73 85
32 37
28 40
11 18
12 19
73 82
63 68
41 53
86 97
67 71
77 85
35 52
68 80
35 50
53 60
59 63
29 59
9 18
33 36
51 58
19 39
48 63
28 40
41 65
37 42
64 95
53 61
24 50
59 70
37 43
67 80
57 64
4 9
76 81
66 69
68 73
67 69
3 12
60 75
51 56
90 99
57 61
37 54
6 23
34 45
87 92
77 86
45 59
81 95
21 37
44 47
91 96
24 36
76 88
77 94
32 73
30 45
66 76
84 94
48 53
43 57
48 56
8 23
29 42
81 90
78 86
45 57
78 86
20 32
21 30
71 83
78 83
8 16
51 59
41 44
68 75
82 87
41 51
81 86
79 88
33 40
19 26
52 58
57 68
57 64
50 60
65 73
91 96
29 37
12 27
73 78
68 96
55 61
66 73
33 39
6 19
13 23
72 86
13 34
11 20
90 93
59 62
45 46
61 68
1 8
75 82
41 47
49 60
52 72
38 58
65 71
40 58
46 49
59 75
45 48
72 80
86 95
48 75
39 47
24 33
28 36
2 7
31 49
61 67
3 22
59 67
76 87
46 55
59 62
7 26
54 62
26 32
92 99
72 94
56 67
5 19
38 57
35 40
10 15
64 74
73 76
22 32
84 93
15 32
37 51
9 12
35 61
60 87
26 40
25 49
66 71
1 13
23 34
15 18
53 58
43 56
86 92
53 62
38 45
14 44
5 11
21 37
42 46
59 69
13 21
53 55
38 44
78 89
66 73
73 82
92 96
35 59
56 68
22 38
67 75
80 91
75 86
64 73
12 22
47 57
15 37
25 31
64 69
13 21
4 10
42 56
60 65
53 55
30 45
58 64
10 18
53 62
60 67
90 100
16 29
48 56
11 19
12 21
92 96
57 65
3 11
6 15
70 72
12 23
20 49
53 70
48 57
10 27
3 29
34 40
59 65
30 33
75 82
20 37
73 83
72 87
91 97
48 53
84 89
47 63
83 88
48 54
65 82
39 44
69 93
16 23
52 54
89 95
7 11
68 80
37 44
86 91
65 78
77 97
86 89
61 70
18 19
46 53
30 36
32 50
74 83
5 15
7 16
22 25
20 33
80 90
19 35
79 86
75 88
49 58
38 45
65 75
19 38
84 89
93 96
58 80
28 62
47 51
42 51
32 60
7 14
34 40
64 80
71 74
59 68
56 66
97 99
4 7
31 55
87 88
32 37
75 91
45 54
71 81
78 84
92 100
14 18
57 82
5 12
75 84
58 74
32 37
60 66
83 91
61 74
6 16
58 68
79 85
76 84
47 58
55 65
74 91
23 31
40 49
21 31
58 61
2 11
77 98
6 16
4 13
20 29
43 52
2 12
40 60
70 74
91 95
35 41
76 82
37 49
69 82
55 71
91 96
36 46
63 72
40 45
87 94
18 22
56 60
44 83
84 89
22 72
51 59
83 95
90 91
40 65
15 47
74 85
66 84
19 32
91 96
13 26
19 24
56 73
71 79
5 23
19 28
6 12
61 75
2 19
49 58
4 19
61 70
12 36
20 29
21 53
6 9
13 26
53 58
33 52
34 44
19 26
43 51
52 71
50 67
53 73
31 42
38 46
54 70
64 66
14 19
37 41
50 65
38 57
34 38
3 15
50 54
17 21
43 51
1 12
71 76
42 54
39 48
66 83
2 5
68 71
7 30
5 15
51 61
18 25
9 15
39 60
80 87
32 38
47 59
21 30
86 94
59 75
76 91
35 46
60 66
33 40
4 20
42 54
50 72
72 85
58 63
58 71
52 79
1 13
8 13
62 80
49 67
8 16
23 38
37 57
44 47
8 18
61 98
60 78
86 94
41 56
86 97
5 11
37 45
35 50
60 73
6 13
41 52
68 70
28 31
34 46
69 83
76 84
91 98
46 48
17 33
40 45
3 6
46 56
10 14
2 11
70 78
82 89
41 47
4 11
26 29
24 29
61 75
73 85
49 73
78 93
58 65
74 82
79 86
71 94
59 64
29 48
51 58
82 92
77 83
79 89
74 85
12 20
60 97
77 81
31 37
78 84
37 43
14 53
36 42
51 63
80 99
73 82
29 35
54 58
52 65
56 69
31 48
92 98
74 91
5 14
18 56
27 31
6 20
74 81
38 55
81 95
6 42
49 59
42 45
88 93
62 66
15 34
25 31
69 75
24 28
83 96
77 82
8 14
35 46
54 63
53 59
26 31
60 77
1 7
62 84
6 17
93 98
84 98
71 82
92 100
91 94
74 80
58 80
52 57
31 37
39 65
45 55
61 68
12 22
11 19
5 15
6 11
15 27
77 90
1 5
71 78
55 62
83 92
85 94
48 57
51 57
9 16
23 31
38 43
91 97
97 100
25 30
74 80
78 83
13 18
24 43
61 64
25 34
16 36
19 35
76 77
76 87
5 21
53 58
15 24
76 90
31 36
50 63
8 14
82 87
43 59
63 66
60 73
81 86
60 74
74 76
15 20
83 86
51 54
50 63
61 69
66 69
32 53
44 47
1 15
59 76
79 93
92 95
5 15
39 61
88 97
64 68
93 97
5 11
4 9
65 69
34 47
42 46
87 92
40 48
57 68
57 63
25 37
86 97
87 93
35 42
97 99
18 39
29 34
74 88
59 68
44 56
12 36
57 72
31 39
16 34
23 38
90 98
56 63
49 56
62 70
18 22
52 56
76 81
64 86
53 80
48 54
64 76
7 13
43 48
60 99
70 88
29 33
3 8
52 65
24 32
18 27
34 40
73 85
13 22
38 46
34 38
28 62
11 22
13 33
16 24
72 87
2 18
66 71
8 22
56 74
93 100
33 43
62 70
73 79
55 67
52 76
8 18
56 64
10 18
10 16
63 74
9 18
78 82
59 66
89 96
10 24
45 50
30 34
4 22
67 72
57 74
87 90
78 92
67 80
55 81
47 51
91 96
81 92
53 54
40 43
29 33
17 32
63 69
1 18
57 61
14 18
74 78
29 35
26 31
8 14
89 98
76 84
76 85
67 81
6 10
15 19
18 22
53 62
31 33
52 60
60 74
28 36
14 26
89 98
13 21
30 55
31 36
12 27
46 55
1 17
25 29
22 32
56 65
80 90
74 81
63 70
12 21
62 69
95 99
24 41
56 64
41 48
66 96
58 83
38 49
73 85
34 40
48 55
9 16
12 37
95 100
21 27
38 48
34 42
55 62
20 28
30 38
18 31
46 48
63 68
89 95
84 98
43 60
49 59
82 86
82 85
4 19
61 80
61 69
57 62
6 18
28 39
24 35
64 71
5 10
61 76
40 44
78 85
65 79
55 67
11 16
50 53
14 41
19 44
67 73
55 61
32 37
20 31
76 81
22 34
67 72
8 17
10 18
42 47
52 63
8 20
1 9
30 41
64 72
67 75
86 91
58 76
67 72
50 58
7 24
45 48
4 18
14 27
27 40
36 50
69 78
16 24
94 100
31 35
87 96
40 52
87 93
6 15
5 9
44 73
6 25
67 80
82 87
91 100
2 12
93 97
1 8
15 26
11 22
72 76
17 25
49 67
82 89
4 32
20 36
9 27
27 31
86 95
21 25
48 58
22 40
14 46
35 52
54 64
32 44
41 76
5 12
36 88
67 86
27 48
39 50
55 59
3 7
50 56
48 57
18 26
90 95
13 21
62 76
2 12
71 77
67 86
67 87
17 25
24 29
26 53
37 40
19 28
41 56
35 57
57 76
47 66
6 23
60 82
65 88
21 26
30 36
19 52
49 82
54 66
18 28
65 78
16 21
60 78
11 27
76 80
11 24
61 73
44 50
3 7
74 95
43 56
30 43
85 92
13 17
71 74
79 90
81 90
62 68
22 42
59 66
18 29
42 52
14 33
35 48
79 92
16 34
51 56
13 31
4 13
6 29
73 90
68 79
51 57
39 65
29 33
17 23
36 39
36 41
71 87
34 52
26 34
15 25
78 83
11 29
54 58
47 53
27 30
77 95
67 89
6 14
13 31
57 63
90 94
14 30
42 56
30 33
6 14
47 59
62 66
50 65
43 46
46 52
39 51
29 45
9 15
5 21
3 9
71 74
17 44
5 15
5 8
52 59
62 66
60 67
67 89
73 87
28 35
77 86
36 48
76 83
83 91
71 76
18 33
22 40
80 87
64 74
88 95
21 26
80 85
68 73
66 71
27 50
23 30
37 43
71 85
38 51
76 92
33 37
45 58
55 65
54 60
62 66
31 56
14 24
52 64
20 33
17 26
71 78
15 38
53 66
25 39
50 55
15 20
32 94
26 30
81 96
6 26
29 36
32 45
87 98
52 58
12 21
80 85
90 93
56 75
79 88
33 36
17 47
81 85
80 91
20 26
55 66
26 45
87 95
20 25
35 42
46 59
44 50
18 28
38 41
72 85
87 99
14 19
89 97
14 37
33 55
20 27
17 22
29 46
54 77
68 74
12 24
14 24
39 50
81 96
27 32
57 72
77 81
78 90
65 74
63 82
15 33
53 63
6 9
71 77
77 85
61 70
30 63
84 96
53 61
10 19
25 29
62 80
55 61
26 34
26 34
41 47
50 54
72 92
1 22
36 42
27 41
19 34
4 13
74 87
62 69
2 8
75 100
64 67
40 47
35 56
27 29
44 59
54 66
33 43
35 48
16 36
23 30
17 26
11 45
34 39
35 44
69 77
5 26
66 85
79 88
91 94
41 55
40 45
56 64
38 52
32 45
13 21
67 80
8 29
41 51
80 90
60 63
3 23
18 26
43 58
54 84
16 26
10 21
24 43
33 48
45 75
18 52
3 9
13 19
64 78
8 12
62 65
77 88
20 28
67 76
25 37
58 62
38 46
78 83
85 86
81 96
27 41
70 75
22 39
52 61
33 38
49 59
10 26
1 6
3 17
32 43
16 27
23 31
27 36
42 66
26 35
38 44
84 90
27 30
93 96
46 49
67 71
67 72
66 79
2 5
34 41
59 71
19 41
22 29
79 93
60 68
22 28
81 90
29 36
89 97
55 69
96 97
67 79
29 33
45 56
38 44
17 27
63 72
80 99
37 48
61 64
66 75
41 43
31 42
54 61
8 18
29 93
43 71
50 53
89 99
70 73
12 29
79 90
55 62
58 61
67 81
70 83
81 98
7 17
81 88
25 29
66 80
90 97
75 91
76 82
30 50
6 15
4 23
19 82
79 95
82 99
7 15
96 98
80 85
39 49
65 71
79 87
41 58
1 11
38 43
15 24
93 96
29 33
45 56
53 60
78 90
67 75
38 42
61 93
31 37
40 42
39 48
33 81
84 87
46 49
11 22
86 100
69 81
78 85
58 68
62 67
78 90
57 82
66 73
20 27
78 86
25 31
44 56
38 45
74 94
84 95
12 20
43 66
71 76
16 36
41 45
29 35
57 82
70 87
6 21
86 91
30 44
58 75
52 61
15 18
11 22
86 92
64 70
74 82
52 63
89 95
24 33
83 98
66 82
81 94
44 54
35 53
55 70
9 30
61 67
29 35
34 56
57 63
56 67
66 76
67 72
81 86
54 71
59 65
34 44
42 57
43 63
30 38
85 93
20 36
46 58
51 58
85 97
80 99
46 50
85 96
79 87
61 74
70 77
41 55
51 61
67 77
72 79
57 71
4 8
17 26
35 52
28 37
83 89
44 51
73 86
35 40
15 27
57 64
67 71
28 34
57 59
4 13
8 12
82 92
19 33
84 91
79 95
20 44
2 7
10 17
64 71
75 86
91 99
2 11
8 17
38 44
26 36
71 85
29 34
71 74
41 62
56 60
51 61
83 93
80 87
50 53
13 34
85 90
63 70
43 58
11 28
54 60
65 83
77 86
63 73
36 41
65 69
86 99
43 57
27 31
23 24
28 32
1 18
32 36
19 26
12 24
20 24
33 38
7 13
52 65
5 16
31 42
52 63
59 71
50 63
83 88
81 100
32 44
49 56
50 72
66 89
44 61
82 89
36 84
26 38
44 57
30 41
60 77
10 16
18 20
60 73
67 88
77 82
45 53
11 15
66 71
15 23
52 65
67 80
43 59
45 49
94 97
47 54
4 13
60 79
37 41
43 49
91 95
31 42
4 18
15 51
13 19
78 83
26 33
89 100
7 25
57 70
20 23
35 61
54 56
91 98
53 62
17 31
31 33
88 100
48 61
34 51
42 54
80 98
66 78
29 43
66 70
27 33
56 65
40 55
60 67
5 12
37 46
49 75
50 100
63 71
46 58
18 33
32 42
56 72
88 94
65 75
41 44
16 28
36 63
50 63
59 71
49 64
45 63
57 62
50 64
87 96
21 35
72 85
10 20
50 69
83 100
47 54
58 79
76 97
1 9
64 74
60 67
91 100
9 16
72 75
57 66
60 66
42 62
22 33
58 65
47 61
58 69
31 35
13 18
27 41
83 99
17 29
40 65
28 35
71 72
16 33
51 57
79 95
63 72
40 59
70 79
56 74
45 48
67 79
14 21
77 88
62 75
35 54
12 20
19 36
93 98
19 29
3 22
31 41
67 91
62 74
39 46
28 49
42 68
31 38
54 68
17 32
35 43
86 93
79 91
77 83
43 54
39 46
67 80
85 90
53 59
35 40
32 40
56 64
52 55
39 47
12 19
54 60
37 45
63 74
38 58
58 63
78 91
50 71
15 20
48 62
49 56
46 57
23 30
49 51
63 80
43 52
58 61
68 78
21 28
25 45
89 96
21 29
6 8
13 19
41 46
32 41
65 85
5 16
16 21
86 89
50 59
28 40
8 29
78 81
43 49
86 92
85 89
53 69
70 88
3 12
74 89
17 35
63 92
55 60
51 62
53 58
72 81
72 78
31 45
20 25
61 69
44 65
28 38
18 35
64 72
68 74
70 76
30 31
24 37
69 95
29 40
65 81
71 85
57 76
26 29
94 96
15 16
54 63
17 28
40 54
35 38
6 83
34 37
21 29
10 20
46 62
31 43
90 96
84 90
89 99
40 55
46 58
9 14
72 95
68 100
56 66
74 89
54 61
91 95
50 54
33 48
33 40
49 56
9 27
18 27
73 75
37 44
63 71
31 44
72 80
49 60
43 81
23 37
32 35
32 36
4 7
77 85
6 15
30 35
20 30
40 48
28 33
24 36
6 24
72 87
91 98
17 19
72 80
75 84
58 64
8 18
54 68
31 37
64 78
16 35
75 89
72 77
48 65
28 36
29 41
35 49
27 38
78 94
66 74
29 45
70 74
41 45
53 55
46 60
16 28
4 20
71 76
90 94
42 46
6 20
31 58
89 95
69 74
34 40
17 47
51 82
33 52
20 51
82 88
67 84
52 59
31 43
52 60
56 68
30 35
6 16
53 59
38 53
22 34
29 55
82 85
56 68
6 29
87 94
53 59
75 88
26 36
27 57
5 13
33 55
57 68
2 7
10 12
40 45
80 83
81 94
38 44
73 82
5 23
58 87
41 54
65 70
41 47
25 34
43 56
76 85
90 100
32 59
49 73
62 74
56 77
23 29
56 63
58 66
32 42
32 36
13 17
70 86
61 68
73 80
88 93
44 56
68 83
13 35
6 19
56 67
39 49
11 18
12 26
64 78
49 67
54 79
65 76
58 62
47 58
35 50
58 88
7 24
23 39
66 70
7 14
36 39
91 97
11 22
55 76
90 93
49 92
86 97
2 8
59 69
70 84
3 10
75 83
5 7
18 31
45 66
30 43
18 31
15 19
45 47
84 91
42 53
34 59
82 94
47 65
92 94
83 89
30 36
34 45
29 35
77 91
40 54
43 52
32 36
28 34
13 20
15 18
89 92
71 82
54 62
22 42
64 69
11 14
38 41
37 46
41 53
27 34
70 82
21 46
9 30
35 43
47 50
73 77
20 30
63 69
83 88
85 95
8 15
13 17
67 80
10 16
97 99
59 69
8 14
49 69
3 36
76 79
78 97
82 90
85 92
26 39
6 13
17 22
60 65
84 89
44 49
34 40
91 96
72 83
59 62
7 11
56 73
75 84
60 74
36 46
79 91
51 70
89 92
1 8
68 79
3 6
19 26
43 53
65 76
66 93
30 51
84 96
24 48
40 57
12 20
71 85
95 100
91 100
9 19
78 99
35 47
62 73
16 21
54 60
62 78
38 48
81 88
47 70
87 92
59 96
9 21
78 80
75 84
64 66
15 20
73 95
37 48
94 99
26 31
41 45
47 68
30 46
36 48
54 70
47 55
61 75
5 21
45 53
66 85
12 40
70 80
46 50
71 79
33 41
25 29
69 81
57 71
35 55
34 49
47 52
68 82
86 100
29 35
84 85
1 18
58 72
40 50
86 94
50 61
10 19
17 24
86 94
12 45
70 83
53 56
32 45
1 11
45 62
94 99
55 82
41 49
73 78
48 73
35 43
19 29
85 90
22 36
45 49
2 13
45 48
70 82
89 96
28 30
42 53
61 76
35 42
15 32
72 81
93 100
68 80
5 13
37 61
46 59
76 96
59 85
63 72
75 82
81 87
19 33
43 50
48 62
20 32
36 41
58 63
13 20
55 59
50 66
34 44
39 49
70 79
3 7
14 29
7 37
40 44
62 65
18 27
25 29
30 33
53 67
4 20
68 70
24 52
62 74
56 66
4 13
70 88
42 65
33 41
53 61
78 87
37 55
6 13
10 25
5 9
25 31
90 95
33 45
57 64
28 66
43 48
18 26
8 23
14 23
14 19
72 76
35 55
78 93
9 39
88 93
77 94
39 50
2 41
23 50
50 85
78 89
7 16
29 33
58 69
74 99
79 90
31 40
16 26
40 52
71 74
70 76
62 73
86 94
15 26
50 64
59 68
75 80
62 68
83 94
89 96
83 95
13 27
7 12
76 78
54 65
59 61
12 24
82 93
59 68
54 65
14 26
55 66
51 54
23 28
93 98
43 48
34 45
40 41
69 73
78 88
88 96
73 82
42 51
28 39
82 85
13 27
45 56
34 42
47 51
58 66
9 51
38 47
13 46
46 52
58 73
10 14
16 23
30 50
1 5
60 65
3 17
91 99
63 70
1 7
29 38
14 20
69 78
50 59
45 54
36 43
24 36
55 69
41 55
33 39
56 59
77 80
1 11
84 91
56 67
20 30
44 53
5 18
52 57
57 77
34 74
55 76
80 87
37 46
85 100
65 72
35 43
30 43
22 28
9 22
93 100
51 53
90 96
61 68
12 27
2 17
59 75
67 73
68 80
16 31
69 81
65 71
72 79
12 21
81 91
29 51
40 51
7 11
18 23
37 46
45 60
66 72
45 55
46 50
72 87
51 61
93 100
19 27
18 29
82 86
23 30
3 29
72 78
43 58
53 60
59 61
18 21
11 32
49 62
61 71
50 76
80 92
72 84
9 16
30 42
6 8
18 24
39 56
41 43
44 55
8 20
14 18
25 29
77 91
48 58
25 28
76 86
55 65
67 84
85 89
71 80
38 43
61 66
43 58
33 51
14 22
44 48
71 79
16 29
82 94
42 45
2 19
80 94
74 80
29 47
38 61
47 52
70 80
44 55
61 75
54 59
66 81
32 37
75 77
46 56
87 99
45 54
16 28
6 25
62 78
10 15
14 18
38 47
44 60
26 32
14 25
66 90
10 29
62 68
74 82
53 73
47 68
30 39
13 21
44 59
81 90
72 85
74 83
5 9
20 31
40 45
8 29
11 16
15 24
62 76
51 71
38 43
48 60
12 20
53 65
33 38
74 81
71 74
57 65
28 43
94 100
92 99
79 85
12 21
38 56
21 38
66 78
33 34
6 38
85 95
81 92
61 68
60 72
93 100
94 100
48 54
19 29
51 57
1 13
35 48
5 11
82 87
41 49
28 55
43 58
22 30
61 99
35 54
22 41
51 56
48 57
30 39
9 31
7 13
53 61
90 96
10 18
3 14
90 99
22 31
83 87
26 32
46 57
61 67
43 53
11 33
67 73
87 93
12 36
36 45
93 96
56 68
36 38
89 96
93 99
39 45
52 57
24 38
37 43
70 81
45 49
93 99
42 46
44 63
80 83
32 53
82 87
28 37
24 38
80 86
56 62
31 35
48 63
69 80
74 75
20 41
33 44
77 87
39 45
52 68
41 45
49 54
21 35
66 75
69 78
50 53
37 47
72 75
27 29
7 23
32 34
39 60
40 64
58 66
21 38
36 56
59 81
49 55
75 78
49 53
72 79
50 52
16 37
20 26
17 31
45 64
85 96
18 28
43 60
12 26
86 90
3 11
53 61
27 32
86 90
57 59
35 46
59 85
56 68
64 75
39 46
7 15
52 66
78 85
85 92
17 24
42 59
50 65
79 90
5 16
31 36
50 63
90 99
82 97
10 21
23 25
53 58
83 88
94 95
55 76
36 41
34 42
86 98
60 68
57 67
18 31
82 93
95 100
8 13
19 21
77 92
78 89
81 88
73 79
63 78
85 91
57 65
24 27
16 28
83 90
7 21
48 59
84 87
11 18
21 30
29 47
71 76
57 66
58 65
31 45
4 17
45 56
75 84
66 69
72 82
18 36
77 97
66 77
57 71
31 44
7 16
11 14
58 80
67 70
73 94
26 39
25 33
2 5
31 35
1 24
8 18
55 64
88 93
15 46
47 56
45 50
77 87
30 37
11 29
38 51
89 97
81 100
61 68
56 64
55 62
91 97
16 25
15 30
61 64
28 36
38 54
65 70
67 79
60 80
89 95
51 59
19 22
17 41
64 76
47 54
73 78
13 28
82 92
8 9
61 66
10 36
8 14
85 100
54 62
81 86
5 7
74 82
72 79
9 14
23 24
45 53
59 78
36 45
15 18
52 64
89 99
60 62
79 86
65 67
41 43
26 28
45 72
10 32
8 15
63 85
71 75
16 23
36 55
81 97
12 17
91 92
36 46
51 56
87 98
46 56
36 40
46 55
81 90
63 70
9 19
63 75
77 85
53 54
26 39
71 80
70 85
34 39
76 87
5 18
52 66
33 43
73 76
73 87
67 87
13 25
68 72
9 18
3 13
19 21
33 34
30 42
3 5
25 30
47 56
59 74
7 15
86 92
3 14
26 43
76 79
8 12
74 89
9 21
27 40
81 87
52 70
24 51
82 89
41 45
20 22
66 75
65 72
25 34
14 25
41 45
43 55
76 83
82 91
46 56
21 27
66 71
89 95
52 58
64 78
31 41
40 56
23 31
26 34
92 99
57 73
21 44
40 42
32 37
38 43
40 53
76 94
26 43
27 41
31 34
60 84
38 42
78 85
40 49
2 8
11 19
35 39
52 56
16 20
62 72
40 53
30 34
33 38
23 31
33 44
22 36
22 38
42 54
20 22
7 12
96 100
84 90
29 33
55 62
77 92
34 42
46 54
67 75
79 84
42 57
14 16
55 61
21 36
70 80
16 19
88 94
56 65
70 76
20 30
57 75
28 32
33 39
75 87
85 95
26 33
45 64
14 22
70 77
36 43
55 73
13 19
52 62
69 90
68 85
18 58
34 59
76 90
19 23
80 95
48 63
2 12
68 76
47 54
68 77
52 80
79 83
47 62
44 52
19 26
84 100
70 78
10 23
39 60
31 38
15 20
57 62
36 45
81 88
63 71
86 95
45 50
71 79
62 85
3 11
62 75
63 74
71 75
42 50
75 89
63 76
64 88
34 43
19 45
40 46
48 67
59 65
37 52
85 92
17 35
2 10
83 89
4 13
77 85
45 55
27 34
26 39
40 47
43 51
68 82
6 20
11 30
61 63
9 13
61 71
20 28
69 82
59 66
32 42
48 53
65 71
77 93
8 12
2 5
64 74
21 27
78 90
6 14
72 96
70 73
21 30
53 59
30 35
39 43
89 92
63 78
35 39
32 40
7 27
47 53
68 87
36 48
30 34
41 46
23 38
65 74
54 84
75 86
33 35
21 31
26 42
31 51
6 25
25 32
16 37
31 42
78 88
42 59
36 42
27 41
57 71
70 91
57 62
23 33
34 38
29 34
89 94
34 47
71 93
44 64
30 55
9 22
1 4
20 33
78 88
62 69
28 40
13 20
8 14
30 41
4 15
30 31
84 89
9 19
10 17
6 23
27 88
61 70
46 51
68 83
5 8
12 24
21 25
71 84
26 32
34 40
78 83
71 75
3 6
13 24
4 13
90 97
13 19
50 59
25 37
11 20
80 83
20 30
87 92
44 60
52 70
10 22
1 6
53 59
27 33
87 89
7 14
58 67
80 89
30 35
29 47
64 70
81 91
83 96
31 38
74 84
44 64
81 86
49 53
8 14
74 86
2 5
5 16
50 69
6 15
5 21
57 63
6 21
39 47
78 92
32 47
53 62
71 88
25 36
72 80
32 34
89 94
8 13
63 72
19 36
10 18
61 73
9 23
32 39
56 58
42 53
73 88
40 53
7 10
2 8
15 17
49 87
23 33
90 96
84 99
84 92
76 82
87 93
22 42
69 77
71 82
96 99
53 57
87 92
19 24
1 14
81 84
7 8
12 23
51 59
53 62
73 77
55 69
90 98
23 31
50 53
58 72
91 99
11 19
31 40
22 31
57 63
58 86
75 85
16 21
12 30
13 19
54 63
48 54
41 47
71 83
12 27
34 44
86 93
26 37
19 26
11 20
1 4
58 89
35 100
3 15
39 53
11 22
11 18
3 22
6 23
45 50
14 20
17 25
76 88
83 94
12 33
76 82
93 96
31 41
58 88
57 60
39 50
33 39
63 67
21 30
80 86
12 15
2 8
37 50
39 49
92 97
61 74
5 19
4 15
70 83
87 100
10 19
89 97
5 13
42 48
20 23
15 19
67 74
82 89
92 97
57 67
61 67
67 75
86 96
97 100
63 70
16 22
79 84
57 74
7 21
40 45
50 57
85 94
85 91
28 65
21 29
50 56
30 54
18 23
26 37
23 31
11 21
48 71
3 26
33 44
73 82
43 52
33 47
57 68
30 38
40 46
14 64
59 74
40 46
2 9
31 48
37 45
61 69
81 89
92 97
48 53
30 36
58 68
55 60
74 80
13 21
61 79
83 90
16 21
85 89
69 73
88 94
51 63
92 96
60 73
9 17
47 55
37 48
77 82
23 31
63 70
47 53
29 37
23 25
79 91
51 58
60 64
54 57
87 92
1 21
11 21
44 51
68 77
22 36
36 38
60 74
17 24
71 77
14 20
1 6
61 84
94 96
69 88
51 55
19 23
27 32
28 36
75 84
6 26
10 24
63 74
33 42
85 90
32 37
88 91
8 11
19 33
59 79
25 31
35 37
48 56
72 85
42 49
66 79
70 77
58 69
22 29
51 59
26 52
88 94
39 54
36 42
85 91
77 83
69 78
8 12
24 28
43 50
54 82
25 34
21 30
18 25
5 19
24 27
24 41
34 47
44 63
74 85
55 59
80 93
8 20
90 95
57 62
49 56
26 49
62 64
84 91
78 87
82 89
28 31
70 75
70 79
33 48
55 70
53 65
67 93
16 29
28 37
44 51
32 42
68 84
59 67
32 51
9 21
35 41
3 10
47 54
45 52
25 32
4 15
83 93
28 35
14 23
53 58
62 72
1 13
83 90
2 10
20 30
36 42
51 56
50 60
12 21
76 79
7 15
66 72
91 94
82 88
45 49
33 43
8 22
46 56
31 49
91 97
66 82
60 63
73 82
35 38
50 58
13 19
44 49
38 54
70 93
51 63
30 36
81 90
85 96
54 62
50 60
94 98
31 46
85 94
66 78
54 60
19 29
49 58
4 25
15 52
9 20
41 58
15 33
78 80
6 51
37 58
24 32
71 81
17 30
68 86
67 72
84 91
20 30
33 41
16 24
72 80
92 93
11 22
78 81
17 22
57 60
34 38
33 39
68 80
32 42
2 18
60 71
57 85
63 73
89 98
47 76
16 28
6 15
7 11
29 37
85 92
61 73
95 97
46 59
38 67
17 25
19 27
78 92
6 13
1 16
61 68
80 87
70 83
3 6
17 26
85 90
75 81
53 66
48 53
54 70
61 68
1 20
45 55
18 29
77 82
10 20
32 42
25 39
70 75
36 47
22 37
9 12
22 35
1 6
10 17
9 13
54 63
51 53
44 55
59 94
8 22
78 83
34 43
58 67
42 52
63 68
70 77
45 58
32 40
79 100
25 31
42 58
9 14
29 39
82 91
29 33
9 36
33 36
18 40
82 93
86 92
27 37
28 44
59 67
5 15
74 86
22 26
4 21
47 53
44 50
44 55
53 68
73 87
81 85
80 85
10 15
4 26
13 39
28 34
64 76
49 63
60 81
39 46
22 29
60 69
8 11
7 25
3 35
91 100
64 76
81 87
40 63
14 19
9 15
5 11
74 88
49 61
37 48
21 34
46 58
89 98
25 30
31 35
16 23
2 10
22 47
4 26
95 99
56 94
81 88
20 31
23 53
75 82
8 17
21 30
58 66
20 31
56 62
15 20
47 59
57 72
8 20
42 50
37 57
31 38
49 53
42 49
2 10
82 87
25 33
43 53
36 40
70 79
55 70
64 73
4 9
2 17
64 93
83 89
32 37
83 90
10 27
50 74
78 85
32 46
31 47
92 99
32 36
30 35
75 90
43 57
63 72
19 27
55 63
3 49
4 7
40 45
51 58
72 82
63 76
25 30
84 91
54 65
2 19
49 54
55 71
42 49
53 67
68 84
79 85
23 27
10 17
50 65
6 12
63 69
86 92
76 92
34 41
60 65
54 67
58 73
24 36
11 19
90 95
63 82
31 43
16 23
55 61
31 33
45 58
40 48
49 68
15 33
5 13
84 89
77 85
43 54
87 94
77 82
54 62
8 14
27 34
52 59
49 66
3 17
63 68
36 61
36 39
95 97
86 95
28 29
82 98
26 42
47 53
39 45
10 17
55 62
15 32
37 49
6 14
39 42
70 78
7 25
76 97
11 21
69 83
2 15
11 23
80 81
16 24
18 26
