100 20 20 14
00000000000000000000
00000000000000000000
00000000000000000000
11111110000000110000
00000001111000000000
00000000000000001111
00000000000000000000
00000000000000000000
00000000000000000000
11110000011110000000
00000000000000000000
00000010000000000000
00000000000111111111
00000000000000000000
00000000000000000000
00000000000000000000
00000000000000000000
00000000000000000000
00000000000000000000
0000000000000000000
0000000000000000000
0000000000000000000
0000000000000000000
0000001000000001000
0000001000000001000
0000001000000000000
0000000000001000000
0000000000001000000
0000000000001000000
0000000000001000000
0000000000001000000
0000010000001000000
0000010000100000000
0000010000100000000
0000010000000000000
0000010000000000000
0000010000000000000
0000010000000000000
0000010000000000000
6571
1 4
14 24
27 34
19 27
67 81
30 62
42 60
54 69
13 19
83 90
57 64
54 84
7 14
86 91
14 31
5 23
57 66
17 50
2 15
9 20
66 82
72 83
73 85
86 97
29 58
4 10
14 23
5 19
27 30
38 56
59 68
59 70
77 89
81 87
15 30
86 97
75 87
49 71
86 91
21 26
6 21
72 84
29 38
97 99
43 65
55 62
63 84
23 29
11 19
9 12
65 89
39 47
6 14
54 62
30 39
28 36
63 70
54 60
43 50
62 76
2 3
17 28
4 9
80 90
39 48
1 4
27 38
69 83
28 48
34 71
57 76
78 84
89 100
26 31
7 45
54 58
61 80
19 34
5 15
35 46
93 98
29 46
34 48
72 85
26 52
25 35
50 60
10 11
55 72
93 97
18 25
92 95
57 81
17 24
49 52
38 43
41 50
56 63
12 30
29 45
12 23
20 61
54 66
55 61
18 26
3 18
37 41
88 97
68 89
86 89
49 55
32 41
32 51
4 10
25 36
88 96
38 53
52 60
36 39
21 23
71 91
8 10
25 32
40 66
53 58
30 42
70 74
70 83
63 80
91 100
46 47
37 79
7 15
74 82
22 38
8 26
67 80
40 45
28 36
24 37
70 78
70 78
70 83
54 63
53 57
29 48
47 58
28 33
33 45
81 87
14 23
48 58
13 18
53 66
71 78
1 21
43 71
5 24
65 69
89 97
51 69
66 71
82 90
24 39
58 71
7 11
24 35
41 45
20 28
51 87
67 82
17 23
46 50
16 27
81 87
39 70
97 100
80 89
53 63
14 32
13 19
14 25
2 6
81 85
17 26
19 42
13 30
4 9
85 93
74 97
86 96
56 67
75 83
71 75
5 14
69 79
74 88
74 97
54 57
82 88
27 43
44 48
13 20
74 86
15 17
78 89
74 89
83 91
44 52
42 58
27 39
43 50
46 52
56 62
42 47
44 52
2 7
55 58
89 93
62 85
13 50
39 49
40 49
20 24
52 58
66 75
95 100
10 15
55 69
90 94
65 74
10 26
74 100
55 73
39 51
60 66
68 71
83 89
27 38
82 85
73 85
76 95
32 38
7 13
35 41
23 29
32 37
10 22
79 87
67 90
59 69
36 53
51 56
67 81
48 55
7 14
39 44
56 85
90 96
52 70
17 27
33 40
23 24
10 26
31 42
46 69
21 28
61 82
75 81
26 45
40 50
68 74
86 90
45 64
65 73
74 83
79 83
36 42
84 91
89 92
34 68
6 13
55 62
37 49
95 98
47 51
3 18
7 17
21 27
47 49
55 60
79 91
21 26
20 26
41 49
51 56
20 28
69 80
57 64
79 89
16 27
76 95
69 79
20 29
72 79
61 76
70 77
54 63
75 77
45 67
76 99
33 38
69 76
82 90
62 76
36 51
60 73
80 87
1 18
35 56
55 70
4 6
67 94
15 21
79 85
72 81
15 29
11 17
20 23
19 24
20 35
93 98
32 39
28 36
63 67
71 94
61 81
5 15
77 100
84 95
54 58
19 28
14 26
51 54
10 37
36 59
14 29
41 50
26 33
36 71
39 47
51 78
85 91
76 85
39 51
22 32
22 27
66 82
51 65
55 67
30 40
60 68
42 49
30 60
62 66
69 78
60 62
22 41
94 99
57 75
36 44
57 64
91 98
56 60
34 49
42 50
2 14
65 69
48 61
14 18
40 47
33 39
71 75
41 44
61 64
53 63
70 76
5 9
24 41
47 65
1 17
63 87
79 89
30 41
76 84
70 80
6 24
46 57
46 51
71 85
5 11
89 97
51 61
44 60
66 73
58 70
13 24
34 43
11 16
67 91
52 59
81 86
75 92
36 40
84 90
9 15
75 76
55 68
30 35
64 89
91 95
24 43
79 82
39 57
81 87
49 67
3 23
5 24
83 86
40 46
77 80
65 86
13 28
59 61
73 90
8 19
75 88
40 80
74 79
44 52
12 24
34 42
5 24
18 31
40 42
85 88
61 82
64 86
89 96
65 72
38 43
93 99
3 11
48 76
79 93
7 12
32 42
56 74
18 23
93 99
1 10
85 97
28 37
55 59
67 74
69 83
41 48
72 88
9 23
24 46
54 61
46 53
70 88
62 64
85 94
47 58
66 75
94 100
76 87
46 54
76 80
69 76
58 64
22 29
68 90
63 65
75 91
20 25
25 56
20 29
35 44
32 44
19 30
1 10
5 8
2 17
70 73
21 31
51 60
34 55
12 26
27 30
54 58
15 27
31 36
14 27
45 48
79 92
5 14
37 42
12 16
6 7
90 98
19 23
45 50
42 46
8 43
73 78
67 73
33 40
44 54
4 10
54 64
26 42
66 82
51 59
39 46
42 54
57 81
20 33
80 90
1 14
44 57
68 78
66 76
25 34
60 64
91 96
6 23
62 71
14 25
15 41
7 19
77 89
28 42
85 90
34 42
38 42
25 37
94 97
78 87
19 44
29 35
37 46
20 29
65 66
29 43
24 25
33 42
9 21
14 37
73 82
4 7
43 62
66 69
49 73
68 75
62 67
90 98
27 32
37 57
11 19
71 77
90 97
13 28
83 86
55 94
30 42
9 15
6 15
54 60
79 91
81 88
48 62
73 80
82 90
71 77
7 11
41 45
30 38
57 62
55 65
60 70
55 73
46 58
63 67
68 73
54 60
48 54
42 59
30 55
9 15
64 70
61 66
88 93
73 99
88 92
31 46
58 70
43 75
36 76
45 56
20 35
34 38
18 21
34 51
17 31
34 43
62 68
81 91
43 49
37 50
77 99
72 81
38 57
60 69
16 20
12 18
22 33
45 51
35 40
76 91
5 8
51 64
71 78
2 12
44 51
24 28
80 86
44 59
69 74
48 60
70 75
58 100
84 93
15 32
35 47
47 48
50 60
32 43
15 23
17 21
59 70
59 65
36 42
92 96
6 12
15 19
85 98
49 64
86 100
26 40
21 55
23 41
89 93
51 64
75 80
79 86
90 99
23 36
7 27
70 84
77 86
12 15
58 65
79 81
25 42
47 51
72 88
19 36
80 87
62 69
82 94
20 39
75 99
2 10
75 90
43 52
80 91
5 13
23 53
64 66
46 51
20 37
53 83
67 75
9 15
13 19
60 82
28 33
94 98
29 42
52 67
43 51
80 87
88 93
66 73
59 67
47 64
88 95
67 72
71 80
82 98
45 54
68 77
42 52
56 72
66 91
46 52
58 81
58 65
81 92
32 49
11 13
76 89
85 90
5 9
31 37
4 19
34 50
50 57
15 41
66 71
60 65
49 62
86 92
12 18
78 87
50 57
38 47
9 15
2 18
14 23
69 76
58 70
48 59
50 58
83 100
72 79
72 83
56 67
37 55
38 42
2 11
62 76
65 68
87 94
51 55
73 81
18 27
13 22
5 9
16 28
4 19
31 32
12 20
77 89
47 52
38 48
54 69
72 76
17 24
62 79
88 92
41 58
64 72
37 49
33 59
81 92
46 79
48 70
24 27
29 35
2 9
26 46
10 13
67 72
50 68
4 8
95 97
2 7
36 52
32 55
72 84
26 29
65 73
6 15
32 63
38 40
67 75
46 57
44 46
83 92
42 46
72 81
75 82
39 46
66 73
30 46
10 13
23 34
7 15
73 85
67 82
46 52
32 38
77 100
63 95
2 10
14 16
22 31
80 85
7 37
27 41
29 38
7 15
51 68
20 27
21 24
28 41
91 98
55 66
33 51
33 36
53 58
33 36
67 75
69 77
11 30
23 33
83 87
45 48
60 84
66 73
69 81
12 22
14 27
22 32
11 29
9 16
33 40
51 61
10 29
75 93
42 45
16 19
66 80
47 64
3 15
55 63
60 83
12 19
61 65
23 46
44 50
48 50
53 80
32 50
54 63
52 64
79 85
14 20
16 22
25 37
84 90
3 18
67 92
72 79
5 9
32 33
62 68
85 93
40 43
80 85
50 63
48 61
78 86
80 98
5 9
51 57
10 33
18 20
2 31
51 67
14 23
32 40
48 50
75 88
77 81
61 77
92 100
77 98
6 19
62 66
48 59
39 45
65 74
12 31
19 25
7 13
24 56
54 65
57 62
46 49
16 24
65 71
46 60
48 55
83 98
77 88
31 43
6 14
75 82
53 64
12 31
81 86
89 96
53 58
44 60
21 27
18 32
44 51
84 99
1 12
13 18
1 15
80 90
42 55
21 29
73 92
1 10
50 67
39 43
51 79
5 20
29 36
59 66
83 86
84 91
9 14
80 87
50 75
58 70
11 14
55 62
78 93
8 14
24 53
50 61
13 19
80 86
64 70
16 20
10 36
66 80
47 63
38 45
70 88
80 83
81 95
21 43
16 40
67 74
75 82
52 61
47 63
45 50
71 75
56 61
55 66
38 48
83 85
5 9
45 47
66 70
22 31
38 52
32 42
35 46
65 96
92 97
27 51
27 33
12 16
16 24
41 48
91 97
54 56
47 50
27 50
6 11
3 8
66 71
51 66
12 21
54 65
85 99
12 25
30 32
59 62
36 62
83 97
26 37
82 92
54 61
32 34
24 37
91 96
66 75
1 22
5 12
55 60
59 77
9 26
46 52
65 70
26 41
3 6
60 66
63 67
26 37
21 32
25 40
37 57
14 16
39 49
35 49
29 37
52 63
71 75
80 96
5 9
55 58
54 63
70 79
38 44
16 33
67 73
7 16
50 59
34 47
29 49
29 31
53 61
46 55
90 95
88 92
88 98
54 83
20 35
73 84
70 91
36 46
21 24
13 38
83 90
19 28
41 69
14 36
83 95
47 54
21 26
35 48
28 33
50 67
26 33
42 52
32 37
20 31
64 82
20 31
63 72
92 99
52 59
89 95
31 37
30 42
76 79
27 40
40 46
12 26
58 65
2 30
51 58
6 14
83 95
31 56
80 84
9 14
42 50
81 98
80 87
60 65
38 42
69 84
15 35
56 64
12 19
49 58
55 79
9 16
81 93
36 40
18 36
36 41
60 69
20 31
77 89
46 59
22 26
60 65
87 97
9 28
48 50
14 25
58 66
75 81
73 84
65 76
81 99
46 51
61 69
28 37
10 20
44 55
43 57
14 19
9 25
45 61
76 91
36 41
8 13
36 55
55 56
30 33
63 72
70 82
53 99
86 94
71 77
53 65
68 76
52 60
73 82
68 77
29 34
33 48
73 87
9 17
25 55
54 77
5 13
20 39
36 52
15 39
50 55
59 65
4 12
70 77
71 81
63 81
26 43
70 76
76 85
30 40
29 41
64 76
30 39
7 14
70 94
55 65
85 95
37 41
59 71
26 29
25 38
25 28
27 60
19 30
51 72
41 65
14 19
35 45
42 53
4 10
4 18
26 38
23 29
60 72
56 77
58 67
80 95
48 95
30 39
56 69
68 75
68 88
66 79
62 72
10 13
61 81
5 12
75 96
51 56
28 39
67 74
81 94
23 29
91 97
5 20
82 87
36 51
64 70
60 68
70 80
40 46
42 52
74 83
54 60
79 85
73 82
56 78
43 49
1 6
73 88
24 29
47 54
1 10
82 91
73 84
51 69
68 95
29 37
86 95
29 37
55 56
21 52
80 92
91 100
41 62
13 38
71 77
1 28
33 56
81 82
27 40
64 76
11 18
84 94
57 60
5 15
62 84
62 83
54 58
84 94
39 61
81 96
70 84
59 67
61 75
59 70
54 59
17 31
11 25
12 18
78 88
45 52
28 34
35 47
23 50
2 15
82 93
56 61
35 37
9 15
21 27
49 76
32 38
34 43
10 14
48 52
16 49
25 28
84 91
21 50
57 67
33 37
48 56
88 94
7 11
76 84
84 94
51 79
23 33
27 40
31 54
37 42
84 91
18 22
59 66
84 96
46 50
89 94
58 72
29 44
61 69
23 32
58 70
11 23
12 17
71 74
33 44
27 33
77 89
7 30
6 31
88 97
23 50
81 90
6 11
64 77
60 69
74 91
47 55
62 75
45 53
48 68
80 99
75 84
86 98
62 64
35 38
8 12
34 40
6 11
69 90
66 78
47 62
14 23
45 54
61 81
75 81
7 32
67 75
78 91
69 86
89 92
42 62
70 78
90 98
9 15
67 88
18 33
31 48
37 40
30 41
66 70
21 29
75 89
93 98
36 42
44 60
3 9
82 88
4 12
31 39
85 92
42 46
60 72
83 100
4 20
81 95
56 59
16 29
76 86
32 51
28 94
46 61
69 74
46 64
45 63
15 23
71 82
50 56
51 63
39 44
5 8
64 69
17 28
53 65
67 90
60 66
43 55
79 92
60 70
22 25
30 45
27 35
94 98
96 98
53 57
72 77
34 46
22 29
62 65
56 72
65 68
9 22
71 82
60 69
9 12
53 66
54 59
29 38
43 50
24 48
85 89
7 38
12 19
8 17
79 87
31 38
68 74
6 16
67 78
63 68
51 62
12 29
16 17
92 93
95 100
33 36
72 85
60 75
64 69
3 10
67 82
29 40
16 29
7 11
51 57
60 74
16 25
2 39
90 100
89 97
63 72
58 70
19 24
12 17
91 94
83 88
75 87
88 100
47 64
37 47
57 67
87 99
10 13
4 14
84 89
17 25
87 92
49 55
75 79
79 84
65 70
30 36
64 73
49 75
33 37
43 47
70 81
66 90
4 12
5 17
38 45
25 29
80 92
37 44
1 14
71 93
57 87
59 63
37 62
3 8
20 26
37 58
53 61
42 47
90 93
31 37
78 94
63 65
84 93
5 13
38 46
5 28
88 92
82 93
90 95
44 63
17 36
86 100
7 10
52 55
25 41
80 89
37 49
27 52
77 91
1 12
19 26
63 66
55 61
39 45
69 95
61 66
2 6
63 70
54 84
30 45
2 7
15 20
61 70
42 50
40 48
26 32
61 68
22 36
54 64
51 61
60 78
25 29
59 66
45 69
70 76
76 93
15 30
43 46
58 63
84 94
97 100
5 12
87 92
22 36
55 62
17 25
80 95
8 15
54 69
42 48
36 61
3 4
16 19
45 53
28 32
65 74
31 37
58 59
39 49
75 81
72 74
58 67
48 62
36 54
19 24
57 65
26 32
52 61
16 26
13 24
48 55
66 70
63 68
65 82
41 51
41 46
73 95
18 24
32 59
9 30
52 75
39 50
9 18
60 65
45 49
24 37
94 98
45 50
77 81
29 33
4 11
84 100
15 24
64 83
10 28
84 100
62 66
4 18
68 82
51 69
66 71
32 47
84 95
71 79
78 86
5 14
85 96
34 37
9 13
82 90
55 66
4 12
64 67
52 70
47 51
64 68
40 47
68 94
49 69
90 93
63 78
80 96
49 58
10 25
75 87
69 72
25 39
25 33
36 55
68 73
61 66
72 87
37 42
26 27
56 64
36 59
57 71
63 68
65 79
44 53
63 68
24 36
79 87
26 34
57 61
39 60
38 47
20 34
59 61
25 35
82 98
86 89
30 32
50 53
6 39
70 76
4 13
33 36
52 54
49 58
20 33
92 99
87 96
78 89
55 68
53 65
70 76
73 84
50 55
31 38
35 40
52 53
68 79
27 43
25 35
39 56
22 30
90 100
25 34
42 44
72 88
22 30
91 97
66 72
36 54
59 77
47 62
80 87
56 62
50 56
71 78
50 59
34 43
19 22
64 79
30 46
22 30
43 51
72 81
9 23
62 66
37 43
8 11
63 70
44 49
2 8
50 63
14 43
10 26
61 70
15 34
21 26
65 86
63 70
1 9
62 76
52 60
23 51
49 61
67 89
73 80
33 42
11 43
40 42
91 98
65 71
33 43
66 82
27 37
50 59
35 42
46 54
79 93
11 23
81 86
22 33
19 29
5 7
53 85
49 64
41 43
5 20
89 100
52 56
43 50
26 29
85 95
12 22
33 48
71 87
12 21
18 23
32 37
10 29
80 86
74 78
46 48
29 37
53 58
35 39
48 85
79 89
50 71
54 59
56 61
88 93
11 14
47 52
75 89
68 74
13 41
42 45
11 20
27 49
30 53
57 68
24 49
38 43
61 71
6 16
10 24
49 61
57 62
54 63
14 21
53 64
44 57
3 10
44 51
43 51
57 60
68 79
66 75
50 66
17 33
42 75
60 70
6 14
9 15
82 98
66 73
44 55
2 17
58 81
31 42
3 7
16 22
48 61
70 83
18 28
28 40
16 31
10 21
33 45
78 86
45 55
62 68
55 84
10 12
47 82
77 80
27 43
18 54
23 43
69 73
72 76
75 84
6 25
7 13
39 60
56 68
36 41
57 70
33 53
12 32
77 85
58 77
15 25
9 28
21 31
29 39
29 43
28 38
74 82
71 80
4 11
15 25
59 74
78 93
1 26
59 74
65 75
59 64
31 38
17 22
70 83
5 17
62 64
31 40
25 36
67 79
8 18
79 95
83 94
18 40
72 83
85 98
6 12
7 36
65 77
82 85
13 21
40 63
6 13
75 96
63 98
29 35
47 50
46 69
85 98
55 62
7 26
32 41
52 56
74 81
73 76
77 89
43 48
45 51
56 87
12 20
62 79
59 76
63 72
81 87
42 52
51 61
36 50
53 64
88 92
38 41
87 92
5 16
53 64
54 62
42 47
67 79
90 99
11 30
49 78
22 31
29 52
54 67
53 63
48 60
83 93
62 68
74 86
87 88
27 37
64 67
84 94
36 38
10 55
71 76
93 100
6 16
51 54
71 89
52 59
71 82
15 20
73 82
33 37
20 27
22 31
69 91
63 69
35 43
49 61
44 52
53 57
55 62
92 100
25 44
19 33
87 93
36 73
90 96
67 94
36 49
2 21
20 36
62 89
44 50
35 44
60 67
85 89
56 67
60 71
73 80
71 83
55 60
22 69
17 24
29 34
69 81
55 68
16 44
63 65
12 28
32 34
50 61
45 69
20 25
14 24
60 65
53 62
24 28
57 75
70 95
33 55
72 82
94 99
17 26
52 62
18 19
85 97
58 78
3 9
52 74
1 7
16 20
93 99
1 20
9 24
63 68
6 18
61 69
56 61
13 26
1 4
11 21
13 22
84 89
36 49
32 48
27 36
57 59
46 78
15 28
65 74
6 16
70 77
95 96
25 26
50 60
83 93
67 73
11 28
53 63
61 80
9 13
27 39
86 95
68 81
26 57
44 53
53 57
48 62
37 41
48 71
76 85
4 9
56 69
7 14
31 86
55 61
77 86
77 85
14 21
67 89
55 58
15 26
60 64
38 70
56 71
33 40
10 17
64 70
21 39
81 91
54 58
45 59
2 11
69 76
90 98
25 36
89 95
49 67
69 91
93 94
81 87
88 96
65 72
80 100
60 65
91 96
20 28
43 57
20 39
70 85
55 67
29 36
47 51
46 61
88 97
89 97
46 51
83 92
56 85
17 40
23 27
20 32
77 85
12 14
41 49
53 73
37 85
64 75
2 11
34 73
10 12
35 48
6 11
53 64
37 45
17 21
38 65
8 29
66 75
42 51
71 81
31 49
37 52
24 32
38 52
52 56
88 94
4 16
2 5
57 64
70 92
72 81
44 46
1 24
1 5
9 20
76 84
55 62
62 84
50 64
44 49
53 59
83 92
2 14
8 12
82 92
83 96
27 35
41 56
65 75
69 83
50 62
51 58
29 55
45 51
34 41
26 35
6 12
68 74
79 86
24 34
86 99
3 12
75 89
38 45
20 29
29 50
28 52
72 77
14 22
83 94
36 54
37 51
53 63
6 12
41 53
25 38
42 51
88 94
65 79
39 43
86 92
4 11
73 77
88 96
48 56
28 50
87 90
22 66
7 21
81 89
9 16
46 59
64 76
74 82
19 30
66 73
48 54
86 94
85 96
54 59
37 43
9 15
38 46
87 94
63 71
68 72
69 87
32 59
2 7
21 32
50 57
88 98
29 37
59 66
56 66
62 68
12 22
31 34
73 81
3 9
47 57
76 87
15 29
9 37
65 73
42 46
74 79
7 22
7 13
31 63
81 92
20 36
55 60
76 88
12 20
18 36
33 35
81 88
16 24
13 21
58 70
66 72
73 87
29 37
10 23
59 73
12 17
68 73
30 40
76 81
3 10
89 99
63 76
82 100
81 87
99 100
27 44
48 52
28 41
43 73
18 24
2 9
74 82
89 98
43 54
18 57
75 99
41 42
96 99
4 16
71 82
44 51
22 29
84 92
35 40
58 67
91 100
46 53
15 33
15 23
60 78
18 27
31 41
29 40
71 94
44 70
21 36
58 67
88 95
59 67
21 33
16 23
72 92
80 89
7 11
60 63
12 30
8 14
54 61
47 54
69 90
16 31
6 10
46 73
3 10
2 14
30 33
72 81
24 36
17 22
92 97
60 73
51 65
18 32
81 87
12 17
54 59
79 96
15 22
80 85
43 70
69 75
53 66
44 53
46 51
56 62
12 21
57 68
5 8
75 81
68 80
44 58
28 39
46 50
82 85
78 84
34 39
38 53
3 8
42 52
28 41
55 81
69 77
73 77
57 62
66 69
81 89
68 78
10 18
63 71
76 92
2 7
6 11
66 81
49 61
71 88
85 88
61 82
35 37
43 53
75 86
90 92
92 97
45 54
70 79
54 68
90 100
49 65
54 71
68 74
43 46
51 74
20 34
65 84
19 36
45 59
27 34
63 66
58 73
52 70
5 15
11 19
56 71
46 52
50 86
73 77
55 65
22 52
60 89
86 94
39 50
27 30
81 96
61 78
17 25
12 21
56 62
55 63
85 95
35 45
90 93
34 38
19 22
51 62
76 92
82 88
81 90
78 84
92 100
17 38
21 43
46 53
22 43
36 45
36 44
59 69
62 81
48 56
9 19
42 54
81 97
84 91
39 44
48 53
6 28
30 35
95 97
4 13
81 91
21 36
45 57
1 11
28 32
30 37
59 61
19 31
29 40
19 27
65 69
57 73
16 29
56 66
5 10
14 29
51 58
76 91
67 72
50 55
48 66
81 88
89 94
11 37
75 83
6 12
42 61
30 48
60 74
75 87
20 32
18 31
51 87
89 93
27 33
18 34
18 37
11 17
69 86
79 83
89 100
71 84
74 82
11 27
40 49
19 24
23 28
80 87
28 37
69 72
95 98
33 50
45 56
25 32
54 59
48 65
32 43
51 65
54 57
31 37
30 35
32 38
77 98
85 88
79 87
91 99
50 64
88 94
44 58
55 60
70 98
78 84
40 50
39 44
74 81
6 17
55 64
72 86
84 94
72 77
44 59
10 25
69 75
23 30
66 90
36 69
2 14
55 64
40 53
65 81
6 13
40 46
58 71
58 68
62 81
51 62
7 17
85 90
3 13
68 73
33 38
38 50
23 36
63 83
51 58
27 44
42 50
5 14
16 29
80 96
36 50
62 68
67 78
82 99
6 15
41 49
28 45
52 64
35 39
57 81
50 58
43 51
60 74
5 13
67 76
16 29
33 45
85 93
51 65
1 10
43 50
38 42
22 25
49 65
72 82
72 100
36 65
58 73
11 45
75 94
70 77
25 32
78 97
16 25
36 46
91 96
68 89
83 100
93 95
32 47
71 83
85 88
9 52
22 47
53 64
20 34
20 28
17 53
8 23
33 38
71 84
56 64
67 81
78 93
39 50
67 73
29 46
88 99
25 39
58 70
39 57
57 64
57 61
14 23
75 90
24 30
14 29
39 59
96 99
70 100
35 40
48 54
69 75
74 81
75 84
74 94
74 89
46 54
88 96
25 45
12 24
14 21
23 36
90 98
4 10
61 66
31 42
32 46
15 23
12 15
80 82
38 40
65 68
14 26
80 84
17 39
12 19
39 48
52 55
63 79
24 32
78 83
26 32
7 15
23 49
11 16
70 88
58 69
46 62
59 90
59 67
72 75
49 58
33 40
16 27
62 66
75 83
91 96
86 97
37 53
35 59
70 100
31 35
74 89
53 71
30 42
67 74
10 17
5 8
90 94
19 28
23 63
81 85
42 53
59 82
47 50
56 59
62 71
52 63
69 79
53 76
73 92
6 11
17 36
70 80
4 21
86 91
13 23
37 68
66 79
60 76
38 43
17 25
59 63
72 79
85 95
9 22
7 16
51 64
10 14
6 15
66 75
53 69
58 70
34 48
79 84
62 64
28 44
59 81
9 32
54 80
53 69
84 97
42 52
55 59
3 4
74 82
48 62
51 62
41 66
30 47
36 65
19 36
23 34
92 97
95 99
63 75
70 81
56 71
9 21
12 27
73 79
24 27
94 100
17 31
48 57
76 92
93 100
27 35
51 55
71 77
66 75
76 86
83 87
67 72
23 35
60 62
19 33
29 47
69 78
73 91
65 84
80 89
45 53
64 78
17 18
50 52
34 47
12 29
41 48
24 32
16 32
3 11
78 82
77 83
83 89
28 33
2 15
57 72
65 73
71 94
18 25
63 67
60 71
14 25
26 41
88 94
5 27
69 92
83 91
82 88
40 51
75 97
62 74
20 32
28 50
36 46
88 98
9 20
25 49
6 10
3 8
30 39
30 39
11 30
59 64
18 22
15 29
54 78
76 86
31 44
86 92
20 33
57 65
15 32
49 55
62 79
89 95
16 26
44 51
12 27
89 93
8 14
9 23
48 59
98 100
59 78
40 49
82 89
32 39
33 41
37 41
90 96
44 72
90 96
30 34
58 64
92 100
56 60
1 17
34 40
6 8
48 54
41 53
37 41
76 89
27 32
20 28
36 55
17 28
87 96
34 48
16 24
75 80
35 46
88 100
34 41
76 85
62 69
38 50
28 52
37 51
45 65
30 37
81 98
31 50
35 51
36 42
56 58
40 56
35 38
21 41
8 17
35 50
84 91
4 19
42 81
21 31
14 21
66 80
12 16
15 47
24 35
47 59
71 93
86 94
62 67
40 47
57 66
52 56
71 94
39 46
69 77
40 49
57 68
28 48
11 21
18 34
81 96
40 50
58 74
27 35
73 91
82 93
5 14
7 16
38 53
31 38
78 91
46 63
57 63
11 19
50 67
36 50
3 5
14 20
90 96
7 25
80 90
72 78
19 32
56 61
76 83
74 79
4 19
27 36
36 51
1 6
72 75
88 95
6 18
61 72
35 44
30 56
69 77
5 22
2 14
78 92
39 47
38 51
62 77
23 28
63 82
43 45
8 18
61 75
74 84
75 80
25 33
60 73
84 93
53 57
41 49
16 50
30 39
29 37
81 100
38 42
16 22
25 28
47 67
9 29
65 76
25 43
93 100
11 38
20 32
3 13
2 9
51 62
42 50
36 46
77 87
82 88
35 40
78 97
85 100
35 44
6 17
43 54
58 64
10 21
60 68
41 54
54 63
73 92
76 98
55 76
13 23
35 38
83 95
93 98
7 18
36 38
68 70
6 25
69 82
11 23
51 65
42 59
60 68
78 80
18 20
16 54
78 82
81 83
47 76
22 30
73 99
13 29
40 49
16 23
63 77
72 84
5 36
19 29
59 62
23 27
87 96
15 21
26 34
35 52
89 93
3 14
20 43
37 40
84 92
66 70
44 48
19 30
4 27
62 87
75 99
33 37
37 45
66 71
89 94
76 87
86 92
86 98
60 62
7 10
39 47
22 31
13 31
40 54
63 73
8 19
78 100
70 80
31 44
52 57
54 58
46 55
63 82
20 25
64 71
78 94
88 96
58 65
27 34
19 25
54 60
30 33
2 13
14 17
21 28
15 20
14 21
54 70
36 64
44 54
37 50
12 26
53 60
7 9
4 7
71 76
3 25
59 86
35 42
42 46
39 49
27 37
57 72
51 70
78 84
32 37
62 73
68 71
82 88
81 95
51 52
35 44
21 27
41 46
40 55
48 54
53 74
72 74
8 19
4 31
28 36
15 25
66 76
54 59
54 61
67 93
44 51
72 80
11 21
78 86
51 62
54 64
91 99
57 66
86 97
5 20
45 54
35 46
56 63
58 61
31 32
53 57
58 67
12 17
79 91
28 31
32 42
41 52
36 46
63 68
52 61
43 55
49 62
25 34
57 69
50 55
14 20
66 81
18 35
76 83
78 86
6 11
12 26
62 72
23 51
51 60
11 34
58 78
55 72
56 66
60 64
72 73
48 59
83 96
17 22
31 39
48 53
21 62
15 20
31 41
47 48
69 79
47 64
14 28
94 96
24 40
40 47
34 41
23 78
74 90
84 90
6 22
44 56
37 50
20 54
62 65
46 57
36 47
6 18
36 42
47 57
83 92
82 88
2 19
23 46
47 56
30 42
64 74
25 29
88 98
67 73
63 71
49 89
43 52
33 47
7 9
16 22
49 75
37 65
89 97
9 23
36 54
39 43
2 17
43 63
32 39
57 70
2 10
74 86
83 89
31 40
7 29
52 62
24 27
63 77
71 76
55 65
52 57
87 96
49 56
75 80
25 30
11 17
51 60
17 29
11 27
18 26
9 21
68 78
66 81
45 55
33 72
25 30
7 12
59 68
19 34
60 64
11 19
37 52
18 22
46 48
75 97
41 44
73 82
17 38
77 84
1 15
9 16
42 45
36 44
72 82
61 65
31 41
3 21
60 64
10 14
12 22
2 11
66 70
6 8
49 60
85 98
26 32
10 13
86 97
72 84
79 88
68 71
20 30
50 59
26 31
58 69
6 11
66 80
86 93
51 57
16 27
79 85
9 31
79 83
44 53
27 58
8 16
56 67
49 58
22 49
54 59
74 87
49 70
71 76
32 47
4 9
24 37
71 80
66 76
18 29
51 56
13 24
72 83
87 90
55 57
13 20
69 96
12 15
37 46
11 17
84 99
2 12
26 43
7 19
14 46
41 46
18 35
88 91
17 22
18 28
32 40
5 14
26 33
18 47
29 34
52 58
7 27
5 12
57 60
48 52
29 33
31 36
57 69
5 20
31 38
29 37
15 25
49 62
75 82
60 66
22 31
67 72
31 42
4 39
52 72
17 23
73 87
12 23
84 92
45 52
45 48
22 27
89 95
44 51
19 31
24 27
28 29
6 13
73 79
76 87
19 28
68 79
64 68
31 36
76 87
59 66
10 32
5 12
59 72
46 48
66 74
18 29
31 43
26 38
42 53
55 59
3 6
52 60
18 31
29 35
43 48
43 51
38 43
81 89
61 67
17 22
28 33
12 22
64 70
28 36
80 84
33 53
76 82
59 67
60 71
65 96
26 28
42 47
32 38
50 55
79 80
19 42
46 51
63 69
43 62
7 13
65 78
78 86
40 62
47 50
45 55
8 19
79 91
51 53
14 32
88 96
53 63
73 95
72 94
75 85
67 80
86 91
29 50
62 80
56 62
24 36
60 66
58 77
5 10
11 20
69 79
22 40
39 47
41 54
98 99
49 56
79 90
80 90
17 23
12 21
47 56
81 85
62 71
63 83
33 51
9 16
52 57
25 31
16 30
56 78
22 26
32 41
66 86
33 44
90 94
86 93
10 18
2 22
70 78
69 79
77 93
2 10
27 31
79 85
39 44
52 66
1 8
56 76
37 40
90 93
9 27
59 66
13 50
69 72
19 22
54 59
81 89
8 10
56 59
50 67
54 63
89 96
87 93
79 93
63 94
32 43
86 99
31 38
11 33
78 100
49 59
6 19
28 40
37 54
27 36
26 35
7 37
69 77
50 68
2 10
50 65
16 28
6 19
3 12
74 77
62 89
49 54
29 41
28 58
8 17
20 27
88 93
24 27
35 46
80 91
53 63
19 26
62 78
11 15
53 58
46 74
73 81
40 56
80 89
36 42
13 26
39 44
66 76
61 70
2 13
55 57
79 84
14 22
20 28
30 39
69 70
4 22
22 51
20 25
80 95
7 10
9 14
35 51
7 13
19 33
51 57
44 49
65 71
2 11
12 14
75 87
44 52
56 62
70 92
37 45
42 50
23 36
49 53
64 69
5 12
44 48
34 38
12 18
59 63
8 23
56 66
73 92
11 19
79 88
60 64
51 75
37 49
59 69
91 95
31 41
90 96
49 59
5 14
81 87
59 63
19 33
9 18
12 17
53 72
7 10
82 84
61 68
28 38
26 39
61 76
23 30
49 57
62 70
4 23
52 66
86 92
28 36
1 16
7 52
23 27
64 67
85 99
62 68
50 59
79 82
10 16
10 15
95 98
1 13
26 41
43 55
80 85
21 35
58 67
77 89
48 59
75 79
12 14
16 37
25 32
46 53
19 47
79 86
87 94
9 18
54 80
57 69
20 30
70 84
50 58
38 47
81 83
82 91
5 25
35 45
63 77
85 88
45 52
3 23
52 57
59 63
92 93
68 70
34 41
22 31
6 18
44 48
62 72
76 88
7 16
10 15
14 29
87 94
34 43
19 29
42 55
13 32
8 12
21 29
74 81
65 75
59 65
33 37
64 78
12 23
6 17
13 31
56 71
20 76
6 11
44 54
10 25
65 71
10 17
36 41
69 92
47 54
77 87
26 44
68 89
3 14
36 45
6 19
50 60
70 86
7 43
56 69
35 42
57 67
26 41
61 65
22 45
64 77
7 27
22 27
44 51
14 28
53 61
15 22
72 90
21 38
15 29
57 65
52 77
77 86
27 35
27 39
48 54
60 62
41 51
63 69
76 79
35 42
54 61
87 93
20 28
17 22
71 76
18 36
34 37
78 86
56 64
79 84
62 65
33 40
75 83
35 45
63 74
67 86
79 95
32 48
2 26
70 89
8 23
58 67
36 43
42 44
60 70
34 49
61 84
21 36
23 33
41 56
87 100
35 39
64 86
57 73
56 79
15 34
15 26
6 25
4 12
29 36
69 83
11 21
11 13
58 71
83 90
22 28
81 83
78 91
46 59
75 95
4 9
29 50
8 16
32 40
68 83
7 40
41 52
75 89
30 37
5 12
79 83
68 70
85 92
60 66
17 23
57 66
51 62
43 83
8 14
71 79
93 98
43 56
8 20
16 26
18 29
73 77
33 42
69 76
80 93
37 50
69 91
35 40
86 92
37 52
25 29
80 87
80 82
79 87
3 9
58 81
70 83
66 70
69 87
55 72
61 89
41 56
34 50
1 22
24 26
48 58
25 35
68 77
86 94
32 53
38 43
43 56
72 79
13 19
68 78
70 82
58 69
16 25
83 88
8 17
80 91
15 26
71 76
54 65
95 99
34 40
86 96
88 97
34 48
31 48
22 41
91 98
13 18
8 19
16 29
81 93
17 34
19 27
64 74
24 35
28 63
67 75
70 80
5 23
63 68
27 35
92 96
62 70
38 67
65 75
13 20
72 89
51 53
43 56
63 75
85 96
39 58
39 52
70 74
72 76
11 34
79 89
87 93
84 86
81 90
45 57
36 42
17 27
16 23
61 62
61 68
61 65
45 56
6 28
3 8
56 70
69 85
85 99
8 15
48 69
68 78
33 42
16 31
29 39
27 38
7 16
84 92
83 97
33 75
60 77
31 40
32 36
12 22
25 29
17 35
72 83
12 18
44 51
5 22
50 53
8 15
69 78
19 42
42 50
2 6
52 59
88 95
50 75
11 24
38 79
25 30
26 43
47 61
13 21
34 40
58 69
66 78
44 53
42 46
46 50
78 84
78 87
67 71
67 75
32 51
37 50
58 67
80 89
54 57
3 17
25 29
87 97
49 96
61 71
66 76
20 25
59 73
29 38
13 18
36 44
27 32
62 78
52 57
1 15
30 33
3 10
71 74
5 26
37 53
51 70
87 94
56 65
31 44
34 45
51 69
44 55
78 83
60 69
44 62
31 37
4 12
57 61
11 52
74 90
6 16
85 90
18 39
4 14
83 97
6 16
32 45
42 60
89 94
23 32
42 50
36 46
41 47
63 66
25 30
54 74
62 69
78 86
35 43
71 87
64 80
27 32
47 60
23 36
66 78
35 42
83 91
57 66
68 71
21 27
5 19
7 13
48 56
30 41
83 95
44 61
20 35
6 18
42 69
49 55
33 39
16 27
63 82
54 89
3 14
72 90
50 54
70 81
53 57
78 87
43 57
48 49
14 25
50 59
42 57
12 23
54 65
40 50
38 82
66 82
45 49
87 96
23 26
14 21
56 62
34 39
29 36
40 49
21 30
60 69
73 77
81 86
30 36
32 37
4 8
44 54
25 33
71 86
42 48
13 20
39 45
32 44
84 99
37 47
54 62
30 47
49 59
57 76
20 24
24 49
5 21
7 54
46 62
7 22
19 26
73 87
17 23
36 43
53 63
32 35
57 74
60 71
52 62
47 61
32 35
6 17
36 49
68 74
92 97
7 29
11 26
90 96
77 83
29 54
47 55
15 17
44 54
80 83
39 56
43 46
6 17
35 47
24 31
69 77
72 80
69 70
62 73
10 28
12 20
27 34
59 75
21 25
66 71
65 78
94 100
92 100
71 86
58 66
45 46
50 58
51 64
67 84
16 34
29 47
11 19
51 56
48 72
8 23
12 21
23 37
83 86
91 94
84 97
63 82
7 14
56 82
68 76
50 55
39 58
44 50
14 27
31 56
5 10
36 41
57 65
44 50
84 91
45 56
19 28
75 80
83 94
47 54
84 90
49 58
16 22
26 31
22 40
69 72
51 60
73 81
61 69
48 50
45 50
38 49
34 46
30 39
54 66
19 32
64 72
5 19
10 20
77 93
9 28
91 98
70 78
64 83
57 66
67 74
46 51
7 21
62 71
75 85
92 95
18 33
78 96
43 57
50 58
84 94
10 36
69 81
41 54
89 98
75 92
75 84
49 69
39 52
13 18
63 81
72 81
19 26
69 90
65 73
84 91
66 78
45 55
21 35
63 67
74 91
65 95
66 72
47 52
58 65
7 10
75 99
53 69
1 18
66 92
25 32
70 78
76 81
65 77
83 91
70 73
22 29
77 86
70 99
64 79
45 52
33 38
19 26
35 41
19 37
86 91
9 18
54 68
81 85
78 84
83 87
36 50
23 28
69 73
45 56
28 47
85 86
40 43
5 12
32 51
44 49
62 96
90 93
21 34
15 25
58 74
72 85
89 100
72 75
44 48
19 27
13 23
81 88
29 30
86 94
58 70
65 79
9 18
31 43
71 76
2 14
80 86
17 29
11 25
60 71
44 55
55 62
7 14
55 63
78 82
42 56
88 95
40 62
8 25
37 43
34 44
82 87
13 64
37 46
17 32
31 47
19 31
29 35
27 45
71 83
20 23
66 87
38 52
28 61
57 67
14 39
34 53
30 35
83 89
56 69
48 55
40 52
57 89
75 79
26 39
17 27
72 81
20 46
7 16
45 63
18 28
40 51
16 29
34 48
51 67
18 24
83 93
67 73
85 95
30 38
67 86
93 95
43 47
76 82
70 84
50 54
52 55
6 37
2 4
32 37
12 22
61 80
3 18
8 17
26 33
6 10
13 20
45 54
28 34
79 97
36 57
7 12
90 95
13 17
40 87
83 88
77 84
20 37
78 88
45 48
1 11
57 65
86 94
77 86
13 36
18 27
49 62
67 81
8 24
28 34
65 76
30 43
3 27
56 59
75 82
38 40
47 58
30 36
59 63
23 31
29 39
47 51
82 94
79 83
61 74
60 66
24 28
1 17
26 32
62 67
85 97
59 67
55 62
68 75
92 100
9 29
58 73
89 94
4 19
42 53
76 91
31 52
15 42
92 98
23 26
38 46
58 83
5 25
46 50
76 85
57 70
63 66
18 33
51 60
14 21
78 95
26 35
88 95
14 26
85 89
97 100
55 64
36 44
24 30
40 44
42 48
70 75
35 42
77 83
35 41
74 80
66 71
50 87
34 37
34 37
7 19
6 25
40 50
13 18
49 54
35 54
43 48
3 18
89 93
87 93
68 75
10 14
22 31
45 58
68 85
57 66
83 94
35 48
38 41
59 61
15 24
76 97
84 95
83 94
51 66
29 35
41 57
34 43
70 83
74 83
60 76
15 40
81 87
4 16
1 11
49 55
40 49
61 64
64 85
7 9
1 9
61 64
24 28
44 54
61 73
51 65
87 93
7 15
52 65
76 85
12 19
81 86
25 41
20 34
49 54
51 57
74 90
32 52
56 61
44 50
8 35
66 88
74 84
71 88
35 39
27 33
20 33
14 30
87 91
11 18
54 64
64 75
61 71
72 78
62 86
56 67
78 83
11 27
58 68
65 72
27 36
49 55
3 6
23 25
17 24
55 71
30 36
44 58
19 23
37 48
14 38
27 29
90 92
87 94
22 30
52 77
85 92
14 20
56 60
33 52
36 46
33 49
43 47
42 47
42 60
11 19
40 85
53 56
14 25
11 22
75 87
38 48
61 71
22 36
66 71
69 78
7 18
89 93
80 93
13 23
50 66
7 24
65 81
86 90
3 10
27 46
53 62
66 84
78 87
10 15
69 79
56 66
65 75
8 24
7 16
28 39
33 46
20 38
57 67
31 56
58 84
49 64
12 29
77 80
85 93
22 41
2 25
4 23
34 46
76 81
76 83
88 93
71 90
61 70
72 90
21 27
82 96
55 80
70 83
17 27
56 60
70 83
32 40
41 63
46 51
17 32
83 88
63 75
16 26
51 83
80 92
82 94
16 29
36 52
82 94
57 96
49 52
75 89
92 94
34 37
90 100
3 14
62 81
42 48
25 37
50 56
32 36
53 62
12 23
6 14
75 85
45 53
68 76
9 26
91 95
60 74
90 96
23 35
24 33
31 64
23 36
16 28
85 91
25 35
73 85
65 83
72 77
11 22
82 100
64 71
18 26
21 31
52 59
74 81
48 60
34 47
27 34
3 18
54 65
28 48
11 31
17 19
46 61
32 40
30 35
81 83
41 46
82 95
68 77
1 14
69 95
51 60
63 80
13 26
7 23
31 34
30 38
39 42
49 59
22 29
61 67
66 71
65 73
56 61
21 37
14 28
50 61
72 80
15 24
75 85
88 100
37 50
52 59
13 60
61 69
34 40
52 59
38 45
27 32
11 24
66 73
36 43
15 31
15 19
40 45
41 48
29 44
53 92
71 89
49 55
50 57
47 67
89 95
42 44
22 40
8 13
34 36
78 90
42 47
65 83
12 18
45 51
57 61
2 20
91 99
3 32
75 92
1 21
58 64
51 67
89 96
10 42
24 43
47 56
20 29
39 44
35 42
54 59
45 64
57 76
1 9
16 29
42 49
1 44
78 96
38 46
18 40
79 95
32 43
85 89
82 91
54 94
21 43
37 75
79 85
65 89
71 75
40 58
60 66
61 66
85 95
44 53
53 58
65 76
9 24
77 92
73 84
4 15
22 27
31 37
95 100
78 90
53 63
2 11
59 68
20 26
26 29
75 82
67 80
35 40
82 88
41 58
34 51
35 42
3 17
50 57
53 66
4 13
34 48
70 80
77 86
94 99
51 63
6 14
77 98
78 85
30 34
11 29
84 94
59 66
21 23
60 74
43 51
29 30
48 53
43 50
67 71
6 10
21 31
24 27
57 65
31 47
55 66
27 37
50 59
58 68
87 94
50 55
56 68
55 69
43 53
32 45
7 14
66 72
67 78
58 74
17 36
28 32
41 57
32 38
58 72
63 81
72 93
88 94
27 32
41 53
43 48
23 34
84 87
67 74
1 3
69 80
55 62
4 14
38 44
41 45
21 33
58 65
74 86
52 66
63 64
6 19
24 48
23 31
19 30
77 89
82 90
42 46
42 74
66 84
20 48
37 70
68 77
5 15
35 51
49 60
10 18
59 67
18 23
71 77
43 69
62 74
29 34
47 51
30 49
8 17
87 99
67 71
44 46
75 83
6 15
20 22
71 79
58 61
11 16
81 85
2 19
59 100
55 59
38 45
24 32
47 53
12 21
8 34
29 36
29 64
40 49
87 97
16 23
43 49
54 60
81 91
21 23
16 31
44 56
43 53
59 65
13 16
2 3
58 77
73 82
20 24
54 64
45 66
22 26
85 89
42 49
5 20
14 22
63 73
33 45
52 84
21 29
87 93
19 41
15 21
34 44
5 21
87 98
68 80
9 27
40 47
15 29
75 87
12 23
4 22
27 32
50 57
50 54
30 39
36 52
62 72
52 60
4 9
64 89
21 29
69 72
2 10
66 77
18 24
65 71
10 14
18 24
32 39
70 85
83 100
15 22
29 42
73 76
84 90
18 24
24 78
9 14
16 24
6 13
18 30
87 91
50 59
22 29
2 11
41 52
68 71
69 100
3 13
76 94
34 59
73 83
33 42
28 34
67 74
4 7
48 52
74 78
65 68
13 22
56 60
14 22
44 62
19 35
16 22
82 94
39 46
7 26
86 98
21 30
26 35
40 43
66 75
40 69
10 26
61 79
29 52
57 66
73 81
30 42
45 46
55 72
17 24
17 34
3 8
29 39
34 35
42 55
15 29
42 51
30 36
12 24
81 93
20 29
30 36
79 94
58 59
29 68
13 19
77 83
34 41
19 26
63 69
22 29
33 35
39 60
65 79
24 37
59 61
56 61
22 39
27 39
47 57
48 65
44 49
8 11
59 68
73 85
2 31
14 21
86 88
8 15
64 70
21 39
86 93
74 79
15 25
1 8
15 30
21 35
66 72
57 72
12 27
82 99
31 47
62 86
48 60
15 22
27 42
1 15
61 63
66 76
2 6
31 41
30 33
81 95
43 52
82 99
59 60
35 45
18 24
51 60
77 92
88 94
77 97
73 79
45 63
54 64
5 14
20 29
10 14
57 65
75 84
49 53
66 83
10 16
22 26
19 22
6 17
32 41
82 86
26 31
38 45
63 73
91 98
84 91
77 82
74 83
65 76
59 71
42 61
17 21
39 45
71 80
32 39
32 36
11 12
23 31
77 87
82 96
42 59
88 96
12 26
37 56
40 58
48 55
58 75
8 10
61 75
42 46
10 25
57 61
71 74
82 93
5 10
3 8
70 76
3 8
3 12
54 58
54 66
62 73
18 30
35 48
14 20
35 53
27 34
15 20
21 30
19 24
33 44
41 47
83 89
40 49
65 74
95 99
77 97
28 71
68 75
18 24
3 6
48 62
81 86
1 21
66 75
55 65
4 32
34 37
42 49
51 67
11 30
88 92
67 89
55 66
34 40
47 54
16 25
78 81
16 18
58 63
77 90
41 60
12 17
34 41
16 22
1 13
87 100
51 65
72 80
54 64
88 94
7 17
20 22
50 61
83 86
55 58
18 19
85 88
57 62
62 71
3 10
19 22
56 71
87 92
52 64
48 57
23 43
17 28
11 28
22 37
44 59
4 10
12 24
23 27
11 15
54 58
84 95
28 33
82 84
98 100
17 30
7 13
11 13
91 99
48 55
27 41
5 14
49 61
42 46
51 55
2 26
52 58
52 86
87 93
84 88
65 71
3 11
32 57
76 98
34 58
21 60
14 28
35 53
7 14
79 95
69 84
30 38
80 89
24 33
59 79
76 95
85 97
4 14
44 49
83 91
59 78
89 98
20 28
18 26
4 14
20 29
17 24
79 86
61 69
43 47
56 65
63 83
10 17
5 18
74 90
21 26
28 35
14 35
64 82
38 41
70 72
34 37
95 96
33 37
83 90
67 75
72 81
77 98
20 37
67 87
88 96
13 21
8 10
23 29
3 9
56 67
19 29
15 25
24 27
35 38
12 23
4 12
37 46
75 81
10 16
74 82
27 35
62 72
2 9
86 88
26 35
82 98
30 65
22 37
11 20
14 17
72 79
49 57
11 39
40 45
5 8
32 47
42 57
71 86
44 50
15 27
48 78
60 76
76 83
44 52
52 65
21 27
25 33
83 96
71 77
27 33
7 11
67 73
80 94
18 33
93 98
52 59
43 62
12 24
24 36
68 77
26 29
71 94
20 34
42 50
57 71
36 45
69 84
73 77
47 57
78 88
50 59
15 39
64 83
43 49
41 52
22 27
63 72
44 59
25 31
29 38
1 5
37 48
14 18
38 43
45 52
55 71
3 8
28 32
2 24
20 30
82 98
54 59
95 98
27 35
76 82
47 57
21 30
71 75
53 70
15 29
14 41
10 22
17 27
38 55
58 65
38 44
2 9
13 26
9 14
89 97
38 45
25 37
74 99
80 99
60 70
31 33
61 73
44 63
40 51
58 71
78 85
56 63
97 100
57 59
13 27
67 74
54 59
25 33
60 68
54 65
60 64
71 76
5 16
2 4
70 76
26 37
69 73
53 62
47 53
6 12
11 20
50 88
56 62
29 35
11 23
4 12
27 41
70 74
78 82
57 65
61 63
67 73
37 51
76 82
12 20
40 55
20 35
13 57
64 67
10 28
35 44
30 32
34 43
45 69
35 48
33 49
52 59
55 80
36 63
20 31
68 79
19 43
40 51
17 32
87 99
73 87
27 32
55 64
49 70
43 49
45 52
69 78
28 39
56 59
37 49
66 69
36 54
88 93
26 39
71 78
48 93
60 76
71 78
17 42
85 92
59 73
3 17
50 64
61 71
17 19
33 45
59 77
89 97
58 66
39 43
18 53
27 37
90 99
73 82
26 35
21 29
4 21
63 78
25 34
13 25
20 28
63 74
38 59
56 64
17 21
63 76
50 57
88 93
75 82
11 24
9 17
50 54
52 57
80 86
52 58
85 96
77 84
26 41
22 31
83 88
22 36
47 61
63 71
66 78
2 31
88 96
14 51
52 62
54 59
10 20
6 37
34 48
34 45
74 85
51 56
14 22
62 73
21 35
95 99
46 57
76 79
68 75
94 100
35 42
72 82
79 94
71 75
57 71
23 29
84 94
44 48
43 51
3 6
79 88
72 79
39 48
81 100
52 59
49 71
49 63
55 57
80 82
33 43
65 75
44 56
60 81
8 46
25 34
60 69
19 24
26 32
34 48
40 63
84 91
70 77
21 28
84 89
29 36
60 74
22 24
82 87
38 60
69 75
62 67
12 41
55 80
7 30
81 90
45 63
84 95
24 44
19 30
4 42
25 34
87 92
49 52
48 50
11 15
39 46
41 47
79 97
61 72
46 67
4 32
90 98
55 61
25 40
33 40
22 38
9 13
49 58
84 90
71 81
91 96
24 33
2 14
20 34
29 35
79 94
35 50
43 61
74 78
29 56
53 77
83 94
68 99
82 89
67 70
70 76
76 86
11 27
63 65
7 26
43 59
2 10
23 25
30 41
73 93
6 20
25 37
66 69
50 55
34 43
30 35
48 78
69 85
57 63
58 64
64 66
47 59
44 50
16 20
71 80
24 32
25 39
80 84
39 66
28 30
36 50
66 74
17 24
53 80
25 35
22 39
32 43
49 56
81 95
27 89
38 45
3 7
86 91
69 83
23 67
13 31
45 63
71 75
57 73
47 50
23 30
35 44
37 50
32 41
86 95
4 20
45 50
17 27
38 48
75 88
31 34
7 17
73 89
61 66
49 59
53 60
76 84
4 14
73 77
84 93
70 82
76 86
58 66
37 49
41 54
14 28
6 17
11 26
47 62
49 75
94 96
29 49
24 44
49 59
7 22
58 71
53 63
23 33
63 68
71 95
76 86
41 49
55 62
36 55
36 55
72 85
78 83
11 22
15 25
9 25
68 91
20 27
3 19
89 95
46 61
65 72
55 59
9 21
90 95
51 54
39 42
63 79
25 33
72 80
26 38
2 13
46 59
67 80
12 29
2 24
93 98
70 88
38 46
33 43
29 55
30 33
46 58
40 56
17 39
67 78
15 25
50 66
6 17
33 53
28 33
22 33
54 60
84 87
35 39
22 32
13 17
74 86
7 22
51 58
13 22
21 30
48 54
16 22
44 56
24 46
66 73
58 65
83 93
9 20
52 61
41 52
91 98
22 48
37 54
72 85
84 88
59 70
27 36
37 46
86 95
75 78
26 31
68 100
18 20
58 64
61 67
82 90
86 97
63 74
27 45
56 67
30 39
82 93
50 56
50 54
19 35
40 63
25 30
58 63
78 87
6 22
72 80
54 57
71 75
22 41
69 80
80 95
32 52
57 66
53 90
30 35
92 94
17 25
16 20
16 25
44 53
63 70
78 80
83 93
62 68
75 87
76 79
77 80
28 32
11 20
56 73
5 14
71 82
3 5
29 37
23 30
51 62
22 30
5 13
56 62
20 31
42 47
32 46
51 53
6 12
7 21
91 95
64 87
25 38
59 67
65 75
34 36
37 43
51 62
17 24
2 21
4 13
5 8
32 37
32 56
77 89
28 42
44 56
7 16
10 19
39 45
84 88
66 77
19 20
21 24
76 84
22 31
6 14
1 5
64 95
79 86
41 54
83 96
20 23
6 19
26 33
2 8
18 23
67 71
14 29
76 87
17 25
1 29
38 46
73 75
15 20
1 3
51 58
60 66
14 29
25 41
74 90
15 16
91 99
54 81
32 36
77 88
5 20
85 90
45 71
63 68
80 87
60 68
62 76
77 90
47 63
47 57
48 54
31 37
35 55
38 64
69 95
49 67
64 92
11 16
57 59
73 94
31 33
14 26
77 99
1 3
24 36
24 30
33 47
54 81
6 18
55 70
56 66
80 84
30 37
17 35
41 50
55 67
74 87
75 90
32 65
5 18
4 10
75 79
33 38
86 94
30 44
22 41
4 18
66 88
28 60
43 64
41 44
4 14
88 91
50 68
45 46
79 83
81 94
46 50
74 84
30 56
60 64
61 69
51 59
42 52
27 49
41 68
41 83
42 68
79 87
73 83
61 67
61 76
29 47
40 43
50 63
28 39
27 36
35 47
35 46
86 95
57 83
39 45
84 88
76 93
72 82
47 56
1 23
63 77
51 57
52 87
42 50
60 75
76 81
21 30
36 42
89 96
14 31
10 21
97 100
24 34
66 89
89 97
73 77
89 98
76 80
42 43
75 79
25 27
49 55
12 29
38 47
67 77
11 25
59 72
79 90
79 82
10 24
41 52
45 51
48 68
48 50
48 55
64 72
80 96
30 41
5 35
53 68
44 53
63 71
80 89
84 98
7 13
75 80
78 88
73 91
68 76
39 46
78 85
79 83
64 78
75 84
87 99
35 38
95 100
29 39
53 62
53 69
43 47
7 28
54 76
62 69
90 93
38 42
75 89
6 21
21 30
60 65
49 52
1 5
16 24
26 38
18 21
70 74
80 85
59 73
9 36
25 38
33 46
41 50
33 48
58 64
73 89
20 49
67 77
35 94
75 83
27 36
69 80
46 51
55 62
26 39
30 35
79 93
6 19
6 28
10 23
78 81
20 24
39 49
78 84
31 44
20 25
6 14
14 19
7 15
84 91
39 50
80 97
45 60
67 74
52 63
69 74
54 59
37 49
26 39
14 44
37 40
46 58
30 51
78 82
10 17
69 91
16 28
19 21
16 27
60 67
33 46
2 3
17 33
58 66
35 52
10 19
56 78
42 49
15 37
84 90
65 68
51 54
78 91
24 27
85 98
43 52
33 36
34 37
48 62
50 57
40 47
16 25
11 36
46 58
20 34
80 87
21 33
29 35
46 53
23 37
56 71
38 45
5 31
72 87
67 73
34 37
43 96
63 65
57 65
37 39
73 76
13 18
17 30
27 41
57 78
88 90
20 35
42 48
44 52
20 28
14 17
19 69
93 96
3 47
75 82
43 56
16 33
55 68
28 34
41 61
36 48
37 57
65 78
44 51
66 70
56 67
20 23
59 68
16 55
90 94
82 85
2 17
11 20
3 19
89 95
1 9
72 75
54 59
65 73
81 83
76 82
48 57
57 75
15 18
75 94
33 41
75 84
87 95
33 37
35 46
83 88
64 70
43 82
26 35
92 97
76 86
73 78
20 32
33 62
87 91
5 13
24 39
4 15
54 75
81 90
26 38
93 98
67 78
34 68
8 39
6 16
31 49
15 20
63 68
36 38
21 32
55 63
54 61
44 47
23 36
64 69
1 6
18 23
48 58
2 13
19 31
3 27
82 90
4 15
5 12
82 98
72 78
83 85
73 80
38 46
28 39
29 45
36 42
57 77
39 41
1 8
45 55
27 37
64 71
68 79
83 88
83 88
36 41
50 55
15 21
42 50
26 40
47 59
32 39
69 82
32 41
2 19
42 45
35 51
67 71
25 35
36 41
10 20
18 25
94 98
21 34
80 95
31 42
66 74
68 80
87 93
3 34
76 93
6 12
20 37
89 90
90 95
15 33
64 74
56 61
68 75
44 52
26 31
84 93
8 19
65 74
66 73
90 92
29 52
78 87
75 78
36 46
46 64
73 79
39 57
58 79
24 43
39 52
69 72
90 100
40 54
11 17
10 14
7 17
25 42
8 16
9 18
25 44
66 83
30 42
82 90
56 59
69 77
58 67
16 21
57 67
47 55
17 32
73 91
37 43
9 16
15 23
13 19
46 64
12 23
40 42
66 88
52 79
67 84
12 30
37 46
12 20
25 32
5 17
69 78
74 82
47 61
5 18
37 47
6 20
27 30
6 17
90 97
86 89
54 62
73 81
42 54
23 38
57 67
51 66
86 100
87 100
57 66
67 71
87 96
80 84
31 40
10 22
20 25
13 41
29 43
70 77
7 29
41 51
33 38
90 98
49 71
51 61
46 63
80 83
65 71
31 47
41 45
34 50
2 12
10 15
5 22
34 43
60 78
52 62
22 28
73 85
5 11
35 42
69 83
10 18
28 36
93 96
15 27
79 84
26 39
8 11
53 67
41 67
77 85
60 72
54 76
60 76
22 29
35 42
41 42
80 84
3 10
39 64
67 70
81 87
13 25
73 81
60 68
69 80
34 41
11 26
22 35
33 41
48 66
22 41
6 20
40 45
66 80
74 76
8 19
38 46
44 58
19 27
30 48
37 48
24 38
3 23
63 73
66 87
74 84
91 99
95 96
7 20
95 100
71 74
86 95
3 10
31 37
48 59
72 75
32 33
37 47
28 54
32 39
11 18
69 75
32 37
5 8
84 91
31 37
18 20
6 29
82 89
79 89
46 52
53 55
67 72
1 9
24 31
84 98
4 87
76 84
74 92
18 25
55 57
25 34
5 35
76 93
60 70
93 96
14 32
77 84
70 97
39 58
25 54
16 40
40 65
76 77
9 19
79 86
34 41
35 43
73 83
4 14
7 12
73 79
28 44
35 44
82 88
67 73
75 83
65 90
33 36
38 43
80 82
47 58
3 17
52 85
66 69
9 14
14 26
51 59
10 18
37 49
3 18
18 32
16 23
16 21
5 59
22 56
81 90
14 24
14 22
67 72
46 74
64 83
67 76
26 33
22 33
32 42
9 20
16 24
76 86
89 97
72 82
12 17
74 86
70 84
83 99
75 88
80 87
70 78
11 27
45 60
17 45
33 43
56 60
72 82
3 9
83 92
90 96
67 79
82 90
37 52
61 90
58 93
20 27
62 77
67 81
67 75
37 45
17 28
72 77
25 41
27 35
9 12
29 36
59 67
50 64
86 92
35 36
44 55
88 100
61 69
80 82
46 62
61 65
88 97
21 29
47 53
40 44
28 34
67 83
37 61
40 47
83 89
26 30
69 87
22 40
1 11
10 17
63 80
4 10
19 28
45 51
12 21
28 38
28 32
83 87
28 36
26 32
88 93
34 56
65 71
