100 20 20 1
00000000000000000000
00000000000000000000
00000000001111100000
11011110011000010011
00000000000000000000
00001000100000000011
00000111100000000000
00111000111111111111
00000100000000000000
00011000000000000000
00000010000001100000
11111100011000000011
00000011000001111100
00000010001000000000
11000000000000011000
00001000011000110000
00110000000100000011
00000000000000000000
00000000000000000000
0010010100001000100
0010010100001000100
0000010001001000000
0001000000100010000
0010100000100011000
0000100100000010000
0000100010001000000
0100100010001000000
0000100000100010000
0000000000100010000
0010001000100010010
0010010010100010010
0010010001000010000
0010010001001010010
0000001000001010000
0000101010000000000
0001001010100001000
0001001010000001000
0001000010100101000
0001000010100101000
5218
33 44
44 58
53 70
81 86
81 99
28 32
16 27
2 8
43 49
50 62
74 83
42 63
72 77
22 26
10 19
50 60
3 22
89 95
79 86
43 47
87 91
64 98
94 99
35 47
76 85
17 28
3 12
22 31
3 9
5 10
36 43
51 54
28 32
23 38
61 89
20 37
1 4
55 61
78 87
65 73
76 87
26 44
73 85
32 36
43 58
5 22
74 77
91 98
40 58
19 32
22 29
12 22
30 49
70 73
84 91
6 14
58 82
60 64
5 16
20 32
17 30
11 14
6 40
20 24
55 68
26 33
77 94
80 92
56 64
35 40
77 92
7 23
80 95
44 58
71 96
15 49
37 49
85 93
30 46
14 25
20 35
55 84
68 71
37 53
52 57
69 77
23 26
55 66
69 94
84 90
76 83
10 13
5 13
65 78
44 48
59 62
15 20
54 66
12 17
34 39
11 22
44 58
30 42
11 17
33 45
84 91
25 30
8 13
27 32
4 10
34 38
33 46
91 99
19 28
89 99
23 34
95 98
53 66
47 56
2 36
47 63
37 44
10 17
28 38
51 62
9 17
38 50
80 94
10 33
24 35
32 46
57 68
44 50
72 95
74 82
27 58
58 66
86 93
59 68
11 21
89 99
1 5
33 45
74 77
6 44
74 76
14 20
12 22
79 92
10 14
27 31
88 99
29 35
37 43
33 42
11 25
68 78
59 66
66 76
86 97
13 20
64 74
46 54
76 96
64 83
65 70
57 88
31 37
33 44
47 60
33 57
2 7
83 96
45 52
40 43
36 42
52 60
27 36
84 91
51 87
23 42
23 31
15 30
18 25
72 88
94 98
20 31
15 28
12 18
65 80
48 53
73 85
70 90
53 64
58 89
64 67
66 82
26 41
35 58
84 91
81 89
46 51
57 71
78 88
90 95
82 92
23 26
29 38
82 90
83 92
50 65
45 51
41 47
31 50
40 65
66 70
2 8
75 87
26 37
2 10
6 19
78 86
18 33
72 77
55 62
35 41
82 91
55 64
43 46
41 52
53 66
28 35
57 65
64 85
69 76
82 96
29 42
8 13
22 37
44 69
32 45
73 85
68 81
82 97
44 68
56 61
60 66
67 77
20 25
71 75
39 42
55 68
74 79
36 46
17 32
33 35
6 14
80 96
10 19
32 45
29 41
43 62
7 24
92 95
18 22
16 23
38 44
59 72
11 16
58 67
63 68
50 58
25 52
44 56
7 14
9 14
43 57
45 53
52 58
13 18
2 6
81 90
4 19
68 76
66 82
73 86
50 69
82 86
64 76
73 98
14 28
33 46
91 94
52 69
62 73
15 23
34 50
51 59
61 66
32 36
18 25
6 45
33 40
36 77
75 81
48 66
41 46
39 65
18 23
30 39
47 60
10 17
77 97
86 100
46 57
55 72
55 71
77 83
43 45
16 24
63 73
34 39
19 29
1 12
75 95
36 48
10 21
1 4
27 33
92 95
71 75
83 97
46 64
40 45
71 85
54 60
39 43
72 86
22 26
56 73
73 82
69 84
2 6
31 63
41 49
82 97
77 84
6 11
53 68
26 44
25 32
77 89
54 65
16 35
42 49
16 17
50 56
14 21
6 15
29 54
48 54
14 20
16 17
66 86
6 22
39 48
1 6
29 34
77 95
1 2
54 70
83 95
7 41
14 19
40 45
1 33
34 71
49 56
38 55
55 61
61 92
71 78
1 4
55 61
16 31
50 58
36 42
46 50
2 10
18 23
3 11
11 20
17 23
90 95
19 32
38 52
64 81
64 76
29 35
8 17
70 77
63 69
68 92
11 14
32 35
42 45
9 18
33 41
34 41
41 83
58 71
27 33
80 83
25 36
19 30
57 68
16 23
72 95
5 10
20 37
86 99
39 69
54 71
68 74
77 83
43 62
71 77
36 39
65 85
55 65
35 40
8 13
61 63
80 83
90 96
7 19
80 86
10 18
72 85
51 66
61 87
38 68
14 23
75 83
42 49
47 60
45 60
54 59
81 90
11 15
35 40
86 95
46 49
47 49
63 71
34 52
77 87
30 44
74 82
49 54
3 11
34 41
59 85
53 70
72 85
6 16
16 20
36 44
8 33
37 46
20 24
89 98
58 75
63 66
49 56
56 60
47 61
28 40
6 27
42 62
46 51
50 55
17 21
9 18
8 15
17 26
23 63
43 57
28 32
38 52
42 49
62 76
4 24
83 96
61 72
11 19
69 78
83 89
52 61
58 69
37 46
35 47
25 40
78 94
8 11
78 84
80 96
73 84
44 82
62 81
83 93
41 44
81 87
75 78
42 77
67 70
6 23
20 35
25 43
54 58
59 72
54 56
34 41
1 35
56 66
7 15
31 40
54 70
34 42
61 68
61 70
23 34
69 80
80 92
30 50
29 37
86 99
43 48
41 58
27 49
2 9
66 84
8 23
41 53
44 52
48 57
10 24
54 70
60 83
20 42
17 31
60 67
64 94
4 10
40 46
57 66
33 40
68 90
61 82
26 34
10 20
61 71
78 91
47 50
54 57
76 88
49 54
75 86
53 63
34 47
46 63
12 19
57 62
87 91
57 67
2 19
76 85
53 64
30 34
65 67
47 57
70 78
32 42
4 30
82 89
38 42
70 98
68 76
85 90
20 30
79 87
42 47
33 44
93 95
24 33
9 27
68 90
42 47
49 56
29 45
5 12
70 92
21 23
72 78
60 64
6 9
63 68
42 49
23 26
6 16
46 67
13 16
46 55
40 50
2 15
44 58
3 33
58 62
23 43
59 85
74 76
46 76
23 43
36 48
30 37
56 65
58 67
36 39
70 92
64 67
70 71
42 48
26 35
83 88
7 42
7 22
56 68
2 13
54 58
4 15
4 14
3 8
46 53
33 61
36 51
40 49
70 83
16 25
80 86
86 98
80 93
83 99
20 29
8 15
9 41
91 95
56 65
39 46
39 44
21 28
5 19
86 94
76 98
62 71
68 72
9 17
58 64
79 84
72 87
19 58
76 84
55 72
33 54
57 72
34 43
38 41
61 65
78 88
79 99
55 59
51 60
2 21
4 11
23 32
48 55
46 56
2 16
53 62
86 99
77 86
10 19
50 61
57 68
73 95
3 13
66 84
37 44
60 71
5 9
90 97
81 86
24 37
44 57
93 100
75 85
45 48
53 69
21 37
84 92
47 53
49 71
11 17
29 35
55 65
25 35
48 59
91 97
4 15
25 34
53 64
21 34
30 39
38 46
51 63
30 36
59 70
65 84
69 74
79 85
79 96
55 64
71 74
10 14
10 23
8 24
33 35
54 59
89 93
73 84
75 79
51 55
32 61
67 74
8 13
87 94
53 66
29 42
35 41
59 61
32 49
13 34
74 85
39 53
59 66
22 32
3 14
1 32
80 96
49 61
52 59
35 42
84 95
48 64
18 30
45 50
78 88
85 99
55 62
96 100
97 100
8 13
57 58
29 41
45 54
30 38
76 89
86 91
43 62
72 88
44 72
23 36
44 72
25 34
28 49
70 77
30 35
66 80
1 7
65 71
19 32
72 95
31 38
92 95
53 57
52 56
54 71
11 25
63 68
42 53
28 47
76 83
37 42
38 65
2 12
82 87
75 81
24 26
75 82
39 48
54 63
55 59
40 55
54 62
2 25
18 27
66 73
89 96
27 32
95 99
69 82
56 75
63 73
88 94
54 67
18 27
9 40
45 55
26 31
93 98
8 38
79 87
86 97
37 39
74 80
46 54
30 44
78 95
13 14
19 32
14 22
36 39
54 64
33 52
17 28
28 34
27 37
85 95
44 54
39 48
41 46
36 39
1 6
22 28
28 34
23 43
58 81
64 73
65 88
20 35
28 41
68 77
84 92
64 71
39 59
77 92
22 34
72 83
49 75
10 17
25 37
57 61
23 28
62 70
69 78
25 53
53 63
15 22
40 44
39 46
46 58
77 89
46 74
22 28
3 18
49 61
40 50
10 16
75 84
36 40
52 57
36 52
45 91
7 16
8 16
66 74
74 81
54 60
24 42
20 24
7 12
79 83
27 45
67 81
1 7
85 96
19 29
19 22
17 57
62 86
82 90
82 93
25 30
21 35
52 60
47 51
21 33
34 59
72 86
29 35
27 32
54 62
17 30
69 86
15 21
24 35
43 65
66 82
31 40
74 80
40 54
18 31
28 51
56 60
47 52
66 69
44 55
19 28
49 55
81 85
94 97
24 73
79 91
60 63
20 23
4 14
73 78
78 90
75 80
67 85
33 39
7 20
51 60
26 34
40 53
21 30
57 84
56 70
88 93
8 11
64 80
36 39
48 83
80 97
34 47
56 79
55 62
33 37
62 73
84 92
36 39
50 62
26 29
20 31
30 41
40 59
60 75
43 64
1 17
26 35
16 42
55 65
89 99
53 74
16 49
75 83
26 38
45 50
33 37
81 84
10 15
32 37
73 84
14 17
6 18
13 29
78 83
41 52
17 35
53 67
13 19
14 18
64 75
38 59
19 21
31 61
17 26
28 33
3 17
41 50
35 49
22 31
46 50
8 15
58 61
75 89
77 80
61 68
42 59
4 28
79 93
49 59
36 51
22 27
71 76
63 69
48 51
90 100
49 59
79 93
29 38
25 32
8 15
4 23
42 45
17 35
48 58
42 51
25 48
18 26
90 95
84 91
49 52
46 51
57 83
13 35
59 63
64 79
10 13
7 22
42 82
91 99
15 18
16 37
28 34
2 21
14 23
22 29
28 40
32 39
90 96
23 30
36 47
17 22
15 27
56 70
25 33
33 39
10 40
20 36
33 39
64 76
65 76
56 62
59 65
81 94
14 23
22 85
83 85
20 27
6 10
53 83
54 69
23 28
30 34
87 100
42 63
37 43
48 56
82 84
4 6
18 23
43 57
61 67
29 34
59 69
15 19
29 40
41 51
92 97
54 64
7 28
38 43
36 43
61 75
7 12
17 29
8 17
19 26
73 78
45 53
52 59
23 26
78 88
34 49
21 30
92 95
55 61
90 95
35 36
78 85
44 65
33 42
29 37
63 80
64 68
29 41
75 85
21 29
55 70
34 40
27 44
35 44
9 14
64 79
37 54
26 33
70 92
16 23
50 57
86 95
90 97
51 56
23 40
1 11
33 38
84 91
66 69
77 82
66 88
6 14
43 55
79 84
27 40
57 65
55 61
76 97
4 27
24 55
74 77
26 33
25 55
69 75
40 52
30 36
92 95
28 35
72 80
11 25
46 74
54 60
40 47
10 21
63 73
33 55
68 86
12 20
22 35
54 65
43 44
1 9
74 86
43 47
75 95
23 29
57 70
48 53
88 93
28 47
69 77
20 56
61 74
65 77
30 49
9 17
87 93
7 22
16 26
53 94
30 38
23 29
48 70
88 91
82 93
88 95
87 100
60 82
27 40
56 72
69 73
82 94
76 85
8 48
45 51
44 65
42 48
62 66
7 18
28 31
9 14
25 31
23 38
5 9
39 51
17 24
88 92
12 19
27 58
16 21
73 83
38 47
73 89
19 30
48 54
22 39
19 41
85 92
52 67
27 32
34 41
66 83
11 16
46 57
27 31
23 42
14 18
1 6
57 68
60 63
34 57
10 24
27 34
29 53
10 29
10 20
24 65
81 90
79 86
80 90
74 84
54 60
67 72
19 32
44 50
85 92
25 53
84 95
66 84
16 22
38 48
76 83
74 80
50 64
24 29
30 36
89 96
3 26
16 22
79 94
38 46
23 30
16 19
21 31
42 53
14 26
2 13
50 74
1 28
22 35
18 28
77 89
5 10
38 45
63 74
5 10
1 27
47 64
26 45
66 80
91 96
54 74
18 22
42 50
1 14
27 40
50 57
31 42
63 73
67 76
38 56
69 74
27 35
36 42
11 25
63 90
51 66
41 46
29 42
26 49
82 91
59 62
87 92
59 78
81 92
12 27
6 13
42 48
85 90
76 85
56 60
68 89
58 73
13 50
37 42
43 56
73 84
26 42
80 87
3 7
42 50
68 97
12 17
83 93
88 92
85 89
84 89
52 62
79 92
65 73
31 43
60 68
65 83
73 80
85 90
81 90
72 91
5 13
9 24
80 93
59 66
20 29
29 36
34 54
49 52
28 43
66 72
86 100
3 20
15 20
32 39
94 95
11 28
23 30
26 44
23 31
88 94
5 12
50 54
25 45
44 49
17 26
20 47
20 27
29 32
50 56
62 67
41 43
56 65
4 12
89 97
60 73
17 43
18 33
7 32
1 3
96 98
28 36
19 30
84 98
37 55
90 95
89 100
39 45
67 69
21 50
26 50
23 35
35 39
57 63
64 95
3 11
45 63
23 37
11 13
32 51
12 35
38 48
12 18
26 40
94 100
41 48
71 75
11 19
57 63
59 65
79 86
60 66
5 21
28 34
88 98
75 82
67 81
3 4
68 74
42 46
68 71
6 12
13 17
58 65
68 77
70 91
11 27
55 68
63 74
19 29
79 85
58 68
66 79
54 68
19 38
51 57
12 27
9 12
27 53
4 21
94 98
53 62
53 62
30 44
69 82
31 52
90 94
14 19
59 75
45 53
19 32
5 16
66 79
78 95
17 21
47 54
22 29
48 69
1 9
78 87
45 58
39 52
30 39
19 30
25 33
71 85
11 14
11 14
31 37
3 21
80 97
79 98
21 24
74 81
5 25
49 61
64 86
89 97
63 78
84 91
22 35
31 39
49 55
10 22
67 82
58 68
85 90
52 56
43 54
33 85
42 50
7 16
14 17
76 86
84 89
54 56
13 34
37 45
75 82
54 65
71 76
71 80
9 44
18 24
57 65
91 99
89 95
33 42
54 65
66 74
78 95
85 94
47 87
82 88
47 56
96 100
48 65
63 70
5 18
92 100
85 91
5 30
1 28
74 91
67 94
36 42
68 79
77 81
35 45
30 41
52 61
72 79
38 41
91 98
17 23
12 27
7 24
1 18
25 31
33 43
58 64
28 34
37 51
29 35
67 81
68 84
64 73
75 100
66 70
10 27
12 19
10 24
10 28
58 65
14 23
82 86
79 90
37 49
37 50
40 51
66 74
61 71
33 40
56 66
26 41
29 38
4 37
11 17
5 11
90 97
85 94
61 71
59 83
69 75
66 71
43 51
77 83
76 81
41 77
61 68
59 70
47 53
13 20
39 44
25 31
19 26
55 83
37 41
84 90
32 37
46 51
32 42
64 77
3 6
6 19
58 66
89 97
67 86
68 80
24 64
80 85
30 40
73 84
37 44
62 66
72 81
70 78
27 33
23 28
83 95
5 20
49 63
8 16
69 98
44 52
35 45
79 82
66 72
40 56
87 95
84 100
64 89
45 82
26 47
4 11
30 33
34 44
87 95
36 69
1 10
44 66
68 81
2 8
90 97
18 27
15 23
58 66
81 85
55 63
37 46
19 24
42 54
76 87
49 55
84 91
33 45
25 33
34 35
95 100
75 78
52 59
37 58
34 38
54 66
76 79
5 16
1 20
16 26
88 97
90 100
51 60
62 70
85 93
50 57
60 74
70 78
61 73
44 61
25 46
40 62
77 93
23 36
67 86
11 19
17 21
77 80
86 89
86 92
2 27
72 76
43 47
43 52
31 37
73 97
53 61
20 28
34 39
54 60
57 65
24 33
30 44
92 97
31 69
9 27
4 15
14 28
63 72
63 68
82 86
81 89
49 55
57 64
8 38
30 41
32 39
45 51
77 85
55 69
9 20
96 97
82 97
12 17
75 86
16 41
67 71
43 56
37 43
35 40
6 22
35 44
70 75
42 48
38 46
77 92
45 54
25 36
92 100
20 39
40 52
15 37
71 79
4 12
26 35
69 77
51 67
24 29
75 78
8 12
58 61
9 17
79 83
84 93
20 31
54 62
59 63
74 78
40 51
62 68
75 89
40 43
77 87
41 47
77 93
20 42
37 44
15 24
35 41
11 18
61 70
83 91
35 51
66 77
64 67
3 9
77 88
12 38
78 98
85 94
86 93
43 68
53 73
28 40
45 58
8 13
12 17
62 95
58 66
10 18
66 70
18 30
16 31
61 84
68 87
6 16
61 64
76 95
30 48
38 51
8 12
63 74
16 33
93 99
23 50
14 19
36 46
75 81
44 51
58 65
67 75
25 31
2 12
22 26
18 27
66 75
67 76
71 79
25 48
62 65
58 62
2 19
50 53
10 39
37 44
11 20
72 79
37 49
43 59
12 33
74 87
41 60
91 97
45 51
68 70
35 50
80 87
18 26
45 61
46 51
50 59
31 43
12 21
11 18
15 25
92 95
33 40
36 41
54 67
74 91
44 66
85 91
92 95
10 32
62 74
22 35
19 36
24 38
13 21
88 93
65 70
73 83
80 88
50 54
90 97
56 68
68 82
66 84
14 17
34 38
16 28
37 58
73 80
73 82
49 68
12 19
8 23
86 95
80 88
41 46
23 42
49 63
8 27
7 12
16 22
77 83
79 95
1 9
59 61
16 25
42 48
4 23
47 66
42 56
17 21
72 78
52 72
20 38
53 75
24 30
24 34
91 98
32 43
54 65
70 77
14 21
38 44
44 63
57 72
57 64
20 24
10 23
89 96
81 100
68 71
78 89
67 71
60 77
60 72
61 74
76 91
89 96
42 58
36 41
34 44
2 10
65 74
20 29
74 83
75 89
32 40
25 32
52 62
30 37
82 85
63 81
42 61
55 60
53 68
61 71
32 34
13 26
63 71
28 34
32 44
60 68
66 69
35 43
13 28
82 84
73 84
19 29
15 31
88 99
8 15
2 33
13 25
55 60
83 86
8 16
46 54
71 75
35 41
29 36
61 66
61 69
18 23
20 24
44 67
66 86
73 80
69 74
84 100
33 44
16 19
74 82
34 46
69 77
38 46
32 38
33 52
3 14
72 82
31 34
41 57
28 35
30 37
83 91
17 23
58 61
46 52
38 53
33 38
18 28
43 52
87 93
54 63
72 87
59 75
74 83
36 39
27 30
20 39
53 78
35 44
18 30
81 84
48 72
77 89
63 72
8 27
4 7
27 35
70 80
16 39
60 82
47 55
57 64
23 68
32 47
17 44
31 47
47 48
85 92
49 58
74 75
39 51
1 5
43 44
75 82
48 54
25 31
36 51
67 76
19 37
70 88
92 95
7 11
21 36
17 32
72 80
6 26
68 75
60 66
54 62
71 78
62 67
69 82
64 70
1 3
44 48
65 77
2 7
2 3
19 41
2 21
7 23
92 98
45 52
31 37
24 35
50 59
57 62
49 52
38 43
48 55
54 60
11 18
10 18
72 82
36 55
44 55
60 71
35 42
51 62
13 24
76 88
6 22
39 44
63 78
80 99
2 14
45 53
22 32
2 7
33 40
67 76
19 27
81 92
12 21
66 72
15 23
68 72
15 26
53 65
28 31
9 13
33 45
65 85
10 20
43 51
75 80
84 98
63 75
22 28
33 44
55 66
74 84
79 81
62 65
87 98
12 15
28 36
23 33
15 29
49 56
85 90
66 81
11 17
85 91
1 19
37 39
6 13
46 56
32 37
87 96
36 54
71 77
10 29
26 38
61 68
31 36
69 71
48 56
51 60
44 47
39 49
27 48
52 68
83 97
87 95
84 93
74 80
21 28
17 55
69 84
36 46
33 38
74 81
48 56
57 64
26 38
86 99
67 97
53 82
70 74
28 35
86 88
62 76
66 76
10 23
76 83
77 86
63 69
49 59
23 25
66 81
31 36
31 37
71 91
12 39
80 93
83 90
85 93
18 28
96 99
30 38
1 18
56 60
22 48
85 90
44 68
29 39
76 86
69 85
27 35
54 61
43 49
73 83
18 23
32 43
67 68
55 71
30 38
6 14
2 7
50 56
88 98
67 71
64 68
44 56
86 93
67 71
58 67
84 89
1 6
10 23
30 43
37 43
91 96
54 60
25 32
74 76
72 82
64 66
16 36
59 67
76 84
39 50
30 33
92 99
45 50
46 48
27 34
42 49
43 63
7 25
34 43
83 96
25 31
53 61
72 81
38 42
19 36
47 54
14 20
86 97
32 41
16 24
13 27
73 75
61 98
64 74
46 52
56 90
28 31
54 64
19 27
58 61
68 81
56 70
34 39
6 13
17 19
70 79
57 94
12 14
58 66
75 80
10 43
94 98
5 12
66 70
41 52
91 94
82 93
6 15
49 57
29 43
16 22
56 65
72 93
58 65
77 91
2 10
32 43
29 34
61 72
87 89
64 74
66 79
77 97
39 48
78 96
90 93
74 78
47 52
36 43
40 54
70 82
53 65
35 45
10 16
35 41
18 39
50 56
76 83
80 97
21 27
49 57
84 88
2 6
37 43
41 62
58 82
32 38
65 71
67 79
95 98
24 38
14 19
32 46
60 74
81 87
83 89
9 24
64 93
31 47
43 55
64 76
31 33
55 64
82 93
19 35
6 11
9 31
9 23
23 29
17 31
67 84
65 75
89 100
45 58
51 60
42 91
26 36
33 40
20 23
67 74
67 71
13 18
76 95
77 82
56 71
9 28
27 37
18 24
24 39
46 52
12 17
38 44
79 82
69 77
49 57
75 86
81 92
69 80
42 83
1 6
14 33
91 97
38 49
62 70
6 14
59 71
15 21
50 72
56 73
27 45
50 74
53 66
10 24
79 83
49 51
86 99
9 17
91 94
31 50
48 63
43 61
44 54
70 79
36 42
20 25
76 95
43 46
78 83
89 98
72 93
93 96
20 38
3 24
30 68
25 54
2 5
75 87
28 43
7 13
30 41
50 58
69 80
83 90
81 93
55 59
32 36
87 95
81 86
85 92
55 75
45 54
33 36
32 40
93 100
86 99
61 65
62 66
83 100
96 99
54 75
29 43
53 60
59 73
16 21
62 71
80 90
75 91
44 58
86 90
30 54
80 85
54 61
18 27
40 47
50 65
81 89
25 36
9 22
8 27
70 76
39 65
16 25
59 72
13 24
48 65
59 72
20 41
65 85
61 70
77 83
29 42
13 17
8 32
46 59
39 50
12 26
23 27
92 95
12 17
53 59
45 53
37 48
37 52
39 47
12 18
18 22
75 85
48 55
44 51
56 71
6 11
6 12
42 84
35 46
34 36
47 55
61 63
17 24
81 90
65 71
78 88
9 15
40 55
82 84
63 70
62 70
27 40
51 53
17 23
25 31
25 30
56 86
35 42
72 100
50 53
88 93
80 83
9 34
86 94
92 98
81 91
88 93
41 58
47 56
20 25
43 60
27 47
24 37
49 52
45 52
57 66
7 12
12 14
45 62
42 73
78 94
78 93
36 48
42 63
76 84
58 70
33 42
13 23
5 16
1 4
27 36
82 88
37 50
32 35
76 84
94 99
70 88
22 31
47 52
79 97
61 64
33 45
16 23
18 22
80 94
78 95
8 19
53 61
39 43
91 100
48 66
93 98
68 77
31 32
22 37
67 79
62 64
4 29
84 93
75 84
3 28
26 46
75 76
8 19
78 88
57 63
20 25
31 43
97 100
64 68
59 69
54 63
74 79
66 74
90 92
82 85
11 26
30 42
33 45
46 55
60 74
61 70
80 100
29 43
61 65
48 61
60 66
33 45
50 56
85 98
41 51
24 35
54 69
5 11
17 25
7 30
61 71
21 38
12 15
90 98
66 85
46 55
5 18
38 43
60 72
47 55
50 56
78 89
59 70
12 43
17 21
44 63
62 65
88 99
30 38
91 93
79 91
78 81
15 22
84 94
15 20
74 80
18 21
65 75
45 62
28 34
52 83
46 55
51 61
65 77
18 34
22 29
19 45
3 24
55 60
93 99
58 82
70 75
50 63
10 26
40 71
39 44
51 59
70 81
50 70
42 98
55 84
72 91
23 54
70 76
17 22
50 69
44 54
33 39
66 75
45 51
9 16
13 24
78 90
51 71
71 86
22 37
4 22
69 77
81 98
68 75
32 37
37 41
84 99
82 99
18 22
64 78
11 26
66 73
44 57
54 61
73 77
50 53
7 13
21 31
13 26
79 81
86 90
88 94
71 83
45 51
36 42
9 21
36 38
4 11
57 66
62 76
16 25
49 66
58 69
37 47
87 93
8 39
37 39
18 37
83 85
60 77
36 59
33 52
26 43
77 86
51 63
44 64
31 37
44 59
12 22
71 95
39 54
84 91
58 85
28 29
33 41
64 83
84 88
46 59
26 33
79 92
62 81
16 34
42 46
77 84
52 56
51 56
6 24
92 100
50 59
36 39
30 36
73 93
45 68
58 65
63 71
34 40
82 97
84 92
69 75
7 10
24 41
74 82
48 70
32 45
49 64
73 79
27 33
88 99
70 79
16 47
9 17
61 86
33 53
64 73
10 26
88 94
2 7
9 12
17 29
81 91
41 44
57 59
7 14
74 78
42 55
36 57
25 59
71 87
77 87
26 45
49 61
10 32
26 37
33 48
68 87
10 23
55 77
65 72
81 97
3 13
63 81
67 74
92 100
51 59
42 58
41 64
15 37
42 47
52 55
36 43
13 29
2 49
60 79
14 19
49 56
63 83
19 39
76 87
88 94
65 67
80 85
47 50
87 92
78 94
11 21
19 27
3 22
15 33
50 67
34 40
65 69
61 73
15 22
29 62
12 17
2 13
20 21
13 37
49 62
33 49
87 94
70 83
29 43
15 26
63 75
36 44
30 47
49 54
10 17
70 85
4 13
25 43
73 89
8 14
18 21
5 27
21 47
46 53
26 32
58 68
9 40
44 61
51 55
75 83
65 69
94 100
34 49
13 22
66 74
67 73
36 50
63 71
66 73
58 69
52 62
37 54
55 64
66 86
25 41
5 20
23 26
12 17
32 39
36 47
94 97
9 15
67 77
60 70
12 21
63 66
40 49
75 93
79 87
39 47
59 68
47 54
80 87
47 52
16 41
26 31
83 88
28 35
11 16
11 14
57 63
24 28
80 86
23 37
33 41
72 83
78 81
66 96
9 49
48 59
8 21
83 91
72 81
3 6
79 93
19 27
65 76
58 93
20 24
65 78
57 65
66 70
50 56
12 16
24 32
27 33
47 55
23 32
77 85
23 36
82 86
16 32
7 21
77 82
68 79
89 100
13 18
16 20
48 68
82 88
22 30
80 90
58 85
80 94
33 40
17 25
81 96
6 13
32 35
42 60
25 52
17 22
24 42
86 95
8 13
46 80
39 47
86 92
19 24
26 33
40 56
10 26
64 90
77 90
59 66
17 29
52 56
84 99
49 64
35 44
20 50
36 43
18 30
19 34
58 66
17 23
74 89
58 78
55 60
94 100
59 68
64 70
90 97
69 87
58 71
83 96
23 63
5 12
3 17
4 6
52 59
31 45
60 69
56 74
77 89
80 84
82 99
24 36
63 79
22 34
75 85
84 93
43 45
11 30
81 84
65 70
39 55
20 33
4 12
4 16
35 37
51 68
25 30
53 71
47 67
68 87
13 24
64 75
27 37
85 88
56 60
76 88
80 98
39 51
51 80
47 50
54 60
85 95
29 49
36 47
68 91
4 10
98 100
56 62
26 31
7 13
8 19
55 69
71 81
82 95
69 85
66 72
41 67
63 75
66 77
4 17
26 31
4 10
30 40
60 62
51 63
35 80
3 7
27 36
10 20
18 42
27 38
26 30
37 40
47 65
11 14
61 67
52 54
71 81
9 23
15 35
16 23
78 92
24 30
19 28
62 66
31 37
59 64
80 94
91 97
28 34
26 38
74 97
79 88
41 49
40 56
5 8
80 86
46 59
30 41
75 87
87 92
1 9
68 74
45 51
32 47
49 62
47 52
65 93
3 28
16 43
26 37
15 26
72 78
92 100
58 66
25 31
63 73
74 94
17 45
14 21
63 73
84 96
73 92
43 65
34 46
28 31
23 32
14 27
42 59
40 48
77 81
85 91
27 45
86 94
22 33
12 20
13 48
8 15
51 69
74 93
89 100
91 100
19 30
54 75
35 40
32 41
55 63
80 82
35 41
76 81
61 87
24 32
54 64
51 100
17 36
61 76
79 92
56 67
32 43
91 97
3 17
70 77
56 65
27 35
42 59
22 33
19 35
28 38
51 60
22 27
2 26
85 90
35 37
35 45
4 11
25 39
79 87
49 59
49 56
28 38
27 67
1 10
4 12
79 82
78 99
23 34
95 100
3 9
64 66
64 75
25 42
91 96
15 30
53 57
84 87
1 15
12 22
26 39
7 16
33 43
89 95
1 8
2 12
71 77
12 19
81 98
70 81
65 71
28 38
41 48
25 29
78 90
14 20
97 99
21 32
96 98
35 50
34 47
75 81
89 92
72 94
88 95
25 40
57 63
26 38
6 14
38 54
3 14
72 78
34 44
62 76
3 17
70 86
7 24
3 4
46 51
75 87
95 97
45 48
50 81
16 46
50 69
31 40
93 98
49 57
25 30
56 76
91 92
53 70
33 53
58 62
34 41
19 34
66 75
7 19
62 67
71 78
80 84
13 38
60 67
67 75
41 48
26 35
52 58
20 29
32 46
54 59
56 66
51 57
11 25
38 51
35 46
51 75
24 35
19 33
76 92
10 21
50 60
6 9
56 62
63 69
75 88
6 10
28 35
5 47
57 62
91 97
24 37
25 34
60 74
23 30
4 14
20 32
66 72
51 60
71 79
48 69
73 77
25 31
20 27
57 63
27 40
7 13
59 69
57 70
29 32
1 23
26 38
12 24
13 18
29 34
42 47
50 64
36 48
58 70
53 64
73 78
87 94
67 73
45 53
72 75
74 89
69 76
25 42
9 15
9 24
62 84
27 41
90 96
3 6
28 39
2 24
25 28
59 69
29 61
8 22
12 25
15 17
80 92
53 56
71 77
24 36
80 93
83 91
63 79
5 15
60 71
89 91
13 26
9 36
12 15
33 37
88 92
14 34
88 92
20 32
71 81
81 90
83 89
73 79
68 70
2 6
41 46
8 17
29 40
82 96
45 49
85 93
31 34
45 48
61 70
25 38
23 34
16 31
80 88
83 97
88 99
30 47
78 93
44 49
73 82
87 99
6 14
33 40
11 14
10 19
59 78
17 23
14 21
36 54
32 37
13 20
7 17
15 19
5 17
47 55
15 16
4 6
4 16
92 96
20 30
69 72
55 64
21 42
81 86
72 92
10 12
43 52
7 20
1 6
28 45
72 82
31 47
53 64
80 94
69 94
72 96
66 72
14 20
81 92
45 47
59 70
39 44
70 83
87 100
52 61
23 40
59 73
82 92
7 12
26 34
2 16
39 50
18 27
60 71
6 20
65 98
61 72
61 82
16 37
40 58
84 96
2 16
60 85
85 91
80 88
37 54
83 94
33 40
78 92
63 87
65 74
11 22
41 68
42 50
35 51
41 49
55 63
66 75
57 66
15 30
29 32
41 59
39 42
56 68
18 23
22 39
64 73
43 51
18 26
77 93
37 40
80 86
67 75
46 71
29 33
6 18
3 11
8 16
50 54
36 49
88 98
43 51
85 88
17 21
46 59
80 89
29 47
89 90
21 32
81 89
81 91
76 84
63 67
59 84
26 30
10 14
46 53
15 34
28 49
77 83
50 63
56 63
18 34
33 37
22 35
6 24
57 60
1 22
16 30
11 17
40 41
41 44
24 40
23 38
13 27
81 87
22 26
36 45
75 93
81 95
48 52
9 18
2 19
41 48
24 28
26 34
22 29
79 83
63 70
57 62
52 59
49 53
49 54
37 58
81 84
54 59
78 84
48 51
80 83
31 42
31 37
48 58
31 37
45 47
24 30
56 79
97 99
32 36
38 49
45 55
15 27
29 36
45 55
4 13
75 83
32 43
54 78
11 33
77 80
32 35
61 67
83 89
3 17
37 42
30 34
37 41
83 95
78 97
3 15
32 44
39 66
30 36
76 89
83 87
57 75
81 99
58 63
14 39
79 83
73 84
21 35
49 58
78 89
91 99
44 63
58 67
89 93
24 31
2 6
28 42
6 11
31 55
84 92
13 31
21 25
2 20
64 70
36 45
35 57
59 86
24 29
85 98
51 59
28 57
93 100
52 56
71 76
42 54
25 35
24 30
64 83
64 70
55 62
49 55
38 63
74 79
72 87
79 90
26 39
57 71
20 27
35 45
12 20
1 11
39 42
36 41
71 84
75 80
82 94
3 13
11 18
45 59
25 32
9 14
10 20
56 75
25 33
41 52
7 12
75 87
52 58
28 34
35 41
29 38
55 66
22 30
21 35
55 61
51 63
83 91
60 83
29 49
66 75
34 44
66 68
66 100
52 72
8 15
20 25
63 68
53 62
72 79
25 35
18 22
66 70
77 83
67 86
56 60
56 65
27 30
8 14
20 32
12 29
28 32
42 53
95 99
38 44
83 87
62 75
53 75
84 100
5 10
47 53
74 89
55 64
70 81
76 85
35 47
62 66
82 88
71 76
69 75
60 67
56 70
76 88
65 77
54 88
54 59
50 63
80 97
50 61
61 72
51 58
19 29
36 58
59 70
15 36
12 25
76 85
35 47
25 29
67 71
33 37
4 19
40 50
6 14
67 76
44 55
24 41
21 29
44 77
56 65
56 64
44 54
46 51
18 38
84 93
22 28
4 15
16 22
20 36
68 73
54 81
59 68
30 42
23 29
64 69
64 73
21 26
3 35
35 55
66 84
64 90
14 23
36 45
2 11
1 14
63 69
20 25
3 11
82 85
87 93
10 29
25 40
44 66
60 94
19 30
26 44
15 19
42 48
10 16
42 52
12 26
87 98
23 41
76 80
94 100
85 87
50 59
2 16
17 27
26 38
9 15
87 94
9 24
36 41
88 98
15 27
42 47
90 97
22 39
43 51
82 90
1 14
27 31
39 46
39 47
24 28
93 100
3 11
76 81
33 40
45 51
34 46
47 49
61 91
8 35
46 59
59 82
46 55
48 53
37 43
19 38
46 60
69 74
63 97
44 64
45 50
30 39
77 83
35 45
66 69
80 84
66 91
4 22
76 92
45 51
76 96
18 25
75 88
13 55
76 91
38 43
27 40
32 55
10 15
27 37
66 71
64 75
73 87
22 42
55 70
42 59
26 37
80 90
58 64
32 42
42 49
70 75
59 85
3 13
55 68
7 19
41 52
12 18
58 68
70 73
7 17
42 54
30 34
70 93
11 15
61 67
22 41
25 27
76 83
52 71
14 27
66 86
5 17
92 99
11 25
65 74
57 65
33 72
8 14
26 34
56 74
34 49
2 18
7 31
23 33
81 93
66 74
58 82
73 79
28 37
75 87
7 19
88 96
13 18
87 97
58 61
41 46
69 72
29 35
2 6
3 28
64 85
56 64
32 41
65 77
23 31
52 59
30 34
58 70
62 80
34 38
49 67
28 43
18 25
70 76
60 68
73 84
87 93
28 50
17 29
20 24
88 100
60 71
34 44
38 46
81 89
16 25
56 63
98 100
9 32
3 11
49 54
61 65
21 29
1 10
25 35
32 78
63 88
30 38
19 25
49 55
59 65
9 23
68 83
79 89
19 26
12 22
79 81
75 85
45 54
32 57
8 15
12 24
56 65
93 98
66 72
8 37
63 67
72 84
24 34
74 78
62 69
39 45
4 13
47 57
50 56
21 26
83 97
64 68
56 86
4 8
12 26
12 21
60 66
50 68
34 36
44 49
70 85
24 32
41 53
14 94
11 25
73 91
50 53
80 93
2 8
66 80
35 62
33 40
18 38
15 24
49 58
52 64
52 56
7 13
20 27
91 96
1 9
14 28
44 66
1 4
15 16
14 18
26 38
85 92
82 85
43 47
24 51
81 89
28 33
8 17
23 37
91 99
50 57
69 93
68 72
93 98
16 22
66 73
46 58
51 59
13 28
15 35
29 49
62 69
80 89
68 74
5 14
15 34
59 69
41 46
60 75
60 78
65 73
28 35
73 77
83 88
3 39
3 16
54 62
2 12
12 18
92 98
51 57
24 28
89 94
8 20
26 38
33 56
17 20
66 70
48 62
14 19
61 62
8 51
58 64
21 28
33 38
15 26
28 40
42 55
44 52
73 78
62 69
32 35
47 52
15 19
93 98
73 100
43 57
9 12
4 26
41 49
23 30
67 84
27 32
83 92
89 96
35 41
55 76
8 16
13 20
39 73
20 35
63 73
64 70
32 43
46 50
86 95
39 48
15 27
86 97
11 22
1 44
39 44
36 46
61 89
32 38
54 64
75 87
67 76
86 99
16 34
63 65
31 39
13 21
61 74
1 9
41 47
1 4
93 97
5 14
3 13
25 30
43 52
70 76
70 94
14 43
23 35
35 46
47 54
53 55
30 57
46 56
72 75
35 49
54 81
46 52
8 13
3 12
50 63
42 47
67 73
85 90
76 82
83 93
48 59
14 42
19 24
12 19
21 25
34 43
21 23
43 60
75 90
17 30
66 88
60 68
92 99
28 34
16 33
24 38
56 66
37 45
67 70
12 22
25 28
15 24
71 73
46 71
83 92
75 86
7 12
3 22
56 76
76 78
38 42
34 40
41 50
18 73
60 70
24 33
7 18
10 24
72 85
68 77
13 19
87 98
29 34
72 82
34 40
12 16
4 9
6 15
18 26
46 53
74 90
11 18
64 66
25 27
69 81
71 88
57 63
70 75
3 10
15 17
3 16
60 77
23 34
45 50
64 69
93 100
13 29
45 63
5 31
3 18
35 45
51 53
77 93
57 72
24 34
83 94
31 57
74 85
76 81
6 12
81 86
44 53
29 32
22 41
22 30
65 82
28 32
50 59
15 37
68 79
48 72
47 59
82 84
23 36
4 14
49 53
10 18
77 81
60 83
54 67
94 99
14 25
56 86
31 35
20 23
79 81
72 88
52 62
68 76
64 80
5 31
61 79
63 68
41 49
44 50
39 41
6 15
92 96
42 56
74 88
9 41
13 17
5 9
1 26
69 97
44 50
67 81
2 12
88 93
72 94
57 66
70 77
16 26
21 23
36 39
29 44
40 50
33 43
18 32
19 30
23 31
56 85
29 39
43 52
10 25
75 85
16 24
23 34
42 75
74 88
14 26
33 42
56 59
37 46
29 36
66 75
38 47
28 30
10 32
62 66
89 94
87 92
32 40
26 39
7 11
34 41
45 51
53 70
3 16
89 90
2 55
83 89
47 90
20 26
9 13
81 88
66 73
33 39
45 55
26 33
14 17
24 39
33 48
12 17
81 85
35 39
31 45
46 65
35 45
56 72
13 22
50 55
85 95
87 97
40 45
47 51
77 85
32 58
52 84
53 55
31 45
6 13
73 78
37 50
62 72
38 47
85 89
16 26
2 18
63 69
53 61
15 33
15 22
90 93
1 5
66 74
52 62
29 31
11 34
56 59
30 34
74 76
71 75
87 91
30 47
20 29
3 9
43 51
3 12
46 55
9 52
54 66
10 18
48 62
10 18
17 19
51 56
20 27
50 70
92 98
15 32
12 20
5 10
36 51
46 51
85 97
61 69
33 40
84 100
50 59
21 28
51 65
17 56
70 95
85 100
12 16
75 81
94 99
73 80
43 50
52 55
34 46
3 11
58 62
51 62
69 76
73 100
4 16
60 63
49 79
90 97
33 45
64 79
8 18
86 98
10 19
7 13
59 74
52 61
53 64
77 81
66 76
74 87
11 17
86 95
11 26
58 64
35 44
88 89
52 58
31 43
46 57
25 34
9 17
10 16
48 63
67 75
72 83
68 82
83 89
41 61
92 99
88 97
63 70
75 99
43 57
4 12
84 94
13 32
61 66
3 7
42 53
78 93
19 34
7 17
30 35
7 11
29 67
22 31
20 28
23 30
64 74
76 82
63 79
19 27
50 67
37 47
13 29
4 9
2 16
26 47
59 66
57 73
58 67
45 53
57 70
45 59
88 100
77 90
3 7
91 95
86 90
53 66
21 36
77 87
74 82
92 96
57 63
56 64
8 17
92 96
52 65
37 50
36 43
58 79
75 78
35 56
48 53
4 10
87 98
34 36
34 47
33 53
5 86
45 64
29 40
57 67
82 87
66 71
48 51
28 37
4 12
21 39
13 31
3 18
71 76
36 39
40 49
71 73
2 5
71 91
60 70
2 6
63 70
4 9
60 67
53 69
29 39
19 22
69 84
14 23
34 42
28 34
49 51
22 35
45 62
40 44
62 69
3 17
60 67
22 37
92 97
19 61
69 72
32 37
43 50
30 40
69 82
76 90
83 95
11 20
26 35
79 92
20 74
15 18
54 60
37 62
84 89
41 50
52 57
35 44
28 34
57 65
17 20
31 42
72 82
31 38
6 21
42 52
23 31
57 63
90 98
24 35
23 42
39 54
7 40
38 45
10 26
22 34
55 62
77 83
69 87
29 36
86 98
79 90
36 77
41 57
60 75
58 62
58 62
43 57
33 48
16 27
11 14
38 43
37 50
65 70
16 37
13 18
93 98
58 61
37 43
60 69
33 36
94 98
69 86
77 87
54 67
62 71
79 82
61 71
30 39
37 58
28 36
18 23
28 32
58 69
13 22
40 69
73 80
15 23
77 79
57 64
33 43
6 13
70 77
41 49
15 38
19 26
49 61
17 24
24 35
57 68
9 20
96 98
52 59
2 4
15 26
66 71
24 47
86 94
16 24
32 42
24 39
3 7
84 98
69 72
41 43
34 46
9 15
5 7
16 24
24 35
88 92
43 51
81 92
59 66
2 18
69 78
29 40
19 27
37 40
29 33
53 65
89 95
16 30
46 54
28 39
49 61
4 19
59 80
64 92
58 70
49 67
84 97
90 95
21 32
56 81
85 100
57 63
37 49
42 48
48 53
11 36
30 42
20 28
76 87
18 66
44 53
37 58
55 61
15 20
75 90
73 80
74 83
46 60
72 83
4 21
60 68
56 84
16 35
73 88
13 17
76 92
74 82
41 48
40 57
47 54
45 55
93 96
66 74
23 44
84 86
34 41
37 49
21 47
77 91
62 78
75 82
2 7
3 11
15 22
53 64
87 97
8 27
90 96
46 54
9 19
47 58
42 68
9 14
46 64
33 39
7 13
48 63
36 41
77 95
72 77
77 96
67 70
59 68
52 59
24 31
40 47
11 24
25 35
36 48
70 83
30 37
72 81
92 98
78 93
80 85
76 85
87 98
3 20
44 53
2 18
25 36
49 72
25 38
69 84
73 96
2 8
44 60
32 39
87 97
71 75
23 42
18 22
13 34
72 86
56 63
16 55
10 22
59 64
78 82
33 47
36 50
29 70
28 37
65 73
6 12
83 97
53 71
56 68
32 41
7 13
40 44
34 42
79 87
85 93
58 64
78 83
78 85
49 57
37 56
68 90
61 73
42 69
65 98
36 43
39 48
4 15
42 50
30 48
53 60
44 49
67 77
74 82
57 69
12 21
77 85
64 67
72 89
89 97
49 55
68 71
27 33
49 82
60 74
62 86
46 56
84 91
75 91
75 94
80 87
71 78
68 84
73 99
90 98
46 55
18 30
44 50
82 88
23 31
45 48
88 99
7 12
51 58
8 20
43 65
51 66
16 23
1 15
82 97
37 43
85 96
76 78
64 73
7 16
78 84
39 56
83 92
6 12
17 26
35 42
49 54
20 29
11 18
35 39
38 50
36 43
61 70
94 100
7 27
10 19
54 75
17 27
87 92
48 61
53 59
92 97
60 64
76 84
1 6
10 16
57 69
21 26
19 32
47 52
3 6
62 70
36 60
6 16
55 67
20 29
15 22
85 99
46 51
56 66
35 43
63 72
52 54
60 66
76 83
71 74
44 62
11 16
59 61
19 25
70 94
19 26
90 99
35 40
49 51
4 9
59 65
93 97
30 33
71 78
60 70
48 65
20 49
58 71
66 79
13 26
81 89
76 83
18 29
82 96
40 50
32 44
73 76
2 9
25 30
54 70
24 27
21 25
82 93
1 7
5 28
55 63
52 65
56 63
53 62
76 83
64 69
10 20
63 81
89 93
45 54
7 25
71 83
61 67
42 51
73 82
67 76
3 7
36 42
41 54
10 21
84 88
6 19
95 100
59 64
48 53
72 98
64 72
51 63
48 60
42 45
26 49
96 98
76 87
69 80
57 59
67 84
23 38
89 97
65 71
66 78
63 81
79 96
77 93
41 48
46 55
48 57
22 33
38 46
78 83
11 17
79 93
72 85
64 87
12 29
26 42
66 74
72 80
84 87
34 52
16 23
12 23
62 70
70 74
62 82
35 42
17 26
15 22
46 61
95 98
87 91
69 76
10 33
32 39
85 97
57 59
75 84
52 60
26 35
8 18
26 39
59 67
73 87
76 83
53 59
93 95
42 63
50 63
31 41
80 91
27 32
78 95
41 50
30 37
76 85
78 86
49 71
51 61
54 68
61 81
16 24
50 65
62 69
65 81
37 68
57 70
15 21
20 28
65 77
34 45
65 69
82 87
85 95
82 94
39 74
27 80
69 76
5 7
99 100
79 84
41 42
7 18
53 55
51 57
37 58
40 45
37 44
29 51
46 54
16 35
3 13
71 81
78 87
27 39
19 30
35 39
43 55
50 61
6 15
43 53
91 100
94 99
7 33
20 26
16 24
84 99
23 37
45 51
8 17
34 39
13 30
8 20
63 73
71 84
9 25
61 84
12 16
85 93
2 6
86 95
11 32
3 26
70 72
76 81
11 17
16 43
10 16
58 68
91 97
39 47
22 29
81 91
32 39
10 13
25 44
72 80
53 61
43 50
37 45
13 29
39 50
54 60
1 6
54 94
60 67
37 58
10 17
29 53
25 30
55 64
72 76
63 72
26 47
68 80
65 98
84 93
93 100
34 65
28 31
92 98
49 56
20 26
75 89
82 89
21 25
35 46
22 29
16 22
16 30
58 63
25 33
54 61
72 81
81 98
73 83
29 86
31 35
60 70
60 76
39 43
66 79
12 17
28 50
32 44
76 92
4 13
9 18
73 74
21 36
55 77
38 46
52 64
30 59
52 62
1 9
41 69
64 76
47 54
42 59
46 57
86 91
51 61
46 60
50 54
67 75
44 52
23 33
8 28
54 60
4 23
38 42
37 43
45 57
27 32
67 79
32 41
75 83
21 38
50 58
55 63
71 76
83 94
43 51
5 8
63 98
74 89
52 61
32 43
25 35
65 89
42 54
95 100
56 58
69 78
77 90
59 75
29 40
33 43
8 16
39 53
15 22
76 89
9 32
31 44
48 61
60 66
81 94
2 19
5 33
88 97
53 60
49 67
44 63
13 30
87 91
9 20
58 64
13 25
19 36
53 63
12 18
25 35
7 23
63 73
22 34
2 10
68 76
69 82
14 24
18 23
31 51
56 63
37 65
40 44
71 97
82 91
43 55
5 16
20 49
54 68
11 18
69 72
72 77
45 52
87 99
6 8
65 79
72 100
56 61
64 81
73 78
1 10
51 77
24 37
36 86
