100 20 20 18
00000000000000000000
00000000000000000000
00000000000000000000
00000000000000000000
00000000000000000000
00000000000000000000
11111100000000000000
00000000000000000000
00000000000000000000
00000000000000000000
00000000000000000000
00000000000000000000
11111000000000000000
00000000000000000000
00000000000000000000
00000000000000000000
00000000000000000000
00000000000000000000
00000000000000000000
0000000000000010000
0000000000000010000
0000000000000010000
0000000000000010000
0000000000000010000
0000000000000000000
0000000000100000000
0000000000100000000
0000000000100000000
0000000000100000000
0000000000100000000
0000000000100000000
0000000000100000000
0000000000100000000
0000000000100000000
0000000000100000000
0000000000100000000
0000000000100000000
0000000000100000000
0000000000100000000
3498
31 53
23 30
88 98
62 73
29 40
37 60
51 59
30 36
84 89
79 93
10 16
23 35
32 38
7 15
56 65
34 43
38 47
64 73
59 69
2 19
8 12
33 44
38 53
43 47
4 21
3 32
65 71
72 87
51 61
40 48
59 64
48 55
24 36
38 47
82 86
70 97
68 82
54 59
12 18
20 31
37 42
31 33
30 47
53 62
48 56
43 59
5 11
18 22
12 39
1 16
45 56
33 42
15 26
79 89
50 58
35 50
11 16
79 87
94 100
68 88
14 42
55 70
17 29
32 39
13 19
52 60
65 70
38 43
77 88
76 83
21 33
63 81
46 57
45 55
75 90
26 36
62 65
74 86
62 78
78 82
55 60
16 26
8 19
5 23
50 54
59 64
58 59
43 52
59 67
48 83
15 25
41 54
51 56
85 96
24 42
67 80
28 32
40 49
63 74
60 71
11 32
13 31
51 54
57 61
58 77
56 88
1 37
76 82
50 58
4 9
36 46
21 29
2 37
48 72
33 42
80 87
52 70
15 24
33 48
8 16
12 15
24 38
2 6
92 97
79 87
30 45
51 55
3 10
63 72
2 9
82 86
35 46
8 24
63 70
86 90
93 95
73 81
5 33
45 55
57 75
70 74
29 32
19 33
54 60
31 43
25 32
18 21
48 93
38 55
58 79
43 53
40 46
69 82
37 66
39 44
30 37
42 46
73 83
30 35
28 50
70 72
13 43
28 31
77 79
7 30
24 28
31 39
76 95
36 42
76 89
61 77
18 22
80 90
13 30
21 24
14 20
64 83
90 100
65 89
14 21
91 98
40 52
51 69
73 80
46 58
22 35
72 93
87 90
15 29
13 23
9 66
19 45
55 59
76 82
35 38
30 42
87 88
30 37
61 75
37 65
70 80
28 46
25 32
28 33
42 67
42 55
40 55
18 30
57 63
43 62
54 75
2 6
74 81
54 77
81 95
5 10
67 90
72 86
23 29
80 92
51 57
19 31
15 30
20 29
12 17
65 67
7 12
48 52
61 74
6 29
42 50
66 81
43 51
11 17
80 95
15 27
30 36
88 90
83 90
34 55
83 89
35 42
19 29
57 70
85 90
85 99
42 51
22 34
72 80
8 16
58 75
25 29
6 25
60 71
29 50
68 79
47 53
19 40
20 29
38 45
55 67
3 30
30 43
33 45
94 96
45 57
51 72
58 66
36 51
62 80
44 56
47 60
38 46
65 75
71 88
63 88
86 99
36 41
85 98
57 61
38 53
65 70
50 66
78 95
30 39
35 36
48 54
79 93
15 19
46 53
85 96
72 82
82 87
56 71
62 68
68 82
29 33
96 100
41 54
81 85
24 43
84 91
42 48
7 21
23 26
72 78
83 100
2 8
15 25
56 78
53 59
69 75
12 18
9 20
87 91
30 34
63 70
24 34
56 60
2 34
3 10
34 37
91 94
18 29
57 61
87 95
8 27
73 88
45 50
12 28
25 34
62 69
35 49
83 90
50 57
55 62
56 74
33 38
5 9
77 88
64 73
1 5
17 22
83 97
87 99
56 100
14 29
81 83
53 59
52 63
93 95
73 91
12 18
80 86
76 88
20 29
16 20
43 60
52 56
9 23
59 60
70 79
32 42
47 59
20 37
30 32
59 73
60 64
36 44
32 38
7 16
16 22
74 80
9 24
58 65
1 6
3 13
84 90
31 48
29 64
68 76
25 37
42 54
30 45
28 42
75 89
4 6
69 86
39 52
76 81
83 89
24 40
89 98
42 50
89 93
5 9
4 22
76 78
73 83
18 59
32 57
71 75
29 47
75 83
53 59
74 78
30 33
84 96
44 48
72 77
17 25
24 28
33 35
62 77
22 55
8 14
45 58
34 54
36 52
41 55
94 99
56 73
19 30
97 100
33 40
7 14
54 64
65 79
55 64
68 79
20 29
89 91
40 46
80 88
52 62
83 93
4 17
28 36
68 74
43 77
33 36
8 34
33 40
42 52
9 26
76 82
13 22
43 53
8 18
15 38
62 70
37 39
58 68
28 39
10 25
87 100
2 12
61 72
37 48
29 35
65 69
68 80
66 71
40 46
60 68
11 20
15 17
28 49
32 65
50 59
73 79
83 95
24 29
32 36
8 17
77 84
70 73
85 99
50 58
68 73
70 93
6 23
1 18
66 69
41 86
65 72
6 7
78 90
21 37
71 98
2 5
80 99
41 57
76 87
46 52
27 33
4 20
64 66
2 9
36 56
2 11
57 69
81 89
5 7
13 20
81 83
61 67
67 81
35 60
41 54
48 61
4 23
69 82
25 48
65 69
6 13
3 11
30 36
24 31
10 27
90 92
4 8
78 87
55 65
42 54
40 45
58 63
67 70
96 100
57 63
25 29
16 23
82 100
24 38
7 26
70 74
53 69
3 21
24 36
29 44
67 73
8 14
33 40
53 59
48 50
82 89
78 89
13 31
6 23
7 10
43 48
25 38
42 47
78 92
9 23
23 26
55 58
33 49
14 23
13 24
2 11
41 53
60 89
70 75
22 35
7 26
74 92
73 80
80 92
59 64
38 43
45 52
43 49
93 100
78 98
53 66
54 67
52 54
13 33
69 85
94 98
6 57
79 84
29 33
56 71
5 15
20 25
10 19
69 72
11 27
65 91
73 92
33 38
31 39
45 48
62 67
33 58
15 20
43 55
71 72
54 64
60 71
75 98
84 93
83 92
41 48
52 55
26 31
20 29
37 70
45 65
29 43
41 45
77 86
43 64
29 35
86 99
16 23
76 99
1 10
35 43
92 97
69 84
39 62
19 39
32 46
68 74
45 56
27 36
61 74
6 17
48 55
16 21
63 70
88 91
48 55
29 33
41 52
21 23
74 78
57 77
70 78
70 94
78 90
26 27
38 44
25 35
4 11
81 93
8 15
55 62
47 53
13 21
74 85
44 55
63 80
93 99
57 84
59 66
71 82
64 69
27 40
24 33
77 91
71 100
57 71
34 56
1 14
69 76
75 80
54 72
69 81
19 29
78 91
50 55
22 27
84 92
75 81
42 51
19 33
11 18
14 21
2 14
54 62
76 87
49 57
77 82
38 47
71 93
25 50
60 74
61 67
60 73
68 83
38 51
74 78
40 50
81 88
46 59
32 41
67 78
74 94
76 79
78 89
8 15
10 17
32 38
77 80
79 92
33 40
31 44
21 31
11 21
8 25
53 61
60 75
33 35
22 27
74 82
61 69
84 97
3 12
85 87
90 100
36 43
60 97
25 48
14 35
53 59
42 53
13 30
77 87
5 19
85 93
83 91
6 22
7 9
61 69
36 42
58 62
63 72
85 98
53 57
29 36
30 35
71 74
90 92
73 78
13 20
12 20
15 19
75 80
29 37
43 60
77 83
8 23
40 49
65 86
38 45
24 34
9 16
46 71
87 92
33 48
79 87
10 17
21 26
39 47
4 9
12 32
43 48
37 46
13 31
21 60
75 80
56 79
1 12
6 43
31 46
45 54
67 74
23 28
38 45
67 80
14 28
38 62
73 79
37 54
48 56
82 89
4 22
38 61
47 59
6 24
78 83
27 39
7 16
9 14
25 62
69 75
45 49
51 68
50 56
20 26
1 14
87 91
39 55
31 41
21 27
66 67
71 77
86 90
25 31
55 65
82 93
32 44
41 46
1 7
83 95
28 39
35 41
17 38
42 47
27 32
44 48
88 94
37 43
85 94
45 51
19 24
24 33
68 73
78 89
86 99
58 65
33 64
22 25
47 62
11 20
44 54
49 57
13 18
58 64
59 64
86 90
74 78
2 12
78 84
6 23
59 71
79 98
40 44
53 73
4 16
45 53
49 63
28 38
58 79
17 26
12 20
87 97
56 72
72 79
41 61
70 75
83 89
70 94
9 21
3 17
81 90
74 78
13 22
4 20
38 56
97 99
95 98
63 76
40 62
39 44
61 73
8 12
75 81
65 74
87 92
73 79
16 28
59 66
20 31
70 78
11 25
64 68
69 82
31 50
6 26
89 92
42 70
18 22
36 42
35 41
83 89
41 46
67 68
74 82
83 91
53 64
11 21
77 96
87 94
47 63
61 82
65 73
47 57
27 33
5 9
23 38
58 86
17 25
69 81
64 67
62 74
54 63
18 26
3 17
61 67
6 13
2 7
87 97
63 75
43 53
16 31
59 65
20 31
19 35
75 82
39 54
47 56
31 46
1 37
5 14
86 97
57 65
57 65
86 94
76 93
74 82
8 25
71 83
30 42
64 73
44 49
47 52
80 84
20 26
86 88
70 78
69 85
16 21
75 85
76 83
91 96
58 63
7 28
79 84
22 30
57 87
29 32
65 76
76 85
75 78
66 74
52 59
84 97
40 49
25 34
1 12
47 61
34 37
89 98
29 41
15 20
11 21
62 71
33 39
90 94
92 95
37 57
64 71
78 95
47 71
58 70
19 38
57 68
10 15
57 66
86 96
32 56
82 87
91 96
3 13
27 41
70 77
73 84
1 9
71 79
76 82
78 83
47 62
27 36
69 74
72 85
65 72
9 12
75 88
78 83
58 68
77 88
34 45
71 93
32 48
2 17
75 79
54 66
17 28
80 91
79 82
12 23
11 23
49 53
39 47
16 30
20 25
37 45
24 32
39 43
80 87
29 60
29 36
55 69
94 99
83 90
41 50
86 95
88 98
25 28
36 43
61 72
11 20
79 90
56 62
9 17
52 57
72 98
37 47
44 49
8 24
10 14
13 24
8 11
56 66
46 63
6 9
32 63
14 19
38 45
54 61
23 44
36 48
83 88
35 44
46 52
22 26
77 93
67 73
24 35
64 76
49 58
11 20
48 54
42 56
75 82
52 77
25 34
27 35
55 72
55 63
64 76
28 38
90 97
44 49
60 69
21 37
54 66
42 50
75 78
36 63
54 67
64 75
39 49
24 31
64 79
35 37
75 79
42 46
58 64
69 76
65 76
24 29
16 35
67 75
49 57
86 93
20 26
67 71
2 6
70 78
4 28
50 67
27 35
7 9
59 74
61 68
76 85
26 38
47 63
36 49
38 43
2 24
20 37
35 52
55 66
71 83
87 100
70 75
56 66
50 59
24 39
44 54
59 66
40 98
63 77
3 9
34 53
15 32
77 81
79 100
56 61
37 41
20 36
74 83
28 81
34 42
12 21
51 76
85 97
42 52
49 55
59 85
40 45
12 21
28 73
46 51
48 51
31 36
1 6
70 83
85 92
6 14
73 82
59 71
69 95
83 99
97 98
8 29
42 56
31 57
57 63
68 83
19 34
48 52
47 55
5 29
98 100
15 45
69 72
2 8
61 69
57 71
36 39
79 96
22 35
41 55
41 48
44 47
76 81
90 95
25 55
75 79
23 38
91 93
38 44
53 62
74 80
31 41
86 91
48 60
23 51
26 37
33 41
54 63
48 52
18 39
5 14
19 34
15 30
49 56
48 57
46 63
55 68
1 6
35 42
3 11
28 42
86 91
23 36
79 83
37 48
12 22
9 27
12 22
46 62
86 93
47 52
35 41
3 16
56 82
62 68
53 60
57 72
40 44
37 41
31 34
3 13
19 27
65 73
55 67
41 53
21 41
74 81
64 85
85 91
18 24
63 74
15 19
2 7
46 49
8 30
48 55
20 30
38 46
29 33
52 73
50 61
69 91
47 57
83 88
34 38
31 51
57 65
12 28
3 7
12 19
60 83
49 66
29 37
38 49
2 14
50 53
39 69
3 9
72 80
59 75
63 69
2 7
59 67
59 82
14 23
69 72
11 20
43 49
64 76
3 15
67 79
68 82
68 73
78 85
67 75
31 37
16 31
73 77
76 80
49 86
52 71
70 73
96 100
56 68
21 35
4 22
10 18
18 41
33 40
39 62
63 66
10 20
94 99
36 47
68 79
35 48
50 88
33 41
60 75
19 36
66 88
2 18
60 70
79 97
22 27
64 67
86 90
23 35
68 80
50 86
24 36
29 33
58 82
83 89
59 63
34 39
20 33
84 97
20 26
38 55
69 86
28 41
79 86
90 99
41 53
45 56
12 23
84 90
77 83
55 70
15 25
81 94
1 12
13 23
10 18
70 75
8 19
14 16
17 22
87 94
46 55
37 45
52 66
66 72
9 15
61 67
86 88
9 22
46 49
68 71
93 98
84 96
57 72
74 85
48 55
32 39
42 53
53 64
25 32
61 68
45 64
45 49
20 22
11 26
66 77
38 57
11 24
74 93
8 15
42 49
39 43
33 45
84 88
73 77
5 19
87 98
66 82
45 53
86 99
19 32
38 47
12 18
87 99
15 25
4 25
58 65
32 39
56 72
9 29
6 16
12 14
11 25
60 75
91 98
26 44
85 95
48 58
31 42
27 47
29 35
76 83
73 84
86 88
11 13
41 49
15 31
24 43
45 53
5 8
45 67
44 50
76 88
29 46
85 88
35 45
31 42
80 87
68 78
29 37
14 20
86 97
53 60
70 78
69 71
63 71
95 98
47 68
32 40
47 72
30 37
48 56
56 62
71 73
92 98
38 55
61 72
51 55
29 71
48 75
68 79
69 83
50 66
22 31
79 93
28 34
91 97
18 29
5 15
16 56
30 47
64 69
56 71
82 91
34 41
34 40
61 73
16 18
62 75
21 26
35 54
15 22
20 49
15 42
6 17
10 17
68 72
26 41
87 94
20 43
2 5
10 33
2 12
59 63
60 62
50 52
61 67
53 60
44 50
91 97
4 8
43 52
64 74
77 83
31 42
31 54
93 99
24 46
78 83
73 83
9 18
32 36
23 39
18 21
89 96
8 22
81 90
68 75
12 18
49 61
41 48
54 65
78 82
70 80
51 61
12 23
34 40
3 10
87 91
10 68
21 26
64 77
9 19
94 99
86 98
18 26
2 12
47 73
6 11
25 31
45 67
28 33
59 69
26 46
87 97
53 76
67 83
94 97
19 32
6 19
17 29
69 89
16 35
76 92
55 63
33 47
2 13
75 93
88 95
61 69
73 96
6 16
54 56
42 48
3 7
27 30
34 38
65 82
22 25
37 51
1 11
49 52
3 7
72 80
22 56
76 82
31 44
3 22
80 92
91 99
62 69
69 76
21 28
66 72
60 70
78 90
3 16
28 42
26 39
23 42
9 20
24 29
57 72
27 46
93 100
58 73
55 67
22 28
34 42
84 98
86 95
7 21
45 59
89 96
32 40
65 80
75 95
31 32
33 44
76 78
70 79
74 88
8 22
49 59
34 39
10 20
72 80
10 17
87 95
10 47
22 30
72 91
1 8
90 94
37 39
32 46
30 42
54 64
24 40
35 62
79 86
78 86
8 19
54 72
48 62
72 79
26 35
60 77
38 45
60 61
36 46
36 43
70 84
16 21
42 60
14 21
46 68
47 59
53 61
27 44
76 85
28 32
1 5
27 40
7 17
26 39
59 71
51 80
2 15
33 37
32 40
78 80
21 52
49 75
33 40
47 55
91 98
59 76
56 63
53 67
42 53
29 36
18 23
15 20
36 50
1 17
62 81
17 23
28 35
92 97
6 22
11 23
35 46
17 30
13 15
47 60
17 22
50 63
39 54
83 95
5 9
78 80
55 67
68 79
76 79
55 59
58 63
10 16
44 70
2 24
35 53
93 98
78 89
75 100
30 45
9 12
29 33
54 58
2 11
75 83
3 8
55 58
15 25
49 64
36 55
71 82
49 66
29 37
21 27
69 76
2 7
22 45
17 28
3 14
49 52
45 54
37 44
85 92
8 22
58 64
32 36
39 46
76 83
25 61
33 42
64 75
32 42
45 49
20 26
4 16
51 60
48 66
84 87
9 38
15 29
9 14
73 75
90 98
30 35
30 35
1 8
37 48
69 81
45 55
55 60
34 47
91 96
35 41
60 65
1 18
89 95
79 88
52 71
2 20
74 83
82 86
43 48
90 96
61 72
35 41
45 54
1 16
13 22
26 34
81 94
14 22
43 49
44 56
27 44
44 57
54 62
56 70
72 79
20 29
74 87
80 87
59 72
25 34
38 43
12 26
79 85
27 45
22 32
28 44
69 75
6 16
5 13
70 74
92 99
9 17
88 94
26 41
80 88
19 23
54 61
18 29
90 100
21 32
75 81
21 28
20 27
69 75
2 6
84 100
83 87
67 71
51 58
36 48
28 41
73 76
75 84
83 90
34 40
66 72
89 93
86 91
26 69
24 29
36 44
84 95
19 26
65 70
13 29
28 35
4 18
45 56
78 87
33 39
16 34
65 78
69 72
32 41
79 81
41 49
42 48
20 28
55 70
11 18
22 36
95 96
59 62
26 31
61 66
54 62
29 36
10 20
84 87
66 73
84 87
72 80
14 28
59 70
35 44
17 31
54 62
2 15
72 91
28 36
68 72
47 61
38 48
44 71
69 76
44 54
49 54
37 54
76 80
44 47
60 76
72 82
2 14
78 91
89 98
87 91
10 34
21 24
29 52
23 63
71 77
61 69
30 68
15 20
42 44
87 100
3 7
68 75
92 100
53 58
52 62
25 31
62 67
9 27
50 65
75 83
24 26
87 97
87 94
26 57
47 61
14 23
68 81
74 81
30 52
24 30
7 16
57 71
62 75
8 17
78 90
23 31
3 9
61 79
62 90
44 51
4 14
22 30
8 11
20 32
16 23
25 34
7 12
53 65
55 66
65 77
48 53
71 81
54 59
75 95
2 5
20 31
23 45
63 74
22 41
26 36
9 18
17 40
29 33
6 12
49 53
84 90
72 80
63 75
57 68
26 32
31 37
55 78
7 9
69 85
8 11
57 61
71 80
3 23
86 95
57 71
1 4
12 18
40 51
66 74
51 60
22 42
56 61
10 30
63 71
41 45
56 68
18 35
56 71
31 36
6 10
86 94
73 79
87 95
88 98
41 61
37 49
15 29
81 89
88 94
16 21
72 83
30 49
40 49
88 100
18 32
3 9
25 34
47 68
16 19
80 86
7 20
14 21
82 86
91 98
51 58
24 33
93 96
8 13
33 40
16 44
20 23
66 81
54 72
68 84
14 64
38 45
76 91
30 47
76 85
45 54
70 79
79 85
81 87
88 99
47 55
15 26
75 96
37 48
51 64
54 81
78 89
22 32
4 6
20 30
18 26
77 86
61 72
62 80
44 66
88 92
46 58
79 81
93 97
33 55
42 58
55 62
30 51
80 88
58 62
69 83
30 39
42 55
21 24
47 57
17 55
80 99
55 65
59 99
3 22
43 60
19 26
11 19
42 48
3 16
66 87
68 72
28 31
30 33
61 68
42 48
27 40
35 65
83 93
87 96
36 41
71 81
59 72
63 71
6 22
43 58
50 82
45 49
10 17
30 42
46 50
8 14
75 96
11 22
26 29
13 26
8 16
34 38
70 81
3 13
15 22
42 61
94 98
37 43
45 51
70 89
58 77
16 27
1 20
68 70
73 80
75 81
64 87
55 61
85 91
7 16
80 85
85 100
48 55
82 83
77 82
29 38
9 19
89 96
53 71
8 13
83 88
91 97
39 44
79 82
93 98
6 23
9 25
26 29
3 21
34 65
31 39
1 17
19 27
78 90
58 67
27 36
87 93
22 31
87 91
87 98
46 51
32 37
51 54
48 73
30 35
33 58
77 85
46 51
45 57
57 62
34 36
8 19
7 13
49 57
60 68
72 77
37 54
2 5
35 42
34 51
24 32
78 87
67 88
31 38
4 11
32 45
14 17
59 61
54 64
29 38
50 62
28 50
88 92
67 88
52 63
39 54
51 57
70 73
30 42
36 45
46 48
46 52
69 78
29 47
48 52
59 70
20 27
43 51
53 74
10 14
2 12
50 59
86 96
34 38
32 40
11 23
81 90
23 32
7 28
10 14
6 11
92 100
66 75
41 50
40 52
4 14
40 54
41 49
22 26
55 67
51 65
63 68
9 33
58 63
60 65
59 85
77 86
30 53
65 98
23 33
53 61
52 66
56 63
31 46
75 84
4 10
89 92
31 44
44 53
73 85
59 71
19 31
61 68
34 58
6 27
62 75
9 18
9 26
52 73
19 48
30 37
51 60
5 21
78 99
12 20
22 27
72 85
58 71
30 32
10 22
79 87
56 72
34 41
45 60
14 21
44 73
62 66
70 83
8 14
34 44
31 35
71 76
39 49
34 39
17 50
63 75
5 24
41 47
65 74
50 70
42 49
65 69
23 27
25 28
46 53
83 89
83 94
23 31
20 32
79 92
6 15
75 84
13 20
75 82
22 28
49 63
57 70
39 49
14 22
50 64
32 39
26 33
13 20
33 39
90 94
38 41
45 67
72 88
23 38
28 39
64 72
28 42
90 95
16 24
67 88
73 80
77 85
45 64
70 88
64 85
14 22
70 81
51 62
6 12
39 49
41 48
3 10
26 36
95 99
92 97
72 78
25 33
15 18
34 39
80 88
82 90
12 38
74 78
94 98
18 27
29 39
75 79
16 24
26 35
67 72
61 66
64 70
56 62
67 73
61 76
61 95
32 48
69 72
35 38
44 74
40 53
71 77
60 64
60 69
50 63
41 47
70 79
14 26
63 69
56 72
50 59
3 33
21 26
61 76
23 33
22 27
32 47
46 60
39 44
33 50
37 47
38 41
11 52
4 11
70 79
8 24
34 40
21 36
42 49
44 55
98 100
49 58
83 91
31 34
29 35
83 92
3 9
36 48
86 98
19 31
46 66
87 93
22 28
72 78
71 79
70 78
40 62
83 86
25 37
3 7
88 96
24 31
82 95
83 95
76 86
52 60
15 33
69 78
72 78
67 76
41 52
32 46
44 47
5 16
35 50
43 50
64 68
82 86
59 69
3 7
89 93
70 81
5 30
58 67
36 42
71 83
42 50
47 64
71 86
75 86
47 50
48 52
5 34
59 72
80 86
33 53
52 58
54 71
50 62
37 45
93 95
67 85
39 40
16 48
33 53
92 94
30 48
26 41
33 39
47 59
27 38
3 29
88 91
54 62
14 28
82 99
28 44
12 41
18 26
7 21
3 10
78 94
37 47
37 47
25 31
74 91
53 55
31 41
95 100
59 68
82 96
39 44
79 98
60 96
52 92
16 20
5 21
91 98
44 58
51 72
23 33
51 55
82 93
9 23
82 99
24 33
47 56
26 34
94 99
19 37
17 22
27 32
63 67
19 26
21 33
79 84
73 85
3 12
79 85
9 12
74 82
89 95
60 72
88 96
65 73
70 79
68 73
69 89
59 70
36 64
54 72
8 17
14 22
25 34
37 45
11 14
13 16
54 66
9 23
51 58
80 89
6 14
58 69
20 23
58 63
72 76
14 18
45 51
54 60
45 50
47 52
69 74
65 75
76 81
3 7
10 16
33 49
38 43
36 43
57 61
52 75
59 64
42 54
80 85
31 37
18 27
62 69
19 23
55 60
80 93
88 90
17 22
35 41
64 72
19 36
57 82
62 84
54 64
1 8
60 70
1 13
78 95
26 35
75 78
42 47
12 27
53 88
75 85
16 20
25 27
89 93
39 51
64 70
61 86
9 14
45 52
75 83
82 97
13 25
13 24
51 62
70 80
22 34
7 17
14 23
68 76
43 47
69 86
20 35
51 61
30 39
74 87
18 22
17 29
7 13
38 43
20 27
19 25
60 72
21 30
53 60
41 47
40 54
82 90
10 14
24 30
75 81
67 78
43 52
2 5
47 63
54 71
50 73
43 59
64 72
53 61
73 77
21 35
6 13
30 40
29 37
48 69
77 86
64 75
84 98
15 34
68 86
58 73
47 58
15 25
52 66
56 60
76 81
4 13
5 22
68 73
25 30
19 23
69 78
20 27
66 71
40 67
75 77
26 47
43 53
59 68
74 87
63 96
54 78
79 81
26 33
62 81
13 16
30 41
67 75
74 79
19 31
48 65
30 37
36 45
7 17
5 18
42 50
39 48
61 79
73 79
24 51
48 53
38 48
58 68
81 89
52 56
52 62
39 51
32 42
10 15
29 40
45 51
20 32
66 70
84 92
15 23
19 30
91 98
62 69
52 65
51 87
41 49
33 36
10 17
70 77
47 66
47 53
27 39
70 90
62 72
68 71
71 78
30 38
9 12
81 91
47 54
6 11
22 30
89 96
30 53
42 46
21 36
79 94
72 81
22 25
23 33
15 29
69 85
71 83
73 76
3 23
42 62
70 77
13 19
25 35
2 81
66 90
31 51
29 34
54 64
43 50
79 90
75 83
64 73
41 70
92 99
43 70
65 70
23 33
17 26
1 5
84 87
18 26
28 38
46 60
38 41
16 42
64 74
18 34
55 63
86 91
72 76
48 82
45 88
88 89
45 69
79 86
7 11
79 86
17 24
73 78
85 88
67 70
15 21
56 61
90 96
68 75
46 57
13 19
14 19
45 52
76 88
62 66
11 15
46 57
60 66
9 25
61 74
16 26
20 35
13 24
5 37
39 48
80 90
85 94
78 82
73 84
29 31
32 34
88 100
55 61
41 61
22 45
83 91
14 24
7 13
86 92
47 53
51 66
46 74
74 81
62 64
40 45
2 16
37 41
6 15
28 43
91 94
15 25
65 84
58 69
68 72
60 64
65 72
28 46
13 25
6 14
39 44
53 74
47 69
4 24
51 65
6 28
70 83
82 92
30 57
71 89
37 39
43 49
92 97
85 90
76 82
19 24
56 63
37 57
12 16
13 16
87 92
7 12
11 17
64 78
76 84
34 43
52 57
19 32
70 78
29 38
11 26
83 93
32 46
5 39
50 56
21 24
35 44
45 56
45 63
30 42
59 66
34 43
34 41
34 37
15 23
40 42
30 41
16 24
73 84
49 54
80 89
30 44
12 16
9 18
59 69
4 15
24 32
15 28
6 18
51 68
25 30
96 100
17 20
3 11
66 80
31 40
19 47
66 77
3 12
16 20
73 85
12 22
56 62
31 40
40 67
29 32
36 43
53 64
4 13
27 40
53 67
59 70
49 55
61 74
14 24
65 79
53 70
48 57
75 87
73 74
4 20
85 92
80 86
28 39
37 43
87 99
57 64
76 85
36 46
8 48
91 97
96 97
65 71
25 33
49 57
24 25
51 61
12 24
89 99
66 79
85 100
51 59
12 17
75 80
35 58
29 33
79 82
7 17
19 29
70 89
4 6
79 82
28 43
86 98
68 78
13 24
38 49
11 31
80 83
56 65
4 18
88 98
38 66
61 80
47 51
55 58
10 16
74 80
40 59
72 82
73 83
63 74
71 82
72 78
75 83
60 77
85 90
48 58
88 96
54 59
47 53
82 95
79 85
55 59
77 89
90 97
57 84
26 38
15 22
23 27
18 22
83 99
52 72
73 88
83 89
56 75
54 70
36 56
71 81
36 43
45 46
35 49
20 23
69 80
27 37
91 100
69 73
29 34
14 36
2 15
12 14
40 83
54 65
19 39
66 73
26 41
77 88
85 94
66 69
15 31
74 86
18 29
33 35
31 49
23 29
3 13
17 22
72 77
13 17
58 66
29 36
43 55
12 35
47 57
58 68
15 24
90 97
2 6
38 40
71 80
8 22
92 95
34 52
34 51
58 64
53 66
64 76
43 45
14 28
22 31
51 63
25 31
48 57
47 62
44 52
7 11
22 30
68 75
35 37
12 28
41 51
7 11
22 33
22 28
30 60
32 44
7 12
45 53
84 89
85 93
37 53
13 28
90 98
59 73
7 14
12 15
56 64
17 22
57 78
78 92
69 84
33 40
11 18
91 99
44 52
30 42
26 37
45 57
63 74
68 75
79 87
25 29
29 38
3 11
67 72
25 37
90 93
54 75
84 88
58 88
47 52
45 49
59 70
37 44
70 72
18 34
60 73
45 53
77 84
77 88
37 42
37 51
33 49
90 98
12 23
53 75
41 46
48 50
23 45
38 47
94 99
26 31
82 85
63 67
28 57
91 97
17 54
6 19
57 71
58 92
33 38
80 86
27 37
9 11
37 60
28 49
37 47
69 79
44 51
72 82
4 6
72 77
53 67
9 21
31 37
17 44
44 61
78 84
27 57
49 60
90 99
68 72
16 42
50 58
18 30
12 34
56 61
55 72
69 76
66 74
18 23
84 89
5 23
23 50
36 49
27 33
33 47
43 50
67 75
4 12
1 8
66 72
65 82
21 36
73 88
44 48
40 47
5 16
33 43
41 51
25 51
80 83
85 99
90 99
15 19
58 62
55 73
22 26
19 33
78 91
55 84
14 32
31 35
94 99
64 82
59 70
52 64
72 77
63 90
46 64
82 89
54 75
71 79
33 62
52 58
82 88
25 37
55 63
36 42
28 30
68 80
67 80
8 13
19 25
75 80
19 28
11 19
59 86
38 54
47 65
15 40
21 46
62 65
59 80
54 62
46 61
59 67
71 81
13 28
16 32
1 10
82 91
10 26
43 47
20 25
39 42
9 19
55 66
26 35
33 51
85 99
2 9
92 96
1 21
37 46
49 61
51 70
80 84
39 49
66 80
79 90
2 14
33 49
88 96
65 82
57 79
9 15
9 19
35 38
31 42
30 40
85 99
26 33
2 8
36 57
34 41
73 86
18 23
58 68
67 72
61 63
33 52
28 45
48 58
6 20
2 18
89 98
47 60
31 45
86 99
85 89
57 63
66 73
40 51
49 74
11 28
87 95
30 40
26 39
71 79
45 53
51 59
13 22
7 14
29 38
70 79
1 10
84 93
65 90
53 62
80 83
25 40
41 65
21 32
8 15
75 85
11 24
78 82
21 29
49 69
16 25
53 63
54 91
77 83
63 82
92 100
42 49
82 94
24 34
49 65
29 32
86 95
45 89
72 79
68 75
2 35
81 87
50 62
31 38
71 77
16 28
1 3
52 64
10 17
31 66
85 93
29 31
7 13
35 72
79 93
32 40
33 44
75 94
36 38
4 29
63 84
68 78
73 81
56 64
49 59
8 30
88 100
42 51
1 12
31 34
81 92
68 83
18 21
84 98
90 93
46 52
83 92
58 76
18 38
1 5
3 12
24 43
63 69
92 97
43 49
26 34
3 9
24 30
38 57
6 22
33 46
53 72
53 58
48 69
37 46
30 39
3 10
37 46
62 75
52 53
91 93
29 36
48 62
83 88
4 19
76 87
77 79
67 85
16 23
79 89
5 15
74 91
38 55
53 56
37 42
4 19
37 46
11 25
72 87
68 84
62 74
26 32
80 95
78 90
93 97
22 29
45 49
15 25
5 8
51 56
55 65
62 65
40 55
74 82
71 85
13 18
54 66
58 61
8 29
48 60
55 66
44 51
5 13
56 72
17 22
82 94
46 55
1 6
86 97
83 95
67 73
80 86
64 71
29 36
75 80
36 44
30 56
26 38
19 23
15 26
53 58
82 94
82 87
22 43
93 95
25 30
6 17
28 46
51 60
67 84
48 50
20 32
84 85
42 78
81 97
23 33
15 37
66 74
2 6
21 25
66 81
37 46
74 80
56 64
44 51
75 80
53 67
74 98
55 64
38 52
3 16
22 28
35 48
19 25
49 72
65 80
71 81
33 55
56 69
30 49
52 55
72 77
42 65
48 50
40 47
85 95
23 29
55 69
16 28
35 41
74 82
42 51
6 18
27 37
65 71
65 69
26 37
73 81
3 9
16 19
77 86
2 15
6 12
75 95
36 53
21 41
43 46
85 97
67 75
72 76
5 33
91 95
8 19
87 100
70 88
59 71
