100 20 20 8
00000000000000000000
00000000000000000011
11000000000010000000
00001111111100111111
00010000000000000000
11001001100000010000
00000000000000000000
11110000000110000000
00000000011000011111
11110010000001110000
00100111000000000011
00000000100000000000
00011000001000011000
00000111000100001111
00000000001000000000
00000000000000000000
11000111001100000000
00000000000000000000
00000000000000000000
0001000001000000000
0001000001000000000
0001001000001001000
0001001000010001000
0001001000100101010
0001001000100101010
0000001000100010000
0000001000100000100
0000001010100000100
0000101001100001000
0100101000101001000
0000000100001000000
0000000000000000000
0000100000100000100
0000100000100001100
0100100001000100100
0110100001000100000
0010100101000100000
0010100001000101010
0010100001000101010
3961
39 42
79 88
64 70
69 71
9 15
6 13
60 89
58 68
85 89
8 15
33 42
58 66
28 45
82 87
19 29
67 79
56 61
54 69
33 45
62 64
54 65
79 85
30 71
45 52
34 43
65 87
5 11
12 28
58 65
26 39
1 6
26 35
35 38
81 97
66 68
77 94
24 44
83 92
7 40
66 70
50 63
22 26
52 60
83 95
85 92
88 95
34 55
69 79
84 91
53 59
52 59
58 76
88 98
88 89
20 23
78 90
78 84
58 97
84 93
5 12
65 85
25 34
23 40
41 68
77 91
33 42
7 14
47 92
52 65
49 59
8 14
40 60
91 97
37 41
21 24
62 76
27 33
82 95
80 98
59 72
64 67
34 38
84 97
16 21
55 61
25 43
13 19
68 81
63 68
78 82
57 73
70 82
81 85
75 84
43 65
77 81
33 39
26 48
57 65
7 11
14 25
35 53
91 93
51 63
65 74
40 56
1 6
59 70
10 23
33 36
16 54
10 20
72 76
84 96
78 82
66 74
54 61
72 88
82 86
62 72
25 46
82 88
46 61
96 99
80 96
53 77
39 43
75 80
89 96
63 77
63 77
78 83
51 71
4 11
67 100
74 80
76 87
54 57
44 48
50 60
59 62
8 12
66 90
81 91
20 32
53 59
67 81
10 17
88 97
19 28
7 32
35 43
38 43
8 30
57 63
80 91
75 97
93 97
13 18
29 33
82 86
38 49
63 69
79 94
34 48
53 64
32 42
4 8
61 69
70 73
72 89
4 10
47 50
30 37
17 36
54 60
62 73
38 48
78 89
15 33
78 99
79 81
5 14
90 100
11 16
22 64
45 56
87 94
71 100
40 45
49 59
51 73
55 67
4 16
3 9
61 64
65 80
45 51
12 22
78 98
51 64
66 83
65 76
19 27
71 95
27 35
37 44
57 63
8 12
21 38
50 53
52 58
26 33
80 84
26 69
8 28
31 38
89 99
79 85
51 56
13 19
51 63
56 77
67 84
3 13
28 36
12 25
73 77
90 99
55 62
84 92
8 15
18 30
66 79
72 87
3 6
85 92
47 59
54 64
6 23
66 88
41 50
39 44
7 31
80 95
49 54
39 47
86 97
61 71
34 42
1 2
28 41
85 96
82 98
73 89
70 73
55 69
81 89
17 23
2 13
92 99
64 67
22 33
8 20
18 22
18 23
81 87
3 9
6 17
82 85
35 44
26 33
68 77
69 80
13 48
9 17
51 63
53 91
20 25
47 52
28 31
21 28
60 72
57 64
25 30
29 60
77 84
1 9
26 39
48 56
58 70
74 86
6 17
58 73
76 93
36 55
58 60
18 25
5 16
2 15
47 62
24 40
31 82
65 78
3 13
42 45
3 28
63 82
40 49
8 25
80 85
54 61
49 56
51 71
10 22
84 99
75 82
60 66
70 74
45 55
72 81
43 50
37 49
12 20
38 44
28 31
12 17
72 79
21 35
32 44
22 43
21 27
71 85
77 92
58 69
67 73
56 58
37 41
21 31
74 90
22 47
80 94
6 16
56 68
70 93
56 66
29 33
15 20
27 39
27 49
62 85
21 27
16 23
33 50
52 85
55 62
44 52
47 61
74 82
57 66
54 57
12 18
77 81
30 38
13 17
58 81
49 56
3 37
93 100
67 92
75 94
16 33
12 23
32 48
20 30
7 20
46 55
19 27
8 13
53 82
57 73
29 39
29 37
46 60
50 63
63 77
35 41
36 46
65 83
94 100
45 50
10 17
52 70
75 87
3 8
52 83
31 40
12 16
1 16
86 96
34 42
66 76
48 52
56 59
93 100
67 83
4 10
53 62
77 87
71 84
84 97
51 65
17 45
89 92
56 69
38 52
6 28
46 52
6 13
57 60
65 70
40 73
84 89
40 44
64 76
5 16
42 47
20 28
25 31
41 56
78 89
39 55
44 51
60 71
62 69
80 87
78 81
14 24
69 80
56 64
62 65
54 63
90 100
57 64
80 86
57 68
74 80
48 52
80 98
25 30
81 94
58 62
47 49
43 53
12 23
12 18
15 21
54 64
55 63
1 18
72 86
12 25
88 93
22 43
73 81
35 39
47 59
36 51
12 24
90 94
97 99
84 90
80 89
48 54
65 72
23 30
95 100
37 43
71 93
9 15
2 20
17 44
85 95
55 67
62 72
55 68
66 85
26 35
75 88
48 57
14 33
17 30
69 72
33 44
1 8
1 9
11 22
80 86
4 29
18 30
46 59
43 82
90 100
95 100
43 49
56 66
3 8
14 29
26 32
87 95
61 72
24 30
3 11
75 85
26 31
74 81
5 36
94 100
45 57
56 63
8 17
25 33
71 77
25 33
17 39
65 71
89 96
10 31
76 92
11 17
11 19
30 43
73 82
86 91
84 99
88 98
73 79
17 21
37 66
1 7
39 73
26 38
86 100
18 24
28 45
5 15
88 96
84 90
16 18
84 96
61 64
89 93
13 27
66 69
39 44
15 21
25 52
20 28
23 34
17 25
50 61
89 100
57 75
12 21
54 66
47 61
6 16
83 87
61 69
85 90
51 57
49 73
61 65
60 67
29 39
89 96
44 53
84 91
83 98
15 28
30 41
59 66
53 63
9 16
11 15
23 30
79 83
7 12
10 22
39 58
6 10
52 73
83 90
39 55
48 69
33 41
49 61
61 66
51 72
65 73
71 90
71 88
71 83
40 68
22 36
51 60
42 57
8 22
63 68
29 34
87 98
77 87
66 71
2 25
35 57
9 19
3 24
29 36
23 32
19 28
58 63
82 88
41 55
15 22
26 29
88 93
91 100
7 20
16 29
72 81
76 91
64 82
30 38
31 42
93 99
91 99
32 58
37 42
93 98
74 86
60 65
33 41
41 64
39 48
19 32
23 32
49 55
51 54
52 57
52 63
64 74
35 42
11 32
66 85
53 60
82 100
90 97
44 58
37 57
1 13
85 99
63 73
39 46
77 81
70 77
2 9
64 68
21 27
78 88
56 67
11 17
35 42
10 23
61 65
32 39
62 87
50 68
44 53
30 37
26 32
58 75
50 65
5 11
68 85
60 62
32 53
20 41
3 8
55 68
70 78
67 77
50 58
46 52
94 99
25 30
27 39
75 85
75 86
63 66
11 29
47 59
18 33
52 67
14 24
16 25
22 42
66 74
58 62
66 75
1 10
6 66
67 89
65 71
49 55
90 93
3 8
43 48
28 43
74 81
81 89
18 27
19 75
34 37
35 45
6 11
9 20
96 99
51 61
60 75
74 89
28 53
61 68
27 37
57 88
51 59
12 30
76 86
28 38
3 5
76 90
52 78
43 47
15 25
49 61
3 7
57 63
60 76
2 14
93 99
62 75
36 41
78 82
31 44
48 53
36 44
81 89
72 95
97 99
89 97
16 38
76 78
77 100
51 59
66 73
60 72
76 96
75 80
10 20
94 99
10 18
79 95
68 90
55 67
26 37
8 27
64 69
31 47
31 39
46 61
67 74
17 28
32 40
36 45
16 38
23 31
46 55
49 64
91 93
72 79
39 48
40 48
26 32
7 21
12 17
15 23
1 7
18 28
63 67
84 95
52 67
45 52
23 55
78 87
4 13
80 87
64 67
66 69
53 67
88 92
38 45
64 71
57 83
41 60
58 64
18 20
70 79
58 71
54 59
13 24
29 49
81 94
27 46
21 39
21 24
36 42
63 69
24 40
26 30
2 13
49 54
77 82
18 21
66 79
41 46
44 51
12 31
62 65
51 69
79 90
49 57
37 43
26 29
34 47
43 51
40 47
54 64
36 46
53 58
52 57
54 59
58 65
32 35
34 48
40 49
5 22
75 82
2 7
27 32
73 91
39 48
78 94
12 19
17 20
7 24
57 64
1 38
48 59
92 96
10 26
28 39
80 89
73 84
41 58
55 68
37 61
44 53
9 28
67 90
65 69
70 78
20 25
49 52
54 63
18 25
25 36
33 43
76 78
53 59
45 52
9 21
21 25
54 64
74 100
80 89
60 67
51 84
27 32
9 13
64 69
35 45
52 61
45 64
80 86
55 94
66 78
4 8
29 63
59 67
39 40
5 25
83 94
30 36
9 32
21 34
18 30
6 30
38 56
8 24
14 21
21 30
73 78
70 79
63 77
18 39
14 22
84 90
21 29
81 93
64 69
28 45
18 25
71 83
23 29
46 54
61 76
54 61
15 30
13 26
81 86
3 7
63 94
5 9
37 42
80 98
32 40
40 48
56 74
26 33
26 55
63 71
13 25
17 43
12 21
43 63
47 54
25 47
76 87
76 92
38 44
64 66
90 99
7 14
31 43
60 69
11 24
61 67
61 76
27 32
75 86
93 99
87 93
54 65
72 87
18 29
70 79
8 44
78 84
45 60
40 46
45 87
76 87
73 86
71 76
63 69
62 70
68 95
7 25
72 77
86 91
76 84
60 68
25 35
13 17
54 72
43 54
52 64
66 72
74 83
82 88
89 92
52 56
19 25
29 38
91 100
18 33
73 79
93 99
66 81
29 51
7 38
38 50
43 49
51 65
52 58
5 14
3 62
12 18
2 12
30 35
24 30
74 80
32 40
40 56
83 89
19 37
21 27
90 96
53 70
72 86
38 51
30 54
30 40
61 73
7 22
8 32
32 36
56 74
13 16
88 95
70 83
69 75
9 13
50 64
86 97
24 49
87 99
43 48
74 82
73 86
74 89
30 38
28 44
49 56
20 26
43 48
39 53
77 92
4 15
82 99
82 94
21 45
25 31
68 80
84 89
75 84
80 87
76 83
82 89
15 21
40 49
51 62
54 58
27 31
87 97
9 30
33 39
15 22
1 4
18 32
57 60
26 40
14 25
2 12
59 63
89 99
42 47
40 78
50 61
2 15
90 99
52 60
90 96
84 94
26 40
28 44
39 44
68 72
40 46
7 10
88 97
46 56
94 96
56 61
16 30
70 80
81 96
56 62
88 97
52 58
65 75
68 81
62 67
65 69
65 70
17 29
83 94
94 97
18 25
81 84
18 25
19 25
68 77
38 44
40 49
75 80
65 78
78 85
80 86
29 35
33 43
80 84
54 74
80 88
62 73
16 19
53 58
72 76
37 43
24 33
14 33
23 30
4 10
15 21
41 48
72 88
27 36
20 27
39 50
73 85
25 30
44 55
10 16
64 71
29 34
12 21
18 28
41 44
63 74
75 83
56 59
79 88
73 85
28 32
72 80
35 46
13 42
63 68
32 74
29 45
67 81
75 89
65 81
26 31
66 76
93 98
6 31
15 29
30 40
13 34
65 76
42 60
40 61
26 50
73 79
52 61
75 80
44 58
69 80
52 59
66 73
35 61
1 23
96 100
66 79
61 81
62 76
12 19
63 73
31 36
59 70
15 29
81 83
42 58
32 39
23 34
70 74
78 88
90 95
58 78
35 52
50 82
42 53
58 74
64 81
78 81
35 45
34 41
61 82
79 87
35 53
64 71
3 5
9 13
96 99
24 27
64 67
34 36
27 42
16 28
7 20
2 38
1 8
90 92
82 94
10 14
12 32
15 17
58 64
18 22
74 93
72 93
36 40
74 83
25 33
39 57
56 73
74 93
11 17
25 53
41 42
59 76
26 32
3 16
69 83
84 87
41 64
78 84
33 54
3 15
19 35
25 29
50 64
52 56
40 61
21 28
75 99
27 36
83 88
61 70
32 41
86 96
72 82
40 46
12 22
6 10
72 84
59 75
14 32
34 36
74 79
58 71
77 85
80 87
62 79
1 26
22 38
70 80
27 38
66 71
84 95
50 64
38 49
19 24
89 96
95 99
56 63
45 60
68 82
62 69
43 75
47 54
59 68
22 28
23 27
32 57
4 7
65 78
53 60
46 54
52 56
34 45
4 10
24 50
60 63
67 83
63 73
40 54
42 49
78 81
44 48
49 53
31 42
72 94
6 20
6 12
18 27
78 85
24 37
1 25
73 78
76 84
13 25
73 77
7 29
84 93
50 64
73 83
41 45
73 77
28 46
9 18
42 54
40 61
72 78
84 92
33 61
54 67
35 49
29 33
17 22
46 54
76 82
41 49
18 21
27 40
7 20
41 56
94 97
30 31
7 13
28 40
36 44
58 80
64 74
56 60
29 32
44 61
94 97
20 23
81 86
58 72
56 74
72 80
2 6
6 14
40 48
39 42
36 45
35 42
77 87
4 15
89 97
68 75
40 46
24 39
16 23
30 34
53 69
1 9
66 86
9 36
18 24
86 98
55 70
85 93
40 48
63 69
82 93
52 64
49 71
12 26
8 17
12 22
81 95
42 45
45 52
4 14
63 70
6 15
93 98
66 69
11 38
46 58
74 94
58 62
71 75
54 59
17 25
12 14
18 42
55 72
73 76
34 52
21 29
56 67
63 83
68 74
23 49
20 41
42 48
53 57
26 34
34 42
85 93
45 73
30 36
88 96
75 80
81 99
27 39
46 50
5 19
81 88
75 87
78 84
41 46
94 99
75 85
40 52
1 9
67 80
62 70
10 27
17 23
36 46
5 10
63 68
16 25
92 96
70 75
83 93
64 74
30 39
23 47
80 93
69 84
87 100
31 48
65 97
33 55
17 30
47 53
80 86
70 75
26 30
39 63
91 96
5 15
68 83
21 26
32 49
32 39
29 55
30 45
61 76
25 33
85 95
32 39
40 43
96 99
32 41
61 82
45 69
76 98
45 77
40 78
41 51
65 71
2 7
80 86
9 29
20 26
60 75
10 19
66 73
12 30
22 31
23 35
52 55
65 79
52 75
73 82
71 79
72 78
6 12
9 17
10 30
12 24
13 21
74 84
54 72
17 28
4 6
11 15
72 76
67 78
13 23
56 69
79 85
45 55
26 37
47 58
66 82
14 18
24 28
51 62
4 10
12 18
20 52
12 31
48 60
18 30
1 15
15 27
90 98
19 27
12 45
82 97
81 90
74 90
43 56
25 55
12 18
48 51
3 37
58 80
36 48
19 31
3 21
63 72
14 21
77 79
11 24
80 85
13 37
4 9
4 5
27 38
3 13
77 81
49 60
58 67
43 51
5 14
66 70
38 54
60 65
41 47
47 55
45 63
63 71
9 25
66 73
49 58
60 76
35 44
55 67
68 78
89 94
91 97
15 23
84 87
10 12
43 61
5 20
23 28
11 35
84 96
55 59
41 49
48 62
46 49
63 66
18 27
73 90
29 52
31 52
51 83
89 93
22 29
45 61
30 39
43 60
9 13
64 68
28 43
87 94
45 52
79 93
22 35
30 34
3 16
94 100
18 21
10 14
61 63
80 92
85 93
25 32
72 82
4 9
10 23
88 99
88 93
15 29
65 82
71 77
47 62
13 28
41 46
82 96
93 99
55 62
83 91
15 21
28 41
8 24
70 80
8 23
17 37
35 46
70 73
1 5
21 32
48 57
54 72
25 38
94 97
24 31
75 80
74 86
13 18
73 91
32 39
32 41
9 45
70 96
1 13
20 28
17 25
45 66
71 84
36 42
65 71
10 15
34 44
7 9
62 77
51 69
81 85
20 24
5 31
70 72
47 57
15 29
24 29
12 22
14 23
46 57
27 35
7 11
81 84
12 24
16 26
63 71
71 87
3 6
89 96
14 29
58 67
18 26
42 50
45 54
70 79
51 59
62 73
61 66
35 42
41 46
84 96
22 47
78 83
63 73
50 58
69 77
25 38
45 51
71 88
2 21
70 72
51 53
27 32
60 83
18 28
60 67
81 90
44 50
10 21
42 47
76 80
65 74
34 62
12 25
25 37
64 81
60 66
66 74
49 64
64 70
23 29
58 65
76 83
53 56
37 52
17 25
27 53
71 77
31 45
70 93
29 57
81 85
3 10
72 78
86 88
55 58
64 83
4 22
54 57
47 55
3 10
8 18
81 92
31 43
51 55
89 94
59 65
64 75
10 27
26 46
16 39
84 98
46 51
73 85
8 12
23 33
68 73
41 54
74 85
62 65
66 73
20 27
41 49
40 50
30 45
6 15
59 73
69 77
1 9
47 67
31 47
52 65
39 44
45 91
55 60
3 9
34 37
36 42
6 29
54 58
4 9
78 93
14 43
43 46
55 72
83 91
80 95
81 85
21 30
59 84
41 56
68 71
78 91
80 84
86 96
5 11
13 23
68 75
77 86
19 35
73 89
1 6
20 24
49 51
55 66
58 66
29 32
43 67
91 98
50 54
88 92
11 14
5 23
67 77
53 70
9 10
18 29
58 64
13 15
52 57
69 72
56 62
88 91
89 95
89 97
87 93
78 79
31 40
86 89
2 11
50 58
65 74
25 36
80 89
10 16
65 83
17 28
10 17
51 60
13 25
25 44
54 66
26 44
29 40
62 68
90 95
42 62
95 100
79 90
67 79
26 45
92 99
27 40
78 85
30 43
36 49
59 61
8 13
47 51
19 25
53 61
15 19
47 51
63 72
8 17
77 80
88 93
44 59
67 84
77 88
79 96
48 69
23 32
16 20
29 46
37 88
25 32
20 33
85 90
3 15
75 89
72 82
45 53
11 15
69 75
7 11
23 28
67 80
38 52
71 86
78 87
28 40
3 16
39 49
16 22
9 13
79 84
48 63
1 8
88 97
59 63
96 99
84 93
37 47
38 53
47 66
79 91
79 89
80 83
28 34
4 33
55 57
75 98
55 67
69 77
87 98
82 94
85 95
63 69
25 32
75 82
43 65
54 60
10 22
70 78
4 10
49 66
3 11
59 77
65 77
7 17
78 91
84 96
40 55
29 37
79 83
28 34
53 60
63 74
47 52
13 24
61 79
84 90
44 48
93 99
77 95
34 40
62 76
10 20
69 82
57 61
98 100
43 67
61 72
74 86
76 84
68 74
38 41
39 45
12 16
32 52
31 38
63 73
82 92
20 25
68 79
37 49
5 18
20 27
53 65
27 37
30 42
79 94
95 98
19 44
43 84
29 38
32 41
81 83
44 55
64 89
46 55
29 50
30 47
83 98
1 4
63 65
88 100
53 64
10 32
49 66
50 61
43 48
57 61
71 90
77 84
45 60
39 46
27 42
79 88
70 76
58 64
90 100
4 9
37 54
65 70
87 94
4 7
39 54
41 51
35 38
17 18
8 48
78 89
34 61
56 65
7 12
32 46
41 47
78 89
55 62
45 55
8 29
25 30
48 58
19 29
41 49
5 27
22 35
73 96
32 43
3 12
27 38
57 65
39 43
78 86
23 32
27 39
58 65
53 61
34 51
31 46
54 65
84 96
51 62
86 97
48 85
23 37
7 17
89 98
39 46
32 36
17 24
15 47
67 73
70 74
34 44
52 63
45 52
45 68
79 88
43 50
56 62
11 29
23 30
26 38
29 34
70 75
65 66
53 57
74 85
10 18
33 40
30 44
17 27
24 42
43 55
49 51
32 45
11 30
63 75
84 100
78 90
60 67
90 93
57 64
6 12
81 88
87 99
63 69
12 28
52 59
27 36
47 62
34 38
79 83
39 46
11 14
43 54
24 45
51 60
35 51
80 92
36 50
22 28
53 74
48 74
17 49
32 34
80 86
58 70
52 72
43 73
66 87
13 22
7 15
21 38
57 72
43 52
14 26
55 89
75 85
7 18
52 65
48 59
70 74
69 75
70 81
13 19
92 100
62 64
4 24
60 65
59 64
64 84
51 57
1 8
5 14
57 61
9 14
34 53
27 36
38 41
40 48
16 34
6 18
45 65
85 90
84 90
73 84
13 24
25 35
72 82
66 86
46 56
12 20
31 39
30 36
56 61
28 35
23 33
64 69
90 93
92 97
4 6
86 89
80 87
6 12
12 25
88 97
23 29
26 38
41 46
6 15
95 100
60 96
39 44
26 33
69 81
7 25
31 38
91 96
52 57
64 72
65 68
31 36
25 30
24 32
19 42
35 38
48 51
11 26
33 51
51 68
44 55
88 98
72 84
55 70
90 99
44 49
5 16
28 41
97 100
22 27
66 76
24 36
68 78
78 87
68 73
6 11
41 49
20 35
45 51
71 75
51 58
46 60
86 95
71 75
59 75
36 44
16 21
70 73
9 19
31 36
39 79
81 92
74 93
85 90
54 66
79 83
7 13
11 21
41 67
47 54
37 44
32 48
11 19
82 97
63 71
2 7
35 41
75 87
49 59
70 80
36 48
23 29
93 98
3 21
22 30
17 21
65 67
73 86
90 95
14 20
21 26
6 22
29 41
14 28
82 89
71 79
38 53
48 51
42 46
72 77
14 18
50 57
29 43
28 34
68 77
16 28
78 89
19 33
29 34
32 39
12 17
95 98
27 34
10 18
65 75
71 81
23 31
58 66
41 45
84 99
57 60
47 50
50 58
90 100
12 25
70 79
35 43
85 93
25 27
43 59
31 39
36 43
44 51
55 64
23 29
13 25
4 7
83 88
60 68
19 26
26 49
32 44
94 99
39 47
71 82
31 33
78 84
59 72
57 71
90 95
40 49
28 40
7 14
49 55
26 44
94 99
58 61
15 21
5 9
19 24
22 44
51 58
22 31
47 57
33 36
47 59
69 86
4 17
37 39
9 12
69 81
64 69
53 63
39 52
10 29
73 76
39 51
33 47
50 61
69 74
58 63
14 23
10 27
50 59
69 90
65 74
47 63
14 22
54 63
68 80
71 88
66 72
32 44
32 35
45 70
75 85
29 40
14 29
24 37
3 36
50 61
29 60
4 6
13 22
49 63
79 93
36 61
90 96
82 91
51 58
57 69
45 51
1 11
85 97
53 59
66 70
23 25
44 51
26 27
22 39
73 90
64 74
70 84
33 41
18 43
46 65
35 41
6 14
11 23
63 74
24 29
72 86
56 60
9 19
47 74
83 87
58 64
14 20
4 8
24 38
32 44
45 50
70 92
41 65
44 52
75 79
17 28
18 28
67 76
22 34
3 11
64 72
13 16
78 88
67 69
80 86
58 76
55 66
36 52
18 22
9 15
7 18
47 70
55 75
11 35
81 88
25 41
14 34
4 8
59 72
66 68
52 56
28 36
6 10
54 69
42 48
51 62
54 63
86 100
27 37
12 27
76 81
71 81
31 52
85 94
13 19
15 26
19 25
89 94
77 87
11 28
61 72
69 80
26 31
64 71
43 55
67 74
90 99
61 84
66 83
90 94
46 49
84 96
87 97
41 50
64 91
44 66
50 58
48 64
63 77
59 66
69 77
23 55
1 9
73 83
68 74
82 90
16 22
8 38
95 99
60 73
65 71
49 61
2 12
49 55
3 11
85 97
39 40
78 83
62 67
43 78
48 62
69 79
11 25
48 54
53 61
17 30
14 34
39 63
4 27
69 84
92 95
47 54
22 44
69 80
53 65
5 13
27 29
6 35
76 83
4 13
3 14
90 97
10 29
83 93
77 81
6 19
76 88
26 52
13 19
70 78
31 33
69 91
22 33
59 78
90 93
58 64
29 59
26 37
72 82
16 18
6 12
45 68
61 66
37 50
40 47
46 59
60 63
39 49
86 93
70 96
28 34
14 20
83 97
77 96
3 9
18 21
58 69
83 94
11 16
56 64
12 20
54 60
27 31
2 4
23 35
17 40
39 40
59 65
78 93
67 78
11 33
7 23
16 86
55 67
25 39
49 56
28 35
45 60
75 78
37 42
12 19
12 18
85 95
14 20
15 27
19 22
32 49
11 15
84 90
73 81
86 96
64 71
8 11
88 94
39 52
84 90
48 51
14 20
18 31
6 13
28 49
11 29
88 98
49 52
41 46
26 52
37 42
22 27
43 47
21 38
18 31
24 51
55 99
3 12
30 34
2 4
41 61
10 18
52 61
4 6
95 97
82 94
81 100
66 84
58 71
3 33
22 29
22 74
56 73
22 38
66 80
48 59
13 26
83 86
42 47
34 47
72 92
64 70
60 74
33 60
78 96
75 81
45 50
74 85
12 20
26 37
79 89
15 30
46 75
53 68
80 89
50 60
66 70
77 86
48 62
39 49
9 15
9 24
50 52
63 65
86 89
66 73
22 29
40 50
52 57
8 19
35 57
67 100
87 94
60 64
47 66
69 83
3 7
54 90
42 49
39 42
6 10
52 59
20 40
59 66
26 38
33 44
9 11
69 77
17 22
26 37
60 65
86 92
44 61
13 23
76 86
22 33
19 27
76 82
3 16
51 59
30 57
46 53
78 88
33 37
27 39
44 47
10 25
14 23
45 60
57 74
6 18
56 69
18 36
4 21
17 25
21 29
19 29
75 95
34 53
45 47
53 66
34 36
68 85
51 63
31 34
71 75
38 51
5 10
8 31
71 79
83 89
33 39
16 22
22 28
94 100
13 21
39 43
18 31
49 60
63 71
80 99
37 44
26 31
9 11
29 40
74 76
47 52
59 76
82 87
33 48
26 34
10 18
77 84
49 55
23 30
18 28
89 98
32 37
88 95
96 99
78 85
60 66
82 88
11 20
84 97
74 78
80 91
9 19
64 84
65 90
69 74
2 9
74 83
41 51
72 86
28 35
47 51
54 67
78 84
55 60
3 9
85 92
59 72
27 39
5 9
27 38
2 22
2 17
5 42
94 97
23 33
73 80
3 6
25 32
70 83
46 49
48 60
76 82
13 19
46 59
85 95
45 58
76 92
28 40
63 76
69 80
38 46
49 56
29 37
38 54
63 74
46 52
56 63
84 91
30 40
74 92
57 60
49 54
37 40
66 82
31 37
42 48
13 21
7 14
57 67
10 24
21 36
10 21
65 69
48 60
57 63
59 74
62 74
15 41
90 99
40 56
32 41
34 41
54 61
5 10
14 21
51 67
49 58
10 20
9 16
14 33
55 57
77 87
38 53
4 9
4 10
27 35
5 19
88 97
6 8
61 80
87 91
61 70
56 67
31 34
77 92
33 42
23 29
29 38
51 59
69 86
14 41
58 64
45 62
68 76
8 14
22 39
18 28
54 66
61 67
20 31
51 67
71 76
16 29
20 26
55 68
67 81
38 56
87 90
45 62
38 50
86 96
88 99
40 43
11 26
62 80
60 85
11 13
3 11
31 44
42 56
29 37
68 75
69 92
54 57
85 99
28 34
3 13
27 34
46 55
58 75
56 58
53 60
59 70
34 41
57 66
24 34
42 57
47 50
32 37
20 25
10 16
13 17
39 46
48 58
19 24
15 28
10 14
91 96
64 66
70 76
82 92
46 51
13 29
37 43
39 52
22 26
52 58
52 62
2 8
85 87
61 76
48 53
26 30
70 85
65 69
50 70
66 75
38 45
39 56
50 55
79 87
31 38
86 95
66 78
15 23
13 23
15 21
3 6
63 72
35 52
14 16
71 74
1 14
31 46
60 69
51 67
61 74
63 74
94 96
13 21
40 65
46 58
44 64
39 54
84 93
23 42
58 62
42 50
21 27
30 45
31 43
6 14
33 47
11 31
49 56
63 71
72 82
13 20
54 59
20 41
19 23
8 16
5 12
73 84
94 99
29 40
19 24
44 54
90 99
43 48
58 76
7 17
46 60
8 23
83 98
69 72
94 96
53 57
77 84
67 71
24 33
91 97
67 73
66 73
4 20
33 42
26 38
32 64
30 42
10 23
18 21
35 50
45 73
24 26
70 81
24 36
56 58
44 49
41 50
21 26
59 82
41 50
87 93
5 11
64 74
57 68
4 11
79 87
30 33
5 13
81 100
46 56
26 29
95 96
68 78
14 28
7 25
10 19
79 89
90 93
36 73
28 63
48 77
71 84
30 44
1 12
74 86
19 26
17 43
35 38
92 98
53 63
63 69
77 86
39 52
25 44
19 36
64 67
11 24
28 36
75 83
76 82
8 14
68 77
32 37
85 91
46 54
10 19
28 35
44 50
9 35
19 25
74 85
51 59
59 68
4 19
5 27
73 75
39 44
23 28
3 73
9 27
73 80
91 95
37 42
17 21
60 65
1 8
19 21
23 37
55 65
20 28
36 44
85 88
65 76
79 90
78 85
50 66
63 85
64 71
39 44
77 90
57 64
19 22
63 75
44 47
52 62
2 8
61 67
15 33
32 38
69 81
80 88
17 31
46 60
15 26
84 96
39 47
35 40
27 43
71 86
88 99
28 35
76 82
70 92
22 30
39 48
74 78
63 65
54 67
74 80
27 37
90 100
6 18
70 74
60 66
61 70
46 64
27 35
49 69
19 27
14 25
41 44
50 64
69 70
15 28
84 88
80 85
73 76
58 66
81 91
39 45
40 47
63 67
77 93
49 59
63 86
12 29
21 47
28 50
7 16
89 93
63 79
36 41
17 25
30 37
13 22
62 79
69 74
27 35
30 38
42 59
60 83
74 84
42 45
20 24
4 19
38 47
3 22
46 54
12 28
72 85
61 68
14 48
34 85
81 93
32 46
35 45
41 52
4 41
78 89
56 65
28 42
1 8
7 9
2 13
60 76
88 99
3 10
24 39
29 60
78 82
26 34
44 50
89 94
1 17
12 47
39 55
28 39
41 55
82 88
4 9
74 83
66 79
23 39
33 39
91 94
57 63
29 40
72 83
9 21
51 56
83 93
26 33
9 18
12 20
10 22
12 16
86 97
76 80
17 24
53 61
65 67
64 75
69 91
28 51
53 57
78 91
52 56
66 73
75 90
94 99
33 43
68 84
79 86
61 68
28 44
60 69
38 41
36 47
75 78
70 79
66 79
5 17
74 87
69 93
34 40
30 71
23 56
74 84
22 43
9 18
21 28
45 51
16 30
5 16
8 9
57 63
7 11
66 72
22 25
50 74
60 68
94 100
79 91
6 14
31 44
6 17
70 82
53 63
16 20
51 55
21 33
26 34
37 47
84 91
26 30
32 46
72 85
78 86
18 24
37 50
23 44
50 54
26 31
2 18
60 71
70 73
8 15
44 60
28 32
59 64
50 59
48 67
33 37
8 22
41 51
51 55
2 8
42 46
56 63
22 23
66 71
39 41
44 54
48 71
71 88
4 21
78 86
40 47
17 25
20 33
26 35
38 55
42 57
85 90
39 49
65 83
28 40
38 52
11 27
60 86
7 18
61 79
25 37
31 43
50 55
21 50
1 43
60 79
54 68
48 57
65 79
8 19
69 73
71 84
31 39
19 27
69 72
92 100
64 72
1 9
31 43
42 61
11 20
25 34
56 82
15 43
12 13
18 45
53 66
55 67
19 47
36 45
30 47
67 74
9 22
5 12
56 61
13 28
45 70
25 47
16 19
2 10
28 34
18 36
65 67
48 66
79 87
55 57
90 96
42 52
24 42
69 75
64 69
6 18
43 54
5 15
49 55
59 72
66 72
36 54
84 93
5 9
70 77
82 95
78 86
79 100
87 94
39 54
43 63
31 55
91 99
91 97
41 43
8 14
82 96
27 37
84 89
27 38
37 40
5 34
9 25
41 66
43 58
67 79
48 65
8 16
54 61
51 57
88 94
31 43
38 50
59 67
32 45
88 99
86 96
12 22
28 38
68 76
22 43
94 100
2 13
4 11
16 24
31 44
46 53
63 91
38 43
32 35
36 40
4 9
23 26
68 84
51 61
8 10
13 14
81 92
31 41
2 4
16 92
25 35
75 81
22 28
55 63
37 48
69 75
11 19
22 38
40 71
6 16
17 32
15 21
30 43
13 21
57 64
62 74
89 94
67 84
58 70
10 12
24 30
74 84
19 27
82 94
70 77
23 46
4 9
41 46
32 59
85 91
28 33
19 27
5 20
50 66
83 93
44 48
36 55
41 49
52 60
80 98
87 93
85 100
59 67
68 75
14 18
72 83
25 33
4 8
47 51
49 62
67 76
31 45
61 79
82 90
28 50
71 80
82 98
23 26
80 82
28 33
69 73
58 62
88 95
27 39
8 14
66 80
32 36
13 25
55 66
27 67
79 83
31 39
17 23
66 74
34 50
43 52
84 88
73 86
74 83
55 57
66 83
70 79
54 65
90 94
33 35
49 76
30 35
65 68
25 47
34 47
86 89
45 63
6 10
47 62
10 24
76 78
19 37
9 26
12 19
3 7
38 43
60 62
14 18
25 37
64 74
41 51
57 77
79 96
89 92
87 94
20 24
29 37
51 56
40 48
41 61
56 71
37 47
68 76
52 59
26 46
31 52
4 60
79 86
36 43
22 35
92 97
79 88
8 13
68 82
28 32
29 34
62 68
8 12
14 35
4 14
31 34
2 12
60 72
54 63
55 59
8 12
18 27
73 88
82 90
64 74
61 67
74 84
46 83
63 97
70 87
25 31
34 43
14 23
22 38
18 23
53 63
51 54
55 66
48 58
38 47
75 84
21 56
66 70
68 76
40 53
85 92
14 30
13 35
75 98
82 97
58 63
69 89
61 74
37 39
82 86
27 36
81 90
51 58
20 27
2 13
64 77
32 36
78 82
64 75
45 59
27 38
16 23
72 84
28 39
48 56
71 77
71 80
41 49
66 68
11 20
24 42
82 87
43 52
72 79
74 98
82 92
23 36
90 93
25 26
77 93
45 49
52 57
64 82
81 86
67 72
2 18
33 47
77 87
53 61
76 96
97 99
9 22
4 17
25 37
42 54
25 36
58 69
52 75
31 58
55 69
36 43
27 32
96 100
73 79
59 65
87 98
63 78
41 53
47 53
47 51
29 43
79 90
77 91
85 90
20 28
56 59
30 44
10 18
39 54
29 32
87 98
70 82
56 63
6 18
27 37
63 69
85 91
32 43
19 42
3 25
47 53
94 98
40 47
43 47
21 75
13 25
93 95
48 55
54 64
10 21
55 58
42 57
75 89
59 70
77 87
44 61
61 67
48 60
30 36
18 29
28 78
26 31
55 62
7 19
58 65
63 68
45 48
78 88
48 51
58 66
80 84
57 74
20 27
64 74
67 78
32 33
47 53
77 89
45 50
3 23
79 83
40 46
68 80
90 93
78 95
14 22
19 20
36 44
66 75
66 82
4 23
5 10
37 45
36 47
66 70
24 35
42 67
46 63
78 92
29 59
72 83
96 99
53 63
86 97
60 75
92 95
90 98
84 95
94 98
77 84
8 17
71 86
51 67
76 86
22 36
30 58
42 54
68 72
81 86
60 66
93 100
42 47
43 52
67 76
12 21
92 96
60 66
65 70
71 94
13 21
74 86
18 38
30 37
44 52
14 31
41 46
76 87
48 66
77 85
33 41
19 33
80 86
10 19
61 72
39 55
35 38
92 95
4 26
32 44
77 83
27 30
26 36
71 74
35 40
37 45
27 38
55 74
35 42
82 88
9 16
24 27
65 70
4 8
58 67
20 56
35 46
86 90
39 49
61 75
38 43
39 47
60 65
77 83
97 100
10 16
58 62
31 49
90 100
91 98
2 8
25 36
16 26
71 75
4 16
82 85
29 35
43 50
31 38
15 23
2 13
78 86
17 29
91 100
51 60
82 90
49 64
11 14
57 69
7 17
27 40
71 77
68 76
83 88
78 93
73 84
50 70
14 51
47 60
46 58
27 57
28 35
18 28
31 42
11 17
23 38
11 31
48 52
19 47
36 52
32 38
58 63
74 91
75 88
23 34
60 66
47 50
64 75
32 43
93 100
71 74
17 25
59 63
76 88
17 26
27 39
12 20
64 76
82 95
64 71
95 100
93 100
65 75
92 98
22 39
21 29
43 51
72 94
34 85
69 74
63 92
71 77
19 53
75 96
22 31
47 56
72 78
41 51
85 94
63 97
85 96
63 80
66 71
81 85
39 51
1 8
73 82
22 32
10 15
18 25
67 83
66 100
86 97
46 51
44 50
10 29
3 17
82 89
85 99
4 20
