100 20 20 4
00000000000000000000
00000000000000000000
00000000000001110000
00000000000000000000
00000000000000110000
00000000111100000000
11111111100000000000
00000000000000111000
00000000000000000000
11100000000000000000
00000000011111111111
00000000000000000000
00000011000000000000
11110000000000000000
00000000111100000000
00000011000011100000
00000000000000000000
00000000000000000000
00000000000000000000
0000100001000001000
0000100001000001000
0000100001000001000
0000000000000001000
0010000100000001000
0010000100000000000
0010000010000000000
0000000000000000000
0000000000000000100
0000000000000000100
0000000000000000100
0000010000000000100
0000010000000000100
0000000100000000100
0000000100000000000
0000000100010000000
0000000000010000000
0001000000010000100
0001000000010000100
0001000000010000100
4620
75 88
53 67
12 19
94 99
29 38
57 65
17 26
66 71
84 96
19 30
72 80
84 90
55 70
5 17
31 39
67 90
73 85
7 18
79 85
16 25
88 95
56 69
22 32
11 28
25 32
91 99
45 49
56 67
42 80
31 39
29 50
74 87
22 29
34 48
45 51
49 93
54 63
46 50
64 69
30 33
70 89
17 20
20 25
8 18
76 81
60 70
10 22
17 23
66 72
83 87
37 43
11 23
49 57
47 53
86 95
74 77
46 57
63 67
55 59
42 58
60 69
84 87
60 66
26 48
76 90
85 95
80 84
33 67
38 58
29 30
64 67
4 27
81 83
72 86
79 98
14 32
73 95
48 62
24 62
94 99
65 82
32 38
34 41
84 87
25 28
11 13
50 64
87 93
41 60
73 87
86 89
34 39
33 52
56 66
27 33
85 90
80 87
82 89
6 12
43 51
47 56
63 65
68 84
31 42
27 46
60 80
4 23
28 35
43 52
48 51
38 47
28 41
2 17
29 47
53 64
10 17
18 29
64 81
24 42
43 51
48 57
51 76
75 89
23 35
32 36
83 89
78 86
5 14
38 51
62 92
33 40
2 11
55 58
54 68
42 45
63 65
79 93
35 72
51 66
28 30
67 73
72 88
2 4
28 36
69 98
17 20
35 46
60 82
55 70
52 68
47 60
40 42
71 99
65 72
67 71
55 76
12 22
63 74
4 29
36 39
39 47
97 100
75 84
13 16
56 59
6 12
20 23
34 43
49 66
44 83
74 97
73 84
74 78
17 40
66 72
70 82
66 71
76 84
3 11
34 52
53 54
18 22
71 75
76 85
80 87
13 19
69 77
37 45
67 88
61 65
68 74
16 20
72 83
71 80
64 75
35 50
40 60
68 77
64 70
8 36
57 63
14 23
8 15
78 97
33 41
66 77
54 71
82 94
28 68
37 46
8 30
28 42
70 72
67 72
68 73
36 45
79 92
22 38
2 10
83 87
92 95
51 55
78 82
53 57
74 81
75 82
77 84
64 72
56 63
56 65
44 51
54 77
41 59
75 85
79 84
63 65
17 21
46 58
10 25
49 62
78 99
75 83
70 74
60 67
65 77
5 25
25 30
71 83
54 66
49 64
50 63
53 78
50 84
73 83
63 65
8 15
37 51
7 14
30 35
28 39
55 74
14 26
60 76
35 40
76 98
83 94
73 79
89 91
13 65
20 30
12 28
40 83
34 36
39 45
7 22
3 10
77 82
35 38
42 54
14 20
33 48
44 52
36 40
83 90
5 20
11 14
20 34
23 35
72 73
68 78
58 66
4 22
67 80
16 23
24 35
88 100
64 79
34 43
45 51
65 68
66 69
91 100
76 98
57 72
64 71
14 27
69 81
14 22
85 88
14 22
80 89
51 60
47 55
67 86
28 36
47 63
29 34
1 10
84 86
90 95
63 86
4 25
63 76
43 55
87 91
17 28
31 41
66 70
37 41
5 23
9 14
70 80
44 71
51 57
5 15
16 21
9 12
38 51
10 22
29 36
42 63
10 27
24 33
22 43
43 58
70 73
6 32
6 16
7 8
5 13
6 17
11 18
86 92
57 89
52 65
24 46
86 99
43 59
3 19
71 79
16 21
39 54
19 21
47 70
49 57
58 84
44 50
17 28
40 46
26 47
1 4
65 85
88 95
44 50
69 76
59 62
27 38
90 92
25 39
61 80
22 26
36 52
69 77
23 28
72 76
38 46
50 57
78 85
13 19
7 12
48 62
20 32
51 59
68 77
50 59
11 22
45 52
34 55
19 25
49 62
54 63
77 94
59 62
63 99
67 74
80 86
79 90
25 43
81 82
51 57
18 31
28 59
40 63
47 51
39 58
57 63
37 40
1 12
44 50
48 59
29 37
45 53
61 68
28 53
83 94
13 33
31 41
70 84
35 63
41 66
50 53
47 56
47 58
52 63
40 55
78 82
14 25
72 92
41 48
88 90
7 15
6 9
37 49
25 35
70 79
50 78
35 46
32 48
30 39
26 36
57 67
14 29
44 49
10 19
52 58
37 62
45 53
76 85
83 98
58 60
34 44
16 29
74 79
62 69
34 41
1 12
5 13
70 85
27 43
32 48
73 93
66 69
16 19
52 61
19 26
81 91
11 12
18 24
68 77
61 70
5 9
56 64
76 83
17 20
22 40
23 30
34 42
57 79
92 97
60 63
40 61
29 37
32 39
84 92
13 21
50 57
60 75
84 93
28 53
55 76
21 37
29 44
88 98
23 37
41 44
44 49
61 65
52 61
12 29
8 12
64 74
81 95
10 18
64 76
9 20
69 80
59 72
57 72
53 58
21 32
66 69
83 91
35 43
22 26
64 83
63 69
80 88
87 91
46 59
86 87
13 24
41 56
53 56
69 92
35 44
69 76
12 18
13 18
30 47
38 40
30 34
22 28
43 49
35 49
44 59
22 35
41 49
87 89
45 79
86 97
9 17
16 29
49 54
67 78
36 45
34 47
57 70
17 23
57 70
70 86
29 45
68 80
27 45
66 76
1 3
50 60
17 23
34 40
26 36
71 84
85 99
13 20
33 36
9 14
84 91
6 11
70 82
41 45
64 75
9 29
6 24
52 58
53 72
28 30
37 43
8 18
75 79
34 42
53 56
66 71
24 35
33 34
77 86
4 12
42 48
61 69
53 58
25 32
1 6
10 20
51 57
52 56
18 33
42 51
64 95
95 100
77 85
78 97
81 93
50 64
75 86
12 34
57 65
37 44
82 98
79 82
36 49
10 56
30 44
12 16
1 10
86 89
67 70
38 48
5 15
44 64
92 98
47 60
59 71
76 81
1 16
11 16
77 99
41 45
20 59
20 26
25 34
31 42
81 92
91 97
77 86
57 58
72 79
55 61
20 22
63 70
82 92
22 40
57 78
76 90
54 59
50 56
33 48
25 49
10 24
72 79
27 45
37 46
48 64
30 64
76 88
12 21
81 89
82 91
77 88
54 57
16 28
92 95
73 92
59 74
88 94
30 44
59 69
41 64
53 61
33 40
68 70
51 64
47 65
76 84
94 100
75 87
38 41
19 49
80 89
44 60
56 65
3 11
9 17
83 91
75 86
54 73
45 49
68 74
26 38
49 61
10 33
29 37
4 11
6 11
22 29
2 17
57 60
12 16
3 12
37 47
55 59
54 68
53 81
7 17
72 88
11 18
26 31
37 64
17 26
27 29
81 88
25 36
46 52
28 33
68 73
36 41
40 58
64 77
63 67
69 75
28 37
69 75
81 91
21 30
64 75
6 12
80 89
61 78
20 26
78 85
46 60
32 35
61 85
7 18
74 89
68 74
11 42
6 11
12 20
29 47
45 49
22 35
36 53
68 71
3 8
74 83
45 76
74 90
24 36
79 84
73 86
91 95
12 18
34 40
85 96
10 20
73 84
27 32
5 16
38 42
31 38
34 53
55 60
80 92
75 100
28 35
33 37
29 40
75 82
53 60
6 13
22 26
25 46
54 60
44 46
5 21
67 75
64 68
62 66
20 44
79 91
57 77
19 23
22 36
5 13
41 50
92 96
88 94
82 90
65 71
17 19
28 33
28 36
4 10
78 85
13 24
95 99
37 49
9 39
58 65
63 67
43 71
90 97
12 24
45 53
14 28
14 18
9 17
38 43
54 65
12 15
76 91
73 81
83 94
25 34
15 18
41 46
70 98
3 13
21 23
71 77
27 33
13 16
49 66
81 87
6 14
52 65
83 90
75 79
60 63
49 63
68 74
22 25
30 39
30 41
94 96
42 47
23 43
65 69
90 97
34 42
54 68
71 95
88 93
25 31
91 94
35 41
83 91
56 63
7 16
5 13
85 98
74 88
7 36
13 24
67 76
5 13
96 98
43 53
18 22
68 80
85 96
30 41
10 14
55 72
32 37
91 97
72 82
2 13
32 41
34 37
73 85
19 29
64 67
29 42
8 38
78 85
2 23
12 15
84 98
59 61
82 87
20 41
6 10
92 95
46 62
83 96
22 31
40 50
43 54
21 36
61 74
58 68
72 83
51 54
5 30
82 100
7 15
41 58
54 62
59 64
23 30
50 62
88 94
51 63
50 58
22 33
20 37
29 42
84 98
88 99
62 64
61 79
54 60
67 74
83 85
34 48
76 95
45 53
64 67
60 66
91 100
18 30
9 24
38 80
35 42
76 81
53 56
50 67
65 82
32 38
51 60
68 70
26 36
64 68
26 28
22 33
93 98
63 83
49 61
78 93
82 91
83 96
82 88
97 100
7 16
43 55
62 70
71 77
52 61
36 46
8 18
4 21
14 20
80 87
51 59
34 39
1 11
56 72
56 62
32 37
28 32
26 37
1 17
86 90
44 83
29 33
5 13
37 47
52 58
64 72
25 32
60 72
20 32
45 49
23 27
47 55
25 31
37 44
34 39
78 81
94 100
82 87
64 88
82 99
9 20
93 99
1 2
92 95
10 16
15 26
59 71
37 46
58 63
17 34
18 32
2 13
71 77
9 22
26 42
30 46
50 68
19 22
52 77
65 74
90 100
60 68
82 91
20 41
57 65
13 20
32 43
9 15
42 56
76 89
29 51
22 36
6 15
28 34
11 25
91 97
70 86
73 80
77 95
35 47
14 17
45 59
76 83
24 27
78 83
26 32
23 30
88 98
82 96
57 77
44 61
82 92
82 87
32 44
14 19
24 30
46 56
7 19
18 25
44 56
39 47
13 23
76 92
92 94
48 56
64 74
1 17
71 85
72 86
28 42
8 12
61 69
25 80
26 60
23 32
47 73
83 89
91 93
8 17
20 42
12 22
44 59
21 32
60 65
33 47
81 89
86 91
35 43
61 89
24 36
45 54
55 64
63 64
6 11
18 29
84 93
3 11
73 92
43 50
85 94
34 43
78 98
18 32
90 94
57 70
18 34
19 21
67 80
65 72
38 49
50 53
87 100
14 21
74 83
42 46
33 38
52 60
67 91
32 37
68 76
10 16
10 16
84 98
43 50
53 62
35 46
53 82
7 19
59 69
75 83
1 14
32 45
75 79
7 12
6 13
78 99
23 26
63 71
85 97
23 54
24 33
96 99
76 88
26 36
5 14
15 26
14 17
23 30
7 15
4 21
67 69
26 64
77 84
54 59
40 53
28 33
49 54
6 33
42 47
54 63
44 71
75 89
39 44
93 97
24 28
53 66
71 83
91 95
58 70
54 64
25 30
61 73
57 72
25 31
6 10
62 70
68 79
52 61
62 74
7 13
53 69
44 56
48 61
32 38
76 80
9 19
59 68
34 53
24 49
74 78
63 72
15 23
60 62
63 72
19 34
53 61
82 87
41 47
30 45
89 94
5 19
1 12
83 92
42 68
24 34
30 38
9 14
52 56
13 21
8 20
59 66
53 54
12 16
14 19
49 61
28 38
7 11
84 94
53 61
16 25
4 10
29 43
55 80
42 56
66 72
10 17
48 57
46 47
23 29
64 71
34 52
78 89
87 92
52 61
75 88
32 45
71 85
35 52
47 51
20 26
89 95
38 49
7 21
68 90
36 74
21 27
58 66
71 94
43 57
60 67
36 42
29 33
51 53
61 64
64 73
49 56
35 38
73 76
77 84
17 23
6 8
5 15
68 81
9 27
91 95
48 63
42 51
63 73
10 23
67 71
80 88
45 72
33 59
63 88
71 74
79 87
27 33
31 41
60 69
14 21
76 97
62 72
84 100
55 67
22 34
46 52
25 39
8 12
35 59
92 100
33 46
53 65
26 52
45 63
60 62
44 64
89 97
35 44
54 59
34 41
15 23
8 40
3 7
32 43
42 44
40 56
38 45
53 73
66 71
76 91
88 97
14 20
47 53
89 92
84 97
57 62
50 58
3 15
24 36
25 47
28 52
33 47
45 52
15 23
1 5
85 89
55 59
52 58
4 10
73 77
24 30
17 32
53 59
9 15
9 18
77 99
53 65
28 46
4 12
60 67
34 48
61 67
50 74
5 16
77 86
40 51
66 79
14 39
16 21
19 35
39 51
15 21
66 95
20 27
59 70
26 30
15 19
55 70
71 78
27 30
67 80
58 76
11 17
71 77
51 61
28 38
47 57
48 64
54 58
63 75
75 94
56 64
63 76
67 71
51 64
19 23
14 33
36 42
32 36
42 50
32 45
52 58
8 17
5 14
28 33
77 81
29 32
82 88
19 47
4 14
24 45
66 74
79 93
76 79
9 20
23 44
6 15
22 29
30 41
21 25
32 43
70 88
76 81
46 53
17 34
45 60
9 14
6 11
14 20
6 17
63 69
19 27
24 31
57 64
86 91
27 34
22 43
6 22
67 73
98 100
35 38
27 33
74 79
40 46
82 88
54 55
34 42
74 79
84 92
10 16
47 58
88 97
61 68
68 78
55 72
49 58
85 91
12 23
44 60
16 21
64 70
37 53
5 24
38 45
24 35
15 23
49 52
51 58
76 84
90 95
71 79
82 84
15 28
34 44
37 54
55 59
50 74
6 11
38 42
20 28
74 90
82 89
57 59
43 57
43 46
45 58
76 96
19 34
55 65
23 28
6 25
56 83
88 95
78 83
73 84
38 61
87 100
87 96
73 77
11 22
82 87
82 86
58 84
75 82
18 25
8 23
76 81
11 26
53 62
45 49
60 75
22 34
18 20
13 27
20 30
6 22
70 90
44 55
50 62
39 47
41 44
10 25
19 36
9 23
11 17
66 73
79 87
44 52
43 56
32 61
30 34
35 69
32 41
44 49
40 57
66 89
62 72
58 66
11 22
35 41
36 46
28 40
21 23
47 53
6 12
32 43
7 8
21 27
58 85
46 51
44 47
88 95
82 85
66 75
32 38
49 62
66 82
72 84
87 94
2 6
20 26
88 100
40 50
9 18
5 12
21 24
69 78
38 55
14 42
50 59
45 53
68 85
17 31
43 59
25 33
34 52
1 18
75 77
38 50
47 54
33 46
79 98
58 67
52 56
57 64
80 89
75 77
48 55
53 58
42 59
30 36
89 98
22 31
17 34
47 59
43 52
92 97
31 46
70 79
2 4
30 39
1 16
77 88
67 84
93 97
46 56
8 28
29 40
52 69
42 51
90 98
81 89
36 41
5 17
14 26
84 88
26 45
23 41
5 21
38 49
13 27
17 20
33 36
21 24
90 98
11 16
86 95
81 84
61 69
4 19
32 38
79 89
65 94
50 58
14 19
2 8
54 65
73 81
62 72
42 48
79 97
31 44
11 26
83 99
61 75
25 30
46 56
78 83
76 93
79 90
12 31
25 30
5 20
8 32
82 95
65 76
60 73
66 80
68 80
60 74
27 32
84 95
11 37
2 28
48 50
21 32
71 79
1 6
38 44
65 86
11 25
64 68
10 38
64 69
60 64
73 86
7 8
70 77
44 49
55 69
2 5
25 30
68 74
7 15
72 76
52 58
8 21
35 41
82 90
82 89
65 76
61 70
16 19
73 79
80 90
14 32
53 66
27 35
44 84
10 16
93 95
36 42
75 91
46 53
39 80
52 57
23 32
73 81
10 14
76 99
8 16
83 88
55 59
13 25
59 64
79 95
1 11
38 40
72 81
89 96
58 62
48 54
20 35
6 14
75 80
36 44
73 79
77 83
29 52
56 67
85 96
91 95
11 22
70 78
87 89
57 67
69 72
39 40
71 75
70 77
6 22
69 75
71 83
54 78
32 37
22 29
24 40
59 63
59 76
47 57
16 18
92 99
55 85
23 29
45 58
81 84
77 97
64 75
18 37
53 64
46 48
24 36
63 66
52 60
86 91
3 27
75 84
27 34
7 17
45 55
40 45
63 70
46 51
2 19
27 41
60 71
73 97
64 68
67 74
42 53
52 64
31 36
39 45
56 65
18 24
9 13
46 51
72 85
26 32
54 60
76 80
66 79
70 89
35 42
7 44
26 33
57 61
24 51
35 36
69 78
32 43
81 85
74 78
52 62
71 80
9 32
30 46
48 53
74 87
60 65
13 20
15 18
28 41
50 61
54 56
10 17
18 28
70 85
64 82
67 72
1 16
14 16
90 100
73 87
51 59
54 67
48 65
32 75
60 63
30 33
36 52
23 34
61 64
66 67
6 29
8 20
38 66
91 98
28 36
81 94
75 79
18 26
47 55
52 63
73 83
66 88
34 37
59 66
34 42
25 37
78 80
24 34
68 86
64 69
18 24
3 10
1 11
22 33
15 23
88 93
10 24
23 27
30 39
41 53
32 41
1 9
9 19
8 19
15 37
24 33
34 42
66 78
74 77
56 63
33 38
90 96
82 98
12 21
50 53
24 36
15 26
34 42
89 95
3 10
10 22
16 19
21 42
29 45
28 39
27 32
68 79
8 13
63 68
6 8
36 49
78 82
68 80
63 78
31 52
15 31
15 22
41 45
24 35
90 100
40 44
11 19
74 88
28 61
66 67
27 36
94 96
37 50
24 35
19 29
25 38
14 26
8 11
45 50
30 44
41 50
42 54
73 78
38 46
70 77
86 94
66 83
24 61
13 35
84 97
28 37
34 39
54 56
56 66
24 52
83 87
66 73
43 48
59 66
61 78
73 81
69 74
49 56
3 12
68 85
41 51
6 11
33 38
60 65
4 14
41 53
62 85
40 55
28 35
15 21
1 9
83 92
49 54
55 65
87 98
40 44
80 82
24 34
76 88
14 20
28 33
53 56
89 94
41 45
11 14
23 34
50 54
6 19
94 100
33 36
77 92
54 85
12 14
39 51
64 79
82 92
28 39
32 33
4 20
83 93
79 94
16 18
73 85
44 50
62 69
62 74
55 59
65 75
85 91
75 78
80 92
81 90
59 67
39 51
39 49
59 72
58 69
61 77
20 24
38 43
62 69
78 89
30 38
61 71
24 32
29 40
7 11
76 88
66 80
15 27
84 99
9 27
16 26
12 20
56 65
33 60
25 31
11 24
37 43
3 9
4 13
68 76
16 21
42 46
3 21
83 99
52 61
4 5
25 42
41 53
58 76
57 63
76 77
1 10
24 31
44 46
4 10
48 65
77 95
20 28
60 68
45 62
39 42
68 79
68 82
45 51
42 49
77 86
46 57
42 44
39 43
74 84
87 93
14 17
27 32
43 63
41 49
12 18
72 88
2 24
23 33
82 86
6 14
60 67
87 92
16 23
19 29
17 23
60 71
17 23
9 17
11 18
75 99
37 46
30 53
1 13
47 58
65 77
19 20
85 90
51 61
77 84
44 56
42 53
21 25
56 66
79 87
17 22
32 39
31 35
74 77
21 27
2 8
37 51
64 69
41 61
12 52
97 100
8 18
80 94
22 40
36 42
11 22
68 72
67 73
4 18
78 98
5 12
16 18
38 47
16 27
96 100
88 97
49 67
92 98
72 81
72 78
2 25
23 36
4 8
28 46
33 45
37 44
14 19
27 28
19 31
3 7
29 32
15 38
43 56
29 43
77 95
36 49
61 67
26 33
53 89
72 90
31 64
13 19
85 89
56 63
52 57
70 81
75 84
50 87
15 28
35 42
58 62
53 60
58 67
28 47
72 82
2 8
64 68
14 18
22 25
38 45
27 33
1 21
22 57
80 84
30 34
89 99
10 19
78 94
5 21
90 99
50 56
73 77
39 69
4 12
1 17
50 69
55 67
53 67
86 97
23 51
87 97
32 36
26 31
35 40
27 37
18 27
21 47
39 41
72 80
4 13
11 25
33 41
41 47
61 78
54 68
62 71
55 61
48 52
1 9
63 73
23 32
34 47
59 83
4 9
18 25
28 34
30 44
32 37
32 54
42 55
83 90
39 54
29 36
13 26
62 67
61 63
85 93
79 83
73 85
1 7
32 35
77 92
5 14
47 53
7 19
23 48
57 65
37 41
6 18
41 46
66 77
14 23
91 100
65 72
8 13
46 51
14 34
49 84
46 52
23 31
39 48
56 61
10 18
67 81
75 92
23 27
28 40
50 56
15 18
17 20
70 79
29 34
22 24
62 78
25 47
31 40
77 98
36 45
93 97
57 67
53 56
82 88
48 58
17 30
95 99
78 82
30 48
23 35
38 58
91 97
42 72
13 15
27 43
48 52
34 37
41 46
41 50
1 4
53 60
1 10
45 51
76 94
79 88
68 76
63 81
47 62
85 99
15 26
53 58
39 55
61 65
45 51
81 89
67 78
62 69
61 65
16 21
14 23
91 98
33 48
12 35
35 43
80 88
58 62
87 92
22 33
37 80
6 11
28 49
28 33
39 49
5 13
37 56
27 46
55 76
21 31
17 43
57 79
73 76
44 46
6 16
38 40
72 78
58 65
53 63
50 56
15 22
42 53
66 83
87 93
7 18
61 72
77 83
49 55
2 20
15 22
51 76
39 43
78 83
37 42
78 82
87 94
69 78
49 69
43 47
51 58
66 92
3 55
77 86
30 42
29 41
47 60
75 82
36 44
17 26
70 75
17 61
38 65
85 90
92 100
54 57
46 63
61 64
77 86
67 73
52 64
67 69
13 24
79 91
35 52
94 100
25 33
55 63
47 54
35 51
21 28
82 89
45 53
61 86
43 47
88 91
47 62
62 70
58 62
43 55
64 73
47 56
31 36
73 93
11 15
73 87
70 75
47 48
3 39
66 67
86 91
8 12
39 41
21 33
90 100
28 29
44 58
58 61
40 69
36 48
42 49
41 51
46 60
85 96
85 97
63 75
62 73
65 75
90 97
12 15
81 86
57 61
77 88
12 31
47 49
7 14
46 53
7 13
83 100
9 17
24 31
44 52
3 5
81 87
78 94
68 79
47 58
23 33
75 93
61 76
43 57
92 97
57 61
74 82
46 48
68 82
8 17
25 43
32 39
77 86
36 42
36 46
58 66
56 62
93 98
56 75
22 48
6 17
44 52
92 99
48 83
58 81
78 90
11 26
47 58
77 89
47 65
63 68
4 23
80 88
44 46
46 60
35 49
93 100
2 12
50 59
95 97
24 36
49 52
20 34
9 17
49 53
80 82
90 96
36 46
75 80
61 65
36 68
64 77
53 60
56 66
30 45
85 93
19 40
28 32
45 56
32 38
82 97
55 85
6 20
42 45
44 60
22 31
4 52
90 92
5 16
65 73
20 27
3 25
59 74
89 93
48 54
9 15
34 44
11 36
71 78
13 15
52 83
68 76
60 76
77 80
36 54
70 76
8 12
61 70
15 21
91 95
32 38
30 49
4 20
56 66
59 70
40 72
48 54
29 35
45 61
24 38
64 79
35 50
62 68
48 64
48 53
55 66
76 87
71 80
22 32
45 85
40 41
43 60
57 69
14 32
73 78
8 13
15 34
44 47
23 33
79 87
73 99
48 54
71 83
11 16
41 47
53 68
9 18
13 20
38 57
8 12
85 93
75 87
41 56
40 68
66 74
27 40
59 64
27 36
70 83
48 61
50 54
33 43
8 38
5 9
9 37
31 41
17 27
67 83
25 30
48 54
62 77
72 79
46 61
67 71
28 39
37 44
49 69
67 77
42 51
58 67
32 60
26 31
24 30
78 84
26 32
33 38
64 68
78 81
35 44
27 32
55 60
62 71
25 37
84 90
53 68
48 55
35 43
30 49
5 13
14 19
29 49
28 33
62 66
40 43
8 15
20 27
96 99
88 94
4 15
50 57
33 38
68 74
23 35
65 72
82 94
70 98
3 10
57 64
23 27
83 92
46 59
43 57
6 21
67 88
17 22
27 34
57 63
3 9
18 23
36 47
3 8
48 53
15 25
23 52
31 38
14 21
61 70
81 84
34 39
5 12
58 86
5 10
37 41
61 69
11 29
75 82
35 45
87 100
5 8
77 84
43 47
65 78
63 69
71 79
62 70
6 15
5 32
49 63
58 72
9 14
4 28
69 77
20 52
41 84
77 80
33 42
74 85
53 63
76 88
54 66
67 80
49 61
88 91
5 13
33 52
25 37
63 76
48 58
8 24
52 68
52 70
79 88
44 55
22 34
54 60
60 66
8 20
77 91
15 18
9 16
13 22
47 57
65 77
2 18
62 66
16 19
29 37
48 59
60 64
25 28
72 83
84 96
11 14
55 61
38 41
21 26
14 27
41 52
74 86
53 69
2 17
72 78
64 91
65 73
40 57
48 54
3 24
13 28
80 87
4 13
13 36
67 72
78 88
27 38
32 43
35 44
66 91
70 80
43 70
64 79
48 64
19 35
45 53
60 75
43 50
57 61
56 64
63 69
45 62
54 67
62 71
83 88
31 34
17 85
7 33
13 26
20 36
8 27
89 99
13 24
57 63
54 63
10 23
9 22
31 37
71 82
39 64
84 94
73 78
66 74
35 49
2 5
20 41
42 48
33 40
48 55
58 67
35 56
71 77
22 35
11 26
55 86
21 37
17 22
57 74
82 88
40 51
35 58
23 36
84 95
34 44
37 40
36 53
7 21
61 73
67 89
88 100
24 35
32 46
29 46
37 44
74 83
47 71
56 66
59 100
19 26
44 50
75 79
9 18
31 38
23 32
71 80
78 85
87 91
74 85
4 8
17 23
88 99
18 35
21 26
11 33
2 9
21 28
65 71
54 59
46 50
13 20
56 64
60 79
55 59
46 65
18 20
81 88
54 62
17 26
34 40
42 72
17 23
57 69
12 17
1 11
7 22
76 80
62 75
90 97
85 95
16 23
15 27
9 20
44 57
18 33
68 75
18 43
1 21
62 70
55 56
57 61
3 9
81 89
45 57
37 48
82 87
6 22
52 59
12 19
9 18
12 24
68 92
85 93
61 68
86 87
71 87
27 40
46 62
88 98
41 56
52 71
70 77
19 27
62 84
14 30
34 40
68 82
44 48
26 48
90 94
15 28
12 16
69 76
6 16
9 12
62 67
39 60
47 54
70 79
77 83
79 93
52 63
25 40
47 56
80 86
43 54
81 95
3 16
64 88
23 32
37 43
78 87
79 92
64 87
41 58
16 22
14 20
50 62
62 65
88 99
22 30
33 41
70 90
15 19
23 42
32 40
38 41
34 42
20 24
16 22
77 83
36 52
61 80
22 36
72 78
76 88
12 28
67 77
73 78
64 70
47 54
75 82
61 71
69 77
25 33
73 80
69 80
47 61
59 66
84 90
94 96
18 27
35 40
21 28
57 63
73 91
36 39
30 60
86 96
71 90
70 76
39 52
30 39
63 86
56 67
91 100
67 74
11 16
74 98
22 24
23 34
20 38
49 57
49 62
18 25
30 37
22 26
85 89
33 41
16 42
41 58
74 89
75 87
67 75
84 90
68 74
48 69
70 84
62 69
36 40
29 51
6 12
44 56
22 30
53 63
73 91
19 23
67 71
15 27
7 14
61 67
5 14
44 56
16 39
67 78
84 95
1 16
76 82
72 84
27 31
55 68
26 41
41 55
85 89
56 71
36 49
55 60
48 54
10 39
85 98
63 71
42 97
46 52
10 26
41 51
66 75
85 93
19 58
52 58
40 70
4 18
26 52
22 29
34 45
60 64
5 12
61 75
24 35
11 40
49 72
13 22
2 3
36 42
29 33
67 75
57 77
88 98
65 75
81 89
44 53
48 60
44 51
26 38
35 39
3 6
51 66
64 76
3 30
2 5
51 63
87 91
44 45
91 96
29 71
25 30
47 54
40 58
49 73
50 52
79 92
28 36
30 36
16 48
70 81
71 82
34 41
21 53
25 54
84 91
13 35
51 56
80 92
14 26
26 37
79 85
29 38
40 52
29 75
63 76
83 95
8 21
41 45
66 82
36 47
31 35
26 30
52 57
59 69
29 46
32 36
88 91
79 91
47 61
75 81
90 97
85 100
85 89
84 86
53 61
46 71
20 27
50 55
84 86
58 78
26 33
80 95
77 88
57 71
46 48
54 60
40 45
74 77
40 46
57 68
29 47
32 38
62 64
70 81
65 69
81 90
95 98
82 92
29 45
19 27
77 93
3 7
54 77
41 46
76 85
15 22
62 64
47 57
70 77
36 46
69 89
90 92
75 96
15 27
41 47
83 93
90 97
26 44
42 67
18 22
53 60
11 30
64 96
19 38
57 66
92 93
53 57
10 15
5 11
76 83
23 28
52 70
15 21
2 42
62 71
93 98
20 28
69 76
59 75
89 98
5 41
67 77
63 75
38 57
54 89
22 27
30 43
4 12
31 38
19 43
84 97
83 92
13 20
64 78
73 99
26 32
12 24
18 30
34 40
68 92
54 67
81 99
77 87
7 27
9 20
23 28
73 81
25 34
5 14
30 36
84 95
39 46
18 27
5 17
11 39
32 37
38 62
54 70
51 57
7 13
68 82
63 66
42 45
66 85
5 18
52 54
56 81
41 44
13 25
75 82
63 72
62 85
23 37
32 41
82 86
52 83
1 23
74 93
41 58
66 70
4 10
80 90
36 57
29 34
58 61
51 69
27 31
82 85
61 73
79 83
52 84
18 41
64 80
69 76
69 82
39 65
18 27
9 15
61 94
80 85
75 84
86 88
26 35
28 42
73 83
48 54
17 27
54 72
62 66
89 98
85 91
21 39
71 79
75 80
10 27
75 97
64 74
23 32
66 78
51 68
94 97
22 41
51 64
20 31
62 70
48 55
12 15
11 20
58 62
11 23
26 38
6 12
47 62
23 30
6 16
13 22
25 37
69 77
85 98
41 48
34 44
41 56
59 65
19 22
87 97
40 50
61 69
7 16
72 79
83 90
3 12
41 45
73 87
55 69
77 91
45 51
31 33
30 39
80 85
4 15
35 50
24 27
50 74
5 12
3 22
34 40
85 89
23 29
91 97
69 84
38 48
7 18
83 94
22 36
67 78
93 94
63 71
86 97
72 82
12 30
83 95
86 89
40 47
88 93
14 23
1 7
33 47
55 68
16 26
60 63
39 48
22 30
81 92
51 68
88 95
12 28
85 88
70 74
17 31
23 41
79 91
37 59
76 87
23 30
44 49
41 79
68 82
41 53
68 78
80 86
80 99
79 93
58 69
91 97
25 31
39 54
62 73
16 35
27 42
63 71
76 80
71 82
92 95
35 50
48 50
19 30
14 17
42 45
55 63
16 33
88 92
94 98
53 56
38 58
45 47
42 44
51 68
11 15
9 61
71 76
57 64
34 37
39 60
27 35
53 62
18 25
28 35
30 47
2 15
65 74
57 68
37 50
15 34
61 90
67 85
85 95
63 71
14 21
67 79
8 33
84 92
5 10
46 61
5 20
52 67
36 40
7 17
10 18
4 11
48 57
28 51
78 88
70 77
60 90
2 10
26 38
35 45
81 92
51 55
14 31
61 71
24 32
73 88
85 92
68 74
54 59
52 64
29 39
41 53
95 97
75 78
66 88
71 76
12 20
12 28
17 33
42 58
50 55
36 39
94 97
31 46
7 32
45 47
32 42
89 98
57 65
82 87
48 60
34 48
59 67
55 67
35 44
3 10
33 44
62 70
56 59
20 45
28 36
49 62
3 15
21 49
88 93
39 44
29 36
56 71
5 33
58 72
51 57
88 100
72 82
27 29
43 49
38 46
17 32
81 100
62 74
12 27
48 73
66 82
54 62
11 21
22 27
83 90
31 53
11 25
28 32
60 78
19 26
32 50
88 93
92 95
33 44
67 88
94 99
61 72
47 52
12 22
24 28
43 53
90 96
45 54
1 3
70 78
24 26
2 14
12 16
54 59
38 50
36 45
41 51
37 51
37 52
48 58
16 60
22 33
21 44
90 100
37 41
65 89
68 79
13 38
91 93
22 28
29 36
47 60
58 63
65 73
1 10
1 12
27 32
62 66
18 24
5 10
65 93
41 60
70 88
5 29
57 69
48 51
71 82
10 16
20 45
7 16
51 73
8 21
78 86
52 56
80 95
16 20
66 74
42 59
35 45
56 62
37 51
54 76
22 26
42 47
32 36
50 56
65 79
24 33
48 64
51 70
35 42
3 7
16 23
41 57
65 74
48 51
38 53
54 70
26 40
52 61
2 16
61 67
48 49
58 71
19 26
45 50
78 96
43 50
72 85
40 45
39 46
51 74
79 82
62 70
80 95
65 72
4 10
80 98
56 65
77 79
16 31
56 63
86 91
57 76
83 97
95 98
65 72
77 87
78 85
60 75
8 16
8 14
41 54
22 51
33 38
66 73
63 81
27 45
82 97
87 93
56 61
59 77
77 87
91 92
5 51
17 28
13 22
72 100
7 12
54 65
72 79
11 18
29 40
34 50
9 18
70 84
4 12
39 49
32 76
65 84
36 41
75 97
11 24
30 52
25 33
4 20
80 88
64 79
18 27
49 64
47 55
43 54
78 83
27 32
27 46
5 23
55 69
67 81
92 100
87 88
38 62
85 92
64 75
86 100
49 60
34 44
76 80
23 36
14 37
27 38
46 85
79 91
63 72
7 12
47 56
42 51
53 65
50 70
72 83
40 45
75 89
13 16
2 13
52 55
8 22
31 36
14 23
39 47
41 52
52 72
23 30
29 31
12 17
72 95
65 74
63 71
7 22
17 39
91 97
90 100
91 95
79 97
20 32
70 81
18 23
52 59
46 54
51 55
70 86
67 74
34 41
26 39
55 67
69 79
79 87
68 76
37 45
54 79
34 60
33 46
55 65
17 24
10 15
16 22
43 58
75 88
42 62
70 82
10 19
33 47
34 45
26 48
65 83
50 52
39 49
14 50
73 88
25 27
19 28
45 61
64 84
77 91
69 94
36 44
37 46
78 94
51 71
33 41
37 56
74 82
53 57
48 53
39 52
3 10
64 77
24 32
85 92
79 83
88 95
55 66
79 96
31 35
2 13
67 74
84 90
67 70
41 55
31 62
30 46
54 71
87 90
16 19
84 89
30 44
51 66
15 28
37 41
85 95
70 82
36 46
41 50
42 55
54 74
61 76
46 57
83 93
34 46
6 25
5 18
22 33
52 56
68 69
7 19
84 91
13 15
52 69
17 24
63 87
89 100
8 18
94 98
57 65
77 86
58 75
66 71
34 37
3 20
27 42
3 37
87 90
43 100
8 15
55 64
72 98
77 87
36 44
1 11
92 96
68 80
22 24
27 37
68 69
67 74
46 60
74 78
90 93
81 89
23 26
24 29
20 26
41 45
26 35
78 86
16 29
18 26
22 45
94 100
87 96
75 80
76 89
76 83
10 19
3 14
38 45
28 37
62 68
24 36
55 60
1 17
62 72
43 52
45 55
89 94
87 97
22 37
94 99
83 86
28 32
7 12
21 45
27 36
19 40
84 94
67 72
22 30
48 68
34 42
73 90
19 33
24 33
71 74
63 64
37 62
37 42
42 45
68 72
50 56
37 40
34 37
5 17
3 7
70 85
61 66
29 43
19 23
24 36
22 30
94 97
41 43
42 44
76 86
9 19
38 87
33 38
71 78
33 53
43 49
50 55
18 30
55 66
8 14
71 86
3 28
83 91
15 25
72 81
70 81
45 46
7 12
49 68
10 18
28 33
89 100
52 76
59 61
82 87
30 32
46 66
14 21
19 30
80 86
14 29
2 6
6 9
34 52
15 19
42 56
40 46
60 70
37 45
94 99
1 9
55 67
23 24
93 100
88 95
23 56
46 72
32 45
81 100
69 80
25 54
95 100
66 76
28 50
3 13
6 11
24 33
34 53
58 65
78 86
40 46
21 44
25 33
16 37
46 61
31 33
2 42
20 28
60 73
83 89
64 79
27 39
40 50
29 55
1 22
35 53
72 92
27 42
93 100
76 88
21 35
93 100
87 99
30 51
34 38
35 38
40 49
49 62
4 22
59 66
57 59
34 45
18 21
38 54
73 90
88 94
5 14
5 8
92 99
28 42
42 51
2 24
6 21
23 32
75 80
61 71
61 66
47 59
69 83
21 25
16 30
14 25
19 28
80 93
73 75
24 41
12 17
30 36
28 34
44 48
57 63
34 45
71 78
29 34
60 77
62 74
33 44
83 98
6 20
96 98
22 26
3 18
37 46
29 34
36 41
74 99
79 90
33 40
24 32
33 40
80 87
8 15
46 51
88 92
19 29
9 13
79 93
90 97
36 41
66 73
7 12
10 17
23 41
73 85
35 47
85 92
61 69
36 42
29 39
77 88
22 25
61 70
84 89
4 7
75 79
76 78
2 12
74 84
4 13
86 94
85 89
20 28
23 31
76 81
56 60
66 76
28 34
87 95
36 44
44 51
22 39
39 59
88 95
31 33
16 33
68 74
13 18
46 60
20 22
45 58
1 6
74 88
16 24
70 77
26 38
1 4
72 83
15 21
96 100
58 60
11 19
5 14
11 29
27 37
48 55
70 89
49 57
59 66
59 66
70 77
88 94
88 94
5 12
49 57
43 53
70 73
4 29
33 39
77 82
12 18
69 88
45 51
6 17
46 57
59 64
39 52
29 39
83 90
89 94
47 51
28 45
93 99
19 30
42 47
12 14
31 45
38 41
47 56
19 23
89 94
83 96
41 51
47 58
49 59
53 61
66 75
41 52
16 30
86 97
2 14
61 72
16 23
27 38
3 22
35 39
67 73
20 30
23 35
37 40
20 48
80 100
19 26
37 41
9 43
5 19
27 49
10 20
76 89
68 77
15 27
39 50
41 45
10 21
59 84
91 94
51 61
83 97
40 53
77 82
55 98
27 30
10 19
33 54
58 66
31 36
89 97
93 99
7 9
18 30
50 59
50 54
28 36
21 80
89 97
17 27
14 27
43 51
68 74
56 78
69 76
83 86
85 91
75 85
23 28
79 85
16 24
35 42
25 42
19 23
22 29
92 94
1 3
60 64
38 44
59 72
76 89
25 27
28 37
58 68
91 94
91 99
80 90
86 100
41 59
85 93
92 100
41 55
67 77
77 85
73 78
69 76
67 82
60 63
65 67
3 8
24 40
3 7
11 20
42 49
18 28
16 40
43 53
34 37
49 91
25 39
35 40
54 69
73 89
56 89
63 68
86 94
85 95
65 72
45 51
11 18
55 71
63 68
9 21
27 34
51 65
52 62
8 10
27 30
51 67
59 81
11 15
66 76
19 28
19 43
16 22
5 27
12 18
68 81
56 62
44 48
42 48
10 35
88 95
52 57
43 66
34 46
45 49
33 51
21 28
42 54
54 63
33 49
55 61
27 44
37 44
92 100
32 47
68 75
28 31
55 68
52 62
35 39
87 92
71 80
34 68
88 95
31 34
24 40
43 54
20 32
62 65
71 83
76 80
52 63
82 89
5 11
37 51
6 28
27 31
61 71
44 63
6 20
28 38
23 41
73 79
33 48
95 98
36 46
35 52
20 23
12 25
27 44
17 33
47 84
23 40
44 49
87 95
16 28
21 37
70 81
28 34
68 80
57 64
24 27
62 87
59 64
76 90
88 89
15 19
57 63
12 25
77 83
24 32
4 40
24 31
17 30
32 36
58 64
15 18
22 36
79 82
67 77
58 67
37 50
14 30
89 94
46 48
76 92
86 88
73 87
94 98
59 81
68 80
62 71
61 75
6 25
60 67
87 97
46 55
85 94
67 79
73 84
72 83
2 4
77 91
55 81
27 30
86 90
34 42
55 63
4 21
41 53
68 76
9 20
64 72
52 70
40 59
67 82
46 53
37 52
8 17
14 26
19 32
47 62
3 9
60 75
1 10
37 42
37 55
20 31
29 41
19 23
74 77
18 33
59 65
34 47
9 23
8 15
31 35
71 77
6 11
75 79
55 65
25 34
44 48
66 71
58 75
10 31
67 74
52 55
58 68
80 87
47 52
9 24
36 45
67 75
72 88
80 84
57 62
29 39
42 51
31 33
49 55
21 30
16 22
7 17
48 56
52 57
74 87
28 49
31 57
5 16
8 9
73 81
75 81
2 5
54 60
64 71
48 61
28 37
80 89
32 45
69 85
1 6
70 82
43 57
52 95
77 95
12 30
66 71
28 40
33 39
82 90
13 20
12 19
61 78
77 99
17 37
65 86
2 31
11 20
67 76
37 50
77 82
28 36
28 33
49 58
84 95
49 58
25 50
46 54
29 36
68 75
57 71
43 73
25 32
15 62
62 66
85 96
35 44
40 50
27 32
31 37
82 92
45 57
81 93
17 24
81 84
20 28
21 26
82 92
29 38
41 72
86 89
32 43
24 31
93 99
43 50
73 83
62 65
76 85
14 19
76 84
43 74
44 56
67 70
72 79
25 33
73 86
82 87
35 40
43 51
45 62
25 37
54 63
5 16
48 64
49 63
47 56
5 10
17 27
22 29
85 96
58 66
81 91
54 61
73 90
22 28
28 39
40 47
70 96
13 20
29 46
62 70
74 82
88 90
68 73
75 82
69 83
58 63
1 14
25 58
49 66
33 47
26 75
55 65
18 34
38 56
58 61
51 58
66 69
84 89
46 51
59 72
88 98
49 66
34 43
56 65
59 63
87 90
69 73
13 14
64 100
58 67
34 51
25 75
14 17
44 53
85 92
8 14
37 49
29 34
20 29
26 30
76 92
35 57
26 33
14 19
56 59
42 67
3 16
62 76
38 40
34 53
46 56
21 25
48 57
26 46
72 82
77 89
76 77
63 74
74 99
50 61
40 61
24 28
28 31
56 69
41 68
22 37
19 26
66 72
80 92
62 73
74 80
3 15
5 17
30 40
53 59
38 48
75 86
60 64
55 80
2 12
6 13
21 29
86 94
31 35
58 66
37 42
81 95
60 79
29 41
43 50
19 22
77 86
26 29
12 18
45 62
36 42
34 49
12 19
26 43
86 99
64 88
8 21
82 93
