100 20 20 18
00000000000000000000
00000000000000000000
00000000000000000000
00000000000000000000
00000000000111111000
00000011000000000000
11111100001100000000
00000000000010000000
00000000000000000000
00011111000001111111
00000000100000000000
00000000000000000000
11111111000111100111
00000000000000000000
00000001111100000000
00011000000000001111
00000000000011000000
00000000000000000000
00000000000000000000
0010001000100001000
0010001000100001000
0010001000100001000
0000000000100000000
0000100000100000000
0000100000000000000
0000110000000000000
0000000000010000000
0000000000001000000
0000000010001000000
0000000110001000000
0000000100001000000
0000000100001000000
0000000000010010000
0000000000010000000
0000001000010000000
0000100000010000000
0000100000000000000
0000100000000000000
0000100000000000000
3481
39 46
80 92
54 65
21 23
24 41
73 91
71 87
17 23
15 31
79 89
54 65
83 86
82 89
76 96
76 82
74 79
83 89
41 46
54 63
20 28
73 91
77 83
2 14
28 47
79 98
52 59
28 32
7 12
79 89
16 20
60 67
73 77
37 46
19 23
68 72
77 82
45 57
85 100
76 94
59 72
69 77
63 71
22 33
92 99
44 47
38 44
34 40
88 93
58 66
37 56
2 20
85 92
46 53
33 76
40 60
14 25
68 73
26 30
29 40
17 22
68 74
14 23
51 63
57 58
80 91
37 40
49 55
28 45
11 21
55 69
9 18
66 81
10 37
67 77
56 61
48 54
29 40
70 89
80 86
43 47
2 16
10 15
27 58
45 54
52 62
42 52
13 24
47 51
50 69
7 17
19 21
2 11
41 55
15 26
71 86
49 71
72 76
31 36
29 36
83 96
50 55
74 95
44 71
42 50
65 67
26 41
93 99
29 41
39 47
61 64
73 87
4 12
58 77
78 87
56 69
35 41
67 96
42 56
57 63
24 29
49 66
43 54
51 62
92 96
71 87
47 54
66 70
11 30
72 79
25 39
62 72
29 37
33 40
9 21
73 89
42 58
26 35
77 82
77 80
48 62
84 93
28 38
65 80
75 98
41 56
52 62
21 28
48 57
16 24
20 32
59 64
56 60
10 22
73 78
2 11
6 20
68 74
1 6
27 47
37 43
69 79
74 79
16 22
52 62
88 97
17 25
52 55
28 30
56 79
62 84
73 80
30 41
4 6
38 42
69 85
42 56
34 68
61 70
6 18
32 41
9 14
33 60
16 19
42 52
62 78
80 91
46 57
53 71
60 64
67 71
66 75
60 63
12 22
6 18
30 35
30 38
10 13
32 43
76 84
87 95
81 87
49 62
77 83
44 49
74 81
62 85
86 91
17 30
89 99
64 79
87 97
26 47
9 17
8 14
64 78
74 82
51 62
38 50
26 40
93 96
65 69
39 51
16 40
64 78
3 9
5 12
32 40
71 83
80 93
58 63
40 49
52 60
18 31
20 34
85 91
17 40
14 25
7 12
71 83
46 56
14 30
35 38
9 13
13 29
43 57
57 68
83 85
73 93
8 29
75 95
82 91
9 13
39 55
20 28
56 61
92 96
10 20
87 89
6 14
21 34
79 100
13 25
28 35
61 70
9 19
84 88
27 45
76 81
48 100
72 86
5 13
56 66
49 59
40 44
93 96
46 56
41 62
35 52
58 66
53 58
42 51
83 89
24 27
85 88
48 55
35 44
34 40
39 52
41 77
79 84
50 59
31 36
83 89
6 14
25 39
48 60
29 37
21 24
41 63
34 44
32 39
1 11
16 29
54 64
52 63
55 72
84 97
70 85
46 54
51 83
4 16
29 43
12 27
16 49
43 69
68 81
16 29
40 51
75 89
68 73
61 65
46 56
52 66
9 16
70 76
58 75
29 42
6 12
3 17
37 54
25 31
6 12
24 39
49 52
60 69
19 39
70 77
27 37
30 33
21 52
80 91
27 31
48 63
18 22
55 73
12 17
78 80
68 78
24 35
48 57
57 67
50 62
18 42
75 79
8 17
1 15
32 41
31 41
30 35
3 19
44 69
48 63
33 40
71 80
15 21
38 48
71 79
27 40
17 31
53 56
49 59
30 39
83 89
2 11
34 57
57 80
85 89
14 23
6 12
52 58
16 22
47 65
41 52
59 62
70 79
32 40
65 74
16 52
89 98
12 30
52 57
78 100
33 37
4 15
68 83
31 43
11 34
82 96
74 95
89 93
17 31
6 11
48 55
37 39
53 63
65 73
9 35
38 43
24 37
49 62
17 43
36 57
71 85
61 75
75 83
29 34
31 42
69 76
71 76
53 60
91 100
36 57
75 97
30 32
8 20
15 21
10 23
66 80
16 32
5 6
9 18
37 53
84 92
51 56
3 27
78 82
35 47
63 70
59 68
92 97
20 27
19 28
70 77
13 30
68 85
85 92
15 17
54 61
70 90
36 40
37 47
58 76
86 93
7 13
88 94
51 71
48 54
13 23
12 37
55 65
49 58
25 37
7 18
54 59
9 13
18 34
7 13
79 90
79 86
93 96
34 51
23 29
2 17
36 41
12 19
74 81
5 8
13 25
35 51
44 61
33 47
5 15
51 64
62 88
73 91
69 87
73 76
51 63
65 68
3 7
12 15
73 79
37 56
35 87
83 90
84 91
47 56
7 14
26 30
41 47
13 30
83 91
38 54
7 63
26 39
26 34
28 43
36 42
59 62
64 83
22 35
29 42
50 54
58 66
10 15
41 63
71 75
41 46
18 25
8 18
82 92
27 41
58 65
61 66
60 70
60 68
18 45
2 11
49 55
68 79
92 94
62 74
20 30
63 69
82 93
19 26
82 89
39 51
89 95
46 58
81 98
71 80
94 99
30 45
58 70
20 24
89 100
55 66
38 45
65 76
52 63
13 16
54 57
40 50
83 90
68 75
47 52
36 49
60 69
95 100
79 87
85 90
31 37
39 45
7 24
50 53
36 44
92 98
9 21
66 73
73 87
44 45
56 74
58 69
11 18
16 31
52 62
22 35
35 44
22 26
9 22
50 57
96 99
71 90
82 93
75 100
48 59
37 62
57 60
82 87
15 23
71 93
62 73
24 41
53 57
59 68
13 34
50 59
22 30
20 29
78 86
40 55
3 17
34 40
67 70
72 84
51 76
6 8
56 71
4 11
16 24
5 17
1 29
79 89
52 63
14 29
64 69
32 65
76 81
44 50
51 70
79 97
58 81
59 65
53 64
43 56
60 69
56 67
52 59
42 60
25 39
48 55
38 54
1 43
41 45
67 73
60 69
46 50
60 63
49 64
49 56
87 91
36 49
91 97
54 64
51 62
49 58
17 29
57 74
14 19
79 83
92 94
78 86
26 39
80 97
75 81
36 46
21 38
54 70
43 56
91 94
72 79
9 30
14 32
15 18
9 19
49 54
56 59
3 7
70 93
39 44
46 61
29 45
31 40
39 57
27 44
30 33
95 100
76 82
13 26
44 53
44 49
48 65
4 17
5 21
83 99
39 50
93 98
37 49
23 33
9 20
7 21
81 88
63 74
11 25
55 61
60 65
61 80
24 28
49 56
41 52
50 58
80 90
89 95
10 31
35 41
39 89
8 11
24 28
57 58
15 31
64 81
35 52
6 19
9 26
63 96
61 73
3 11
8 16
11 19
35 45
58 62
41 52
72 79
26 31
96 100
29 54
9 16
73 91
69 72
62 77
19 23
56 60
42 76
27 37
79 82
43 48
38 42
15 34
8 17
2 17
63 67
13 21
11 21
62 67
25 32
1 31
58 72
19 32
38 43
78 85
79 86
16 21
42 54
1 14
45 50
35 40
88 95
61 81
39 48
86 89
53 64
42 59
12 21
52 58
13 19
17 24
36 40
74 77
61 69
59 66
84 88
31 45
83 91
60 75
97 99
53 61
65 71
66 71
85 92
83 88
47 74
52 57
32 36
52 69
48 79
70 86
30 42
2 15
57 60
8 10
76 100
54 64
30 34
49 70
39 44
32 45
21 30
25 35
47 75
65 74
62 70
53 60
38 52
26 34
47 57
89 100
75 77
30 34
2 9
3 4
30 42
11 18
29 37
3 10
47 52
78 97
36 41
7 25
65 83
68 72
45 53
84 93
30 40
55 72
26 35
51 77
37 56
9 20
54 80
77 82
65 70
81 91
16 35
73 81
5 29
7 14
55 77
24 34
24 38
27 31
44 51
96 99
77 80
29 40
69 74
42 45
25 33
65 77
53 64
10 18
24 43
29 33
96 100
10 20
72 76
92 97
64 80
17 19
66 76
14 28
46 58
44 45
13 25
20 21
46 51
82 88
83 91
79 99
75 83
84 91
84 91
54 59
67 76
22 38
8 17
2 10
47 54
2 38
54 84
16 22
8 13
38 55
6 16
15 25
3 7
47 57
48 88
27 30
25 43
86 91
6 12
10 19
91 98
21 29
13 16
61 65
8 19
8 15
60 69
21 30
41 50
43 49
85 93
12 23
51 76
44 71
71 79
46 57
31 48
20 28
59 63
26 36
46 62
34 42
70 90
94 100
31 34
50 54
51 65
10 20
13 22
25 39
44 47
79 87
27 39
51 54
5 11
15 30
49 56
38 45
14 21
39 48
46 54
42 48
22 27
10 23
55 71
17 25
76 81
50 53
10 22
21 27
62 72
61 70
52 57
31 37
77 82
29 40
43 76
29 38
83 90
54 70
24 31
18 28
26 34
71 74
60 63
58 64
4 8
69 74
26 37
69 73
11 14
1 9
88 92
18 37
74 84
34 41
82 86
27 37
22 49
48 52
34 43
45 50
24 33
14 28
64 70
86 92
68 72
53 58
33 42
33 39
59 74
25 62
24 27
30 42
73 86
2 14
51 57
30 42
62 71
46 65
26 32
59 67
61 76
90 97
65 95
71 91
31 40
16 29
49 62
6 24
41 49
16 23
24 26
47 57
42 58
7 20
78 94
6 38
6 20
49 79
59 68
9 13
86 99
49 59
6 14
65 72
66 71
54 66
50 55
37 41
42 53
16 25
33 58
68 83
72 77
26 40
48 57
80 84
33 59
83 86
13 19
94 100
70 88
7 17
7 22
38 52
6 18
45 48
24 28
18 32
58 74
25 32
12 26
42 60
16 29
51 59
72 81
48 57
72 75
42 52
11 26
68 73
78 81
34 43
14 19
52 56
49 82
61 86
4 33
73 80
14 21
21 27
26 62
64 66
20 36
26 38
64 80
46 60
70 76
90 99
51 62
32 39
73 78
89 93
76 77
81 87
64 77
60 64
56 68
81 88
23 29
67 72
81 88
47 49
82 100
43 48
31 43
76 83
14 34
79 85
13 25
45 48
44 74
37 48
31 67
79 83
57 66
63 65
86 92
20 30
51 63
72 87
16 21
21 29
64 86
52 60
57 69
12 15
3 5
56 74
77 86
30 35
58 78
92 95
65 75
63 69
7 28
47 52
37 47
45 48
35 48
58 65
50 52
25 40
62 70
71 77
73 90
16 60
7 15
70 72
31 38
94 100
60 65
24 29
76 92
96 100
19 37
45 66
46 70
40 49
42 44
55 62
38 65
64 75
14 44
53 66
61 76
68 80
2 9
35 43
77 86
29 39
83 95
13 25
53 61
68 76
65 76
43 52
68 74
37 49
93 100
69 78
31 40
30 40
76 100
4 9
18 26
45 51
51 70
32 40
57 78
1 21
65 84
31 53
46 47
56 61
13 26
24 34
77 86
24 37
62 70
68 75
47 51
44 52
48 54
63 67
68 83
26 35
4 9
77 83
34 42
43 54
78 89
93 100
15 26
72 88
47 55
81 100
81 91
86 91
41 54
4 6
77 81
25 58
57 65
80 93
76 98
74 93
8 26
92 96
63 70
68 75
7 12
8 14
19 45
40 73
3 8
36 46
52 72
68 73
75 82
37 44
64 77
21 30
52 64
96 98
76 80
67 72
46 54
62 75
19 32
9 16
52 61
44 57
22 60
64 80
59 70
60 69
58 64
88 93
27 41
3 6
89 96
80 94
57 63
76 95
25 39
47 87
95 99
18 28
37 44
37 45
62 69
19 22
59 70
20 32
66 70
83 86
46 56
50 57
46 54
2 7
9 13
19 30
45 48
14 19
16 23
19 24
67 72
65 77
24 29
83 92
38 44
76 93
73 76
13 17
87 97
88 92
52 79
18 25
70 85
41 86
38 46
28 38
36 48
39 60
4 24
63 76
17 36
46 55
19 35
20 34
66 72
78 87
10 21
10 27
11 58
60 67
66 74
11 23
12 34
8 15
42 54
49 50
25 61
61 82
43 47
32 45
61 88
31 35
75 83
42 55
34 46
31 38
8 21
1 12
84 88
47 52
78 88
10 19
40 57
44 54
71 85
32 58
13 23
51 61
25 29
88 93
12 19
47 55
28 38
13 31
46 48
81 100
34 40
18 62
1 15
81 92
60 70
24 29
20 25
58 66
12 19
38 48
3 9
29 35
8 29
75 81
15 21
25 36
62 68
17 23
50 59
20 29
33 40
11 25
96 100
9 17
47 77
11 20
71 97
25 31
43 60
77 80
81 93
33 40
42 50
16 24
71 83
39 43
72 79
2 23
66 71
41 58
12 42
82 86
80 95
54 65
31 45
41 49
35 42
46 52
50 51
79 89
25 29
70 85
24 33
36 45
70 76
25 28
32 59
70 79
93 98
91 99
35 49
19 25
5 16
50 60
47 68
52 64
15 20
94 96
51 56
33 35
66 84
18 28
89 95
85 91
1 13
96 99
18 21
15 37
22 43
88 97
60 68
51 66
41 51
95 98
46 60
33 49
79 91
91 98
58 74
95 97
59 62
38 51
46 52
74 77
18 26
48 65
40 52
13 27
51 59
58 74
34 41
56 67
7 10
73 90
50 60
33 44
8 14
36 77
7 27
8 15
38 54
89 98
29 51
50 81
48 58
36 47
39 49
81 82
81 89
13 36
61 66
4 21
80 88
70 87
38 46
14 58
66 74
71 77
77 89
37 50
55 72
67 96
42 56
3 12
27 33
62 67
83 91
2 11
22 43
49 58
77 87
13 29
80 91
32 46
44 56
54 72
34 51
57 82
85 87
21 30
32 48
47 51
49 61
27 38
25 44
55 62
78 87
77 89
79 85
67 89
12 16
39 55
45 53
73 80
79 84
47 59
58 77
5 7
79 88
93 98
25 38
41 45
58 72
40 45
18 44
92 93
75 85
16 17
78 85
41 47
56 60
75 86
12 19
26 51
83 98
44 47
43 51
28 33
12 14
38 56
52 57
94 100
65 81
63 89
29 35
39 50
35 41
42 49
89 92
90 99
39 45
60 81
81 90
46 62
71 99
24 43
36 41
60 61
15 22
65 87
9 20
8 14
54 73
91 95
73 78
78 91
53 65
50 58
4 25
32 34
2 16
67 75
51 60
29 33
64 73
46 53
37 44
72 82
18 29
26 42
67 86
60 66
8 14
81 93
59 75
16 42
42 47
20 22
66 85
70 77
54 67
7 10
89 92
4 9
56 65
62 65
63 77
57 64
59 63
27 50
40 42
81 89
64 72
27 36
60 70
8 23
72 79
77 84
37 48
58 72
11 20
36 39
92 97
90 98
19 23
1 14
59 65
48 56
32 38
11 15
52 57
40 50
79 98
59 77
27 61
10 19
48 61
16 29
59 61
9 21
31 38
14 32
84 88
93 100
69 99
91 100
94 100
10 11
20 35
56 60
10 37
75 85
66 71
19 39
49 58
77 88
9 18
62 81
86 92
33 47
23 42
24 26
37 44
28 32
14 22
51 57
7 12
78 89
50 58
38 45
35 43
12 31
24 42
26 35
50 60
17 65
42 45
59 63
81 95
68 70
36 41
68 73
61 96
48 58
70 76
28 37
50 56
51 57
54 63
81 92
71 92
76 80
76 83
73 76
55 61
29 30
12 15
2 7
2 8
51 66
78 90
48 55
6 17
32 41
7 13
9 17
87 94
63 68
36 59
74 80
27 31
7 17
17 20
69 81
59 68
38 47
33 57
23 64
26 31
52 64
46 49
33 47
34 58
23 38
70 80
50 64
59 69
54 56
49 64
56 69
69 76
20 32
64 100
2 6
14 21
44 59
36 43
37 41
79 93
91 100
56 66
64 74
90 98
14 19
36 39
42 53
47 71
69 75
31 36
19 41
25 34
10 18
47 71
92 96
72 73
67 76
2 15
17 24
1 9
10 13
78 85
15 26
72 93
26 32
31 38
71 86
79 97
32 44
25 43
42 46
86 95
53 64
30 51
12 14
7 34
20 28
73 84
46 92
94 100
81 100
77 87
17 32
19 38
70 95
15 19
74 80
79 87
85 94
48 58
82 87
24 40
28 31
60 66
58 71
66 83
38 49
72 78
9 15
35 46
17 20
30 47
51 62
61 67
26 33
35 52
85 97
26 38
72 89
8 16
32 50
63 77
60 64
55 61
47 60
81 83
42 48
17 24
70 87
73 96
57 62
76 85
11 15
90 94
11 15
69 77
86 93
22 30
74 82
56 72
28 36
35 41
18 47
19 41
20 42
58 67
28 37
65 76
2 23
57 66
15 40
73 83
31 38
8 15
61 68
63 66
44 63
4 20
75 77
91 99
42 49
21 36
8 23
37 48
70 82
15 26
19 22
11 22
26 34
72 75
6 38
42 83
27 37
58 75
74 76
41 47
82 85
21 34
27 38
5 11
10 25
23 34
26 40
24 32
10 23
7 20
12 55
23 41
49 63
11 20
64 68
64 74
35 40
13 18
14 26
82 95
75 81
46 51
61 67
39 43
43 55
31 36
18 26
17 21
74 77
69 79
64 76
16 22
13 23
79 100
41 52
35 39
73 86
4 19
78 81
22 32
24 36
68 94
6 16
29 50
15 26
4 7
38 42
48 56
54 61
43 56
68 78
11 22
15 21
81 91
13 24
32 47
75 89
47 77
22 28
5 11
24 30
13 17
69 73
65 81
92 99
15 25
2 9
63 73
49 62
87 100
11 20
83 91
73 78
64 95
11 24
51 59
85 90
6 18
32 35
59 63
43 48
5 7
11 14
36 47
22 23
65 71
8 39
46 57
38 53
35 43
8 33
23 31
35 38
66 84
73 81
28 37
47 55
26 34
2 12
34 57
81 86
69 76
70 78
29 33
79 90
81 93
9 17
13 22
9 17
75 95
13 23
42 49
44 52
33 41
55 61
11 24
85 86
58 67
66 80
61 69
48 57
84 89
4 8
5 21
33 37
19 33
83 91
65 80
42 47
32 53
42 45
27 58
3 8
50 69
21 48
86 97
55 69
84 99
67 80
43 45
39 40
84 98
59 63
57 66
5 12
72 76
66 75
90 100
86 99
28 35
28 38
70 99
72 81
77 82
42 48
38 64
49 64
10 24
45 53
32 47
22 74
88 90
54 57
29 30
8 13
47 66
71 78
6 13
59 65
29 41
9 42
41 47
35 39
64 77
39 48
32 44
14 21
66 80
27 36
13 16
23 27
91 99
36 58
67 89
1 16
17 36
23 49
7 11
81 91
3 11
69 81
52 75
14 32
71 78
78 84
57 64
24 32
40 62
84 94
56 62
8 28
54 77
26 44
64 71
30 40
44 62
19 28
49 55
27 30
28 46
1 17
12 24
44 47
36 43
63 69
58 72
18 25
50 54
24 34
9 17
43 50
34 56
32 39
7 19
26 28
57 69
33 40
5 12
25 37
16 24
89 91
7 17
9 13
21 24
7 13
47 54
17 41
54 63
14 29
63 70
17 31
35 45
35 40
64 65
54 62
8 16
55 78
4 14
80 95
72 81
94 98
10 12
51 78
9 29
5 8
81 85
48 51
91 93
59 72
93 100
31 35
10 25
40 47
55 62
65 70
22 26
23 27
1 5
83 88
32 35
17 27
48 65
52 55
9 18
51 58
73 91
16 23
71 73
40 59
71 76
22 26
65 79
32 44
8 13
75 89
6 18
27 44
20 29
72 78
19 49
21 30
71 93
81 85
9 16
34 44
18 50
27 34
39 43
28 45
28 71
73 75
48 52
51 63
46 67
57 62
11 21
54 58
31 38
55 62
63 70
32 44
76 82
1 12
68 91
90 97
66 68
37 44
82 87
79 83
38 51
58 68
6 17
17 31
64 74
80 85
47 66
19 24
17 40
43 57
19 44
80 91
18 26
53 57
57 60
70 80
52 55
21 43
18 23
11 17
9 20
29 78
42 63
53 63
78 88
87 89
43 51
52 54
51 63
49 69
31 46
15 24
57 92
52 59
44 54
26 38
9 19
53 64
5 16
81 91
77 89
50 52
21 32
81 95
58 68
8 11
27 37
14 20
75 89
23 42
37 62
23 26
37 45
31 46
18 20
90 96
86 95
92 97
71 88
15 19
77 79
20 37
55 72
34 46
76 83
37 44
80 86
67 85
29 43
4 15
84 96
78 87
93 99
57 63
39 82
46 68
64 73
13 18
2 17
54 65
89 91
59 64
76 86
33 41
44 68
42 54
54 60
57 59
82 99
27 42
27 39
8 32
10 15
35 48
33 41
22 53
49 55
67 97
93 96
21 39
47 61
73 79
2 11
48 51
66 85
58 77
36 52
70 87
26 38
64 75
16 23
54 71
82 91
87 92
80 87
11 18
37 43
59 68
69 80
13 18
67 76
65 74
10 26
47 64
33 49
16 20
68 78
28 49
4 19
25 35
77 95
96 100
67 72
84 93
5 21
83 86
74 79
50 55
20 42
60 73
48 53
83 92
39 45
42 46
47 56
25 43
7 14
39 49
38 47
44 51
54 61
38 49
30 53
4 12
64 72
85 94
83 90
52 60
83 87
45 49
84 94
53 61
61 71
76 98
11 24
38 50
38 43
5 33
30 41
59 76
38 47
72 80
3 9
41 46
77 82
66 71
43 53
61 77
3 19
37 39
17 28
70 81
28 36
58 68
29 44
18 32
32 44
54 69
34 39
51 68
76 84
12 18
64 69
36 46
64 75
29 37
62 77
86 98
87 94
68 72
6 44
8 26
9 15
3 22
18 38
82 94
34 52
57 66
75 90
63 72
42 58
5 14
39 50
6 18
15 20
31 40
78 83
26 37
83 91
43 49
84 92
39 48
23 34
10 17
39 51
25 31
70 77
40 48
59 66
16 22
44 51
85 91
17 28
87 100
70 84
66 72
57 60
70 74
28 41
60 80
31 40
23 40
64 71
8 13
70 74
74 77
19 21
60 71
62 79
45 63
73 80
11 27
10 16
28 31
3 9
34 37
89 94
14 26
83 89
64 77
55 68
57 63
16 32
57 81
15 36
31 39
46 55
32 40
43 46
40 46
81 84
52 62
75 92
43 49
22 33
47 57
77 85
90 98
62 78
36 47
57 62
55 72
29 39
51 59
75 86
67 72
76 81
73 78
71 82
53 55
71 80
4 13
4 14
18 44
71 77
25 32
60 75
35 59
54 61
77 88
6 27
68 77
17 32
72 86
11 19
17 29
11 82
71 84
55 82
7 29
92 100
56 58
44 55
81 91
78 80
46 48
95 100
72 78
52 59
15 25
47 67
14 29
41 51
69 70
95 96
87 95
31 35
9 18
53 64
12 18
57 64
24 29
47 61
46 60
75 81
57 66
18 48
11 22
10 19
84 87
12 22
74 84
60 78
64 75
22 24
51 59
48 54
12 20
59 95
13 28
89 96
94 99
13 27
53 61
23 38
6 14
76 93
45 66
20 29
18 31
74 87
12 33
6 16
45 52
54 60
74 81
41 50
32 46
68 76
46 50
69 85
74 76
27 50
34 50
1 9
4 14
46 51
10 18
16 24
67 73
86 97
66 69
20 30
86 97
45 57
82 94
36 42
10 12
20 44
43 47
28 29
81 87
31 43
83 90
12 34
37 49
15 28
63 69
91 93
36 50
80 86
66 73
31 46
89 91
38 48
48 70
55 62
61 68
84 87
28 34
66 86
43 61
64 79
15 16
48 52
82 85
5 10
67 76
62 68
37 43
23 30
37 44
72 76
72 89
11 15
35 39
33 40
35 44
68 72
14 23
81 97
41 53
9 15
1 10
66 73
9 15
73 83
86 93
39 57
8 13
53 60
28 34
53 61
16 48
24 31
31 41
73 79
72 83
2 29
56 89
2 9
58 66
75 92
91 97
19 28
2 10
79 87
7 18
41 45
20 34
48 68
68 78
27 39
71 80
24 32
83 87
42 46
77 79
87 93
81 87
2 5
44 49
21 27
36 47
16 38
66 97
66 69
52 58
10 26
10 30
12 13
69 86
34 46
76 86
80 84
58 61
86 92
76 81
8 13
32 40
45 58
21 34
16 20
66 94
81 85
50 60
30 36
19 27
59 74
90 96
40 53
75 94
69 85
3 11
25 35
36 47
32 46
63 75
7 26
42 51
57 67
50 58
48 52
32 39
44 58
4 7
8 30
9 16
21 31
40 52
63 66
44 61
90 95
77 81
70 79
74 84
73 84
57 78
59 66
17 26
55 62
76 88
79 91
85 91
55 65
8 23
7 15
31 50
4 16
11 15
46 57
76 83
66 78
58 61
26 27
51 60
67 79
70 73
72 81
95 99
74 85
40 48
6 14
28 53
55 72
62 74
37 50
67 73
9 10
95 98
60 73
24 39
20 35
40 44
60 69
3 6
11 21
94 97
1 12
33 47
85 92
74 82
17 26
52 76
86 98
16 40
60 73
81 88
65 74
29 38
55 74
72 98
18 28
8 21
31 35
4 22
62 72
33 36
89 100
11 19
35 46
50 54
40 52
18 24
46 55
43 58
53 59
37 48
36 46
40 52
18 24
75 95
64 72
28 36
53 59
19 27
29 41
76 87
78 93
32 41
73 78
65 73
52 64
28 41
21 29
47 51
86 91
26 42
59 75
3 10
97 100
40 50
31 38
64 66
25 30
5 33
67 72
16 36
29 42
72 93
22 28
41 45
57 70
50 58
32 49
84 94
65 76
77 84
9 38
19 23
78 90
28 37
91 98
66 72
32 48
80 91
81 89
86 93
76 88
73 94
74 83
1 18
30 58
92 98
3 14
81 100
37 40
78 85
69 78
62 83
79 97
35 47
70 76
56 70
93 96
56 60
65 72
85 90
39 44
66 81
39 57
61 68
27 32
16 23
29 42
40 43
75 90
13 25
15 30
41 49
76 85
18 32
73 76
81 91
87 97
22 26
19 23
4 11
50 66
45 62
39 68
73 84
42 46
50 61
3 5
63 66
87 93
30 38
26 35
85 89
1 5
89 96
51 57
14 21
25 41
49 57
26 33
32 37
47 49
24 37
41 47
39 49
44 68
29 63
24 35
15 20
73 95
30 48
78 91
67 78
84 98
36 44
73 79
59 80
77 80
90 93
93 100
63 74
50 56
61 70
77 85
17 23
28 43
6 12
10 20
12 17
76 87
43 57
67 86
62 69
62 83
18 27
17 34
26 45
5 20
73 78
72 78
69 97
47 52
75 93
13 23
34 40
9 15
30 33
76 85
76 89
13 20
17 31
38 41
80 92
52 65
22 40
52 58
42 59
82 92
96 100
3 25
50 56
13 33
19 39
63 67
26 40
44 55
22 34
30 47
38 58
63 74
89 97
74 83
71 73
83 94
13 24
45 50
12 18
63 67
37 53
74 83
48 55
58 79
75 89
25 33
39 46
40 55
64 83
71 76
25 32
71 73
40 52
56 98
7 20
7 12
35 47
27 37
96 98
93 97
92 98
30 36
40 47
79 94
23 32
67 75
42 52
48 70
75 82
59 62
21 23
85 98
30 51
30 37
44 56
9 18
71 86
81 91
87 92
55 72
4 8
46 62
75 81
11 17
17 29
14 42
22 43
75 79
75 93
54 79
36 39
21 32
54 63
65 68
13 18
25 41
24 30
44 50
80 93
29 44
42 50
35 55
66 83
1 13
8 24
68 85
55 77
16 26
54 63
71 80
40 49
77 87
19 35
52 58
19 41
34 40
37 41
30 36
84 90
43 75
7 29
74 81
82 89
33 37
89 98
47 49
75 83
34 47
73 80
21 30
61 78
51 68
7 35
80 91
32 38
37 50
34 51
62 78
8 22
30 32
23 36
45 57
50 58
64 66
8 26
71 73
50 58
26 50
18 28
21 29
51 62
73 77
21 32
62 73
59 64
22 24
51 60
67 75
34 41
61 76
62 65
51 94
59 62
23 25
44 69
48 52
82 87
76 86
67 73
30 37
54 66
28 50
13 16
29 39
81 97
21 52
64 92
16 26
3 16
73 82
43 49
70 79
19 25
53 58
69 72
32 43
62 80
76 82
8 19
55 76
82 92
13 25
79 89
53 72
16 32
33 36
7 17
19 43
92 99
10 13
83 92
2 10
23 31
59 66
62 95
74 93
34 43
30 47
70 78
15 43
88 95
22 41
19 22
82 95
84 87
37 55
59 80
30 48
6 31
64 89
76 81
23 33
76 96
34 38
52 56
73 85
72 79
5 19
68 81
6 13
58 75
87 91
14 23
28 37
64 77
59 64
51 53
70 79
52 65
64 78
48 52
4 8
20 32
2 17
34 59
9 22
82 90
4 16
65 76
60 78
45 66
1 4
21 29
72 81
96 98
21 40
85 98
17 29
28 43
20 24
52 59
60 69
38 45
31 47
19 40
57 71
61 69
36 46
3 10
42 53
30 35
57 59
84 92
3 27
23 31
56 64
43 47
53 61
53 57
49 60
58 74
26 44
2 10
67 73
19 26
24 30
35 51
42 55
88 100
56 67
60 64
55 72
57 68
62 72
10 26
54 63
58 69
63 69
22 28
68 72
4 11
51 67
72 80
60 72
66 72
52 69
91 98
52 61
11 20
27 31
52 70
94 99
44 50
82 95
53 63
19 28
66 76
54 70
66 83
85 90
15 32
67 76
54 66
81 87
34 46
14 22
61 69
96 100
88 95
78 87
37 44
92 96
12 22
42 56
83 92
71 81
36 41
25 39
67 93
25 35
29 39
78 87
27 49
4 17
11 21
74 79
73 80
68 80
16 36
83 96
96 100
56 68
13 21
21 33
38 52
65 73
81 93
74 82
87 98
62 70
34 42
56 71
12 18
59 86
34 45
41 57
77 94
76 88
30 36
58 75
97 99
45 49
75 83
6 18
4 18
24 29
11 13
67 71
39 52
27 31
60 67
41 45
20 54
51 58
73 83
79 92
56 65
68 78
57 70
48 56
82 88
70 77
24 40
16 31
53 57
56 70
57 69
83 89
19 21
57 65
55 63
80 88
25 35
84 90
33 46
61 70
28 34
71 77
75 96
24 41
6 16
19 23
27 32
68 81
8 19
19 28
13 22
68 77
56 74
28 44
63 74
29 40
64 71
41 50
26 35
76 97
31 36
92 98
58 67
36 42
57 61
48 60
48 52
83 93
86 92
50 72
43 47
2 34
33 36
32 46
33 62
68 93
94 98
26 30
70 78
37 53
76 83
69 80
86 90
96 97
49 59
49 52
46 49
45 60
61 71
7 13
49 72
28 36
74 95
71 85
30 42
11 23
36 49
24 29
8 18
13 44
56 69
14 17
28 38
33 38
49 60
25 36
63 88
69 73
84 91
15 23
20 28
25 32
30 39
47 59
73 84
61 67
26 38
3 19
66 78
32 41
47 57
51 61
84 97
26 30
24 34
20 27
58 64
76 78
56 67
34 50
64 85
2 16
68 79
38 50
41 49
21 23
30 34
84 88
2 10
12 28
74 83
44 66
18 42
7 21
13 36
75 87
66 79
55 68
5 44
42 63
83 100
22 28
42 49
85 100
4 11
2 8
80 98
32 36
84 97
57 65
62 71
68 72
54 70
16 24
7 20
69 82
68 80
66 87
76 89
35 38
41 51
33 42
4 7
2 24
85 88
89 97
75 85
32 41
38 77
6 12
74 97
20 36
14 18
42 93
36 41
80 82
51 63
24 45
22 26
20 58
42 46
28 47
21 41
81 92
37 42
78 82
39 55
3 15
26 46
56 67
71 75
19 30
64 68
1 7
12 17
56 58
18 23
90 96
25 51
