100 20 20 12
00000000000000000000
00000000000000000000
00000000000000000000
00000000000000000000
00000000000000000000
11111100000000000000
00000000000000000000
00000000000000000000
00000000000000000000
00000000000000000000
00000000000000000000
11111111000000000000
00000000000000111111
00000000000000000000
00000000110000000000
00000000000000000000
00000000000000000000
00000000000000000000
00000000000000000000
0000000000010000000
0000000000010000000
0000000000010000000
0000000000010000000
0000000000010000000
0000000000010000000
0000000000010000000
0000000000000000000
0000000000000000000
0000000000000000000
0000000000000000000
0000000000000000000
0000000100000000000
0000000100000000000
0000000100000000000
0000000000000000000
0000000000000000000
0000000000000000000
0000000000000000000
0000000000000000000
5622
68 80
79 88
67 90
72 86
52 60
53 62
74 77
17 27
9 18
66 72
65 79
43 58
29 43
68 70
28 53
52 63
66 72
41 49
63 91
53 60
26 39
30 50
15 31
68 81
54 63
6 19
45 55
65 71
14 19
58 66
52 82
11 21
87 90
19 29
47 66
1 8
85 96
3 9
26 37
31 42
40 49
46 58
20 24
82 92
78 81
25 45
44 51
26 57
11 21
13 19
88 100
69 83
19 27
53 59
5 10
50 61
92 98
77 91
9 31
47 66
95 98
63 71
83 94
91 97
43 52
75 82
22 35
31 49
5 16
44 57
41 48
34 40
81 85
67 86
44 52
33 48
36 49
47 63
71 86
77 88
41 51
68 73
86 91
3 11
80 95
42 55
73 80
1 11
20 27
35 39
33 53
41 55
18 25
80 89
73 87
6 26
39 48
10 41
46 72
41 46
22 41
1 12
39 63
45 50
2 23
14 28
69 77
57 65
57 66
43 60
88 100
74 87
39 61
28 31
85 96
63 73
85 92
32 44
10 20
12 29
86 95
58 67
7 9
61 67
45 72
53 65
17 22
50 55
48 59
58 77
97 98
87 96
9 17
33 41
90 96
17 29
6 10
66 78
78 88
10 16
21 30
2 25
74 85
45 48
36 45
71 77
72 86
23 44
7 19
17 24
79 80
82 87
41 57
86 92
8 24
70 84
4 18
65 70
52 56
29 39
43 51
35 50
20 33
84 88
23 28
71 74
74 83
15 33
44 62
63 78
82 93
75 87
56 64
49 60
30 35
7 20
79 89
80 85
11 25
22 31
78 86
65 86
47 55
56 60
80 100
54 66
83 92
48 60
65 75
84 91
75 80
76 84
75 93
44 52
5 24
20 28
93 94
10 14
17 21
84 93
86 91
60 65
86 93
75 81
78 86
42 52
17 42
58 67
30 37
15 22
46 63
70 87
5 22
62 70
5 15
26 30
68 80
39 58
59 68
9 25
35 39
93 96
9 12
19 23
9 15
55 79
72 81
58 64
5 45
51 56
8 12
19 22
41 92
36 47
86 97
90 94
44 65
13 16
20 31
44 53
87 91
18 37
58 66
83 93
65 74
51 61
77 82
26 29
58 77
54 59
31 53
48 55
45 49
74 90
37 41
21 39
74 80
2 8
6 9
50 63
45 82
24 28
5 23
18 31
88 91
68 70
58 81
93 97
83 90
66 71
76 86
18 25
67 71
8 23
54 62
26 53
41 61
54 63
2 17
44 47
26 32
73 86
39 50
88 97
67 85
67 75
20 23
6 9
78 84
73 82
84 88
31 50
73 80
15 27
35 44
22 26
8 15
34 47
52 59
31 41
64 82
63 76
50 61
39 50
32 38
69 93
88 91
10 14
42 48
11 19
37 47
57 60
92 99
28 37
17 33
56 69
83 96
11 16
19 25
63 75
4 18
83 92
68 70
94 98
10 20
94 97
33 58
22 28
15 24
15 22
15 21
66 72
46 54
35 44
68 73
56 62
67 76
66 73
29 32
91 98
28 34
87 97
46 48
72 83
3 8
12 37
15 31
37 44
55 67
76 93
73 77
86 95
81 88
54 78
44 61
8 11
1 10
50 55
30 37
49 57
70 77
19 51
29 37
23 45
78 86
62 67
17 22
40 43
79 91
81 83
54 75
56 62
1 22
85 98
17 23
55 89
35 44
49 73
51 65
33 52
5 17
30 75
87 97
33 39
23 37
48 63
18 21
90 99
53 62
59 68
83 91
3 7
31 40
33 42
14 25
93 100
67 75
5 26
30 56
28 38
59 66
6 14
83 88
23 30
40 53
92 98
44 48
39 47
34 40
12 18
19 27
48 81
80 90
68 74
71 88
34 45
79 86
54 64
97 100
68 76
52 71
83 92
51 60
26 32
39 48
13 51
15 28
19 33
18 22
85 96
46 55
15 19
88 90
12 38
53 62
56 73
79 95
79 89
79 85
3 26
29 34
85 87
75 90
44 46
1 4
45 58
44 67
67 69
76 99
9 12
29 40
63 74
37 41
90 99
74 86
53 58
50 79
78 85
7 23
54 60
37 43
17 36
10 24
69 83
93 98
85 92
53 61
23 30
87 98
55 77
12 24
63 79
71 78
9 18
37 51
29 39
48 97
82 87
9 14
39 45
89 95
67 89
84 89
25 29
30 51
51 59
72 84
84 96
37 44
65 75
36 41
30 41
70 86
20 28
30 56
39 51
40 51
76 100
90 97
5 14
18 43
74 81
75 90
4 11
25 27
58 71
63 75
20 34
66 87
60 81
75 94
21 26
26 28
8 10
84 97
58 60
34 43
87 93
79 91
58 76
44 54
42 58
58 68
73 93
16 21
86 96
47 55
80 89
29 36
65 79
46 60
40 51
23 29
2 13
80 99
18 28
87 96
90 98
91 93
46 51
5 24
32 40
70 77
81 93
15 30
56 62
51 58
23 46
56 65
28 56
31 47
41 69
35 55
96 100
39 48
11 21
49 57
43 47
66 74
54 61
11 21
18 23
1 13
73 82
92 95
28 43
19 38
35 41
69 77
39 52
21 27
28 36
24 44
91 96
38 58
37 43
36 46
18 20
40 52
37 46
67 72
11 15
64 69
32 95
87 93
81 88
36 55
43 52
34 41
48 58
68 84
71 76
84 97
1 10
89 99
18 28
55 70
54 59
36 43
39 50
22 32
51 59
15 24
47 56
82 96
76 86
60 80
70 81
51 56
32 38
4 20
82 100
76 79
89 93
47 54
94 96
83 98
49 57
36 38
60 66
55 61
88 96
72 84
25 37
73 86
18 22
54 62
35 51
45 51
4 33
57 66
35 47
60 62
93 100
49 60
27 43
49 66
64 82
79 91
58 66
43 60
70 89
21 28
33 40
6 18
61 67
42 53
50 57
73 88
65 75
18 27
39 54
40 44
62 90
35 45
48 73
12 18
61 94
40 59
45 54
66 76
77 85
53 59
7 22
26 35
28 41
48 52
94 100
77 81
56 65
84 91
43 45
52 60
61 69
33 42
83 88
17 40
79 85
75 82
80 86
91 93
81 85
38 63
55 63
10 22
32 49
23 25
54 65
10 20
27 36
21 52
18 21
87 95
70 86
33 50
89 100
2 8
24 26
32 48
76 89
58 60
9 13
42 48
21 27
23 42
81 85
49 63
90 95
2 13
15 29
13 17
7 22
92 97
57 58
74 81
38 46
2 16
21 25
71 95
25 36
22 29
1 13
23 33
88 92
79 92
28 41
92 95
5 10
2 7
61 78
44 53
1 19
30 34
43 56
5 18
67 80
39 52
52 63
3 20
72 98
8 13
75 86
43 61
32 37
52 65
81 89
15 23
75 93
12 17
56 72
43 51
60 66
31 37
6 14
44 47
31 44
85 88
58 69
15 20
46 58
23 32
62 64
32 64
26 36
38 45
16 21
45 48
1 11
48 52
24 36
28 49
16 20
87 92
48 71
49 59
82 94
10 32
46 53
76 84
10 14
10 18
44 52
82 94
41 58
75 87
66 73
33 47
29 37
41 47
69 71
13 17
47 60
7 19
82 89
89 98
86 92
80 95
7 19
57 60
80 88
40 44
62 68
6 30
31 36
70 72
24 41
56 62
72 99
86 91
61 73
24 50
48 70
48 73
53 70
7 27
28 54
53 62
9 17
53 59
86 91
50 59
20 35
71 77
83 91
5 11
16 19
63 69
57 60
45 51
33 37
69 80
45 64
79 88
38 55
50 79
53 66
32 36
90 97
71 75
53 58
70 78
60 64
40 44
89 92
43 58
9 19
86 94
28 30
42 53
48 56
73 78
9 32
14 28
82 90
92 97
26 35
15 29
44 63
24 31
13 24
41 43
73 80
41 50
14 22
20 26
5 15
66 75
18 32
8 16
43 55
44 55
5 11
55 66
5 18
21 25
5 16
38 46
58 67
10 39
25 30
45 60
29 40
53 60
13 31
24 32
37 47
37 49
8 14
17 28
58 62
63 70
39 54
84 91
21 31
53 65
31 36
13 39
28 37
33 43
18 37
70 78
8 18
83 86
52 62
32 35
83 96
87 96
54 61
79 82
17 35
30 33
29 42
27 59
45 52
79 88
18 42
38 48
62 69
39 54
59 62
57 77
82 98
82 87
43 48
54 57
93 100
21 38
54 63
82 86
83 93
12 30
24 28
60 65
36 44
15 21
48 62
42 51
46 70
8 21
70 78
24 28
12 25
15 25
29 44
50 57
58 60
69 79
77 90
35 45
88 100
45 48
38 45
19 47
92 97
59 63
6 14
89 95
46 50
15 35
49 56
44 55
42 46
36 49
44 57
92 100
64 70
77 80
73 95
40 43
28 35
8 22
20 54
53 57
43 56
62 78
16 18
3 12
9 20
61 81
37 52
8 44
80 86
40 47
53 65
31 52
2 16
57 70
68 74
46 53
26 30
74 100
23 28
49 61
59 94
3 24
70 78
1 15
72 82
59 83
79 89
23 30
61 66
29 40
73 76
16 22
89 93
85 92
8 11
84 87
77 92
15 24
74 80
39 46
15 26
53 79
52 55
75 83
52 59
85 95
4 28
88 92
59 81
55 73
34 46
46 51
40 41
65 69
20 37
7 15
55 61
11 21
28 60
41 46
47 69
56 61
68 80
75 100
42 52
85 90
16 24
67 81
77 81
75 82
17 26
89 94
48 52
27 33
45 63
80 91
39 49
89 98
51 61
66 72
54 62
58 66
79 87
3 9
72 81
1 5
82 88
72 79
69 73
30 69
73 76
4 31
75 88
3 13
35 56
92 97
60 71
84 100
74 88
28 33
63 83
41 46
15 23
59 64
63 73
68 92
73 82
12 34
61 69
54 58
6 38
72 84
62 65
85 94
77 82
43 62
42 51
20 32
2 6
77 85
10 28
62 86
70 76
75 79
56 64
50 53
67 73
25 29
44 49
63 73
30 34
18 32
88 92
60 63
79 95
11 12
6 47
33 38
81 88
22 27
60 71
59 69
31 38
43 48
76 100
22 29
66 80
21 48
5 16
74 81
83 97
89 99
10 19
13 28
88 91
2 20
19 38
87 98
6 11
80 89
13 20
54 64
38 44
9 37
60 71
8 26
14 20
42 58
26 30
3 13
38 54
48 53
59 71
9 25
42 47
88 94
63 80
68 78
63 71
90 97
60 63
66 68
54 58
92 97
64 80
39 44
21 26
67 72
31 37
49 57
14 20
29 43
85 90
62 81
3 14
89 100
70 72
42 48
22 26
32 43
26 44
82 88
68 83
8 18
22 26
78 80
34 60
40 61
35 47
19 43
50 62
57 62
77 83
6 17
29 48
32 39
28 41
89 93
49 52
68 72
15 30
15 22
34 38
22 26
62 64
31 39
87 90
64 71
68 81
30 34
14 22
17 23
66 73
36 44
67 73
41 62
24 33
62 66
53 60
93 99
81 86
66 77
46 53
53 74
6 15
37 46
33 48
26 45
87 99
51 59
78 90
10 17
80 87
24 36
53 65
7 8
42 49
52 71
69 80
20 25
2 21
70 86
67 72
61 75
76 86
41 82
72 88
50 65
78 85
30 61
50 61
51 65
34 49
8 19
2 14
13 18
48 76
26 46
76 82
79 85
62 66
29 39
55 87
11 17
6 14
52 61
42 48
52 60
32 37
18 29
23 31
48 53
31 56
17 43
58 61
63 82
43 46
19 24
54 66
86 96
30 37
22 42
52 73
59 72
67 71
9 17
19 22
60 62
65 71
60 72
15 18
77 96
59 81
12 25
68 77
59 69
88 91
55 63
48 53
1 12
83 92
4 7
2 25
26 31
36 44
49 56
31 46
32 42
20 39
24 45
8 14
23 44
57 64
54 72
59 94
25 30
31 44
40 55
59 65
18 36
28 31
45 55
42 61
31 43
13 18
40 61
17 26
72 79
43 58
74 90
80 85
16 24
80 90
60 73
30 35
68 79
53 62
20 29
93 94
68 71
13 24
69 78
62 80
74 82
61 72
10 22
67 73
11 22
3 9
56 67
39 49
41 52
40 47
12 21
32 44
36 42
65 72
49 70
15 19
61 68
7 12
8 11
23 29
14 24
18 32
61 85
69 77
10 20
34 53
66 89
11 23
78 98
3 30
67 80
49 71
27 42
82 90
5 9
4 20
79 91
6 28
29 42
20 26
72 79
68 77
65 77
38 43
5 11
3 13
33 39
80 88
38 48
13 26
63 83
42 65
12 20
23 32
23 26
1 14
47 54
27 38
51 56
73 79
59 75
77 97
68 77
53 63
58 67
55 59
19 27
53 58
80 83
58 61
17 23
38 40
5 18
19 34
15 33
64 70
31 35
14 24
41 48
32 40
8 22
27 33
56 58
41 54
65 74
76 82
37 46
18 47
82 88
28 31
6 16
77 79
34 40
9 24
30 35
47 61
2 7
79 96
76 97
66 72
55 82
78 84
87 91
25 35
73 84
46 51
88 91
12 27
62 76
22 43
57 81
5 9
54 66
23 34
40 52
66 79
45 53
20 30
54 67
28 34
63 95
38 51
55 62
67 83
29 36
79 83
64 71
9 15
61 66
38 51
89 94
3 15
31 45
89 98
39 54
7 11
89 93
46 52
90 94
16 28
36 46
13 21
87 94
76 78
23 38
34 37
26 32
32 43
29 36
65 78
17 25
66 74
34 43
34 39
22 34
58 67
63 68
46 67
2 16
46 53
5 9
36 49
46 54
17 36
40 56
83 97
44 54
88 99
1 7
82 92
4 11
30 33
58 67
21 30
61 68
51 58
44 52
28 34
45 48
24 32
36 43
82 92
37 51
38 48
17 27
25 36
74 89
61 70
75 86
47 50
87 91
12 16
57 62
90 98
30 35
20 23
16 64
54 74
82 90
9 17
16 19
72 75
75 85
64 68
49 73
72 77
60 73
87 92
13 22
59 70
67 73
58 74
6 16
22 35
52 55
41 49
71 92
85 94
61 66
27 43
14 23
87 94
15 36
6 21
63 79
11 31
48 60
41 48
67 74
57 64
28 46
29 35
64 77
61 67
37 48
18 23
81 96
96 100
84 91
21 30
60 75
8 18
2 57
2 21
5 11
64 79
56 65
69 83
39 48
80 88
71 79
13 30
13 30
45 48
4 11
61 64
66 75
23 29
5 8
59 77
53 66
39 53
34 46
11 17
12 33
55 62
21 78
26 39
51 59
15 21
39 41
71 86
80 86
10 15
46 55
49 70
15 21
59 68
28 60
33 36
48 58
61 70
54 73
84 97
1 11
52 58
52 66
23 25
44 70
33 40
72 82
68 70
37 50
91 94
37 53
94 97
72 73
70 79
58 73
79 85
70 81
52 58
11 28
78 90
39 49
68 75
54 90
86 95
25 33
26 39
43 57
87 94
45 63
20 50
42 44
83 97
6 15
79 95
15 21
61 67
78 89
79 84
20 25
80 91
21 30
19 33
51 60
3 10
65 85
34 40
7 18
68 75
68 75
72 79
7 9
4 10
49 62
39 55
25 42
80 93
63 78
74 85
80 90
22 44
61 76
7 29
10 23
31 36
8 25
13 26
35 41
36 55
24 37
30 36
49 72
53 57
37 44
8 10
89 96
46 53
55 64
85 97
37 61
63 81
50 57
65 72
91 99
62 66
52 60
17 26
65 78
64 80
18 21
49 70
47 53
71 81
68 87
80 90
68 75
21 34
63 73
31 43
11 30
11 14
5 8
7 18
58 69
79 84
49 58
66 72
18 23
77 98
90 96
33 46
17 39
26 30
8 19
33 47
13 19
78 94
13 27
12 20
89 95
37 61
41 47
67 78
23 39
43 56
11 18
10 16
39 44
50 57
65 71
20 31
73 83
49 57
72 79
26 29
60 77
85 97
54 71
69 83
9 20
65 73
5 20
57 66
53 89
31 38
10 20
7 10
43 49
74 85
79 97
64 67
33 46
88 94
66 74
47 53
77 81
62 73
45 61
18 22
24 30
36 46
37 46
71 74
20 33
16 33
87 100
86 96
47 58
45 48
43 61
2 8
19 26
93 100
51 74
43 48
23 25
82 94
39 47
21 23
21 34
20 40
66 81
55 58
47 59
49 50
78 86
65 68
13 18
58 72
39 50
90 94
69 74
73 87
25 48
75 91
9 29
14 23
29 40
76 84
1 4
35 42
47 69
77 90
6 7
26 34
27 35
10 19
3 7
47 51
35 38
16 27
49 72
88 91
90 97
28 39
37 47
76 87
80 91
66 82
81 99
4 16
15 17
43 52
51 77
75 94
22 31
23 28
10 29
21 28
49 55
77 81
82 95
76 80
89 91
31 47
8 16
73 80
83 93
69 85
11 51
33 58
66 85
61 72
51 58
75 85
78 90
64 78
43 50
40 45
35 54
33 37
2 11
83 89
60 73
82 95
65 88
45 56
58 80
13 18
61 83
22 35
5 15
6 14
52 57
20 26
36 48
36 44
76 83
9 15
63 66
48 65
74 91
56 71
29 34
58 79
34 42
68 73
87 95
66 84
12 23
78 86
60 69
70 88
57 77
57 65
31 62
3 24
95 96
7 33
10 16
35 48
66 77
29 43
63 70
1 9
63 72
84 91
46 61
83 89
42 49
15 25
80 92
64 69
26 37
68 78
66 76
64 82
87 97
95 99
81 98
67 76
61 96
84 90
59 63
1 6
22 75
37 49
17 28
75 95
32 38
63 69
39 45
81 100
18 26
44 59
28 39
52 61
20 34
49 81
29 34
27 31
87 92
34 41
26 41
15 28
88 91
61 83
21 35
74 80
51 58
47 62
93 95
92 96
82 87
12 16
84 96
23 32
38 64
9 24
85 96
52 57
62 85
42 50
68 81
80 99
13 25
70 77
23 36
14 21
11 16
65 89
1 17
67 100
56 62
5 7
77 90
89 98
19 26
57 65
89 98
17 23
48 50
63 69
34 43
38 42
15 31
77 80
73 82
56 64
44 46
28 61
68 73
6 8
47 65
65 72
30 49
58 68
15 28
85 88
68 76
83 100
45 57
64 70
28 35
7 33
76 89
5 7
59 62
75 84
56 66
84 90
56 80
14 37
34 48
90 100
59 64
17 24
70 78
43 63
34 62
72 80
68 74
18 40
58 67
18 24
10 27
30 33
69 89
69 72
40 42
94 100
2 11
25 32
35 42
13 25
72 92
42 60
43 51
84 93
34 37
65 71
66 72
37 43
49 68
97 100
24 37
77 83
29 45
18 23
87 92
43 49
21 39
48 58
12 23
46 53
21 27
83 91
89 92
2 11
74 83
64 76
43 57
89 92
79 94
46 53
42 50
76 80
57 88
41 50
62 72
23 59
61 65
25 40
76 90
49 66
2 7
11 16
94 99
51 69
82 95
41 47
44 51
17 32
65 84
35 45
19 40
34 43
34 38
4 21
63 72
74 88
55 72
16 23
10 18
76 82
31 40
11 14
92 100
52 62
71 82
87 95
22 33
16 29
8 19
49 58
8 16
79 85
56 65
7 36
21 32
22 37
66 74
60 89
73 81
3 6
6 23
32 42
79 93
16 25
41 47
54 73
27 29
12 29
60 66
73 76
2 33
63 72
8 19
62 70
68 73
73 77
67 75
79 88
85 95
64 73
7 15
46 50
61 91
63 68
8 12
60 65
77 81
2 24
73 79
26 51
20 24
58 61
18 34
10 17
16 30
45 50
37 48
83 91
80 100
82 84
39 51
88 92
26 45
78 88
97 100
41 65
43 69
47 94
38 55
75 93
78 85
66 73
10 36
48 52
93 99
43 51
74 79
7 12
69 78
74 82
49 56
45 67
84 96
42 55
23 45
19 29
51 59
28 33
5 18
8 24
1 10
3 17
64 83
48 76
32 33
55 65
15 22
16 30
29 44
36 43
27 37
61 73
82 95
34 43
73 77
71 85
42 56
6 17
26 29
45 53
17 39
78 89
48 56
36 53
39 50
33 40
79 94
73 89
43 51
31 36
79 97
5 14
7 16
79 86
71 87
68 79
49 54
90 100
51 55
30 39
50 61
37 53
36 42
90 97
11 19
67 71
37 45
42 50
95 100
29 46
32 56
65 83
41 60
69 80
3 11
69 82
5 32
68 99
44 51
87 95
19 33
80 94
48 63
43 69
12 21
71 81
48 70
62 87
90 94
73 77
26 40
9 27
64 73
15 25
12 20
69 75
39 51
51 56
14 18
84 96
24 28
39 50
63 71
74 82
81 89
48 56
13 28
22 27
39 84
74 97
85 97
36 46
38 47
18 27
90 95
70 84
88 92
77 82
67 85
24 29
56 79
29 33
73 81
9 14
16 24
68 75
67 74
46 64
12 17
47 53
91 96
78 89
15 23
66 72
63 65
15 23
22 50
11 26
77 93
79 82
8 21
62 70
50 71
23 27
10 24
10 15
3 16
16 28
50 55
70 76
45 49
7 17
15 34
22 41
18 25
15 22
90 94
5 14
8 13
81 90
44 50
24 35
32 39
21 35
56 84
12 20
51 59
74 83
67 97
83 93
20 46
14 22
13 16
62 81
3 13
31 44
64 76
82 90
65 74
31 45
6 9
18 31
40 48
61 94
75 80
24 30
43 63
62 72
71 74
58 69
61 65
48 59
21 26
49 51
89 94
30 43
29 49
68 76
34 64
40 50
39 45
61 86
82 92
75 78
54 58
6 12
56 62
45 50
66 77
90 94
67 76
35 42
22 37
82 87
14 29
34 36
19 22
84 93
2 8
25 39
79 94
71 72
1 45
57 61
73 91
35 63
82 100
16 27
3 14
56 78
56 67
55 63
4 10
74 81
13 23
68 79
29 36
86 95
15 28
61 72
77 87
41 58
27 48
78 87
30 42
10 29
10 20
14 26
43 55
14 28
39 52
52 59
14 18
49 61
79 81
35 52
79 95
62 79
70 76
8 12
80 93
63 69
11 27
27 35
55 64
84 93
59 75
8 16
21 22
66 78
63 65
69 81
93 94
1 20
7 20
65 74
87 93
10 18
86 96
53 55
23 32
85 92
1 7
45 50
55 63
6 10
7 29
16 24
63 69
26 59
92 96
37 40
57 65
63 89
85 88
55 62
73 92
30 36
77 81
87 99
2 10
63 74
35 49
41 47
86 95
20 27
6 14
39 45
69 93
56 68
4 30
45 55
18 21
80 86
47 51
17 41
61 65
20 24
74 97
71 73
45 60
61 67
17 23
25 32
84 94
42 51
28 38
68 87
23 34
2 11
79 92
10 24
60 77
14 26
34 40
79 89
37 45
27 35
79 84
25 35
26 32
87 89
49 74
77 84
92 100
15 19
38 44
6 15
13 29
48 60
12 21
9 13
87 91
23 33
39 48
19 27
1 14
49 59
1 39
68 74
53 56
86 90
55 61
59 70
54 66
88 96
33 48
45 51
3 16
34 42
46 49
85 93
51 70
37 47
50 53
76 78
81 85
39 45
14 23
90 93
53 59
76 82
14 27
19 29
16 30
67 72
13 20
91 100
41 54
73 79
81 91
78 83
45 59
16 23
3 11
91 95
17 40
76 90
83 96
35 39
67 72
20 31
50 59
16 24
10 35
81 99
14 27
60 80
11 16
6 21
46 60
34 42
84 87
70 78
86 98
32 52
54 66
30 37
17 28
30 37
60 66
76 82
70 77
82 97
55 59
81 87
11 23
65 70
76 86
46 51
45 48
33 53
29 30
42 63
17 22
88 94
57 61
10 16
76 79
12 24
68 76
71 77
53 72
75 82
18 26
30 39
64 74
67 86
53 66
6 11
79 85
39 47
56 63
53 59
5 7
28 35
58 75
12 17
71 76
91 97
64 70
14 25
34 39
47 52
67 74
71 84
72 77
45 66
24 32
51 58
62 68
45 53
59 64
63 68
56 69
59 66
79 85
2 19
83 98
56 70
53 58
53 84
50 58
67 73
22 26
91 95
87 90
36 45
58 66
76 80
40 50
28 45
25 43
48 66
6 22
83 92
21 24
5 14
60 81
72 79
85 93
74 87
57 62
3 12
1 12
53 58
67 76
78 82
33 37
75 91
91 99
84 90
3 8
52 61
35 42
19 54
52 60
48 53
71 85
87 91
41 62
9 18
33 59
72 83
92 100
88 98
91 97
88 95
86 98
51 78
39 47
58 62
73 83
18 20
16 31
66 73
26 32
79 88
22 32
58 67
87 97
4 15
21 38
55 66
41 60
12 20
12 16
40 44
80 86
27 35
26 37
5 8
42 46
79 88
50 62
64 66
71 82
20 25
69 77
18 31
15 28
62 64
69 76
37 61
39 50
9 17
26 31
66 83
31 38
24 40
3 9
19 39
12 28
47 63
24 30
63 72
78 87
28 47
18 32
11 25
40 47
73 100
2 5
29 45
26 35
56 69
40 52
70 77
17 25
78 94
14 28
4 13
33 45
32 38
54 73
77 82
5 19
22 25
54 65
80 98
17 28
84 97
36 57
24 42
73 83
50 72
23 43
49 57
60 70
71 86
70 75
17 28
42 47
59 77
40 49
72 81
64 66
20 32
34 39
42 54
32 42
15 21
73 82
51 65
56 59
15 36
38 44
86 100
5 84
58 64
81 83
8 13
92 95
40 44
22 25
63 75
52 63
27 32
87 88
84 100
65 82
82 87
74 77
65 99
3 12
32 45
21 35
73 92
43 47
81 99
77 83
13 21
8 17
89 93
1 19
1 24
18 22
82 98
10 14
38 45
6 25
35 53
39 43
79 84
69 72
19 27
55 79
55 58
40 48
12 29
51 68
67 82
40 48
6 13
18 27
73 80
20 24
64 73
15 20
20 24
37 43
45 54
82 89
41 54
10 21
67 79
34 52
44 48
14 15
33 50
39 42
55 69
88 96
17 20
5 14
86 98
75 80
30 32
38 49
77 82
17 32
40 48
20 36
8 15
42 52
16 30
65 79
90 93
51 90
58 84
45 49
47 60
64 75
80 93
50 60
55 62
18 37
22 57
90 99
27 41
47 54
24 27
58 95
33 35
29 44
24 38
29 67
35 38
61 75
16 27
25 27
7 15
7 14
34 40
78 86
58 67
42 47
80 91
60 74
35 53
24 35
31 45
32 34
89 91
12 31
49 56
12 29
2 22
43 51
23 51
16 33
4 10
56 66
72 76
56 61
10 19
61 77
72 93
71 95
6 18
26 29
60 68
48 53
46 67
17 24
88 90
6 25
52 62
10 15
87 92
10 52
44 50
82 89
84 89
79 83
26 34
13 20
27 40
43 52
16 28
87 90
51 55
64 79
59 70
60 71
43 47
12 22
22 40
63 83
92 99
26 60
87 91
20 48
80 87
56 61
65 72
88 95
7 16
57 60
26 61
78 95
52 61
23 40
65 81
18 35
62 72
15 30
36 43
70 83
9 15
46 63
56 64
55 61
64 69
43 58
54 62
85 96
9 33
66 73
55 64
20 26
25 31
5 10
6 15
42 50
67 84
19 36
59 69
57 72
57 68
46 54
6 7
57 67
15 21
11 22
11 23
13 38
74 86
85 90
25 29
57 71
91 94
61 69
93 98
58 66
21 36
70 73
49 57
87 95
26 33
12 27
2 8
45 49
52 60
23 33
16 20
75 81
13 22
23 41
50 68
68 74
41 54
21 27
48 58
57 62
77 89
41 52
36 49
3 8
40 43
91 99
2 18
42 50
42 48
79 84
78 89
88 98
44 48
17 26
8 22
39 49
35 40
19 55
56 65
61 65
75 79
93 96
85 100
22 39
14 19
70 88
65 76
75 93
33 41
72 77
23 33
71 77
90 94
87 91
41 51
28 32
34 38
59 64
80 87
52 63
58 73
9 37
36 41
17 32
94 98
74 90
6 13
62 65
61 68
76 97
25 33
43 46
45 53
20 43
13 21
5 17
30 39
71 97
26 45
4 51
79 88
20 22
52 69
4 10
78 92
3 11
8 26
69 85
9 15
64 73
67 72
31 39
49 51
18 35
59 63
51 56
47 77
45 49
57 68
70 79
85 87
66 69
61 68
83 90
11 17
21 26
26 39
64 95
81 84
32 34
61 67
43 48
42 53
12 22
28 58
25 77
77 95
65 75
50 58
28 36
60 75
85 94
66 72
6 16
60 70
70 74
56 84
70 81
64 77
18 25
8 12
70 76
1 11
47 63
61 70
25 51
69 81
64 77
59 74
21 27
14 17
90 93
12 22
85 100
82 89
17 39
56 68
88 89
68 75
1 4
12 26
34 44
92 98
26 68
51 61
80 85
20 25
31 34
88 98
33 41
7 22
76 96
52 74
36 61
73 80
40 51
52 65
14 18
40 42
11 29
35 39
28 33
7 20
16 25
4 12
3 6
90 97
51 63
47 49
95 99
95 99
18 31
21 43
67 76
34 37
56 66
58 71
19 45
69 87
42 50
62 85
41 64
20 21
71 75
79 87
7 18
79 86
75 86
5 15
34 40
72 83
35 47
78 80
76 84
86 88
76 79
47 55
32 36
4 22
18 24
75 79
41 51
32 37
85 89
79 94
32 44
80 89
67 70
21 30
89 99
73 81
41 60
8 13
12 24
3 9
63 70
81 93
48 56
66 74
81 89
27 48
15 21
65 87
49 63
63 65
9 19
18 39
32 42
56 66
26 33
8 15
55 68
87 93
4 28
64 75
77 96
53 68
79 84
23 30
72 74
67 78
72 77
18 27
7 18
63 77
2 13
52 69
22 34
51 56
45 62
91 95
75 89
74 78
87 98
8 16
51 78
20 35
46 53
31 41
13 16
18 23
38 51
61 66
77 89
57 63
81 90
40 58
70 76
27 41
82 94
30 39
60 77
30 42
45 60
24 31
66 84
24 49
35 44
32 43
54 59
27 36
11 18
18 32
59 70
53 63
63 70
64 78
79 92
78 81
5 13
47 57
51 65
27 37
8 9
81 90
19 32
81 86
90 95
30 45
31 38
35 53
47 73
24 27
28 52
35 39
42 54
1 10
43 47
53 68
24 45
4 21
71 79
13 33
82 99
50 76
8 28
66 74
46 57
32 46
7 16
66 75
84 93
82 89
71 74
19 32
35 51
24 33
78 90
17 23
31 42
62 92
15 40
88 97
82 91
12 35
34 49
36 40
36 40
32 44
91 94
11 47
9 28
70 77
38 51
75 91
17 23
48 61
60 73
63 76
20 24
90 96
15 22
77 89
75 84
41 49
40 43
71 81
22 29
59 77
19 28
28 42
49 57
23 29
62 73
49 53
21 27
77 82
29 42
10 21
18 37
26 48
17 23
47 58
16 31
66 75
52 65
63 81
59 65
86 95
22 35
22 31
90 99
57 63
76 82
90 93
16 24
54 67
31 48
17 32
13 19
77 93
67 77
69 72
26 47
52 57
73 83
7 10
45 50
17 19
7 22
32 46
37 43
80 99
29 33
40 60
77 81
50 68
48 62
46 49
19 31
43 57
9 18
60 67
78 87
26 33
7 27
43 88
48 60
40 45
51 63
89 93
37 63
69 81
32 39
17 27
81 89
47 51
57 71
18 44
63 65
66 76
34 42
5 15
77 83
33 36
43 53
28 82
33 46
22 27
68 74
61 93
39 47
58 68
43 48
57 74
47 60
72 77
26 33
33 47
71 75
88 97
50 65
15 63
60 70
36 57
44 52
33 44
55 71
63 69
31 40
24 34
68 73
40 54
7 10
24 26
81 83
23 25
23 32
50 65
51 57
50 59
28 36
11 16
17 29
23 35
75 81
5 33
58 61
69 80
62 78
2 6
28 56
6 9
55 66
57 65
1 14
14 36
22 33
70 81
20 27
14 26
8 19
89 93
45 56
16 19
78 86
33 39
12 24
77 81
53 65
11 32
46 52
93 95
90 99
21 28
18 22
88 99
1 13
23 41
49 59
7 14
42 50
3 6
26 30
56 88
10 22
14 18
52 60
52 64
30 46
49 55
5 12
5 23
45 62
89 95
76 100
23 29
42 50
39 47
4 20
58 60
88 95
23 37
48 54
45 55
82 88
62 67
82 84
31 49
34 42
89 95
72 83
69 72
62 73
2 7
67 72
7 16
46 57
50 74
83 87
74 77
12 20
15 23
82 92
22 43
55 74
43 57
43 68
1 15
74 91
5 19
60 71
88 93
54 62
63 89
43 48
40 50
24 30
33 37
38 43
66 73
25 32
22 29
91 98
20 41
80 87
18 35
40 55
6 15
33 38
29 54
88 100
6 17
19 25
4 12
36 40
22 30
50 58
61 73
55 61
79 82
23 39
78 89
50 69
68 76
2 13
29 35
40 53
26 31
29 35
6 18
51 60
44 48
57 62
47 53
64 70
14 58
71 87
31 49
11 16
45 56
10 15
31 44
21 30
47 52
62 66
24 36
55 63
72 84
6 16
76 91
8 27
47 61
52 69
61 63
54 60
53 57
74 82
60 67
50 57
29 41
35 37
49 53
15 24
37 52
68 85
18 41
66 89
63 80
80 84
61 68
69 74
66 72
80 84
9 20
38 43
19 34
69 75
25 28
48 53
40 46
1 21
60 68
30 40
52 64
9 37
12 20
21 31
71 74
93 96
61 67
66 76
85 91
18 23
34 40
5 13
80 93
56 60
36 77
87 95
50 54
24 37
66 75
81 97
82 98
1 6
34 45
76 83
31 43
53 57
47 69
34 57
27 32
74 93
53 60
52 54
14 21
49 54
6 11
69 72
15 20
39 46
68 74
6 24
34 39
59 97
40 50
52 68
93 100
19 24
41 56
6 26
29 53
79 90
67 78
48 59
85 90
82 88
90 97
48 51
14 46
24 26
78 90
62 69
76 84
17 36
57 66
9 18
33 47
38 46
54 75
94 98
73 76
77 84
29 42
21 48
39 62
60 64
27 32
58 68
6 15
77 86
26 34
65 82
4 18
80 90
53 58
43 53
78 94
10 21
65 72
52 58
7 34
5 18
81 90
56 62
57 64
36 40
18 27
18 24
86 98
19 31
49 61
40 50
74 87
42 54
13 22
9 18
3 12
45 56
88 96
87 99
52 57
78 99
69 81
33 38
73 81
39 44
60 67
47 57
9 23
44 49
72 83
7 26
65 74
20 27
54 63
63 66
53 69
77 98
49 55
66 71
42 55
80 92
54 63
83 91
53 73
62 91
61 76
78 89
21 26
25 45
85 89
66 74
12 19
80 83
36 44
25 33
34 44
20 29
23 32
76 81
67 79
4 9
50 59
71 78
15 21
55 69
2 14
27 49
73 79
82 86
10 16
22 73
40 55
1 15
2 17
85 92
74 84
11 20
18 28
56 63
47 58
81 84
11 21
3 25
60 65
69 78
8 10
62 72
59 64
33 45
63 81
57 70
30 48
74 80
87 97
80 96
68 75
47 58
22 26
51 65
55 70
34 47
6 14
10 24
24 36
63 69
75 83
52 70
28 34
14 28
65 73
31 40
48 53
50 91
76 79
2 9
24 34
9 10
41 57
68 73
44 46
58 73
36 43
89 96
36 91
62 79
49 57
79 80
41 49
77 80
64 68
71 92
74 82
62 68
90 94
12 16
32 52
85 97
22 27
43 85
26 42
42 53
67 78
35 41
59 64
44 57
83 93
39 48
6 15
47 50
56 81
92 99
19 29
69 74
89 93
36 43
23 37
54 63
24 32
37 60
78 83
93 100
24 31
61 80
70 79
5 20
68 78
33 36
56 60
66 78
17 25
3 11
53 64
59 83
87 96
57 77
21 29
35 42
17 31
75 83
54 75
66 87
55 63
5 18
61 66
19 47
55 78
22 34
70 82
18 30
55 68
28 35
87 95
23 38
16 21
10 29
69 88
4 26
83 98
91 93
33 44
42 57
10 20
94 98
56 61
74 81
91 99
44 58
78 87
55 80
49 71
6 21
35 37
71 86
83 93
63 69
85 89
18 51
79 93
34 41
37 48
64 72
77 81
85 93
23 33
1 30
49 55
88 98
27 37
11 24
80 89
89 98
89 93
25 33
45 57
90 93
10 19
61 65
82 89
54 59
52 58
16 26
73 78
65 74
55 58
30 46
83 99
36 58
87 90
64 71
81 84
85 94
40 54
41 61
80 87
38 54
71 78
1 22
1 41
23 41
47 67
79 95
33 54
59 72
70 89
10 13
23 28
20 26
49 72
70 78
41 48
55 70
46 54
25 41
28 54
42 47
31 39
41 46
75 84
4 5
67 75
18 49
23 32
83 95
20 34
47 59
28 41
70 77
21 30
93 98
37 42
17 25
20 43
4 12
22 31
64 72
61 93
71 92
8 34
67 73
73 80
51 54
56 64
76 86
79 89
47 65
35 39
72 75
34 46
17 19
45 57
16 24
36 40
25 35
15 37
86 90
79 87
13 35
30 35
34 48
34 49
91 96
28 45
89 98
20 41
79 92
33 43
39 43
19 32
81 87
42 59
31 57
50 60
53 67
21 27
35 51
53 63
45 63
20 22
33 43
3 11
18 45
55 58
63 69
23 32
12 28
79 86
6 22
12 17
61 83
18 20
2 14
31 41
63 67
26 32
72 78
55 66
75 81
75 90
72 82
68 81
57 64
42 52
6 22
3 6
52 61
29 33
64 69
59 77
50 60
62 68
44 50
36 45
15 22
31 38
52 58
66 72
41 49
13 31
40 56
59 67
78 86
25 36
65 71
52 59
38 45
63 71
9 16
11 22
6 24
4 14
53 59
6 26
19 31
38 50
33 42
20 36
68 82
83 92
78 95
76 85
5 14
82 92
40 47
33 43
20 25
14 20
23 39
77 87
89 100
16 37
82 94
43 60
4 15
69 82
92 99
46 60
70 82
27 42
58 71
12 15
56 66
8 27
11 17
72 82
55 60
64 67
12 37
36 42
90 100
41 63
67 86
36 50
30 58
59 62
75 77
27 32
16 23
2 7
79 96
50 54
55 59
49 68
23 30
38 57
17 26
88 99
5 27
26 39
87 93
45 55
4 17
77 84
35 40
18 21
90 98
88 99
53 71
39 46
16 22
70 77
62 77
24 32
65 79
21 33
54 58
5 11
5 10
59 64
67 75
56 79
62 68
35 40
53 58
49 61
67 98
34 46
89 92
20 27
77 82
87 88
13 29
60 84
55 60
59 66
65 73
50 60
29 35
89 97
21 29
57 61
78 83
60 77
74 91
10 15
21 27
9 15
15 21
55 66
2 11
76 82
73 81
24 40
85 91
41 50
75 76
71 82
75 83
4 41
65 78
40 49
3 10
59 68
74 86
20 26
16 40
11 51
73 82
11 33
58 68
64 97
53 90
62 67
78 85
37 52
55 59
29 31
80 89
6 12
35 38
73 79
25 34
82 89
68 88
7 25
30 40
10 19
9 45
22 37
56 66
81 87
17 24
22 29
40 50
78 88
82 89
57 63
72 77
7 16
95 99
54 66
22 27
89 95
34 49
56 63
35 48
55 61
17 22
56 69
76 84
54 60
64 67
66 88
12 14
19 37
55 62
59 77
57 75
14 25
64 80
57 68
40 45
37 51
39 49
71 86
88 96
32 35
30 72
13 41
83 86
60 63
39 76
7 26
78 81
62 71
86 90
18 29
67 87
80 86
48 61
88 94
24 27
25 44
45 68
29 35
18 32
45 62
49 62
35 44
45 71
68 75
48 51
28 38
26 35
21 41
16 21
38 45
48 54
61 73
22 31
27 31
9 24
18 21
67 72
84 100
92 95
77 95
69 81
13 27
45 52
25 41
13 20
77 86
37 55
69 86
20 40
21 30
47 51
12 22
49 53
14 28
87 97
9 14
50 60
31 53
22 30
69 90
17 31
45 56
61 68
7 27
72 92
59 79
31 33
54 62
23 28
67 73
77 93
27 34
14 29
17 26
44 62
38 71
72 86
81 93
35 41
76 98
50 52
75 79
51 64
45 63
27 77
31 44
37 60
81 87
31 35
55 65
54 70
30 45
10 24
9 19
2 8
44 48
11 19
62 67
16 25
43 49
35 58
26 40
40 62
30 42
28 41
40 50
52 60
77 84
78 82
23 26
75 94
50 59
20 34
83 95
1 15
11 22
27 37
16 30
12 17
32 36
14 22
29 32
1 9
54 63
18 31
39 52
39 50
36 46
64 78
31 42
7 44
8 21
41 52
72 79
33 35
82 95
38 46
22 30
5 21
71 84
90 93
49 53
52 58
55 65
41 53
28 36
45 47
1 11
44 58
33 46
63 83
48 55
35 47
35 39
68 80
60 66
78 96
56 60
8 16
32 37
20 28
66 81
15 24
1 17
77 79
22 33
85 94
7 11
42 47
87 90
10 30
18 35
10 47
15 25
82 93
31 40
53 58
82 91
81 92
74 80
46 86
73 83
72 73
48 58
41 67
30 42
1 17
12 33
28 49
67 74
62 65
70 78
68 78
38 53
62 70
39 45
50 55
77 94
51 64
73 77
75 86
7 12
72 87
79 93
65 79
24 33
55 64
13 31
85 98
66 71
17 22
32 43
35 44
36 52
33 42
49 65
58 62
84 89
33 37
35 76
25 41
6 22
30 41
19 25
53 62
67 70
23 38
60 76
33 50
25 44
47 53
75 99
85 98
41 44
52 63
55 66
53 57
85 91
89 98
18 22
78 95
9 14
48 62
46 65
51 59
4 13
18 29
31 38
35 50
79 94
62 72
32 37
80 83
50 61
87 97
11 21
43 56
91 99
12 17
10 16
71 82
68 93
34 38
69 81
31 35
49 54
12 16
7 8
73 92
15 18
12 18
71 76
78 82
47 55
67 76
63 66
17 34
44 60
16 21
85 88
96 100
46 62
79 88
92 95
53 64
71 82
52 68
47 61
63 72
13 31
32 42
92 100
93 98
35 38
74 77
71 73
81 88
56 67
16 28
91 97
63 68
26 31
17 22
20 35
45 49
1 3
36 39
56 59
23 43
82 90
74 82
70 82
59 66
61 69
45 50
10 16
81 93
79 89
45 58
16 17
68 98
60 77
16 25
38 43
39 66
54 57
19 58
87 95
33 46
9 17
2 5
85 91
16 21
95 98
28 34
66 77
47 50
84 98
16 28
40 48
4 17
3 30
27 47
34 39
25 29
76 99
55 66
50 56
6 12
72 79
84 96
2 10
86 93
30 38
43 45
71 79
82 100
74 86
42 45
83 89
16 19
64 73
12 14
72 81
78 82
27 63
71 82
73 78
19 34
88 96
71 89
29 35
43 47
25 29
43 60
54 70
72 91
66 69
57 61
67 74
43 48
14 23
69 73
47 61
27 34
15 22
19 46
22 39
69 91
16 42
49 66
42 50
71 75
50 61
44 65
14 19
86 94
47 68
41 56
56 64
34 42
87 95
88 98
49 55
31 43
85 95
69 77
16 29
23 38
56 61
12 15
50 56
81 91
69 82
26 41
4 7
15 20
4 10
83 94
31 50
24 31
25 34
33 43
44 52
34 35
68 79
76 87
92 95
53 58
77 88
83 95
50 55
20 25
37 44
67 76
15 22
29 33
40 45
33 41
59 61
31 41
32 45
79 87
58 70
89 90
8 25
39 45
35 47
57 67
26 51
9 13
35 46
88 100
44 71
66 82
67 75
16 42
28 35
9 13
67 73
70 72
83 92
52 67
55 73
62 79
27 33
11 27
25 28
5 12
86 94
59 70
64 83
41 43
46 58
85 90
38 51
63 79
14 20
19 29
48 57
32 39
61 78
79 91
3 24
66 81
31 38
25 27
16 22
50 54
93 97
41 50
76 93
26 40
1 23
69 80
63 70
65 74
40 45
53 60
60 73
18 25
39 50
40 51
32 43
4 18
58 67
52 76
25 30
36 54
66 75
24 45
73 79
66 90
69 83
24 31
84 88
14 25
90 100
36 51
34 43
13 22
17 21
54 60
64 80
24 29
41 47
36 45
6 14
29 63
81 89
44 53
3 21
56 84
60 63
56 71
4 18
64 82
53 61
38 49
28 35
2 14
22 23
22 32
83 96
33 41
70 71
19 29
78 86
83 97
4 11
88 95
80 83
32 36
40 46
70 82
21 40
6 16
61 68
85 88
64 75
9 13
45 56
28 53
44 53
69 84
56 68
4 8
1 9
37 47
66 78
31 39
16 24
66 70
7 15
57 75
63 73
94 100
15 27
35 38
5 26
23 30
31 32
79 87
8 17
37 45
18 28
68 91
55 59
64 87
16 22
3 12
86 91
35 42
54 73
29 34
7 14
34 60
3 9
93 99
3 8
46 57
25 29
68 71
92 98
59 64
78 86
43 53
2 5
50 58
67 76
31 43
60 66
51 60
61 68
20 35
13 38
43 57
69 88
5 15
78 89
8 16
82 96
85 98
2 8
10 17
60 77
78 91
22 29
36 60
14 18
66 71
60 71
60 67
17 33
5 18
69 74
43 51
58 70
29 47
68 74
40 52
65 81
87 95
55 74
7 17
77 84
8 20
65 100
32 61
37 55
39 47
87 100
9 39
78 88
3 23
76 92
45 69
39 42
8 25
54 58
69 74
1 5
80 82
1 5
34 47
6 14
32 89
68 93
16 18
58 67
64 85
3 10
46 57
64 75
93 98
50 63
27 31
21 30
7 15
10 24
28 37
78 85
70 76
23 32
83 91
29 45
44 53
61 63
89 92
53 55
80 91
48 57
16 34
45 65
47 54
80 90
33 55
47 63
79 82
5 17
69 85
81 94
34 48
80 92
12 19
88 94
6 9
70 73
8 16
20 35
89 96
26 40
46 56
74 79
65 73
53 73
4 12
93 96
32 44
80 94
24 33
52 62
61 63
37 50
34 45
22 38
14 25
75 84
89 99
89 93
23 37
84 90
79 85
57 61
25 48
61 82
38 44
54 73
63 99
89 98
94 98
38 47
91 99
3 12
25 37
22 29
40 43
22 30
67 78
51 61
40 51
25 42
73 85
6 14
80 90
12 23
73 86
6 20
3 17
38 47
68 76
63 72
87 90
6 19
85 98
55 64
25 29
16 25
74 82
1 31
71 79
52 60
90 96
8 24
87 99
63 70
56 67
61 70
43 49
19 32
72 93
45 50
46 57
70 86
19 30
49 65
56 60
21 45
42 59
9 36
19 23
63 78
44 51
81 88
17 29
6 27
85 99
79 82
24 39
88 96
46 55
46 48
2 13
79 99
81 91
14 25
82 95
29 53
52 76
18 66
25 33
23 28
83 87
8 13
56 61
9 12
85 93
9 17
24 34
20 34
72 86
57 76
65 75
74 88
56 60
22 34
19 27
55 66
31 39
91 98
62 68
67 74
69 76
86 91
18 22
31 37
29 37
74 79
53 56
74 85
25 36
45 66
40 51
57 61
58 64
82 87
32 36
73 95
66 85
23 31
1 19
42 52
20 26
14 29
93 98
38 53
7 17
23 27
31 39
19 31
86 98
69 74
70 83
23 32
72 83
66 70
9 16
27 37
50 55
18 23
70 76
6 12
52 64
9 16
6 31
54 58
52 73
22 38
11 45
82 85
85 95
18 38
52 63
78 80
7 25
69 73
47 52
39 52
29 55
42 46
47 57
90 98
69 70
38 49
18 32
53 59
94 97
40 53
86 91
82 100
7 14
93 96
14 25
89 92
72 86
24 30
10 36
22 46
12 14
78 83
21 32
19 28
56 71
65 79
75 83
51 67
3 29
59 68
8 40
14 31
62 68
24 48
74 77
62 76
1 18
10 13
94 97
68 88
13 23
56 84
31 47
13 17
16 28
79 90
87 98
74 87
47 50
76 99
88 95
83 99
38 57
48 53
12 19
55 69
89 93
45 73
14 25
79 85
64 67
63 70
16 28
15 22
34 48
86 93
67 78
80 87
56 59
86 93
43 46
40 52
62 74
1 14
15 23
14 25
8 15
91 93
92 97
72 81
68 83
73 97
1 8
36 45
4 27
12 15
16 20
1 8
24 37
33 53
19 30
67 84
62 77
92 100
3 13
53 60
72 89
53 63
32 47
38 42
78 85
34 46
14 20
59 68
24 26
85 95
15 26
42 49
44 54
17 36
42 50
52 59
47 56
32 43
69 78
83 86
35 45
15 24
42 61
11 25
16 23
5 11
21 22
27 31
72 85
24 63
57 67
44 48
67 78
9 14
75 82
46 55
26 41
86 97
38 51
66 72
15 23
84 88
29 53
73 74
11 17
35 43
47 56
25 35
15 31
41 60
2 21
11 25
76 88
23 36
17 19
13 27
39 47
44 49
55 69
68 71
62 67
12 15
39 48
90 95
33 50
45 77
61 66
88 96
29 36
73 84
59 61
45 52
25 31
21 40
55 67
63 66
32 46
1 12
7 16
50 68
67 71
76 89
71 80
20 22
65 77
3 9
84 89
6 16
13 24
74 84
29 48
66 78
43 51
52 65
48 66
32 43
83 88
32 70
53 61
52 61
84 96
98 100
23 34
61 65
11 22
28 39
71 80
74 83
54 63
23 29
26 28
17 22
4 35
51 56
72 80
46 53
22 30
64 75
11 18
45 57
86 88
63 75
68 76
40 47
71 78
37 54
47 56
25 30
87 90
85 88
76 81
71 74
37 46
48 52
3 5
51 70
67 76
78 84
35 46
49 53
6 12
37 56
75 88
95 97
47 76
75 83
17 20
13 20
54 60
86 93
3 7
65 73
24 44
17 26
22 53
72 80
9 14
86 91
5 14
32 37
22 31
87 94
39 44
74 91
2 8
24 36
71 94
85 100
95 99
61 80
28 42
8 23
70 83
96 98
10 21
39 42
2 22
25 48
2 6
64 73
47 63
46 58
1 8
68 76
14 34
31 37
6 29
27 32
70 79
64 82
72 76
69 81
34 51
8 12
10 18
7 22
4 10
43 48
35 44
24 38
85 90
78 85
45 56
70 95
10 16
25 29
20 32
3 6
16 35
50 64
27 33
37 44
82 90
17 33
36 57
18 27
33 49
61 66
86 92
85 88
86 93
87 95
97 100
5 19
81 89
2 4
10 19
48 54
6 11
78 83
41 43
48 56
8 15
6 11
16 20
35 41
86 91
2 8
9 12
11 18
29 44
13 28
38 54
35 41
62 68
63 71
31 45
36 48
47 57
46 53
66 76
67 78
48 62
35 49
57 59
7 12
90 93
18 30
57 68
88 95
82 92
62 72
30 37
65 72
27 36
82 99
73 79
62 67
52 57
23 40
4 18
51 62
71 79
54 65
20 40
92 99
50 57
9 22
4 14
54 61
58 82
64 73
47 48
75 82
64 69
87 93
30 48
65 77
14 27
80 88
