100 20 20 0
00000000000000000000
00001100000110000000
11100000000000100011
00000000000110011000
11001011000000111000
00000000001000000000
11001111000011111111
00000000000000000000
11100000011000000000
00000000100001000011
00000000000111100000
11111001100000000100
00000000000000111000
00000001111100000000
11111000000000100000
00000000000000000000
11100001100000110011
00000000000110000000
00000000000000000000
0001000010100010100
0001000010100010100
0000000010100000000
0000001000100010000
0000101000100000100
0001010000100001000
0001010000000001000
0000101000000101000
0000101000000101000
0010100010100100000
0000100000101000010
0000100000000000010
0000001000000000100
0000001000000000100
0000101000000000100
0000001000000100000
0000001000100100000
0010001000100001000
0000101000100001000
0000101000100001000
3789
8 13
59 65
4 21
40 45
10 22
87 89
58 70
69 74
58 67
68 79
60 76
67 79
68 79
21 31
38 42
26 31
19 22
68 75
18 24
21 34
13 23
32 38
48 50
72 76
11 19
56 59
12 24
81 89
16 27
3 16
82 97
13 22
40 82
63 87
56 61
87 94
63 74
56 69
95 100
48 57
63 89
15 18
33 38
16 30
82 98
27 30
6 20
64 85
47 55
56 66
23 35
81 87
68 76
9 27
14 23
63 95
48 70
9 12
7 19
3 21
36 46
26 46
82 94
36 47
74 76
20 22
24 67
6 17
45 49
50 56
45 85
26 41
4 13
83 87
54 55
18 25
87 98
34 40
11 16
59 61
2 18
93 97
91 99
68 97
22 34
62 77
48 61
9 28
4 13
43 57
13 21
42 64
27 32
67 87
40 51
72 81
60 77
20 24
20 28
18 29
62 75
79 85
73 81
65 83
87 95
65 72
81 89
24 41
77 97
8 11
13 41
26 37
53 59
52 59
50 68
21 36
36 64
17 28
3 6
85 92
59 66
7 8
52 58
92 100
33 39
21 33
53 77
72 86
31 34
68 71
34 56
66 79
6 26
31 37
87 92
36 60
17 62
46 52
11 17
41 44
60 68
63 77
29 34
82 96
58 64
68 78
5 23
66 76
22 41
14 23
36 50
23 35
75 87
46 66
33 50
64 67
70 82
46 67
85 89
43 58
82 88
67 70
60 63
53 59
65 68
7 26
48 84
38 48
1 10
62 91
49 58
44 54
84 99
52 64
12 20
59 76
77 86
15 21
44 65
41 64
12 17
25 33
91 98
83 86
32 43
5 12
17 27
81 88
68 74
33 39
37 49
30 36
52 61
15 19
88 92
47 52
32 35
11 22
94 98
45 55
4 13
51 60
57 62
5 26
28 38
54 65
60 72
50 55
74 80
43 54
32 54
47 53
68 74
57 66
87 100
52 58
30 45
11 15
94 100
39 58
13 21
11 25
33 42
59 63
67 84
4 24
31 44
74 93
89 94
31 45
12 18
84 94
85 90
23 30
6 15
22 30
83 91
22 26
59 71
84 85
63 72
9 15
50 60
65 68
69 82
29 41
8 19
72 84
79 86
44 58
53 69
45 52
21 48
3 22
27 40
80 85
93 99
73 75
61 83
45 77
44 55
4 11
84 92
70 77
26 31
2 6
9 17
24 35
27 57
55 57
36 41
9 17
36 47
17 36
7 18
12 22
73 81
15 19
43 47
11 32
11 34
2 11
72 86
88 99
58 63
44 59
27 36
63 72
71 88
41 53
19 36
28 42
25 43
26 45
52 62
59 69
58 63
39 43
48 50
51 53
85 92
39 50
59 61
89 95
62 69
81 91
17 24
31 49
30 45
5 20
52 82
43 49
64 71
38 46
8 14
38 49
62 74
87 98
21 35
85 97
21 61
15 24
55 67
8 23
87 93
81 88
94 96
29 56
31 44
71 77
74 80
2 22
42 47
59 65
9 14
94 98
25 35
64 69
80 92
67 83
25 34
23 31
78 90
83 100
82 87
73 94
31 38
68 78
64 72
62 73
32 46
51 59
30 46
14 33
6 13
10 14
34 42
13 28
2 19
10 23
28 37
74 77
53 61
58 66
90 98
20 31
10 21
78 81
88 92
69 85
68 88
47 54
26 32
70 75
45 54
16 29
45 55
68 78
42 50
2 9
4 21
43 53
81 88
40 49
55 75
37 40
88 92
74 83
73 75
60 69
81 90
19 43
72 79
64 68
15 28
87 96
94 100
22 44
86 93
81 86
47 95
1 5
54 65
8 16
33 49
60 67
74 82
2 8
15 20
81 99
88 99
24 34
87 99
36 42
15 26
45 75
41 43
85 89
83 96
2 19
23 34
47 59
35 43
70 80
6 10
24 42
12 19
95 98
24 40
26 32
21 29
82 89
48 50
85 97
52 57
85 90
70 81
46 64
14 31
85 97
57 82
1 9
31 47
41 64
36 50
63 65
48 50
4 14
26 55
85 88
37 49
70 78
46 53
79 85
63 75
66 84
71 76
40 48
35 45
29 31
17 30
24 28
27 38
19 23
38 44
3 8
6 12
77 79
37 43
65 85
79 87
23 33
37 50
13 31
1 49
54 56
81 98
26 45
59 63
61 68
94 97
30 44
74 82
85 93
70 77
43 52
77 87
30 44
35 43
50 60
7 9
92 95
68 74
61 72
38 60
84 89
69 74
68 79
86 89
30 52
29 46
26 29
25 28
63 76
23 29
56 64
3 11
46 58
58 66
93 96
12 25
4 13
19 22
61 71
30 45
53 64
15 17
72 87
49 56
41 47
87 92
6 37
23 40
13 20
20 45
14 24
11 15
67 71
68 71
20 38
19 31
23 27
28 55
80 84
37 50
15 17
57 70
21 33
75 93
67 76
48 68
71 88
75 94
37 45
57 66
4 14
81 88
29 34
41 55
82 95
41 51
87 92
72 88
60 71
68 79
34 44
71 78
54 63
43 50
23 38
26 28
41 59
35 51
7 18
28 45
70 96
79 97
28 57
14 19
29 39
93 97
79 94
14 20
48 51
64 71
86 100
42 63
25 38
54 60
4 16
56 69
61 75
74 77
88 94
72 78
58 67
12 16
65 80
40 50
81 86
48 51
63 70
63 70
86 92
27 36
23 48
4 14
47 74
67 80
82 91
76 84
6 14
67 74
25 39
34 43
69 80
76 87
63 89
44 71
39 87
34 53
4 8
40 48
35 41
2 36
66 71
17 20
60 62
62 80
6 12
87 94
65 72
87 100
54 62
3 28
7 17
58 74
58 64
63 72
42 47
38 47
51 58
1 6
65 74
30 45
85 96
21 32
86 93
39 54
19 31
79 96
17 23
45 59
88 96
39 44
19 32
86 93
29 34
74 100
35 49
54 59
54 59
49 58
87 95
10 16
77 91
60 70
37 42
69 78
34 66
6 26
61 71
78 85
12 22
44 52
23 28
91 95
65 84
22 33
48 52
85 94
70 95
17 22
39 57
51 60
61 67
23 28
31 36
68 75
28 52
54 64
85 94
17 40
62 72
84 100
19 23
17 22
37 56
65 85
62 86
68 80
41 50
37 46
34 47
27 41
55 61
89 93
2 28
77 95
89 97
62 72
45 56
44 54
59 69
56 60
13 28
57 69
51 56
5 20
47 57
68 88
2 22
77 84
92 97
78 80
47 64
16 25
44 54
22 31
38 46
29 40
44 55
38 45
85 98
85 97
93 99
14 31
42 65
67 74
69 80
89 99
63 71
11 23
23 28
86 91
82 89
72 83
10 56
40 42
53 69
58 72
60 65
66 72
20 38
7 12
78 93
56 64
72 77
65 73
39 47
56 60
19 31
85 98
16 24
77 81
21 29
51 52
34 56
20 46
75 88
87 98
86 94
87 94
33 40
24 32
12 24
3 16
69 71
10 19
35 46
41 61
44 47
74 88
40 50
86 89
38 48
17 47
32 37
32 58
40 58
56 67
60 71
34 51
51 61
23 38
40 49
90 98
45 58
25 28
20 29
82 91
58 64
59 60
89 99
71 91
22 40
68 75
8 55
43 45
87 91
91 96
58 67
53 60
92 97
27 36
58 66
7 16
18 29
74 86
12 30
67 77
14 21
19 29
42 61
85 95
41 46
50 53
78 82
7 37
44 45
78 84
52 81
40 58
21 31
90 92
12 19
3 17
95 97
88 93
27 30
52 63
13 38
1 6
39 52
11 16
8 21
50 76
77 85
89 96
44 49
4 19
62 78
58 84
43 53
95 99
40 53
58 76
69 75
20 25
64 73
93 97
87 91
53 59
38 43
15 16
38 53
46 53
50 56
89 98
10 36
83 90
43 50
14 22
39 67
57 68
28 53
34 39
37 46
52 59
58 75
64 88
44 60
13 23
23 35
43 49
29 35
72 83
9 37
26 36
1 7
78 94
75 80
45 50
20 28
41 45
26 33
41 46
25 30
73 83
8 14
28 33
25 34
26 42
42 57
11 29
40 53
72 79
29 39
39 48
35 40
80 95
64 77
31 45
17 42
21 24
12 21
40 50
27 31
19 27
85 92
67 95
64 70
68 73
66 71
13 20
46 55
16 23
33 44
68 71
51 56
90 99
9 15
31 44
84 91
85 98
86 91
43 55
37 50
14 19
25 30
31 59
14 22
24 34
8 17
38 46
25 32
88 96
22 25
9 17
60 70
27 44
22 28
83 97
11 17
39 48
57 68
21 25
6 38
75 86
59 62
88 99
82 89
29 42
46 52
85 87
39 54
53 79
47 52
17 42
72 85
81 93
82 94
76 85
49 57
34 47
14 44
49 56
10 33
61 69
87 98
59 74
57 63
65 76
37 50
87 98
64 74
41 46
83 88
47 64
15 35
43 47
40 45
5 14
1 12
26 56
10 23
8 11
21 38
11 22
31 52
69 76
52 60
36 56
28 49
74 83
5 15
81 89
67 73
90 94
17 26
24 34
61 86
88 94
18 39
39 55
89 97
64 74
59 86
90 99
61 73
74 83
12 22
7 14
19 21
34 44
92 100
9 21
48 66
58 75
56 63
25 54
27 30
67 76
44 46
63 67
8 14
78 89
7 15
17 24
51 77
81 96
57 64
66 80
2 8
5 29
52 62
92 96
43 47
22 27
81 92
70 96
85 91
81 97
69 74
39 48
14 27
74 83
2 5
24 28
51 70
10 23
1 9
7 17
10 19
79 92
16 29
65 79
12 21
74 86
91 99
27 39
78 84
45 56
74 80
30 36
55 62
70 74
64 69
20 47
7 12
11 16
12 27
52 70
38 44
85 94
74 79
94 100
57 70
1 10
83 94
93 97
81 84
71 78
53 59
48 50
3 20
69 73
79 92
29 37
58 66
5 15
28 31
20 27
35 44
28 45
35 45
10 16
45 48
32 48
49 69
71 78
11 20
94 100
72 79
30 35
82 89
45 65
6 38
59 68
29 35
30 41
17 25
14 27
56 70
44 52
11 16
74 79
19 27
23 26
22 34
77 98
46 62
33 42
91 94
74 92
32 40
60 71
47 68
28 33
10 17
48 62
75 82
50 59
32 46
15 22
17 24
47 78
15 29
19 28
68 79
55 66
43 45
86 95
26 35
57 63
32 37
75 85
27 32
39 44
36 47
71 82
20 30
55 82
21 25
1 12
12 15
59 69
5 19
86 98
91 100
35 41
79 89
29 32
29 44
44 45
32 37
18 23
3 10
91 96
84 95
43 53
7 18
59 70
15 18
39 53
34 51
86 97
32 39
44 50
5 9
35 44
41 48
56 59
10 22
54 56
88 97
84 97
55 68
17 24
3 17
23 45
71 79
77 78
12 29
55 72
57 68
22 33
2 7
53 63
39 44
25 59
50 59
68 78
15 46
62 68
57 74
28 32
76 93
32 60
46 69
38 53
3 22
68 70
25 50
18 27
44 66
50 57
29 31
46 57
59 77
12 17
69 88
32 42
47 52
79 85
62 70
82 90
71 77
9 15
6 21
51 62
88 97
34 54
53 59
22 29
64 69
57 78
35 52
94 98
51 69
54 61
18 26
72 83
74 81
65 69
39 58
97 100
82 89
66 70
27 37
21 40
32 62
62 86
37 42
19 27
43 47
10 14
2 8
60 70
74 91
22 29
14 46
29 33
30 38
73 84
50 58
60 96
33 39
34 54
71 77
62 73
46 58
67 81
4 43
47 59
66 76
8 16
41 62
12 23
56 77
57 68
66 72
9 20
30 43
79 86
41 47
4 17
60 69
3 19
59 65
77 79
89 93
31 37
52 77
71 96
47 55
31 45
15 22
62 90
37 40
15 26
19 23
3 15
53 72
41 47
55 65
4 14
13 33
78 91
57 69
45 57
1 12
19 28
39 53
29 34
83 91
58 90
84 89
36 42
29 34
11 31
68 78
32 45
88 95
13 31
77 85
90 95
55 61
72 92
33 41
27 35
32 59
64 76
58 71
75 89
17 23
1 11
5 17
10 12
60 81
64 74
58 69
57 73
12 17
54 63
77 87
25 48
84 87
62 69
17 28
14 22
77 88
9 41
57 60
67 70
1 9
98 100
92 97
55 59
66 82
40 48
32 51
25 37
16 30
40 49
51 57
40 44
10 16
44 70
76 89
34 41
61 71
91 95
49 65
47 56
10 13
24 37
88 97
48 63
57 68
77 85
73 84
60 72
81 90
70 74
36 48
81 87
15 37
43 59
82 91
86 89
28 34
3 13
64 77
68 86
50 55
25 28
90 95
59 63
84 93
12 21
37 55
13 30
94 99
5 21
83 93
38 52
55 86
11 23
46 54
73 90
48 54
75 79
7 22
78 89
2 18
4 11
49 57
3 7
44 59
70 76
22 30
87 95
55 69
44 47
44 52
81 90
44 78
70 84
16 20
37 44
13 18
29 48
52 61
31 33
41 47
76 84
29 32
35 44
27 38
65 91
29 56
56 60
34 37
91 100
66 78
67 74
56 88
22 28
55 65
15 21
57 67
31 38
47 57
22 29
41 48
80 83
34 52
89 92
75 80
2 7
84 95
3 42
51 68
10 21
32 36
43 62
21 28
59 65
53 68
15 17
17 26
59 71
46 53
20 29
85 97
39 42
71 78
46 50
10 24
27 38
15 32
4 29
84 90
54 57
71 83
45 52
57 63
37 42
34 39
89 91
37 41
77 82
40 52
68 81
67 75
58 65
8 16
2 21
49 56
64 68
46 53
44 55
91 96
33 38
42 50
66 70
17 23
32 46
70 75
4 9
20 33
92 96
2 14
63 68
85 89
56 66
43 50
21 42
25 31
77 85
59 66
41 54
73 80
33 38
71 89
21 41
19 42
40 56
62 66
42 63
30 52
30 40
61 81
92 100
78 86
19 27
5 10
24 62
9 14
23 31
56 69
49 63
34 51
35 49
76 80
58 62
31 36
75 80
9 23
27 41
31 49
20 28
27 36
85 97
38 48
75 89
34 53
76 97
63 66
77 80
88 97
7 18
80 86
72 88
12 17
82 100
19 30
80 92
60 62
17 19
36 46
5 11
28 37
7 18
34 52
83 92
50 59
64 67
73 81
89 94
1 14
12 17
18 25
82 92
31 44
16 48
36 45
34 45
61 67
17 26
77 85
54 62
5 7
15 20
34 48
6 19
48 51
39 49
58 66
14 34
60 92
66 79
50 69
74 79
12 27
31 45
84 99
72 90
36 49
4 9
48 54
63 85
13 27
85 100
24 37
52 63
53 64
6 11
91 99
87 94
86 100
4 98
86 97
45 67
77 97
39 43
76 81
73 89
45 54
84 98
62 72
81 95
41 61
58 67
4 24
47 66
14 25
68 77
32 40
93 98
90 97
27 34
92 98
39 41
31 38
71 79
67 81
1 8
65 74
69 85
50 64
47 62
43 50
26 58
29 38
76 84
73 99
26 41
77 86
45 52
32 52
51 60
9 25
26 29
57 73
64 73
73 79
62 72
66 76
44 59
35 41
29 40
34 39
44 61
17 23
64 76
12 21
53 66
83 100
3 19
40 51
43 48
14 45
29 35
22 33
13 19
59 67
77 86
10 25
34 44
5 15
36 54
65 77
48 61
72 78
67 75
27 28
42 57
71 78
1 4
83 95
12 14
58 61
8 15
70 79
24 29
45 53
38 58
89 96
24 27
13 20
6 12
18 22
23 29
24 34
68 77
46 67
29 33
6 25
10 24
30 38
60 83
15 24
64 88
26 33
84 90
35 41
13 20
43 49
77 83
30 44
13 25
27 32
16 29
77 98
56 60
83 99
40 47
37 40
12 41
33 41
80 82
20 30
37 52
71 78
85 92
43 54
88 99
2 8
72 82
34 53
68 79
14 21
55 64
72 81
71 81
63 72
88 94
3 20
14 17
11 13
8 13
26 32
12 26
67 77
67 71
33 57
15 19
5 15
86 99
63 71
21 37
5 19
78 86
49 57
59 62
89 96
14 17
16 20
41 62
12 30
8 12
3 23
55 77
34 41
14 38
67 72
48 49
36 45
18 40
26 33
13 17
40 60
89 96
44 49
46 55
22 32
87 91
38 41
18 30
90 96
76 85
5 15
49 53
24 31
61 65
38 52
26 55
37 47
3 16
92 98
36 62
2 14
1 8
4 20
1 17
84 95
76 78
76 82
42 47
15 20
44 53
14 21
52 59
39 45
81 91
18 28
24 27
80 89
47 54
20 23
58 90
51 53
38 55
28 35
35 70
26 39
30 43
41 49
16 41
68 84
7 13
10 15
35 40
81 90
8 12
12 20
90 97
17 32
67 77
33 40
53 60
39 44
25 30
50 73
11 19
64 67
51 62
60 67
43 48
3 9
70 84
39 54
85 91
10 15
4 14
20 24
38 44
79 97
62 66
12 16
83 87
80 96
13 18
31 44
40 44
53 68
42 45
7 23
69 84
42 50
33 41
87 95
51 69
38 41
14 15
72 79
33 53
4 24
65 72
83 99
50 64
16 24
61 73
94 99
42 63
14 26
49 61
72 76
26 29
36 53
9 16
57 64
81 86
48 50
36 57
9 20
76 91
25 30
36 55
96 100
28 36
75 84
48 55
75 85
58 66
28 37
91 97
68 88
29 50
40 52
54 63
41 68
26 46
7 13
8 32
18 31
74 81
43 45
13 25
49 52
7 9
17 50
84 87
85 96
17 21
59 83
6 24
74 82
70 76
59 62
40 58
44 57
7 17
76 89
60 72
24 49
58 67
8 23
8 15
17 19
5 14
49 61
87 99
44 54
61 69
69 73
24 28
49 76
38 44
7 27
31 36
26 31
16 28
32 42
26 29
2 13
42 50
77 81
26 31
13 18
63 68
6 9
16 37
56 68
19 25
90 98
90 95
75 81
6 12
88 97
23 39
32 53
83 92
68 78
43 48
19 23
3 6
33 45
56 60
37 49
62 67
29 58
33 47
23 33
84 93
87 94
69 79
25 49
45 53
41 63
12 20
46 60
64 79
91 94
41 68
33 40
33 36
52 56
90 100
87 92
63 75
16 22
20 30
38 61
35 43
12 21
10 15
27 33
2 10
51 63
39 49
35 91
64 68
6 34
75 77
2 25
62 70
56 80
81 83
10 27
72 87
14 23
38 53
45 53
40 65
34 38
91 99
75 79
11 21
46 58
14 21
45 62
49 65
74 77
58 80
76 92
80 83
51 60
25 29
61 69
58 64
37 44
21 35
10 25
73 80
78 81
38 48
17 22
21 28
15 22
29 44
65 94
28 38
65 75
39 44
10 15
94 98
75 81
11 27
64 83
56 69
77 96
55 59
2 9
35 38
91 97
30 46
63 66
89 97
84 89
88 99
95 98
62 69
9 23
56 65
49 54
22 29
93 100
88 100
62 76
77 88
5 9
43 49
86 91
93 99
46 55
49 55
14 23
63 65
66 69
97 99
46 65
18 30
42 50
27 53
81 89
8 17
73 93
31 44
56 62
87 92
13 21
77 92
5 13
23 43
63 72
7 14
32 41
36 40
11 27
55 59
78 94
1 11
82 85
68 72
10 30
42 65
76 94
88 92
25 42
72 81
60 65
21 27
33 50
23 49
48 54
2 20
77 81
80 86
32 55
69 83
15 19
4 12
7 16
5 13
64 83
43 58
17 32
57 60
77 94
20 32
20 38
5 11
8 15
68 78
54 72
2 16
23 29
69 76
40 44
83 91
54 61
36 63
60 62
43 48
25 31
3 15
78 82
54 69
5 16
59 63
24 33
39 85
28 44
30 37
12 18
54 66
92 99
64 79
41 54
89 99
83 89
81 82
4 8
84 94
6 19
93 99
5 11
95 99
59 75
64 77
60 68
19 41
58 73
25 43
65 82
26 47
61 65
12 17
55 64
40 49
79 96
20 49
40 58
41 59
25 38
77 80
10 31
28 37
73 90
21 33
47 58
22 33
27 50
8 28
49 60
42 50
41 55
34 43
37 49
92 93
35 43
11 24
75 88
59 65
85 97
34 44
19 21
43 52
55 59
62 68
91 95
86 99
42 50
34 43
29 39
51 57
4 19
59 75
85 88
16 26
81 97
7 16
87 100
24 40
9 29
3 13
76 83
74 91
84 91
38 46
66 86
58 76
13 25
54 60
75 81
19 29
14 27
65 71
63 69
72 73
16 32
58 76
42 49
82 84
21 45
1 11
28 74
14 18
18 44
89 95
43 46
79 80
66 98
30 56
57 66
92 99
87 96
3 8
56 70
71 81
53 62
46 51
56 71
64 86
13 16
61 63
83 97
31 45
85 87
36 50
1 12
11 18
64 72
10 14
85 100
91 96
33 35
70 80
90 95
38 73
76 93
25 52
49 53
45 46
78 100
51 59
2 6
62 78
30 38
75 83
45 48
87 97
27 35
47 49
7 13
5 17
36 45
67 75
60 67
30 48
13 33
84 88
12 17
12 27
39 55
32 44
22 31
44 55
79 82
10 16
64 73
28 38
39 45
41 45
68 86
87 93
38 41
10 23
65 79
57 63
45 84
25 35
52 64
35 42
23 31
25 36
73 79
10 20
74 88
86 91
38 52
32 53
80 94
88 98
31 35
9 18
51 64
43 74
82 100
35 48
37 51
73 89
86 92
50 67
36 61
29 32
35 40
45 58
2 8
37 64
47 66
23 31
62 70
57 65
57 61
84 94
19 26
45 58
32 42
66 69
57 65
27 48
23 33
55 68
82 88
7 11
10 16
86 100
79 87
16 23
84 93
53 58
26 33
27 32
38 40
45 51
14 21
47 71
45 50
79 96
2 7
3 13
76 93
29 53
82 89
69 85
65 71
93 95
46 53
47 52
91 95
19 35
34 67
18 22
95 100
68 69
78 89
78 82
75 89
50 59
62 70
55 61
72 75
75 81
32 43
68 78
53 57
3 8
84 88
61 68
74 94
36 49
93 99
24 38
19 22
28 31
93 98
87 91
42 53
32 35
69 75
32 47
33 34
8 14
67 75
7 17
17 20
1 18
25 32
53 60
61 66
70 74
34 55
43 76
67 76
33 39
53 61
83 88
29 34
65 69
61 72
6 13
73 86
80 91
10 22
17 29
26 46
50 64
74 78
27 33
44 51
34 38
34 50
27 32
31 42
15 31
8 21
48 54
48 60
3 7
19 24
59 69
8 16
84 94
51 57
39 48
7 15
22 52
40 55
60 76
38 41
49 62
66 74
33 36
47 49
21 29
6 13
50 78
21 22
57 63
19 35
37 56
46 52
29 33
77 88
51 53
11 16
49 64
81 86
60 63
16 32
26 45
51 57
6 23
76 89
73 88
37 42
59 68
19 32
85 91
53 61
9 24
70 79
30 36
72 81
38 40
57 71
24 31
81 89
41 47
31 36
27 32
42 46
1 9
48 54
45 52
72 89
88 94
90 93
84 98
12 24
29 38
19 27
2 22
91 98
30 34
62 63
81 95
93 99
10 22
45 54
7 14
67 69
52 62
57 66
61 68
38 39
52 61
6 14
39 50
17 20
12 23
23 41
78 89
66 68
29 50
37 43
93 98
57 72
29 37
55 65
19 33
77 83
62 83
49 62
91 96
6 19
95 99
76 79
37 46
24 29
26 46
51 60
53 57
40 43
5 31
31 44
75 81
57 64
30 39
35 43
29 34
43 48
41 52
44 63
17 22
78 91
81 92
39 58
36 42
25 42
45 80
19 26
43 51
12 13
66 79
62 70
81 88
26 35
51 78
44 49
37 43
78 83
36 40
66 70
71 73
2 5
26 46
53 58
72 97
63 91
9 27
51 55
75 87
78 80
22 34
87 92
1 8
55 64
59 61
28 41
16 30
29 40
5 11
39 52
55 71
12 17
50 62
70 80
80 94
5 19
27 30
66 81
18 24
60 64
42 46
59 79
2 18
35 42
1 8
73 88
20 22
68 75
82 93
36 74
8 23
10 14
12 19
60 77
48 62
41 49
17 25
49 68
55 85
60 68
6 15
78 96
58 75
44 85
32 37
83 100
40 58
61 78
79 98
44 51
36 41
5 19
39 56
64 68
87 97
31 41
68 77
13 33
12 24
17 31
87 96
3 22
51 68
13 22
57 97
67 75
80 82
73 89
21 30
80 95
45 52
74 94
76 84
93 100
87 91
20 36
80 86
28 33
76 81
15 24
60 63
54 66
18 28
29 35
23 38
29 32
5 12
85 96
66 71
4 14
6 13
71 77
56 64
82 89
7 14
18 45
88 89
61 72
63 68
4 21
54 57
73 76
62 80
93 97
76 81
36 60
1 29
38 50
93 98
30 35
7 27
31 41
30 36
28 35
29 42
67 73
33 56
59 75
73 92
70 79
17 25
66 71
73 87
90 94
79 84
28 37
22 31
29 33
79 84
20 38
29 37
50 57
13 28
15 26
55 56
57 89
33 39
24 48
33 47
44 54
7 9
25 37
12 33
23 26
56 78
78 80
6 17
64 78
3 17
78 84
18 33
65 70
11 21
44 60
81 84
12 20
74 79
58 61
60 71
10 36
62 67
34 46
83 98
80 92
88 96
33 36
50 63
13 24
40 43
55 64
73 79
24 31
82 95
96 99
66 72
6 15
13 48
47 56
57 68
71 95
71 77
85 94
73 82
69 73
34 67
31 40
89 100
72 82
10 21
65 87
20 34
32 40
19 30
61 70
56 81
33 40
92 98
75 86
86 92
29 34
7 20
14 24
68 73
30 33
44 56
42 50
1 17
29 36
49 59
14 37
15 34
33 38
7 20
54 56
60 94
10 19
82 87
7 20
90 94
7 13
29 38
23 38
50 68
48 58
44 59
14 20
16 37
73 83
66 77
90 97
29 40
25 36
55 63
29 44
48 64
24 29
73 100
84 91
8 28
50 67
32 49
76 93
80 96
16 18
10 23
38 53
61 67
54 59
65 68
50 57
28 37
27 66
65 70
4 40
62 72
27 39
46 56
60 86
65 74
6 11
46 70
76 93
24 48
4 8
19 31
49 54
44 51
25 39
59 82
79 85
62 76
13 25
27 34
14 19
12 25
90 96
43 52
32 38
30 40
54 62
1 3
71 75
17 23
5 15
9 12
38 50
74 82
2 10
11 16
44 58
8 25
54 62
56 62
22 29
74 81
82 87
93 100
79 88
78 94
78 88
44 49
22 27
28 41
67 72
72 76
56 72
60 71
9 27
72 76
60 77
76 93
57 69
43 52
55 60
37 47
51 65
55 60
11 23
32 47
77 89
46 66
65 76
32 60
60 64
65 97
80 95
1 18
68 72
32 39
36 53
65 72
14 19
11 16
47 54
41 45
20 25
6 12
66 76
8 17
4 16
26 50
83 96
13 32
34 41
54 58
45 53
12 34
7 13
41 49
26 33
32 54
9 12
38 41
26 29
11 31
71 79
56 62
34 50
13 22
41 53
15 30
61 65
12 33
81 97
41 62
77 83
77 96
72 80
38 63
63 67
30 39
36 54
26 39
23 29
43 54
79 83
42 57
65 85
55 70
88 97
1 9
60 63
12 24
3 8
75 79
14 23
1 9
27 55
5 10
32 43
80 97
8 14
94 100
45 57
10 21
22 32
3 11
90 98
58 63
3 8
63 71
5 39
72 74
13 22
25 29
9 25
62 69
81 92
65 72
15 25
91 97
82 89
18 24
37 45
51 54
31 32
24 29
45 53
64 85
67 78
25 29
9 12
58 77
12 15
2 9
60 68
5 22
84 99
19 46
95 97
10 16
93 97
55 67
80 92
67 69
80 86
59 68
27 34
53 55
70 84
66 73
40 43
13 28
23 27
69 75
94 95
10 19
16 32
42 65
62 68
17 53
4 5
63 71
78 92
40 48
1 47
78 86
65 73
26 31
90 92
57 61
80 100
39 53
21 41
60 66
19 24
2 12
36 49
86 89
28 51
89 95
77 85
42 51
28 47
93 99
77 88
63 69
68 80
75 84
37 44
69 84
59 62
33 45
62 75
75 80
19 23
24 34
37 40
6 10
33 43
40 47
85 100
34 38
67 74
48 64
11 26
19 33
67 79
64 75
45 58
11 14
46 54
44 47
7 14
30 36
12 27
48 52
29 43
37 56
22 26
13 21
58 74
9 23
3 9
2 9
51 59
4 15
51 66
74 82
53 90
79 85
79 84
65 70
30 37
46 55
14 33
85 94
90 98
30 44
94 99
4 12
77 86
2 38
2 14
54 74
39 45
80 88
62 69
60 76
13 23
13 26
20 30
50 69
74 88
3 25
8 20
89 98
71 80
43 47
13 30
70 79
34 40
9 21
6 19
62 72
23 28
76 92
72 84
74 85
74 81
38 53
74 77
54 74
66 71
22 40
47 64
72 75
15 23
26 42
37 59
81 99
11 48
51 55
7 14
14 18
78 80
17 26
24 28
4 44
75 86
28 42
65 70
88 91
70 78
74 77
71 78
34 53
9 25
75 94
60 76
57 59
39 44
52 69
47 52
2 11
49 55
40 44
4 8
1 11
16 23
32 45
36 57
24 63
50 56
18 33
14 35
74 88
13 24
42 45
46 58
53 60
11 13
1 11
37 46
9 27
12 24
60 66
15 20
53 58
33 46
62 88
3 8
56 62
74 83
22 52
27 31
38 72
24 40
49 74
35 43
76 84
8 12
1 3
94 99
62 71
97 100
29 35
47 49
51 74
45 56
62 82
9 15
12 55
11 16
43 52
40 45
88 94
16 18
37 43
31 37
32 39
67 72
82 92
58 76
23 28
88 93
59 91
40 46
66 70
24 39
28 37
61 65
57 69
39 47
65 86
63 68
81 86
95 99
11 16
48 51
80 89
15 29
34 39
59 62
10 23
2 53
23 34
33 38
59 64
55 67
63 70
5 14
50 55
51 63
37 54
75 81
54 60
5 11
15 30
65 79
64 70
2 8
41 44
59 67
22 27
23 50
59 74
42 50
40 72
18 24
72 77
71 82
74 83
64 78
11 37
92 99
42 50
14 20
25 34
28 53
42 59
55 71
57 61
67 71
81 86
70 74
41 43
82 98
68 84
5 8
24 35
83 90
58 72
9 16
12 20
25 39
21 39
73 84
62 81
87 95
41 55
75 93
21 23
40 42
31 38
57 70
44 46
74 87
27 45
73 80
9 12
80 94
21 29
41 65
55 72
40 48
50 59
37 43
71 75
17 52
16 33
79 86
49 72
36 52
52 59
31 37
21 34
68 74
42 75
19 21
82 93
41 61
41 63
9 30
30 41
24 35
46 64
12 23
62 75
23 34
15 20
11 25
29 35
61 74
74 80
48 53
84 92
66 87
15 25
24 33
17 40
79 87
63 71
79 85
88 96
60 61
34 41
63 81
49 52
53 58
26 38
87 91
47 54
86 89
31 37
61 73
87 93
83 94
53 64
82 87
7 28
31 37
40 52
92 94
58 61
21 49
50 82
90 98
1 34
67 77
55 61
33 38
16 22
2 11
53 75
9 19
75 80
38 48
53 63
18 26
72 88
90 92
42 58
89 94
16 18
25 32
67 80
48 63
47 67
93 98
8 36
60 63
51 63
31 38
29 41
77 83
20 26
36 41
49 59
44 54
89 93
82 85
43 57
15 34
50 58
29 37
27 31
81 100
60 64
66 67
49 60
47 52
62 68
31 36
74 84
90 98
1 7
60 66
14 24
6 15
11 15
85 90
22 29
88 98
33 40
57 67
19 24
22 25
2 13
52 74
48 62
17 26
22 37
10 25
41 55
13 18
36 66
41 56
73 82
56 80
80 93
81 93
58 74
2 15
63 68
68 78
4 7
43 45
75 90
40 50
12 19
84 90
73 76
1 29
32 38
62 73
69 84
74 76
49 69
91 93
4 10
36 47
65 71
85 92
29 39
34 40
65 75
64 66
78 92
15 40
13 18
4 10
62 71
67 78
52 68
5 21
74 88
72 80
15 24
2 16
28 49
20 22
47 57
89 96
45 50
22 30
62 68
60 69
85 94
78 84
72 78
52 74
62 75
62 70
45 53
26 35
11 19
38 49
91 96
45 57
24 38
23 30
19 24
2 13
75 82
90 97
4 7
87 93
7 13
50 53
76 92
12 23
63 80
10 18
55 58
37 46
25 33
18 51
56 64
73 79
56 65
89 98
48 56
14 43
52 57
37 57
6 28
1 8
59 71
29 47
50 64
4 14
21 26
34 41
13 26
33 44
8 20
14 33
46 54
22 46
84 89
82 97
23 33
59 71
64 70
37 43
70 77
16 28
47 53
14 18
44 50
24 27
82 94
47 58
32 39
83 94
26 54
20 23
51 63
69 84
13 20
89 94
73 85
30 44
6 10
69 74
87 95
58 67
32 39
54 70
25 55
59 64
20 25
36 44
35 51
38 99
3 15
33 43
77 91
64 73
70 74
67 100
51 56
1 14
38 54
31 36
19 23
24 32
31 39
13 35
55 64
64 71
1 13
13 39
85 90
48 73
43 50
86 99
70 79
1 2
13 17
55 64
73 98
13 33
87 96
28 34
39 47
63 72
34 42
36 43
85 100
83 88
30 33
54 67
8 15
16 35
61 69
2 10
25 47
36 77
54 72
79 91
59 69
27 36
89 93
56 65
62 69
38 42
60 79
31 37
3 18
47 56
67 77
19 22
57 65
29 35
5 15
40 49
77 82
19 25
12 21
1 5
10 18
2 42
47 52
3 18
36 52
37 40
36 51
46 50
51 62
19 43
71 85
85 90
76 87
28 35
60 92
32 41
80 91
48 66
65 71
80 96
41 53
11 19
63 86
81 90
69 75
47 53
21 40
54 59
47 63
51 56
34 57
77 84
21 26
72 82
49 56
72 83
31 38
24 38
68 86
22 33
13 24
9 17
75 82
20 26
51 63
74 79
1 22
1 3
96 100
40 53
41 54
66 71
11 26
64 77
49 55
90 96
40 79
71 79
28 34
20 27
41 45
20 25
1 15
56 59
30 36
64 66
67 72
88 92
56 65
6 16
74 82
81 86
21 33
76 91
58 70
10 14
70 84
51 60
30 40
