100 20 20 9
00000000000000000000
00000000000000000000
00000000111000011000
00000000000000000000
11100000000000000000
00000001111100000000
00000000000000000000
00001110000000000111
00000001110000000000
00000000000000000000
00000000000111000000
11111111100000111111
00000000000000000000
00000000000000000000
00000110000000001000
00000000000001000000
00000000000000000000
00000000000000000000
00000000000000000000
0000100000100000100
0000100000100000100
0000100000100000100
0000000000000010000
0000000000000010000
0000000000000000000
0000001000000000000
0000001000000000000
0000001000000000000
0000001000000100000
0000001000000100000
0000001000000100000
0000000010000001000
0000000000000001000
0000000000001001000
0000001000001000100
0000001000000100100
0010001001000100000
0010001001000100000
0010001001000100000
5038
66 83
70 76
14 32
3 11
52 66
11 26
57 76
82 94
8 10
68 82
75 78
13 34
50 55
14 30
91 98
45 50
42 52
39 43
44 62
23 30
6 22
58 63
48 57
9 36
35 42
11 13
50 61
12 18
4 17
26 31
16 31
29 61
34 41
31 37
81 94
55 78
77 83
32 53
53 59
74 82
56 63
87 95
31 47
76 86
55 63
75 83
17 31
32 48
18 23
28 61
61 84
16 24
55 59
43 46
21 23
43 57
57 65
69 82
13 17
49 63
4 17
44 47
54 59
16 28
57 65
74 80
61 74
75 83
34 54
16 22
48 57
63 75
48 53
51 62
13 29
81 88
5 16
74 83
41 49
27 53
68 73
34 51
12 23
66 71
20 31
65 79
20 22
79 89
67 71
4 13
69 82
42 52
13 20
17 18
28 41
40 51
55 59
33 39
52 74
63 100
49 52
68 76
30 45
23 28
65 73
86 92
25 47
67 81
8 25
47 53
67 75
32 62
67 73
29 33
3 31
52 73
66 75
38 42
13 32
34 38
40 65
78 90
36 41
8 12
88 97
1 20
86 95
72 77
9 11
44 55
31 41
2 15
48 66
43 51
50 62
40 47
57 69
22 30
62 66
13 25
92 98
38 48
32 38
51 80
90 100
54 78
56 80
26 43
19 22
34 43
34 41
46 53
24 31
81 87
16 28
71 86
18 24
24 29
88 93
94 100
68 84
13 23
73 80
35 43
79 85
86 92
30 33
78 81
51 57
22 28
84 99
23 37
11 20
82 89
21 29
27 32
48 54
60 71
44 62
43 70
94 100
67 98
37 40
39 48
62 67
38 42
14 21
61 69
2 19
36 51
26 33
51 66
23 31
81 98
62 66
88 96
20 23
59 81
80 96
63 73
41 49
32 40
45 50
32 38
82 87
49 53
85 93
37 40
62 80
43 47
53 54
68 81
21 25
60 63
66 71
89 93
89 95
88 97
37 51
6 14
79 89
46 68
1 25
87 91
68 71
19 24
49 63
43 53
2 11
78 83
36 45
2 18
69 78
26 32
79 87
35 42
69 76
5 15
61 86
62 74
28 33
16 42
4 9
41 48
29 41
11 17
28 35
64 74
19 22
53 68
8 20
77 96
26 29
71 76
30 41
22 31
43 49
72 89
33 36
54 61
74 79
27 42
41 65
76 86
25 31
48 56
44 48
62 81
28 37
47 62
50 54
25 29
69 75
27 30
84 96
59 70
47 54
4 23
41 58
70 85
63 71
62 65
12 16
34 37
69 74
33 41
54 56
1 9
1 9
53 67
5 10
52 73
45 56
33 44
58 74
78 90
28 47
3 12
8 30
51 59
50 64
75 81
23 33
83 87
22 29
10 17
60 68
9 15
77 83
83 93
73 86
13 29
7 36
52 58
78 89
84 98
13 26
71 81
49 59
18 25
7 18
29 45
60 82
49 57
29 39
42 57
66 83
8 40
28 41
60 67
68 79
42 47
58 65
34 39
76 87
51 65
22 34
9 31
12 20
20 28
77 84
87 95
7 11
40 44
23 26
59 71
12 22
33 38
43 55
74 83
10 18
86 91
85 89
88 94
73 98
48 55
15 27
83 98
41 52
15 29
4 9
18 50
6 29
50 63
47 55
37 44
68 89
7 54
81 90
55 58
89 98
41 49
41 55
36 56
78 91
43 54
8 15
71 73
86 98
57 67
78 84
84 94
16 21
34 66
46 53
72 76
48 66
77 83
40 47
8 20
10 24
48 52
43 75
46 54
74 87
23 33
15 61
40 52
62 74
64 70
12 13
79 85
11 25
77 80
29 40
5 10
59 65
49 58
15 27
16 22
41 57
77 84
12 37
30 40
36 46
28 36
85 93
36 81
85 91
32 50
68 71
75 83
35 39
42 60
68 69
37 48
88 94
81 88
49 51
87 95
35 68
8 27
73 91
69 76
51 60
62 63
73 83
42 58
46 53
34 37
56 64
92 94
74 79
83 86
88 91
52 68
42 55
13 46
28 46
79 95
75 77
55 60
80 84
5 12
42 58
63 73
94 99
40 48
34 45
79 87
21 70
35 44
86 87
43 46
81 87
74 94
12 21
15 28
31 40
2 14
77 86
35 52
87 94
31 39
50 54
18 47
38 62
60 72
61 68
19 27
84 92
55 66
82 91
5 16
66 76
36 41
38 44
38 47
27 36
22 39
1 17
45 49
32 49
23 30
80 86
58 66
49 56
59 69
87 95
4 11
28 35
48 62
15 19
53 60
6 11
46 54
50 55
1 8
1 9
81 93
61 76
5 24
32 41
4 32
83 90
36 53
7 67
8 13
67 80
15 27
1 10
84 97
73 86
41 49
51 63
43 67
10 19
50 58
79 92
11 17
15 21
87 91
38 49
35 47
37 60
20 27
70 94
14 17
75 81
71 84
56 59
67 70
70 77
22 26
69 83
5 12
29 39
34 73
47 51
79 89
2 20
1 10
84 95
16 27
91 98
58 81
10 16
44 86
48 71
84 92
71 88
30 37
23 38
8 17
59 63
27 43
35 39
7 13
26 34
5 13
51 58
74 86
31 43
97 99
40 66
62 67
14 20
1 11
28 33
87 100
49 55
67 73
16 24
91 98
29 31
23 29
15 24
72 89
49 55
37 45
11 26
74 81
73 81
4 10
42 57
86 92
16 26
4 15
39 46
42 56
48 55
85 89
9 22
27 54
40 43
26 38
76 88
56 73
94 96
29 32
38 44
68 84
31 42
71 76
44 65
46 55
74 79
76 83
80 85
73 75
41 58
51 63
64 70
81 98
13 35
6 12
38 55
39 50
3 15
72 78
70 78
27 39
75 82
45 79
47 69
56 59
14 15
65 77
64 82
67 75
77 93
72 83
61 71
2 6
7 16
37 45
93 96
89 99
33 39
89 96
22 43
55 66
74 97
6 15
76 84
69 76
44 53
52 60
29 34
2 5
23 34
22 29
28 34
9 26
69 96
81 87
85 96
30 41
3 14
6 20
19 47
3 9
81 83
4 9
3 51
11 24
94 98
22 24
38 46
28 41
31 39
18 24
49 59
83 92
27 37
50 83
41 52
34 42
36 51
65 89
5 23
63 98
35 48
11 21
92 95
28 37
53 55
24 36
74 86
53 56
28 52
23 36
13 23
17 33
11 21
74 86
40 45
3 11
68 77
5 15
39 44
29 36
1 7
79 91
43 46
71 84
86 93
32 37
78 94
6 11
12 26
18 25
41 42
68 95
10 48
82 91
79 86
16 23
74 83
95 100
71 85
72 82
18 26
34 44
25 51
62 77
2 10
56 73
7 14
96 99
86 94
86 93
1 15
4 10
7 14
46 70
73 83
58 69
75 81
11 15
38 47
7 28
42 56
82 85
14 37
25 39
87 100
59 76
73 94
28 40
45 50
43 46
4 28
43 50
86 89
65 73
9 24
93 99
30 39
37 45
91 93
67 93
21 30
34 47
72 88
24 30
50 74
34 40
4 6
28 45
61 82
59 76
7 34
22 50
84 93
29 55
32 50
16 21
8 13
87 99
52 54
19 51
33 47
66 81
58 73
35 40
6 13
73 83
92 95
54 57
33 39
30 44
64 77
43 82
12 14
46 53
70 74
75 87
26 42
46 54
85 87
44 51
4 6
59 72
37 45
66 72
11 30
49 56
83 98
24 36
87 92
56 72
56 66
50 60
10 18
18 31
26 31
90 96
62 76
16 22
27 33
64 75
39 51
60 67
40 50
71 79
62 74
5 24
82 88
13 24
20 23
53 58
17 35
18 23
38 44
27 35
51 53
97 100
21 35
25 34
70 77
13 27
19 41
39 47
59 65
31 42
16 34
8 15
90 97
52 62
27 39
74 81
57 64
41 57
2 7
52 94
66 70
57 64
10 33
7 11
85 98
38 61
17 25
31 50
30 47
32 50
11 21
70 79
63 68
39 47
17 26
9 50
32 57
3 18
35 51
80 91
66 74
46 58
17 24
64 72
29 57
68 72
91 100
26 29
84 87
36 54
43 50
78 86
48 58
2 22
52 71
43 47
22 28
63 67
40 51
49 60
38 58
10 17
60 78
68 77
44 49
86 93
65 78
54 58
19 35
57 61
62 71
39 55
84 89
94 97
28 37
2 29
88 91
48 73
75 79
3 5
15 18
68 86
52 56
69 86
34 38
50 65
77 83
43 45
69 73
71 85
48 49
13 30
8 35
63 74
7 23
71 83
78 83
80 85
46 81
52 75
34 40
50 52
71 78
83 89
81 95
27 33
59 75
57 80
18 42
44 62
3 15
48 53
7 17
58 82
10 23
4 11
27 35
70 91
23 37
67 75
12 34
34 41
80 97
53 75
21 26
64 84
37 64
23 25
70 74
10 23
73 78
80 88
5 12
26 38
1 6
18 28
76 85
61 63
7 10
40 49
45 61
23 26
83 95
72 80
84 90
45 67
18 26
16 31
37 44
83 88
51 73
50 62
72 95
11 25
14 23
30 47
19 38
3 6
56 68
63 71
14 33
22 57
95 100
87 98
25 34
46 55
50 52
56 66
10 24
28 39
72 79
77 88
5 15
11 14
22 28
21 24
69 75
40 51
77 85
13 30
13 23
21 36
70 83
70 73
50 57
68 72
85 93
50 51
86 92
75 93
7 12
93 97
5 13
14 26
39 46
33 38
86 98
8 25
95 99
57 79
31 48
93 96
73 80
27 41
89 93
18 27
38 42
15 28
52 65
80 86
4 12
79 99
3 9
66 71
48 58
94 98
62 85
92 95
27 41
40 58
15 19
32 51
60 68
66 81
26 37
13 30
3 8
74 82
69 75
84 89
33 39
12 34
38 62
74 88
18 68
77 80
6 15
87 96
43 53
62 69
76 85
40 54
54 64
2 8
66 75
47 61
73 80
91 98
16 23
29 39
64 74
19 31
7 31
58 62
8 18
83 87
35 50
93 99
80 90
32 42
68 72
67 71
77 92
17 21
22 31
5 19
13 17
84 92
70 83
30 37
5 25
30 35
33 43
73 92
22 27
6 12
60 73
45 55
36 40
11 28
39 54
12 23
21 27
7 19
72 83
34 44
54 65
57 62
36 48
20 42
44 46
78 96
46 56
48 50
17 28
70 74
56 62
17 20
9 13
34 46
9 17
58 71
9 13
89 98
88 98
6 11
53 64
38 42
70 84
4 10
11 21
57 61
39 53
81 92
36 43
51 61
74 83
44 54
8 13
26 40
9 13
24 45
50 54
35 36
70 81
40 46
52 56
17 23
41 50
57 62
54 87
22 31
20 30
19 25
6 27
20 30
40 47
43 85
22 39
8 18
30 36
56 63
14 19
50 56
68 79
24 28
6 14
12 21
68 77
84 96
39 59
73 90
38 63
9 16
61 67
75 81
4 10
5 13
60 71
27 69
44 56
45 51
47 55
70 94
29 35
85 100
60 70
46 49
30 37
85 90
71 100
90 96
46 59
67 76
61 70
4 26
14 21
74 79
85 94
65 73
44 56
44 55
64 72
36 43
11 22
74 81
24 30
57 85
67 76
52 68
17 32
67 82
65 76
6 13
8 13
11 27
62 69
88 97
9 31
60 75
60 69
19 35
46 57
40 47
25 47
65 67
78 83
3 7
62 75
49 53
57 67
62 70
90 96
5 13
37 43
66 69
46 55
17 37
8 19
64 74
80 83
29 36
72 79
32 37
62 70
68 89
83 91
21 25
34 60
41 53
10 21
31 50
3 9
43 54
8 14
84 97
87 90
23 28
46 50
67 79
27 31
45 53
74 78
21 26
48 56
53 58
78 90
67 72
70 82
45 54
50 59
32 43
94 99
73 76
11 19
17 22
79 83
52 58
58 67
45 53
37 41
86 89
40 45
87 92
9 22
86 90
12 21
57 64
67 75
78 86
31 48
61 68
15 25
56 74
29 39
24 40
5 12
87 100
56 67
9 24
47 86
37 44
82 87
94 98
88 95
68 79
40 44
53 64
14 21
80 85
49 55
43 50
30 34
60 63
23 31
46 62
59 67
28 42
72 86
80 86
15 18
40 45
77 87
59 63
21 25
66 75
70 89
76 80
49 68
31 55
10 15
87 89
90 94
76 92
59 95
62 70
83 91
19 21
12 21
62 72
56 70
86 93
6 12
81 91
59 74
26 36
71 78
19 35
11 14
62 69
16 22
8 11
89 97
42 49
88 93
47 62
5 14
46 54
42 48
29 61
77 90
40 53
25 27
65 67
64 75
63 72
40 50
15 25
87 97
40 45
79 92
4 17
49 67
81 98
67 83
71 81
45 47
3 12
67 86
90 97
84 86
69 75
71 79
82 99
2 15
45 62
37 40
10 18
17 26
34 48
13 20
40 56
89 94
62 77
68 75
1 6
53 57
27 39
79 93
19 41
27 36
71 93
87 91
31 50
73 79
15 22
36 49
85 93
79 82
95 100
20 31
57 78
13 20
82 87
7 9
83 93
29 42
23 36
2 19
50 59
68 74
88 97
74 78
6 23
58 82
57 72
8 23
47 62
63 100
9 14
14 36
14 43
74 87
51 55
75 86
69 75
60 72
38 45
47 56
34 43
25 36
76 82
88 97
6 11
81 84
77 85
53 63
12 16
75 94
56 64
26 31
78 85
7 13
8 17
2 17
78 90
68 100
64 68
9 13
8 30
22 27
52 57
81 85
68 82
71 80
18 34
36 48
76 81
74 77
53 70
61 77
41 56
18 24
13 29
48 75
85 96
77 89
67 81
48 55
49 56
54 63
59 65
60 72
90 99
51 66
71 82
8 12
7 12
51 68
36 47
30 44
62 79
21 37
5 23
84 91
41 50
12 34
14 21
47 53
36 38
21 35
68 74
5 15
79 84
76 83
43 51
59 62
30 46
8 25
53 59
72 85
11 17
45 51
90 94
2 17
53 60
56 65
76 92
31 41
31 36
10 21
22 26
85 88
73 79
9 13
10 21
41 46
57 58
73 77
28 39
22 36
19 47
67 70
62 72
58 62
10 19
60 75
4 19
69 75
10 18
53 54
67 92
86 98
21 31
35 51
64 70
71 81
30 31
93 97
39 60
24 28
65 83
82 88
68 73
53 64
11 21
52 58
56 73
52 59
45 67
9 57
30 36
3 11
57 66
76 84
45 58
30 37
36 46
51 59
18 26
4 16
3 12
64 85
48 50
8 18
29 54
55 60
60 84
16 20
61 65
44 48
60 64
55 66
62 74
49 56
20 36
47 50
32 46
16 26
72 84
62 69
4 12
52 85
4 8
83 95
81 96
72 90
14 24
89 94
26 33
41 51
71 77
45 54
54 61
16 39
80 92
25 34
25 42
27 37
75 84
31 33
35 39
71 78
90 92
47 59
85 91
22 31
16 23
74 92
89 92
4 9
18 22
54 66
34 40
53 58
20 27
31 34
75 86
77 80
32 45
19 36
48 64
73 85
70 76
71 82
18 21
27 33
39 46
35 47
84 99
6 9
41 49
81 88
58 64
74 82
72 97
22 32
20 34
32 39
64 75
40 45
59 64
76 91
63 66
51 76
64 87
58 70
31 42
28 38
67 71
81 98
83 98
18 30
66 69
23 31
74 79
62 90
21 25
65 73
43 53
78 85
33 38
41 46
62 74
95 99
55 64
42 48
49 60
78 85
70 77
5 22
49 59
43 59
29 43
62 70
17 41
8 19
21 33
52 61
48 55
33 40
31 45
69 96
47 64
42 50
37 56
8 11
16 66
50 75
60 89
34 52
20 40
64 73
12 16
46 65
90 97
7 15
66 72
31 38
30 47
31 46
86 92
23 36
3 9
46 61
90 96
83 91
14 25
56 68
4 17
75 92
71 77
37 39
79 82
37 52
66 76
23 40
18 27
43 46
11 51
62 67
63 70
56 62
75 87
45 64
46 53
6 11
15 27
91 98
68 86
1 5
50 53
43 51
9 30
34 47
56 65
17 41
59 69
5 23
99 100
26 31
1 11
47 54
30 37
36 43
51 65
30 41
32 41
59 64
50 55
78 96
9 16
60 75
46 58
14 26
49 61
48 55
54 63
22 31
39 45
61 67
25 29
47 57
81 84
45 53
42 55
5 10
11 26
65 82
23 32
50 69
45 49
13 20
22 24
56 92
77 83
74 97
86 92
46 56
69 88
14 19
70 84
17 28
58 63
14 36
70 71
72 90
84 95
2 7
1 12
74 85
38 46
2 4
62 66
68 75
83 94
4 7
76 78
17 25
69 83
11 17
52 55
60 70
82 88
27 41
57 61
86 91
19 24
63 66
66 75
16 22
38 60
1 15
60 61
42 52
31 43
65 68
36 60
92 93
59 70
15 20
62 69
35 42
54 80
24 35
86 98
60 65
40 54
7 21
79 89
67 78
72 79
88 94
20 27
3 8
67 74
64 72
90 93
19 27
65 79
10 14
31 34
13 17
10 18
5 10
24 35
63 76
40 53
16 35
13 19
5 18
77 87
76 81
57 75
48 57
63 75
66 89
59 70
57 80
4 15
18 39
42 54
60 77
38 46
50 61
33 41
59 64
13 28
13 31
83 95
43 60
1 10
35 43
73 81
34 35
17 31
34 43
13 45
1 13
22 32
68 72
72 86
37 65
60 100
96 99
10 34
45 62
96 100
79 86
43 58
6 8
31 44
15 23
25 34
39 45
88 92
11 21
5 26
31 40
5 22
97 100
23 31
67 72
47 56
91 96
15 28
82 90
13 23
5 38
3 19
50 56
82 95
3 20
45 52
8 20
80 91
54 60
30 43
64 84
64 66
66 72
4 10
7 22
61 66
87 97
19 24
45 53
47 69
16 29
49 53
40 93
80 87
39 44
42 55
31 32
66 71
18 30
74 79
87 93
16 43
42 47
12 18
51 59
40 69
33 51
62 72
4 8
25 44
51 55
86 94
81 87
52 60
37 46
85 97
51 56
89 94
49 56
8 23
35 50
51 55
9 21
8 19
62 67
41 46
3 16
62 76
54 60
86 92
94 100
82 85
31 37
60 69
76 86
45 59
34 50
25 43
55 65
41 54
35 47
50 65
82 91
68 85
59 77
88 94
12 18
1 11
18 23
30 38
35 44
78 93
47 54
77 78
43 54
73 79
16 34
68 88
54 75
22 54
3 19
85 95
47 52
37 45
73 100
34 43
46 69
76 85
76 79
44 53
95 98
20 39
78 86
63 81
6 11
80 89
64 68
75 89
91 98
57 59
54 69
12 20
50 62
46 76
17 21
71 79
56 64
13 21
18 37
4 11
60 71
24 35
66 91
66 71
93 100
62 80
82 97
60 67
3 12
10 16
81 91
47 86
3 8
38 64
52 55
53 72
23 40
79 82
75 80
1 15
55 69
25 30
35 40
61 70
11 23
54 80
25 45
7 24
5 19
57 63
24 39
89 91
69 84
60 67
29 33
81 87
39 42
84 90
20 23
22 34
81 91
12 31
59 67
15 20
11 17
4 13
2 9
31 39
50 63
64 71
4 25
22 38
73 95
5 19
33 36
79 93
59 65
16 26
39 44
9 10
94 98
45 53
53 73
82 94
35 46
40 64
93 96
26 43
31 38
60 68
75 81
41 50
37 54
79 91
12 24
39 48
18 31
7 23
2 7
3 12
47 55
70 81
13 19
4 8
50 60
26 30
21 28
44 54
63 66
66 85
71 78
42 46
57 78
2 6
30 55
16 22
15 23
83 100
7 23
39 48
21 30
23 30
14 18
70 80
51 55
54 61
42 46
23 35
51 59
17 24
39 46
50 58
32 67
88 100
42 47
51 54
90 96
75 81
68 73
85 96
42 60
51 68
54 59
79 89
64 90
7 17
12 35
80 85
3 9
4 19
77 90
60 64
53 57
83 95
8 10
68 91
87 89
48 63
20 33
68 77
49 55
67 97
31 39
29 41
33 36
53 55
84 88
59 62
30 33
46 59
50 60
50 76
90 100
2 9
30 41
84 90
74 82
65 78
55 66
51 57
36 47
5 12
18 26
52 59
71 82
42 50
79 91
37 47
61 81
56 65
26 42
85 91
54 74
68 72
65 72
17 23
80 94
63 79
76 86
1 21
90 99
28 35
11 18
29 41
83 98
66 70
63 68
16 19
48 52
57 64
76 91
83 90
77 91
25 38
52 59
70 79
12 18
51 74
31 43
74 99
17 25
40 60
5 23
86 100
25 29
16 19
25 51
47 68
45 51
59 75
3 18
41 51
87 93
51 58
2 10
80 98
68 85
79 92
22 52
4 14
17 19
70 85
30 36
71 76
38 40
17 24
77 81
44 53
46 51
1 5
60 64
91 97
53 82
10 16
21 26
70 79
53 67
50 56
63 74
50 66
73 80
51 61
63 68
69 82
18 34
42 52
73 90
24 43
29 30
40 56
68 87
65 93
7 16
50 58
41 55
14 23
81 90
91 96
71 75
42 51
59 71
6 18
25 31
12 43
60 63
73 82
42 46
51 69
44 63
37 48
36 56
51 59
41 68
36 44
25 33
13 29
35 40
64 84
52 59
71 82
72 75
79 86
76 84
45 62
78 87
69 74
26 33
50 65
75 89
13 17
46 48
77 90
58 70
80 90
84 89
60 64
26 51
52 56
2 12
10 19
70 82
82 99
83 92
38 51
3 11
85 87
14 29
25 44
35 45
87 91
88 93
56 60
70 74
29 35
37 50
48 61
24 28
56 61
65 80
43 75
62 76
59 67
56 64
42 55
67 83
41 46
90 99
64 98
9 15
52 86
14 19
64 67
75 80
65 69
13 35
9 22
19 34
71 77
70 74
20 35
88 99
73 83
69 81
59 67
69 82
86 91
51 57
14 26
8 11
76 82
60 67
14 21
7 12
50 61
11 26
65 75
58 61
2 7
52 66
39 50
22 26
32 46
31 40
26 42
2 8
15 23
22 31
51 75
67 80
40 47
54 65
18 19
13 19
47 57
78 86
51 76
12 31
5 9
13 25
27 38
33 44
5 39
74 87
68 71
44 48
54 65
29 36
43 52
63 68
89 98
85 91
80 85
5 10
2 7
1 4
52 54
40 50
45 46
73 85
59 67
9 15
86 93
79 96
16 25
4 9
64 80
68 78
14 23
26 38
42 61
1 10
83 87
28 42
27 37
39 57
1 5
48 68
35 38
34 45
1 15
74 83
77 83
10 18
35 49
41 57
87 97
32 41
56 70
35 43
47 51
51 68
31 46
68 71
5 20
15 23
16 24
74 84
50 57
80 86
51 59
14 17
3 21
29 54
74 80
44 61
55 94
7 13
4 7
67 70
88 98
24 35
47 80
49 56
41 72
66 74
14 25
56 70
72 93
5 12
30 37
59 65
2 12
72 78
34 37
2 8
40 49
20 25
16 21
75 91
49 58
81 86
32 50
63 73
30 37
49 52
46 64
39 70
73 81
22 31
68 70
47 50
57 72
4 11
30 37
72 91
64 76
1 19
79 88
46 57
93 98
15 24
8 13
46 57
86 97
47 57
19 28
85 92
84 89
51 64
16 32
40 53
92 97
3 7
60 64
92 95
13 21
5 29
73 80
68 98
25 32
64 68
69 100
77 88
25 33
31 35
5 14
20 35
15 20
65 75
42 54
1 17
5 20
13 16
43 47
68 71
50 71
10 16
63 69
87 98
66 68
55 71
80 88
30 36
76 79
57 67
23 36
50 59
4 21
37 53
64 68
80 87
20 24
78 89
18 42
13 34
30 74
7 12
41 52
10 28
58 75
49 62
87 96
84 91
55 67
9 13
67 75
21 29
21 36
33 37
33 66
50 55
35 43
11 21
57 63
36 38
82 86
73 81
61 71
52 60
48 53
46 58
13 27
81 88
12 32
22 27
8 20
12 24
77 84
70 73
61 74
22 35
69 80
60 65
78 82
9 11
68 73
12 24
81 91
40 44
38 43
71 75
37 44
6 13
41 63
6 20
21 33
50 55
30 41
72 79
20 51
53 72
88 98
84 93
59 75
29 53
26 52
61 67
82 86
22 29
8 12
75 99
62 75
25 30
32 52
92 99
42 47
48 70
64 77
55 69
31 48
31 39
72 83
74 93
89 98
63 93
44 58
91 99
27 46
58 64
88 92
30 41
45 55
48 56
39 44
26 37
19 22
77 89
52 77
69 84
11 44
46 53
11 27
3 14
24 33
55 86
64 75
13 24
63 76
42 49
90 96
24 41
84 92
47 48
51 57
71 76
64 68
76 80
34 45
31 41
11 18
81 93
82 91
90 100
31 45
65 78
8 15
81 84
29 49
49 55
34 57
64 74
1 23
19 32
13 21
59 68
19 35
28 86
81 87
32 51
61 75
31 43
48 54
53 90
32 50
79 86
52 73
47 52
84 86
56 63
8 17
78 82
42 58
11 17
32 40
68 73
75 85
54 64
59 62
62 68
56 66
31 54
89 97
89 94
4 14
70 80
54 62
78 88
40 53
23 41
14 31
46 98
60 67
47 53
45 88
71 77
82 89
78 86
7 19
85 92
95 98
55 66
25 41
26 46
76 88
90 99
1 21
46 65
22 27
4 13
60 88
46 57
28 46
66 77
20 23
51 59
92 100
68 72
20 36
7 22
16 34
44 49
77 87
19 24
51 64
43 49
2 5
57 65
40 47
60 63
31 37
22 54
30 37
48 57
40 60
17 25
14 15
70 80
3 17
20 36
13 27
45 47
80 100
50 73
34 46
2 13
6 13
55 66
23 31
8 34
26 31
81 91
49 58
94 100
62 75
8 20
7 9
41 53
23 36
45 56
54 61
92 98
61 68
59 65
67 73
31 42
60 67
46 59
86 91
50 64
72 82
42 49
72 84
71 83
38 45
15 23
83 94
93 99
47 55
87 95
46 55
49 57
68 78
52 62
55 71
45 48
81 88
56 65
11 22
53 61
80 87
27 73
75 81
55 63
1 9
35 57
23 30
49 57
83 93
57 65
43 50
76 95
50 66
8 19
78 87
66 79
46 63
81 85
55 61
66 89
44 71
60 62
49 79
5 19
74 81
10 23
55 64
64 84
64 70
90 96
9 28
53 60
1 13
38 45
33 57
79 86
27 31
25 31
29 41
57 60
64 69
10 28
62 67
26 28
33 36
72 94
62 85
85 90
53 65
23 25
73 76
35 50
24 32
81 86
31 34
18 24
76 87
62 67
56 63
82 87
82 86
79 95
46 53
38 45
86 97
36 48
49 55
89 95
86 95
85 91
7 15
13 24
25 36
31 37
35 41
1 30
73 79
15 22
41 45
16 31
38 45
87 95
39 43
22 47
68 72
32 42
42 55
76 84
44 59
28 38
8 12
43 52
29 40
36 52
34 45
10 12
37 52
39 52
28 37
74 88
62 68
62 81
37 43
40 44
56 75
23 49
23 39
56 63
87 91
5 13
55 72
8 11
21 30
96 99
4 30
10 14
85 99
60 65
30 36
41 67
80 82
61 68
46 91
61 67
8 24
94 99
14 17
72 89
77 88
85 89
66 72
35 46
22 37
94 100
28 43
70 78
73 81
82 89
31 41
41 51
76 84
12 23
83 88
26 31
43 62
72 89
50 56
29 32
52 59
32 39
82 97
24 31
12 19
14 31
27 31
79 84
85 95
13 17
88 98
69 81
57 70
55 62
31 41
62 76
7 12
4 11
62 96
17 22
47 67
4 9
30 33
35 53
54 61
27 38
23 27
50 60
2 8
16 18
41 67
35 42
60 71
86 91
5 9
44 51
68 94
48 60
79 92
82 95
91 97
74 87
58 62
1 4
34 44
55 77
18 25
18 61
6 16
43 47
45 47
1 12
48 58
13 34
70 75
9 13
85 95
36 53
1 11
64 75
28 35
41 81
44 49
89 93
66 69
57 77
18 26
80 82
92 100
32 37
13 19
6 10
75 98
91 100
74 84
81 90
51 54
14 20
44 57
66 73
79 90
8 18
23 27
75 81
44 56
73 77
81 100
53 77
51 65
17 18
14 22
54 70
85 98
35 41
34 39
71 75
31 67
10 24
58 64
67 72
12 18
27 36
64 85
29 39
75 83
37 45
69 85
53 73
26 33
59 77
8 27
73 75
51 57
53 77
69 73
10 27
42 47
53 62
78 89
27 44
51 56
73 93
60 70
4 9
27 37
37 48
19 37
45 47
65 73
90 96
70 80
67 78
59 65
86 100
45 56
71 83
33 39
4 16
9 19
94 99
35 45
22 46
81 98
4 18
28 37
42 55
85 93
35 45
9 27
16 21
64 71
50 55
3 9
46 55
77 82
10 31
47 62
16 23
23 52
73 79
29 40
39 45
78 86
35 52
34 48
55 66
69 75
39 51
8 27
55 63
53 65
90 97
39 45
32 40
24 28
79 83
16 24
70 77
9 27
14 24
53 67
22 93
69 83
39 68
24 29
14 27
23 31
54 70
24 29
50 68
63 71
51 63
70 74
65 76
49 59
24 35
79 83
68 78
39 58
9 13
60 67
5 7
64 67
52 63
27 36
65 77
6 15
51 62
97 99
69 93
40 48
62 64
4 16
69 82
78 80
56 67
82 97
49 67
41 61
2 12
26 30
25 42
15 45
46 58
60 70
16 21
3 14
68 73
42 57
48 56
62 79
30 52
17 27
46 67
77 90
57 75
24 29
9 19
8 25
16 36
32 45
36 51
72 79
48 65
55 68
41 48
21 25
10 13
25 34
15 21
4 18
44 50
23 33
27 37
74 88
41 55
52 55
68 74
58 71
54 82
69 95
77 92
43 49
21 39
34 51
16 49
23 29
7 19
28 34
36 43
62 73
83 98
65 81
10 13
30 51
38 44
72 81
19 27
26 34
85 92
2 17
21 26
63 68
25 32
10 16
58 61
69 82
5 13
36 57
50 59
67 77
89 100
9 15
90 96
31 40
55 57
54 63
27 36
81 88
83 86
73 82
71 74
28 32
14 22
17 23
30 34
17 22
1 10
44 53
43 51
49 53
92 97
17 23
73 81
32 39
81 86
60 68
69 72
84 95
90 99
84 91
2 18
25 37
90 96
70 85
52 61
37 52
12 19
5 23
55 68
9 34
40 63
84 96
12 21
49 73
9 24
3 17
16 27
56 76
1 4
57 79
19 37
68 72
79 84
62 81
35 40
7 11
95 98
34 51
58 63
43 52
21 26
78 81
88 100
1 6
74 82
23 33
94 96
12 21
44 53
4 38
49 55
19 39
18 23
86 92
73 79
61 72
48 66
5 44
46 68
68 85
73 81
7 17
5 40
60 71
19 39
90 97
81 90
51 63
62 66
80 83
64 73
36 67
11 16
82 89
11 19
16 24
15 20
67 75
62 65
20 39
88 99
19 24
13 20
68 80
24 36
46 58
61 78
22 24
56 66
85 92
28 40
11 19
56 62
42 47
30 46
76 83
75 86
21 25
17 30
89 100
36 41
37 50
18 24
51 65
47 72
70 77
33 37
62 81
8 13
5 13
81 100
5 23
30 35
50 56
61 79
29 43
80 87
49 57
1 6
48 62
60 75
2 12
88 94
72 79
88 92
60 62
11 18
73 86
59 63
72 88
23 41
77 79
4 18
49 54
72 88
35 52
20 37
84 99
27 39
13 21
54 66
67 82
34 53
8 11
91 100
35 41
58 73
47 51
17 25
44 56
73 85
49 58
13 25
87 100
76 82
18 24
1 5
31 41
74 78
31 45
44 60
1 9
64 82
69 71
8 18
46 50
9 12
75 82
70 80
17 33
24 30
56 72
17 30
19 27
6 15
70 95
25 39
8 16
62 75
55 65
58 65
3 18
34 52
33 43
78 97
7 10
34 44
18 26
35 39
57 65
73 84
47 53
71 74
63 76
49 52
19 21
74 84
31 49
56 64
22 31
93 100
69 92
20 26
27 39
7 9
34 41
25 46
40 55
82 96
39 73
84 88
92 99
13 19
38 56
6 17
45 49
49 81
25 33
72 74
9 16
8 25
44 56
34 41
16 25
61 66
82 87
45 55
49 57
5 14
4 14
56 69
54 68
21 33
42 59
14 28
44 53
72 78
17 26
3 12
17 29
9 29
29 33
71 82
25 40
29 43
24 41
57 69
7 18
84 89
69 72
5 10
67 72
22 31
69 97
46 49
91 93
9 17
53 75
55 63
68 81
28 33
63 74
66 72
22 44
59 67
13 29
48 62
91 97
44 48
21 45
7 20
44 89
50 72
9 21
83 94
75 82
90 95
53 59
69 74
71 90
59 63
30 40
11 16
65 99
21 24
73 80
82 90
48 63
57 85
78 91
22 51
2 12
26 32
11 16
70 80
34 51
5 11
39 44
15 24
56 64
93 99
56 63
36 43
70 81
23 28
67 80
55 61
31 40
38 56
67 79
5 8
61 81
3 26
67 71
6 16
71 81
64 89
19 38
21 62
73 82
55 57
39 54
76 94
29 33
3 21
46 62
91 99
22 25
25 47
62 87
73 82
42 52
27 30
64 76
41 54
72 80
52 72
50 61
52 60
42 55
41 47
56 64
24 48
60 66
71 82
70 73
2 14
79 87
45 67
50 58
7 14
40 57
14 17
19 33
48 61
94 98
79 84
40 54
63 71
23 34
67 80
38 51
72 85
67 76
78 86
61 69
72 88
59 80
33 44
68 72
28 54
74 81
68 79
11 28
29 39
41 44
14 20
5 17
7 29
3 8
35 42
73 78
31 47
71 72
65 75
92 95
46 57
82 91
42 57
73 82
75 86
30 32
69 76
57 60
12 15
55 72
67 77
54 79
25 40
74 83
26 32
37 49
62 68
91 100
70 72
24 33
54 70
59 67
1 27
71 80
82 86
85 89
18 22
86 90
78 89
82 86
5 16
75 78
16 38
44 74
97 99
44 51
16 24
13 23
62 68
64 93
7 28
87 96
76 98
16 28
45 58
28 33
33 40
3 7
2 5
11 30
54 78
26 30
23 26
57 63
5 8
74 79
32 45
88 99
57 69
53 90
3 10
85 91
83 91
37 69
34 43
67 68
49 66
11 30
5 16
40 59
96 99
56 71
43 50
86 90
79 95
24 35
68 74
19 25
52 59
71 94
23 30
68 72
63 76
56 61
55 76
60 78
18 26
24 34
12 17
48 54
57 59
30 43
39 47
70 76
81 86
60 67
29 38
17 21
79 84
55 61
51 58
48 61
68 76
55 58
18 30
76 87
6 15
50 64
5 13
45 56
7 24
37 41
35 38
76 82
31 69
55 67
38 46
37 45
59 62
95 100
26 36
77 85
60 65
4 28
68 76
11 22
47 55
84 93
83 87
15 19
43 49
61 71
77 98
3 8
42 45
92 100
87 100
92 99
25 47
86 96
25 31
83 91
79 92
49 50
16 42
10 22
66 97
31 40
74 83
91 96
81 85
10 31
15 25
26 34
32 41
58 75
72 87
41 59
77 78
21 31
50 55
42 51
32 48
63 77
20 23
77 84
65 74
42 52
93 100
50 81
51 55
29 38
66 76
73 78
11 34
27 40
33 56
7 12
49 53
10 22
76 91
77 86
39 42
75 79
70 79
42 52
6 11
34 41
65 72
28 42
43 58
57 63
62 85
82 87
78 86
33 38
20 27
16 28
15 23
28 35
25 41
15 25
43 52
79 87
57 73
26 31
47 62
48 57
53 66
11 16
26 41
14 29
68 74
48 68
84 96
66 75
13 22
35 44
24 47
69 92
58 66
61 66
6 12
49 52
26 33
53 62
38 40
61 62
22 38
74 79
31 45
54 65
66 75
36 42
64 65
57 68
49 54
8 13
33 45
43 49
40 55
38 48
84 89
76 84
13 18
21 32
71 85
56 74
32 37
61 86
51 54
13 17
79 82
7 10
4 10
37 47
18 27
58 60
16 61
56 61
4 10
51 58
62 74
76 90
14 36
41 57
41 55
52 75
51 60
84 99
20 24
53 63
90 94
68 89
18 24
45 64
95 98
96 99
66 76
53 62
15 25
44 62
3 22
40 44
10 16
26 33
47 57
17 24
31 40
51 57
17 31
82 99
19 21
23 32
59 68
42 45
73 87
26 46
37 41
72 79
26 41
40 59
35 44
50 71
14 21
26 30
68 82
52 63
76 93
37 46
29 37
20 35
32 41
81 88
46 61
81 93
12 24
50 61
63 67
2 17
11 39
77 83
85 97
34 36
9 19
20 29
49 54
70 80
24 36
14 22
25 39
54 57
32 35
76 87
73 76
72 76
39 52
90 92
33 49
66 79
81 92
50 61
44 49
3 17
91 99
74 88
57 70
47 61
5 19
70 75
67 71
49 62
32 37
15 25
59 75
94 96
28 53
87 97
44 58
16 22
34 57
41 70
84 92
36 56
25 27
8 15
42 52
21 38
12 20
24 31
14 22
40 46
67 76
69 76
74 76
85 87
1 11
77 83
42 57
19 31
94 98
34 43
82 93
46 56
23 28
78 80
48 55
7 49
29 46
65 77
66 85
33 51
7 10
61 80
70 79
67 97
44 48
65 78
22 64
84 95
38 46
10 15
47 63
64 84
9 36
45 49
39 44
78 86
80 93
17 26
51 57
75 79
46 53
41 53
20 31
71 76
42 67
65 90
83 86
49 82
47 54
30 40
63 66
12 24
51 53
58 78
21 29
92 100
75 89
69 75
11 15
23 30
3 10
71 86
2 4
92 100
19 32
82 98
64 69
41 49
51 65
70 79
14 33
89 94
52 56
34 67
54 57
52 65
28 35
34 40
5 18
68 76
52 57
8 44
46 53
17 39
63 71
28 37
76 88
78 89
80 99
56 76
62 67
5 21
14 18
8 14
53 60
10 15
46 52
2 8
68 78
29 38
92 99
24 28
47 52
82 96
13 23
3 19
28 33
1 12
64 76
77 97
22 40
77 91
92 99
63 80
23 27
39 46
88 95
64 76
51 64
14 21
51 54
6 33
88 92
58 81
59 65
38 42
57 66
49 54
23 37
85 96
42 70
54 55
64 80
38 69
37 52
18 29
31 38
29 38
20 29
29 45
13 28
1 13
14 20
39 48
29 31
30 38
81 87
67 70
5 11
7 15
10 16
41 51
19 29
51 60
73 85
16 30
18 25
37 51
54 73
33 39
74 79
84 90
45 54
35 38
36 41
60 68
91 100
48 60
32 38
56 72
69 86
51 61
82 87
82 92
75 79
29 33
58 59
4 11
31 42
37 51
63 70
78 84
73 97
65 77
32 39
71 87
83 92
51 59
39 55
40 53
79 84
59 84
3 17
37 54
19 30
14 26
4 8
57 68
21 33
31 37
10 18
35 45
34 60
39 47
34 36
76 88
82 88
48 78
66 67
16 29
14 20
30 35
33 45
70 78
55 67
35 56
70 78
11 15
30 39
74 81
72 83
4 13
43 47
63 77
1 8
65 73
34 52
75 79
42 47
17 24
42 47
52 61
28 34
59 72
95 100
22 49
62 82
41 44
63 80
36 73
68 85
85 95
26 41
2 5
77 97
16 25
39 48
50 56
46 62
33 52
4 5
22 42
28 36
2 8
9 14
47 64
53 57
27 48
72 79
40 55
2 11
38 44
89 95
75 86
34 40
78 99
41 50
5 95
36 51
34 36
40 73
22 29
43 47
32 42
78 82
20 26
48 66
76 77
10 32
56 63
43 61
47 56
3 9
37 47
46 52
33 48
1 8
73 78
53 65
44 49
14 16
72 84
33 47
17 25
49 51
2 16
77 94
64 84
48 59
24 30
79 85
19 36
47 51
38 56
63 72
16 26
23 30
70 80
66 75
43 53
63 68
7 17
16 27
38 42
68 71
1 14
34 45
21 29
73 88
45 83
27 38
74 82
9 25
30 60
19 26
4 26
61 72
18 25
30 39
6 23
13 25
18 21
33 39
83 93
40 41
25 34
79 96
33 39
81 97
17 26
46 84
1 15
31 35
22 29
18 25
48 59
69 80
16 22
87 97
16 21
7 23
71 78
79 85
81 86
52 68
15 23
8 17
65 70
39 51
20 29
69 95
77 84
30 39
28 54
34 62
5 7
58 80
65 83
39 46
38 49
80 90
52 65
79 84
90 93
60 68
8 23
13 25
75 86
58 68
74 88
75 79
34 42
6 24
10 17
85 96
10 17
26 33
10 15
49 66
90 95
36 48
62 82
49 52
75 79
24 33
75 87
16 24
40 42
74 99
51 63
44 51
35 47
1 7
57 82
51 81
56 66
36 47
67 71
73 91
44 58
47 62
45 49
36 41
74 85
82 89
17 31
2 5
51 76
32 56
40 45
89 93
73 77
32 34
67 70
85 90
55 61
86 94
60 73
30 43
88 95
51 65
33 41
44 56
49 59
7 15
60 81
15 19
56 61
87 94
65 72
74 94
50 54
47 56
29 36
73 86
49 63
31 43
53 62
2 13
26 47
75 94
11 21
82 87
7 11
70 75
50 54
7 14
32 39
46 58
21 42
24 30
30 44
86 97
50 56
87 98
50 58
37 43
58 65
6 21
40 69
22 35
8 29
57 73
74 93
79 88
57 63
23 37
73 88
82 90
59 73
62 83
39 44
53 66
6 12
70 79
6 17
89 99
81 85
87 92
45 51
22 25
93 97
47 56
17 24
88 97
18 38
39 46
1 30
14 36
33 43
68 77
48 62
83 96
36 53
17 25
61 65
55 67
43 54
13 18
85 98
31 39
49 54
21 30
30 43
48 55
45 54
27 31
60 73
51 58
73 78
69 80
8 13
45 52
27 36
73 78
64 70
87 95
73 81
16 23
47 57
33 39
43 55
45 59
14 23
33 46
26 29
86 89
80 94
14 25
12 26
82 89
19 25
55 59
28 43
56 62
22 30
48 59
44 50
31 49
3 27
78 80
86 89
75 84
41 50
64 72
8 15
37 47
69 76
11 20
61 88
21 27
36 43
48 57
59 75
77 82
41 71
46 51
1 5
77 92
70 82
51 61
55 57
4 58
24 40
93 100
78 83
63 69
72 93
72 79
26 30
24 45
2 27
30 34
44 47
10 28
85 96
76 80
14 27
73 76
6 19
58 68
11 16
1 14
45 65
84 90
25 40
2 12
63 74
17 22
39 45
54 62
65 72
55 58
63 77
82 92
60 64
86 98
11 24
19 33
74 79
48 83
3 29
86 91
89 96
14 24
6 16
17 25
70 82
47 56
61 70
49 51
51 67
57 81
84 90
75 82
39 76
69 84
20 53
66 69
40 44
65 80
13 17
89 95
53 60
50 61
26 32
16 25
88 93
17 27
11 32
27 35
87 99
44 46
37 38
88 90
50 56
49 63
85 93
66 70
62 74
5 15
41 50
47 66
13 27
61 68
65 70
11 22
56 61
58 61
55 90
74 82
25 30
52 61
30 33
51 58
51 72
44 52
20 39
61 71
14 38
42 56
69 76
55 58
66 75
76 85
14 31
16 27
38 77
81 94
26 36
3 20
72 84
50 68
24 41
6 14
84 94
38 63
77 88
14 25
66 78
68 73
85 100
4 9
28 35
33 38
18 28
3 27
23 39
35 37
34 46
1 3
7 14
75 80
36 47
11 13
36 63
82 87
72 82
56 62
65 75
9 35
64 69
15 26
72 84
61 71
8 23
20 32
47 54
75 88
15 18
80 83
34 47
75 80
56 65
72 83
28 33
56 65
25 27
42 50
46 56
36 43
9 24
88 94
76 81
33 45
9 20
14 21
6 13
69 74
31 42
79 81
39 53
69 83
15 40
36 56
82 92
41 51
69 89
41 57
88 97
51 72
41 56
48 56
87 95
23 47
89 98
39 43
78 86
56 62
13 36
1 3
72 87
92 95
90 97
69 85
77 95
39 51
19 35
59 71
3 29
27 37
67 91
20 39
66 74
56 69
34 47
66 82
3 14
73 76
5 15
63 90
32 44
24 31
44 55
81 88
57 70
43 56
6 8
61 66
33 50
65 70
35 52
51 57
74 87
70 92
64 67
89 98
4 12
3 18
69 80
16 26
58 83
42 58
78 91
77 96
69 72
14 19
30 32
75 88
32 58
17 27
73 79
45 53
64 74
70 79
19 30
40 45
66 88
73 86
39 41
56 70
13 30
22 49
52 66
22 34
2 5
30 35
71 84
71 75
39 67
29 37
5 30
39 54
51 67
1 15
19 26
62 73
69 74
81 85
14 24
35 46
85 95
25 34
37 43
53 63
18 26
65 75
13 27
71 74
6 26
32 40
39 47
68 78
92 100
93 97
16 54
74 91
31 44
87 92
62 67
19 29
88 89
45 52
68 69
58 80
29 42
28 34
10 13
15 31
17 27
76 83
39 53
68 76
43 51
58 77
41 50
44 52
1 4
74 93
79 86
80 87
81 83
23 29
90 95
16 21
14 23
19 42
23 30
80 81
3 13
86 93
59 67
55 82
88 98
1 5
36 57
22 32
38 61
58 76
32 42
81 90
54 58
60 81
32 47
14 32
21 32
88 95
47 54
74 80
43 50
34 61
77 85
89 97
29 38
10 19
17 49
7 16
87 98
61 67
73 77
61 67
42 46
63 73
3 20
54 60
45 54
88 98
2 7
33 42
77 88
22 32
86 96
61 70
5 13
7 13
10 18
6 20
45 49
68 75
26 38
78 85
53 55
32 38
43 45
69 79
73 87
37 43
1 15
