100 20 20 9
00000000000000000000
00000000000000000000
00000000000000000000
00000000000000000000
00000000000000000000
11111100000000000000
00000000000000000000
00000000000000000000
00000000000000000000
00000001111100000000
00000000000000000000
00000000000011000000
00000000000000000000
00000000000000000000
00000000000000000000
00000000000000000000
00000000000000000000
00000000000000000000
00000000000000000000
0000000000010000000
0000000000010000000
0000000000010000000
0000000000010000000
0000000000010000000
0000000000010000000
0000000000010000000
0000000000010000000
0000000000010000000
0000000000010000000
0000000000010000000
0000000000010000000
0000000000000100000
0000000000000100000
0000000000000100000
0000010000000000000
0000010000000000000
0000010000000000000
0000010000000000000
0000010000000000000
5069
31 44
31 36
72 87
53 69
28 45
33 39
31 39
97 98
32 37
33 50
3 8
74 93
94 99
32 43
86 99
11 36
17 28
65 89
14 21
42 50
53 62
29 59
75 89
83 89
42 63
42 50
39 43
74 94
57 65
37 44
23 38
70 78
4 41
71 75
33 47
39 49
91 97
83 90
90 95
11 16
69 76
2 11
16 22
18 33
84 88
34 46
23 34
87 97
20 30
72 86
1 7
65 67
55 69
73 94
11 30
57 70
69 74
20 36
35 48
34 47
80 83
12 20
46 53
73 79
48 89
43 48
89 100
76 81
69 93
31 42
86 98
78 86
27 45
18 24
14 34
77 97
18 27
78 83
8 20
56 60
54 93
32 38
83 91
13 32
69 81
51 57
38 57
17 31
95 100
72 88
53 66
94 100
75 98
15 25
58 77
85 92
38 61
50 61
87 97
4 9
76 98
3 31
32 37
55 78
63 76
52 53
57 62
18 22
12 18
40 50
51 55
10 15
61 79
42 59
71 73
8 26
73 77
9 19
40 47
13 17
14 47
84 95
3 12
97 100
57 99
51 58
50 90
29 47
58 68
14 41
27 32
6 19
92 98
94 100
25 33
60 72
59 67
52 61
86 95
39 50
60 63
39 46
78 83
34 48
61 94
65 71
8 18
33 40
49 61
54 66
19 24
38 57
1 10
70 77
68 74
87 99
44 55
43 46
8 13
24 43
33 41
53 69
6 17
33 42
58 66
34 45
37 72
75 83
81 88
16 31
6 11
63 83
54 66
45 55
91 96
29 32
46 55
52 58
80 88
54 60
16 21
59 77
43 50
20 26
12 42
1 23
5 17
86 92
31 54
35 54
81 88
92 97
14 32
66 70
41 51
15 36
22 32
74 84
56 68
58 68
72 81
70 75
68 73
87 94
43 63
58 67
9 27
25 44
38 42
53 75
71 74
7 12
15 18
13 19
69 78
23 26
55 62
14 22
33 39
55 64
13 24
13 40
27 33
30 40
51 73
31 38
51 59
31 43
52 76
51 59
59 65
29 44
15 27
48 57
48 55
38 44
30 37
68 75
26 47
85 88
30 33
21 38
85 92
56 89
24 55
75 100
37 51
76 84
23 28
19 23
84 91
8 19
83 90
21 40
44 52
55 63
53 60
33 56
51 58
13 20
52 56
27 44
1 3
72 83
58 66
46 59
84 97
4 21
43 50
50 57
71 81
37 55
17 23
86 94
35 46
62 71
19 26
78 94
25 31
69 92
17 24
9 20
11 28
84 89
67 76
56 72
55 83
12 63
69 77
88 96
88 100
42 52
29 40
83 87
25 32
36 42
25 36
30 41
14 36
25 35
13 26
29 37
42 49
66 71
25 32
25 28
45 78
74 79
29 61
59 68
27 39
21 30
70 74
89 91
11 18
77 80
64 71
4 9
53 70
31 36
56 73
77 81
33 47
67 89
61 77
72 88
64 70
83 94
72 87
61 75
14 22
56 86
19 33
53 61
71 82
17 22
1 14
31 36
6 18
48 52
5 10
19 91
20 30
47 62
30 34
53 67
77 86
26 30
8 21
90 97
23 31
84 91
17 30
90 96
81 85
89 95
85 99
49 52
17 26
73 89
67 76
51 56
63 77
65 66
80 90
36 40
23 46
69 75
40 45
63 69
28 44
7 13
56 64
69 74
10 15
3 21
77 82
40 52
38 75
29 40
10 15
42 51
17 39
80 85
49 64
80 84
19 33
29 40
58 65
76 85
49 58
9 25
78 90
54 66
64 84
59 70
30 42
88 95
69 74
55 71
15 21
2 9
26 45
85 93
75 79
45 46
55 67
5 24
71 79
52 92
88 93
2 21
73 82
83 94
53 62
12 21
16 39
54 58
92 98
65 83
66 80
88 97
4 30
45 54
43 52
36 52
18 35
50 74
58 71
28 37
6 27
42 59
73 89
78 91
28 33
25 34
55 65
71 81
28 44
48 54
28 50
37 52
21 42
51 61
43 53
67 80
65 75
62 67
13 20
62 68
53 68
23 35
37 47
41 50
79 85
10 40
72 77
1 19
13 20
82 91
89 98
27 33
12 29
21 36
53 63
24 38
35 43
28 35
83 89
31 36
73 79
32 38
38 40
36 41
18 27
43 57
55 64
42 56
33 38
4 10
9 15
1 11
9 23
61 65
38 44
13 23
23 39
84 89
87 96
35 43
3 7
63 69
85 98
81 91
34 38
16 22
89 94
13 17
29 40
75 82
32 42
87 95
34 47
6 35
7 12
37 44
8 18
23 30
82 96
10 43
4 21
10 28
65 71
53 64
12 21
9 29
68 70
29 39
80 83
52 64
74 76
30 35
15 22
36 55
33 48
21 27
49 57
15 22
15 20
45 49
6 30
43 57
10 32
20 27
89 98
81 93
46 52
68 74
86 95
20 27
3 22
78 82
8 14
1 19
43 55
3 7
65 70
1 19
89 95
30 35
90 98
47 56
57 59
19 43
4 12
76 84
23 36
8 16
50 54
41 47
34 44
33 40
21 37
68 74
2 16
67 75
75 93
53 55
61 76
74 86
78 83
75 83
72 80
21 26
31 69
55 64
48 54
17 31
29 45
51 56
51 57
82 97
86 97
46 53
73 77
2 16
55 58
52 67
37 48
20 24
36 42
37 52
74 82
91 93
70 74
74 85
39 42
48 58
54 73
9 14
57 83
54 61
60 65
49 67
36 45
59 65
17 28
77 78
45 54
53 78
30 42
26 30
77 90
56 74
33 43
78 89
36 43
39 47
36 49
51 58
22 30
31 57
49 61
9 18
93 98
87 97
34 48
60 64
35 49
17 65
26 34
46 55
31 41
79 93
39 43
26 38
70 78
67 75
47 61
43 65
35 48
87 89
23 30
5 9
12 23
26 32
70 75
6 11
11 47
79 83
3 19
36 44
16 18
33 40
31 36
66 74
51 64
18 19
53 70
22 30
81 87
23 26
77 91
26 51
13 18
79 83
33 40
88 97
39 50
63 66
93 97
71 73
16 21
35 42
74 85
19 32
14 28
84 95
19 34
71 77
58 85
46 58
8 16
7 11
13 30
42 74
40 57
74 75
88 96
66 77
13 19
49 60
44 49
90 97
32 39
2 9
36 62
36 39
17 19
67 69
2 26
28 34
90 95
36 42
63 66
29 34
64 70
19 29
34 44
21 26
80 88
81 96
76 89
19 40
37 40
67 76
83 99
58 66
8 19
39 48
34 43
40 46
40 47
62 77
17 23
86 97
72 74
15 40
84 93
86 90
31 43
10 23
46 58
68 75
81 86
58 97
51 71
34 42
57 64
84 87
44 77
11 35
79 83
38 43
30 44
63 79
89 95
69 97
14 35
74 79
20 27
52 61
53 60
24 39
11 20
2 27
29 33
2 4
34 42
67 87
63 76
18 43
48 51
42 50
78 90
50 64
83 96
43 51
41 53
41 48
60 80
12 17
1 23
35 38
63 68
69 74
37 59
39 67
63 68
55 70
6 16
57 78
66 69
16 28
6 24
38 49
90 97
64 69
29 32
48 91
43 55
60 71
17 24
4 39
92 95
36 57
67 79
61 71
40 49
15 20
76 79
46 55
1 12
59 69
38 46
12 30
89 99
93 98
53 65
8 60
55 74
42 49
69 77
66 70
10 21
78 94
72 95
15 32
15 26
58 63
94 100
39 44
83 97
68 81
39 49
86 99
76 88
5 23
12 19
23 30
59 79
82 89
71 79
13 25
48 79
12 19
5 13
4 14
59 64
56 62
72 80
28 43
65 74
90 94
88 97
44 56
52 57
49 60
18 21
35 43
61 94
41 45
70 83
49 64
3 13
35 54
3 11
2 14
69 74
21 32
3 11
87 98
29 34
93 100
5 35
29 36
48 64
85 89
87 89
75 84
1 16
91 100
26 58
94 99
90 96
76 84
3 11
81 93
72 78
77 88
13 28
8 21
31 45
45 61
56 73
21 28
13 20
63 88
85 90
38 73
14 17
70 75
51 60
24 33
60 74
25 48
56 73
93 99
87 94
48 65
67 79
2 14
58 67
37 44
42 54
45 64
55 63
54 60
66 80
6 13
31 73
7 24
37 42
56 84
90 96
12 41
71 83
28 40
43 49
86 97
69 91
77 86
81 99
61 78
52 56
51 58
72 77
74 89
12 16
24 34
41 43
78 81
66 79
81 93
47 50
63 70
28 60
44 64
57 65
43 47
37 63
16 22
42 44
48 59
17 23
25 42
36 59
24 28
4 23
58 65
54 61
8 20
88 95
62 77
78 87
67 74
71 81
30 49
90 97
30 41
92 99
40 48
64 69
88 97
54 74
48 53
36 43
60 62
55 59
72 91
71 83
26 35
14 23
80 92
70 78
49 72
1 17
39 47
70 78
58 65
57 70
28 41
57 69
26 46
25 38
60 76
48 52
71 80
27 35
92 97
59 68
18 28
76 79
81 99
11 16
25 32
42 54
20 32
2 12
34 37
16 25
23 62
3 16
91 97
57 75
90 99
34 54
82 92
96 98
44 51
13 29
81 87
38 55
53 59
16 23
7 15
35 45
39 45
77 98
79 86
43 56
88 90
86 99
77 81
73 84
56 60
84 95
69 78
4 13
40 48
90 96
51 80
80 92
67 77
5 15
57 75
24 37
50 60
57 60
4 11
54 76
59 67
56 70
1 11
34 40
22 34
81 96
15 21
71 80
39 54
32 39
71 81
43 61
5 16
81 84
67 79
37 53
54 59
53 55
2 11
57 68
43 46
73 89
46 52
78 83
36 54
6 14
28 43
37 48
33 39
57 61
8 18
25 35
40 51
76 83
69 83
45 61
65 71
20 32
89 97
31 39
70 85
92 95
14 22
85 99
75 89
78 92
85 95
67 70
43 48
20 40
71 80
53 69
68 80
70 74
64 72
91 99
66 77
73 87
45 62
10 28
80 91
28 34
3 13
51 54
48 54
15 22
12 20
72 74
41 55
87 97
87 93
3 7
25 27
1 9
39 48
63 79
13 29
75 96
12 20
44 56
3 8
89 97
64 78
60 73
40 46
17 19
62 77
62 75
52 61
6 23
21 28
59 63
76 97
86 95
64 93
80 91
61 70
47 63
84 94
54 64
13 17
57 84
58 66
14 59
37 41
72 78
65 85
44 49
42 56
47 56
14 29
2 8
56 70
53 59
27 88
78 90
88 91
18 21
52 62
50 60
27 36
73 83
3 20
62 70
16 27
38 44
21 26
1 24
76 81
47 66
4 62
65 83
70 88
26 34
75 82
59 76
56 66
29 32
33 38
75 82
16 30
12 25
67 77
40 46
12 16
57 68
13 26
71 76
49 75
13 42
28 55
1 6
91 94
19 26
1 12
7 42
26 54
59 65
4 14
72 79
28 38
63 67
80 82
50 72
77 86
30 75
41 48
81 92
2 6
91 95
49 69
75 82
23 35
61 72
40 56
40 47
63 94
58 78
35 38
3 7
22 50
10 38
75 89
24 28
74 80
86 95
70 78
22 38
1 14
21 46
79 99
75 79
37 41
61 66
2 10
13 27
46 49
84 100
47 53
10 17
44 62
50 60
86 93
22 30
43 48
28 35
6 35
50 54
79 83
10 16
13 25
73 78
53 60
78 95
60 73
49 53
69 81
69 87
55 67
75 80
92 96
18 20
77 84
75 83
68 82
32 36
39 44
79 99
87 93
77 82
88 91
72 98
17 29
33 44
16 30
80 85
30 33
22 25
59 66
48 56
36 46
40 49
76 83
42 64
52 93
4 10
41 46
37 49
59 79
21 30
48 51
72 81
1 5
38 45
47 51
8 15
59 86
87 99
71 77
7 11
29 39
21 26
2 9
62 78
45 52
8 20
25 45
68 73
77 83
64 80
3 11
79 84
15 38
51 69
79 87
8 18
85 92
39 47
57 77
28 48
59 68
1 3
9 14
35 40
81 97
49 61
35 40
10 18
73 83
47 53
47 57
9 14
9 28
82 100
41 45
86 96
39 48
79 84
16 21
94 96
23 27
30 43
35 44
39 52
29 52
66 77
59 67
38 55
9 18
6 12
83 92
36 40
7 20
74 82
11 18
61 71
67 78
22 47
40 53
61 69
69 74
44 56
47 54
38 42
27 36
54 72
71 98
45 56
55 60
80 84
32 44
1 5
47 77
41 61
84 95
45 57
53 70
15 18
42 60
34 48
85 87
59 61
24 29
27 55
6 10
74 85
52 74
35 68
31 48
20 36
43 71
22 25
39 43
74 85
34 43
52 65
70 77
21 26
2 6
11 24
7 21
28 38
92 94
8 21
10 17
50 60
55 67
78 86
80 99
44 50
38 42
41 51
69 77
47 65
62 65
44 52
25 33
6 21
43 52
57 79
57 78
14 25
45 50
71 85
38 48
68 75
6 9
74 79
80 99
75 79
33 38
85 96
38 59
9 15
78 81
61 69
85 96
7 19
68 77
4 20
25 32
26 31
20 24
65 70
27 93
79 81
69 78
47 58
28 32
71 90
50 58
50 59
11 30
50 53
55 59
60 64
78 81
8 14
7 20
9 17
15 24
48 58
8 12
43 52
44 54
28 48
26 28
58 77
45 60
43 54
1 10
38 41
76 88
56 66
54 64
61 74
89 92
5 16
68 83
35 52
26 31
58 68
51 65
88 94
18 28
6 12
19 58
56 59
23 38
88 96
7 11
13 18
27 30
72 73
24 34
52 56
82 93
28 43
78 90
10 27
56 62
9 14
16 33
60 77
64 78
83 95
51 59
39 55
69 84
56 61
2 24
15 24
26 37
10 46
73 77
13 33
12 23
59 64
75 90
32 44
22 33
50 66
50 55
67 73
57 73
54 56
69 82
61 75
89 99
77 93
92 97
57 63
13 27
45 53
20 27
16 17
61 88
47 55
24 34
74 80
71 85
28 55
40 51
52 59
80 85
52 81
77 92
58 63
45 57
44 53
51 67
58 65
27 44
8 16
19 25
84 97
63 71
6 17
37 48
2 8
73 80
3 12
2 10
74 83
69 81
80 90
47 59
20 25
44 55
79 94
28 33
61 74
13 22
7 13
59 62
26 28
79 86
5 10
19 22
39 48
84 94
39 46
34 37
20 31
22 27
2 11
45 62
36 43
76 89
40 54
53 57
60 66
1 8
62 75
28 46
1 14
73 75
8 18
44 51
77 81
25 31
11 24
72 81
33 40
35 55
58 66
65 78
14 27
56 65
15 41
61 64
83 100
95 99
55 59
41 50
70 76
31 46
23 30
57 59
47 60
5 9
68 73
74 84
54 63
75 79
21 37
38 52
76 93
39 73
3 11
25 28
75 82
4 9
27 34
63 68
9 20
65 69
16 25
39 47
87 97
27 37
30 37
79 90
23 36
61 66
66 92
66 89
49 68
66 73
67 77
79 95
33 37
33 76
46 55
69 76
9 29
25 30
52 58
46 58
36 56
22 29
41 65
69 85
39 46
86 100
65 68
56 69
22 38
23 37
45 65
62 66
13 20
83 96
8 49
67 73
68 74
8 16
51 61
47 62
56 83
32 55
41 56
80 92
6 15
35 47
20 38
3 9
34 40
22 29
85 90
8 18
10 35
6 26
59 64
39 63
47 51
8 13
65 81
50 63
87 99
34 50
69 74
41 45
54 76
39 65
83 89
10 23
6 9
78 82
54 57
54 58
19 31
84 98
53 76
64 80
34 47
52 68
46 63
5 12
28 39
52 61
46 62
3 12
62 71
92 95
23 30
53 61
64 79
77 97
26 32
38 45
45 50
18 34
82 91
30 36
14 26
52 78
79 87
35 45
76 89
82 86
65 71
45 52
92 97
32 39
51 58
19 30
1 33
12 25
80 88
82 85
32 45
63 84
4 16
15 19
27 38
10 14
30 41
14 31
27 34
65 80
43 61
68 84
29 37
80 94
18 33
47 68
88 91
32 37
3 6
18 27
59 66
63 76
36 59
72 78
24 32
38 63
32 42
53 64
57 67
2 16
20 25
52 62
85 90
78 95
73 85
62 64
75 78
92 100
51 71
92 98
20 29
32 38
78 93
50 63
54 68
79 91
31 38
49 73
11 25
27 36
44 82
80 88
49 52
3 15
31 44
10 22
65 87
13 35
22 32
32 50
58 63
58 62
74 82
46 90
32 38
78 99
70 86
25 28
66 74
56 60
25 32
30 34
12 40
7 22
86 100
11 16
91 100
28 46
92 98
32 39
37 46
40 45
22 38
10 46
33 48
20 27
48 52
69 81
49 58
16 22
63 88
33 56
71 77
71 80
39 47
89 99
30 43
93 100
32 43
80 87
18 21
5 18
10 12
77 88
65 71
75 93
73 85
6 17
60 69
63 78
50 54
8 16
73 81
42 44
48 65
39 46
45 51
3 13
31 49
39 44
92 100
60 80
91 97
42 54
72 74
51 62
87 93
34 42
68 71
72 88
77 87
14 19
58 64
37 53
19 20
61 66
50 68
28 50
69 82
51 70
7 12
92 98
19 25
57 65
49 60
41 46
65 76
29 34
28 38
79 99
12 18
71 77
7 11
77 93
74 79
27 37
10 22
66 69
8 15
31 48
54 75
83 88
75 86
45 54
46 55
41 69
89 98
76 84
42 58
71 100
80 87
88 100
58 63
35 37
39 48
75 86
49 61
31 40
74 93
76 95
5 15
28 32
25 35
75 80
40 63
32 36
33 40
55 74
40 59
17 19
38 41
61 69
34 42
2 7
27 41
21 23
60 65
74 89
70 77
63 66
14 32
30 35
75 91
41 64
11 14
59 68
70 83
8 18
85 93
57 70
36 47
8 18
40 47
63 66
34 46
63 67
78 86
89 96
12 21
11 24
75 82
71 89
28 36
77 80
32 40
47 62
60 68
6 17
48 54
54 63
41 47
43 50
28 35
15 21
83 94
81 96
48 54
3 30
70 72
46 50
84 89
52 67
22 25
27 38
82 89
73 80
28 53
93 98
18 46
5 16
84 97
16 31
35 50
66 76
79 84
29 36
25 34
55 65
48 53
81 91
67 78
35 52
42 55
38 49
19 42
73 80
58 65
37 42
43 47
5 21
11 33
2 5
73 76
44 54
45 62
99 100
15 19
75 79
13 41
6 20
62 77
21 28
15 18
52 53
8 30
44 57
72 79
15 39
75 78
76 82
49 55
1 22
55 63
51 55
8 22
40 52
86 95
80 93
55 56
22 39
59 66
73 82
90 93
8 15
60 81
70 76
61 82
59 67
26 34
33 41
33 39
80 97
16 25
38 42
26 31
28 56
78 84
9 23
77 87
68 84
29 36
28 43
72 75
19 24
4 22
66 99
9 26
50 56
7 18
36 45
52 60
15 29
70 75
28 43
6 12
37 44
62 69
15 23
74 88
28 42
26 41
47 68
7 22
73 85
4 16
61 66
70 96
20 28
39 41
26 36
72 80
64 70
79 87
60 67
17 23
43 62
76 82
23 36
64 84
62 76
90 98
12 16
73 80
52 55
53 58
21 38
34 42
58 65
23 31
32 56
69 71
43 54
19 24
22 27
80 91
66 79
72 76
40 49
57 66
61 74
83 97
8 17
38 53
87 99
70 83
81 85
60 67
52 58
83 98
79 87
27 34
31 49
23 31
54 72
24 44
23 33
2 6
80 91
14 17
39 49
74 78
61 95
33 43
40 64
2 10
25 31
32 35
55 63
38 42
79 92
34 45
12 21
16 32
74 94
56 80
12 31
13 24
51 67
32 46
4 8
39 51
76 88
85 89
76 86
44 50
50 57
1 5
79 80
22 86
60 68
79 88
14 19
33 49
36 46
69 78
70 81
39 62
25 30
21 29
90 95
85 92
87 92
60 66
58 67
57 77
74 78
28 36
32 42
81 86
37 41
68 75
1 9
57 77
69 73
13 22
47 63
35 44
91 100
73 80
90 96
51 61
15 29
57 71
27 37
71 82
60 65
51 61
30 42
5 11
58 62
65 70
74 94
88 97
39 53
80 86
68 89
71 89
51 56
1 5
12 31
33 56
71 76
41 55
55 58
61 64
32 45
50 57
72 79
34 35
2 26
54 57
58 61
80 82
2 11
25 38
20 33
54 79
13 15
24 34
67 87
57 85
22 26
38 60
59 62
12 20
35 39
44 48
93 100
69 100
62 64
76 96
67 70
51 62
13 17
5 14
55 66
16 32
40 41
28 45
32 46
3 16
53 61
82 88
10 27
8 37
64 70
63 72
17 26
47 59
17 34
45 55
22 27
63 71
13 19
72 77
44 62
29 36
46 58
38 52
53 62
12 42
58 71
37 43
66 93
58 80
91 100
94 100
51 60
38 43
67 80
50 59
71 79
84 93
7 18
17 20
74 80
79 82
29 44
53 60
42 49
78 82
73 75
62 70
15 20
47 56
31 46
54 63
23 53
86 95
66 74
75 89
85 89
34 66
48 61
30 34
86 92
65 73
45 51
2 16
26 37
41 43
4 10
75 90
44 58
84 92
28 31
4 8
62 72
85 97
7 16
66 92
63 75
44 68
14 21
55 60
45 49
39 51
29 39
61 65
53 64
46 52
47 53
56 64
54 72
20 44
15 26
6 8
80 97
84 92
67 83
88 93
51 58
34 44
6 20
43 57
1 8
52 67
32 36
82 94
59 69
13 20
43 46
46 65
33 41
39 52
75 84
8 22
88 91
81 85
50 57
41 51
20 57
42 50
35 52
60 67
88 94
56 60
54 67
56 65
56 77
13 22
48 58
14 31
8 24
92 99
95 98
15 30
43 59
70 80
75 85
58 65
67 74
52 58
13 22
78 93
42 50
50 57
6 13
76 78
74 78
85 92
54 82
59 99
81 87
90 100
51 58
18 24
87 98
75 88
22 31
36 41
35 73
85 94
8 13
69 79
6 26
39 56
61 70
28 38
21 26
18 36
78 89
64 84
40 43
61 67
76 86
86 91
85 100
70 80
9 52
31 43
13 27
29 35
39 55
19 27
49 59
25 36
91 100
65 74
87 98
49 65
85 100
21 41
91 97
18 30
60 73
26 30
40 47
27 37
49 55
4 14
20 27
7 24
2 13
31 42
75 78
29 35
5 14
63 67
60 70
59 77
66 80
39 52
21 25
10 16
9 22
35 58
37 38
45 61
44 50
34 43
22 60
38 57
73 77
51 56
91 95
47 54
76 81
29 34
40 55
50 59
17 28
27 37
87 98
51 53
85 90
32 43
61 82
83 96
7 13
10 20
39 51
81 85
27 30
79 93
4 15
89 96
50 61
50 59
24 26
50 76
32 36
61 66
4 19
3 7
66 78
1 6
55 68
92 100
82 93
82 86
65 69
35 41
49 57
43 52
46 54
12 16
47 57
71 79
87 95
96 100
9 13
15 20
45 59
8 20
1 9
9 20
3 8
62 67
66 70
35 44
87 92
90 97
66 72
11 25
50 65
48 59
73 80
40 44
24 38
40 46
11 23
9 10
48 59
25 29
71 79
21 28
34 44
88 96
72 87
53 58
40 45
10 15
42 57
44 48
6 17
3 5
48 54
27 39
9 12
73 90
52 70
92 99
48 56
74 88
69 81
47 73
10 25
53 59
44 50
49 61
23 53
43 49
47 57
74 81
92 95
22 30
25 29
6 19
74 82
5 19
6 11
19 38
6 14
7 12
82 90
86 95
57 85
51 59
43 47
32 41
41 47
55 76
94 97
45 55
67 78
88 91
42 46
82 90
31 35
66 75
24 31
59 64
84 92
81 96
54 62
85 99
30 41
92 98
46 50
87 93
42 43
86 94
77 85
12 37
2 13
45 47
7 18
17 43
26 56
93 98
30 40
2 4
3 12
30 55
37 43
53 62
84 86
69 73
24 30
8 18
1 10
30 36
35 43
27 42
69 76
69 85
11 28
13 18
72 78
34 43
58 68
84 85
50 57
72 87
68 86
96 100
69 74
26 27
52 77
52 62
32 41
3 11
69 73
32 40
89 96
24 49
7 14
18 25
11 16
39 50
34 44
55 89
13 61
83 91
19 26
44 59
17 38
52 63
37 97
25 43
42 47
6 17
18 67
90 95
38 61
23 26
81 85
29 38
56 69
77 99
22 25
47 53
40 54
74 84
38 45
80 94
38 48
14 33
60 73
18 22
44 51
85 95
50 66
55 63
1 4
16 29
75 98
49 51
11 19
49 54
10 20
94 99
79 89
61 98
64 74
9 15
17 46
63 82
46 57
41 67
35 45
79 81
70 78
5 9
57 63
34 45
36 43
47 61
35 36
29 40
58 69
30 39
64 75
12 31
51 59
9 14
75 83
10 25
22 30
44 59
78 94
33 44
23 28
35 48
65 88
16 20
60 74
87 100
23 29
24 32
19 29
68 85
69 84
77 99
4 15
2 12
26 30
11 19
56 71
7 12
15 21
46 52
70 77
29 34
49 58
56 71
49 61
74 77
77 86
66 70
21 25
69 74
25 38
70 77
82 95
65 74
35 38
66 75
86 92
60 76
43 52
29 48
38 55
40 62
71 85
40 45
73 78
11 19
55 61
51 54
44 60
62 66
40 47
56 66
27 35
43 58
39 52
29 38
5 14
22 44
9 19
19 30
5 8
29 36
74 93
94 99
78 83
17 29
24 29
35 48
2 57
57 75
29 35
85 93
67 77
11 16
19 26
28 30
39 71
14 24
65 74
63 71
18 25
53 71
55 67
94 96
1 18
29 43
40 57
10 63
75 89
70 80
33 50
75 86
89 100
55 58
61 92
37 63
48 56
5 14
33 42
64 77
55 65
78 90
52 55
49 73
4 30
78 83
17 30
52 62
2 36
82 85
17 40
28 36
43 59
13 19
56 59
53 58
88 91
10 22
40 58
74 79
73 82
86 94
27 38
70 77
6 14
45 50
29 36
18 27
46 67
63 72
80 83
9 15
89 93
35 50
35 65
8 14
8 68
24 37
87 94
57 88
25 35
18 20
25 40
9 14
24 31
52 59
25 35
60 73
12 55
6 8
57 79
37 42
96 99
66 85
29 38
80 85
24 30
59 63
66 71
49 58
40 55
39 70
8 13
89 98
67 80
44 49
15 27
81 86
59 64
81 99
70 85
70 74
79 90
33 40
23 28
15 20
86 92
85 95
34 37
55 67
63 96
41 57
92 96
95 100
22 32
57 72
1 9
58 69
31 48
69 83
7 32
84 86
78 90
54 88
59 80
20 23
14 23
5 26
83 86
20 24
81 85
37 76
73 76
4 15
33 42
63 85
57 71
59 61
17 23
83 87
64 71
80 91
17 23
12 27
68 77
66 81
9 14
2 7
52 55
36 65
61 78
79 82
69 77
87 100
61 70
89 93
75 87
42 53
93 97
79 95
73 95
80 85
27 30
77 86
28 38
49 56
72 80
68 75
58 73
57 60
80 89
30 47
13 38
67 73
34 40
65 75
22 29
15 29
13 18
42 57
28 39
81 93
64 88
79 86
75 82
14 18
33 40
50 61
79 84
22 25
15 29
44 69
38 45
40 57
78 87
71 75
34 39
9 23
65 77
18 46
73 80
83 95
59 73
83 89
83 99
76 94
29 44
1 12
79 84
38 54
25 47
16 22
25 39
11 16
29 32
64 75
27 42
77 81
36 46
31 38
34 50
42 62
39 45
36 43
38 40
56 60
1 11
40 76
35 45
74 78
77 90
42 58
28 42
31 37
47 59
54 62
58 81
73 80
39 51
40 55
8 18
63 74
29 43
7 17
54 82
36 69
46 67
25 42
34 45
5 16
19 36
61 85
47 59
10 22
53 61
30 34
22 29
29 34
78 80
73 80
58 66
85 92
40 43
32 34
79 91
62 68
58 62
8 11
74 81
44 65
26 45
6 11
63 74
14 21
37 46
60 79
46 58
37 63
45 52
52 60
40 51
23 29
11 19
5 18
16 21
38 62
87 99
3 13
78 91
42 59
84 90
77 79
78 93
45 66
60 88
51 75
89 99
80 98
69 88
25 69
71 80
69 86
16 27
33 39
72 76
52 60
56 87
1 7
9 14
20 37
73 90
44 65
31 41
25 39
39 48
61 68
36 43
45 48
1 14
40 68
88 98
96 100
84 93
78 98
71 77
6 22
52 56
6 26
66 84
4 6
75 96
75 85
41 54
68 72
46 50
25 29
31 39
72 82
29 36
82 90
46 51
87 93
34 40
35 45
56 68
17 42
91 99
71 85
10 14
65 85
40 53
2 25
18 25
73 77
48 56
69 75
36 61
67 71
64 66
18 28
34 47
48 61
79 97
30 39
24 39
57 68
82 88
10 17
45 64
65 74
19 35
63 67
68 78
32 47
93 99
8 21
63 79
45 57
55 71
31 37
61 66
66 75
26 38
76 90
39 53
25 33
19 20
68 81
37 40
73 80
59 62
23 44
37 45
85 89
73 82
70 81
39 45
63 87
60 66
8 24
88 97
61 77
30 41
3 12
24 45
12 17
41 52
51 62
61 68
81 87
41 54
77 83
6 7
16 23
31 52
71 89
69 71
78 95
5 15
5 22
49 65
55 59
41 60
70 72
35 60
42 48
2 6
45 65
86 94
46 55
39 47
65 71
31 40
2 29
72 93
70 74
66 67
70 73
20 23
69 78
21 25
13 23
70 91
94 99
48 54
45 50
45 51
49 53
5 19
31 45
66 73
63 70
26 34
45 48
77 84
6 17
84 98
57 64
73 84
72 94
4 9
82 100
9 26
44 58
10 14
19 30
71 87
18 25
72 77
56 63
48 59
10 16
14 28
18 59
40 54
68 89
26 42
23 27
81 95
67 83
28 39
67 77
38 49
39 42
12 16
40 41
32 39
68 73
84 97
12 19
74 79
55 58
23 32
68 72
72 86
76 86
52 58
38 45
40 62
53 69
41 51
78 89
25 38
64 69
42 56
66 70
9 25
12 21
38 51
11 20
30 38
85 92
69 89
14 21
19 32
70 74
12 19
52 92
42 45
20 28
56 64
56 64
17 27
48 66
48 61
59 73
2 7
29 86
62 72
29 33
19 24
86 90
67 74
52 63
27 46
33 42
24 31
39 52
62 69
30 34
26 36
49 64
70 72
23 35
15 26
15 24
56 77
12 42
8 9
89 96
18 24
61 71
9 24
66 76
49 56
46 52
63 74
73 77
2 9
47 62
85 90
13 19
25 30
29 38
91 96
66 70
33 36
62 79
72 83
65 73
92 99
15 18
69 82
62 64
6 20
11 18
48 59
64 88
32 50
52 57
54 58
65 72
70 73
3 76
7 27
5 8
72 88
84 95
1 13
15 31
5 13
48 66
5 13
33 38
58 63
34 45
52 58
19 30
23 57
9 12
8 15
89 95
26 29
58 74
42 44
17 18
21 34
32 44
11 17
6 43
26 39
96 100
32 42
47 56
9 34
53 57
15 19
57 63
32 43
42 72
8 12
65 71
32 44
6 13
31 35
27 37
25 30
35 47
84 99
25 41
10 19
1 27
29 37
18 35
20 41
67 81
67 78
24 30
12 20
51 68
58 63
2 11
54 69
61 69
40 44
38 57
49 65
47 63
40 53
48 76
78 84
48 51
9 25
28 40
53 63
62 74
49 54
20 30
14 17
23 37
44 50
41 58
83 86
83 98
16 31
85 92
63 69
80 88
67 71
77 96
38 48
83 90
38 43
35 40
45 62
35 40
7 14
91 97
79 91
34 44
32 37
25 35
71 78
47 71
8 16
37 44
16 18
87 94
33 43
65 78
7 31
45 54
46 62
70 75
55 62
31 37
61 69
16 21
63 69
78 92
92 95
36 41
21 30
36 57
55 59
60 74
28 37
31 40
73 81
41 56
16 30
13 21
78 88
54 56
57 62
29 50
88 97
78 89
73 86
27 33
62 77
80 85
87 96
44 49
48 56
9 19
35 44
51 70
57 72
23 33
17 39
27 37
12 21
63 65
33 64
64 71
87 91
28 44
26 31
21 29
37 60
17 31
79 92
34 53
74 78
47 51
52 55
66 73
16 34
75 100
91 97
88 97
29 59
70 80
34 37
64 71
89 94
15 38
42 43
13 18
47 56
67 70
29 36
79 86
74 97
60 65
22 36
31 37
71 91
23 43
48 52
39 44
61 67
52 64
19 39
82 86
68 78
40 64
73 90
23 44
19 33
72 91
77 88
31 43
81 92
36 49
70 79
71 75
89 99
9 14
88 98
54 57
81 95
85 94
11 43
69 79
9 43
30 39
7 15
19 26
8 25
16 22
74 82
33 41
15 23
37 53
14 33
80 86
85 88
57 61
27 31
49 54
52 77
30 44
25 46
76 78
82 92
41 48
15 19
37 44
27 43
21 33
79 80
5 27
25 42
93 100
96 99
90 96
54 67
90 92
76 85
44 53
56 61
12 19
43 53
55 65
53 74
21 27
64 74
58 63
82 92
24 47
56 64
28 32
62 75
92 96
84 96
10 14
42 46
53 64
77 100
82 85
16 29
29 35
50 61
44 52
37 55
49 57
73 84
4 6
13 15
81 91
62 65
82 93
34 39
47 56
4 13
50 57
73 86
94 100
16 20
96 100
11 21
52 60
3 6
2 6
35 70
37 47
5 16
5 12
71 82
80 84
50 61
75 79
41 43
67 77
35 49
72 84
61 65
22 44
76 85
12 22
84 94
79 93
18 24
19 28
65 92
84 87
60 72
5 9
38 53
64 68
60 77
30 39
65 79
5 10
79 89
7 9
4 30
17 26
44 53
48 53
28 49
38 45
85 88
8 16
45 53
6 13
82 90
65 79
38 43
33 39
20 33
71 76
20 25
50 64
19 38
26 29
36 54
5 10
42 54
25 33
60 65
32 45
18 26
56 63
62 93
22 36
1 12
53 67
12 25
2 15
57 68
86 91
20 34
13 22
53 62
95 99
13 20
29 40
23 32
38 54
22 31
71 75
74 84
41 62
10 21
28 47
27 45
44 53
54 60
17 24
33 50
48 60
43 51
63 81
56 74
31 40
41 54
1 10
42 51
77 86
14 27
66 71
50 57
87 93
28 32
57 65
28 32
19 33
22 29
52 90
28 40
49 57
10 18
49 51
37 52
78 98
88 93
12 16
20 34
56 61
37 47
19 27
74 80
56 58
29 43
2 10
65 74
12 16
56 60
16 28
29 57
84 100
52 65
28 44
39 42
1 9
20 32
56 69
10 20
82 92
38 49
56 59
55 68
85 98
3 11
63 66
60 72
53 58
22 27
31 43
21 25
51 70
81 89
26 27
79 97
54 72
69 74
8 13
25 43
63 70
71 83
26 40
48 62
30 40
4 13
21 28
17 24
67 90
42 52
36 44
30 48
2 27
8 14
79 86
56 65
38 42
70 80
49 57
84 90
81 100
49 55
17 19
74 78
65 85
34 38
9 15
50 58
17 23
63 70
41 68
1 7
60 78
51 61
68 72
81 88
57 76
76 81
35 49
67 77
3 21
53 57
73 83
64 87
26 34
6 61
4 9
68 71
59 75
9 24
16 27
78 87
71 77
22 37
1 14
42 65
15 19
39 41
38 90
67 81
42 49
22 33
14 17
61 73
11 31
74 79
85 99
3 13
68 82
16 19
11 19
84 100
1 4
31 39
45 49
30 44
35 40
38 58
59 70
78 84
77 85
24 29
29 40
45 53
6 18
62 79
67 73
3 10
46 55
46 55
68 76
74 78
82 87
16 27
45 51
21 25
21 27
25 34
72 75
46 51
14 21
45 58
36 38
86 99
63 73
35 47
15 24
14 18
28 63
48 59
79 84
48 62
52 61
7 25
84 94
69 78
80 82
54 68
18 23
24 32
26 50
75 78
42 57
74 88
69 87
82 90
63 82
30 48
44 47
30 37
47 65
16 25
47 81
84 89
26 42
41 68
70 86
25 35
31 38
51 54
64 76
58 67
20 29
55 58
1 8
85 97
15 22
32 39
16 23
8 27
53 69
25 31
87 91
59 84
40 46
33 49
22 34
34 53
42 47
59 85
65 71
16 27
47 51
60 76
30 33
6 30
14 16
2 14
95 99
58 65
53 56
32 35
44 57
63 90
28 50
26 37
58 81
96 100
28 33
41 54
47 70
70 84
46 61
49 62
86 91
92 100
9 25
29 34
18 21
91 97
63 76
10 25
40 48
42 44
87 93
29 34
56 64
64 73
29 36
12 17
18 21
57 58
69 71
12 42
46 49
80 89
77 84
90 96
49 52
1 9
52 59
1 7
78 99
81 84
81 86
69 74
25 27
94 97
8 19
47 54
73 90
55 58
82 89
71 77
47 66
27 34
69 81
69 76
14 19
7 16
53 64
14 28
7 15
76 85
68 83
23 28
54 71
50 63
73 99
71 77
29 60
15 33
22 33
46 60
24 26
37 62
40 44
54 71
53 60
11 33
83 89
22 39
66 85
19 34
15 23
59 64
50 68
1 9
11 21
63 77
87 91
58 60
2 32
41 48
52 63
63 68
59 77
77 84
54 70
45 60
18 42
52 58
28 47
21 30
10 14
69 70
62 88
75 92
66 76
5 15
29 45
72 81
80 92
57 67
53 64
84 93
20 26
3 6
56 65
8 26
33 49
35 43
21 26
39 42
78 98
9 16
37 57
18 35
32 46
15 18
75 87
85 92
56 65
36 45
30 33
42 56
60 70
39 50
39 46
47 53
59 74
17 38
35 49
55 62
59 75
69 73
35 51
18 29
40 58
14 43
21 30
22 32
69 74
21 31
44 49
86 88
55 60
39 45
39 50
79 82
55 63
43 47
71 76
4 47
37 58
44 76
37 48
80 86
5 10
41 75
15 21
55 63
22 26
27 37
43 53
34 43
38 46
4 17
93 97
69 77
26 34
75 80
2 33
72 82
24 40
55 60
55 65
92 99
71 90
41 45
74 83
23 29
23 60
44 60
25 40
24 47
86 92
14 21
75 95
31 41
91 95
21 29
61 68
8 24
41 51
29 34
12 23
84 91
83 89
24 38
17 20
73 82
79 86
1 3
16 47
44 57
38 51
45 50
3 7
64 81
40 51
73 85
41 56
82 100
83 88
17 26
48 59
18 27
17 27
3 7
6 17
11 22
4 15
59 64
34 40
41 50
66 87
20 24
7 12
53 60
56 61
12 29
73 78
4 47
16 27
7 19
63 82
61 70
47 61
7 14
75 80
62 67
23 44
2 6
46 52
30 40
61 67
32 47
69 76
18 35
15 33
62 78
66 71
9 17
26 42
92 97
69 76
69 72
74 87
22 28
68 84
27 45
85 92
81 86
48 56
57 71
43 54
42 54
28 34
30 36
8 13
85 97
8 16
38 45
68 85
84 87
14 23
69 84
86 94
84 94
73 93
71 81
17 29
8 12
25 26
77 84
27 38
9 16
81 90
3 26
62 66
66 88
63 71
71 75
26 34
7 13
83 84
43 48
39 50
31 52
43 51
69 74
24 27
70 91
83 90
60 65
75 83
86 97
60 82
71 75
46 63
72 84
44 55
80 87
75 78
90 98
68 74
61 78
54 59
23 26
60 86
75 81
55 67
13 19
29 42
41 51
63 81
88 95
91 99
78 88
74 83
14 20
56 75
39 46
68 79
90 99
31 44
32 41
14 22
52 69
40 47
5 16
3 12
73 79
23 48
36 49
79 89
17 25
8 14
8 16
57 60
64 69
1 7
89 90
59 62
12 19
74 80
92 96
6 16
21 34
27 35
21 30
76 79
25 32
66 79
74 85
45 54
75 87
88 95
60 67
6 16
80 89
71 79
26 35
30 35
15 20
25 29
11 27
50 62
61 63
55 65
20 31
31 35
34 40
35 45
84 87
54 58
26 32
64 90
40 54
13 20
32 61
42 59
31 34
65 74
50 72
83 93
26 36
47 60
53 65
79 81
75 86
30 38
32 40
67 69
60 80
52 54
87 97
47 53
39 46
7 10
52 56
40 60
94 97
30 33
45 65
33 37
14 21
70 74
63 66
88 90
59 69
62 73
37 43
18 26
32 40
45 49
33 40
47 52
36 49
16 40
37 48
68 82
67 88
52 58
9 13
10 24
21 23
49 57
25 36
58 74
3 25
57 70
8 14
24 33
43 46
73 77
31 53
28 69
63 70
29 48
85 92
98 100
67 74
4 32
63 71
69 100
14 24
32 47
58 69
48 52
9 16
34 44
25 34
76 85
9 11
17 22
22 38
73 83
11 15
62 75
46 54
3 21
76 79
56 59
22 29
90 95
49 55
68 75
32 44
39 46
58 62
27 33
35 41
69 73
1 5
50 61
47 51
27 36
77 90
70 75
52 58
53 74
62 65
48 53
30 41
50 53
17 26
36 39
83 94
75 87
19 45
57 66
40 51
57 61
21 28
1 22
47 57
44 84
44 49
14 19
62 66
11 29
12 19
76 87
17 22
76 78
41 43
17 27
75 84
86 90
27 35
57 70
64 76
82 89
40 53
58 78
38 76
10 15
4 10
42 48
15 47
4 10
2 15
71 85
42 48
46 52
61 77
3 14
35 49
7 10
28 40
65 70
42 46
43 56
20 29
74 83
56 70
28 41
2 16
45 49
88 92
5 13
27 31
21 32
86 97
24 26
44 58
74 82
52 55
47 54
34 42
43 51
86 99
26 29
80 86
28 42
48 54
45 56
29 31
4 10
69 73
76 89
9 24
72 80
56 81
30 33
65 72
1 6
66 68
11 34
40 74
72 85
70 81
57 65
85 92
1 7
39 42
8 13
77 84
22 41
24 30
58 66
46 49
86 100
4 11
66 95
43 49
11 19
4 26
83 90
38 51
44 54
41 54
67 71
91 98
60 85
51 53
30 40
18 20
20 24
6 9
51 56
38 48
47 52
73 78
62 87
65 97
43 57
6 18
70 75
72 90
75 88
69 79
74 98
64 70
42 43
7 25
4 17
44 66
28 37
7 12
15 28
43 67
77 83
65 85
19 24
61 69
62 66
19 24
13 16
33 46
15 20
29 36
93 96
20 32
25 55
87 94
65 77
42 49
46 49
42 51
84 87
27 41
37 44
34 43
44 59
38 59
42 52
70 100
33 39
36 43
67 76
24 35
44 50
70 77
86 93
49 59
57 64
56 66
46 55
30 47
83 93
55 64
38 48
72 77
24 37
32 38
3 18
47 53
71 82
94 98
11 26
71 77
85 90
7 11
54 60
85 93
40 41
75 91
30 48
80 99
52 60
49 52
9 42
22 34
59 83
68 79
60 71
46 52
14 24
81 89
92 94
47 54
2 13
24 27
22 31
63 73
29 47
50 60
9 14
57 67
19 28
22 28
54 68
71 81
88 95
58 66
38 43
8 22
25 36
71 86
82 89
23 28
68 89
82 97
47 61
22 43
67 88
61 73
58 66
85 90
6 35
41 58
26 40
85 97
61 77
34 36
87 94
20 33
8 14
20 35
17 24
2 12
30 36
88 97
80 99
15 27
23 36
13 22
2 11
90 94
46 57
43 56
68 84
4 12
50 62
86 95
72 89
8 22
77 93
43 60
19 21
10 18
39 44
85 93
46 70
3 17
70 82
43 58
67 81
19 38
33 41
44 54
77 92
75 84
33 42
70 91
3 34
79 80
45 57
55 61
42 63
65 79
84 96
52 59
20 34
12 20
12 18
8 27
37 52
52 90
71 75
56 62
3 15
43 49
84 90
77 93
11 26
19 48
72 80
5 10
83 90
10 17
32 43
70 75
26 31
20 24
10 24
72 78
11 20
91 100
59 68
50 61
14 23
36 60
80 85
7 10
11 23
45 83
54 73
52 71
70 78
49 57
71 74
41 44
49 65
3 12
61 77
19 27
29 38
15 35
50 67
39 48
3 8
49 61
44 53
13 21
40 47
58 82
50 62
86 91
52 63
25 39
78 81
86 90
72 80
46 54
80 85
36 47
44 47
70 74
28 39
19 36
80 89
23 34
83 89
69 80
75 88
93 98
66 81
7 13
2 32
20 27
72 78
31 47
21 28
92 94
78 84
10 17
23 28
58 66
4 15
3 6
63 69
81 88
5 20
54 75
32 51
37 41
74 86
16 23
32 37
37 43
47 50
27 69
92 94
62 70
47 61
13 19
37 50
53 62
12 16
62 63
54 66
31 46
62 63
88 96
21 34
57 92
62 68
36 39
28 35
24 42
2 7
26 56
1 4
71 79
14 19
44 54
31 40
75 79
30 60
59 63
30 37
71 91
12 16
27 29
18 28
79 92
33 43
30 39
85 92
3 13
57 64
19 41
75 77
7 20
37 41
74 76
31 40
28 36
29 38
89 93
56 65
28 34
34 40
23 31
45 52
80 87
17 29
45 63
73 76
39 43
53 56
13 29
13 22
15 23
62 98
94 98
62 70
11 21
75 90
6 9
22 42
64 75
71 76
37 61
65 80
74 79
12 21
22 33
21 42
68 72
64 75
76 85
42 66
47 54
41 44
82 86
61 69
19 24
1 49
8 20
56 72
65 79
4 20
12 20
53 67
94 96
60 74
79 88
38 76
58 70
80 92
61 91
73 88
41 56
27 35
44 53
60 76
77 99
71 77
64 78
46 53
47 60
70 88
43 58
35 47
46 53
92 100
41 54
39 64
77 80
80 98
2 43
12 20
49 61
73 98
78 90
56 76
77 81
32 41
19 23
1 6
21 36
44 50
81 92
52 58
83 86
42 48
44 52
91 100
40 66
49 55
9 17
18 29
52 56
8 19
40 44
88 96
4 17
50 59
8 22
42 49
21 43
89 94
23 29
27 40
37 45
51 57
76 93
58 90
