100 20 20 17
00000000000000000000
00000000000000000000
00000000000000000000
00000000000000000000
00000000000000000000
00000010000000000000
00000000000000000000
00000000000000000000
00000000000000000000
00000100000010000000
00000000000000000000
00000000000000000000
00000000000000011111
11111111110000000000
00000000000000000000
00000000000000000000
00000000000000000000
00000000000000000000
00000000000000000000
0000000000001000000
0000000000001000000
0000000000001000000
0000000000001000000
0000000000001000000
0000000000001000000
0000010000001000000
0000010000001000000
0000010000001000000
0000010000001000000
0000100000000000000
0000100000000000000
0000100000000000000
0000100000000000000
0000000000000000000
0000000000000000000
0000000000000000000
0000000000000000000
0000000000000000000
0000000000000000000
4874
41 42
71 83
31 38
5 15
18 25
85 91
31 38
43 48
52 62
39 53
65 77
45 53
15 24
90 100
60 67
61 75
82 97
54 75
4 12
8 11
2 9
52 66
70 87
25 41
1 26
87 100
72 82
77 82
64 69
37 44
6 11
32 42
55 67
27 36
6 17
75 82
7 12
76 86
20 32
29 51
35 49
65 79
21 28
69 73
50 66
43 51
47 53
70 81
40 46
43 48
3 25
18 19
8 13
94 100
71 82
67 71
15 25
74 82
52 62
71 80
79 89
83 99
21 28
84 87
75 86
33 51
15 39
32 37
24 44
30 37
67 97
92 99
56 74
24 32
21 42
77 82
11 28
72 80
3 13
49 55
50 56
71 93
3 8
55 66
53 58
34 40
95 98
65 68
22 32
41 63
12 19
22 34
73 86
16 61
65 75
6 11
21 30
47 56
53 84
81 88
1 19
51 61
19 25
74 86
85 97
77 85
11 18
5 10
58 63
29 53
5 12
35 44
92 96
92 94
4 8
50 56
59 84
72 73
34 58
64 78
26 37
54 69
86 96
21 29
36 41
5 9
26 32
15 18
22 29
5 9
61 65
1 30
25 32
57 72
20 26
62 68
85 93
71 99
8 16
29 32
76 83
54 57
26 53
44 46
87 93
24 28
55 77
20 35
41 60
73 82
37 55
43 49
28 36
35 56
83 86
6 23
15 19
39 43
33 41
29 36
50 60
64 67
38 46
60 66
6 55
61 64
6 36
90 93
38 49
26 34
31 35
34 39
93 99
38 51
12 21
2 16
6 38
90 94
18 27
65 72
45 49
57 67
44 50
24 26
5 19
72 77
47 53
47 52
72 77
86 96
13 28
34 45
73 76
70 84
12 30
62 69
65 74
36 44
38 43
37 42
41 50
93 94
77 84
84 99
88 93
73 86
36 40
53 61
34 38
3 7
45 55
33 42
85 95
42 47
32 46
5 95
76 83
14 34
45 55
45 48
11 19
41 61
21 33
77 95
78 88
51 65
18 34
30 45
19 32
29 59
15 57
31 43
35 38
43 57
28 54
92 97
36 70
5 29
51 60
52 56
14 24
88 96
3 12
91 100
51 74
90 97
29 48
53 60
75 87
47 50
14 66
51 65
17 24
76 81
61 65
43 69
65 73
97 99
40 48
76 92
16 45
22 24
48 75
25 35
71 77
85 90
79 88
82 85
20 26
78 84
34 65
22 33
45 50
19 41
18 25
73 89
42 47
83 93
52 59
57 61
41 47
44 56
15 17
27 38
18 32
67 78
50 60
20 26
37 61
80 88
9 15
19 29
42 57
65 67
35 42
93 96
57 65
2 9
6 23
52 59
14 26
47 68
42 58
11 26
63 73
85 98
79 92
35 60
93 99
61 68
91 100
48 59
81 86
18 25
27 38
1 21
9 20
87 94
5 15
83 100
53 75
24 43
62 74
76 85
9 13
7 17
81 89
65 78
50 52
16 22
85 97
46 51
23 25
47 58
61 74
35 42
27 34
63 72
78 91
72 78
13 19
40 42
40 47
23 48
20 43
61 94
35 52
67 92
66 74
85 96
49 58
30 41
51 68
62 76
49 57
41 44
23 30
89 98
7 17
57 70
13 22
58 72
24 42
32 46
73 79
16 22
54 62
26 31
2 6
47 55
27 35
11 28
94 97
24 29
55 65
91 93
83 95
65 74
79 96
80 100
62 70
77 81
6 16
16 27
25 57
52 57
52 63
67 75
46 52
93 96
43 50
49 61
45 51
45 58
13 17
80 93
32 37
59 80
24 34
59 68
30 41
15 20
71 81
44 48
51 66
74 81
12 28
31 43
84 93
37 48
4 18
48 70
30 55
10 20
49 55
61 75
28 48
23 28
73 78
3 13
20 26
69 97
5 21
54 61
5 19
16 41
23 37
83 91
92 100
59 64
36 46
21 35
92 99
73 78
76 90
3 10
73 85
58 61
59 66
45 68
40 55
7 21
48 57
79 93
67 78
74 94
22 37
49 54
25 28
44 51
91 95
72 90
63 75
20 49
15 31
84 90
53 56
8 14
20 27
43 50
63 74
47 52
94 99
26 38
15 18
48 85
43 54
49 55
36 47
25 45
77 82
18 24
78 83
77 87
86 92
5 16
69 77
13 21
2 14
59 70
41 48
5 36
10 26
61 65
1 13
34 52
38 44
19 34
40 53
50 56
44 49
60 61
87 94
40 49
82 84
43 58
83 96
64 69
15 32
58 74
75 98
83 90
16 25
29 42
68 77
92 96
77 88
42 50
46 54
44 55
65 72
66 68
8 17
30 34
38 47
55 82
50 70
42 48
45 53
71 76
46 65
90 99
1 17
14 26
57 66
20 36
51 61
44 80
92 98
30 38
80 83
1 20
55 62
31 39
43 49
34 40
30 35
63 70
64 73
23 31
72 85
77 91
72 76
23 30
38 46
9 19
46 63
13 17
52 60
1 5
64 77
26 36
71 77
34 40
75 84
36 52
57 61
77 93
9 27
26 48
70 79
83 93
53 54
57 74
44 49
1 12
42 69
59 63
11 21
29 44
53 68
47 54
82 89
64 80
36 42
54 58
12 22
66 74
40 53
87 91
37 43
48 59
49 60
24 64
86 100
69 77
28 37
23 28
23 33
38 45
67 71
12 21
81 97
80 96
67 76
3 12
13 20
29 49
19 38
30 35
7 9
19 29
64 67
57 65
54 72
75 76
78 87
20 30
27 35
50 61
73 94
87 94
66 82
28 43
22 29
49 78
65 79
28 33
43 56
26 31
49 55
66 76
33 42
73 83
49 56
15 27
84 93
60 62
81 99
83 92
85 91
17 36
28 33
1 18
54 69
84 89
73 82
4 27
74 98
79 84
46 62
80 85
38 45
10 19
10 17
16 22
52 62
57 70
24 39
55 97
61 78
33 41
12 27
64 76
72 79
40 53
6 11
5 17
38 40
29 35
11 19
59 87
81 87
4 7
48 55
51 66
19 27
52 61
42 52
27 35
5 16
4 12
49 56
16 21
60 64
90 95
59 70
10 28
30 44
92 99
85 93
29 33
82 88
6 19
83 90
62 71
55 59
32 39
46 50
58 87
49 59
16 24
24 26
19 24
12 18
58 70
30 42
89 95
41 52
9 16
42 54
84 94
66 71
81 89
49 60
36 39
69 75
16 21
20 26
36 56
30 44
7 22
35 43
46 54
47 57
14 18
62 72
59 70
60 74
78 82
82 98
72 88
51 81
12 17
10 22
47 62
64 69
15 47
31 43
20 24
38 46
5 8
87 98
14 31
56 61
20 26
28 39
30 39
50 61
38 45
33 42
16 23
41 47
12 15
74 95
22 26
92 96
13 17
46 48
71 75
68 88
42 56
18 20
39 40
78 89
6 10
72 82
51 57
95 98
32 45
16 20
6 13
23 31
76 79
21 39
15 27
6 11
8 31
9 20
11 18
42 68
58 68
49 86
45 53
65 73
58 70
57 66
48 59
33 40
70 75
3 18
56 77
66 77
51 54
47 52
83 99
68 85
62 70
7 26
72 82
97 100
51 56
28 39
14 24
31 44
64 75
46 58
82 85
7 21
68 78
69 73
94 100
45 56
70 87
1 6
70 79
52 66
19 23
59 71
68 80
70 79
36 43
65 69
36 47
71 89
18 23
46 64
80 86
62 71
82 94
57 62
64 81
8 14
3 12
20 28
83 90
68 74
87 89
60 65
85 95
23 40
69 81
61 65
23 30
62 78
9 30
51 63
76 83
19 26
92 99
75 78
57 64
85 100
41 47
4 18
31 40
30 32
60 73
51 71
9 21
4 8
28 35
56 63
70 74
49 63
59 79
43 51
54 62
67 79
61 72
3 7
55 75
12 20
34 42
67 74
21 28
41 49
20 36
48 64
35 54
39 61
10 16
58 66
26 34
65 71
43 52
21 30
32 38
94 99
61 76
22 39
6 43
31 33
69 86
67 72
28 40
1 24
67 70
8 11
47 53
31 34
32 47
14 26
51 57
48 52
13 36
9 13
36 46
68 79
70 78
60 67
32 52
71 81
35 60
85 93
73 92
34 36
1 8
52 73
97 100
78 81
46 52
49 52
57 61
10 16
2 7
32 42
16 36
73 82
14 18
19 29
82 88
9 22
7 8
83 88
65 70
85 95
48 50
37 48
78 90
4 20
96 100
80 93
21 24
68 72
16 28
45 53
3 8
63 66
51 70
70 77
69 87
49 54
42 77
59 66
3 7
12 25
3 13
37 60
42 48
8 25
6 10
59 70
56 65
83 90
56 69
35 42
5 14
29 34
63 78
51 65
28 36
72 87
49 57
85 88
39 52
66 81
18 28
10 13
21 24
22 28
47 77
68 80
80 90
65 69
8 14
79 86
4 13
57 72
86 99
30 35
15 25
34 49
16 21
78 85
39 51
19 24
56 65
23 27
46 53
54 65
62 69
47 49
63 87
1 13
29 39
26 46
53 59
33 46
79 96
87 96
55 72
72 82
50 57
61 65
55 68
52 73
78 97
21 28
38 44
87 100
58 63
15 22
71 74
35 38
74 84
76 81
54 68
30 42
62 81
13 23
23 32
85 100
40 52
7 24
25 30
5 17
32 52
38 45
33 37
35 43
32 43
46 51
41 50
91 96
37 43
54 74
58 64
62 65
22 33
82 98
20 34
55 62
64 74
69 76
81 92
20 35
17 32
50 51
23 32
20 29
22 34
24 38
65 82
55 69
4 8
84 90
23 31
50 54
46 51
12 17
28 40
47 66
61 63
2 5
28 32
20 52
68 73
79 100
76 83
51 65
92 98
82 89
31 47
15 27
65 69
80 91
65 79
95 99
27 45
21 47
20 30
4 31
82 84
6 18
23 26
28 38
39 45
66 76
45 55
71 77
17 26
81 92
29 36
15 26
2 6
35 45
4 14
37 58
11 19
38 43
41 48
63 80
10 18
31 52
42 53
65 79
60 80
31 34
40 50
66 78
18 23
15 21
29 38
39 46
70 77
38 39
77 85
31 59
79 93
65 81
9 22
22 30
36 37
11 17
69 80
48 63
44 48
75 86
88 98
48 63
25 29
65 71
22 34
65 68
45 50
56 61
79 81
65 68
59 64
41 46
3 6
67 81
13 30
65 81
38 49
55 79
77 89
65 99
73 94
5 18
28 37
20 31
20 30
72 80
12 28
25 32
32 38
2 4
7 19
20 26
76 80
10 14
17 33
54 68
71 92
27 53
87 99
14 20
53 67
12 20
92 98
5 13
66 70
77 81
58 71
22 29
4 18
16 30
84 100
25 35
93 98
87 93
11 23
89 94
70 82
58 65
55 61
12 19
6 9
49 61
71 79
45 60
64 82
25 26
22 24
27 32
60 69
77 84
20 28
59 62
83 89
88 99
94 99
4 10
30 32
80 94
45 52
58 64
31 42
46 63
65 81
64 81
59 66
1 8
37 57
3 8
5 15
74 88
54 74
22 30
63 68
52 56
14 17
70 79
15 28
34 38
78 90
68 79
34 36
14 33
56 59
6 30
33 39
58 75
49 55
63 69
33 44
98 100
78 83
63 68
61 67
23 35
30 50
86 98
23 32
10 22
25 59
33 39
72 80
44 61
51 76
6 13
60 62
37 44
39 52
84 93
76 78
27 46
78 84
26 29
50 59
88 99
8 67
10 20
72 94
15 28
49 56
18 26
40 46
68 75
73 90
74 77
28 39
49 59
56 67
12 28
79 92
55 59
1 14
45 59
5 9
76 84
54 64
94 99
5 21
64 77
62 89
16 30
35 51
30 38
85 90
59 66
1 7
39 41
11 24
70 76
42 49
31 36
26 31
10 19
65 72
71 80
20 23
19 25
59 75
86 91
15 25
30 36
60 65
49 61
61 65
8 11
7 11
74 96
47 53
83 94
60 61
84 89
3 47
38 51
32 42
2 10
94 100
77 85
88 98
90 92
8 25
78 86
49 60
34 50
8 16
60 68
59 70
68 94
33 40
91 97
35 45
76 93
48 59
60 64
76 88
69 77
8 14
20 32
36 42
90 99
3 23
20 36
7 22
2 14
79 88
33 35
61 68
9 18
21 34
39 51
3 24
47 58
19 22
94 97
17 46
20 28
37 55
31 55
58 78
69 80
75 81
1 6
55 61
75 83
46 51
12 14
80 85
15 34
42 49
88 91
26 34
66 79
38 50
21 31
92 97
14 30
71 77
53 58
64 75
22 29
64 79
34 44
13 30
60 74
81 93
38 44
37 55
45 57
44 47
40 61
27 51
36 38
23 38
66 87
25 30
38 51
81 93
4 11
15 33
18 45
15 25
38 53
15 27
26 31
85 91
41 46
41 46
69 81
60 82
84 91
10 12
46 55
14 24
65 74
78 89
71 82
71 78
28 40
72 73
25 37
9 20
16 46
72 81
33 42
2 9
16 24
73 79
20 44
67 69
76 88
46 56
62 79
48 70
81 99
2 8
37 41
46 53
11 16
69 79
39 67
10 14
59 69
87 94
17 22
39 48
35 39
54 60
47 57
54 58
27 32
29 37
39 49
40 58
21 23
39 42
76 86
61 71
42 55
91 97
37 40
17 37
76 84
35 42
8 12
57 59
33 48
36 46
53 79
26 74
22 50
1 27
87 94
8 14
48 57
75 83
54 60
41 54
4 10
67 84
50 63
19 32
23 34
78 84
2 21
53 65
12 17
60 65
42 43
72 76
16 25
2 5
83 95
4 16
49 64
78 89
31 36
5 14
66 69
34 49
95 99
64 78
3 12
7 21
80 94
86 94
67 74
64 99
18 23
47 53
53 59
68 82
65 77
22 38
7 9
30 51
2 23
17 20
52 66
36 57
72 81
23 28
79 85
32 38
15 21
64 72
61 77
27 40
18 31
16 23
19 33
18 32
6 13
69 72
50 57
73 88
26 33
76 83
33 38
67 90
45 52
29 49
24 28
52 67
38 43
42 55
14 24
62 70
37 51
62 77
74 82
83 95
22 24
47 62
29 36
23 51
2 12
36 39
27 38
7 22
16 21
15 19
28 53
79 88
24 28
68 74
61 71
72 99
12 21
52 60
13 27
63 69
17 26
33 41
26 39
31 40
38 53
98 100
30 36
7 37
11 34
21 29
6 15
45 56
26 41
3 15
89 95
18 36
89 100
33 39
60 73
48 60
71 78
16 22
78 85
90 97
45 68
4 16
35 43
67 75
27 45
3 14
22 27
37 48
21 35
23 34
10 22
14 17
40 68
74 83
38 57
58 87
34 44
69 77
15 20
15 25
84 89
81 92
84 92
54 63
33 50
73 97
68 74
52 65
35 47
28 30
77 89
72 79
68 96
80 95
66 84
23 30
6 24
89 95
24 70
61 70
53 56
79 83
55 63
17 26
29 34
95 100
44 48
64 89
57 72
7 28
25 30
11 29
36 39
66 83
14 29
88 95
82 90
78 91
23 30
47 58
69 87
73 77
50 54
43 51
20 25
88 100
78 81
79 88
15 21
32 51
55 60
34 49
10 18
7 13
48 56
57 67
38 48
63 73
78 100
25 39
13 15
52 56
56 79
42 50
52 57
1 14
71 85
29 41
87 97
13 18
71 93
89 94
40 45
80 87
16 27
21 36
20 31
87 93
43 84
8 42
49 58
81 89
30 37
26 65
59 73
40 54
30 36
66 92
74 83
68 84
90 97
61 78
46 58
74 79
53 57
79 91
39 50
4 32
70 89
47 54
74 93
29 40
48 54
3 6
62 68
33 46
75 88
56 66
85 94
4 18
10 23
81 91
7 22
88 92
85 90
14 24
14 22
80 89
83 96
82 87
53 78
49 62
75 90
73 91
64 80
83 88
40 57
30 44
46 48
43 48
14 24
17 30
78 81
56 80
38 44
4 8
10 33
57 63
76 78
44 49
55 59
4 12
83 91
86 95
49 62
58 65
85 94
83 89
83 96
18 27
45 58
30 38
74 78
40 75
34 39
34 43
24 31
46 50
70 83
52 68
46 61
12 18
55 76
61 67
89 99
42 64
46 63
33 51
26 44
10 48
9 20
12 17
8 17
88 96
36 43
45 55
19 29
5 21
30 33
45 63
70 89
68 75
67 81
27 35
75 88
30 90
79 88
37 48
2 14
74 82
28 46
84 92
58 64
62 78
1 5
62 66
70 74
56 74
21 25
13 21
1 8
16 21
58 64
62 64
25 29
54 66
19 29
24 34
51 55
11 15
4 9
54 68
25 27
60 73
23 25
41 52
33 40
72 94
77 84
53 58
32 42
11 22
34 43
55 65
86 98
7 22
20 44
58 74
52 62
19 27
48 69
52 79
78 84
71 78
3 6
74 89
30 35
21 28
1 14
2 25
18 30
72 77
25 37
66 84
77 85
44 57
84 88
69 77
55 64
40 55
15 22
8 17
5 25
87 91
1 5
37 41
67 75
32 42
51 66
33 42
21 26
24 26
17 33
65 71
60 68
24 34
51 67
86 90
69 76
75 88
75 88
56 66
30 37
2 14
46 54
18 25
78 84
87 97
72 81
51 58
39 54
80 82
59 72
56 59
15 30
13 31
29 32
36 38
76 80
19 23
61 65
65 93
45 59
66 80
61 91
68 77
59 72
78 94
80 86
11 21
67 74
36 42
54 63
40 42
6 31
19 28
89 98
84 92
76 79
29 35
52 59
78 90
66 70
81 88
17 36
70 75
67 88
71 74
17 81
6 15
12 23
3 6
26 35
38 44
3 28
92 95
40 64
3 13
42 51
50 57
88 95
82 95
4 8
18 21
10 19
30 47
82 90
49 54
18 25
14 17
75 81
75 82
73 85
60 70
11 64
8 35
13 17
70 77
93 99
74 80
47 60
80 91
36 42
63 71
56 77
6 13
38 44
50 64
2 16
30 41
83 97
3 13
91 97
72 88
73 78
2 9
87 97
67 90
4 46
72 79
70 74
69 88
78 83
61 72
43 51
72 80
82 95
40 45
3 24
86 96
14 25
72 75
48 64
64 65
57 82
91 98
50 74
58 87
91 98
64 82
43 62
9 15
41 46
47 64
38 44
73 87
30 34
87 99
83 95
57 69
56 67
80 97
15 17
2 8
19 59
35 49
54 72
19 31
49 62
83 91
36 50
79 93
53 66
26 32
6 23
53 59
53 63
71 78
91 95
36 48
44 46
31 47
24 50
25 38
8 15
54 94
4 16
27 34
77 89
8 21
82 98
16 24
78 93
2 29
55 77
62 74
1 22
49 55
88 93
17 26
59 63
88 94
50 68
51 69
69 81
3 19
47 53
65 91
74 79
56 74
65 66
37 39
71 99
20 24
51 58
82 90
35 51
4 9
92 100
44 55
44 51
50 62
28 40
64 84
49 56
89 100
70 78
81 90
83 90
52 68
13 24
6 15
66 76
79 83
60 86
86 100
49 57
88 94
20 27
29 43
45 49
19 48
94 97
36 43
90 95
35 48
46 72
35 54
51 62
76 80
12 14
20 44
18 25
57 77
55 64
16 34
58 68
13 21
41 63
42 56
84 97
77 80
71 84
10 22
62 65
86 100
25 39
10 14
62 72
41 56
75 80
38 45
51 59
83 91
28 32
89 97
59 62
85 98
26 53
24 62
66 68
55 65
3 22
98 100
91 95
82 99
58 98
69 84
3 22
4 16
24 36
65 68
39 40
67 88
65 70
84 94
24 46
90 97
16 27
23 36
44 53
36 51
64 75
53 66
38 48
64 71
61 70
51 58
68 79
7 20
44 63
80 90
68 77
18 23
6 10
76 81
73 87
62 75
12 14
79 82
1 9
58 69
12 19
3 36
8 17
38 44
48 55
46 60
35 50
54 64
9 13
74 89
63 93
54 61
72 86
43 65
77 95
65 73
66 80
81 87
52 61
75 82
95 98
18 40
58 67
9 16
48 58
60 64
2 40
74 78
25 26
41 51
28 45
27 30
34 42
54 82
7 18
28 35
18 24
21 29
30 49
12 23
39 46
79 84
74 100
74 95
96 100
64 71
24 35
79 91
23 35
78 90
61 78
76 91
73 86
43 53
17 19
25 29
41 50
50 59
75 96
7 76
43 48
84 91
66 77
77 84
11 23
38 49
50 74
71 79
56 62
15 23
19 25
39 49
86 89
33 46
85 94
51 64
85 89
1 13
23 48
72 76
25 34
43 46
28 41
33 40
7 19
55 75
40 45
11 25
86 90
57 60
17 36
27 37
85 88
27 35
1 11
56 62
34 43
6 36
50 54
37 54
61 71
60 70
73 92
38 42
72 76
80 85
1 6
32 45
12 19
45 61
66 80
74 79
6 15
28 43
34 43
33 55
61 80
22 36
14 27
48 53
31 42
75 90
86 93
94 97
71 88
18 27
61 70
64 76
56 77
70 76
22 33
34 52
93 100
47 55
79 82
44 57
58 62
82 91
51 54
86 100
41 65
51 53
42 49
35 36
15 29
16 61
82 88
36 49
62 70
50 66
28 45
75 78
82 86
79 85
53 55
48 74
47 53
23 43
1 13
27 52
81 91
73 75
27 29
6 25
53 64
32 35
57 95
52 61
29 34
4 8
75 85
45 56
50 60
52 66
40 63
44 58
16 29
60 74
60 69
85 89
11 26
75 87
52 75
26 30
65 77
57 72
18 36
81 88
3 34
81 86
49 84
17 21
7 16
13 17
62 75
39 46
29 45
16 18
55 60
19 30
86 95
38 46
84 99
90 100
85 94
32 48
62 72
57 65
46 66
40 46
77 83
49 55
74 90
76 86
16 27
40 87
86 90
3 36
2 25
82 87
71 84
72 95
15 21
31 69
82 85
7 19
54 58
77 86
5 10
17 24
50 56
47 65
15 33
28 43
70 96
27 47
1 9
74 80
49 53
49 67
62 79
28 29
28 45
68 71
8 21
58 98
74 95
41 65
12 21
39 55
18 34
18 23
75 80
89 98
37 45
43 50
89 90
61 74
78 90
27 30
27 44
76 82
27 30
53 61
38 56
47 57
5 11
48 53
85 91
20 23
85 94
18 24
23 36
32 41
72 75
36 48
40 44
87 91
40 44
12 38
14 29
33 57
32 51
70 80
56 67
69 74
27 38
61 68
53 59
74 76
50 74
70 75
53 60
61 79
56 60
16 27
23 30
54 58
63 78
48 53
57 78
17 28
24 52
52 70
74 81
35 42
38 45
75 87
64 72
40 49
65 74
85 94
23 30
7 12
80 85
8 43
21 25
39 47
59 96
62 75
65 87
5 12
36 45
34 47
58 82
12 20
91 99
65 76
13 37
75 92
34 42
21 43
61 66
6 12
78 85
71 73
29 35
54 68
54 74
60 68
82 90
5 10
19 28
80 85
51 64
18 28
90 92
78 82
57 71
3 9
57 61
7 15
77 85
1 8
25 32
79 87
17 28
71 79
10 24
59 68
16 20
10 17
33 38
29 50
1 13
62 73
49 52
17 31
41 49
18 29
65 73
25 41
63 71
83 96
51 56
46 52
42 49
39 75
36 43
25 37
23 41
62 69
15 20
77 81
2 7
19 29
35 39
58 65
84 98
9 23
70 76
84 94
83 97
85 86
16 40
52 61
70 89
65 68
16 54
46 51
32 39
21 26
26 39
50 75
6 14
38 44
80 92
35 43
78 83
60 70
28 32
75 78
86 92
15 35
11 28
40 46
13 36
18 27
42 47
91 96
94 99
86 93
39 50
68 74
52 62
11 29
59 74
21 26
17 29
50 65
41 63
7 19
67 86
49 63
50 55
50 65
67 76
44 46
20 43
66 72
93 100
41 50
71 77
37 45
18 22
45 53
61 70
68 82
84 100
54 61
26 31
6 14
27 37
67 75
64 72
48 51
42 57
50 68
25 32
6 11
45 61
82 89
29 38
33 48
31 45
80 93
83 96
82 93
91 99
9 51
27 32
70 79
43 51
42 44
24 47
35 56
54 67
65 71
58 77
66 74
55 63
29 41
55 70
34 44
53 59
14 21
17 26
72 75
44 55
20 66
12 30
20 33
69 74
53 68
46 79
35 39
72 82
36 49
37 71
58 69
4 9
33 65
64 73
3 8
20 29
5 16
81 99
12 26
71 90
30 36
55 58
79 87
49 51
32 35
47 56
55 64
71 74
38 43
83 97
84 91
55 60
82 91
18 23
11 15
6 11
90 99
11 15
22 44
10 23
89 95
41 50
29 33
26 36
22 29
41 55
5 21
54 73
38 45
49 58
35 40
95 99
67 75
52 75
11 17
76 95
39 50
77 91
22 27
47 49
56 61
93 96
42 46
65 78
62 97
38 48
44 51
77 97
70 81
6 13
52 62
88 94
29 50
5 17
73 94
8 14
89 98
31 35
60 70
7 33
30 38
55 64
20 28
46 55
26 31
52 63
84 94
52 63
51 64
38 65
27 39
55 58
36 59
26 30
59 64
54 66
76 81
71 88
59 62
61 68
25 39
61 81
5 7
74 83
43 54
20 27
16 24
89 95
14 21
66 72
91 93
14 24
44 57
5 9
31 42
10 18
15 60
43 49
21 23
34 39
77 82
1 11
51 79
55 82
2 16
13 21
36 44
21 34
24 34
60 67
38 39
15 18
62 64
20 31
17 31
9 26
73 78
86 88
30 32
71 86
28 32
49 72
11 21
44 54
88 94
14 38
13 23
26 33
63 67
1 14
40 45
18 30
7 33
24 29
35 53
92 96
66 83
42 44
84 95
75 94
40 52
59 74
7 56
57 67
35 48
7 15
16 26
73 90
47 57
80 89
3 4
37 46
4 6
15 22
76 93
28 42
71 94
70 77
56 66
50 69
30 79
45 58
37 49
78 91
28 63
33 39
56 62
46 51
22 23
12 17
27 44
21 33
21 39
1 57
22 69
5 21
86 96
84 90
55 63
60 67
82 99
60 68
27 51
17 37
37 44
34 81
66 80
17 22
17 22
57 72
23 42
38 55
2 9
67 74
61 72
89 93
21 28
62 73
10 20
4 11
52 55
53 68
45 48
58 64
40 47
75 95
66 68
14 18
56 59
76 88
93 96
38 55
73 78
56 68
15 22
21 26
80 92
62 71
81 97
72 85
69 72
40 52
75 78
10 19
38 49
77 91
30 41
37 43
7 18
85 94
80 92
18 32
3 17
81 92
48 52
41 59
57 75
8 10
24 31
2 9
11 21
36 44
43 55
72 82
71 73
64 75
52 88
82 88
23 28
91 95
32 50
56 69
22 25
34 37
34 49
11 15
62 73
64 84
21 41
34 54
22 37
82 91
32 35
48 52
52 56
16 23
59 81
18 31
31 37
25 38
35 61
7 8
83 95
76 81
7 18
19 29
12 16
27 31
14 19
22 26
46 70
38 53
24 32
35 46
15 28
41 44
36 57
60 67
66 80
21 32
64 81
67 81
5 20
55 95
69 77
65 76
43 49
48 61
88 92
42 48
27 35
86 92
71 77
72 80
10 14
96 100
16 25
61 71
33 36
22 36
59 71
39 46
1 3
58 88
79 81
74 80
58 73
1 21
60 73
61 85
35 43
38 45
94 99
44 53
79 86
35 50
67 74
13 21
44 61
70 78
73 78
88 97
23 40
5 31
25 41
42 59
88 97
34 42
70 76
49 57
54 59
52 55
35 40
18 22
43 54
59 63
83 92
37 43
53 65
24 28
14 19
29 32
45 57
2 15
4 17
8 18
6 17
92 99
17 28
19 28
55 64
93 99
78 85
68 86
60 75
18 34
92 97
24 42
18 27
12 37
17 28
17 22
70 78
40 49
3 10
62 69
30 43
88 94
48 56
56 60
6 9
51 60
8 35
37 44
78 96
11 19
79 87
43 48
46 70
62 71
74 86
73 84
60 87
19 44
44 52
57 75
10 20
69 80
41 46
36 41
32 65
5 18
69 77
64 68
68 78
59 65
83 90
57 69
1 13
10 32
27 33
46 53
71 97
42 48
13 39
84 87
41 53
85 89
38 42
61 64
28 40
72 80
37 47
4 11
72 76
49 65
77 84
37 48
28 37
97 100
43 54
8 40
77 86
24 30
71 77
38 41
28 61
39 44
40 43
46 60
22 33
61 75
56 64
75 93
72 79
49 51
93 97
64 77
40 46
10 18
67 69
75 91
63 69
52 57
66 73
1 6
50 65
68 81
59 73
34 35
88 98
18 23
31 44
12 22
51 59
4 7
63 73
35 39
6 11
42 50
44 47
66 73
31 40
19 23
15 22
12 23
2 12
39 47
66 69
47 51
71 77
33 44
87 94
36 50
35 52
31 56
27 32
55 66
28 35
27 47
56 62
6 32
58 63
11 27
71 86
79 85
67 77
16 24
33 38
11 19
13 26
49 57
41 51
20 24
25 59
2 11
17 23
63 79
61 69
86 93
1 6
60 77
49 56
16 27
72 81
34 52
68 75
8 25
75 87
69 77
29 41
49 58
9 33
25 30
6 15
48 57
79 97
75 89
17 26
40 44
12 23
56 66
36 51
9 16
29 33
10 18
41 58
85 97
12 19
87 89
22 26
20 35
12 28
71 96
87 91
80 91
57 60
3 13
31 33
39 46
34 39
38 77
74 78
70 75
61 66
42 58
9 15
20 26
42 47
12 23
33 39
26 33
50 57
14 22
63 80
55 88
51 74
83 87
3 5
66 72
6 79
67 72
52 55
82 87
30 41
4 6
73 78
14 34
55 78
53 58
76 82
63 66
31 42
52 71
61 78
70 97
26 40
71 72
54 70
84 90
71 88
76 99
26 40
28 35
41 47
22 34
36 45
26 41
12 17
38 46
48 66
60 69
36 45
44 53
44 49
24 32
22 30
84 94
79 83
46 78
13 40
85 97
87 100
10 33
69 81
29 32
18 26
25 35
25 67
30 44
20 28
36 49
40 48
34 40
49 52
12 14
59 77
83 89
55 58
62 66
27 35
20 24
41 50
36 51
72 83
20 32
78 89
38 44
20 30
29 34
64 74
2 8
52 56
48 59
14 31
64 67
1 11
1 19
16 25
13 19
20 30
65 73
7 13
93 100
13 18
62 69
94 97
61 72
30 36
73 81
47 54
23 45
53 58
88 99
85 96
65 86
43 67
59 64
50 55
55 57
51 54
10 32
24 31
6 19
10 16
10 16
68 84
86 95
57 69
48 57
38 47
76 86
84 91
40 51
26 33
1 6
21 31
67 76
7 42
38 45
63 68
25 46
87 91
1 8
5 16
9 25
30 33
1 7
63 72
74 96
54 72
8 16
4 8
45 50
22 30
62 77
36 41
93 94
10 30
44 49
83 84
92 97
32 40
35 37
27 60
15 21
67 71
25 38
68 73
20 37
65 87
30 46
43 61
81 86
87 91
67 73
62 69
11 17
49 53
16 53
60 82
6 10
73 75
8 17
32 44
59 66
56 72
24 56
43 55
25 60
5 11
25 31
68 76
27 34
86 93
68 73
46 49
64 71
44 50
21 30
61 63
30 38
43 49
75 78
56 74
27 40
24 28
67 75
9 28
24 27
1 10
67 86
39 47
66 68
51 59
40 49
10 15
32 43
84 97
41 52
59 67
50 56
4 21
61 87
81 94
5 24
88 96
36 61
39 71
18 33
67 99
74 90
51 75
44 57
86 91
51 60
36 43
96 100
41 45
80 82
83 91
71 77
73 85
18 54
31 44
23 30
76 80
60 65
67 72
21 37
61 73
12 19
23 39
46 54
58 68
2 6
82 85
87 92
64 68
77 91
91 94
31 42
70 82
83 88
15 25
18 39
63 76
43 50
17 25
33 37
34 67
48 57
82 90
73 91
82 86
6 19
6 26
26 34
81 90
36 44
93 100
35 42
81 89
16 31
47 55
39 62
79 87
82 90
53 57
8 20
24 33
56 77
17 31
85 94
8 29
31 38
69 78
11 23
42 62
12 23
28 45
49 59
79 94
23 33
63 67
10 54
56 72
46 58
65 71
59 72
91 97
20 46
56 66
5 11
60 74
16 22
61 79
36 44
52 58
33 53
10 69
26 35
23 34
64 77
58 65
52 61
95 100
17 20
30 39
31 52
69 75
59 65
85 98
13 17
14 18
36 50
2 26
98 99
23 34
8 21
24 30
27 33
15 27
80 90
83 94
82 87
64 69
3 22
10 20
83 100
71 96
57 79
42 46
60 64
64 69
51 69
52 54
65 84
85 92
52 61
63 77
17 26
6 40
88 95
39 54
36 39
47 52
72 84
86 95
75 94
43 50
69 85
16 56
76 80
75 96
34 48
42 46
50 63
76 99
42 49
51 61
88 100
29 38
37 45
37 39
2 13
2 15
33 41
71 84
14 20
3 11
83 88
56 85
57 63
92 100
20 31
3 24
66 91
72 83
3 7
66 71
85 92
34 39
13 22
28 37
59 66
20 28
12 20
9 38
94 99
2 13
82 86
78 97
28 39
83 93
40 61
44 47
77 93
27 39
3 19
43 61
60 78
20 26
20 27
33 58
34 36
15 21
24 35
75 84
68 73
29 40
3 20
47 50
42 56
14 45
88 100
56 74
26 36
32 48
62 64
15 23
26 41
80 90
64 73
44 60
10 30
61 66
22 33
8 12
39 47
57 64
61 72
16 19
26 32
34 39
21 28
33 53
8 22
55 68
77 83
84 88
18 26
19 23
29 47
23 78
49 56
77 92
96 98
70 75
55 63
1 15
55 57
85 95
1 13
17 25
59 63
60 73
15 30
34 44
28 35
51 54
30 40
3 7
8 24
75 89
3 14
87 98
54 62
92 97
26 34
27 39
15 29
18 21
6 12
82 88
66 71
55 67
43 50
9 13
38 48
46 60
3 17
54 83
70 75
34 45
28 35
11 20
74 82
49 58
42 47
21 26
15 27
92 96
83 94
52 69
12 22
92 99
23 35
5 14
89 96
65 78
46 62
5 11
54 56
53 77
7 16
58 73
9 41
85 100
60 68
9 20
66 82
24 37
66 72
68 79
49 55
38 64
1 8
54 73
64 95
85 94
14 19
36 45
70 74
1 27
53 61
35 46
93 98
34 44
44 51
24 34
14 29
13 33
8 20
39 50
61 67
87 96
67 71
83 89
38 44
44 50
1 8
34 44
69 80
73 79
2 7
56 66
47 64
15 28
91 93
33 44
4 29
63 73
46 52
48 52
36 44
15 29
12 44
40 51
48 60
62 88
60 71
32 44
28 41
79 84
5 16
50 69
17 33
27 40
25 28
4 11
48 58
73 77
59 96
62 90
17 23
67 75
48 61
63 69
85 87
78 90
54 62
3 14
74 80
63 69
33 46
78 82
48 59
36 47
59 83
50 77
18 29
1 7
25 27
42 48
47 55
26 30
47 52
77 84
55 61
18 24
31 49
92 99
70 87
60 67
41 44
80 86
54 57
57 62
14 35
47 50
14 40
61 78
15 28
79 94
84 88
35 46
16 23
22 27
63 72
28 43
38 47
51 57
75 88
23 27
49 57
15 20
46 55
4 17
65 73
71 75
82 98
12 37
30 32
50 57
76 81
25 33
82 90
67 70
27 34
24 31
23 29
73 86
84 87
86 89
66 74
20 42
13 25
34 39
33 46
42 64
5 13
45 47
28 31
61 69
89 98
95 98
32 44
28 32
13 42
46 53
31 37
28 31
65 69
41 51
64 72
26 44
95 98
30 46
20 23
77 82
73 78
67 80
66 72
26 40
36 40
13 48
31 43
81 87
93 98
45 69
52 59
62 72
64 72
19 24
23 28
84 90
68 81
27 39
69 83
81 86
2 41
50 54
11 18
39 52
8 18
25 34
21 29
13 24
55 64
78 84
83 92
6 12
40 57
64 89
58 74
87 96
38 74
83 92
78 96
33 49
10 17
62 67
43 46
40 44
45 49
83 99
79 86
92 100
32 58
62 70
32 41
49 56
61 77
91 96
44 65
85 88
23 29
87 94
41 56
13 32
69 86
19 33
62 67
81 88
10 24
59 66
45 74
32 36
3 21
36 54
67 85
70 78
5 17
10 14
8 18
67 78
31 46
48 96
25 31
92 99
67 77
93 94
56 65
2 14
88 95
55 61
24 32
26 58
12 15
4 10
18 30
3 14
75 79
19 23
77 95
65 88
37 40
18 23
63 77
37 44
83 95
73 84
4 28
80 86
71 92
78 90
13 23
4 18
31 40
3 6
10 20
59 68
53 71
11 18
34 37
1 4
66 81
7 14
5 15
14 28
34 45
53 69
22 36
80 86
55 77
79 83
85 89
25 43
1 5
81 83
21 30
27 37
40 46
22 42
39 46
51 54
57 62
62 68
20 25
31 37
12 26
87 88
28 36
43 51
23 37
82 90
27 42
48 61
15 29
77 81
45 55
20 31
36 46
5 49
36 48
13 17
34 38
72 78
51 56
32 37
84 93
55 72
16 24
34 50
60 73
91 100
48 55
89 99
8 13
84 94
69 82
53 61
75 82
69 84
79 84
51 86
84 91
1 12
87 99
81 85
3 6
38 49
54 66
70 92
80 88
19 24
63 74
4 8
8 20
74 81
21 29
9 13
68 80
73 81
80 85
28 38
15 25
61 71
39 54
19 32
64 70
42 55
33 40
70 99
77 84
10 20
58 94
27 33
83 94
70 88
45 49
30 61
57 66
63 69
49 61
26 34
88 91
49 58
63 83
45 79
27 29
72 82
65 71
48 58
30 34
40 50
45 64
52 70
89 100
80 87
89 96
23 40
85 91
10 24
83 90
42 51
3 9
14 18
49 54
36 41
34 56
42 65
1 8
88 94
84 94
77 86
49 57
15 22
40 51
8 10
89 96
61 65
11 37
27 35
9 28
59 96
93 99
27 31
6 11
7 31
88 96
36 43
45 65
55 60
29 34
69 75
61 66
13 15
14 21
18 23
76 83
39 50
58 63
55 64
53 60
68 75
23 26
55 64
69 83
23 27
34 41
1 17
50 64
12 25
30 36
54 60
64 73
87 95
91 97
17 25
53 59
52 74
31 33
25 46
65 70
27 36
8 12
3 20
46 51
44 49
47 64
26 32
12 26
18 26
96 99
52 67
48 62
14 23
36 53
70 75
72 83
81 87
17 29
36 44
48 68
24 28
65 75
50 68
2 8
33 52
8 13
41 53
92 99
39 49
74 84
36 52
84 90
2 9
16 52
37 45
68 79
37 43
15 28
42 49
16 31
1 11
78 83
21 29
42 52
81 91
56 62
56 62
38 55
25 29
24 53
15 19
96 100
33 45
50 64
47 56
44 48
9 24
52 63
55 60
30 35
52 61
12 25
4 9
22 26
69 81
25 30
2 14
27 47
9 13
11 16
38 91
59 65
12 17
67 70
27 40
19 29
28 67
85 93
69 76
35 40
50 56
18 34
88 94
69 78
32 42
77 93
66 74
72 80
22 46
63 71
5 9
68 76
31 49
68 79
41 60
7 49
94 98
68 74
43 67
48 53
16 22
18 21
26 31
43 57
70 75
18 29
53 57
78 85
51 74
48 55
50 61
46 50
42 47
9 16
89 95
16 23
51 55
58 72
64 77
65 70
86 99
88 96
47 55
55 82
53 58
36 53
68 76
9 19
7 23
55 63
76 85
5 18
80 93
21 47
89 94
11 28
40 48
48 65
61 64
21 26
88 98
4 14
3 11
50 66
22 35
23 36
20 42
14 19
74 80
71 89
70 76
22 28
2 6
69 87
21 23
64 74
25 53
7 19
57 84
78 92
4 12
50 53
87 92
5 12
18 27
50 81
61 67
79 95
45 59
14 27
43 57
51 74
58 84
58 66
62 72
47 71
74 83
44 53
89 99
51 58
47 55
52 59
76 99
33 62
58 60
6 42
53 68
7 37
65 75
26 51
46 52
73 78
29 45
42 51
65 70
82 88
65 72
46 56
21 27
66 88
32 36
20 34
85 91
18 25
40 48
83 91
56 67
62 74
21 39
42 44
48 69
75 86
42 49
49 56
65 77
69 83
35 42
20 26
51 63
78 90
75 95
3 9
3 7
56 64
73 77
52 58
34 41
47 54
84 87
74 85
32 44
56 69
73 76
28 48
70 81
39 47
87 92
40 50
89 97
44 52
29 33
33 54
88 97
50 55
64 70
73 85
50 52
59 72
77 83
36 45
17 19
82 86
72 95
47 53
31 50
84 88
8 33
1 16
3 35
1 10
91 100
42 54
51 66
47 48
21 39
7 25
5 9
21 31
83 90
7 13
31 34
57 61
69 76
39 43
43 56
30 40
22 24
2 23
25 40
27 40
49 71
69 83
56 99
36 51
41 49
75 89
51 69
10 15
77 88
61 81
72 78
33 49
58 65
77 80
21 30
44 51
68 74
32 35
27 37
9 19
23 30
73 89
3 9
94 98
34 48
74 79
55 67
63 77
29 34
39 44
81 90
39 49
95 99
54 80
64 78
68 89
65 69
62 65
35 56
17 43
84 91
92 95
32 45
89 96
9 53
50 69
6 19
22 35
16 22
27 32
77 81
52 65
64 72
61 68
18 21
44 48
27 36
60 72
45 54
74 85
18 23
45 61
48 84
6 21
83 92
63 67
77 84
3 8
15 26
92 100
62 82
71 90
8 13
55 72
12 19
13 19
72 75
22 44
81 84
28 45
50 80
7 13
67 95
89 93
67 77
11 33
39 53
46 57
33 41
21 25
23 32
65 76
6 17
21 42
43 54
58 64
57 63
45 92
24 33
54 69
33 57
54 67
29 39
18 24
66 77
29 34
89 98
16 27
54 59
24 29
19 23
46 49
64 72
6 19
63 77
47 52
52 56
50 56
4 16
17 24
60 67
38 58
55 59
7 29
18 25
60 73
37 43
16 22
37 44
52 56
66 76
30 39
59 74
39 47
76 82
31 36
18 33
57 59
4 22
82 85
34 56
22 27
16 32
8 14
70 75
20 25
85 89
30 42
76 87
18 26
47 52
10 19
24 31
26 30
45 62
24 30
14 16
71 78
18 36
56 63
53 63
25 45
40 47
66 94
45 54
49 55
65 79
7 19
15 19
66 83
52 61
63 80
31 51
55 80
38 52
53 61
73 79
30 34
15 24
27 35
40 81
92 98
54 67
93 97
79 98
5 8
7 11
38 40
70 75
34 71
77 83
48 51
10 23
95 98
38 65
17 39
84 94
45 53
67 74
71 76
49 58
87 93
72 100
10 28
57 65
80 96
49 69
8 19
60 62
49 67
5 8
34 56
82 90
22 31
67 73
19 28
51 56
31 48
74 83
32 37
68 74
14 23
21 31
76 84
64 79
28 37
21 51
1 8
85 96
64 71
55 63
71 81
25 28
70 83
76 82
83 94
2 9
39 47
47 51
30 40
51 60
52 63
80 97
40 54
68 74
54 63
36 60
48 63
46 57
46 61
76 95
82 94
33 52
34 40
36 51
15 72
73 86
31 44
79 97
46 59
75 88
6 9
21 62
17 25
60 76
63 68
42 61
26 30
62 76
33 49
90 95
67 79
76 91
73 79
26 28
5 19
78 84
41 51
32 46
64 89
2 19
82 87
62 72
2 7
6 13
44 49
73 77
15 26
21 29
67 92
13 29
16 34
54 60
38 51
38 40
46 71
8 15
61 89
55 63
25 43
56 61
8 20
74 78
93 100
30 39
10 15
78 91
38 49
10 20
2 38
16 25
65 73
12 17
57 99
2 24
25 36
23 27
8 11
79 85
56 70
17 32
93 99
58 59
73 84
9 25
6 9
86 92
13 29
71 76
72 79
80 89
57 64
77 83
88 95
44 47
70 73
54 71
46 62
55 68
8 12
15 21
60 66
31 50
59 74
43 60
2 5
29 41
24 39
31 37
35 50
47 62
60 81
50 61
34 42
18 47
27 41
25 30
69 77
72 73
56 63
4 9
24 29
23 27
75 77
72 82
