100 20 20 12
00000000000000000000
00000000000000000000
00000000000000000000
11110000000000000000
00000000000000000000
00000000000000000000
00000001111110000000
00000000000000000000
00000000000000000000
00000000000000001111
00000000000000000000
11111000000000000000
00000000001110000000
00000000000000001111
00000001110000000000
00000000000000000000
00000000000000000000
00000000000000000000
00000000000000000000
0000000000001000000
0000000000001000000
0000000000001000000
0000000000001000000
0000000000001000000
0000000000001000000
0000000000001000000
0000000000000000000
0001000000000000000
0001000000000000000
0001000000000000000
0001000100000000000
0000000100001000000
0000000101000000000
0000000101000000000
0000001000000000000
0000001000000100000
0000001000000100000
0000001000000100000
0000001000000100000
6607
77 98
7 18
88 99
6 37
3 54
57 59
66 69
84 95
79 87
55 64
6 33
44 51
18 21
58 67
9 13
44 60
80 88
75 79
66 81
3 21
62 70
26 28
73 92
22 34
45 79
34 42
41 48
45 57
73 100
5 12
61 88
79 92
86 92
26 32
52 58
15 20
17 27
77 89
46 51
66 76
7 12
60 73
39 67
72 92
3 21
33 62
74 87
70 86
68 71
72 86
13 15
24 31
35 55
6 16
2 44
29 40
63 81
18 25
11 20
63 72
63 73
48 58
47 52
79 91
8 12
68 82
20 25
81 88
1 6
15 31
5 15
12 44
23 47
57 66
15 22
65 74
70 74
38 47
61 63
76 80
24 31
66 68
66 71
9 20
19 31
48 61
28 32
35 40
53 62
71 79
77 84
84 96
2 8
17 23
55 57
56 62
54 70
61 69
30 41
4 13
55 63
17 21
16 23
17 21
44 56
5 11
60 72
69 76
6 17
13 15
61 66
77 96
75 84
37 48
30 43
20 30
93 98
56 61
64 79
36 38
1 7
34 47
65 69
86 93
19 23
64 71
49 60
59 83
73 85
28 43
21 28
84 87
63 75
4 20
70 74
66 68
5 20
38 48
49 58
44 90
34 44
65 80
11 29
61 70
15 30
68 81
23 26
40 51
30 45
55 74
60 76
39 44
66 82
10 18
33 45
53 64
7 26
8 22
8 33
13 20
60 77
2 14
27 38
73 77
35 82
17 37
44 59
72 79
65 76
10 34
95 98
66 83
42 53
62 65
35 52
47 53
82 92
51 67
26 42
42 46
51 57
64 67
89 98
50 55
65 79
92 97
55 61
87 92
32 45
60 67
44 52
31 42
68 76
20 42
7 14
77 91
75 90
3 21
30 48
13 26
39 67
19 22
35 43
30 48
2 8
16 26
78 97
33 36
55 58
74 81
77 89
34 48
12 16
31 43
65 72
45 58
68 79
31 39
57 59
10 16
35 48
63 70
49 61
35 49
22 33
8 36
60 75
60 68
70 79
56 78
90 93
19 26
6 7
84 94
4 9
40 55
74 94
30 35
1 11
94 99
35 39
44 58
65 79
85 95
65 87
66 67
36 46
67 78
1 13
71 73
81 93
39 51
4 11
52 58
19 31
85 91
92 99
82 94
52 67
87 92
67 92
58 72
39 45
34 58
82 85
70 72
8 20
29 32
66 71
76 91
82 88
18 39
70 93
33 40
25 37
37 69
64 78
12 20
85 96
37 43
32 37
63 70
16 60
57 64
3 14
2 13
50 75
79 86
29 34
42 49
12 21
14 23
34 45
25 30
51 62
31 46
54 58
19 36
16 35
48 65
42 49
14 24
4 7
12 32
30 35
38 49
36 67
41 46
36 44
84 93
42 55
74 90
72 80
5 6
49 72
83 98
9 21
5 22
59 67
58 69
77 96
44 73
68 84
97 100
42 49
87 93
59 69
88 96
65 87
10 17
3 12
38 57
57 74
10 12
79 80
24 40
9 14
14 17
19 41
5 9
24 33
38 78
10 30
27 34
77 83
6 15
53 67
26 39
19 22
77 82
52 92
10 16
78 91
67 74
49 69
52 58
14 25
25 35
77 86
71 80
55 76
28 30
81 85
34 39
88 94
58 67
24 37
26 31
31 42
80 87
17 53
56 79
18 29
82 85
41 50
55 74
9 18
74 79
85 92
38 50
35 41
52 60
29 39
77 87
59 93
30 51
30 31
5 19
47 68
74 85
81 90
39 48
25 31
73 76
85 91
54 57
26 35
45 50
31 64
17 36
73 89
40 52
62 66
73 80
10 24
23 28
25 30
78 89
49 58
6 7
8 22
2 18
16 27
76 82
51 59
69 80
37 49
63 70
71 78
20 37
19 25
7 11
35 45
70 73
64 67
3 6
81 83
95 98
92 100
17 29
22 45
21 51
53 57
46 57
6 13
75 81
62 68
79 84
44 51
52 60
50 82
24 44
61 69
50 61
41 73
3 23
70 75
82 85
69 73
9 20
27 31
44 62
28 48
15 19
61 68
25 32
29 41
40 59
57 65
16 19
30 37
45 57
27 36
37 46
55 61
3 6
38 48
78 86
50 58
67 76
35 44
61 67
26 37
49 60
71 82
80 86
47 65
23 32
69 72
27 37
5 8
9 24
7 12
13 20
70 80
18 28
17 43
25 30
65 87
52 73
36 45
23 30
71 79
10 13
40 52
16 23
9 25
83 95
4 24
47 53
55 73
38 45
55 65
78 83
42 55
10 20
47 62
2 5
24 70
83 86
20 31
34 43
37 42
60 71
89 100
32 39
8 26
82 92
58 65
54 58
79 85
30 45
74 82
12 18
64 68
37 50
2 14
59 80
8 12
86 100
35 77
75 82
6 14
50 57
44 60
56 64
15 20
62 69
70 80
89 93
69 74
95 98
28 55
79 85
60 71
42 51
91 97
38 54
65 81
48 59
32 38
66 83
39 47
71 92
16 31
71 77
71 77
61 71
5 21
85 98
73 99
55 67
39 48
9 15
21 31
31 44
19 22
48 56
95 100
1 7
68 72
55 70
1 7
19 25
50 58
57 81
63 74
87 90
84 88
35 42
67 70
46 56
80 87
34 38
78 96
13 19
24 29
74 78
6 24
6 13
24 37
56 77
19 24
55 57
69 74
35 43
24 35
43 60
86 94
58 64
67 72
6 13
40 45
69 73
6 27
38 54
76 87
84 86
47 58
64 70
57 63
70 85
56 80
57 61
38 46
19 27
31 43
59 61
49 53
52 62
68 74
28 43
21 27
45 53
9 14
37 44
87 94
16 40
26 29
34 41
67 72
47 69
95 100
32 37
37 43
70 76
69 80
59 67
75 80
61 90
28 37
69 72
9 13
73 82
45 49
89 98
69 91
93 99
75 97
58 67
58 67
91 94
47 51
68 78
18 38
89 92
45 60
65 81
10 20
42 47
64 70
35 51
16 22
4 14
33 36
49 61
81 88
12 20
54 66
85 90
75 86
31 38
32 41
82 91
49 56
3 18
61 89
5 15
1 5
68 72
1 10
25 42
31 38
42 46
57 71
73 94
28 38
69 74
68 78
80 88
35 52
28 33
54 66
7 28
21 30
21 25
75 79
95 96
15 28
7 24
7 36
78 83
9 11
1 33
39 49
3 7
37 76
53 57
53 79
29 50
58 70
45 49
28 37
32 50
44 66
74 94
24 29
59 61
47 55
40 50
52 69
9 45
60 67
43 60
84 93
82 95
29 41
78 96
3 7
89 93
53 65
38 58
71 77
22 27
34 41
1 6
10 23
22 33
39 47
19 25
69 79
15 26
4 13
73 84
18 25
34 40
58 66
88 97
84 98
72 82
22 30
80 88
10 27
47 65
69 83
76 82
20 27
98 100
33 52
68 80
58 66
49 60
75 94
54 67
72 75
55 67
2 9
26 40
95 99
2 23
45 51
58 78
84 91
62 68
21 28
40 86
68 78
14 20
47 59
7 13
77 83
51 64
16 44
37 61
75 82
4 14
57 80
69 80
3 13
6 8
37 47
50 69
70 95
29 35
24 46
61 69
12 22
41 43
85 90
45 53
58 75
65 86
29 36
45 53
70 83
41 52
57 60
83 86
55 61
79 83
64 69
15 27
6 12
83 90
65 71
41 61
41 47
23 34
36 55
88 97
9 24
85 98
14 18
46 58
66 92
25 29
3 6
48 58
77 83
26 33
53 57
82 89
79 89
32 38
49 51
89 93
45 56
7 58
34 39
15 27
54 63
30 39
38 50
69 86
35 50
65 68
10 21
81 86
7 11
52 59
24 42
30 33
13 31
32 38
21 36
87 97
32 36
40 43
29 39
82 89
94 100
67 84
79 81
38 69
86 97
28 46
20 29
76 84
79 89
87 91
16 22
18 26
56 62
37 47
51 71
91 99
66 76
79 84
12 26
19 23
44 61
72 91
29 40
75 85
37 43
5 11
49 60
33 42
66 70
75 81
7 19
43 48
31 37
83 89
35 38
79 92
55 61
4 21
73 82
49 53
52 99
66 85
7 16
25 28
53 61
39 49
43 61
13 30
55 60
31 34
32 43
48 56
21 38
75 89
20 45
87 94
70 86
21 28
94 96
40 44
32 40
17 30
39 43
69 78
37 49
26 34
36 48
23 28
81 94
26 57
60 75
29 33
71 89
10 20
34 40
45 52
52 56
78 91
43 53
66 73
32 98
21 31
91 98
91 98
85 91
44 51
42 51
65 77
56 67
17 19
90 92
42 46
85 93
70 78
68 78
88 95
59 66
87 97
10 20
59 74
40 45
20 32
22 27
44 57
34 63
87 91
39 58
22 40
5 22
8 14
2 18
14 23
32 33
15 28
87 91
52 57
67 70
22 35
52 56
67 87
24 29
51 65
61 72
78 91
63 92
8 40
27 33
11 21
72 96
22 33
45 64
68 72
55 61
63 70
61 97
45 49
84 88
80 85
68 74
25 41
17 55
71 88
59 61
14 23
56 64
68 71
72 81
9 12
28 37
32 52
36 40
71 80
22 28
48 56
61 78
5 14
88 93
59 72
55 67
51 55
56 77
73 77
24 28
74 81
21 43
76 84
19 26
22 30
74 87
46 56
40 44
2 12
1 8
79 81
63 68
17 61
41 44
19 36
78 83
87 90
30 34
70 76
83 98
82 97
61 72
72 76
77 82
94 98
9 26
86 95
36 60
61 84
70 82
43 50
40 47
28 32
6 18
43 54
10 13
42 54
49 51
73 79
2 13
2 14
58 64
68 84
9 13
38 72
58 63
1 4
37 40
53 71
52 54
73 83
60 71
53 67
83 89
5 9
20 29
16 18
72 76
31 36
64 71
32 36
2 12
9 11
44 60
71 83
15 21
1 38
24 35
57 61
1 13
86 97
1 7
32 38
53 63
37 47
73 80
2 8
44 56
14 34
82 87
54 87
11 38
6 11
6 18
62 72
60 95
43 55
51 55
42 49
19 25
73 85
71 86
39 55
10 17
68 78
71 82
45 60
48 54
1 20
60 72
23 33
56 80
60 81
32 42
1 14
22 31
2 38
47 55
17 23
97 99
65 76
41 48
89 95
36 43
12 38
57 66
79 89
16 30
8 15
43 50
48 55
75 87
63 76
14 23
49 100
18 25
13 24
27 38
7 17
44 62
60 63
87 94
48 52
76 92
43 46
90 99
44 62
5 12
23 28
30 36
13 18
68 72
77 88
7 11
40 56
65 76
18 35
18 26
18 31
26 30
64 76
5 14
44 49
70 75
71 81
82 90
88 96
17 23
13 18
53 57
48 56
17 30
25 39
58 65
29 87
56 69
37 43
57 67
75 81
54 64
39 52
50 68
5 21
82 92
57 71
12 20
66 76
28 36
60 72
51 67
69 78
3 27
2 21
23 46
37 42
92 100
34 43
72 78
31 42
93 98
8 15
78 83
38 41
13 59
85 89
11 27
10 34
39 48
79 98
31 41
60 85
58 72
5 19
25 37
28 33
16 48
72 82
6 15
43 56
65 71
5 10
68 83
69 78
28 34
2 10
64 79
13 17
23 27
94 100
27 36
53 71
79 85
85 93
80 90
23 27
58 71
34 58
15 23
36 48
24 28
70 81
56 64
60 72
64 72
38 41
56 72
79 90
47 56
55 58
80 92
3 6
19 23
85 96
63 70
32 55
45 53
46 59
87 98
55 77
70 75
23 40
18 25
48 52
56 66
30 33
85 91
80 93
46 56
55 67
81 86
3 55
84 100
53 59
11 16
32 45
39 47
69 70
80 94
24 36
93 96
64 70
14 27
22 41
31 44
36 51
86 89
90 98
1 5
41 45
88 96
50 69
20 41
97 99
80 89
90 96
2 8
9 13
19 27
28 42
3 17
2 9
71 80
54 62
43 49
29 31
11 14
47 50
19 29
34 54
29 42
80 87
15 26
51 63
25 30
32 44
24 33
16 45
79 85
95 100
56 66
43 72
87 97
39 46
92 96
14 30
17 30
65 74
3 6
15 24
56 72
9 22
25 52
79 88
68 72
14 16
4 9
62 73
53 58
50 60
71 77
63 66
49 75
20 31
2 6
52 61
58 65
7 22
67 76
35 48
32 47
32 41
31 47
57 64
20 26
28 44
9 15
75 94
12 20
6 13
55 62
43 63
62 67
84 94
87 94
50 79
39 49
58 76
72 80
38 47
49 75
33 34
27 33
50 61
79 86
52 73
37 38
88 90
86 97
21 38
34 55
45 50
19 29
62 79
53 87
4 19
68 80
93 99
65 87
47 59
80 87
76 79
22 31
35 49
40 51
13 25
61 71
82 87
36 48
4 8
61 69
65 73
82 92
4 19
20 29
39 48
39 40
39 49
74 76
64 79
51 61
25 35
6 19
85 96
59 70
39 46
3 25
57 59
71 83
6 13
50 77
20 24
73 78
16 20
76 79
44 65
7 25
49 57
37 47
35 41
8 15
15 26
27 43
93 100
51 70
13 19
20 27
5 10
50 56
39 50
36 57
88 92
63 71
61 71
35 52
50 53
12 35
8 17
52 63
61 69
1 6
87 96
69 78
23 27
33 43
58 67
75 80
44 50
81 90
67 74
20 26
55 63
57 60
88 93
26 30
33 73
25 38
71 87
67 79
52 62
36 44
40 52
64 78
56 67
11 28
38 44
56 71
8 18
69 87
86 95
52 62
84 90
38 45
41 56
36 63
20 25
59 63
80 94
82 87
13 20
89 98
75 82
2 9
12 29
42 49
44 50
26 31
28 39
82 87
89 94
62 72
21 31
57 73
67 79
34 36
34 59
85 93
80 85
48 73
39 56
27 32
49 61
66 79
27 39
25 41
2 31
1 16
53 62
29 40
29 48
72 78
5 25
5 10
55 80
90 97
13 36
82 87
38 54
73 85
55 73
68 78
36 49
36 62
52 62
28 47
37 44
34 53
81 91
88 95
8 18
2 8
29 35
78 93
22 34
52 59
85 96
50 52
23 28
62 72
25 35
33 43
58 65
52 61
35 46
45 59
87 95
52 62
11 20
64 67
60 62
84 87
85 91
36 54
4 13
2 14
53 58
18 23
15 18
2 24
12 38
54 63
46 52
70 74
28 44
10 15
70 81
34 59
94 100
81 98
63 76
65 82
56 80
53 64
49 61
79 83
8 31
6 11
19 25
31 39
30 34
84 90
92 100
9 26
39 46
87 95
4 15
14 33
66 83
73 98
8 15
63 75
36 49
24 28
72 80
17 23
75 91
35 41
61 64
3 20
75 89
84 89
15 22
11 22
57 82
51 59
2 5
60 74
70 77
63 73
10 18
83 93
16 24
27 38
61 73
82 95
76 88
96 99
51 69
5 11
45 51
22 28
59 68
46 55
71 79
3 12
41 45
40 46
50 55
23 35
41 45
76 86
24 32
83 95
69 84
37 40
50 75
20 29
24 29
53 59
4 13
71 81
76 84
9 13
62 68
41 78
57 86
27 35
51 57
43 55
43 56
74 84
87 99
40 46
50 67
25 34
7 14
24 32
22 35
40 47
29 42
16 27
61 75
67 75
6 11
30 38
48 53
23 49
93 96
37 40
18 25
27 41
34 49
34 41
66 86
88 94
35 77
23 27
5 39
75 93
97 100
77 80
38 45
68 86
17 20
23 44
86 95
81 89
15 51
42 63
27 39
69 80
10 16
29 34
49 64
10 28
27 49
37 44
75 80
29 31
8 17
60 72
64 68
22 29
8 17
59 65
65 93
59 72
15 19
40 59
51 70
3 7
73 88
51 55
32 43
18 25
13 24
67 85
38 42
48 61
21 38
64 67
38 44
71 91
11 21
27 39
8 21
83 87
68 75
24 36
67 75
69 76
72 89
61 70
85 88
76 98
21 32
42 51
26 32
48 68
53 63
2 9
9 13
50 71
42 47
88 92
84 86
68 79
91 96
84 90
26 32
23 32
20 48
52 55
78 87
53 65
2 6
45 51
65 69
2 5
24 36
2 12
2 19
56 63
60 65
17 33
44 59
19 24
76 95
85 94
33 43
54 70
55 70
34 63
49 62
95 97
66 80
43 47
56 79
63 78
19 38
57 70
13 28
83 90
20 37
49 54
54 64
2 13
76 86
44 58
22 52
45 50
70 86
85 96
57 67
60 73
74 78
49 59
44 53
42 56
49 59
65 70
42 49
91 93
18 27
63 99
35 38
29 36
40 52
5 13
22 27
17 23
6 18
28 31
69 79
15 25
41 59
91 99
19 40
43 48
72 90
33 36
15 30
32 40
58 77
29 37
59 68
59 73
61 82
49 56
10 61
45 47
61 63
29 38
30 53
63 79
89 99
13 16
68 83
85 89
19 32
74 77
57 68
89 97
26 30
60 94
71 88
75 83
54 61
49 56
69 79
38 49
87 88
51 56
83 85
9 34
24 35
14 31
9 19
17 27
26 31
79 96
39 42
3 15
55 61
70 77
43 96
52 65
64 67
32 45
64 72
35 39
24 29
75 97
76 78
24 37
58 75
16 21
42 51
32 39
49 62
14 24
82 97
24 31
7 18
59 69
32 46
93 98
26 35
81 90
57 66
7 10
93 94
24 36
2 10
58 65
24 25
87 97
46 50
25 46
36 49
83 86
86 91
39 64
90 95
78 92
69 74
1 3
19 29
47 66
65 74
16 21
9 20
36 42
61 68
10 11
58 62
26 39
21 32
87 96
32 38
37 42
56 75
24 29
41 46
42 52
86 100
85 89
15 31
62 74
57 67
54 66
76 84
91 93
62 90
4 8
22 31
6 17
84 92
65 79
19 30
18 26
53 60
84 87
17 26
33 50
58 66
68 82
73 84
41 49
4 12
32 41
44 48
49 78
9 14
8 33
63 71
76 80
78 97
75 86
33 43
2 11
83 91
10 20
41 47
73 82
30 41
82 88
1 13
56 59
10 20
40 50
5 14
37 45
56 61
65 75
22 36
76 91
84 93
24 47
57 65
87 93
64 81
38 66
13 19
95 98
49 61
35 47
87 97
77 90
42 55
31 37
6 23
8 23
61 73
22 31
46 52
72 97
17 23
68 75
35 44
55 61
52 61
16 18
45 57
39 46
81 89
67 85
79 87
21 24
94 98
15 21
50 55
69 82
6 15
34 45
91 97
33 48
69 88
74 79
30 38
72 76
21 35
61 74
2 10
16 29
30 66
24 30
6 38
17 25
62 71
7 13
27 35
51 68
67 74
35 58
91 98
56 83
63 70
73 87
75 85
68 72
75 81
87 98
45 55
3 17
51 66
40 75
70 80
44 53
82 85
34 49
3 20
62 72
49 60
60 66
30 32
15 41
54 62
57 69
44 66
38 41
21 35
88 93
4 33
40 49
54 60
46 56
66 75
71 84
13 27
42 51
62 73
15 34
75 86
70 82
83 90
65 69
81 90
54 68
38 46
29 58
37 52
78 84
24 33
43 48
30 34
60 71
6 14
42 45
24 32
82 88
51 56
3 10
82 100
74 92
26 48
31 36
77 86
48 57
15 31
11 13
43 59
3 6
11 17
85 97
45 52
44 53
38 48
82 86
15 29
51 57
15 25
32 49
74 88
6 63
45 67
49 65
28 42
26 44
57 64
41 54
20 29
68 91
15 37
76 84
85 96
60 74
9 22
31 36
22 27
6 14
90 97
22 26
93 98
44 63
11 27
71 76
27 31
84 91
49 54
90 96
69 78
49 76
75 80
9 21
8 12
80 87
8 25
71 79
74 80
69 85
3 12
70 86
34 43
7 9
41 48
4 12
83 92
27 39
48 95
24 30
62 77
11 15
28 41
57 97
81 83
33 42
48 55
71 78
10 21
25 33
29 68
28 48
81 98
61 73
76 80
53 57
71 78
18 22
68 80
2 26
22 26
6 18
43 48
39 52
94 97
29 32
65 78
47 62
40 48
41 51
40 48
66 75
48 60
60 76
54 72
24 29
43 47
89 96
1 11
73 84
41 51
16 33
8 21
23 38
65 93
41 46
5 24
15 25
55 73
36 45
65 94
32 42
5 12
65 68
26 32
76 78
94 97
22 31
27 58
66 75
38 41
15 21
25 41
48 57
59 67
49 63
79 87
23 59
22 26
25 36
54 66
6 14
58 74
19 30
34 48
63 70
53 61
87 99
50 54
16 23
38 54
28 36
60 83
82 94
29 34
82 94
39 51
4 16
13 30
46 57
65 92
57 66
43 48
66 71
39 50
83 93
80 88
27 32
51 57
18 40
47 52
78 85
62 68
85 91
74 80
13 16
76 79
91 98
28 86
8 23
53 58
57 67
80 84
71 83
48 54
20 33
6 11
11 21
36 49
50 74
8 30
40 52
63 65
50 54
74 82
69 72
32 56
34 42
38 41
7 18
81 86
39 46
46 50
28 39
75 83
25 31
48 64
30 40
62 78
10 19
86 98
54 56
38 46
31 46
86 100
51 57
83 88
70 80
50 58
71 90
64 84
55 60
68 84
41 68
18 43
65 73
64 72
43 49
44 54
58 66
78 80
56 66
22 26
24 27
18 28
18 42
84 92
41 52
85 97
20 34
3 16
41 47
64 79
40 75
82 100
25 33
70 74
66 79
56 57
29 36
80 86
16 26
8 17
73 78
60 71
87 93
59 61
24 27
10 20
45 56
35 43
43 49
16 19
42 58
19 36
12 28
56 63
87 90
23 29
41 45
46 63
62 68
13 24
46 82
1 17
21 28
59 75
68 81
60 65
45 51
58 73
76 82
28 38
83 87
26 34
1 35
53 57
33 39
8 15
10 13
5 13
56 64
12 14
1 10
31 38
9 16
13 17
68 74
47 60
88 92
81 85
87 91
2 27
81 87
89 94
22 34
52 79
34 39
80 83
30 46
25 33
1 8
9 19
43 51
36 46
73 76
80 88
5 6
73 80
92 100
14 19
70 79
46 52
62 69
46 50
60 65
18 40
70 89
37 45
19 22
46 54
31 37
78 87
43 61
43 51
44 50
81 88
82 97
34 48
28 32
25 39
11 22
4 19
65 79
42 50
34 40
72 91
41 59
87 99
48 51
44 53
77 82
46 62
43 47
15 24
71 96
36 41
44 49
35 42
66 86
85 98
12 42
49 54
4 22
47 63
51 58
71 85
51 76
8 32
78 89
29 53
71 79
31 38
13 19
88 95
77 87
39 50
1 28
71 81
46 54
45 55
19 32
41 46
77 85
56 75
4 8
38 42
49 68
51 62
5 25
78 97
45 50
92 95
20 24
82 90
3 16
2 13
17 26
87 94
60 63
56 60
41 50
93 96
23 33
85 96
48 58
53 77
8 25
60 69
54 66
42 62
90 93
74 93
45 56
6 10
93 96
40 48
46 50
27 40
21 28
6 15
79 84
59 73
3 11
31 41
10 16
5 11
32 42
82 98
40 54
82 92
69 85
6 15
29 38
26 28
86 93
42 45
76 95
89 95
46 51
68 79
35 49
96 99
77 83
10 15
8 21
47 51
80 86
56 72
77 86
36 43
41 43
51 60
44 48
57 66
14 39
57 60
36 43
75 82
2 12
69 77
3 10
44 64
77 82
55 71
19 34
85 97
90 98
58 64
5 17
24 28
72 81
42 49
47 73
60 68
15 27
61 69
28 57
49 63
47 70
12 17
12 13
73 81
94 100
45 57
67 72
66 70
58 66
80 82
25 28
36 46
30 38
81 85
27 36
52 62
89 93
17 30
12 24
34 41
11 16
78 89
21 33
51 62
77 84
86 96
10 18
79 97
65 70
8 29
53 64
71 76
28 31
19 32
12 30
79 82
3 21
50 67
78 84
84 92
56 61
28 44
7 9
59 64
68 79
38 47
13 39
34 44
81 97
32 37
5 11
66 74
62 71
39 49
56 61
34 42
34 48
36 48
74 85
73 81
51 65
4 12
19 36
18 40
80 88
26 31
72 81
27 30
50 84
74 92
39 46
58 62
54 82
78 85
92 99
56 72
6 15
35 39
5 12
9 24
52 59
36 44
68 71
87 92
72 74
16 22
11 21
49 61
34 48
18 32
38 55
86 96
71 100
25 33
92 95
70 77
33 44
35 43
23 36
26 41
7 14
85 93
64 71
53 64
87 100
25 40
56 59
55 63
82 99
85 91
12 16
56 67
64 78
53 69
57 72
69 75
46 57
14 24
14 24
93 96
27 38
23 26
10 15
75 83
21 44
22 30
7 19
29 45
3 10
15 47
11 14
39 46
87 97
27 46
8 26
79 82
28 32
77 97
38 53
47 55
32 38
79 97
42 45
58 77
68 84
51 59
87 96
38 42
23 28
5 19
38 46
73 83
21 27
61 67
44 69
5 18
31 39
98 100
55 87
72 87
87 94
88 97
6 16
17 22
47 61
46 54
15 20
3 10
76 84
39 41
68 82
48 63
34 47
56 62
67 76
77 83
89 97
67 72
24 37
27 40
91 99
68 77
81 84
55 66
56 62
32 35
27 36
48 54
73 87
11 18
29 33
24 32
38 42
64 67
87 96
49 71
41 46
40 44
85 91
10 17
9 21
31 36
21 30
75 86
57 70
38 41
54 61
33 39
27 33
36 55
18 32
20 23
32 47
79 92
77 87
67 87
1 19
2 9
36 41
12 31
8 20
2 11
59 63
4 14
9 23
41 55
82 100
11 17
28 36
78 80
30 46
63 69
90 99
2 8
6 19
75 84
8 13
43 51
24 45
79 90
30 47
71 75
54 59
72 88
45 67
60 65
80 87
73 85
33 46
29 49
79 84
15 20
54 55
61 66
52 60
59 84
53 64
94 96
57 71
10 22
27 35
67 77
38 48
5 24
44 58
71 96
18 40
39 46
55 72
2 18
36 43
58 66
22 36
41 60
8 12
58 98
70 76
72 79
73 91
67 83
28 39
15 22
79 97
29 34
37 53
88 100
64 90
57 72
18 26
57 72
8 44
27 49
60 76
45 53
40 52
52 67
67 83
36 39
44 50
36 57
7 11
62 70
38 48
18 30
26 34
51 60
34 43
48 70
20 24
70 82
26 45
59 63
7 15
83 89
54 66
8 17
58 61
91 92
65 75
64 92
26 33
33 41
5 14
21 36
63 91
80 96
77 95
68 74
46 57
48 59
2 7
49 84
40 52
55 60
3 30
28 35
27 35
8 16
90 94
42 45
37 38
37 39
55 68
30 37
5 28
46 56
67 71
72 83
34 41
48 55
89 97
68 75
28 33
2 5
74 85
43 63
17 24
33 36
47 57
5 15
17 26
82 91
50 78
78 83
30 40
65 86
36 48
75 94
6 28
49 51
81 89
74 79
78 84
80 94
79 86
19 33
6 17
67 71
1 21
49 68
1 5
69 79
8 21
29 34
52 58
57 66
35 38
70 77
52 59
21 24
26 36
1 3
51 63
50 71
42 52
8 20
49 66
12 21
73 95
8 20
60 65
51 67
10 26
75 78
35 47
26 39
74 80
54 71
85 95
62 65
8 11
62 67
17 22
78 100
79 83
3 14
87 95
33 52
60 65
76 82
78 92
67 75
64 80
68 89
8 31
59 63
32 46
81 88
68 91
70 94
31 46
38 43
4 12
78 87
80 85
39 47
18 25
49 56
84 90
76 87
63 74
43 47
64 81
91 97
43 47
87 99
33 42
89 96
19 26
47 52
60 71
60 68
43 54
89 97
75 86
49 84
72 89
50 74
47 65
49 59
69 76
71 89
53 73
8 28
39 56
59 66
27 30
61 78
7 15
32 43
25 44
18 25
55 76
24 32
50 62
61 67
74 81
51 55
64 69
52 82
1 21
45 73
81 86
21 36
79 85
36 49
3 9
60 66
62 69
75 84
73 83
51 59
51 60
31 47
67 87
28 31
4 8
54 65
7 21
46 55
48 63
71 82
31 41
30 37
75 86
51 57
81 91
35 41
87 89
17 22
47 59
82 87
25 33
79 87
66 70
24 37
7 13
57 64
85 97
12 19
6 16
68 82
69 90
45 51
50 62
38 39
36 42
19 25
78 90
84 89
39 49
16 22
60 72
92 96
86 91
70 98
9 19
85 87
41 73
68 77
29 38
35 40
10 15
53 65
56 66
36 51
24 31
56 67
9 17
22 31
17 21
17 27
27 30
94 99
42 62
8 34
61 64
41 60
61 65
52 64
35 40
61 80
12 30
49 56
21 29
18 48
89 96
14 34
37 42
89 95
55 74
3 19
92 96
93 95
73 78
36 42
23 29
30 35
42 50
43 93
8 26
42 49
33 40
76 82
44 52
80 88
59 69
37 53
5 15
48 53
57 68
21 36
89 96
17 20
46 51
18 33
84 95
75 80
87 94
19 28
5 8
89 96
23 32
1 4
39 49
14 20
16 31
28 33
53 64
56 70
68 72
41 58
21 29
28 35
69 78
94 99
58 79
13 19
77 88
73 82
9 18
39 61
77 85
27 40
47 56
19 47
4 26
36 40
81 98
82 90
78 84
69 80
70 76
80 88
42 45
21 29
35 43
45 59
23 30
29 34
64 69
53 56
39 41
81 90
47 64
15 26
79 87
24 28
27 33
57 83
74 94
66 69
64 69
38 55
49 58
3 13
26 33
51 55
18 47
11 15
37 68
19 31
46 71
60 67
17 21
52 59
90 93
80 86
41 62
80 85
45 63
82 99
13 26
40 44
9 16
58 61
64 69
22 38
64 93
46 55
17 27
24 28
22 27
4 7
24 32
68 72
3 10
1 45
21 25
45 52
7 17
2 6
71 77
20 27
54 68
5 21
46 55
67 73
9 20
48 57
44 49
17 29
92 95
72 83
28 38
67 79
84 94
74 79
54 83
43 62
77 89
42 53
54 58
51 61
24 28
22 29
8 24
40 43
40 50
71 83
64 75
74 78
56 70
76 90
18 39
53 58
73 78
71 78
25 27
76 80
75 81
15 38
51 72
11 13
28 44
63 68
27 37
15 17
70 83
26 37
50 58
25 32
38 42
66 82
71 77
51 68
78 91
40 43
81 94
56 60
25 47
74 84
71 88
70 85
59 62
25 36
16 30
26 44
57 70
13 16
64 78
39 44
68 78
17 29
51 55
69 74
92 100
32 40
32 36
56 76
70 74
18 34
30 49
27 38
40 42
4 11
70 83
74 82
1 10
33 39
73 84
57 60
66 76
51 60
31 36
52 64
43 52
57 70
82 92
61 70
57 65
51 58
43 50
41 50
49 72
84 87
55 59
78 82
62 77
24 30
86 91
17 21
16 30
95 99
82 87
12 19
54 66
49 62
39 51
77 85
49 60
4 10
57 66
95 100
23 25
27 35
63 72
2 9
17 25
71 74
66 91
8 36
48 60
33 36
78 91
57 63
58 75
52 59
39 52
28 32
78 83
29 34
64 73
23 56
93 99
57 64
75 86
39 51
64 71
91 95
91 100
20 22
10 20
54 62
4 11
30 32
42 52
74 89
23 32
91 99
56 62
38 43
37 50
86 93
16 26
52 63
14 21
34 51
72 83
50 57
40 43
35 41
56 61
35 42
11 15
3 6
15 23
58 65
39 41
9 15
18 27
2 28
6 16
74 79
76 87
27 40
40 47
91 100
9 11
30 33
86 93
4 8
39 42
13 21
52 57
7 23
85 88
54 59
13 25
16 32
71 78
49 54
94 98
58 65
1 12
12 40
75 85
54 59
80 89
88 96
20 54
5 13
72 80
8 20
90 100
55 75
10 17
12 18
79 88
58 64
89 99
44 58
47 55
49 58
78 79
58 71
59 73
64 72
43 50
26 38
3 15
63 66
20 30
73 83
39 45
75 84
11 19
2 8
66 72
78 82
47 56
18 27
73 78
24 31
76 90
21 38
33 44
28 40
32 41
77 86
90 93
30 40
72 95
49 53
95 98
85 92
26 29
56 59
72 77
24 43
70 85
68 76
2 11
6 20
36 48
81 98
41 62
26 56
62 70
52 66
56 78
74 79
66 74
32 55
79 96
84 97
39 46
76 92
58 61
20 53
44 46
32 45
39 58
80 88
79 87
8 30
87 92
39 58
41 54
56 67
3 7
50 53
71 82
9 16
48 54
6 20
45 56
40 46
45 49
33 50
79 90
90 98
52 63
62 69
48 55
63 91
45 54
30 36
73 90
76 97
35 45
59 62
3 23
68 87
83 86
52 54
66 71
73 100
66 78
10 30
71 78
4 17
46 65
23 29
84 88
58 67
35 42
51 55
23 38
43 52
44 64
84 95
76 90
8 14
38 46
59 65
47 51
58 72
11 26
69 77
62 70
47 66
4 6
37 44
15 23
81 92
1 9
30 40
5 9
50 64
41 62
40 76
21 25
1 16
58 67
71 87
81 92
9 12
18 53
54 92
62 74
75 85
63 75
37 46
3 10
43 57
84 89
39 53
30 39
57 65
47 57
71 87
33 46
63 72
87 99
75 77
45 53
59 77
67 77
76 85
8 25
58 68
20 33
38 42
42 75
52 70
48 61
26 37
21 36
62 82
90 96
22 26
32 49
44 61
3 13
17 25
46 55
21 27
87 96
24 28
58 66
48 78
54 69
29 45
9 12
2 15
75 77
59 68
19 27
16 20
46 55
71 84
21 25
13 16
58 66
58 73
17 25
42 47
61 67
22 33
20 31
34 40
65 72
21 42
41 52
60 68
37 52
51 58
34 42
52 60
13 36
8 10
39 52
51 53
25 39
91 97
72 81
50 57
79 93
17 29
84 92
12 23
35 46
50 60
5 13
40 51
10 18
37 73
73 96
26 39
15 26
50 73
29 37
75 82
6 20
8 23
60 80
89 99
40 50
31 54
87 92
7 22
59 65
78 87
41 58
57 63
69 87
47 56
65 84
43 53
64 77
13 19
70 73
46 60
81 90
68 73
23 39
20 29
82 90
32 40
8 12
46 62
47 54
34 42
25 42
27 35
72 79
11 20
4 5
71 76
32 41
16 31
49 54
38 48
79 84
12 25
62 65
54 61
44 51
41 45
26 34
5 13
72 77
60 69
86 97
93 100
8 21
11 12
18 33
87 92
83 87
54 58
36 54
66 78
19 39
45 52
2 6
91 100
55 65
23 30
20 31
24 42
14 26
49 54
24 40
56 71
60 66
87 96
83 85
35 38
83 87
3 5
75 77
12 23
43 50
66 71
34 40
23 40
5 36
85 88
49 54
51 63
37 44
56 74
59 68
21 34
4 11
82 86
46 59
67 94
4 45
62 74
65 75
42 49
67 92
36 41
67 79
26 30
43 62
67 82
10 26
14 34
60 69
19 27
63 89
30 62
17 32
73 97
35 40
16 22
13 24
59 85
19 53
51 61
46 79
50 99
75 80
78 85
94 98
22 31
56 62
3 7
82 88
13 20
30 36
55 59
13 31
63 73
13 42
53 59
79 81
23 34
18 62
11 24
18 25
60 62
20 47
63 80
71 77
32 40
81 84
88 92
32 37
79 97
29 31
91 99
47 57
12 16
35 41
45 75
63 81
57 58
52 59
62 65
9 23
17 19
18 31
44 54
31 37
30 36
90 99
1 5
26 31
36 54
86 93
2 14
64 77
88 97
3 6
7 51
35 50
49 64
31 42
82 90
59 64
4 22
17 25
9 12
50 58
75 83
74 93
86 97
28 48
35 40
73 85
58 75
44 55
16 17
52 92
11 23
46 53
39 51
36 49
10 18
1 7
13 25
17 39
34 42
20 35
26 38
58 64
94 96
22 29
37 42
68 99
16 26
40 54
4 10
4 9
32 37
56 64
5 12
86 100
41 49
87 95
18 23
57 73
47 55
65 69
56 65
62 71
6 12
47 60
89 91
68 95
30 40
48 56
48 57
25 32
67 72
24 38
20 52
66 77
65 79
74 86
44 50
59 65
77 88
2 25
5 35
65 83
80 86
12 36
14 27
36 46
51 76
57 63
86 98
38 48
41 52
1 14
11 17
16 30
74 85
51 72
77 78
15 19
38 63
64 70
6 28
13 21
70 96
36 53
55 69
67 71
50 53
72 82
12 22
62 67
64 69
73 82
22 37
27 72
40 47
52 61
3 20
45 61
71 85
80 100
30 45
61 82
73 83
49 57
48 53
40 52
26 45
83 92
87 96
53 63
1 2
18 30
89 91
41 45
32 35
57 74
22 28
91 96
47 53
12 22
47 54
37 57
41 84
7 18
39 47
25 35
83 98
73 100
70 83
73 79
2 50
43 68
14 28
9 19
12 16
2 9
34 54
56 67
9 13
47 62
78 83
15 30
81 90
8 23
21 24
67 72
14 23
59 75
5 23
41 66
3 10
40 45
82 91
81 98
25 33
18 22
18 23
13 26
39 50
42 49
57 68
35 77
89 95
78 81
37 45
14 22
31 35
18 28
55 61
38 46
19 26
10 27
75 82
30 43
50 63
52 69
69 78
18 36
25 35
51 60
90 95
67 95
43 69
84 99
10 47
63 73
48 54
49 62
15 35
73 74
85 94
89 95
35 38
26 48
98 100
46 50
35 41
53 68
30 39
76 85
67 74
40 54
6 20
93 95
83 88
23 47
15 31
20 51
41 51
42 58
3 22
14 22
15 33
63 74
45 55
69 84
89 93
38 45
60 76
7 16
75 77
37 46
82 87
49 57
28 31
18 25
87 98
23 31
35 42
4 11
66 73
31 36
64 69
71 75
42 49
71 78
51 68
16 18
28 35
35 45
77 84
43 50
10 14
66 80
60 63
55 77
83 91
84 87
10 14
51 66
16 23
55 64
35 42
34 41
75 86
47 58
11 19
58 73
27 47
5 12
14 32
56 62
4 20
27 43
84 88
32 42
4 9
68 86
80 97
80 90
70 75
65 74
12 19
23 27
80 96
43 47
4 13
82 84
74 87
97 100
54 65
84 93
58 76
53 63
9 17
72 81
85 93
91 95
80 95
3 8
80 95
46 51
47 67
37 57
38 67
30 34
33 36
38 50
24 33
21 32
86 95
76 82
17 24
44 70
57 75
51 56
65 80
47 64
64 80
57 68
40 64
3 12
76 84
44 53
34 46
36 48
20 52
55 76
44 89
20 27
65 87
27 34
57 70
58 70
13 22
14 28
57 79
68 78
12 22
73 83
67 77
20 25
24 30
7 16
4 14
10 19
31 45
83 96
85 98
90 98
59 65
88 96
49 60
42 56
60 71
10 22
70 79
30 43
58 75
47 54
61 100
3 8
77 93
18 33
14 17
25 48
84 92
2 13
60 69
13 24
53 59
24 31
94 99
34 51
35 49
61 66
31 43
51 64
83 99
5 13
13 25
34 46
62 70
41 55
79 91
39 40
77 82
86 99
87 98
4 11
71 88
66 89
68 77
15 27
52 64
14 29
23 39
44 56
68 78
15 25
45 61
28 42
26 35
24 31
43 53
11 21
1 12
73 93
39 55
13 17
84 87
10 21
31 39
39 48
23 38
85 92
68 71
59 63
35 80
40 47
33 39
35 38
70 75
67 77
33 35
73 75
35 39
54 62
21 32
7 13
42 48
74 84
47 55
28 56
75 86
29 48
39 45
4 22
26 34
84 99
53 69
41 52
16 20
33 51
31 46
62 98
80 92
35 52
84 96
84 98
18 30
65 78
38 42
51 54
79 83
51 60
6 18
13 21
14 66
80 90
29 41
15 20
59 68
96 100
75 76
51 54
4 17
8 9
24 33
25 38
3 12
85 93
27 30
4 7
49 59
44 53
55 68
70 83
80 93
12 16
27 33
18 23
48 63
64 68
40 48
61 67
10 12
45 71
68 89
7 31
93 99
74 81
11 17
30 36
6 13
39 45
1 5
23 29
47 61
85 89
8 16
20 25
45 50
6 11
9 13
42 55
72 80
63 74
32 41
18 23
94 98
70 76
80 93
51 59
56 71
58 75
1 26
19 26
70 79
79 95
86 93
53 61
41 49
14 28
48 63
62 67
37 47
30 39
39 47
54 80
64 75
11 23
85 95
19 25
17 21
53 69
37 52
31 56
43 56
82 92
26 46
71 78
12 21
23 56
46 65
9 15
38 44
52 55
65 78
51 66
1 8
51 64
14 28
95 97
58 69
13 20
35 44
27 48
93 97
59 63
38 45
29 37
1 13
35 38
1 3
83 92
47 66
74 80
26 51
25 37
44 52
68 72
55 59
93 96
35 42
57 64
88 92
54 58
51 59
6 17
33 68
58 64
77 81
74 78
32 52
50 61
78 84
62 65
3 32
75 79
85 89
11 17
78 81
60 70
40 43
45 52
9 14
80 86
90 98
37 51
33 43
5 21
61 64
24 37
28 30
96 100
10 20
60 65
29 43
43 66
35 42
51 55
14 30
5 40
78 97
76 81
35 53
21 46
44 61
32 41
71 77
7 22
40 55
60 66
92 98
8 17
51 59
40 45
74 88
64 76
43 49
51 66
60 72
81 98
17 20
37 57
64 76
82 98
35 40
3 10
6 17
14 19
12 14
4 13
66 73
40 47
29 41
83 89
26 32
34 43
28 30
25 38
28 42
58 77
59 62
49 70
77 88
88 91
3 22
14 41
23 57
11 16
19 25
1 8
20 39
35 43
74 81
40 45
29 36
91 100
51 56
58 62
1 8
9 18
28 50
68 70
90 99
52 57
89 99
50 53
1 8
13 17
26 38
16 24
11 18
41 49
10 14
45 59
23 32
27 37
12 13
78 94
86 94
44 48
38 43
24 38
23 29
70 78
19 34
94 100
35 41
86 91
12 32
36 40
56 62
49 60
41 46
57 64
47 50
92 98
63 67
9 28
31 38
10 14
49 56
27 31
44 57
69 74
87 99
9 14
44 53
20 54
67 74
62 72
34 68
83 92
64 72
2 22
87 92
66 71
4 11
54 59
60 72
53 64
93 99
69 83
38 45
93 98
90 97
8 20
47 51
68 72
28 35
16 21
56 66
67 82
61 70
39 56
59 62
41 47
11 16
18 32
96 100
47 66
14 24
58 76
11 17
86 95
84 92
23 44
53 65
21 27
3 12
34 42
41 48
4 19
64 80
86 99
26 36
68 89
3 9
39 47
69 76
5 34
38 43
16 23
24 33
41 72
35 45
77 88
19 29
26 44
33 41
82 84
47 64
9 29
74 82
43 50
88 94
29 40
57 68
56 60
74 88
12 18
65 74
57 64
50 67
56 60
26 58
59 61
59 66
81 87
41 51
65 66
13 26
12 18
66 72
50 71
27 30
6 17
30 44
82 85
23 62
15 21
23 40
57 66
83 94
71 81
67 76
3 10
80 89
31 39
54 66
5 11
4 9
28 34
52 60
46 74
40 49
89 99
44 53
63 86
23 38
64 69
24 34
66 85
57 79
48 56
60 67
3 10
54 65
90 95
54 67
55 81
1 20
37 43
64 67
6 14
50 56
37 49
8 14
38 53
8 22
84 93
1 21
72 81
74 90
32 40
3 9
80 93
6 9
32 36
84 89
64 74
74 95
23 25
26 60
27 33
9 23
51 56
17 32
3 7
9 29
84 89
25 31
47 70
13 27
69 85
5 21
20 28
37 43
34 44
62 88
14 26
27 39
58 64
12 27
71 88
96 97
56 70
41 57
52 59
2 6
37 49
33 40
29 34
3 5
46 72
4 16
83 90
80 84
75 91
31 39
93 97
33 45
55 65
88 92
69 77
23 26
69 77
41 52
27 38
48 73
89 99
45 58
36 43
17 19
23 29
85 97
12 17
25 36
65 77
59 70
48 64
23 33
55 66
81 92
61 63
85 94
7 12
35 83
46 54
67 75
14 18
59 62
56 65
50 57
82 99
20 26
61 67
74 79
85 93
35 45
85 93
24 42
58 61
40 46
76 84
46 61
83 89
72 78
30 32
14 23
66 76
74 87
58 62
25 39
40 51
41 45
82 92
56 75
79 91
64 75
57 63
58 67
48 52
27 34
43 49
18 30
36 45
89 92
45 59
36 45
68 80
39 62
13 24
32 40
44 57
28 37
11 15
60 87
1 17
17 35
54 71
59 64
17 23
15 44
72 77
59 70
52 65
5 9
53 59
15 22
87 94
24 30
31 49
40 48
50 63
85 91
71 95
93 99
60 66
72 94
34 48
65 86
65 81
18 38
91 96
30 39
46 59
79 99
38 50
63 75
72 83
68 71
93 100
52 69
83 92
69 78
73 81
32 67
17 28
86 89
3 12
36 37
77 87
28 31
82 85
17 28
40 56
68 74
13 19
8 17
41 46
85 99
53 61
21 31
57 68
83 88
22 28
65 83
81 87
45 53
38 52
50 61
3 23
12 20
70 72
12 17
11 20
37 56
41 45
80 87
71 80
13 43
78 85
13 22
12 22
27 42
5 12
87 95
72 77
71 76
18 33
77 85
75 81
85 91
47 53
52 79
23 29
60 67
30 36
14 25
37 42
14 20
32 44
81 85
22 31
63 71
19 31
46 57
7 19
1 9
74 79
26 42
1 18
65 82
72 83
91 100
31 37
34 39
62 71
7 12
16 45
12 17
63 72
4 12
42 44
77 96
34 52
75 90
61 67
32 43
11 29
56 58
20 33
27 34
68 74
77 99
73 85
63 66
40 54
85 95
54 65
66 79
3 17
30 39
7 12
84 100
29 42
87 94
40 51
12 19
43 50
67 80
68 73
24 36
41 48
22 48
30 37
16 22
55 61
79 83
22 34
39 46
2 13
36 60
33 42
47 51
30 38
71 77
21 29
25 31
74 79
20 28
19 28
42 75
46 48
13 24
67 74
58 61
45 61
52 65
32 40
18 28
27 44
82 87
30 44
29 39
43 71
29 34
24 30
3 10
19 27
39 64
32 50
21 25
9 15
17 30
4 16
24 48
12 17
46 58
43 57
54 76
13 20
46 51
79 84
42 57
64 71
63 67
48 51
64 68
42 50
45 54
72 96
71 81
71 87
88 100
82 87
42 48
87 96
89 94
30 56
31 39
48 60
18 32
71 75
42 46
11 15
18 21
57 71
40 52
45 54
34 56
39 58
13 19
19 26
1 7
32 40
55 82
32 43
33 44
33 61
84 90
11 34
4 9
61 81
17 73
8 19
53 58
51 59
42 52
8 14
28 56
88 91
65 81
51 75
67 90
62 67
71 77
39 45
2 22
21 32
34 50
69 74
40 48
50 58
55 64
69 90
18 69
67 76
54 64
74 83
83 89
47 59
44 50
19 38
48 66
37 46
76 90
13 20
82 92
51 59
39 44
27 36
22 35
25 32
15 22
75 81
20 23
74 81
1 7
49 73
55 81
84 90
66 85
41 49
28 31
38 42
49 70
49 54
93 96
73 82
4 10
71 79
49 62
12 23
36 39
75 77
58 68
52 55
59 63
79 95
69 76
51 60
31 38
67 81
70 79
31 39
2 13
7 37
27 34
10 21
25 36
22 31
10 23
62 73
67 76
33 40
3 19
70 86
89 98
67 71
11 21
50 58
12 27
9 14
88 93
44 50
69 85
14 18
2 9
28 39
62 72
62 71
17 25
81 89
46 51
65 91
73 82
81 91
87 90
29 33
10 21
29 34
49 52
18 38
17 20
39 53
59 81
82 88
80 93
76 83
9 52
13 16
64 70
72 76
18 26
14 45
54 65
27 37
47 54
31 36
43 57
81 96
14 28
51 66
29 58
75 79
20 34
42 46
75 85
76 85
70 83
51 57
81 95
46 49
4 40
35 37
71 73
36 41
65 83
41 68
83 90
77 85
63 75
43 52
80 84
27 37
71 77
71 75
87 97
36 44
39 52
26 30
22 28
91 99
45 58
76 81
76 79
70 76
15 27
35 44
7 12
37 50
64 88
27 38
32 52
82 88
18 30
14 19
56 62
45 61
31 42
37 42
25 38
72 92
65 84
39 56
30 43
82 95
80 86
70 87
86 93
10 15
46 54
28 34
92 97
59 91
50 54
21 27
12 18
33 45
60 72
51 52
14 25
82 85
11 32
27 40
61 67
49 65
61 64
27 38
16 20
70 82
26 32
64 75
78 81
14 27
4 12
26 52
33 41
39 56
97 100
12 15
38 64
51 55
33 39
8 29
21 30
50 53
36 39
26 52
53 68
28 32
69 76
77 82
86 95
59 68
7 33
14 33
2 7
85 89
67 69
31 34
85 88
65 74
73 89
74 80
2 15
13 18
53 68
13 58
26 39
80 83
26 39
70 74
84 93
13 23
35 47
50 77
42 46
87 96
60 74
9 23
45 64
82 100
34 46
83 90
57 59
47 58
59 67
84 96
31 38
41 45
34 45
9 13
24 65
3 7
53 80
28 41
14 19
44 70
59 68
60 63
20 34
4 12
20 35
59 83
89 99
59 74
65 72
58 67
50 53
71 82
76 84
56 59
68 96
13 17
5 12
38 58
83 94
45 53
47 59
53 57
31 36
52 56
19 23
56 66
35 52
64 74
8 16
40 54
76 84
14 20
36 49
53 69
48 51
46 58
71 75
66 91
8 15
78 90
43 55
76 82
18 23
39 49
79 83
90 94
5 10
85 93
88 93
60 73
98 100
42 43
76 80
55 61
68 77
48 57
39 57
38 41
86 92
57 60
43 67
24 29
27 33
8 15
12 26
41 49
85 88
76 85
69 83
76 89
62 76
55 60
73 78
17 40
9 28
40 72
6 20
9 20
2 14
91 97
8 18
35 49
42 49
54 70
38 56
39 46
33 41
12 16
70 80
11 29
72 78
29 38
19 29
96 99
33 56
82 97
48 64
24 42
18 30
11 19
86 98
30 47
86 93
84 92
87 91
60 71
28 75
39 51
23 30
5 15
12 23
64 70
4 32
66 82
73 78
80 88
13 17
77 83
71 86
37 48
64 85
63 75
71 88
63 98
10 24
3 23
81 90
44 50
44 53
44 53
6 25
54 73
77 100
38 69
80 92
56 70
4 9
20 43
69 97
54 72
91 99
41 50
18 25
54 66
54 65
14 29
96 99
68 83
6 14
39 43
53 68
53 64
50 54
34 45
92 97
16 29
41 45
7 23
14 23
38 48
69 82
7 15
46 52
35 48
85 95
54 55
24 42
92 98
15 20
10 20
43 49
60 99
68 81
88 95
40 47
41 51
40 53
70 81
21 22
71 86
19 25
89 100
11 16
89 92
64 75
36 47
33 37
85 94
22 29
55 75
17 20
73 90
42 57
57 68
29 37
85 88
29 39
2 13
39 50
65 87
68 73
54 60
92 94
34 45
38 58
74 79
57 65
42 45
27 40
51 62
5 15
24 37
17 21
25 37
82 86
23 28
85 97
7 16
47 57
16 21
31 36
56 65
95 98
71 76
83 97
70 72
49 60
9 20
52 70
40 45
12 16
75 83
63 65
40 47
43 64
24 62
61 71
30 34
13 17
29 68
36 46
85 92
29 47
18 23
33 42
85 100
72 78
44 49
29 51
28 42
48 61
6 12
15 32
9 21
34 38
60 85
68 83
41 48
31 43
51 63
75 83
43 55
59 81
35 38
5 14
7 13
5 8
13 35
81 92
60 75
16 19
80 91
33 40
57 74
87 97
62 67
72 77
39 54
24 43
32 45
3 23
73 83
65 71
59 64
60 63
35 52
20 27
69 72
10 14
53 91
68 77
25 40
75 86
16 24
34 45
71 79
92 100
81 91
2 6
28 39
21 26
60 69
55 65
61 71
58 87
23 34
86 96
16 22
19 36
25 28
71 91
73 82
5 19
58 65
2 14
33 44
70 76
5 29
34 72
17 25
30 37
64 72
16 19
69 76
5 30
78 95
5 14
5 23
22 30
74 83
52 71
47 57
64 69
27 37
3 9
73 89
9 31
3 12
8 13
53 57
46 62
70 81
1 9
31 41
96 97
42 48
80 89
44 60
35 45
68 78
34 42
14 18
14 18
54 59
12 16
54 64
83 92
44 46
73 85
60 67
35 45
36 56
1 16
45 69
87 94
18 25
26 37
94 100
58 67
13 17
11 30
47 68
76 91
5 18
64 79
29 46
15 24
30 36
54 80
1 15
78 94
28 34
16 32
2 16
10 13
82 94
78 96
20 22
81 98
29 37
62 76
60 67
90 94
32 39
89 99
5 20
40 49
48 61
50 63
45 51
1 7
77 88
7 16
70 72
78 99
11 19
33 37
55 57
21 30
36 45
3 12
47 56
3 7
26 30
20 35
56 69
1 7
54 66
54 58
1 7
1 14
38 52
66 84
16 70
33 38
82 94
56 70
16 22
74 86
60 66
11 16
30 32
45 47
53 58
89 94
6 12
21 30
38 53
30 42
13 37
60 77
30 37
20 23
58 83
68 73
44 50
45 46
23 35
89 98
25 30
57 73
56 83
26 46
15 26
12 36
26 44
27 33
70 80
88 97
89 97
89 94
37 42
37 52
19 38
77 88
88 93
60 76
6 11
76 88
42 53
24 30
50 64
12 15
62 66
5 34
17 40
34 48
32 35
1 4
33 41
62 69
95 99
54 64
17 27
63 99
31 46
13 31
36 55
22 34
8 26
27 35
45 53
44 51
25 34
79 82
86 93
68 85
46 47
55 92
10 21
47 53
13 18
47 52
36 42
86 94
36 51
20 30
3 12
2 12
74 79
67 75
59 78
85 96
57 62
77 88
87 93
3 19
80 82
77 88
33 64
35 47
36 42
45 57
62 69
10 29
13 34
21 34
71 82
24 49
10 23
43 49
14 19
7 10
32 36
12 24
87 94
63 77
47 53
4 15
73 78
94 99
29 35
54 63
71 81
44 53
47 67
61 71
63 65
4 11
28 41
36 45
4 7
71 73
66 87
8 28
73 78
10 25
46 61
31 42
76 86
2 25
62 71
73 89
68 79
70 87
12 22
60 69
47 53
31 49
70 84
36 43
34 45
80 86
42 53
17 34
8 19
54 64
44 68
77 97
56 75
51 61
94 99
24 42
54 58
47 53
82 92
25 35
45 51
25 40
89 98
59 76
84 100
56 64
42 47
4 13
87 92
34 41
6 14
80 99
56 60
59 63
24 29
48 61
30 56
26 40
73 80
85 89
44 66
46 52
53 71
22 35
74 93
45 53
25 41
73 80
3 22
90 100
95 100
56 60
38 51
36 52
31 54
45 60
46 51
84 87
79 91
89 100
34 39
57 62
12 34
26 57
81 94
74 81
10 22
45 52
32 39
19 24
60 81
94 98
66 76
80 99
56 83
18 34
22 28
49 61
78 89
25 29
82 91
69 77
34 40
14 21
55 65
28 86
25 32
15 31
43 54
49 59
27 38
2 20
54 77
49 77
49 62
12 35
36 40
48 59
80 91
58 67
58 61
3 22
23 26
4 6
10 26
33 40
51 58
51 56
62 71
65 72
5 14
20 24
92 99
79 100
23 29
73 76
52 65
75 94
44 51
55 62
84 94
72 77
14 21
74 83
13 20
43 56
53 66
27 36
13 17
59 97
56 61
69 80
37 46
9 15
3 33
50 68
65 74
26 65
55 60
77 82
86 88
86 96
1 7
35 43
39 44
62 76
94 100
85 97
32 41
63 74
64 69
76 85
10 31
88 97
9 12
27 33
7 54
50 53
14 20
15 32
96 99
30 48
16 28
51 53
27 68
11 20
79 96
22 30
85 90
74 91
42 48
49 56
55 63
10 21
37 46
38 60
68 78
81 85
61 70
76 88
82 92
14 18
21 24
15 28
57 69
36 63
18 35
75 83
11 15
51 63
26 37
60 67
96 99
34 39
63 83
52 55
73 75
63 91
7 28
9 20
40 56
24 83
32 48
38 43
13 39
9 29
2 30
52 58
80 83
52 67
33 34
23 43
87 91
67 81
19 27
80 98
37 48
66 73
51 58
23 31
90 97
48 50
57 59
94 97
29 82
25 33
41 55
36 43
11 46
59 83
35 41
13 41
51 59
23 50
36 73
61 83
78 86
73 88
19 40
73 91
2 20
69 79
51 56
34 43
21 23
19 23
78 89
30 42
88 99
52 70
80 85
30 63
90 97
59 64
56 71
69 78
29 45
74 91
15 23
26 36
37 46
61 63
16 43
78 91
53 58
88 99
49 53
43 55
58 71
9 21
3 24
72 88
29 34
67 70
42 67
50 57
18 36
17 23
32 42
50 60
53 62
76 87
85 93
14 27
16 29
19 30
59 64
56 65
23 31
30 41
19 29
4 24
58 67
13 30
43 55
64 72
5 11
83 92
17 24
17 45
71 85
32 39
42 57
1 16
41 49
40 51
53 64
80 94
31 41
39 49
8 21
63 65
48 80
22 28
17 28
31 46
34 43
71 73
70 89
65 72
51 64
67 79
61 70
51 53
33 38
13 20
18 31
86 90
55 62
24 28
6 9
1 4
39 69
42 76
13 26
23 39
15 19
59 66
41 74
72 76
39 46
6 20
53 55
31 36
50 57
87 99
4 11
65 72
48 51
87 98
48 52
30 41
35 52
19 32
69 91
82 90
16 30
56 76
31 38
39 51
55 60
56 60
21 29
69 83
18 38
39 47
72 88
74 82
68 75
30 43
42 48
55 62
9 27
65 93
18 25
66 82
73 80
90 94
23 36
39 65
32 42
12 18
72 80
2 13
79 87
29 62
55 58
29 34
29 35
57 61
25 37
74 79
35 53
64 75
56 91
9 24
37 45
8 16
23 28
76 92
95 98
58 61
16 19
26 48
77 97
71 75
14 34
68 75
37 46
18 27
14 19
15 20
89 96
46 57
5 27
31 36
44 77
69 80
64 70
22 27
10 20
68 87
43 53
31 36
45 49
31 40
56 76
26 32
44 54
30 65
35 51
43 52
69 73
20 29
10 13
36 50
31 51
64 74
4 8
10 14
61 72
86 90
25 31
77 88
24 27
53 58
17 36
55 60
93 95
84 94
40 43
16 26
6 10
37 49
25 38
49 59
56 63
11 21
77 80
87 100
31 33
48 68
50 57
9 20
66 69
2 18
25 39
30 61
83 92
23 39
43 48
86 98
73 84
33 37
15 29
82 91
66 73
74 81
24 36
84 97
67 82
5 12
32 48
17 29
92 95
69 89
92 98
18 34
60 74
12 22
59 79
69 77
11 33
42 62
56 68
67 82
12 16
51 78
75 91
22 26
35 43
31 40
49 55
54 71
65 79
47 52
9 43
54 61
42 50
15 20
60 69
33 40
84 91
50 62
33 46
16 36
14 18
62 67
81 90
45 51
41 51
8 16
37 54
63 65
32 37
7 36
30 43
39 51
10 13
23 35
43 48
68 83
19 25
17 22
78 83
54 57
29 41
66 78
26 32
9 14
5 15
24 89
72 82
1 24
4 9
89 97
47 54
25 31
1 14
63 69
72 90
45 54
73 75
57 69
15 43
79 84
61 69
60 63
16 19
55 71
81 94
28 35
14 33
76 89
85 98
83 93
64 73
83 88
75 90
34 39
26 32
20 32
42 47
55 70
43 49
6 15
48 64
13 29
28 34
92 97
13 15
27 40
3 23
48 65
63 76
31 47
50 53
20 28
70 76
2 16
61 69
5 19
50 56
59 71
94 96
8 19
74 83
55 67
23 35
2 13
54 59
50 64
48 54
50 55
65 75
45 57
88 99
44 48
61 85
18 23
18 26
47 55
95 99
26 31
33 38
96 100
43 45
58 59
2 14
73 84
18 23
73 79
29 41
49 55
56 63
22 29
79 96
80 90
6 8
6 23
75 86
56 68
57 67
13 24
6 36
