100 20 20 4
00000000000000000000
00000000000000000000
00000000000000000000
00000000000000000000
00000000000000000000
00000000000000000000
00000000000000000000
11111111111100001111
00000000000000000000
00000000000100000000
00000000000000000000
00000000000000000000
00000001111000000000
00000000000001100000
11110000000000000000
00000000000000000000
00000000000000000000
00000000000000000000
00000000000000000000
0000000010000100000
0000000010000100000
0000000010000100000
0000000010000100000
0000100000000000000
0000100000000000000
0000100000000000000
0000100000000000000
0000000000010000000
0000000000010000000
0000000000100000000
0000000000100000000
0000000000100000000
0000000000000000000
0000000000001000000
0000000000001000000
0000000000001000000
0000000000001000000
0000000000001000000
0000000000001000000
6573
64 70
68 79
13 29
24 41
10 15
92 100
6 11
84 91
55 61
44 49
19 42
49 71
25 38
76 97
16 47
71 79
35 42
34 48
19 30
20 30
51 70
67 77
4 22
66 75
27 38
56 79
15 40
80 88
2 13
30 36
30 37
34 39
55 66
46 55
18 39
3 22
12 18
9 18
22 42
31 70
67 83
9 15
44 58
28 41
41 47
46 72
33 44
31 41
86 95
6 14
77 99
30 47
22 45
94 100
13 25
39 52
35 48
18 35
11 16
53 57
87 90
57 90
67 93
24 29
5 27
59 70
73 87
2 14
7 26
28 34
55 73
76 88
90 99
53 62
19 29
56 78
50 52
72 82
44 53
79 86
8 31
61 74
35 39
61 69
10 17
7 28
6 12
45 60
10 17
72 84
21 29
23 26
53 62
81 96
50 66
76 83
24 29
64 68
28 35
17 22
2 10
69 81
9 23
79 90
28 59
71 93
50 61
13 19
22 35
16 28
79 84
67 87
70 100
73 84
21 24
41 46
57 63
80 89
47 60
59 64
92 94
73 81
62 75
43 48
61 76
57 66
18 28
57 63
34 49
1 3
59 67
37 44
25 34
61 100
37 45
47 61
71 84
1 27
22 46
61 71
14 19
31 41
16 26
68 83
85 92
27 40
32 42
81 90
80 86
59 80
44 65
30 32
12 20
70 93
31 41
33 36
53 62
20 24
17 46
25 28
36 44
7 9
33 44
30 40
5 23
33 40
33 47
64 81
33 41
35 57
34 43
55 59
59 77
14 24
78 82
16 30
64 70
8 18
12 32
83 92
77 86
47 52
74 81
63 69
13 15
34 39
1 9
28 36
73 83
26 37
53 62
17 22
81 87
44 51
4 19
34 37
24 35
86 98
34 41
29 40
49 60
86 91
67 86
71 78
88 96
79 89
46 50
79 86
84 87
22 28
4 7
83 91
31 44
87 95
39 61
15 42
69 74
34 38
67 71
82 88
69 77
84 98
29 30
13 22
87 90
1 7
82 85
27 32
67 75
73 82
92 97
3 11
87 92
67 72
32 42
60 75
22 35
1 11
33 47
15 45
53 61
46 59
82 96
27 33
56 66
16 30
20 24
1 16
60 71
88 92
13 18
68 91
57 63
10 16
75 85
35 57
50 62
67 73
37 70
60 73
54 63
91 92
31 40
81 89
51 61
22 43
14 31
26 35
67 74
68 73
2 19
23 29
34 35
63 66
16 21
73 81
68 76
22 32
38 43
74 84
2 12
64 70
19 25
11 14
40 50
36 57
52 91
89 92
60 70
9 13
55 81
39 46
37 45
78 89
63 69
72 87
19 32
66 84
1 15
11 24
18 23
30 37
10 17
81 97
81 92
31 37
45 54
66 73
56 67
51 59
7 10
18 30
6 11
12 21
87 94
59 73
48 62
72 74
57 60
19 32
15 22
16 23
7 42
51 58
92 100
54 61
57 90
70 79
53 57
78 86
12 19
21 44
88 99
64 77
4 12
46 54
25 40
7 13
34 49
60 65
81 88
22 31
88 95
65 75
62 72
48 62
77 87
27 33
18 21
6 17
12 22
38 48
41 49
77 84
87 90
70 81
40 61
45 55
37 62
46 48
84 92
51 62
10 15
48 54
23 27
93 98
6 22
33 37
87 89
72 86
19 29
40 47
20 23
44 61
1 8
6 24
90 98
32 35
39 57
61 87
92 96
90 91
52 59
72 86
27 53
4 7
78 87
5 14
44 53
9 18
1 7
83 93
24 40
42 58
52 62
75 78
32 51
22 35
83 93
86 90
8 14
94 96
42 45
19 38
54 59
56 63
18 30
42 51
51 60
59 68
35 37
37 43
36 44
10 22
46 50
68 73
24 25
65 70
3 15
55 71
36 40
63 71
64 74
74 81
86 97
31 44
1 7
5 10
84 88
4 14
22 35
60 74
43 50
10 22
55 62
57 67
57 77
3 6
37 56
9 15
79 91
79 83
70 72
64 84
12 20
10 23
17 28
19 27
55 62
1 25
18 23
25 31
45 50
13 19
36 43
44 51
85 99
19 26
33 43
21 33
64 87
13 18
28 50
62 70
50 53
36 40
21 30
59 71
4 8
50 58
6 13
59 73
3 11
72 76
44 74
24 29
5 14
91 94
19 74
8 17
39 54
77 89
4 7
59 81
11 14
54 57
24 31
45 56
36 40
86 98
85 90
6 18
19 29
20 59
58 66
59 64
65 71
94 96
28 32
55 74
56 73
65 86
56 80
79 87
86 91
48 57
97 100
38 50
65 69
45 53
85 89
30 37
50 55
54 84
13 18
44 59
42 47
69 80
26 28
69 83
49 55
60 69
61 77
40 48
34 44
4 18
70 79
51 59
40 53
74 81
32 53
45 53
55 60
14 27
2 5
24 27
76 83
64 87
8 17
83 94
36 46
12 20
19 26
39 43
63 68
34 45
76 86
48 60
86 91
84 93
5 32
42 44
26 32
91 96
80 88
45 80
49 64
74 90
61 69
66 72
13 20
64 83
53 94
72 82
41 54
22 34
26 36
49 53
66 73
22 31
19 33
14 21
9 14
56 61
42 65
61 70
21 57
85 93
47 58
9 11
43 56
44 63
22 29
7 30
17 22
2 13
73 78
23 45
81 85
55 61
31 36
97 98
15 25
13 17
10 33
81 87
29 35
8 20
14 19
16 41
43 49
5 16
68 73
13 28
47 55
32 40
4 7
96 100
85 90
79 85
47 54
57 75
86 96
35 44
72 88
11 17
74 80
87 92
54 76
20 33
79 87
17 35
25 39
69 79
90 92
25 32
87 93
90 100
1 13
89 100
46 58
86 94
3 13
6 14
88 95
75 87
69 83
9 18
85 92
34 42
26 34
10 20
47 74
40 52
7 39
13 18
88 96
64 91
44 48
58 62
46 53
53 56
89 93
27 43
14 27
67 71
60 73
14 23
71 92
73 78
60 86
84 96
74 85
48 66
12 19
87 93
46 72
57 67
51 58
53 77
10 14
1 5
91 95
46 49
14 20
68 72
51 58
73 78
23 29
76 79
11 21
48 51
34 40
28 34
55 64
22 33
20 30
53 68
9 24
88 96
15 26
65 71
53 65
11 26
87 97
29 45
17 24
91 98
77 97
86 95
28 29
77 91
91 98
59 69
60 66
71 87
94 99
52 62
43 62
9 16
89 92
29 49
22 37
39 53
82 88
44 64
32 40
71 78
14 25
29 31
15 26
82 94
50 56
8 17
61 79
48 71
8 18
56 63
27 43
21 34
17 27
49 63
87 92
85 91
2 12
61 64
1 11
12 25
45 58
22 33
35 61
90 96
11 13
8 16
24 28
28 37
61 67
50 58
20 24
26 36
83 93
89 95
40 45
5 12
36 41
58 75
76 86
33 46
66 79
79 84
60 64
19 39
2 13
42 44
74 79
50 53
14 16
45 54
32 38
83 90
70 79
38 39
27 33
39 60
84 91
88 97
84 97
1 13
29 41
66 77
8 16
65 80
13 18
76 82
45 47
32 75
69 83
70 82
35 42
63 71
32 48
71 80
10 14
38 50
97 100
41 44
90 92
64 79
2 4
91 96
71 76
51 68
59 76
62 65
96 100
72 88
52 59
44 51
11 15
11 44
50 68
87 92
39 42
81 90
49 56
42 67
47 53
47 58
55 60
33 52
4 9
75 81
32 35
25 40
23 33
27 33
55 68
6 16
37 54
88 98
71 80
56 63
67 72
66 83
38 50
83 99
64 86
23 45
10 23
28 45
69 86
76 94
32 41
30 39
8 29
84 100
1 12
25 30
22 27
28 35
70 74
59 62
74 77
37 44
71 86
68 85
20 29
39 43
78 94
64 74
26 31
60 69
66 77
4 14
51 64
63 72
51 58
95 99
45 86
51 85
6 13
41 48
37 47
28 41
26 51
73 78
27 43
12 19
85 96
31 35
73 84
31 35
50 64
92 95
40 48
45 49
31 48
45 51
45 54
81 87
71 76
4 11
23 25
29 43
18 25
16 23
12 23
9 14
24 30
15 42
79 88
74 80
45 57
64 74
56 73
42 54
68 73
58 90
32 35
33 42
32 35
47 56
52 59
39 45
12 45
75 81
50 61
2 10
87 94
8 14
77 83
52 64
21 24
10 20
2 10
53 56
69 84
8 10
50 62
49 70
33 42
32 36
84 90
7 19
87 92
57 63
64 83
15 20
70 80
18 57
65 74
4 8
49 60
6 19
14 23
18 25
57 66
39 43
20 28
69 87
72 98
7 11
90 93
33 44
23 41
76 90
12 38
59 64
75 82
58 69
91 97
16 25
82 90
53 55
36 46
21 37
41 56
28 51
88 94
84 91
59 66
31 39
69 74
10 24
87 100
14 22
96 99
60 65
40 61
84 91
51 64
48 64
53 64
29 39
11 18
46 52
25 79
80 89
31 37
79 93
62 67
52 59
75 84
69 80
95 100
56 66
32 40
86 96
49 56
70 77
41 59
62 75
50 64
54 61
85 92
56 57
92 93
6 22
21 30
90 99
69 75
82 88
73 77
78 85
3 14
19 24
43 54
7 21
25 36
45 54
49 56
22 31
26 35
48 58
4 44
77 86
28 38
15 49
39 42
68 75
35 51
79 99
2 12
77 86
5 10
31 50
28 39
65 73
23 30
6 19
53 64
71 77
32 45
54 66
15 19
2 4
95 98
55 61
52 58
78 87
34 44
76 99
3 7
32 51
72 79
55 63
70 74
82 86
61 68
83 93
48 55
31 74
59 79
52 70
72 95
49 62
10 62
19 21
36 61
50 60
81 100
78 83
46 50
91 95
36 48
66 76
34 48
58 73
23 34
50 56
37 62
74 92
4 11
36 43
42 57
20 41
58 70
23 45
26 32
43 58
12 16
18 23
39 45
73 89
31 43
45 48
33 46
61 79
26 58
60 64
44 68
70 76
71 81
41 45
85 98
47 49
33 42
40 43
60 80
7 14
6 10
50 59
5 21
49 55
35 43
33 48
5 18
53 81
13 22
15 28
10 19
70 84
17 26
18 27
15 30
79 90
65 74
49 64
54 64
23 26
77 81
64 74
57 64
69 81
4 8
2 10
64 83
43 60
36 47
5 21
28 31
14 18
76 85
69 72
1 15
76 99
19 25
81 87
90 97
46 56
89 92
28 37
49 52
4 19
70 84
23 26
32 42
19 28
72 83
48 69
6 12
20 22
12 17
71 75
36 42
70 76
29 37
47 65
83 88
48 55
7 18
86 98
23 30
43 46
21 23
41 65
73 97
27 41
48 67
69 77
9 20
89 91
36 46
50 52
3 14
78 95
7 14
38 55
37 49
70 93
67 72
67 71
82 89
7 28
26 81
59 69
35 39
58 74
11 16
53 58
17 24
49 63
15 19
48 76
39 46
33 68
46 54
7 16
62 80
6 17
28 35
52 63
34 40
20 25
70 75
33 48
26 46
31 34
85 94
39 48
66 72
26 30
57 65
45 52
54 65
24 27
84 100
81 88
89 94
63 73
13 17
58 63
72 74
52 81
30 42
64 75
18 36
37 43
57 60
75 93
7 25
93 99
54 66
64 70
14 21
25 27
5 17
2 6
15 24
1 8
12 31
54 66
69 77
11 34
47 52
25 37
5 32
13 21
2 12
45 50
71 81
58 72
90 98
57 67
91 97
33 39
24 36
71 89
10 16
59 69
22 40
1 9
19 42
29 40
9 22
35 47
63 74
52 63
26 29
37 47
51 59
75 84
24 31
32 58
51 53
51 81
82 92
77 87
47 53
20 53
11 16
16 29
74 85
53 61
53 69
14 23
32 40
62 74
47 53
21 37
84 92
81 89
31 37
92 100
21 37
35 42
11 18
16 25
7 22
94 97
20 23
1 24
49 66
36 47
18 25
33 36
66 91
2 10
29 38
7 12
24 45
70 81
50 63
61 70
26 44
56 88
32 42
5 13
67 70
77 82
27 46
21 61
64 76
66 71
42 52
76 81
40 46
57 74
80 97
47 52
26 29
56 81
86 94
42 46
88 91
34 44
12 19
3 24
44 52
34 57
19 28
26 33
83 88
17 19
40 45
34 38
39 47
35 44
88 92
39 52
49 53
43 69
80 99
27 48
21 29
2 12
32 50
53 57
61 63
71 77
80 97
41 57
86 92
37 53
49 72
37 42
26 31
18 45
30 41
84 88
68 83
2 8
81 86
92 98
42 54
33 75
10 22
34 46
58 65
15 22
47 53
78 87
72 86
84 96
57 64
32 63
39 60
52 68
14 30
66 77
9 17
17 30
44 49
64 68
51 56
22 47
59 64
53 60
51 63
90 95
23 45
71 79
52 54
65 73
48 56
26 48
35 43
12 17
54 68
77 80
62 66
55 69
30 33
38 57
73 83
5 16
14 26
80 90
41 50
17 30
53 59
1 14
46 66
45 53
37 53
19 24
69 78
48 56
28 34
70 97
54 62
88 91
68 73
77 89
21 24
36 45
33 75
49 53
45 56
66 72
87 98
19 32
44 47
72 74
67 86
28 57
33 55
35 44
2 13
51 57
48 58
43 47
78 81
51 65
10 16
36 49
68 75
79 93
73 85
16 22
84 92
61 66
48 51
63 66
8 28
18 26
11 76
71 82
65 84
50 55
83 90
58 78
59 68
71 79
83 90
5 15
53 67
52 57
39 45
87 91
43 50
79 83
74 92
41 57
72 77
50 57
18 33
81 91
58 62
88 91
45 52
30 43
31 41
79 88
38 47
69 92
20 23
6 19
74 96
83 90
48 60
81 90
90 96
19 25
37 44
60 66
30 39
39 42
15 25
30 39
20 24
43 50
31 40
4 10
17 28
50 57
50 52
59 67
16 21
46 66
60 70
81 85
58 69
42 50
82 93
67 75
18 26
62 67
78 92
18 22
29 37
31 41
17 41
33 57
34 38
79 96
34 43
56 63
25 34
5 16
83 93
52 60
7 19
12 29
84 87
75 91
9 17
75 84
11 22
76 78
52 62
88 91
82 87
50 74
51 70
47 67
90 95
77 86
15 29
21 27
55 66
41 45
39 62
45 51
47 50
28 39
62 79
31 36
11 19
32 45
69 85
21 30
21 29
68 77
28 38
68 72
2 7
65 82
62 82
20 25
19 30
30 41
37 50
72 85
5 13
50 75
90 96
45 50
43 51
14 23
32 40
32 38
7 17
18 24
60 74
52 68
60 93
77 86
86 89
62 79
82 85
13 38
35 53
22 27
85 86
97 100
62 70
70 81
48 55
81 89
4 15
17 34
81 95
1 15
92 97
43 86
15 23
27 32
54 64
70 86
53 55
73 83
76 86
37 48
53 66
61 75
69 78
69 75
69 75
3 20
78 84
66 75
69 82
34 46
57 58
32 39
59 72
86 88
71 76
75 95
68 72
85 92
34 40
90 93
48 57
5 18
60 81
10 25
63 82
87 92
78 84
78 86
74 83
9 22
52 57
86 95
66 75
46 70
50 58
25 47
52 58
38 45
76 81
49 65
39 54
61 74
73 86
7 14
48 60
46 61
24 37
11 23
8 16
68 78
5 12
85 89
34 46
32 35
35 40
43 51
59 67
76 90
57 81
31 37
40 51
88 95
20 31
6 13
55 64
40 59
63 67
54 61
78 89
78 97
78 91
9 17
66 83
21 26
7 26
21 30
76 88
19 24
90 93
80 87
66 80
29 46
41 46
78 91
18 31
26 32
72 83
37 41
8 12
74 86
65 72
40 44
17 28
21 25
38 51
86 90
73 77
60 66
31 68
16 40
72 83
27 42
12 23
43 52
57 73
33 47
20 28
12 19
5 16
9 23
9 18
79 83
10 29
5 16
1 20
68 72
29 38
58 68
90 96
60 74
34 39
7 16
14 20
13 25
61 69
67 70
56 59
5 11
95 98
48 53
62 73
66 85
24 37
11 17
22 35
14 23
6 7
20 35
20 36
35 42
78 86
69 73
66 74
19 24
41 45
79 83
21 32
71 78
26 31
22 33
88 92
79 93
64 74
13 17
34 59
68 87
70 83
35 55
33 44
50 60
26 52
89 94
4 17
65 73
43 49
33 45
79 82
72 84
15 27
53 65
28 41
13 40
32 38
84 89
35 53
44 50
32 38
43 48
80 85
46 51
13 24
41 60
79 87
85 88
54 62
90 100
27 33
19 33
59 74
37 43
2 10
33 39
64 76
18 27
5 18
27 42
61 69
68 73
90 93
74 94
27 33
86 99
32 69
33 52
45 54
76 94
6 9
22 49
86 90
6 13
24 27
73 77
43 49
77 81
69 77
52 66
28 34
24 29
7 11
16 33
11 18
3 26
5 44
44 59
43 46
44 45
56 71
53 61
78 86
74 93
4 29
61 84
69 78
60 71
44 47
55 61
22 27
49 54
80 93
49 66
57 66
80 87
14 19
73 83
29 36
36 40
7 12
46 55
21 42
77 100
37 43
37 49
50 99
36 44
2 4
33 40
40 47
85 86
68 79
40 43
91 100
63 67
47 60
29 39
33 42
23 27
69 77
2 17
51 53
44 61
20 26
42 61
12 26
12 22
86 89
14 19
49 53
61 87
40 60
15 21
91 99
29 35
75 78
66 89
37 43
35 41
50 57
12 25
60 86
74 87
88 98
23 39
38 44
31 55
11 19
6 10
50 55
11 15
10 51
9 32
63 78
63 71
14 21
40 48
25 37
57 65
44 51
70 97
55 65
27 48
9 16
19 26
3 15
57 79
18 23
66 72
41 84
44 47
61 75
64 77
66 73
23 33
49 53
56 66
84 90
32 38
58 64
69 76
60 65
33 35
79 86
4 11
25 35
57 62
8 33
43 55
71 92
29 43
2 10
86 91
61 70
34 40
15 19
81 88
46 56
28 31
38 47
3 6
21 23
84 94
80 84
48 80
49 55
62 82
38 61
39 48
22 37
27 34
83 86
67 75
37 45
41 46
26 34
43 51
10 18
30 41
19 25
24 31
17 39
89 97
9 11
36 43
23 31
67 98
60 64
46 68
36 46
19 35
3 15
44 67
86 95
14 23
77 93
61 79
20 25
50 82
9 15
41 45
91 99
2 27
43 59
35 52
51 66
26 29
52 60
1 8
45 66
70 80
91 99
79 83
21 32
73 79
55 68
6 19
35 48
37 48
31 37
29 33
37 47
26 36
14 20
44 52
52 60
62 83
50 57
12 20
36 38
87 96
26 61
67 75
45 83
47 92
26 46
79 82
41 46
80 91
9 20
65 70
37 42
87 93
30 46
34 46
67 83
9 16
81 91
24 30
55 59
78 83
53 60
1 3
7 20
83 96
65 80
55 73
29 38
66 73
12 24
58 65
50 62
39 47
18 28
89 100
57 59
33 35
94 99
40 46
7 16
79 93
4 27
76 81
5 15
9 15
75 98
14 22
10 18
11 17
54 57
37 39
27 37
64 74
18 26
94 99
11 28
54 65
28 44
3 8
38 55
2 13
1 17
10 15
80 84
38 59
27 31
64 75
15 23
69 79
67 76
22 33
5 10
37 48
82 99
80 82
20 30
44 53
51 56
1 16
44 56
86 92
50 58
50 91
10 17
14 31
33 43
84 93
71 80
71 78
13 23
3 18
40 47
88 90
41 55
67 99
36 41
30 36
82 99
84 98
54 66
64 72
23 33
20 35
73 80
18 37
80 89
56 74
58 65
85 99
22 45
67 73
5 19
48 55
94 100
51 56
43 61
73 80
37 43
5 8
93 96
32 52
87 100
7 16
34 44
27 37
51 68
49 54
12 27
28 37
72 88
36 42
77 84
35 44
37 48
57 70
68 92
15 22
71 85
20 40
30 44
78 85
89 100
54 64
34 41
59 65
90 95
70 83
14 16
64 75
16 24
18 28
66 72
30 40
18 19
65 74
17 21
48 61
58 63
21 26
50 55
10 30
26 58
41 54
69 76
74 85
76 96
34 41
25 31
35 45
57 64
18 35
16 27
29 33
19 36
11 17
38 50
15 24
7 17
87 93
14 43
60 68
65 74
51 63
66 73
39 45
63 70
46 49
83 93
38 47
31 52
23 26
51 55
53 62
89 94
31 42
2 8
52 70
13 27
23 32
52 79
90 100
53 55
89 94
77 80
91 95
18 26
35 37
12 17
41 47
87 100
47 59
24 50
15 18
50 59
39 45
10 14
57 93
71 89
63 69
14 25
12 19
31 42
57 63
44 48
61 74
17 26
45 64
5 16
11 16
9 14
24 33
47 55
37 56
41 48
75 80
72 74
85 99
90 96
51 58
68 78
10 17
45 52
6 23
74 79
60 75
55 61
65 76
85 88
78 95
22 31
4 18
9 13
12 24
88 100
6 12
17 22
26 49
22 36
33 34
83 91
40 55
59 66
24 34
93 99
86 93
33 51
31 37
21 47
68 85
13 21
23 29
52 69
74 90
9 19
19 44
32 35
14 32
69 74
53 58
5 15
16 26
8 12
5 19
61 70
53 68
21 27
88 91
84 99
23 31
31 45
50 62
78 83
25 29
3 7
15 22
19 24
66 72
43 52
77 83
13 25
9 19
50 77
51 57
35 42
41 52
34 39
75 84
24 42
79 99
48 59
12 42
33 48
87 96
11 25
83 86
15 24
1 15
48 62
4 8
70 73
83 95
31 35
29 40
24 28
26 35
32 37
50 59
49 59
12 17
67 85
67 76
70 75
61 76
77 94
7 21
41 67
59 72
21 26
42 53
48 52
76 87
18 28
4 27
94 100
4 11
18 19
92 100
85 92
80 88
7 32
12 16
91 96
8 11
10 35
44 48
20 60
14 19
49 65
45 54
28 59
57 87
23 26
77 87
55 65
19 32
36 44
42 55
23 29
50 62
34 73
81 93
31 37
34 51
25 34
79 97
27 34
68 81
1 5
62 87
14 22
76 94
12 22
32 40
83 89
20 37
43 52
87 90
16 24
38 44
4 9
94 99
62 70
63 66
49 68
61 74
24 30
66 72
62 91
29 36
90 100
57 68
67 78
80 90
79 89
39 42
50 66
58 65
3 7
8 20
51 59
43 50
84 100
58 74
28 43
83 99
70 81
56 64
68 86
60 67
45 54
71 92
40 50
84 89
82 91
38 46
84 99
81 89
53 66
78 92
10 25
13 23
93 97
48 54
86 98
21 28
22 23
59 65
49 60
73 78
5 38
81 88
9 38
68 84
65 97
24 42
22 50
66 69
12 20
43 48
84 87
70 86
96 98
52 76
74 79
77 87
70 80
41 45
57 61
69 91
11 21
2 16
24 46
28 44
12 23
5 12
29 48
13 25
44 60
79 93
3 20
44 70
13 24
10 15
27 35
69 73
35 49
45 65
6 10
66 77
33 44
55 62
13 21
17 22
66 80
57 70
41 57
58 65
67 74
33 38
48 60
2 20
73 83
62 71
9 19
46 61
64 74
34 43
84 87
24 32
82 90
84 90
53 57
40 66
64 78
60 90
24 33
81 90
17 23
4 13
5 12
13 23
55 61
49 58
3 9
26 44
47 56
65 81
85 89
74 95
83 90
6 10
64 92
83 95
21 30
3 8
44 50
32 38
2 11
21 34
90 93
79 90
5 21
55 61
26 39
1 5
50 59
67 81
59 60
49 55
16 32
18 25
60 81
59 79
70 81
28 42
89 93
80 88
89 97
75 82
53 79
75 82
68 79
15 24
81 88
39 48
14 33
34 40
60 62
22 37
17 20
36 49
12 16
32 36
33 48
22 28
25 32
46 53
47 52
13 19
29 79
71 75
71 77
14 30
80 85
65 75
42 50
53 62
50 57
10 28
7 17
85 99
90 93
91 95
21 39
32 45
32 57
49 55
27 32
11 16
31 34
77 81
13 40
38 49
18 29
59 69
2 10
92 97
58 72
81 94
8 16
83 93
58 60
40 51
38 66
26 32
1 35
44 48
54 57
44 52
2 8
24 36
81 91
82 98
75 81
5 26
28 31
15 21
17 28
60 64
19 24
44 54
68 75
22 40
80 86
68 77
18 26
57 77
73 95
14 27
59 63
64 70
51 71
90 100
68 84
10 20
55 84
52 69
23 32
38 43
17 25
77 89
22 32
59 67
47 56
10 22
35 43
49 63
4 14
46 65
49 53
51 66
41 56
85 87
51 55
76 86
96 98
14 18
42 58
39 55
53 60
52 57
69 90
81 85
72 75
47 52
16 47
60 69
1 3
10 27
89 97
38 40
40 58
76 96
59 66
82 94
21 42
45 58
39 45
27 55
2 15
30 46
98 100
39 43
67 72
25 36
45 66
82 99
57 67
39 57
90 93
22 25
25 39
82 89
66 78
52 56
45 50
35 40
35 50
67 83
39 56
41 46
52 54
60 68
76 80
2 4
58 76
56 68
21 37
65 74
76 89
44 60
77 89
64 81
29 36
42 64
26 56
52 82
69 82
69 81
1 5
77 94
4 21
8 23
22 30
21 26
40 44
11 20
31 45
9 29
35 48
45 49
55 65
58 93
84 93
41 73
63 75
58 66
77 85
76 90
54 59
44 72
53 56
63 67
49 74
54 73
8 29
27 34
59 79
3 24
3 16
71 80
57 61
53 58
78 88
64 68
60 66
12 24
22 30
60 63
82 85
34 39
43 49
91 94
2 15
53 75
77 92
82 88
15 31
52 61
63 78
1 5
17 24
65 70
33 44
80 98
17 34
36 41
64 69
26 37
55 62
6 17
76 83
66 70
89 98
74 76
39 47
82 92
42 77
75 83
55 75
30 38
45 50
4 17
56 61
42 45
64 77
17 25
44 50
42 51
29 39
88 92
21 35
18 37
10 14
3 7
59 88
72 78
25 51
14 22
22 29
10 24
25 42
47 67
4 15
44 51
82 94
65 82
6 11
15 39
72 81
79 86
35 45
43 56
14 27
61 74
88 94
55 67
14 19
11 13
62 91
87 91
12 19
68 78
79 84
71 80
17 23
79 83
59 73
55 62
71 80
35 45
42 69
1 14
62 77
76 86
20 29
62 73
19 24
50 63
2 14
3 5
72 79
29 41
11 20
71 78
47 72
87 100
2 17
19 27
5 22
89 99
57 95
15 25
53 55
51 54
27 40
21 28
71 80
69 73
72 87
20 22
44 49
61 70
36 44
34 41
54 62
29 46
38 45
61 65
88 96
18 36
19 53
79 81
74 95
9 27
59 72
57 82
2 8
21 45
25 28
51 57
40 54
90 99
2 17
62 73
2 28
73 76
74 84
6 18
75 88
59 72
20 29
69 80
68 95
6 13
59 65
42 52
80 86
42 60
7 24
61 85
24 34
36 44
67 72
61 81
35 54
10 22
34 58
23 29
32 35
11 17
11 26
29 39
81 87
51 63
4 10
51 56
82 92
89 98
4 10
67 86
5 14
71 89
65 94
35 41
13 18
43 47
3 9
91 100
66 69
86 89
92 98
21 34
61 75
28 47
82 89
38 49
30 45
15 21
33 43
82 99
59 86
58 79
53 69
15 21
84 94
45 53
81 86
56 63
52 60
2 35
51 69
96 98
92 95
45 70
39 67
26 29
50 59
67 78
48 60
66 71
38 50
19 21
14 38
15 36
44 69
39 46
19 26
12 28
94 95
3 14
43 49
3 5
30 43
39 49
90 94
61 88
73 95
40 47
13 30
97 100
61 80
12 25
11 15
13 27
31 33
17 21
86 88
15 32
81 86
78 84
59 68
77 96
36 49
59 69
79 86
77 80
75 85
60 71
42 56
64 73
1 10
50 65
33 49
27 32
61 67
15 23
7 17
56 65
69 76
77 94
56 66
27 48
1 5
70 81
16 39
75 99
29 59
60 84
50 58
73 84
37 52
62 72
20 22
15 24
23 31
51 53
30 44
9 18
53 58
57 63
8 17
29 44
50 56
6 22
2 17
32 48
76 89
2 17
66 78
28 41
4 20
53 63
5 9
33 42
44 48
66 86
73 92
19 29
78 93
27 31
21 26
26 48
23 40
24 51
83 88
66 90
33 36
52 64
38 47
79 90
57 70
66 70
90 99
18 28
13 17
38 46
19 26
23 33
19 26
65 77
8 15
85 91
71 83
11 18
13 17
78 88
12 15
15 33
10 28
44 56
20 32
14 31
84 88
85 87
76 87
48 54
20 39
61 71
10 17
39 57
90 95
72 77
78 93
2 5
71 77
24 28
12 17
62 68
84 92
73 81
61 82
13 29
24 28
25 41
28 32
52 75
8 17
61 78
28 48
23 50
72 85
49 55
59 73
55 72
78 85
27 34
31 40
61 71
76 85
55 70
25 31
59 68
60 70
19 27
12 24
20 26
35 41
61 74
92 99
61 69
7 16
27 33
73 88
87 93
14 33
31 41
55 63
17 26
24 41
17 38
80 93
16 29
77 88
86 92
77 87
66 71
89 95
84 91
13 22
63 67
36 46
22 31
8 12
65 77
86 97
47 52
31 42
24 30
9 21
73 77
38 46
1 6
30 38
73 80
77 80
16 31
48 52
9 30
60 61
28 33
36 47
42 66
41 46
35 42
20 33
24 33
56 66
80 97
79 94
57 59
38 42
38 47
90 96
80 97
30 42
40 51
82 93
10 39
82 98
12 30
16 26
55 73
52 56
49 64
57 69
49 73
17 34
40 47
66 89
79 93
21 32
56 66
39 43
85 89
7 13
92 99
3 13
92 98
87 96
12 20
48 64
46 78
10 20
92 98
43 53
44 55
46 50
21 30
78 85
15 20
88 97
48 52
72 87
7 44
9 20
53 63
65 73
49 69
13 18
53 67
34 42
60 82
70 86
48 53
60 76
32 51
80 87
4 37
73 82
75 81
23 27
75 92
33 38
61 68
4 9
37 49
19 26
65 74
38 47
64 68
12 21
71 75
82 88
71 83
32 39
35 49
71 80
76 79
97 100
6 27
90 96
56 64
81 85
28 41
18 40
53 63
15 20
46 52
24 46
13 21
1 23
5 31
73 88
60 76
80 89
30 48
26 63
6 9
57 59
63 67
38 40
43 58
81 83
50 66
47 54
90 96
51 57
20 31
63 74
44 55
81 93
3 27
45 50
1 8
20 24
59 77
73 86
65 73
48 59
9 14
7 15
48 58
65 68
74 88
10 13
11 16
78 81
34 41
56 61
52 92
6 22
15 30
87 96
60 70
71 84
72 80
22 27
62 81
48 58
16 21
82 90
5 12
87 91
2 8
8 20
1 6
85 90
75 88
72 78
60 84
1 48
25 38
79 83
39 65
51 54
57 67
32 39
10 21
5 14
62 69
13 33
88 97
63 87
53 57
46 86
90 99
93 98
74 84
35 49
58 74
46 88
9 19
31 40
20 24
81 100
31 36
9 18
52 57
50 82
40 45
86 95
11 15
21 48
8 24
13 23
15 43
65 79
69 92
1 5
18 25
29 38
35 42
73 97
25 33
34 46
87 90
85 90
17 31
13 32
32 45
67 75
48 55
66 74
80 94
54 60
56 66
7 31
65 76
44 57
28 43
39 49
80 87
14 22
68 81
73 84
38 53
8 20
26 51
44 54
17 22
9 28
81 87
89 96
73 88
95 100
21 34
15 24
47 68
2 5
28 40
44 51
11 15
32 39
39 44
57 63
13 26
45 56
68 80
3 6
65 74
64 69
3 7
62 69
89 97
77 85
36 53
74 92
4 7
31 63
91 98
70 75
16 32
38 48
91 99
9 21
84 92
11 15
43 45
41 50
63 65
29 33
45 50
35 42
85 89
81 88
35 39
38 49
6 16
13 18
20 23
89 98
77 92
50 63
83 89
55 70
58 87
72 84
91 96
70 77
5 17
63 69
57 67
85 96
45 68
7 19
3 14
66 73
14 17
22 27
71 79
7 10
48 52
83 96
30 35
8 15
62 79
17 35
20 29
44 47
82 98
46 49
38 42
19 37
84 92
25 29
62 69
25 43
31 36
74 80
59 67
81 96
41 45
65 78
71 83
15 22
66 72
38 49
80 82
17 20
81 91
28 36
72 74
66 79
73 77
34 47
73 76
85 89
33 43
59 66
77 86
39 42
53 65
5 14
29 55
85 92
22 28
86 89
52 60
48 66
96 100
45 55
79 96
71 77
61 64
63 73
57 72
74 84
72 85
80 96
32 43
49 81
18 25
59 62
35 55
3 22
30 35
75 94
9 14
2 11
29 49
61 67
71 75
9 22
18 40
17 26
17 21
16 23
75 81
69 75
5 23
19 50
72 76
22 26
53 65
38 65
77 84
32 36
49 77
3 20
22 34
68 92
13 18
45 64
55 59
41 53
38 80
10 25
60 68
64 69
65 78
23 49
3 23
46 64
35 49
55 71
49 52
6 10
76 90
33 39
36 57
79 85
10 15
42 55
67 74
4 19
31 35
34 48
74 78
36 49
36 39
74 88
32 36
46 62
83 95
1 6
33 38
32 42
68 78
5 21
16 25
52 67
19 22
50 61
57 69
45 51
45 51
1 9
85 90
32 46
16 21
20 29
72 81
73 80
55 71
11 54
9 20
57 62
61 67
8 28
77 84
31 56
84 91
57 63
60 63
57 72
44 63
14 46
12 33
42 57
5 15
73 83
35 65
31 46
30 38
50 59
5 22
64 84
3 41
34 48
53 69
25 29
91 97
39 44
40 50
31 36
43 59
39 43
68 77
71 76
36 39
91 100
75 86
35 57
70 81
13 20
27 66
97 99
20 26
67 87
75 83
51 72
90 99
59 66
46 63
40 45
50 60
7 18
9 14
47 59
55 59
34 41
22 34
48 56
2 13
38 49
38 43
43 65
46 63
48 57
42 64
4 9
39 58
75 88
67 89
32 40
86 92
49 70
86 94
11 30
53 64
58 81
47 57
57 66
27 39
46 51
6 12
60 71
74 83
85 91
81 89
67 78
29 40
48 55
21 27
53 59
57 71
5 13
51 54
66 75
49 59
61 74
89 95
34 43
18 24
10 18
90 97
47 62
63 77
65 79
5 18
2 6
34 40
62 66
21 31
29 38
88 91
56 80
23 33
1 13
15 22
94 99
62 75
22 26
22 27
13 27
86 94
17 25
75 83
44 73
33 42
81 89
51 62
77 80
26 30
86 90
79 86
63 72
20 29
87 92
45 55
23 34
23 28
9 12
59 63
12 17
1 17
46 54
84 93
4 16
33 59
17 21
5 22
18 31
63 90
59 67
4 23
40 44
83 86
41 59
70 79
41 58
27 47
78 95
44 52
87 93
49 65
45 91
67 72
27 31
88 95
30 34
66 79
64 70
88 90
25 32
20 31
36 41
5 27
56 69
75 84
5 12
42 48
44 49
27 38
36 41
30 39
23 34
83 94
87 94
38 47
49 58
15 17
51 56
84 91
23 29
54 71
24 32
4 9
36 41
28 36
47 71
56 68
54 61
14 23
71 75
20 37
29 43
71 81
12 21
68 75
54 70
79 84
67 77
77 83
46 51
5 14
62 70
43 54
33 40
35 39
85 94
49 64
61 68
39 63
45 63
52 60
38 50
19 49
11 21
21 31
30 42
68 77
22 27
54 60
21 26
85 87
4 15
25 28
49 66
44 55
7 11
26 36
51 70
14 27
12 47
55 94
8 50
30 59
70 72
38 63
66 84
54 90
13 19
2 9
75 80
74 88
65 81
51 86
23 43
90 96
84 89
61 68
44 54
6 22
7 9
5 41
88 93
69 77
15 32
66 69
44 49
51 64
6 44
44 54
85 97
81 86
52 62
22 34
84 96
14 22
69 70
3 9
83 94
64 74
15 27
6 14
51 58
39 48
9 17
9 15
74 77
74 84
6 10
41 47
22 29
31 39
42 48
25 30
39 45
51 59
72 84
81 86
93 100
40 63
22 33
11 22
74 78
88 99
90 99
8 21
88 92
60 67
67 79
42 49
24 33
37 51
45 61
34 42
36 41
83 88
18 28
16 21
46 54
76 84
39 52
17 36
5 29
6 20
4 24
91 98
83 95
35 57
48 55
28 35
4 10
78 98
27 47
52 58
2 9
53 77
27 51
76 90
21 24
58 64
27 49
75 81
87 96
42 64
53 68
27 40
18 25
40 45
45 51
29 39
3 18
46 57
2 11
68 71
52 73
30 33
5 32
73 92
66 78
22 32
2 9
31 41
3 15
15 23
80 100
54 60
35 37
25 41
33 36
9 12
74 90
93 98
42 65
49 67
8 51
43 51
93 99
85 96
41 67
53 58
44 50
3 10
47 51
33 38
77 90
90 98
24 29
4 10
34 44
67 91
86 89
44 51
89 93
39 57
47 49
55 65
2 12
92 97
86 99
31 39
94 98
46 58
34 90
32 45
42 48
76 82
51 61
27 30
66 91
20 23
83 96
17 23
36 53
78 84
8 28
27 43
68 91
52 54
41 47
62 74
70 84
26 39
53 57
31 34
46 47
16 27
76 92
87 93
18 26
25 35
37 42
49 78
2 6
12 33
61 68
14 39
10 24
63 75
76 87
17 24
68 82
14 19
6 11
83 87
90 98
6 16
83 92
87 100
6 11
35 50
25 32
38 48
19 24
39 56
65 72
30 38
49 54
15 36
84 87
75 93
36 42
58 73
83 99
60 73
49 66
24 34
2 16
12 17
29 34
30 42
18 25
26 31
20 28
36 39
89 92
61 69
74 83
9 14
48 82
44 58
82 88
49 58
97 99
73 88
65 71
64 86
52 57
46 52
1 18
17 23
72 81
84 96
42 47
65 71
19 25
42 47
11 37
33 45
76 84
20 32
71 79
25 29
63 85
4 10
94 98
18 26
25 50
4 15
30 33
9 14
5 12
28 34
13 18
52 62
48 67
44 46
4 10
66 71
79 91
51 71
26 30
88 96
30 40
76 83
57 80
78 90
69 78
27 36
7 15
50 65
3 44
38 74
16 42
77 86
1 6
65 72
86 89
59 62
29 49
58 61
52 58
15 24
48 54
30 52
46 84
24 33
63 68
25 49
25 32
84 87
60 84
68 81
76 83
38 47
25 30
31 44
80 91
76 89
8 18
83 97
4 27
65 69
80 86
46 53
58 62
17 30
21 32
32 46
83 92
18 26
2 5
64 73
57 66
54 60
57 67
68 84
67 76
76 86
78 82
29 38
53 57
46 50
18 24
45 65
62 75
31 34
65 74
18 27
9 21
41 50
83 90
86 92
46 58
68 85
67 85
11 17
39 75
71 76
49 73
46 51
18 43
55 62
45 48
89 93
6 9
48 62
41 48
40 51
64 75
83 93
84 98
42 51
56 69
14 25
59 73
4 45
15 51
77 83
43 51
23 30
34 46
16 21
91 100
11 25
28 30
45 50
58 85
17 22
16 24
41 53
61 73
33 39
80 83
36 50
76 94
40 44
63 65
35 46
25 30
21 34
2 11
53 57
88 96
10 12
47 52
53 73
45 60
70 84
71 77
15 30
78 86
48 60
13 27
33 51
79 86
7 19
14 17
35 52
76 87
75 84
50 54
25 32
47 66
6 19
41 44
42 50
84 94
53 61
17 24
48 63
8 19
46 50
82 91
38 49
76 79
38 72
53 56
28 32
48 70
29 62
73 76
76 84
35 39
91 95
5 36
63 71
25 30
2 23
86 93
40 43
50 83
3 14
45 49
58 91
33 67
4 19
49 55
36 47
11 18
77 87
15 26
15 34
14 25
87 94
38 45
19 30
65 79
1 6
78 91
42 47
51 54
75 92
24 39
29 54
43 48
63 93
24 29
76 81
30 46
6 22
39 48
54 71
74 91
50 57
39 57
16 25
70 84
42 50
19 31
72 85
19 26
34 49
14 22
63 70
1 10
77 89
9 30
87 95
66 83
74 84
89 94
53 69
50 58
72 75
77 82
82 89
74 93
51 64
19 28
4 20
48 68
78 84
36 43
3 13
34 43
29 53
43 53
7 14
85 96
48 50
29 35
60 63
81 99
49 62
87 97
77 88
93 97
86 93
13 20
91 98
27 37
81 86
56 72
27 32
27 45
74 83
73 85
88 91
4 13
16 30
30 37
47 53
53 98
16 52
3 13
43 63
57 77
77 86
27 34
19 27
26 44
77 89
13 33
94 97
37 70
49 57
59 65
56 69
38 46
36 44
27 36
51 54
68 79
72 88
91 100
70 81
44 54
53 71
65 87
68 73
82 87
67 81
65 78
55 59
29 37
3 11
8 38
26 29
15 36
59 92
54 62
20 23
31 52
52 58
28 36
45 77
66 72
28 36
89 95
57 65
75 91
59 66
28 34
29 34
57 73
90 100
69 79
12 24
87 97
2 7
49 59
7 26
69 73
63 80
23 37
59 62
72 81
86 94
69 78
93 100
84 92
36 42
74 80
50 62
17 19
28 39
66 86
78 87
34 46
66 92
14 28
77 90
20 29
25 49
72 83
73 80
82 90
47 59
83 92
16 24
61 67
84 97
49 56
17 22
80 88
63 74
80 95
21 30
2 5
27 33
27 36
30 35
13 24
47 51
75 86
49 54
68 83
12 21
45 51
39 48
37 43
49 55
15 31
39 42
4 31
19 24
67 92
83 98
61 69
5 7
92 100
28 42
46 58
85 97
50 57
57 80
16 33
27 54
50 54
64 75
52 63
68 71
29 48
74 86
40 55
51 59
33 49
50 56
61 70
44 55
5 9
51 62
66 71
72 89
6 17
10 35
26 47
47 52
17 21
24 40
23 33
48 72
71 82
11 30
28 43
31 45
37 39
84 90
71 92
35 38
20 39
67 91
18 28
55 80
89 94
51 67
39 57
43 50
85 92
5 11
88 93
46 60
37 47
68 76
25 43
74 78
65 76
70 82
27 32
53 58
58 62
82 93
33 46
59 67
83 86
55 63
66 76
40 57
28 37
38 45
5 28
90 98
18 38
83 90
44 79
41 44
20 23
60 83
56 63
53 63
67 75
32 44
38 44
44 52
7 19
91 98
31 34
36 53
59 84
64 83
71 78
16 31
34 45
48 60
67 76
87 95
48 59
37 55
25 36
35 45
89 92
6 10
63 68
31 60
50 55
39 46
59 67
89 95
68 85
9 14
28 37
24 33
32 77
28 78
35 41
75 80
6 12
39 51
23 44
58 69
5 14
93 96
33 37
3 8
92 97
10 16
76 80
42 53
67 94
13 22
88 95
31 35
40 44
56 68
25 33
61 74
29 34
81 86
42 48
24 32
49 58
10 23
44 68
88 96
22 32
88 92
16 30
5 25
80 92
39 56
39 50
61 70
89 96
65 69
20 30
23 29
16 32
21 30
57 62
5 15
65 78
44 54
14 21
78 92
56 68
48 52
47 51
43 67
41 44
65 71
17 32
29 35
27 33
56 66
26 50
13 35
76 97
60 76
11 37
60 72
58 64
44 52
65 78
81 96
65 87
69 80
73 89
49 57
37 44
19 38
69 85
48 54
35 40
27 32
63 86
14 39
62 69
29 38
12 18
26 31
58 67
77 83
11 17
56 59
61 82
95 100
76 92
51 62
15 23
16 26
71 74
47 62
42 45
42 50
43 68
3 5
60 64
58 69
1 15
8 14
7 10
2 20
60 64
74 88
62 83
20 31
38 48
53 97
83 87
58 73
62 69
48 70
76 82
71 83
83 92
51 66
83 89
66 77
48 66
13 39
87 98
8 20
8 18
18 38
63 69
80 87
78 81
40 65
82 88
59 64
21 37
57 78
63 72
68 74
84 99
66 82
56 61
74 97
1 10
78 88
5 13
78 81
30 38
3 9
18 20
24 48
22 31
59 77
28 40
45 54
85 94
34 53
8 14
2 20
27 46
58 65
23 25
96 100
88 97
46 55
16 31
40 66
93 98
56 61
48 57
29 61
89 93
42 43
18 38
16 21
49 52
74 78
24 30
28 33
52 59
67 80
59 71
71 74
85 99
26 39
11 17
91 99
76 89
37 47
10 25
13 22
37 46
20 98
3 22
73 85
13 26
3 15
56 67
79 87
27 35
2 7
41 65
47 53
38 43
71 82
36 39
70 72
22 31
59 71
23 46
63 82
38 56
15 18
8 13
51 64
37 50
67 71
1 6
5 11
53 61
13 34
28 41
51 62
43 49
18 21
42 56
63 71
22 35
43 47
32 36
7 24
33 54
6 15
16 23
3 13
34 40
2 72
62 66
88 91
52 63
40 78
36 42
3 9
49 56
72 84
6 17
69 84
33 49
1 12
63 67
95 100
38 42
11 16
35 48
31 44
44 50
62 70
2 14
61 67
10 17
45 49
81 98
3 11
52 67
4 16
24 28
35 40
20 29
47 63
47 53
22 34
16 20
45 87
72 81
18 21
71 72
86 94
29 54
61 88
49 61
59 69
74 90
25 30
29 33
86 94
43 56
65 72
74 78
9 17
55 60
50 66
66 73
48 57
37 45
78 85
79 96
66 80
75 84
31 43
73 89
5 23
88 93
68 76
10 55
41 51
6 15
68 74
8 16
75 92
64 72
12 30
75 86
23 40
61 83
85 92
72 75
76 98
71 76
54 68
89 95
36 41
72 74
69 76
89 100
38 58
49 56
23 33
29 35
26 33
54 60
60 72
84 92
17 21
64 68
5 16
16 22
53 76
22 65
2 33
58 72
81 93
66 75
49 58
44 52
15 27
55 59
36 39
27 54
5 17
32 45
7 21
38 46
26 33
67 76
47 58
67 77
78 79
82 93
19 30
59 73
36 49
67 72
38 40
53 61
4 23
50 66
25 41
50 75
97 100
8 13
52 58
59 68
27 31
85 98
52 70
10 12
9 16
39 55
52 61
35 40
44 48
19 31
79 82
95 100
51 58
13 23
10 20
18 27
37 40
72 80
30 46
84 90
15 26
76 79
47 59
6 25
5 14
76 87
61 70
49 71
13 22
26 33
92 100
55 68
16 36
9 19
76 85
41 50
38 54
96 100
92 98
11 21
87 96
6 9
17 28
38 43
12 15
72 91
9 15
54 57
39 44
55 58
11 23
56 72
28 48
23 24
82 86
72 93
28 31
53 69
72 85
42 50
22 28
13 26
15 20
7 23
87 96
89 94
43 64
9 13
38 48
18 23
56 65
22 29
34 63
20 27
27 43
85 90
52 56
57 62
73 78
14 31
61 67
46 58
34 49
59 69
14 24
18 38
14 29
30 40
12 25
29 32
52 60
28 31
69 74
65 77
83 90
62 67
5 11
9 20
52 56
51 66
26 29
19 30
48 56
27 32
81 86
23 33
73 78
34 45
6 20
91 98
77 85
76 81
8 14
32 44
9 35
21 32
13 24
81 94
1 14
47 58
46 58
8 19
36 48
47 52
48 63
16 45
5 13
52 64
62 78
91 96
55 65
38 73
94 96
70 77
75 88
18 22
16 28
67 74
8 33
47 48
42 55
11 15
25 39
25 99
72 87
19 29
3 29
33 37
37 51
39 48
57 69
11 16
36 45
76 84
20 29
50 61
55 66
34 48
1 11
33 36
63 68
10 30
8 19
16 31
72 81
7 21
37 46
30 33
18 28
79 89
23 27
3 15
57 64
67 100
43 62
8 13
90 92
6 10
28 35
82 89
75 88
55 57
65 73
18 26
88 95
44 55
26 34
4 9
19 22
12 23
54 63
54 61
75 83
4 13
7 29
47 85
70 77
83 85
71 72
59 64
82 100
85 97
42 86
40 50
53 59
4 6
42 71
69 74
41 48
65 74
34 39
53 63
88 97
50 52
42 52
23 55
53 63
55 62
53 70
27 42
90 99
57 64
28 35
49 61
69 88
83 87
80 97
23 42
25 33
20 25
55 77
44 57
54 65
84 93
4 14
22 29
58 61
11 19
30 32
35 47
69 83
1 4
53 59
54 78
32 39
54 59
3 8
12 19
17 19
49 66
98 100
91 98
85 94
80 98
61 78
34 43
51 59
71 73
54 64
36 60
59 65
42 65
12 22
70 81
53 58
73 76
70 86
1 11
42 47
69 87
92 100
2 14
43 49
28 33
14 25
62 79
88 94
61 72
60 65
72 81
40 46
72 79
30 39
96 97
51 59
26 37
61 91
30 44
82 90
26 34
34 45
10 23
41 51
37 47
16 40
32 99
86 97
90 97
67 80
73 80
5 15
63 67
79 88
87 93
4 33
73 90
61 95
46 75
21 34
71 79
49 53
35 54
62 69
35 39
1 5
13 21
55 67
56 65
13 26
11 25
77 100
17 40
32 49
75 82
26 30
45 51
20 32
34 37
5 12
53 61
71 92
15 22
60 80
19 25
66 73
58 68
42 54
25 31
50 99
63 74
39 43
25 35
30 38
54 61
40 43
57 63
41 51
58 71
20 35
21 33
83 93
40 56
81 92
13 17
53 60
78 81
83 92
42 56
20 34
15 29
30 46
20 34
20 27
58 63
60 74
31 40
49 56
46 49
39 45
41 48
32 36
12 23
41 49
9 15
64 75
48 63
30 39
53 63
57 66
29 37
39 61
70 87
73 75
92 94
16 83
55 66
36 39
52 81
87 100
3 23
56 81
41 47
52 64
51 60
72 96
77 86
53 67
10 13
17 40
19 25
42 61
49 69
49 54
64 85
55 75
83 97
15 26
35 46
5 15
73 83
68 73
2 10
6 21
16 26
35 55
41 53
21 33
38 50
1 14
7 19
62 80
32 47
25 33
12 26
31 41
28 43
61 65
19 34
62 65
3 28
53 57
49 54
81 100
53 65
60 78
77 96
12 17
51 85
43 60
66 79
61 78
69 73
63 74
11 15
91 100
22 34
69 76
36 42
22 33
62 71
16 25
78 82
94 100
6 10
20 23
22 35
68 89
10 17
82 93
33 38
28 37
73 80
72 73
69 89
7 18
4 16
91 99
53 64
10 38
75 80
57 65
35 43
10 43
72 84
40 43
20 23
51 62
51 57
45 57
74 88
22 37
72 87
6 19
60 66
85 92
79 91
78 94
47 59
18 58
63 73
51 64
70 82
85 94
26 43
67 74
80 88
51 59
91 95
20 37
49 58
30 35
32 43
29 38
62 74
59 65
25 56
54 62
50 56
50 65
62 67
33 46
85 99
35 42
3 17
8 16
72 78
48 60
13 29
74 79
69 71
38 46
62 73
92 100
18 29
22 40
44 47
30 41
63 74
76 89
5 13
9 19
70 77
59 69
25 34
7 18
63 67
84 95
17 28
26 40
56 64
66 75
54 59
75 77
8 18
84 90
45 61
5 11
20 26
29 54
56 85
50 55
24 41
37 48
20 33
53 65
27 34
56 62
63 85
23 40
21 36
62 68
6 29
70 77
50 56
10 21
74 81
3 12
7 21
89 100
12 27
46 49
57 65
24 26
61 66
67 73
2 11
32 43
45 83
24 36
7 11
44 48
39 59
1 9
71 75
34 57
15 44
22 29
83 87
29 41
13 27
8 20
71 88
15 28
19 22
35 42
45 98
77 82
80 89
39 47
36 41
87 97
41 54
34 44
35 48
32 35
78 95
86 89
24 35
16 25
21 25
47 52
32 36
81 84
72 87
70 80
12 23
29 41
27 37
52 58
78 85
23 30
26 39
35 67
90 95
68 73
33 41
59 65
30 34
51 56
67 91
58 68
41 53
51 57
57 63
21 31
61 68
56 68
4 43
76 85
42 51
37 42
35 55
52 65
91 95
3 11
79 100
69 74
31 36
82 89
12 28
95 100
16 19
13 16
24 33
66 72
41 45
15 44
50 56
40 46
44 55
62 66
14 30
9 31
85 91
7 23
16 40
76 90
50 54
80 90
69 96
5 10
35 49
60 73
84 97
53 60
19 27
39 44
10 22
18 21
49 57
22 26
84 96
27 40
52 69
15 36
17 22
48 54
37 48
78 100
87 95
77 82
7 11
15 25
18 24
28 31
70 75
52 65
5 7
15 31
39 55
2 6
21 25
69 79
79 81
2 5
23 28
83 95
31 49
37 50
51 58
87 94
28 30
27 30
70 88
88 89
27 42
25 30
43 54
38 54
76 80
15 20
82 87
48 51
62 68
10 23
19 26
16 20
9 30
32 43
53 63
19 25
13 19
75 90
69 73
79 98
2 11
48 54
29 81
54 62
28 38
75 89
56 71
68 74
74 80
68 77
12 20
72 97
2 5
94 99
93 96
1 48
42 53
70 79
19 36
56 62
5 25
13 27
28 45
42 54
66 86
17 27
65 73
39 56
30 36
61 83
75 79
17 24
68 76
16 19
68 74
23 33
3 9
8 19
89 98
65 81
63 84
14 23
25 42
9 26
80 90
84 96
31 39
9 24
87 91
21 38
54 59
27 36
55 78
80 92
27 57
24 34
82 91
59 69
51 57
9 29
93 100
82 84
13 29
31 39
18 22
7 17
52 62
33 68
63 70
32 68
88 89
26 58
66 79
37 46
14 28
35 42
42 48
73 99
50 58
73 84
46 67
62 69
65 71
35 41
14 28
7 13
45 54
6 11
85 88
28 37
71 73
49 62
46 57
41 67
69 72
68 90
10 22
31 63
31 37
59 74
4 15
53 56
73 79
17 29
40 47
41 50
51 67
81 89
47 52
19 28
66 80
70 81
19 29
22 24
75 82
9 32
47 71
14 32
29 39
7 12
5 16
73 82
53 63
91 95
18 28
89 90
36 40
38 43
12 22
87 96
44 47
24 47
11 28
30 54
2 25
30 47
88 93
72 91
26 28
83 86
90 99
91 99
20 36
63 77
68 78
61 80
36 42
44 57
32 44
26 29
83 98
77 86
21 62
26 43
74 85
13 24
29 36
30 38
11 46
15 34
16 52
46 54
82 84
73 85
78 87
40 54
43 46
15 24
77 89
65 77
54 64
22 39
44 48
57 69
86 98
6 12
49 65
92 95
18 25
34 45
79 98
62 92
32 43
3 7
28 31
69 78
74 77
48 57
58 61
49 57
15 37
86 90
41 50
25 29
26 41
72 74
39 46
43 58
17 23
54 62
59 68
50 60
61 65
68 94
66 82
12 28
30 39
70 90
30 37
34 41
27 33
13 17
16 27
24 35
23 57
71 79
26 29
82 96
27 40
71 86
9 14
31 80
19 35
12 18
90 99
35 47
93 98
82 93
78 87
63 73
86 88
22 24
56 88
21 45
3 11
2 7
27 39
49 57
37 43
12 19
78 80
76 81
44 64
51 67
50 64
63 68
16 25
11 18
27 31
65 74
21 29
64 77
45 52
95 99
18 23
28 44
6 12
10 15
17 24
8 64
34 50
71 88
80 92
71 74
12 29
90 98
64 71
69 72
45 53
32 92
4 13
5 8
47 49
87 94
30 34
32 46
8 21
64 75
63 71
2 16
76 93
5 10
68 74
50 63
41 52
10 18
39 51
36 43
28 33
63 77
5 18
3 21
26 35
38 46
67 73
37 48
87 98
8 18
86 95
73 80
30 41
93 97
41 46
48 67
92 98
79 88
22 33
85 92
44 48
11 19
91 100
10 21
51 63
30 42
11 23
11 18
79 88
41 47
9 19
28 32
29 34
44 48
68 80
47 54
66 75
6 18
14 21
24 35
64 69
72 76
69 77
80 85
61 88
28 46
29 32
53 75
25 28
63 97
84 88
50 66
81 90
51 89
7 21
37 45
25 35
36 47
47 56
33 53
18 44
62 77
70 75
10 21
51 60
8 15
46 57
65 74
54 64
9 18
79 87
17 24
2 29
68 79
65 88
13 19
83 92
45 56
64 69
62 82
51 67
72 84
5 35
28 39
53 61
78 88
80 85
49 55
73 81
63 72
70 80
14 32
60 78
2 8
61 85
49 67
84 90
39 48
71 74
89 95
85 91
10 23
71 84
52 58
56 70
9 34
88 93
55 71
76 83
22 28
45 49
13 16
68 82
80 86
1 9
61 73
31 54
49 59
9 16
3 21
22 46
63 81
54 62
31 40
12 26
56 71
43 52
14 23
98 100
77 85
66 88
90 97
53 60
79 93
80 81
3 11
30 39
7 15
75 93
23 40
70 78
69 76
25 42
30 36
17 33
64 77
59 79
44 75
60 67
57 76
58 75
8 12
84 97
21 28
65 70
86 94
62 69
35 41
43 77
25 28
65 74
60 72
12 17
59 67
72 92
80 91
74 75
46 50
43 60
25 28
6 25
48 56
66 73
10 23
72 77
20 32
35 46
20 41
15 31
68 80
51 66
74 91
28 36
10 21
78 87
47 54
54 69
81 86
77 84
88 94
5 33
68 74
94 97
41 50
62 76
90 100
17 34
76 99
47 50
51 73
30 46
91 99
50 56
58 74
64 81
14 23
73 79
62 64
98 100
44 52
93 98
68 73
17 32
60 81
38 43
61 66
10 38
3 14
22 29
18 30
34 46
7 13
92 98
30 70
81 88
92 99
90 100
24 38
7 15
44 64
6 12
75 88
60 62
17 33
88 93
4 6
5 14
86 91
79 95
9 12
14 26
32 40
41 61
42 51
51 69
55 66
59 70
38 47
42 56
5 10
60 72
13 23
67 77
32 45
13 22
3 21
72 81
50 74
55 84
63 68
90 98
63 72
84 92
10 22
85 90
48 55
8 13
29 46
48 66
80 95
54 66
77 83
69 72
82 88
2 57
13 18
20 25
5 48
17 26
50 54
73 90
20 39
23 27
35 38
79 85
79 94
10 21
53 56
62 76
59 68
80 86
81 90
14 23
72 81
56 63
60 64
63 67
40 45
28 47
80 91
56 73
50 54
1 22
36 49
21 32
31 51
84 97
82 84
86 93
47 54
84 92
23 40
10 17
86 100
21 29
44 47
34 42
81 91
1 5
41 55
14 18
48 62
63 73
53 66
19 28
49 52
67 91
19 24
56 65
83 89
9 21
20 30
40 65
59 70
50 61
40 45
30 33
70 80
8 24
25 30
44 50
56 61
80 87
71 79
19 24
20 36
11 26
5 71
51 58
17 25
90 97
23 39
78 83
12 18
72 77
10 13
38 41
65 71
38 44
49 61
7 13
39 44
37 49
58 77
74 83
58 63
6 22
8 40
5 18
46 58
82 98
6 13
59 67
90 100
20 29
41 50
19 30
72 79
6 13
7 12
44 61
72 75
23 26
72 76
19 26
11 29
49 56
65 70
50 57
14 32
55 64
79 93
33 63
37 41
76 90
4 17
49 63
70 87
32 34
13 36
50 57
31 54
30 35
83 87
11 15
48 72
90 94
1 12
23 31
7 13
74 93
4 11
75 93
56 75
95 97
64 66
86 93
8 12
62 80
34 37
7 16
55 74
22 48
15 22
51 55
1 26
12 19
11 18
85 89
74 79
32 42
19 44
24 33
62 70
32 36
4 15
9 14
33 65
65 73
57 72
13 17
1 13
32 38
32 44
39 43
54 57
62 70
61 71
68 78
14 20
70 73
46 58
72 77
56 60
49 62
34 51
47 53
64 68
84 90
55 66
62 66
52 67
23 27
57 63
48 73
43 65
29 66
33 36
77 83
87 94
90 100
55 59
64 67
72 82
93 100
14 32
23 29
15 26
61 67
8 13
37 42
57 61
41 51
71 88
30 32
44 47
8 36
