100 20 20 15
00000000000000000000
00000000000000000000
00000000000000000111
00000000011111100000
11100000000000000000
00000011100000001111
00000000011110000000
00000000000000000000
11111000000000000000
00000001111111000000
00000000000000111000
00000010000000000000
11100000000000000000
00000000000000000000
00000111111100001111
00000000000000000000
11100000000000000000
00000000000000000000
00000000000000000000
0000010010000000000
0000010010000000000
0000010010000000000
0000000010000000000
0000000010000000000
0000000010000000000
0000000010000001000
0000000001000001000
0000000001000000000
0000000001000000000
0000001001000100000
0000001000000100000
0000000000000000000
0000000000010000000
0000000000010000000
0000100000100000000
0000000000100000000
0000000000100010000
0000000000100010000
0000000000100010000
3473
9 16
30 37
46 51
93 94
69 79
52 61
44 50
69 74
31 39
37 54
33 42
55 63
65 70
83 100
50 54
59 74
35 50
30 40
78 84
49 54
45 68
83 90
86 89
89 98
25 27
18 25
86 92
80 91
26 31
27 39
61 70
43 52
64 69
35 52
79 86
80 90
14 18
75 80
1 4
65 72
14 17
5 8
27 45
23 24
17 27
31 44
27 38
69 82
8 11
10 15
35 42
21 37
81 94
75 93
64 75
60 71
72 91
75 80
62 64
69 73
27 38
51 75
44 53
8 36
86 93
32 38
89 97
29 49
44 51
9 13
67 76
2 19
30 53
54 60
55 61
58 63
16 34
67 79
29 52
57 67
54 67
73 83
12 25
77 85
66 77
33 51
25 40
57 63
72 89
10 27
35 45
62 72
11 16
3 11
55 60
65 80
92 100
17 31
31 45
56 64
51 68
63 69
24 39
33 65
23 25
26 33
14 27
74 79
6 22
15 27
11 17
68 82
95 98
16 26
14 30
10 13
2 13
2 9
94 98
81 96
36 49
3 13
40 48
45 62
19 35
21 33
44 63
10 20
86 91
82 86
7 13
83 92
69 77
82 84
20 23
91 100
17 21
85 90
24 34
85 91
88 100
58 61
88 97
12 20
18 23
83 93
55 64
43 49
85 91
72 77
54 61
52 84
71 87
37 47
95 98
16 38
94 97
14 16
50 52
54 61
5 26
40 45
68 86
25 41
60 69
67 70
67 72
51 55
48 78
36 48
44 49
3 8
4 12
82 89
43 54
16 28
76 86
36 55
79 93
59 71
5 35
24 32
41 48
53 72
12 26
57 60
77 88
31 34
2 10
51 78
29 39
30 40
69 89
61 77
50 68
35 40
77 93
47 58
78 91
60 74
52 58
84 92
35 52
85 87
54 58
67 77
25 38
45 53
72 77
40 43
17 29
50 66
67 71
12 32
22 31
69 77
86 95
24 55
84 100
65 75
32 51
92 96
10 36
60 68
39 47
46 54
88 92
80 84
21 29
50 58
64 79
80 86
87 96
50 53
51 55
15 21
82 93
30 35
69 76
72 75
32 48
68 70
47 55
22 26
29 48
36 56
27 33
1 10
16 29
22 49
55 63
65 79
55 66
60 69
3 18
38 51
5 10
30 34
65 70
66 75
51 57
29 43
5 15
86 96
21 33
80 94
57 59
77 83
20 45
48 57
71 80
37 49
24 28
13 25
17 22
56 73
33 47
82 91
79 85
37 52
13 29
41 55
38 40
90 94
18 26
78 88
34 41
77 92
31 41
43 49
35 40
36 52
69 76
91 100
3 20
81 87
41 48
47 63
14 19
80 96
77 90
47 51
46 70
37 42
56 73
84 88
18 26
14 19
73 84
3 7
72 77
66 81
25 43
52 58
88 95
69 72
50 60
92 94
52 63
84 97
59 65
36 41
84 90
30 48
40 51
47 63
15 24
74 80
63 69
68 80
26 30
41 47
13 18
7 11
23 34
33 43
66 73
9 19
78 83
76 87
91 94
45 60
83 97
71 76
62 71
83 86
21 45
33 42
67 80
51 61
91 96
44 60
80 83
73 80
44 55
13 27
8 23
14 23
67 76
73 85
68 76
66 77
32 45
10 26
91 100
66 82
65 69
75 76
3 27
20 32
1 17
58 76
84 99
70 72
7 11
49 53
76 81
51 63
78 84
73 77
73 84
55 69
66 75
5 14
64 67
4 15
27 35
56 80
59 65
42 49
33 54
11 20
31 37
72 78
13 26
19 24
23 30
19 85
62 71
77 81
21 44
92 98
19 29
52 61
74 81
72 84
27 46
52 77
27 30
78 94
56 65
74 98
87 94
41 59
2 14
10 32
23 32
70 90
45 52
48 56
75 84
70 82
74 78
14 46
6 10
38 49
64 82
15 38
86 99
44 54
43 49
1 23
75 81
81 91
46 60
94 100
14 26
8 11
36 53
8 13
71 99
25 30
37 53
89 94
32 42
78 85
55 64
30 34
15 24
20 48
84 98
10 33
36 47
1 6
6 17
16 44
78 85
19 26
31 42
82 87
74 78
10 23
32 48
89 96
16 24
58 67
42 54
28 36
19 25
61 67
67 75
49 50
62 67
73 87
10 17
46 53
72 88
72 87
76 79
37 40
35 58
36 54
44 52
5 14
54 60
64 83
16 20
31 39
90 96
3 17
59 71
90 99
75 89
74 81
76 94
46 53
77 93
31 45
17 29
30 36
27 48
7 13
44 57
84 88
41 55
91 97
38 46
59 78
57 64
10 27
44 60
72 84
62 67
61 74
50 57
57 68
41 51
26 32
6 33
29 33
26 32
9 10
80 85
12 31
73 78
30 37
47 52
15 22
7 28
72 81
1 16
47 56
84 99
9 27
76 82
7 24
72 77
45 59
68 83
30 40
7 11
49 58
74 82
5 15
88 96
25 28
40 50
90 93
36 54
83 85
22 32
26 35
50 63
46 65
34 44
68 76
40 62
35 45
77 83
57 62
10 19
66 71
11 22
67 82
17 34
48 55
51 56
60 83
3 7
61 63
42 46
18 25
64 73
43 52
68 71
2 30
65 85
90 92
60 81
69 92
72 86
57 72
71 95
57 76
1 19
36 40
81 95
20 36
66 75
75 84
35 43
51 54
26 32
74 78
53 57
51 58
69 82
22 30
35 36
58 69
3 13
2 17
25 54
55 76
46 54
75 81
12 24
26 47
86 89
61 71
88 99
13 19
3 33
80 86
75 90
15 19
87 89
34 49
56 58
66 77
61 67
9 24
62 79
46 53
32 43
41 51
62 69
56 73
88 93
23 39
88 95
42 54
86 94
30 38
50 60
44 55
45 49
32 47
76 100
75 76
20 31
44 55
31 49
68 72
24 28
62 64
29 37
3 15
55 58
40 46
85 94
15 22
7 15
3 8
88 98
38 45
32 40
76 84
62 69
8 28
22 24
31 43
81 84
22 38
58 61
21 30
18 21
21 31
71 79
87 95
54 59
59 62
79 93
73 85
68 83
40 47
63 77
87 93
67 78
40 54
66 75
75 81
10 30
52 54
36 40
41 42
82 85
34 40
49 59
42 47
24 40
31 39
67 89
66 75
48 63
82 97
82 90
71 88
23 39
71 85
34 43
88 97
1 10
12 26
48 58
57 71
32 45
51 59
17 27
77 86
81 83
70 74
52 66
91 100
27 44
70 79
12 24
90 94
9 43
36 60
35 48
42 61
32 44
56 58
53 72
20 33
26 29
27 41
78 84
25 31
42 46
71 84
61 71
66 72
47 50
31 37
67 92
70 83
56 59
33 51
1 19
34 42
80 95
51 72
78 81
57 74
56 67
31 39
90 93
57 72
7 20
7 18
36 42
80 97
14 19
53 66
26 36
48 69
74 93
50 58
15 22
24 54
26 53
49 58
66 73
20 32
83 96
65 68
73 78
78 88
3 26
58 82
42 46
50 56
39 49
53 70
89 100
14 29
87 96
2 12
11 17
31 34
14 30
6 11
25 36
73 82
47 57
22 31
25 35
41 48
53 65
65 72
54 61
79 94
21 37
57 82
58 61
30 46
69 76
61 65
78 84
31 36
48 58
46 52
86 89
30 34
20 27
36 43
58 63
15 25
53 63
43 47
32 37
70 89
45 64
28 34
94 100
51 55
61 79
45 59
13 20
21 29
15 17
50 61
44 50
22 32
79 99
71 94
43 44
47 52
49 52
26 38
72 86
43 54
1 11
68 86
28 39
72 81
3 36
14 19
41 71
62 71
63 66
6 13
42 46
22 40
2 6
59 63
57 78
83 89
21 26
14 21
70 81
15 26
76 86
61 100
65 75
12 31
77 96
42 58
49 66
53 65
25 32
69 70
33 42
5 15
63 69
4 19
12 18
41 54
55 71
81 87
35 41
79 83
52 65
28 41
78 81
26 42
67 71
37 50
46 56
86 97
67 91
52 79
90 93
56 63
54 79
40 69
90 96
26 35
60 71
50 57
30 35
49 57
38 72
50 68
41 47
38 42
4 18
87 95
38 57
68 80
32 42
74 86
87 99
6 26
83 88
51 65
33 41
5 10
4 8
44 56
61 74
55 73
57 64
56 87
81 86
13 22
21 23
33 38
8 33
23 38
66 78
1 7
24 34
18 22
46 62
59 66
93 95
71 97
24 39
77 93
53 58
9 19
53 59
81 85
68 84
23 33
78 92
17 22
54 63
31 37
34 49
93 100
28 36
14 20
19 32
39 49
86 93
2 14
5 15
82 98
16 24
46 50
33 36
11 26
65 78
91 98
19 39
61 68
47 54
47 64
96 100
2 21
5 30
74 87
76 85
80 88
35 40
33 39
6 20
10 22
33 38
42 56
52 64
18 54
34 36
53 80
38 52
25 48
67 86
16 31
65 73
14 39
12 22
6 16
41 47
8 32
80 85
63 86
64 79
40 53
6 15
47 54
39 58
71 77
74 80
10 24
32 37
45 56
43 48
20 41
88 92
3 46
25 29
34 40
83 90
24 31
37 48
64 81
84 97
35 43
2 8
7 14
1 16
91 94
29 31
33 34
37 56
34 47
27 38
33 43
16 26
5 8
53 63
40 57
60 71
82 94
1 9
3 24
37 42
12 20
60 71
39 53
12 25
59 71
6 15
82 88
24 36
38 49
66 72
80 86
44 57
29 38
34 42
2 20
45 50
74 76
31 39
36 41
10 25
89 96
13 19
2 28
73 77
78 80
71 88
1 33
66 72
17 22
5 12
37 45
62 68
20 48
25 46
59 65
4 22
16 25
18 28
60 73
62 89
95 100
45 58
64 96
44 51
97 99
77 93
35 50
29 51
64 73
11 17
7 23
76 82
76 84
29 35
79 93
12 23
34 48
82 95
18 27
14 26
46 57
57 71
30 45
10 28
57 62
54 71
10 21
57 66
44 56
9 27
78 87
64 68
4 17
18 28
21 34
18 33
18 37
4 17
12 23
71 78
3 14
59 64
30 32
66 67
8 21
67 78
24 37
53 67
41 49
19 30
84 93
90 95
45 48
72 81
22 39
66 78
32 37
66 74
69 82
63 69
88 94
62 65
3 11
90 100
13 16
30 42
82 86
67 75
8 21
29 42
78 84
14 24
20 33
79 93
48 53
16 27
10 14
11 22
48 51
82 85
38 40
10 14
41 58
26 35
62 85
33 42
7 12
16 29
89 99
78 83
83 88
49 73
46 79
24 29
23 25
24 35
18 34
45 56
40 46
76 92
64 74
52 54
13 16
45 46
39 59
41 50
59 84
10 14
78 85
1 7
72 93
53 64
46 52
70 73
61 70
1 17
36 41
21 37
58 62
89 97
6 12
31 38
50 61
11 18
88 98
45 59
11 19
77 80
67 76
12 21
81 89
62 71
63 86
72 75
16 20
36 42
83 97
37 57
7 16
29 39
59 76
29 42
13 18
39 44
51 55
61 71
12 23
30 45
81 95
92 96
2 15
72 88
6 17
54 59
36 45
47 50
81 91
3 8
58 77
38 51
29 34
23 33
43 55
54 66
65 81
75 82
34 48
71 74
76 96
30 59
28 33
85 92
9 13
56 62
32 44
51 60
15 23
1 15
52 61
49 56
52 65
21 44
25 37
91 98
67 91
32 44
33 44
33 40
46 53
73 80
83 94
46 59
78 93
36 41
14 26
3 13
48 56
75 78
47 52
27 40
7 20
21 29
66 78
46 76
91 100
37 51
18 21
38 62
76 98
62 79
29 35
59 64
70 92
29 35
83 97
11 15
87 95
63 75
25 33
78 83
5 9
52 64
46 56
8 23
69 82
31 45
9 23
28 37
70 90
80 83
27 47
69 83
75 80
69 81
39 50
80 93
63 77
23 36
49 73
70 77
1 5
32 37
4 8
38 41
41 52
30 43
48 52
6 20
50 64
35 42
33 36
33 64
59 68
39 65
12 25
50 52
53 65
14 19
74 76
2 34
70 78
1 22
7 17
68 94
55 60
81 95
38 47
36 40
66 75
21 24
59 65
81 97
31 52
5 11
80 90
20 56
6 20
53 63
63 67
3 11
39 48
12 31
1 18
90 96
35 41
21 33
1 13
58 66
71 89
49 65
49 58
8 96
30 38
31 41
35 46
60 70
47 59
46 57
62 81
32 70
15 36
54 64
40 58
12 26
57 65
56 59
77 84
28 30
62 64
81 89
2 12
81 99
25 37
40 47
26 44
45 89
4 14
52 69
42 51
42 49
82 89
56 67
63 83
14 23
27 65
89 92
22 30
46 49
66 72
18 26
37 52
12 23
24 35
36 41
60 69
27 39
29 42
76 99
57 68
65 68
34 42
17 23
62 63
55 68
42 45
16 19
35 51
17 21
18 33
22 48
43 65
10 23
62 64
62 67
33 51
35 53
52 57
24 28
40 46
6 13
19 36
91 94
34 37
20 24
49 56
51 53
48 55
9 32
49 55
60 67
53 64
77 95
18 28
8 22
46 53
71 81
43 51
77 82
39 63
66 79
59 68
48 63
23 35
63 84
61 68
8 26
31 36
36 39
59 71
89 91
14 17
8 29
68 75
74 81
26 36
67 73
4 19
56 60
51 57
91 99
60 79
74 83
33 65
39 51
59 63
35 47
15 30
86 100
84 87
11 29
86 94
27 46
73 79
47 53
61 76
7 16
12 22
56 70
5 25
16 21
60 75
33 51
43 58
19 37
70 73
42 50
61 69
6 27
36 40
28 30
55 70
49 56
85 91
28 36
15 17
87 90
79 89
38 62
64 67
69 83
21 46
2 16
21 32
5 9
41 50
18 27
74 80
10 19
70 78
35 54
24 29
18 21
21 23
66 88
63 74
7 10
36 43
63 68
1 15
46 56
79 93
52 59
79 83
13 19
11 23
39 77
47 64
18 25
85 92
57 62
46 48
16 33
16 19
3 16
86 97
83 91
61 76
25 31
15 26
71 85
49 56
58 96
60 71
5 17
53 57
47 49
23 50
43 62
30 35
88 95
93 98
73 83
22 42
24 43
84 88
31 41
48 74
86 94
54 62
62 67
81 83
6 39
68 75
27 49
8 30
23 31
14 25
94 99
94 98
10 21
29 37
91 96
53 65
63 72
85 93
54 79
32 44
19 32
45 61
22 29
8 16
53 62
87 93
43 63
55 57
38 61
27 48
61 68
53 57
22 31
48 55
77 79
41 47
54 57
27 38
43 70
79 87
16 19
38 41
11 19
3 13
42 56
19 39
60 65
3 25
5 22
23 45
56 74
40 45
40 46
81 91
80 100
17 29
10 15
22 62
73 86
87 92
29 40
12 18
2 16
48 54
52 56
40 49
59 75
17 32
34 45
42 58
53 61
51 65
38 57
2 22
49 57
37 48
5 10
76 90
83 97
83 100
3 40
62 71
31 40
24 32
17 28
84 89
30 37
75 82
50 55
52 79
54 73
33 38
57 73
11 25
85 99
81 85
71 84
70 75
27 33
50 57
73 76
53 62
13 21
7 11
69 72
36 63
70 80
14 21
33 45
61 67
55 57
33 37
58 84
81 91
71 83
57 63
44 48
34 46
22 28
55 71
58 70
69 97
44 51
80 90
80 92
7 18
82 87
83 90
10 21
24 43
24 60
39 51
65 72
59 72
35 45
56 60
57 62
21 33
50 61
61 72
8 14
21 33
78 86
60 64
20 27
55 59
43 64
26 45
47 49
76 90
41 56
92 100
86 94
36 39
70 89
72 75
58 67
68 70
35 44
42 46
22 49
68 87
61 72
33 52
10 29
62 67
18 23
83 92
34 42
53 57
88 91
66 83
32 37
87 92
15 20
12 29
81 86
12 18
90 94
36 45
97 99
36 44
27 35
46 53
36 40
36 42
32 46
14 23
13 23
48 63
86 95
37 40
33 42
27 32
55 69
41 45
84 99
60 71
26 33
52 62
68 81
73 90
95 100
43 52
91 99
19 20
37 57
52 62
46 54
51 54
43 71
5 10
74 89
18 28
77 83
82 85
1 5
12 31
54 66
66 81
35 57
59 72
47 63
70 76
85 93
24 33
59 69
50 69
33 46
43 66
61 65
73 81
62 87
21 28
51 70
5 9
48 60
44 54
29 34
45 52
53 68
30 44
50 56
18 30
78 93
59 66
8 17
86 90
80 93
16 19
15 24
10 26
43 69
48 65
55 66
45 59
78 87
29 37
83 97
30 33
70 75
19 25
83 87
8 12
68 89
50 69
48 54
17 22
56 75
33 41
27 38
24 42
62 71
41 47
4 9
59 71
78 81
1 36
9 35
3 11
53 60
69 87
41 65
43 50
51 61
38 44
71 76
48 59
4 30
70 92
82 90
63 66
52 58
37 49
50 65
35 63
51 66
84 89
76 87
42 50
53 67
12 17
4 14
45 65
23 34
24 36
1 15
56 64
61 72
53 69
87 93
60 82
61 69
15 27
51 74
8 24
69 74
21 33
67 82
64 65
41 45
14 27
1 15
43 53
71 80
37 39
56 68
5 12
70 88
21 25
68 74
42 51
85 93
83 98
68 86
62 68
43 47
24 44
67 80
77 86
30 42
23 36
45 76
72 80
30 37
41 57
40 51
8 15
83 88
5 13
68 74
41 47
4 34
37 46
17 29
25 33
32 45
23 31
75 84
57 66
9 14
5 17
29 34
83 98
63 69
17 18
62 79
38 49
23 25
60 65
61 80
77 97
34 47
37 45
12 22
6 66
58 82
78 88
23 34
49 67
74 91
23 29
57 63
41 47
27 31
20 29
5 15
2 14
79 83
30 57
37 42
2 7
40 50
82 91
6 14
42 51
71 86
18 24
22 32
38 43
45 58
63 74
58 67
11 26
80 85
68 75
13 21
21 34
68 87
49 57
17 33
11 21
86 99
39 42
29 41
14 20
3 13
46 57
62 69
36 43
83 90
76 85
14 22
92 96
85 94
80 89
66 77
42 50
69 71
21 25
2 10
89 96
18 46
61 74
35 60
52 58
67 74
15 22
50 58
55 68
64 80
61 63
88 93
17 35
29 39
38 55
93 100
87 97
6 33
50 56
23 43
55 61
65 71
20 37
7 11
28 33
2 8
25 54
71 80
31 38
39 58
17 28
4 10
70 80
75 85
26 29
63 77
19 40
45 53
8 28
49 71
17 19
79 83
32 36
49 67
60 64
58 64
60 67
63 69
5 11
30 38
77 86
51 67
7 12
43 62
45 58
71 84
45 56
91 100
20 26
25 28
26 45
39 45
61 80
73 81
58 76
52 66
85 89
38 48
65 70
7 17
66 82
66 81
35 42
15 42
86 97
32 44
47 64
34 41
57 62
42 73
15 31
10 14
69 76
76 85
27 33
20 27
37 40
25 28
30 42
48 62
29 37
7 24
10 17
30 47
30 69
51 72
17 25
53 55
31 71
1 8
92 96
13 25
16 30
51 58
97 100
38 49
15 24
82 85
84 96
23 32
11 17
54 84
17 30
82 89
58 67
87 96
42 59
40 50
2 12
64 80
94 96
31 39
71 73
81 98
67 82
16 27
93 99
60 70
33 53
10 17
1 5
2 11
31 39
44 47
10 18
89 100
59 64
9 12
54 70
41 59
70 81
16 33
69 83
74 88
41 46
9 17
6 16
67 76
10 14
15 20
34 38
1 7
69 94
70 88
43 52
37 45
14 18
78 90
6 20
79 82
77 90
18 19
3 6
73 81
31 35
69 78
46 58
69 73
43 66
17 54
1 19
48 63
28 35
17 24
45 59
39 52
85 95
31 38
63 69
56 61
25 54
41 52
61 66
74 96
28 33
45 49
46 48
39 46
37 42
9 16
87 97
45 50
11 17
11 20
52 80
63 79
50 64
32 41
15 25
30 49
39 50
52 87
88 96
67 76
92 98
14 52
13 36
12 28
41 46
71 82
74 97
6 14
50 64
46 52
90 99
44 53
60 68
48 53
41 56
93 97
79 82
28 39
28 31
12 24
21 28
79 82
19 24
55 57
33 38
53 75
61 67
84 89
77 92
44 58
80 89
65 70
23 36
2 8
97 100
2 13
21 36
42 52
1 11
33 46
19 27
71 92
73 76
9 25
18 46
20 28
47 64
47 58
95 98
10 15
61 74
40 43
24 58
1 8
67 91
36 52
22 35
67 74
73 83
5 26
66 75
37 40
26 48
68 75
90 92
23 32
79 88
16 24
66 76
78 84
12 19
67 86
3 13
15 24
85 87
12 19
41 59
44 51
41 54
7 10
27 37
2 6
74 85
45 64
18 30
76 84
38 44
30 43
16 25
37 45
29 57
41 46
35 40
29 50
16 40
64 68
43 48
64 72
12 25
58 63
6 22
91 99
58 69
32 34
70 74
65 70
46 54
87 96
77 80
34 54
7 23
75 94
18 23
90 99
42 51
74 78
74 79
47 50
63 66
85 96
24 41
65 79
42 52
41 52
56 62
2 13
28 48
80 93
2 7
8 18
78 92
34 66
17 28
68 85
72 82
10 18
43 46
63 77
45 52
67 71
76 78
4 17
58 68
86 94
42 57
18 30
72 89
45 59
61 78
31 53
28 41
74 89
58 64
81 87
57 62
85 92
17 24
28 34
6 18
17 29
34 41
67 83
40 45
67 81
12 23
28 42
11 26
73 81
10 19
17 25
21 35
80 84
26 33
4 15
56 64
95 100
13 26
41 55
9 13
53 60
34 44
81 91
46 55
55 69
5 11
83 93
11 20
83 91
29 40
38 42
63 69
77 89
51 59
36 49
9 17
65 71
9 16
72 90
41 53
63 85
18 50
83 92
15 33
3 10
60 67
36 54
32 42
35 45
9 21
27 38
33 44
22 36
44 54
6 18
33 60
45 51
77 81
4 15
8 27
27 53
25 26
47 95
82 91
74 83
25 31
70 78
61 66
80 94
3 7
27 31
44 56
29 37
16 20
68 80
9 12
37 48
20 31
30 39
24 27
20 39
5 23
40 42
77 89
31 40
82 86
44 49
49 57
62 73
57 58
7 12
23 46
38 53
27 32
21 25
85 86
26 51
12 21
30 36
5 12
37 48
59 64
10 17
54 62
54 65
69 80
57 69
39 41
56 60
76 82
46 53
60 78
87 94
79 96
44 51
18 28
49 64
9 21
1 9
15 18
8 20
32 51
37 45
8 23
2 13
43 52
50 58
12 21
63 68
58 68
13 30
43 68
17 22
65 76
62 64
75 88
94 98
45 67
6 18
81 90
48 55
77 89
55 60
2 12
52 69
36 45
39 42
54 56
7 23
18 25
58 68
28 44
29 38
14 25
94 97
11 18
11 22
16 22
15 36
21 23
1 20
68 82
39 51
67 87
76 87
77 85
44 70
8 15
43 52
81 83
63 81
33 41
29 35
1 4
63 80
26 34
71 78
66 71
3 15
54 61
46 56
3 13
7 12
88 92
68 80
19 33
30 52
16 25
17 18
86 90
25 34
28 38
33 38
40 49
20 27
53 60
5 27
17 20
26 36
85 95
41 50
64 68
5 10
48 55
13 27
71 84
16 27
47 56
30 38
60 80
44 60
78 85
64 68
79 84
70 94
22 67
25 43
19 23
14 19
14 24
61 79
71 81
57 60
7 12
47 56
26 34
20 30
65 69
89 93
10 22
31 40
1 6
64 80
62 74
2 8
48 61
4 13
22 31
51 67
91 98
13 22
66 73
93 99
24 30
38 48
87 97
18 24
48 54
78 85
15 34
39 46
16 20
59 70
19 27
4 13
6 12
82 90
74 78
21 50
2 17
26 32
11 20
15 24
3 14
76 95
15 24
10 27
19 25
47 54
11 27
43 63
13 17
14 27
56 61
71 76
14 30
15 19
18 35
46 59
76 85
58 66
90 97
83 94
18 29
59 70
47 53
52 78
28 34
60 82
2 12
53 64
49 59
66 71
80 84
54 60
76 83
43 47
73 76
57 69
63 77
46 54
3 10
16 31
5 16
66 76
56 63
9 17
26 32
34 43
80 85
44 67
49 70
32 42
9 15
19 25
41 46
79 88
5 13
39 60
51 62
64 79
17 28
32 42
7 16
49 55
21 46
48 57
56 76
31 33
18 43
3 16
41 45
16 61
54 68
71 78
53 64
79 84
92 100
39 41
33 41
53 56
61 71
62 76
52 63
8 15
14 27
3 15
66 77
81 85
60 63
79 87
21 39
47 56
57 73
2 10
18 39
26 36
2 29
86 97
70 79
75 88
38 43
8 14
41 49
81 84
3 17
81 91
41 57
6 22
17 21
30 36
11 13
70 78
35 44
34 41
26 32
78 86
95 98
33 42
32 40
45 60
19 28
19 31
35 41
87 100
12 16
29 42
39 56
31 40
52 66
40 53
90 95
90 99
66 70
57 65
74 77
34 57
44 56
20 30
77 95
45 48
20 47
69 77
47 52
81 93
76 86
10 37
20 24
79 87
92 94
18 22
57 66
5 14
10 20
22 37
18 30
51 95
20 34
33 39
7 11
53 70
84 85
8 27
20 31
38 59
65 69
20 28
8 22
54 59
35 41
25 38
92 98
87 97
13 18
22 25
76 83
74 89
62 73
61 68
91 97
34 49
53 89
26 37
63 68
52 57
64 66
20 31
48 62
23 29
73 81
66 77
57 68
65 74
17 32
27 30
75 81
16 26
40 47
48 60
85 87
49 56
60 67
52 69
61 69
87 98
1 12
3 27
22 41
47 51
39 50
10 19
67 78
46 56
43 55
69 78
33 52
50 59
7 26
9 17
40 43
57 65
39 49
85 97
31 33
26 39
92 99
68 75
91 96
92 100
18 34
33 40
42 50
68 73
11 34
74 85
84 91
65 67
39 56
45 55
26 29
55 63
60 72
76 88
47 51
82 90
80 94
47 65
77 84
77 87
14 40
42 49
26 59
45 46
65 76
3 28
6 14
7 13
47 51
27 41
21 32
93 99
52 92
5 30
73 79
42 46
73 83
82 94
38 42
27 34
28 36
38 50
10 19
35 36
20 22
61 72
55 64
84 98
21 27
66 72
45 48
15 72
28 37
42 53
26 45
30 37
41 48
15 32
68 95
79 100
24 36
30 36
27 32
3 19
46 50
25 32
23 42
35 50
65 73
65 70
57 66
14 25
49 58
38 57
10 23
11 14
48 60
39 49
50 57
62 72
73 84
23 28
47 58
1 4
1 11
15 22
6 9
70 80
18 22
92 99
22 36
11 22
94 97
20 33
38 44
76 79
88 98
77 81
47 60
48 80
79 82
25 27
31 39
55 84
16 26
80 90
8 22
28 39
22 33
10 11
44 65
77 81
75 82
91 98
31 40
64 77
61 71
32 39
83 97
70 73
36 44
17 32
37 41
34 40
39 46
25 34
70 81
66 75
53 59
16 21
83 100
93 98
78 92
1 7
71 75
25 43
94 97
37 41
70 82
26 66
50 62
40 47
55 68
39 69
18 24
9 20
78 92
73 89
36 55
92 99
44 51
95 99
25 39
76 87
72 75
28 71
58 68
71 74
78 92
58 67
8 36
70 76
76 86
12 18
11 52
44 54
31 33
24 37
73 83
32 55
16 29
65 76
60 66
32 48
31 35
73 81
2 14
62 68
59 68
23 27
74 81
53 56
43 59
8 33
7 22
88 95
69 76
71 79
14 26
45 51
21 30
39 43
57 71
16 27
25 32
36 41
69 91
1 20
20 28
83 87
49 57
22 32
29 31
65 75
49 71
8 19
72 80
84 94
12 21
62 70
7 13
74 83
27 36
65 75
30 43
45 55
30 35
74 77
82 91
50 63
55 63
38 65
59 70
46 55
27 40
22 51
84 92
49 52
48 55
8 12
17 20
63 76
87 94
33 36
14 27
47 65
33 36
72 80
75 85
24 36
62 77
4 18
96 97
53 61
2 10
11 19
90 93
42 48
72 80
45 57
42 52
59 62
91 96
94 99
66 88
42 50
56 86
96 99
31 44
13 35
91 99
44 70
85 88
19 29
64 70
30 38
40 54
88 97
47 54
55 67
74 78
83 90
28 35
8 13
82 87
80 84
19 34
84 93
66 79
37 57
10 18
14 20
14 34
75 84
12 26
42 45
28 37
36 44
77 89
6 12
28 35
37 54
6 24
67 84
81 92
8 15
14 35
19 35
14 21
6 14
49 63
59 63
43 50
19 40
20 25
69 72
13 33
23 41
80 84
2 12
39 44
65 69
35 41
74 90
52 64
39 50
87 93
9 30
7 14
79 84
50 60
70 88
51 56
63 77
40 44
31 61
20 36
55 66
81 83
63 73
48 58
31 43
11 21
24 31
8 12
61 87
66 75
85 93
21 32
92 97
91 95
38 53
15 27
60 64
80 91
54 59
12 25
17 28
26 33
5 15
88 95
69 77
83 92
79 83
23 34
23 39
85 89
41 47
42 59
50 63
81 93
32 50
43 54
80 88
36 54
26 30
14 20
42 45
11 23
85 89
23 41
45 49
21 47
73 85
9 22
59 73
64 72
85 100
19 33
38 48
22 37
18 22
90 92
50 63
68 71
95 100
32 45
20 29
43 49
68 90
95 100
33 35
43 52
84 93
69 77
24 29
1 6
6 18
47 62
84 99
34 39
48 58
22 38
32 44
70 80
52 62
13 24
68 71
43 49
61 77
25 57
39 44
70 77
46 50
73 79
81 98
86 96
23 93
70 85
69 81
20 25
50 56
18 24
45 59
2 16
64 67
39 52
10 21
16 20
70 79
17 35
88 97
28 46
23 45
60 85
47 50
41 50
82 99
21 33
19 44
57 61
60 65
54 65
38 42
1 7
38 43
25 35
5 19
84 89
74 88
26 47
67 74
13 23
25 34
18 25
68 87
67 85
70 96
92 94
45 53
68 84
24 29
77 86
90 94
1 5
28 38
73 80
42 48
24 35
27 39
2 4
85 88
19 27
38 39
20 23
9 20
72 77
79 90
45 68
21 42
72 81
82 91
18 43
19 31
91 100
52 58
9 13
73 87
76 83
3 10
32 42
5 29
59 70
43 50
50 56
69 89
9 18
91 98
45 51
42 48
84 95
87 93
65 74
26 39
7 12
9 19
24 32
10 27
72 77
47 49
21 23
52 64
76 85
7 20
71 80
53 58
64 80
12 35
81 83
6 9
61 72
76 81
12 23
33 39
44 49
79 81
54 69
64 91
72 90
60 69
34 46
65 70
46 50
66 78
4 11
69 82
23 43
57 76
35 43
54 73
35 61
54 64
17 59
48 52
5 11
4 8
7 12
75 84
28 36
35 46
24 37
77 83
47 61
4 10
39 59
9 16
83 99
45 59
41 52
83 88
42 46
28 31
54 72
68 70
62 82
17 22
55 65
62 80
46 51
43 55
83 90
29 46
9 21
2 9
11 26
40 47
85 93
46 62
65 76
30 40
9 22
70 77
59 68
57 72
88 93
74 86
53 59
60 80
90 92
17 24
45 48
50 77
71 73
22 25
20 30
70 83
8 21
71 86
35 57
6 11
60 69
36 56
74 99
46 57
21 25
14 30
4 18
55 70
31 41
1 14
58 65
69 95
16 32
24 30
36 51
52 54
69 74
16 23
15 36
78 90
52 56
29 47
