100 20 20 16
00000000000000000000
00000000000000000000
00000000000000000000
00000000000000000000
00000000000000000000
00000000000000000000
00000000000000000000
00000000000000000000
00000000000000011111
00000000000000000000
00000000000000000000
00000000000000000000
00000111110000000000
00000000000000000000
00000000000000011111
00000000000000000000
00000000000000000000
00000000000000000000
00000000000000000000
0000010000010000000
0000010000010000000
0000010000010000000
0000010000010000000
0000010000010000000
0000000000000000000
0000000000000000000
0000000000000000000
0000000100000000000
0000000100000000000
0000000100000000000
0000000101000000000
0000000101000000000
0000000001000000000
0000000001000000000
0000000001000000000
0000000001000000000
0000000001000000000
0000000001000000000
0000000001000000000
5274
69 75
50 66
36 43
4 21
79 90
66 76
43 50
29 41
7 14
44 52
25 29
45 49
12 16
26 33
82 94
78 84
15 19
63 69
13 17
30 43
38 43
73 78
24 25
3 15
86 88
79 82
9 38
79 99
60 66
82 90
68 73
58 75
31 40
53 68
24 37
85 90
25 37
84 100
68 81
66 74
83 89
41 50
84 97
28 35
54 63
21 55
70 73
79 92
9 23
55 65
26 48
38 46
41 56
85 100
31 33
27 36
90 91
8 38
77 86
61 69
22 50
28 41
48 63
57 72
64 77
63 79
21 33
9 41
10 12
30 46
28 39
23 38
55 63
36 45
28 44
65 77
76 95
38 46
10 30
27 48
86 94
56 67
61 68
44 48
44 53
48 74
70 87
52 71
69 78
82 89
1 15
81 90
39 60
59 68
82 99
61 68
35 47
79 85
89 95
77 87
51 57
19 30
77 80
89 95
33 42
74 85
31 46
74 77
58 77
61 69
17 22
24 32
24 35
58 71
80 88
9 42
74 77
4 12
26 33
56 63
86 92
73 79
17 25
16 29
2 6
47 57
26 33
41 54
75 79
88 91
47 51
16 21
63 66
46 77
56 63
89 95
95 98
62 67
43 45
66 89
89 96
63 69
29 41
53 59
21 28
78 84
32 43
56 65
31 46
62 71
79 96
6 29
33 43
91 98
47 51
19 30
49 61
23 68
55 62
47 54
83 100
76 96
1 12
96 99
24 36
52 58
22 31
95 98
34 45
34 47
1 10
57 70
21 35
54 66
62 67
18 25
24 39
10 18
32 45
77 81
53 59
9 19
48 55
17 25
25 30
3 10
33 42
19 24
10 13
67 74
79 82
9 18
38 53
48 56
6 10
81 100
59 61
17 40
57 77
84 97
53 63
48 57
63 74
75 91
11 19
18 33
27 41
26 34
74 99
22 36
38 48
27 39
54 62
63 68
71 76
21 28
58 73
2 13
28 32
88 89
69 86
41 47
16 25
4 8
18 54
34 49
20 35
65 75
74 82
14 36
33 37
47 56
87 98
79 85
81 97
87 97
2 14
24 32
45 61
3 5
40 44
26 42
22 29
80 83
27 36
9 17
19 27
41 92
9 11
6 13
12 38
17 55
71 76
89 99
25 32
16 19
13 22
59 66
49 60
78 88
80 85
55 63
33 42
15 28
63 64
76 82
38 43
41 48
79 89
15 20
36 42
17 30
8 22
56 68
4 17
88 93
4 15
57 79
27 36
61 67
59 68
47 67
60 67
63 66
46 52
23 26
6 13
55 71
21 30
1 10
77 92
20 53
22 40
4 27
58 68
84 85
11 22
14 22
37 53
90 100
15 17
38 57
71 81
83 92
7 14
39 51
43 57
94 100
39 43
23 36
34 39
77 86
59 64
20 33
10 20
93 96
14 18
57 69
4 11
12 41
58 85
57 64
58 67
56 76
45 56
58 88
58 66
68 76
67 85
32 39
7 19
47 52
29 45
47 50
18 24
74 86
32 35
19 21
54 60
13 45
12 37
11 31
56 66
92 94
75 81
71 79
56 73
41 48
10 31
8 22
34 45
26 59
64 73
24 33
9 11
19 35
53 57
46 49
88 99
46 63
74 91
50 61
59 70
9 13
16 38
1 23
54 70
79 86
1 29
59 66
25 29
65 91
32 44
19 33
11 30
77 90
31 37
46 55
11 16
34 39
9 18
57 67
16 52
75 83
84 98
74 83
1 36
66 71
40 44
9 18
64 95
77 85
11 17
60 69
28 40
18 22
62 65
23 32
8 26
50 60
28 38
44 51
6 11
4 8
33 45
30 38
46 59
66 74
38 56
4 14
63 71
35 37
53 62
74 81
16 26
19 31
14 45
31 45
11 36
16 25
90 94
49 73
38 43
42 50
29 33
20 40
24 34
19 40
70 73
3 7
58 73
22 42
38 41
58 63
18 23
28 45
58 67
20 29
53 56
85 94
64 70
71 94
67 73
57 82
7 33
24 37
30 46
50 52
31 41
46 51
43 54
80 94
65 70
37 57
47 64
17 28
88 91
71 73
45 62
71 83
18 28
88 94
81 86
58 79
60 68
71 76
64 70
43 51
3 9
46 48
88 92
32 40
4 9
41 71
2 6
73 81
1 12
8 13
72 85
36 60
81 94
7 38
49 50
68 77
53 62
55 66
18 28
7 18
51 80
96 98
34 47
43 63
41 51
58 73
67 80
55 63
81 96
49 71
27 34
44 58
62 71
3 14
83 88
91 98
19 29
54 67
10 28
80 83
8 20
20 36
66 69
44 49
5 24
50 63
46 51
64 72
43 47
17 27
20 27
63 71
58 86
41 45
71 76
82 93
29 39
34 37
5 9
24 38
47 60
61 65
1 10
61 96
40 46
30 40
27 35
70 78
79 82
60 70
25 33
19 35
93 100
75 100
66 69
10 16
66 77
73 79
11 53
9 27
33 39
60 66
4 10
46 51
38 52
3 8
67 75
80 93
1 3
34 41
73 85
15 23
45 70
85 88
29 36
39 45
39 46
40 45
32 46
43 60
3 24
5 11
16 28
44 59
1 26
21 25
32 53
68 80
11 30
17 59
88 96
3 28
19 31
61 77
19 27
51 61
4 8
25 35
23 35
31 55
16 27
8 22
59 63
2 10
79 85
39 46
48 60
36 51
36 45
92 99
60 73
30 38
19 22
34 39
27 38
15 31
58 65
82 90
50 57
85 100
37 41
90 96
74 76
47 56
54 64
15 25
59 67
6 15
87 91
45 64
13 33
29 34
38 40
72 84
11 16
18 27
51 71
32 37
21 31
77 84
6 10
70 89
17 26
88 95
40 68
92 98
71 77
78 90
58 76
70 80
40 44
36 49
7 18
40 46
68 77
63 72
76 84
34 51
25 48
76 80
78 98
54 65
19 31
23 33
68 78
12 20
91 100
85 89
56 64
9 28
77 91
20 30
4 16
46 55
82 87
82 95
50 61
8 19
75 85
28 31
24 28
1 7
65 70
39 72
42 55
10 18
38 42
85 91
8 35
35 46
80 89
88 96
96 99
29 32
31 36
58 63
41 47
17 37
41 48
16 28
33 52
78 88
61 63
46 53
84 91
52 61
56 61
73 80
43 68
26 42
64 81
69 84
58 70
23 44
51 60
7 16
70 88
80 88
72 85
29 68
62 75
11 22
41 57
20 32
19 32
28 38
50 62
36 49
78 92
62 69
83 86
40 52
69 85
86 98
73 80
17 25
82 87
42 52
13 25
44 59
66 79
61 67
44 49
70 88
16 24
9 14
41 48
42 55
93 95
38 46
59 84
10 15
50 75
83 91
73 81
54 61
30 39
53 66
59 86
20 25
31 53
39 46
83 92
36 39
59 68
76 82
77 83
36 42
81 88
30 47
81 90
79 90
24 34
3 14
55 73
50 57
58 60
61 63
50 59
51 61
2 16
52 56
96 100
72 91
11 22
11 16
24 26
33 38
13 30
76 83
17 31
28 41
57 79
58 70
8 16
34 44
16 27
14 20
6 9
35 38
66 70
52 58
67 83
14 20
8 15
83 88
59 71
56 68
9 18
56 63
74 80
66 75
51 66
35 45
8 16
44 60
21 30
66 76
60 66
56 66
6 16
18 23
14 17
73 86
44 53
13 24
36 41
12 19
77 94
5 12
18 34
46 62
59 63
28 32
7 14
50 70
32 42
81 87
46 52
17 21
74 91
39 45
45 61
29 38
53 63
59 86
16 32
71 80
81 85
55 87
75 84
98 100
67 75
75 86
88 90
36 55
70 78
18 26
84 91
72 81
50 55
70 76
86 91
52 68
14 34
63 73
89 100
74 85
3 9
34 56
13 21
7 17
4 9
71 73
40 43
36 38
75 83
18 25
51 60
32 48
50 62
51 73
11 14
8 12
51 83
14 25
80 98
11 18
19 20
12 22
51 60
9 13
12 21
40 47
59 63
67 78
10 14
88 96
34 46
47 65
35 42
89 93
48 69
85 91
53 58
84 97
80 96
57 70
66 83
13 17
36 44
35 60
63 74
23 33
7 22
26 34
6 12
9 27
71 89
78 97
29 49
70 76
64 81
92 97
80 84
25 28
35 44
34 48
86 96
34 41
58 63
79 92
13 45
45 68
26 53
10 25
48 60
32 37
55 63
66 68
22 31
72 85
78 82
40 57
71 98
95 99
80 96
24 37
55 69
62 92
47 52
16 19
58 76
41 51
52 60
34 43
88 95
59 66
71 76
56 62
78 83
14 27
90 95
77 91
17 32
62 69
48 56
77 93
63 77
36 53
57 68
1 13
65 74
83 91
62 67
70 76
78 94
61 69
40 52
65 69
57 66
4 18
15 21
75 80
74 80
26 31
62 68
91 96
53 60
76 79
64 70
65 75
51 54
6 11
77 91
17 35
32 48
2 12
1 5
11 32
9 11
33 45
5 9
39 46
20 23
43 45
80 89
31 41
35 37
16 18
50 61
45 81
25 34
8 19
84 90
30 35
49 60
25 33
49 54
57 69
5 18
67 82
45 55
18 30
5 29
63 89
79 94
30 35
88 92
2 15
72 79
59 61
39 78
23 29
8 19
16 20
2 30
64 70
63 67
49 61
70 95
31 38
36 52
81 86
28 35
18 24
76 87
43 54
65 72
48 53
27 45
90 97
38 58
37 42
71 90
52 58
56 80
78 89
5 31
33 45
67 85
48 56
72 86
65 78
15 26
45 54
68 88
42 59
27 46
1 3
34 49
15 41
8 14
17 29
65 70
54 65
85 93
64 91
61 72
65 97
43 69
38 59
40 44
3 6
27 42
12 22
1 23
14 21
59 70
63 82
5 13
13 19
14 21
5 29
54 72
22 32
4 14
69 70
61 79
4 29
27 71
36 56
1 8
65 69
16 26
66 72
59 80
15 27
73 79
49 55
88 93
46 49
76 79
89 97
47 56
75 85
64 80
3 21
34 37
62 72
38 49
17 27
22 39
60 79
13 24
40 58
86 91
14 27
7 13
17 28
85 93
14 24
79 90
64 78
95 100
88 91
78 81
19 24
1 4
31 45
44 51
14 21
22 33
67 74
77 81
67 75
63 80
26 46
82 93
16 23
14 33
52 55
79 85
42 57
69 87
72 77
27 36
55 63
11 32
59 74
24 27
63 72
80 93
7 22
39 52
32 55
87 92
30 39
19 26
1 21
37 47
22 27
36 44
42 53
23 36
75 84
66 71
28 36
90 94
64 68
5 20
8 19
24 33
41 51
66 71
71 87
74 99
26 46
82 99
39 51
30 36
73 86
21 31
23 40
73 95
79 84
86 93
74 81
17 24
43 47
36 45
4 19
6 13
65 79
1 15
4 7
12 31
9 13
12 30
8 37
79 82
17 42
73 84
89 100
19 25
43 59
38 43
67 78
76 81
68 73
25 39
70 77
37 54
20 36
45 59
48 57
71 87
65 78
14 15
73 88
44 63
27 29
83 95
37 44
18 27
64 74
13 21
87 91
1 12
53 79
45 61
30 40
41 49
25 33
27 50
49 73
7 10
31 35
43 49
72 83
19 21
84 90
85 93
70 75
84 98
29 34
25 29
47 57
65 80
1 14
66 85
67 97
41 51
27 34
54 57
9 17
57 71
91 100
58 62
18 22
43 54
56 70
85 92
69 70
87 98
67 72
2 7
89 94
15 25
52 63
31 43
17 28
56 61
44 62
70 78
70 73
66 80
59 63
7 12
78 83
26 37
17 26
2 24
74 83
1 10
39 56
31 40
19 33
24 33
64 78
88 100
34 46
74 86
32 38
33 36
26 38
52 70
25 30
5 14
42 56
70 83
80 85
12 14
11 18
25 38
70 80
47 57
24 49
66 76
77 91
69 78
55 73
53 62
33 57
9 14
26 30
73 92
38 48
65 68
31 38
58 65
33 38
3 14
10 26
77 91
21 27
24 29
87 91
1 7
61 67
32 57
10 36
11 27
81 89
31 46
43 49
81 87
23 25
14 23
66 70
56 65
55 64
15 33
52 71
64 68
96 100
25 32
6 8
74 89
7 29
51 61
71 83
62 82
40 45
20 30
41 45
75 85
31 43
35 44
83 95
64 99
39 54
18 45
78 88
46 60
47 54
16 23
38 72
14 35
44 78
44 63
57 88
39 55
44 48
59 70
56 67
39 47
57 63
68 86
73 79
51 66
66 77
12 24
52 66
60 85
13 21
42 50
1 7
82 89
31 40
52 64
16 21
72 76
73 77
82 93
69 76
8 17
49 62
34 43
43 44
81 87
88 97
85 91
8 13
86 94
70 78
14 20
76 91
23 40
66 72
54 68
4 8
72 78
78 96
70 75
17 33
7 26
88 90
38 48
65 73
82 87
53 67
95 98
32 35
40 62
6 13
92 98
94 97
36 44
27 31
68 72
88 100
94 99
8 18
54 61
12 20
7 23
24 34
92 100
79 91
62 71
42 54
6 11
74 85
42 52
14 19
77 100
80 87
92 95
58 59
48 61
36 37
38 42
5 25
41 55
83 89
15 21
21 33
4 9
43 59
80 95
8 33
68 97
31 38
36 46
29 36
80 86
12 18
89 92
91 97
64 70
80 86
57 81
80 92
61 72
64 76
8 17
32 42
26 72
21 39
67 81
52 63
1 38
24 39
58 61
80 96
60 90
4 12
1 8
19 26
3 17
55 63
55 69
4 13
64 73
88 93
13 30
14 20
35 66
19 33
66 94
51 54
91 95
83 93
80 87
77 88
53 60
41 48
26 30
93 98
83 85
84 85
28 34
34 40
52 56
75 93
79 87
53 59
31 67
60 79
63 78
60 63
48 58
23 30
40 50
66 71
70 95
59 69
47 57
80 85
48 59
42 51
33 35
21 34
59 70
3 10
78 92
83 87
97 100
40 52
43 55
64 72
1 10
66 72
6 13
55 67
76 83
78 88
67 77
18 22
86 100
10 21
13 19
51 63
56 62
84 100
66 73
14 27
13 18
64 80
20 26
5 21
59 69
11 17
47 54
28 37
18 25
91 95
83 89
41 57
73 76
35 47
20 23
80 88
56 64
64 78
14 19
71 80
7 14
57 80
3 13
41 48
12 32
11 17
15 33
9 22
37 43
4 9
62 70
32 35
54 64
67 78
3 53
46 48
81 89
52 56
74 80
48 88
21 33
31 42
31 34
93 99
14 21
81 97
82 92
45 56
49 67
54 71
33 40
1 10
33 43
9 17
57 69
70 73
82 89
5 18
37 45
68 89
48 55
31 34
16 22
43 49
92 100
1 5
28 31
87 91
32 55
55 61
93 99
79 83
78 87
70 100
20 49
35 44
42 47
78 82
42 46
29 47
48 61
14 25
2 27
91 97
59 66
84 96
28 63
42 54
91 96
81 91
68 71
78 82
87 96
31 39
14 26
40 47
38 52
88 95
66 77
68 84
83 100
29 35
69 78
31 36
11 26
43 52
26 33
65 75
54 69
24 32
2 8
3 5
75 81
7 14
81 87
17 33
69 73
46 60
54 57
61 77
71 81
86 95
67 77
42 47
81 92
70 87
64 70
21 32
41 71
93 98
87 95
57 70
91 97
14 27
87 97
65 70
28 33
49 62
28 33
1 8
10 20
46 73
21 26
29 44
64 80
72 84
70 76
29 45
37 55
92 99
23 34
81 100
39 58
62 70
42 64
77 84
81 88
73 78
21 28
16 20
59 77
66 82
54 85
68 83
46 50
77 88
29 61
66 81
53 60
62 70
34 43
21 31
60 70
88 94
40 55
65 77
66 72
81 88
21 31
32 47
5 9
74 83
25 42
5 27
26 36
1 10
62 71
85 95
64 85
40 45
23 28
9 22
38 42
25 57
57 63
47 61
58 62
9 27
5 9
72 74
36 47
4 28
47 62
1 7
71 80
85 97
39 50
19 28
71 89
61 67
10 20
45 62
51 56
55 63
86 95
10 16
7 25
45 54
15 33
30 40
74 84
13 17
85 94
86 93
5 21
80 95
77 84
74 86
1 11
7 15
75 78
20 26
30 42
77 86
33 56
18 20
77 81
59 67
63 87
6 22
49 69
24 33
19 33
59 73
44 66
56 76
31 52
53 65
78 85
72 75
14 16
47 50
53 72
52 65
6 19
35 40
85 96
77 94
75 95
61 63
33 45
4 50
81 85
16 22
18 34
60 64
76 79
15 32
37 52
84 93
97 100
27 45
3 17
49 54
4 18
24 28
79 93
17 22
40 60
70 84
60 79
21 31
10 18
92 99
58 70
36 40
96 100
1 10
64 77
8 14
78 84
53 68
89 95
36 45
32 36
17 54
13 19
74 78
23 31
6 24
40 49
66 72
13 31
43 47
47 52
80 87
68 70
26 44
11 26
50 61
88 96
22 28
43 53
57 68
41 47
62 71
73 86
38 42
78 87
55 61
9 30
87 89
55 68
89 94
69 73
58 63
41 48
16 21
92 98
31 49
2 8
36 53
25 44
60 67
52 68
25 46
92 100
9 22
51 59
90 95
11 20
15 47
51 68
12 19
67 70
34 58
17 38
53 74
20 31
47 56
30 35
74 88
50 58
65 75
15 21
25 35
64 65
3 17
67 71
4 7
62 74
92 98
44 55
4 11
45 53
54 63
78 91
44 69
61 68
11 48
71 86
69 82
44 47
46 53
16 21
19 43
18 26
17 25
72 77
34 39
69 72
83 89
33 42
31 38
84 95
98 100
6 16
43 52
45 53
54 68
27 53
34 39
56 65
74 83
38 50
19 25
6 11
42 47
45 50
5 10
65 82
27 29
30 46
14 64
51 56
48 52
23 35
9 25
2 8
51 64
29 40
44 49
88 99
70 77
77 80
36 45
76 81
2 9
35 47
47 51
55 63
3 14
23 30
37 46
26 47
6 13
2 13
46 54
19 30
36 45
43 51
22 43
36 55
22 28
40 53
41 51
1 11
57 62
62 69
94 98
45 75
69 83
69 74
53 92
83 94
58 72
63 78
52 81
31 36
2 11
19 26
71 98
46 57
26 31
4 11
38 46
66 71
11 21
63 73
56 64
91 95
4 8
57 69
4 17
22 60
10 21
72 94
11 19
82 89
76 82
58 62
2 7
88 97
14 33
85 92
43 53
78 90
46 50
35 39
60 74
15 21
84 91
64 81
24 32
56 65
71 86
53 76
23 39
70 79
3 11
82 87
38 61
25 41
89 93
1 25
75 82
53 59
5 12
9 15
88 97
72 78
57 63
94 98
74 84
46 65
86 94
30 36
88 94
2 8
30 45
36 48
60 75
78 91
11 24
35 62
19 26
77 81
31 40
55 64
2 6
9 15
4 15
70 88
7 15
93 100
28 41
35 49
29 34
65 67
47 68
80 89
39 54
87 93
78 83
36 43
84 90
33 53
88 99
71 88
63 80
38 45
35 51
39 54
56 70
72 92
6 14
45 49
43 47
68 89
22 32
67 75
49 55
41 44
80 87
43 55
51 53
57 75
2 15
80 92
48 56
64 78
63 69
52 62
45 51
81 93
25 47
63 70
52 57
93 96
84 92
78 100
14 28
76 88
11 22
25 33
77 83
50 58
43 57
77 83
32 39
12 25
40 43
73 85
85 89
42 52
24 37
88 94
76 80
6 12
84 89
56 72
89 95
19 37
64 74
35 47
51 63
59 62
38 46
32 44
12 34
90 95
92 95
4 12
4 20
38 55
55 82
48 53
78 95
14 23
32 41
20 38
9 24
5 12
60 83
34 46
76 82
33 41
84 99
45 57
14 21
66 70
81 89
46 55
27 37
66 74
6 11
48 54
45 55
3 10
20 48
70 76
6 12
58 84
2 6
4 6
68 78
58 62
44 65
29 31
21 28
41 53
7 14
33 45
9 30
16 33
25 33
1 18
73 83
27 37
40 49
22 50
81 89
77 83
2 7
48 53
55 64
30 41
19 28
77 91
10 19
27 37
83 89
50 54
11 22
81 94
45 65
84 98
53 71
67 73
62 72
3 14
42 53
65 73
56 70
30 38
27 36
15 45
18 29
23 37
62 82
70 76
87 95
53 63
88 100
91 95
45 48
68 74
75 93
68 84
75 95
71 94
49 53
22 40
39 47
4 12
44 52
53 67
62 63
29 42
36 55
65 82
88 97
8 14
67 83
71 79
4 15
39 56
26 36
52 60
93 94
13 22
62 68
17 32
26 35
63 72
41 64
39 44
25 33
75 85
28 39
82 92
52 63
77 86
61 69
7 14
68 84
38 41
33 35
57 83
13 16
55 66
29 44
7 32
14 19
68 77
5 12
31 35
27 43
79 85
87 96
26 34
26 33
84 93
56 62
28 52
14 25
94 100
81 88
18 23
56 60
4 10
69 75
32 40
33 46
61 79
27 97
70 81
78 84
21 35
38 45
77 85
26 30
41 62
94 98
64 71
20 31
57 74
73 95
35 39
46 47
83 91
6 22
32 52
24 33
37 41
40 46
47 50
2 19
86 92
26 38
18 38
41 49
82 87
4 22
28 35
38 61
79 85
27 41
23 39
65 94
5 8
19 35
10 19
80 92
56 59
16 26
39 61
79 90
45 54
52 68
2 8
47 54
12 22
32 58
61 69
78 84
41 54
36 43
7 20
2 21
40 42
58 69
73 90
2 10
48 52
52 59
67 71
63 72
75 91
25 39
64 74
66 70
40 69
39 49
38 52
67 85
85 92
51 74
34 43
34 49
44 62
16 21
53 65
37 55
37 46
43 53
70 75
1 17
12 23
80 87
11 17
28 32
75 86
86 95
68 70
54 79
64 73
66 77
76 87
74 79
59 66
15 22
33 38
8 26
95 99
80 84
25 26
15 22
53 59
75 84
30 52
78 99
6 9
54 69
27 31
33 38
44 67
9 29
35 57
46 58
47 70
85 90
21 24
77 92
63 67
42 47
65 71
71 78
67 72
24 36
65 71
57 65
59 68
30 41
81 89
37 48
31 54
41 49
36 44
7 11
22 32
17 35
52 58
10 18
87 93
66 74
12 22
33 36
75 80
71 73
29 34
68 79
54 65
59 66
36 44
71 81
7 11
41 65
81 86
13 19
54 61
68 75
52 75
61 67
47 66
90 98
84 94
18 24
51 62
19 22
48 54
63 76
10 12
94 96
14 22
69 80
78 90
7 24
34 62
8 16
71 79
36 66
44 53
45 47
80 85
35 48
88 99
35 42
20 24
42 47
80 91
46 56
17 39
68 88
98 100
34 40
45 53
45 49
39 46
43 52
72 78
54 75
39 41
2 23
81 83
49 65
38 41
34 39
40 49
66 72
69 90
8 19
3 14
55 63
29 46
68 80
87 90
51 58
52 73
79 95
35 67
31 35
51 55
3 12
6 34
42 48
68 77
4 14
6 16
83 91
75 88
1 21
52 63
45 50
46 61
13 28
33 64
55 63
56 62
10 21
16 22
34 50
36 42
63 78
82 89
67 78
83 89
34 46
28 36
22 28
66 85
14 19
82 86
42 50
21 33
39 49
30 37
31 47
46 55
26 32
57 63
8 18
8 21
76 83
5 14
44 50
76 84
69 75
46 54
33 36
90 96
49 68
19 26
72 81
78 98
57 69
34 46
47 57
67 74
63 97
11 17
10 21
34 41
14 32
22 25
72 81
2 33
30 45
9 21
88 96
23 26
51 66
10 18
7 9
63 96
45 48
4 15
78 84
14 22
58 93
23 30
30 36
79 82
86 92
2 8
22 46
19 29
31 44
54 62
6 16
46 85
12 17
2 21
28 46
47 57
72 88
24 49
40 49
35 52
87 91
17 24
8 16
47 52
5 18
25 36
36 43
69 72
35 66
14 37
77 87
31 38
19 27
62 68
59 79
4 26
48 55
6 21
36 45
9 36
1 14
73 84
15 36
87 99
18 25
8 13
69 73
26 37
26 40
45 61
27 33
10 13
83 88
38 44
32 48
13 29
24 41
10 31
34 45
58 65
36 43
33 43
2 12
12 19
10 16
77 86
9 14
29 47
70 78
18 21
44 54
56 64
14 22
31 39
35 43
83 94
17 22
34 49
43 61
77 86
19 36
63 84
76 80
14 27
66 70
11 19
43 48
61 70
94 99
47 58
25 36
27 45
71 88
58 73
4 9
81 87
47 55
6 26
4 30
26 30
16 18
12 22
82 99
3 13
76 86
25 32
6 36
4 24
16 30
49 57
5 22
6 22
10 19
73 77
36 45
18 37
44 57
56 67
38 43
19 26
35 41
35 37
1 13
16 36
88 92
41 68
36 48
58 70
68 71
87 91
11 22
28 36
44 56
10 35
16 22
56 64
24 28
70 86
41 80
23 74
41 46
77 94
93 95
29 44
28 34
47 55
33 45
90 95
43 50
14 24
46 68
15 33
18 42
77 87
82 93
28 37
30 37
26 46
84 93
75 85
18 36
48 79
60 68
64 69
1 10
58 72
41 55
85 97
11 20
67 81
86 90
36 49
15 26
78 86
31 44
22 34
18 28
31 37
58 66
49 51
81 82
52 65
37 48
79 91
76 85
56 63
36 47
75 84
42 50
63 75
31 46
66 70
55 63
49 66
89 96
26 31
66 73
68 92
12 30
69 76
69 77
6 14
63 76
21 28
76 94
6 28
76 86
90 98
91 97
29 45
46 52
29 38
74 80
65 75
40 57
59 71
20 39
24 25
77 97
12 17
13 25
53 60
88 93
65 77
97 100
51 60
73 88
39 45
29 60
70 76
72 79
56 60
22 26
3 12
6 14
10 13
34 71
26 32
61 70
11 18
53 64
43 89
82 90
29 35
21 30
90 98
47 78
10 35
36 45
9 15
39 60
43 50
2 14
78 99
53 64
51 67
4 7
58 75
77 84
86 98
80 92
90 96
37 53
57 73
36 41
64 75
80 88
44 54
48 53
58 66
6 22
61 66
34 44
29 36
18 34
17 19
71 94
76 95
89 98
19 33
10 19
60 62
20 25
30 38
24 36
62 70
71 87
31 37
50 60
35 73
41 49
38 51
45 55
79 87
86 95
85 88
87 99
17 28
40 48
4 21
51 70
48 55
16 20
47 68
42 53
36 40
15 29
44 57
8 10
93 99
43 48
53 66
19 26
89 95
70 82
1 14
44 64
82 92
55 62
19 37
29 42
79 83
3 25
64 73
14 24
31 51
65 90
30 36
19 30
2 34
25 34
19 32
1 6
51 61
58 73
67 73
76 81
62 66
84 90
75 87
53 61
72 83
51 61
1 20
56 60
81 98
4 8
31 36
49 82
23 32
73 80
76 89
75 86
11 20
25 40
33 42
83 89
1 16
9 15
1 11
52 56
69 97
45 65
40 45
34 39
66 76
69 83
41 49
11 23
44 50
73 77
87 95
24 31
7 12
68 73
46 67
52 89
17 38
18 35
76 92
63 72
10 18
45 48
46 53
75 78
72 100
34 49
90 93
60 69
60 65
77 81
48 63
66 83
83 95
15 21
11 32
43 63
18 36
46 81
79 91
13 21
12 25
72 75
92 97
24 41
49 56
4 12
64 80
6 23
12 41
75 80
24 30
24 35
17 31
39 48
57 72
78 89
28 43
6 12
78 79
36 42
32 44
78 87
65 69
22 39
41 70
47 61
70 82
76 92
22 29
22 25
49 62
28 35
85 95
4 31
5 17
24 31
79 91
15 21
74 82
42 58
25 31
71 82
25 29
11 36
16 30
82 90
50 65
25 34
53 58
62 66
79 91
81 89
65 89
64 79
9 15
57 60
37 48
5 9
2 26
5 11
66 75
30 34
21 37
41 50
69 79
27 53
87 93
5 10
71 84
57 68
30 44
26 29
31 45
17 22
67 72
34 55
44 57
52 74
68 77
84 88
74 77
35 38
35 45
36 57
38 61
14 20
43 56
52 64
35 48
58 63
15 19
71 75
32 39
64 69
37 60
71 81
12 22
47 61
42 62
30 34
26 35
21 28
68 75
5 19
44 48
88 96
62 74
71 88
73 84
61 73
92 97
15 25
38 53
91 96
78 83
2 14
76 83
83 97
1 24
6 13
61 72
41 45
38 52
9 26
83 91
8 16
67 73
22 28
92 98
48 56
58 72
35 43
37 46
85 92
70 82
37 43
78 80
26 37
15 31
23 32
65 71
8 16
53 66
53 59
64 71
50 61
55 60
26 30
53 71
49 82
52 59
37 50
14 18
95 100
28 35
43 54
39 57
52 60
55 62
58 71
77 84
43 50
74 76
8 23
55 64
27 40
61 70
74 85
6 24
80 94
12 14
55 69
34 42
75 78
15 22
35 50
20 38
26 41
15 28
73 82
49 55
85 90
58 68
49 53
45 55
23 66
92 99
2 12
43 78
67 71
30 38
36 42
11 19
83 92
44 56
76 85
67 78
88 92
31 36
91 96
1 4
50 57
14 46
42 72
70 97
64 69
59 69
7 15
27 30
5 14
1 7
44 60
67 74
66 70
20 28
69 83
5 48
43 55
7 14
43 90
92 97
3 13
25 60
16 19
96 99
44 47
74 79
14 23
75 80
5 20
35 55
42 52
67 72
39 44
70 74
28 55
11 26
41 47
47 59
42 51
52 85
62 75
33 48
19 45
9 15
84 94
28 36
75 81
83 85
46 59
3 23
52 57
20 27
77 84
69 80
19 30
67 70
8 12
66 77
91 97
94 100
9 21
9 22
47 52
93 97
46 76
53 56
2 5
72 80
3 8
91 100
70 76
86 89
61 66
48 52
30 45
66 73
58 67
47 50
82 91
26 32
90 94
43 53
66 82
37 42
3 21
49 55
15 28
76 87
78 87
45 51
7 13
86 96
48 55
73 82
4 14
84 87
76 78
90 97
25 34
56 79
81 86
87 92
69 81
56 72
48 65
56 60
88 91
48 67
52 86
64 73
77 84
66 69
41 54
3 8
62 82
79 89
76 87
32 38
43 50
56 66
20 28
63 68
51 53
4 22
61 70
42 47
77 86
60 65
61 68
87 90
15 19
67 81
29 59
59 67
46 61
42 55
81 98
19 24
36 40
75 83
12 23
15 26
5 10
41 50
53 82
17 30
53 63
82 89
15 24
17 23
10 20
32 37
64 66
60 67
47 66
64 71
52 57
41 52
26 39
17 38
64 68
89 95
84 100
74 86
72 78
75 88
15 23
82 95
14 52
82 88
88 92
46 59
83 89
39 44
18 32
69 76
40 52
22 38
86 91
27 31
68 72
1 11
14 18
54 66
66 75
36 46
73 83
83 89
60 70
37 43
25 36
34 51
71 91
5 9
22 32
62 73
6 12
64 76
13 21
78 93
11 15
23 30
54 73
12 19
41 56
8 20
31 39
16 34
22 34
47 53
20 32
59 70
24 29
47 63
44 66
78 86
21 32
62 84
37 58
91 95
71 85
10 25
33 40
33 34
4 19
21 29
80 87
56 62
85 93
9 15
89 98
73 82
57 74
4 8
24 33
7 13
2 11
35 55
63 76
42 51
52 63
28 45
5 18
35 39
56 61
40 53
45 50
46 57
25 39
77 81
36 43
52 61
64 78
2 21
46 55
44 48
57 65
38 43
71 78
33 36
51 56
73 77
51 54
40 50
89 100
17 25
75 92
17 33
64 69
62 70
74 78
47 76
47 63
63 73
75 86
35 50
19 41
16 23
53 65
53 61
94 98
42 51
9 19
86 94
21 32
45 53
21 32
28 44
41 66
14 41
24 37
62 70
8 43
89 92
87 92
57 62
90 93
75 80
52 61
54 60
28 38
67 83
62 70
60 91
70 80
77 83
50 66
76 86
7 13
6 17
82 94
63 67
64 76
50 64
75 94
8 11
63 73
24 49
69 78
10 17
32 41
63 76
53 60
30 41
14 21
54 62
39 41
22 23
36 46
38 64
19 30
48 54
16 18
71 77
54 62
46 53
37 44
67 71
82 93
33 43
52 62
30 42
8 19
65 72
14 26
79 91
68 74
38 44
19 72
50 60
73 80
15 34
45 55
44 72
24 33
46 64
84 96
54 57
83 90
35 38
48 54
55 59
56 67
26 31
60 64
79 92
54 85
12 25
2 18
2 15
38 46
85 91
75 79
1 11
89 99
94 98
71 88
23 53
54 64
68 76
20 21
2 9
41 51
31 38
33 36
9 15
53 57
53 61
15 38
40 50
22 32
9 55
94 95
68 75
11 21
45 54
10 30
36 46
28 37
41 55
8 9
31 35
91 96
45 73
60 65
85 94
39 44
35 54
75 83
54 60
22 29
44 54
18 27
71 89
57 69
45 54
57 68
9 40
4 11
5 15
79 85
18 39
70 72
52 71
70 77
29 36
66 71
2 7
29 34
96 100
37 46
26 38
44 49
36 55
33 41
58 72
84 99
73 77
47 68
14 23
60 72
4 16
57 62
35 37
21 26
78 83
8 14
42 68
38 47
31 41
17 25
13 34
21 33
32 43
5 21
6 18
90 99
67 81
66 80
81 87
30 38
4 15
15 27
26 30
72 97
17 34
20 30
52 62
29 36
43 62
77 96
19 32
8 24
38 41
57 64
67 76
34 49
65 78
92 96
59 65
74 80
70 92
5 12
59 71
37 64
37 51
35 46
59 76
75 79
86 96
70 77
40 51
57 67
43 58
49 55
35 44
38 49
85 94
49 61
28 37
56 68
24 34
53 71
60 74
31 88
33 41
31 40
12 25
58 64
32 40
37 58
38 48
54 64
18 30
79 100
24 34
78 93
91 97
65 73
84 100
35 53
83 89
47 51
70 73
27 35
85 97
28 36
89 99
25 30
26 30
81 88
53 62
3 26
46 51
64 75
80 84
57 61
24 29
9 18
45 55
17 25
11 18
20 31
12 19
1 13
66 70
91 100
53 55
75 83
18 26
82 91
53 69
25 26
61 74
43 57
48 74
41 46
78 86
66 78
53 65
82 87
66 95
24 30
22 31
68 73
53 77
13 20
11 15
52 57
56 62
3 12
72 81
7 22
72 78
59 86
88 99
50 76
13 20
52 70
47 60
51 63
19 49
37 47
3 9
25 31
67 75
13 26
25 36
31 33
16 43
12 18
85 89
28 35
3 26
3 13
44 48
8 33
37 46
84 100
24 33
7 12
30 46
41 73
26 36
16 18
50 57
41 51
17 24
58 64
10 16
30 36
85 88
19 29
65 77
95 99
66 76
50 53
62 79
43 45
21 25
92 97
90 98
73 82
85 98
94 99
51 64
40 57
42 62
5 17
36 52
56 63
5 18
27 33
73 94
96 100
12 14
49 52
12 24
24 39
64 68
5 16
22 48
86 88
74 90
84 88
44 46
65 81
19 33
21 23
53 57
58 69
54 64
21 37
64 68
12 20
80 98
57 78
12 27
59 63
35 44
35 42
90 96
66 75
24 38
72 88
58 72
41 72
57 68
84 97
53 57
26 34
86 88
67 72
22 25
36 49
81 88
9 19
74 88
16 28
87 91
82 97
33 38
14 32
63 73
12 31
40 57
30 38
7 11
90 94
40 46
70 80
61 86
25 45
43 44
67 72
47 66
65 70
10 25
41 49
83 89
45 61
32 52
63 80
57 66
55 63
22 24
14 33
5 12
13 26
42 55
66 90
6 13
88 94
32 35
85 96
17 23
17 33
76 85
46 61
24 54
63 79
86 94
20 33
17 31
16 22
6 19
80 83
81 95
19 20
17 27
88 100
3 5
71 77
86 91
49 55
55 63
6 11
17 20
55 65
87 95
65 70
16 33
55 75
3 60
1 7
19 33
8 22
54 60
48 59
72 80
34 41
45 70
56 59
63 70
40 43
56 63
2 6
73 78
90 98
18 22
24 51
5 10
64 69
23 34
63 69
62 72
36 61
55 62
39 49
88 100
6 9
84 94
34 52
52 65
6 12
44 53
74 80
43 50
2 28
31 34
41 59
66 68
89 94
83 91
17 22
76 93
10 29
6 11
52 56
20 21
13 22
14 27
72 83
53 58
18 27
20 29
9 26
7 15
47 66
60 73
16 29
31 35
54 60
75 93
23 33
54 66
71 74
80 85
56 63
72 83
14 17
82 87
39 52
49 57
69 76
28 40
39 47
76 84
34 41
64 69
44 57
85 88
42 48
2 5
38 42
18 39
24 32
94 100
45 51
14 24
68 73
88 94
19 30
50 52
8 32
83 96
47 57
10 18
28 42
86 91
75 84
3 8
50 66
14 24
44 53
26 30
60 65
55 59
27 36
79 89
37 52
15 34
64 77
57 63
33 40
28 36
14 17
86 90
27 45
31 37
83 86
20 27
48 57
55 66
70 75
22 33
15 20
59 82
51 57
37 38
2 13
19 34
74 94
17 25
79 90
32 35
40 71
57 64
48 56
45 55
91 99
27 32
67 74
91 100
66 77
62 75
54 63
79 87
5 16
3 38
4 13
34 45
73 77
65 72
6 16
16 65
59 70
78 85
17 23
23 37
65 73
5 14
61 69
23 30
86 89
22 28
22 25
2 7
43 57
68 87
73 78
82 85
20 28
65 72
37 48
35 63
22 35
84 94
76 89
40 49
71 86
48 69
73 88
21 32
80 92
16 25
71 79
36 40
62 75
14 19
76 79
65 68
36 60
95 100
21 25
83 92
79 87
47 57
45 52
57 62
30 40
94 100
29 41
70 86
32 43
17 25
28 31
81 83
27 29
38 49
42 55
19 40
11 20
31 42
21 26
3 33
74 79
46 54
44 49
21 40
67 71
44 78
66 81
51 55
38 43
90 94
78 80
21 26
10 15
52 63
83 90
46 53
54 64
42 44
32 49
74 80
73 80
79 85
29 33
13 29
72 78
70 79
9 28
66 70
53 63
81 85
47 73
80 82
54 70
87 97
61 68
81 85
2 6
26 30
10 23
44 57
49 67
53 62
36 48
26 29
62 66
14 28
3 10
66 85
81 84
59 70
82 84
13 25
21 26
26 38
67 91
4 19
69 81
57 80
36 41
58 72
28 44
15 26
73 77
43 64
2 13
73 82
69 98
61 65
89 92
42 51
57 63
64 74
31 46
45 51
33 43
76 95
43 53
37 50
68 74
30 38
42 55
20 31
29 47
45 56
86 94
53 66
34 61
20 30
23 50
31 40
64 70
36 50
66 72
74 84
64 76
2 7
69 73
34 42
4 11
40 46
33 47
33 47
18 29
3 15
60 72
44 57
39 50
14 26
7 18
62 84
46 57
70 76
68 74
63 76
39 43
65 81
5 14
35 55
84 92
29 43
4 15
34 42
57 62
57 70
12 20
5 14
63 72
16 28
33 54
37 45
70 92
50 73
42 46
72 81
70 74
26 33
51 54
11 14
73 77
23 37
22 29
1 24
24 29
1 3
50 76
56 75
64 65
27 34
73 80
48 57
16 30
15 32
45 55
80 88
90 96
11 20
82 89
30 35
21 34
2 12
88 100
85 98
86 97
75 79
89 97
9 20
91 100
81 84
42 81
49 62
37 53
42 72
56 68
19 32
8 25
4 11
63 74
71 88
20 28
76 89
36 85
51 59
71 80
1 11
49 60
89 94
3 8
70 76
28 33
67 73
6 26
70 75
80 88
64 74
28 30
54 58
18 25
30 46
69 73
47 49
46 49
12 15
5 13
33 44
4 9
34 40
60 65
16 20
15 33
75 91
75 89
38 48
44 48
50 60
81 89
83 94
38 48
54 67
92 99
3 11
57 69
27 31
55 59
3 15
25 37
2 13
50 59
59 66
12 19
28 35
75 96
8 18
75 83
13 19
93 100
5 15
3 8
23 26
62 78
50 67
27 31
44 48
24 39
66 69
47 57
45 48
65 76
12 16
5 15
86 88
80 85
25 29
49 69
16 26
38 45
67 93
71 76
85 91
20 34
55 80
53 59
11 20
6 29
59 65
19 25
56 61
52 77
18 59
61 67
51 54
63 78
32 39
54 65
15 25
29 41
36 45
69 76
27 48
85 88
30 36
22 38
93 98
9 20
63 69
9 31
2 17
9 31
67 81
33 40
34 36
13 22
68 74
69 76
71 77
80 85
72 73
83 90
6 26
64 74
34 46
33 44
14 27
79 91
48 66
75 77
4 13
36 44
59 74
27 28
50 66
22 28
34 45
4 13
55 61
41 47
81 90
13 16
78 97
26 32
64 71
14 25
48 84
63 67
21 44
22 49
54 62
24 38
11 27
12 23
85 97
54 61
55 65
56 65
48 54
29 42
73 87
26 32
26 40
3 28
35 41
72 81
3 11
37 47
87 93
86 94
39 48
4 12
77 91
42 45
48 54
71 88
6 19
92 94
79 100
48 89
25 48
96 98
14 21
3 36
90 94
69 82
14 18
1 4
18 23
53 65
56 73
32 37
10 21
56 64
68 84
82 95
37 42
58 75
85 93
66 86
72 87
26 35
88 96
52 63
58 75
72 74
59 77
77 93
5 11
2 17
4 8
28 34
27 34
37 52
1 6
79 98
55 61
52 66
81 90
7 28
39 57
85 91
83 92
74 87
49 53
79 89
80 86
13 14
68 76
79 88
26 44
52 61
76 90
75 81
70 78
74 97
6 10
30 55
8 29
24 29
50 54
60 70
10 22
58 62
47 63
5 23
6 10
38 57
26 29
77 87
90 93
63 69
7 22
66 88
91 96
19 23
59 67
33 48
83 93
16 19
77 93
81 85
43 50
48 54
2 7
67 80
58 61
24 53
7 12
69 91
17 29
7 19
63 73
10 21
15 39
11 17
13 15
21 28
69 83
74 89
73 78
80 95
39 54
73 87
41 59
10 12
62 69
78 83
72 79
19 23
35 44
88 100
32 42
42 69
37 42
2 7
18 30
33 38
13 28
13 28
49 55
22 26
49 53
27 36
30 39
69 76
80 97
13 19
24 32
92 100
26 37
34 46
7 10
27 36
40 48
65 89
22 36
79 89
18 24
90 99
41 56
76 78
32 46
8 13
35 47
78 87
81 84
79 92
27 32
83 85
94 100
50 58
25 37
47 68
25 35
28 34
74 78
62 83
74 85
90 97
59 89
80 85
38 54
10 19
66 71
36 59
44 47
37 43
56 67
58 65
11 15
6 25
51 54
28 49
31 68
38 43
58 76
2 11
54 67
36 39
27 37
27 30
87 93
63 65
30 42
56 69
44 51
21 29
74 80
17 47
8 19
59 70
49 59
22 71
78 93
46 55
51 61
57 63
80 86
68 75
59 67
3 9
92 99
11 18
60 71
13 26
76 80
77 90
33 38
22 30
2 13
82 93
58 68
34 40
42 74
29 59
97 100
45 47
32 40
33 56
19 22
65 72
28 35
39 50
80 87
57 67
62 75
8 12
12 18
33 40
75 89
40 45
25 34
57 61
75 89
48 61
20 30
38 42
42 58
5 16
61 68
61 68
78 98
85 96
7 19
29 30
48 56
2 6
41 63
77 90
53 59
35 49
38 45
61 67
90 100
94 100
52 63
50 61
62 83
25 32
32 42
56 76
43 64
72 89
30 42
82 86
26 29
32 41
56 62
47 53
42 48
35 42
31 36
5 15
70 77
80 96
29 33
34 41
68 76
87 94
87 95
63 70
52 55
84 99
10 15
81 91
47 52
87 91
6 28
55 60
35 44
64 76
85 93
76 93
12 14
9 30
86 96
18 35
28 36
23 27
76 79
67 77
84 92
30 40
10 20
17 21
31 36
69 71
50 61
40 74
29 68
84 93
77 87
48 57
79 82
28 38
54 87
73 80
69 81
32 49
76 77
30 66
19 24
55 58
80 96
87 93
11 62
6 15
85 91
20 35
15 25
32 42
10 18
43 65
59 100
13 25
12 20
67 84
75 86
7 10
66 85
40 55
37 50
45 51
34 43
50 74
75 77
33 37
29 39
54 62
24 29
87 92
26 33
45 52
47 59
57 89
15 39
45 52
43 50
39 50
13 19
10 19
11 19
66 74
54 61
60 68
11 15
86 98
65 95
86 96
79 84
58 62
43 52
13 55
38 56
77 88
36 43
1 7
38 47
54 71
62 76
43 49
7 9
32 39
70 75
14 26
17 19
62 81
17 24
11 36
68 80
9 29
76 99
62 66
71 88
13 20
47 74
12 30
72 81
40 53
91 96
72 76
7 10
1 29
33 43
66 71
23 35
21 37
42 52
13 17
36 47
44 49
38 60
70 77
42 53
81 87
28 44
57 66
44 54
48 53
38 51
93 99
51 56
32 45
47 56
70 77
21 25
4 10
73 92
83 91
43 49
28 40
15 25
13 22
59 65
82 85
35 44
84 92
61 64
15 31
16 21
32 36
65 81
77 84
36 39
38 58
14 23
72 84
68 82
57 68
24 31
56 65
3 26
59 86
95 98
80 89
55 60
30 41
73 81
35 40
28 48
89 97
51 67
87 99
9 33
19 30
39 47
93 96
30 37
69 86
14 26
16 29
26 33
36 41
57 63
70 78
18 19
48 58
2 8
2 7
18 25
22 54
69 73
54 55
55 64
23 39
84 94
61 64
77 96
24 28
29 43
71 78
29 39
4 8
56 65
61 75
85 93
81 88
78 91
14 32
22 38
54 65
7 25
38 43
18 24
38 49
13 18
81 91
53 65
17 26
42 45
1 10
46 51
36 51
20 30
48 53
48 80
14 29
44 51
4 12
55 58
39 41
73 83
52 62
69 80
75 79
68 75
54 75
52 59
52 65
5 13
50 64
27 33
51 68
26 39
32 38
34 38
75 94
44 70
5 11
90 98
50 57
67 71
48 62
44 48
33 63
27 35
88 95
40 46
21 32
61 70
62 71
14 33
61 76
75 93
29 37
26 28
74 83
65 75
31 51
44 47
82 86
36 55
78 90
70 75
68 77
4 14
43 49
47 62
55 77
57 63
41 48
7 14
90 98
38 42
38 51
18 26
58 63
80 92
65 77
59 79
38 49
96 99
55 74
90 96
17 43
84 98
22 29
84 100
55 65
81 86
52 55
61 67
33 59
50 58
58 71
13 18
57 65
17 23
57 99
6 24
34 41
93 97
61 78
60 65
14 21
37 48
11 19
34 39
19 27
21 58
81 90
89 98
42 47
77 84
1 7
64 80
89 96
26 34
5 28
83 91
81 91
78 92
54 64
82 97
10 24
82 85
81 87
30 41
40 43
51 55
7 13
59 61
14 26
80 89
22 25
98 99
69 85
46 53
84 93
20 26
48 81
13 17
83 90
83 97
34 48
21 33
90 93
86 89
60 66
62 71
26 29
13 21
20 26
81 87
37 43
30 43
12 26
18 24
75 88
29 32
72 80
56 74
64 72
43 85
20 64
49 66
67 73
25 30
8 15
51 71
61 80
43 47
15 23
89 95
19 27
41 45
13 23
21 31
50 71
47 56
15 24
68 74
19 29
6 25
77 79
58 63
30 32
58 69
26 34
26 31
22 33
43 53
1 9
53 58
33 41
63 69
50 58
25 35
36 42
74 81
22 29
16 31
70 79
95 100
68 81
60 72
29 37
65 76
77 84
60 63
49 54
40 47
83 91
5 9
55 71
29 36
90 94
53 71
70 74
5 16
54 58
29 50
81 90
81 88
32 39
48 72
30 81
62 88
38 44
16 19
27 39
31 40
95 100
37 49
24 29
32 51
23 27
41 45
1 11
90 97
36 52
41 59
9 29
25 32
33 62
77 86
41 56
10 23
10 13
30 36
47 55
24 28
88 100
22 65
77 90
