100 20 20 19
00000000000000000000
00000000000000000000
00000000000000000000
00000001110001100000
00000000000000000000
11110000000000000000
00000000000011000111
00000000000000000000
00000111100000000000
00000000011111000000
11110000000000111111
00000000000000000000
00000000000000000000
00000000011000000111
00000011100000000000
11110000000000000000
00000001100000111000
00000000000000000000
00000000000000000000
0000100001000010000
0000100001000010000
0000100001000010000
0000000001000010000
0000001000000000000
0000000000000000000
0000000000000000000
0000000000000100000
0000100000000100000
0000000010000100000
0000000000000100000
0000000000000100000
0000000100000100000
0000000100000100000
0001000110000100000
0001000010000100000
0000000010000100000
0000001000000000000
0000001000000000000
0000001000000000000
5950
73 87
17 27
63 78
80 89
40 50
88 100
28 37
52 60
15 24
77 96
8 18
29 36
96 100
14 28
30 31
43 54
28 55
54 60
85 93
55 66
52 54
70 82
36 64
8 16
10 22
39 46
11 29
89 96
68 80
63 78
25 36
70 79
25 60
13 19
31 37
27 29
55 63
52 60
59 61
95 100
58 60
3 12
54 63
13 18
88 94
60 70
86 99
15 26
52 81
14 33
55 56
17 22
1 8
50 57
53 59
5 15
14 32
35 42
53 60
72 89
17 48
50 55
65 79
87 92
15 29
93 99
45 66
39 45
1 16
3 14
49 55
70 76
16 18
39 58
53 62
60 68
17 28
64 66
28 34
92 96
5 9
2 15
48 64
38 46
67 82
13 23
34 40
94 99
50 61
14 40
71 81
63 76
64 71
14 20
16 20
19 32
58 64
47 55
74 80
38 44
60 64
23 40
51 61
85 89
2 17
23 38
2 16
46 58
17 35
74 76
87 94
78 91
90 93
7 63
86 90
8 40
10 31
53 70
32 36
34 40
18 21
67 72
83 92
90 100
33 36
39 44
56 65
45 56
44 52
82 87
82 91
61 65
45 66
79 93
59 67
43 55
81 91
44 53
23 26
48 72
79 90
25 31
25 31
71 79
40 55
51 55
35 45
13 24
11 18
97 100
79 98
52 87
8 21
45 53
69 77
11 20
60 67
59 73
30 51
38 44
15 17
58 74
11 19
35 44
66 79
18 22
93 98
30 41
55 60
58 78
21 55
69 83
25 46
15 25
71 88
48 60
51 67
75 84
29 42
47 51
7 22
60 65
28 37
79 96
18 30
63 78
85 95
21 27
43 59
4 12
39 47
73 90
24 38
71 75
22 25
87 89
44 65
1 7
79 91
48 67
14 19
61 70
8 18
54 62
91 100
96 100
20 34
94 99
4 9
81 96
94 100
76 93
77 84
29 42
59 72
28 32
36 41
64 74
37 53
34 37
46 47
79 88
11 24
4 37
57 60
40 53
12 27
72 86
66 72
46 61
30 38
30 33
79 83
95 98
61 71
16 29
42 50
65 84
41 52
73 82
87 91
51 59
23 28
18 33
62 74
2 7
66 72
87 99
31 37
20 22
93 100
90 93
19 28
13 27
12 24
92 95
32 40
66 78
73 88
16 31
12 32
26 30
36 46
16 26
22 62
74 84
51 75
63 73
12 16
43 52
90 99
28 36
15 30
61 64
8 21
85 99
52 69
29 38
55 80
50 57
3 11
49 100
46 55
27 39
26 37
21 24
92 94
39 55
77 82
24 41
31 37
45 48
86 94
28 33
49 54
7 11
14 46
44 47
68 79
55 65
69 79
53 65
11 21
10 24
80 94
56 67
48 60
59 79
45 54
80 87
34 62
71 79
63 67
72 78
33 36
78 90
25 30
21 25
17 20
17 41
83 94
58 70
55 64
16 23
67 74
38 53
18 27
23 32
62 78
49 67
68 71
64 69
69 75
47 56
41 46
66 77
85 96
84 89
4 34
24 35
81 96
48 63
41 63
81 89
27 49
27 41
12 32
8 14
3 15
6 16
39 43
16 22
42 48
3 13
41 48
88 93
80 90
7 20
67 72
90 96
71 78
26 53
55 62
21 28
87 93
11 22
62 95
63 69
2 22
40 45
77 87
20 40
43 46
40 52
9 21
80 92
52 56
3 14
78 87
48 59
17 21
68 81
73 79
45 58
9 30
61 79
81 97
4 43
69 79
83 95
39 52
40 67
90 95
4 8
35 44
70 76
10 22
67 82
58 68
32 36
35 41
43 72
9 18
36 43
71 99
86 90
20 38
2 12
32 44
40 58
21 24
3 12
23 26
84 92
37 42
31 42
18 37
80 84
54 63
22 25
78 97
90 96
18 20
35 40
46 66
60 85
78 84
95 100
9 33
13 19
8 19
66 79
92 94
18 24
36 40
52 66
72 83
51 64
77 81
76 80
70 90
3 18
72 86
21 26
29 49
83 92
11 25
25 30
65 80
84 95
48 53
6 14
3 7
32 42
7 22
80 85
43 51
13 21
14 28
83 93
35 43
64 74
7 16
79 90
39 96
23 41
6 9
87 90
43 51
16 33
17 37
16 24
75 84
4 38
60 71
84 95
80 97
8 14
54 56
92 97
11 17
83 100
75 77
48 68
75 92
41 52
77 85
4 9
1 4
30 35
45 54
18 34
25 33
40 42
16 20
56 69
13 31
75 80
4 16
6 16
42 82
24 64
41 53
55 77
61 75
39 42
67 72
73 85
57 78
55 64
2 36
93 97
43 49
68 73
24 78
40 45
67 78
44 48
73 80
38 46
75 94
17 32
16 21
4 19
21 32
89 93
52 61
9 24
11 29
89 96
70 74
21 25
20 35
54 65
1 16
4 12
17 23
13 22
21 43
23 37
16 34
80 82
43 48
8 30
57 63
2 7
64 76
53 75
4 19
10 22
23 32
22 31
43 61
23 28
69 75
60 71
61 94
19 34
22 33
43 55
13 28
90 100
37 38
19 26
36 53
84 92
46 51
57 70
21 29
1 15
57 58
45 56
25 36
92 99
49 52
74 77
24 49
3 11
74 81
71 76
35 46
33 37
62 78
62 72
26 41
1 7
37 41
41 58
4 24
11 19
62 68
66 76
8 10
45 52
5 13
62 78
91 98
6 48
41 46
19 36
35 43
17 22
94 100
56 65
18 30
14 23
53 56
91 100
88 95
39 46
19 36
31 35
17 29
77 86
16 22
38 46
9 23
41 49
77 87
47 52
77 91
5 21
13 34
8 24
80 89
6 22
34 49
17 28
4 12
75 89
65 74
19 33
24 31
32 45
4 27
60 66
69 97
40 45
30 73
36 44
20 31
59 67
69 83
66 91
57 82
60 70
92 98
78 80
6 19
43 57
10 20
51 56
15 32
84 96
29 35
60 67
57 65
86 90
35 49
77 87
58 65
14 23
68 76
54 60
71 74
36 47
32 40
18 22
29 56
88 91
60 67
11 17
68 87
17 27
72 84
38 54
9 15
54 63
21 26
66 83
31 36
39 45
6 10
87 96
44 59
91 95
39 45
36 38
27 44
10 23
46 67
37 49
89 99
25 34
57 68
62 68
92 94
60 72
14 20
6 12
85 91
39 49
15 31
34 44
79 84
83 95
11 16
68 73
95 98
68 88
77 80
46 61
28 38
19 25
1 29
20 23
86 93
85 92
93 96
47 57
12 47
49 53
2 11
82 90
17 27
95 98
12 24
81 98
92 98
39 46
84 99
2 31
23 35
18 29
48 56
11 21
7 21
64 83
43 52
67 72
62 70
27 44
51 57
10 18
56 68
46 51
6 13
73 86
79 90
37 51
39 65
6 21
46 51
7 13
67 82
21 25
62 69
77 85
84 100
70 75
96 100
12 23
64 72
72 79
33 42
32 44
73 85
4 11
68 73
9 17
59 69
36 59
22 28
36 84
35 45
7 21
7 16
82 95
34 38
21 40
57 65
47 54
6 18
67 76
35 39
77 87
97 100
13 22
6 13
17 25
17 37
35 44
46 55
46 52
53 63
60 67
68 93
39 54
60 69
37 51
39 49
73 80
19 37
7 12
86 95
48 56
15 26
4 45
62 64
50 59
27 38
25 45
53 58
70 85
84 99
29 37
12 20
43 48
47 61
15 36
43 59
1 19
71 82
94 99
63 73
4 7
39 77
87 96
88 91
66 68
27 41
88 100
74 80
35 44
11 25
64 91
14 27
10 24
3 11
68 79
32 36
23 51
60 72
27 38
42 50
50 57
51 59
10 35
36 52
22 25
79 84
38 60
44 49
71 87
66 75
31 51
49 53
12 24
52 64
22 29
66 81
1 8
42 46
66 82
27 35
73 82
20 26
35 48
29 32
51 57
22 34
40 47
22 28
81 88
49 62
81 85
66 81
13 15
37 56
84 92
57 64
48 68
74 82
22 46
12 15
30 41
91 96
8 12
58 62
71 79
60 72
78 88
35 77
31 34
82 95
91 98
9 23
35 59
78 91
71 90
90 94
15 23
39 46
63 87
28 33
45 48
88 100
8 20
11 36
16 34
29 44
38 44
27 35
7 15
84 94
23 32
8 16
32 50
46 63
46 50
82 95
21 26
9 26
77 82
29 40
54 61
89 95
70 80
21 22
38 79
36 46
85 91
56 64
78 90
32 37
36 58
63 69
11 17
20 27
38 58
42 65
58 64
29 39
55 60
31 38
44 80
37 54
11 17
67 72
18 33
69 72
39 59
41 44
47 62
71 85
63 73
84 92
59 64
14 24
32 52
6 30
69 73
65 73
11 15
88 100
12 32
51 60
41 58
31 35
21 28
38 42
44 60
61 83
21 28
33 46
56 84
69 76
12 21
71 83
70 82
35 47
40 49
89 97
36 47
40 51
20 25
11 39
25 31
39 46
46 72
73 86
45 50
53 95
41 45
10 20
12 23
82 88
66 73
75 86
18 23
65 76
5 32
65 70
61 72
68 79
92 96
78 83
83 98
10 20
43 68
22 28
2 5
6 18
61 70
12 24
18 22
71 72
50 62
53 59
94 100
24 35
53 61
7 13
10 14
16 22
18 27
77 83
88 98
7 21
46 53
7 12
82 86
32 39
36 50
52 63
43 51
92 95
83 88
46 49
43 53
35 50
70 83
10 20
41 59
53 64
11 15
1 11
11 16
82 84
21 26
72 75
21 28
34 36
5 28
61 75
65 73
33 44
42 46
57 62
61 69
77 96
21 31
29 35
58 68
33 44
79 86
56 65
16 35
68 77
31 35
48 62
19 29
28 37
1 9
26 42
32 40
66 76
67 81
59 66
3 9
63 79
31 38
84 87
3 9
51 65
24 39
15 27
92 99
7 17
10 29
49 62
47 56
35 58
29 41
52 57
47 50
75 97
20 56
34 36
59 64
67 72
81 89
73 87
1 7
42 53
54 58
38 55
64 79
37 45
39 42
63 82
39 46
57 62
74 86
34 38
47 51
36 46
72 91
92 97
87 99
82 91
94 96
68 86
39 45
33 35
47 75
15 16
28 39
64 71
85 93
87 92
14 17
36 40
1 14
66 68
87 97
61 69
74 88
12 16
20 38
71 76
34 39
19 35
70 77
74 80
21 34
9 14
87 94
75 83
6 12
27 31
58 70
51 71
67 69
45 51
65 70
70 83
45 64
34 87
25 35
59 63
27 31
68 86
55 79
34 39
25 40
9 15
76 84
9 18
38 45
74 79
50 71
13 31
16 29
42 59
69 93
11 16
26 45
61 74
1 19
57 66
39 56
59 61
78 97
33 43
58 62
19 34
41 49
57 78
47 54
11 17
77 82
28 37
57 66
7 20
49 66
25 54
54 61
48 74
20 31
57 59
39 47
45 65
7 14
9 15
12 17
66 75
3 12
87 95
9 20
84 89
14 19
91 99
10 19
30 60
6 10
13 19
66 84
4 9
61 72
44 51
75 83
83 91
68 80
82 87
21 26
28 32
68 72
59 64
19 25
62 73
38 48
74 90
37 44
5 18
59 66
46 48
13 24
16 26
90 94
22 36
26 29
83 88
39 42
47 66
79 92
12 27
74 82
22 26
58 78
85 100
60 69
31 54
39 45
50 54
52 58
59 71
43 55
40 60
82 89
75 79
73 99
86 89
7 19
81 84
42 57
89 99
18 23
36 45
5 12
17 40
10 26
30 36
1 9
48 62
50 61
38 43
51 67
75 82
1 8
33 37
49 71
73 78
44 51
21 25
54 59
70 78
70 77
39 46
83 89
75 78
21 56
53 58
77 86
72 75
69 86
66 72
1 9
46 52
56 65
44 48
28 38
74 78
1 14
16 22
63 75
69 82
33 51
81 84
9 22
22 35
34 45
87 90
93 100
17 25
68 76
42 47
76 80
11 31
81 92
5 10
86 93
11 13
72 78
78 80
80 92
55 65
20 27
36 53
78 83
86 93
20 31
84 86
31 42
10 22
49 54
16 46
41 54
17 34
6 11
75 84
88 91
14 27
52 57
16 49
67 72
50 55
85 88
64 75
27 35
30 59
9 18
77 86
84 97
24 37
74 80
25 28
11 26
3 19
41 70
66 84
70 72
85 89
48 69
33 38
12 24
48 68
25 39
38 54
39 56
86 96
49 59
3 9
58 72
24 37
32 62
8 14
57 68
38 55
5 9
19 26
43 47
80 89
70 80
90 94
44 51
22 33
78 86
49 59
74 78
22 45
84 95
2 12
31 37
37 57
17 39
87 95
6 22
17 29
34 48
19 22
5 19
22 30
88 91
42 44
72 86
92 98
28 47
35 44
23 35
93 96
33 39
66 68
28 65
27 31
66 75
30 44
28 47
92 98
45 49
42 64
62 69
24 42
51 59
71 84
24 30
37 39
27 36
84 88
18 29
60 63
1 7
80 84
36 52
8 18
44 74
60 76
32 48
55 63
52 70
31 37
84 86
33 44
12 32
52 58
20 22
22 29
24 34
20 27
39 53
36 46
28 37
74 87
2 6
75 88
4 9
62 77
50 63
54 60
81 94
27 43
25 33
36 45
31 44
17 24
47 54
27 41
88 97
49 62
67 87
13 20
70 73
23 37
46 57
63 69
61 84
42 49
65 86
73 84
62 77
31 45
7 20
4 10
46 61
16 25
3 7
16 55
54 58
42 54
48 56
83 92
25 38
2 7
70 77
46 65
63 71
50 72
47 56
72 89
52 62
14 17
3 7
86 92
30 37
8 11
3 5
13 28
25 38
12 15
39 44
6 41
50 56
62 77
61 67
64 86
84 95
30 58
57 67
61 68
83 88
64 70
74 81
75 82
62 91
72 77
48 60
72 89
59 73
67 86
32 36
28 41
10 17
87 98
63 72
36 52
65 79
43 59
22 42
7 18
61 67
88 95
39 42
19 39
69 86
69 81
4 10
55 61
71 80
91 95
3 8
11 34
83 90
39 56
70 73
40 56
38 67
71 80
71 76
65 81
28 84
43 51
90 95
10 14
47 50
59 62
77 90
19 36
17 23
14 23
13 15
82 91
94 96
39 66
74 78
61 63
11 19
48 53
36 44
83 93
60 71
36 47
16 41
11 18
9 16
11 16
71 84
45 57
76 91
2 13
29 41
71 77
65 100
57 65
49 51
55 62
44 51
46 60
61 93
70 84
84 95
87 93
34 47
47 60
45 54
7 29
59 63
10 21
86 98
35 47
74 78
25 29
35 52
15 25
13 17
33 38
71 77
46 55
19 44
72 89
18 21
86 92
17 31
57 78
42 47
8 16
68 77
29 41
87 93
69 77
58 67
69 73
56 82
61 65
56 65
3 21
57 67
86 92
5 9
25 32
63 71
53 66
51 54
60 71
49 52
24 31
58 66
58 65
71 78
62 75
61 87
16 22
69 76
83 90
10 24
11 23
68 73
76 86
84 96
94 97
16 24
60 64
71 83
18 24
50 55
26 44
73 75
47 58
69 74
49 68
1 6
21 37
55 78
75 81
20 37
29 47
1 9
17 19
88 96
29 41
79 84
86 93
15 18
12 50
16 30
4 16
29 35
24 49
11 18
22 26
17 54
15 19
24 31
57 73
86 93
43 59
46 56
39 50
33 38
36 39
61 69
4 14
50 70
6 22
20 33
62 65
4 19
57 60
72 79
73 85
77 91
18 23
20 27
46 57
91 94
59 66
78 88
41 47
17 23
87 98
51 55
28 42
66 80
60 74
36 42
54 60
47 50
1 15
35 98
70 76
25 30
81 87
6 12
28 34
34 73
46 59
22 29
76 79
60 63
86 90
17 31
4 26
82 85
54 65
73 93
89 99
17 19
74 82
36 52
43 62
1 19
34 56
29 37
30 33
74 90
64 71
19 38
6 13
80 95
51 62
25 30
18 29
17 36
38 55
72 82
46 61
32 44
50 61
54 58
74 79
87 100
44 60
26 36
33 39
14 20
46 62
27 34
80 88
78 89
80 85
3 16
78 89
32 39
12 42
22 30
43 62
33 39
63 72
25 31
48 77
44 51
27 38
71 75
76 86
66 82
46 55
47 49
48 73
35 40
8 11
12 19
61 69
67 85
82 95
83 97
75 82
6 10
8 16
38 40
72 77
63 68
46 56
7 27
37 68
80 87
18 19
50 56
28 44
16 23
46 57
33 44
3 31
64 74
8 14
8 17
67 71
5 12
26 35
1 6
47 57
37 72
10 40
42 64
32 50
73 78
23 31
48 55
82 92
83 89
34 44
69 73
15 28
64 83
45 51
18 22
42 44
53 71
84 94
70 76
45 62
92 96
91 99
8 24
2 14
53 64
69 86
17 27
41 48
41 48
22 34
28 39
12 16
40 51
41 53
76 91
18 31
58 64
15 31
13 40
60 97
4 5
27 39
72 80
56 68
11 23
12 24
64 69
27 43
38 41
22 27
12 44
14 28
65 70
55 65
17 30
74 89
21 26
64 80
27 33
54 58
13 18
35 39
27 43
96 100
45 50
32 42
52 88
68 76
16 22
31 36
60 81
66 72
3 7
61 69
14 23
44 52
12 20
66 76
20 55
30 54
57 65
12 40
30 37
66 76
43 52
40 49
36 48
53 66
10 20
88 97
63 77
23 52
31 37
56 67
48 58
92 93
20 33
6 8
84 93
11 15
31 46
22 25
3 9
69 73
94 99
43 52
59 76
26 43
10 14
22 44
54 75
62 68
62 71
59 69
58 82
33 39
84 97
2 38
27 32
41 53
94 97
18 24
35 41
72 80
56 65
42 55
22 36
63 75
54 80
44 53
39 59
66 77
89 95
75 81
70 76
53 57
77 91
39 42
75 86
81 88
44 49
76 80
12 20
1 8
63 99
22 31
37 48
12 20
17 24
78 89
75 80
32 43
41 48
51 54
63 74
48 52
63 73
37 43
72 79
8 16
4 19
27 32
24 38
5 24
83 88
26 58
37 44
67 89
75 81
18 25
84 95
31 42
26 36
27 32
38 40
91 97
39 46
70 81
29 37
57 68
71 88
12 25
69 72
2 29
37 54
44 61
30 33
64 71
17 29
42 60
6 17
12 30
12 31
66 84
47 51
37 52
54 65
89 95
47 54
37 77
66 79
48 55
3 12
19 34
52 58
72 87
62 83
36 40
13 21
79 93
84 98
84 98
47 74
50 67
81 91
20 36
66 81
50 53
31 50
75 83
14 20
7 12
37 41
20 26
7 14
89 100
69 74
55 63
14 24
65 70
54 59
87 95
49 55
41 53
82 91
53 60
94 99
93 99
44 47
11 15
61 68
5 10
62 93
7 23
14 27
48 70
61 71
14 27
86 91
59 86
49 60
3 33
51 65
24 26
76 96
3 23
54 60
17 46
2 9
72 89
63 71
72 81
57 63
25 28
80 99
22 45
22 25
46 59
17 20
71 83
57 66
54 62
12 23
1 12
80 86
46 47
66 83
47 70
12 21
11 30
51 64
21 25
83 95
93 94
58 66
5 26
52 54
90 98
58 81
34 46
28 32
1 7
40 52
17 23
45 48
21 33
15 18
25 34
87 89
76 89
25 31
71 76
65 70
58 72
60 87
31 44
15 21
8 15
63 85
10 16
27 29
34 48
3 16
41 54
38 57
83 89
65 78
85 96
58 84
36 40
9 29
51 58
3 10
50 55
3 20
39 55
17 21
3 28
86 93
82 88
57 59
60 79
78 92
16 53
67 71
79 88
63 74
85 88
28 44
20 25
34 40
42 45
18 32
3 17
34 48
18 23
42 48
25 32
64 69
72 75
55 62
74 90
52 85
67 74
86 98
24 50
54 59
64 73
11 25
90 97
5 10
47 76
53 59
18 24
32 44
73 78
74 82
29 35
41 48
40 46
59 67
68 75
32 40
14 29
71 84
74 82
92 97
32 33
9 21
68 74
90 93
46 51
81 93
91 100
50 57
95 99
34 39
61 70
48 56
68 74
77 80
52 58
13 25
21 29
50 53
62 68
51 56
50 66
36 44
40 59
2 16
2 7
56 87
85 97
7 38
10 13
85 92
54 84
54 71
34 36
3 8
67 71
37 42
42 43
32 56
75 78
56 63
21 44
81 91
53 65
37 45
45 55
8 24
21 40
36 39
41 46
3 7
15 23
27 40
14 23
48 50
78 98
28 37
52 59
10 18
62 75
40 58
44 53
3 11
85 99
93 99
32 39
31 36
49 56
64 69
10 19
61 69
59 65
12 19
62 69
46 56
62 80
1 13
36 44
30 56
24 37
2 5
33 48
32 39
26 31
79 89
11 12
79 88
61 77
54 76
3 18
95 99
87 93
47 63
38 44
1 13
22 45
5 20
36 39
12 22
90 100
63 77
68 71
48 56
21 29
7 25
19 27
12 39
64 71
42 52
52 94
53 66
77 89
3 8
43 49
19 27
12 18
11 29
60 73
34 39
76 85
5 21
4 19
54 68
93 96
7 11
20 27
5 10
22 42
14 25
53 69
50 53
38 41
52 57
88 100
67 76
46 57
8 15
42 50
43 51
42 43
25 37
77 86
24 36
24 31
19 38
49 60
23 48
80 85
20 45
57 62
92 98
33 50
51 66
45 50
74 86
40 54
24 35
10 24
59 68
5 19
28 53
12 18
29 36
56 72
1 7
12 34
79 90
17 19
48 52
53 58
3 12
3 12
70 81
1 23
70 78
26 41
2 50
59 63
78 82
77 85
66 73
83 99
43 56
71 79
2 4
85 88
22 48
24 33
10 25
62 68
19 29
18 33
80 92
30 41
80 98
70 91
43 52
50 62
9 14
15 27
68 82
44 51
24 36
84 97
17 22
18 47
54 62
67 90
30 36
47 55
17 29
67 89
65 72
82 90
85 88
35 47
42 69
76 92
84 94
13 22
8 14
62 69
42 52
6 14
14 23
36 43
13 38
77 89
19 22
85 91
45 63
57 61
77 85
55 64
47 70
53 62
78 83
63 70
23 36
77 86
40 46
39 48
50 56
13 18
72 76
91 94
18 24
17 18
38 63
68 71
33 44
76 92
3 8
70 74
32 36
15 17
9 11
46 49
62 64
60 66
93 96
42 48
12 34
51 59
1 12
58 80
23 38
31 41
29 66
12 23
23 31
54 60
54 61
3 10
15 28
57 67
68 81
44 55
84 100
38 48
40 48
73 89
20 27
52 60
50 57
92 100
14 30
54 59
24 37
92 98
77 85
94 96
35 46
59 64
25 47
60 67
27 49
57 61
56 68
88 94
16 24
42 50
7 24
51 67
20 23
48 53
66 74
48 54
9 25
88 95
40 54
90 95
14 17
39 52
42 45
61 65
12 20
26 47
35 42
71 78
59 84
12 15
24 29
34 45
60 75
67 74
51 75
55 67
29 75
79 94
6 16
52 63
37 43
15 29
43 45
15 22
32 43
47 66
64 80
71 90
32 43
85 90
45 50
29 37
36 43
62 74
25 53
46 66
37 41
53 67
33 35
44 48
24 36
89 99
7 20
13 23
4 14
35 46
36 46
16 34
74 85
44 50
13 18
71 82
22 29
66 81
49 56
57 77
64 74
32 54
4 7
53 54
18 25
71 91
62 75
60 65
81 88
4 12
67 72
77 83
61 75
41 49
33 54
25 30
35 39
27 52
5 12
89 98
84 93
63 73
27 43
47 53
86 97
26 52
70 81
21 28
38 45
91 100
12 41
43 67
29 33
75 81
82 88
3 12
21 30
30 47
2 15
75 88
77 91
79 100
55 68
67 86
28 39
62 66
65 75
49 67
60 71
41 45
86 97
77 85
48 61
18 22
24 34
35 40
33 50
53 57
44 57
50 84
22 34
30 54
22 38
90 94
57 61
67 84
68 77
25 30
21 26
83 93
15 18
80 93
53 58
91 100
44 58
62 65
8 14
81 91
36 41
27 55
48 49
84 86
28 38
72 76
24 80
23 49
66 71
24 32
27 29
7 12
32 46
31 54
40 49
53 58
93 96
45 81
37 50
22 29
20 27
85 95
59 64
16 19
14 19
1 8
31 41
19 40
9 49
92 99
52 78
73 88
68 98
86 97
14 20
73 88
48 61
57 69
1 9
32 41
12 22
34 39
72 94
79 90
47 54
17 21
55 58
22 28
58 63
71 80
62 85
65 69
51 57
93 97
68 72
4 13
39 53
78 81
1 11
45 55
72 77
36 48
23 27
48 64
32 48
16 22
22 41
57 78
13 26
4 24
8 18
78 88
2 17
23 26
30 46
63 69
47 54
26 32
34 54
27 51
62 68
60 66
41 51
28 34
3 8
17 21
15 51
49 53
1 39
24 37
35 41
28 37
28 35
30 34
67 87
38 46
62 68
10 33
54 65
52 82
82 86
87 91
11 23
36 49
75 94
47 55
63 74
15 30
43 59
23 34
49 56
32 56
45 53
40 44
46 54
91 98
53 54
86 90
83 97
51 54
9 10
69 82
48 58
20 22
50 66
13 22
9 15
75 81
70 75
42 54
66 70
57 76
46 59
37 51
29 35
39 44
4 22
22 36
42 52
38 43
3 19
2 9
31 47
61 68
47 54
33 38
44 58
36 54
21 28
26 39
41 46
37 56
46 62
35 48
90 93
33 40
40 46
47 54
89 97
86 92
32 49
23 28
11 15
63 69
2 21
78 84
19 23
81 83
5 21
19 41
63 69
41 44
42 54
87 89
37 49
62 92
5 15
79 83
16 40
60 72
16 27
15 31
28 41
43 60
64 92
57 74
31 38
12 19
59 94
43 47
5 16
19 29
27 34
88 98
75 90
36 48
14 22
12 34
27 33
24 29
59 66
92 100
47 50
29 40
78 88
78 92
37 39
21 28
79 85
78 84
81 92
9 23
79 86
97 100
5 14
70 77
15 26
14 17
51 57
12 16
79 98
4 8
64 68
39 48
62 80
20 24
59 62
77 89
43 60
5 16
10 23
61 79
22 32
19 35
19 29
36 44
45 52
21 28
54 78
62 71
26 48
87 98
15 32
31 53
56 67
16 29
76 82
74 85
6 37
52 59
52 87
83 92
10 16
51 60
81 84
78 87
68 77
10 30
42 46
26 47
50 65
62 72
51 61
91 99
90 97
11 32
33 52
45 67
40 45
55 74
33 54
20 77
79 88
80 90
1 7
78 82
46 58
54 75
51 73
84 100
22 35
21 26
86 100
19 28
32 43
59 80
3 13
59 66
2 10
26 30
5 32
27 35
92 100
22 43
82 91
51 64
37 46
12 18
39 57
72 79
42 53
65 75
5 13
40 44
32 39
20 26
37 47
84 86
23 31
38 45
61 88
60 74
17 30
18 26
40 50
61 71
57 73
20 44
56 69
94 98
5 7
27 32
66 76
10 18
17 34
35 71
82 97
63 75
28 32
33 39
34 62
55 67
37 46
36 42
80 89
86 91
90 97
45 50
82 98
36 44
73 82
49 52
45 71
55 56
32 43
10 22
24 45
20 30
33 41
55 62
41 47
57 62
5 12
36 39
46 52
57 68
59 71
74 88
64 70
23 29
70 97
14 27
39 47
85 99
54 69
37 58
24 33
6 19
43 47
58 66
26 34
9 18
40 45
2 24
60 70
82 86
9 14
89 93
86 100
55 57
27 31
62 69
93 98
9 13
40 64
51 53
78 86
1 4
56 61
77 90
56 93
70 78
33 50
22 38
66 76
41 51
24 44
66 77
6 49
62 87
8 19
62 89
36 43
40 50
45 50
27 37
68 74
1 8
1 17
50 60
57 86
1 5
78 85
17 29
77 83
76 85
28 32
74 86
50 65
85 94
16 20
65 70
3 14
75 81
52 67
16 28
63 69
43 52
4 5
30 42
22 41
36 57
61 64
11 20
48 56
62 78
10 19
28 34
15 20
32 44
26 51
16 23
63 73
61 65
48 52
77 99
2 8
64 67
30 41
56 59
3 13
87 96
41 48
74 81
45 48
36 45
20 33
11 14
5 14
6 8
22 28
35 53
37 43
24 35
50 57
12 30
35 39
60 71
88 93
47 55
32 48
27 30
82 85
63 70
94 99
83 88
44 53
77 89
18 21
16 23
50 88
33 38
30 48
54 67
19 25
55 68
9 20
52 62
74 82
6 30
71 80
65 84
81 90
53 69
53 61
20 27
79 97
44 57
43 47
26 36
91 93
39 60
24 30
76 93
49 51
1 14
23 29
52 67
60 63
18 25
84 91
50 61
38 54
75 97
46 56
15 19
54 61
45 50
30 36
81 86
7 13
30 35
94 96
69 77
5 12
55 61
87 93
57 70
6 15
32 53
4 10
90 97
75 89
59 70
46 54
20 28
20 40
64 70
13 19
27 39
87 89
25 41
56 59
56 66
30 32
36 40
90 97
71 86
89 95
51 64
12 26
18 31
74 82
57 91
6 16
84 90
71 88
87 93
12 20
35 51
49 54
81 92
70 77
81 98
15 20
25 61
51 58
35 39
68 82
6 22
6 16
52 58
13 24
36 64
8 21
14 23
52 62
14 33
60 66
6 23
6 26
17 27
34 41
31 41
17 21
71 86
66 78
18 28
9 17
62 68
60 64
49 55
28 66
14 19
75 82
9 21
10 14
67 79
44 49
80 90
22 28
30 52
35 40
8 21
5 9
12 23
43 47
47 59
31 47
87 93
35 41
86 97
6 35
52 62
31 39
42 46
77 95
35 49
19 21
56 61
21 33
63 94
48 53
69 78
55 67
81 94
14 24
9 15
36 47
66 71
26 29
91 97
48 59
85 89
57 65
64 69
81 100
18 21
58 65
71 77
31 45
66 71
45 57
34 45
78 85
67 73
90 99
33 45
42 56
71 84
55 61
77 80
27 40
7 17
73 77
24 36
21 31
9 18
5 13
73 81
59 82
87 91
34 39
88 98
19 36
5 17
51 57
74 78
51 66
61 69
17 28
52 73
21 28
59 72
49 57
34 52
55 60
36 45
87 96
39 47
16 24
6 8
61 68
28 38
5 13
73 84
27 36
26 32
71 79
36 65
26 31
31 60
5 21
68 79
45 60
23 33
8 18
48 64
61 65
94 100
77 87
77 84
95 100
42 61
34 44
51 56
24 37
9 16
11 44
39 41
55 65
65 90
60 74
81 91
73 79
61 64
2 9
3 13
8 31
75 78
56 62
60 75
7 18
4 9
88 94
77 95
25 37
71 80
7 15
65 75
48 54
90 98
90 97
26 50
60 66
78 87
40 49
48 55
29 36
41 64
84 86
48 60
36 42
45 51
33 63
6 11
27 41
81 86
32 43
88 93
44 76
73 82
64 72
10 15
66 87
35 38
55 64
79 82
9 13
57 61
48 72
2 11
27 39
66 100
64 70
29 38
2 18
24 28
34 38
60 72
75 79
55 66
86 92
83 91
17 28
84 97
38 65
39 55
70 80
34 42
75 80
36 42
6 29
76 84
22 32
63 67
25 30
72 87
45 49
76 94
22 49
49 62
34 54
56 74
82 91
90 94
58 68
23 31
70 78
64 75
91 97
13 18
45 53
73 93
43 54
74 80
45 58
69 79
46 50
22 38
29 49
40 50
20 46
7 24
11 20
27 32
12 39
65 76
93 98
10 18
77 93
66 70
29 39
42 49
21 33
53 62
63 77
49 55
67 91
35 66
46 49
22 30
9 24
2 7
38 52
57 69
23 29
72 75
74 81
7 20
76 82
3 7
14 31
39 47
82 93
44 51
89 93
44 47
51 74
3 13
36 41
38 50
79 82
4 27
79 95
33 40
31 39
65 70
9 15
65 85
73 76
19 23
28 33
92 97
58 77
60 83
14 31
25 34
89 100
66 90
3 12
19 28
82 94
62 75
53 59
8 26
14 31
94 100
46 57
8 17
91 100
26 33
97 100
79 87
71 76
36 41
16 28
60 61
54 55
36 56
36 41
7 31
28 64
72 82
8 28
7 13
76 83
35 43
65 72
59 67
35 44
68 78
59 61
39 61
9 11
80 98
42 59
38 43
2 17
23 31
53 55
79 94
76 79
56 62
38 49
9 13
61 70
78 80
66 74
47 66
65 67
79 85
73 81
86 96
34 44
58 62
71 76
15 17
7 15
57 78
12 19
88 95
86 94
3 18
36 47
26 32
86 91
46 61
2 13
44 62
14 29
52 68
82 86
50 68
55 59
76 78
2 8
63 70
93 97
38 52
55 84
57 63
68 75
69 72
14 34
24 40
3 11
49 59
65 76
21 31
54 58
84 94
93 97
63 73
94 98
32 64
58 65
4 13
2 21
42 59
13 16
38 47
35 50
47 52
41 47
59 87
30 42
78 89
86 92
48 61
48 54
48 53
73 87
81 92
59 69
26 30
68 87
81 89
34 37
47 58
27 32
9 10
9 30
1 22
1 10
40 50
14 36
12 13
81 87
50 60
60 81
43 44
42 51
66 69
47 49
41 61
90 95
14 36
35 43
71 81
11 17
47 63
30 36
73 78
96 98
15 26
48 54
5 18
80 88
20 27
85 94
69 85
3 17
92 100
32 98
42 50
10 22
92 99
63 78
8 14
92 97
14 21
31 50
8 29
34 58
75 90
69 87
89 95
75 91
90 94
47 62
60 76
66 77
89 98
58 69
43 53
54 60
24 40
62 64
34 41
70 83
36 53
46 63
21 26
82 85
74 83
38 41
50 64
37 52
49 53
33 50
9 20
86 93
26 55
9 22
38 58
1 7
27 34
8 20
52 60
92 95
83 91
1 14
67 98
50 61
64 73
61 70
63 76
33 40
34 41
16 36
71 86
27 36
55 67
76 94
69 90
12 27
80 86
3 12
69 85
5 11
74 92
15 20
14 31
16 41
26 28
87 98
63 68
17 31
59 65
44 52
22 35
68 71
31 37
71 98
57 60
56 69
64 79
91 98
15 18
64 71
22 26
7 15
3 17
72 77
26 32
61 70
53 70
84 90
12 25
91 100
21 41
27 32
30 45
22 29
6 9
80 95
53 64
19 23
45 55
34 39
42 52
24 48
29 78
60 71
9 20
15 16
65 83
30 37
3 8
75 87
86 93
27 45
75 86
32 37
35 44
38 45
36 62
29 40
13 20
58 74
40 52
31 40
53 73
72 78
32 47
16 27
85 92
10 18
19 29
46 65
35 38
26 31
88 94
57 62
15 23
79 90
28 45
76 84
7 32
9 45
63 66
12 21
35 71
6 14
85 90
76 79
70 74
60 64
59 74
39 60
77 91
60 68
32 51
77 92
62 64
4 25
45 55
57 61
55 76
30 43
36 42
36 44
89 93
4 19
17 20
25 47
22 36
22 32
35 41
31 44
17 26
87 98
64 79
45 58
48 62
39 50
48 64
36 57
63 72
46 67
80 82
14 24
88 91
39 45
59 82
68 88
7 13
67 73
15 32
71 75
62 70
34 36
34 42
25 32
68 71
17 22
91 99
41 60
43 58
65 73
46 54
77 95
34 36
18 26
63 68
46 60
55 62
37 86
20 27
16 27
12 23
4 34
75 85
29 57
52 58
33 35
42 56
38 45
48 69
19 37
44 50
86 96
35 42
35 57
38 42
59 67
12 23
13 26
18 24
10 25
7 13
50 59
38 45
34 41
35 37
71 87
83 89
55 67
55 76
59 68
75 83
28 41
87 94
47 53
38 56
89 97
69 72
87 94
13 19
34 39
20 35
27 31
39 79
17 24
88 92
94 97
44 55
82 100
74 84
73 77
35 38
65 67
62 69
55 75
59 62
43 47
43 52
27 41
19 33
66 96
3 30
87 92
50 73
13 21
44 52
18 43
77 89
70 76
53 63
55 75
4 21
69 78
9 15
32 45
33 37
60 77
36 61
46 50
43 47
1 10
19 34
62 74
2 9
45 51
77 92
58 65
79 90
86 97
96 100
73 77
11 21
61 69
2 14
72 75
48 62
4 12
74 81
76 79
78 87
44 59
15 23
45 51
82 86
44 51
62 68
8 18
27 56
79 84
54 77
24 28
43 61
41 48
17 24
17 24
74 87
40 49
4 15
55 60
42 49
59 95
51 70
4 12
69 87
89 97
76 87
34 70
9 13
26 62
47 55
20 34
48 55
38 43
80 91
66 79
70 81
31 36
88 96
64 72
40 53
74 81
39 44
18 31
14 18
33 40
2 14
58 63
61 90
83 88
49 54
88 92
81 88
33 41
15 21
52 72
36 43
46 52
84 98
79 89
92 97
64 77
45 48
92 100
4 8
76 89
6 37
9 10
50 61
84 97
23 42
75 78
78 90
65 71
25 31
83 88
3 11
24 31
48 53
39 43
30 41
65 76
26 34
90 94
21 31
54 61
26 43
22 39
10 23
65 68
2 4
15 17
83 89
72 86
12 20
85 98
5 8
30 35
82 91
88 95
84 89
22 28
44 60
72 87
38 46
57 75
60 82
42 55
49 53
64 66
79 83
44 56
26 35
44 55
52 61
20 26
79 84
6 8
38 55
28 43
33 40
41 59
8 18
47 52
55 61
66 83
73 76
53 59
62 83
39 47
52 69
85 87
11 18
29 43
15 37
61 64
46 52
78 83
53 62
66 75
61 64
52 56
55 58
49 54
65 76
64 74
79 81
65 81
16 24
72 83
62 69
5 23
74 87
86 93
24 38
79 98
72 77
20 36
73 85
11 24
38 55
11 23
44 60
64 76
20 32
46 61
88 95
25 34
32 42
7 23
7 13
82 90
26 36
84 91
14 59
82 95
67 72
20 32
77 81
35 41
71 76
41 58
15 20
2 44
64 71
45 60
10 17
50 56
58 67
58 69
97 100
37 56
57 63
77 83
55 62
71 95
49 58
24 33
65 71
89 100
78 81
62 64
71 83
53 91
25 39
89 96
51 60
45 76
63 76
67 71
62 67
28 43
23 50
26 42
1 13
17 33
39 57
74 79
15 47
31 36
28 40
55 73
34 41
15 16
45 56
47 55
12 16
62 68
79 88
6 19
22 36
63 66
25 32
21 35
38 48
48 65
76 88
29 41
71 80
70 80
46 57
7 16
49 85
81 89
20 26
39 47
16 28
46 53
90 99
37 44
53 58
74 78
40 55
33 39
63 70
58 67
56 64
32 51
48 54
34 37
78 82
36 41
27 34
52 63
45 53
29 38
26 30
42 47
80 91
81 85
67 73
63 79
79 92
67 93
3 12
88 96
82 92
18 29
82 96
88 92
46 61
8 28
44 57
46 70
13 30
8 13
57 68
67 71
66 74
53 61
37 45
33 39
31 38
51 57
79 91
4 9
3 11
9 21
70 74
52 62
13 18
85 93
49 54
39 45
81 90
72 81
56 63
47 56
69 73
9 19
8 11
89 100
27 41
36 39
32 40
27 34
7 12
32 45
60 65
46 63
11 14
67 73
78 85
9 17
33 38
71 90
74 81
20 25
56 66
6 16
74 82
76 82
93 100
29 48
73 94
62 71
39 42
66 72
53 57
17 21
33 35
74 95
39 68
39 42
41 47
17 33
24 33
32 42
85 95
33 57
17 43
74 79
39 44
76 83
81 98
35 58
60 68
69 90
18 42
22 28
28 62
9 13
12 18
13 17
64 74
76 77
76 94
59 68
53 72
81 99
25 33
76 81
33 38
46 76
29 83
81 89
25 41
21 29
12 54
57 63
64 73
4 24
31 36
51 70
1 6
34 39
66 74
16 35
5 14
6 22
75 80
33 54
69 80
86 91
36 42
49 54
15 32
85 91
59 72
37 45
80 84
84 90
44 58
44 59
90 96
42 53
26 36
63 71
35 38
56 64
30 43
18 25
71 77
68 84
43 87
6 12
59 85
88 93
31 53
64 69
30 34
28 39
23 33
70 82
66 90
79 95
19 40
15 32
39 47
39 53
79 88
6 23
21 42
70 81
76 80
82 91
35 45
59 81
68 89
80 88
16 26
19 21
1 19
94 100
17 27
5 16
72 77
70 78
36 48
17 38
34 45
60 81
6 12
55 62
81 86
94 97
1 4
5 12
31 82
6 23
27 33
12 18
26 39
5 12
12 26
76 93
35 52
40 45
23 34
82 100
14 19
18 43
83 95
77 87
3 9
56 61
15 24
53 64
6 10
16 23
58 67
9 25
93 99
27 47
73 77
57 60
26 43
28 37
54 74
33 39
64 67
15 23
88 96
42 63
42 64
27 69
46 52
62 90
65 73
78 91
41 44
53 56
57 59
20 30
35 42
8 19
14 20
79 83
23 27
69 78
13 28
21 31
20 27
25 34
29 46
79 86
45 58
38 44
11 19
32 50
32 58
45 53
67 75
59 67
43 58
36 71
60 65
1 7
76 81
71 80
69 78
74 82
45 53
88 98
37 44
57 62
55 78
42 49
26 35
47 60
95 100
75 88
41 81
83 91
8 12
17 23
2 6
83 96
47 63
97 98
20 29
84 93
51 82
87 100
29 42
9 18
64 76
18 38
49 59
7 20
21 30
9 12
87 93
74 78
38 41
71 81
13 46
53 93
85 87
67 79
38 56
48 60
54 69
4 31
36 46
11 23
51 61
32 44
36 43
74 78
18 22
40 49
66 81
5 12
20 29
5 19
33 46
79 96
10 57
50 55
74 87
22 35
33 37
85 97
39 44
8 27
5 19
11 17
83 89
89 91
5 11
20 39
94 99
86 88
8 14
13 58
65 77
9 15
96 99
15 28
59 69
51 67
57 62
8 33
53 86
88 98
46 62
71 75
41 48
76 100
67 74
89 95
55 60
27 39
84 99
43 49
9 24
7 11
4 7
49 58
56 99
63 70
41 56
67 71
50 65
95 100
53 73
41 65
64 86
33 53
69 74
5 20
85 95
13 28
86 100
79 92
1 4
17 45
4 10
62 70
81 96
28 45
74 87
48 57
88 93
64 90
21 31
29 50
50 59
77 89
82 85
37 39
64 75
39 41
43 58
51 93
53 64
35 47
64 69
63 66
10 18
58 61
15 23
60 64
46 54
15 44
77 96
63 76
61 65
53 56
34 52
4 54
83 93
38 43
56 68
13 27
77 82
1 7
78 88
45 65
45 49
74 86
58 65
59 67
76 84
70 78
59 77
69 75
74 84
71 81
48 52
24 27
38 48
26 30
56 60
14 24
42 48
57 60
31 38
41 58
51 63
63 77
57 60
65 71
21 26
90 98
30 50
14 20
61 77
50 67
6 12
32 39
32 36
53 61
56 71
8 12
15 21
34 46
9 17
31 41
85 89
2 10
52 55
95 98
30 38
32 43
8 18
32 60
98 100
23 29
87 91
42 48
88 98
32 41
91 98
36 47
85 90
14 23
18 25
54 64
62 79
24 32
56 93
63 79
72 96
22 30
71 78
80 94
68 90
57 65
73 78
25 31
62 68
33 35
45 60
54 67
62 79
63 68
21 26
46 56
86 89
56 72
17 31
31 35
63 67
65 91
37 49
40 53
21 38
5 15
64 91
38 53
85 90
21 22
4 6
14 33
29 40
14 20
24 36
46 69
11 14
42 53
43 69
7 16
62 71
65 80
7 17
40 58
33 37
71 77
21 39
42 49
25 31
41 47
9 12
33 44
84 100
41 48
69 75
69 76
49 60
67 79
54 74
8 50
41 59
10 24
12 22
80 82
55 72
12 24
54 60
46 60
11 20
87 92
85 92
89 96
2 20
31 38
35 42
77 96
1 6
19 53
32 42
35 46
8 10
65 70
79 86
31 39
14 23
8 21
72 76
40 50
93 100
37 60
73 76
61 70
93 99
92 98
53 64
48 51
74 94
77 83
43 50
77 96
59 64
4 15
71 85
29 39
62 70
60 67
44 66
3 14
63 88
18 26
60 65
38 41
85 87
91 99
26 44
95 99
85 94
67 74
75 78
85 95
71 83
69 76
91 99
95 97
61 68
37 51
79 88
11 16
63 100
4 19
55 61
4 16
40 59
39 47
28 39
29 64
24 32
59 62
7 13
35 48
77 91
10 36
56 61
77 92
15 20
16 22
35 41
97 100
1 8
32 42
9 13
22 28
51 56
24 34
77 81
26 28
36 41
73 75
62 72
61 70
3 26
90 96
15 18
51 56
36 44
94 97
92 100
13 29
86 92
57 68
68 98
49 56
87 93
97 98
76 89
43 66
56 63
81 98
5 33
22 34
13 22
57 65
61 68
36 58
4 7
79 91
26 39
59 73
50 66
52 70
70 76
46 53
89 99
39 53
46 58
43 51
48 57
24 43
11 17
59 61
31 86
46 49
38 45
30 44
11 22
9 12
8 13
49 52
6 28
5 7
29 41
70 90
77 89
64 70
18 23
34 48
48 50
15 17
48 90
29 44
44 50
78 85
53 89
9 39
8 25
66 75
72 79
45 50
79 83
10 31
33 50
36 45
26 30
25 38
71 77
88 95
63 70
42 47
18 22
51 68
8 16
66 70
1 4
48 54
35 86
87 97
1 17
38 55
17 28
7 14
19 24
33 56
74 84
59 85
60 72
11 18
53 58
79 89
72 99
21 53
76 80
71 77
52 57
58 66
51 60
55 66
88 95
37 44
66 74
7 20
83 90
19 32
91 98
1 15
42 45
23 33
11 24
76 81
8 20
71 86
37 45
68 89
13 19
59 99
34 40
8 21
1 8
29 42
27 39
41 49
78 88
45 56
20 27
18 23
60 76
74 93
33 36
25 37
82 90
91 98
64 90
44 55
49 65
8 38
96 100
28 60
53 58
28 35
15 22
11 21
47 60
55 65
11 21
34 39
34 48
19 30
83 99
9 16
7 18
69 82
27 54
14 34
64 76
30 40
22 26
34 82
44 55
48 69
72 81
72 77
68 87
14 16
81 86
50 56
79 86
86 96
58 74
61 68
1 7
29 40
72 90
26 31
74 83
76 93
26 58
90 97
40 58
29 43
28 35
42 55
20 28
79 93
10 20
71 79
86 90
18 26
22 33
15 18
46 56
57 67
68 70
12 49
36 73
81 100
91 100
29 33
85 91
49 57
51 61
26 31
31 44
69 77
76 84
69 72
52 57
64 70
36 43
42 48
46 49
39 65
74 85
53 59
80 88
12 32
52 66
69 89
32 38
5 21
64 78
53 71
92 99
54 71
29 41
54 64
32 51
76 99
71 82
62 65
22 41
19 39
48 55
45 68
87 95
41 44
19 26
26 38
87 100
44 54
78 90
35 59
22 43
61 66
37 43
82 88
35 52
24 40
7 14
24 28
80 92
69 81
62 71
62 77
77 95
54 56
40 47
49 54
80 87
8 12
42 51
5 8
82 93
27 35
35 55
12 20
30 33
24 49
49 53
78 86
17 31
51 66
45 61
6 16
62 69
48 60
11 19
47 64
48 53
62 68
19 28
61 69
56 67
5 13
78 99
48 59
19 30
58 64
70 89
81 92
10 15
86 90
87 90
31 53
53 56
65 67
36 40
39 59
69 76
4 9
40 47
84 87
41 57
60 61
12 30
56 62
33 70
67 71
80 89
35 42
18 34
77 82
31 44
49 56
46 62
59 63
17 31
54 72
10 15
63 85
35 46
19 23
23 38
82 92
70 77
1 3
2 6
34 42
30 38
10 20
48 62
59 81
77 94
5 10
28 36
73 84
42 44
28 37
52 64
6 11
58 68
41 52
80 88
13 28
71 74
34 42
78 84
16 27
27 40
5 11
14 27
9 22
58 67
21 27
26 38
15 28
91 96
4 16
23 34
39 45
70 74
53 73
22 48
32 36
1 16
62 67
38 53
79 91
3 21
4 32
86 91
9 15
75 91
66 73
28 40
83 92
88 94
58 71
47 58
81 100
72 83
19 27
70 79
22 27
21 29
66 77
48 84
14 48
3 24
28 38
21 36
64 89
3 10
44 50
10 22
56 64
90 95
10 28
16 34
2 26
13 31
18 43
56 70
45 48
26 31
42 60
10 25
38 40
24 43
3 11
38 57
7 13
1 70
43 49
54 74
18 25
37 41
23 35
60 61
81 95
46 50
24 37
46 55
56 67
33 48
45 54
34 38
48 61
58 60
40 47
28 41
27 45
19 29
86 94
76 84
80 86
59 91
65 74
23 28
50 58
9 20
8 16
63 65
66 75
15 35
20 41
60 88
16 22
78 91
26 43
58 72
19 26
46 53
2 18
89 94
29 33
40 48
58 64
36 43
57 60
26 37
47 63
92 98
12 30
57 65
38 48
47 53
41 45
87 97
44 79
14 20
14 26
27 57
16 23
44 52
22 35
36 52
8 14
63 65
29 44
92 99
41 53
51 61
6 16
33 55
13 28
68 76
26 43
37 46
60 65
50 61
3 9
70 92
47 57
38 47
80 96
84 91
54 67
61 67
53 58
69 73
37 52
40 45
7 12
66 75
15 17
38 66
25 55
16 22
6 13
75 82
19 24
49 56
6 10
26 36
34 42
83 87
25 30
37 50
29 47
54 63
77 97
55 65
46 53
31 44
89 98
42 45
52 67
2 10
13 31
47 56
81 89
17 24
9 20
12 30
13 22
14 24
30 36
87 91
72 82
28 54
20 25
49 73
27 34
80 87
58 67
28 37
78 93
62 68
60 84
49 59
31 38
86 94
93 99
60 71
27 31
51 56
1 8
56 66
8 33
21 37
50 55
20 28
88 98
83 89
36 39
84 93
64 69
9 26
43 59
17 27
38 49
67 77
70 91
32 44
58 72
19 26
56 61
27 31
10 25
9 16
66 72
28 50
76 80
86 90
34 42
15 21
61 69
35 44
91 95
48 56
29 32
68 97
41 47
14 20
67 70
4 17
69 74
24 31
64 70
84 86
8 19
21 29
82 92
84 91
72 77
64 76
73 88
21 71
1 10
6 18
83 90
9 16
26 41
34 45
62 70
56 58
58 76
40 53
22 28
23 30
22 35
43 57
34 40
19 86
92 97
59 70
7 15
65 85
76 81
27 29
7 19
77 85
24 30
28 38
53 72
14 28
18 29
65 77
1 17
45 64
6 39
66 93
47 58
45 66
55 77
59 87
29 32
7 25
50 54
61 70
75 80
24 31
24 35
80 87
72 79
4 13
52 68
86 95
2 9
78 87
68 70
22 41
49 61
35 46
69 85
20 26
68 75
6 16
27 53
19 36
11 24
6 21
93 98
61 74
69 78
84 90
17 39
71 84
92 99
10 30
75 86
76 89
2 24
54 67
25 33
82 92
53 93
54 62
79 87
37 50
37 41
23 32
22 38
90 94
13 20
36 87
20 25
63 67
60 69
60 74
82 89
54 62
24 28
35 39
29 37
44 52
6 16
88 100
8 12
15 25
78 92
34 66
11 13
7 17
75 88
11 14
34 36
44 63
46 77
75 88
18 35
16 28
45 62
43 58
11 33
29 41
66 75
81 93
69 73
64 68
88 99
49 51
71 86
21 32
77 80
91 95
37 44
40 45
44 62
31 48
69 75
37 45
13 26
55 57
66 76
29 30
32 41
57 69
14 28
47 56
85 98
3 6
28 33
44 52
57 66
71 80
28 44
67 79
53 63
51 58
30 37
7 12
3 9
90 96
4 31
73 81
63 83
16 23
69 77
86 94
20 22
71 83
45 57
73 85
45 52
54 62
82 89
14 19
78 88
10 26
45 51
50 65
62 64
87 100
48 53
71 100
9 30
85 91
57 64
36 44
47 60
73 75
16 30
64 70
68 81
79 94
75 79
34 49
36 38
60 80
16 31
40 49
59 63
89 92
94 99
74 80
54 60
71 85
79 86
40 43
71 81
4 21
40 56
2 10
31 37
17 26
36 54
39 40
62 87
56 58
35 39
91 95
35 44
15 18
50 58
71 91
13 19
42 50
45 50
10 17
81 90
45 66
75 81
76 86
65 71
78 85
81 90
52 66
26 33
71 82
9 21
62 76
73 82
65 80
45 52
40 46
53 60
50 54
17 26
46 52
65 76
20 25
34 39
45 55
41 69
78 86
27 33
72 85
9 12
40 42
40 45
59 66
31 36
64 83
58 64
3 19
26 33
11 18
21 37
26 34
87 94
48 51
86 88
32 69
37 52
57 65
58 69
9 21
74 96
54 58
65 70
27 38
39 50
52 68
69 76
33 42
53 85
92 98
43 47
90 97
25 43
6 13
87 92
59 62
22 25
13 18
72 89
61 79
76 90
72 83
17 71
90 96
30 44
4 15
66 71
90 96
61 66
48 52
34 43
11 22
53 59
40 45
52 61
5 12
10 16
34 48
42 90
65 78
64 72
28 42
82 87
32 37
91 98
59 69
60 67
58 64
53 73
82 91
58 59
63 71
66 76
9 18
20 54
16 46
65 77
43 53
82 88
25 40
18 48
74 78
64 69
17 27
86 93
15 19
23 37
42 50
72 80
68 72
54 63
68 87
69 100
46 77
50 64
60 68
70 75
84 92
1 6
75 92
1 11
74 94
83 93
21 42
86 100
53 56
52 58
30 35
46 65
1 5
74 84
48 56
54 59
10 25
27 39
9 14
28 36
44 57
42 46
6 17
57 63
73 81
8 13
29 47
25 40
18 22
36 49
25 35
50 54
90 99
30 36
52 61
61 63
40 49
13 16
79 88
82 89
43 60
61 74
65 73
23 43
11 19
59 80
71 86
83 88
73 79
37 43
40 53
1 21
67 95
41 45
24 40
65 74
66 77
74 82
18 31
53 59
17 23
65 78
14 22
80 96
73 81
10 17
13 26
73 88
17 27
39 55
57 62
34 42
70 81
38 42
81 91
57 80
32 46
70 96
40 49
47 55
88 96
2 12
