100 20 20 12
00000000000000000000
00000000000000000000
00000000000000000000
00000000000000000000
00000000000000000000
00000000001111110000
00000000111000000111
00001100000000000000
00000000000000000000
00000000000111111111
00000000000000000000
11111100000000000000
00000000000000000000
00000000000000011000
00000001110000000111
00000000001110000000
00011100000000000000
00000000000000000000
00000000000000000000
0010000100010000000
0010000100010000000
0010000100010000000
0000000000010000000
0000100000000001000
0000100000000001000
0000100000100000000
0000100000100000000
0000010000100000000
0000010000100000000
0000010000000000000
0000010000000000000
0001000001000000000
0001000001001000000
0001000001001000100
0000000001001000000
0000000001000000000
0000010001000010000
0000010001000010000
0000010001000010000
6078
15 26
69 84
17 29
41 46
31 33
58 63
65 81
36 39
91 94
31 39
83 85
76 89
26 42
53 64
6 23
70 74
84 89
82 89
77 82
70 82
58 83
46 54
73 77
52 69
16 20
78 83
31 75
57 77
54 68
71 77
11 17
82 85
74 82
71 85
83 92
40 72
1 12
1 6
76 82
41 47
80 100
45 55
74 83
73 78
47 60
16 21
21 44
11 29
71 97
16 24
28 37
29 39
29 61
82 86
4 6
36 43
88 93
10 17
54 62
43 54
71 86
12 19
1 6
75 85
62 73
72 74
82 90
55 62
73 84
16 20
19 29
34 40
59 65
37 45
92 94
87 93
64 77
28 30
86 92
56 65
47 55
52 66
18 29
6 14
54 66
45 55
57 70
77 80
81 91
17 22
9 17
64 74
86 95
64 74
49 57
84 90
71 82
48 61
24 31
13 26
13 20
59 64
62 65
10 18
62 69
14 18
82 89
20 31
42 61
34 53
87 93
3 24
8 17
14 24
45 54
23 42
76 100
85 93
30 32
74 82
70 86
89 100
75 79
77 96
2 4
30 35
62 66
12 18
9 20
67 85
47 55
89 100
81 87
12 16
70 100
45 67
57 67
39 43
60 65
63 78
76 88
64 72
67 84
28 41
58 66
46 59
13 41
43 59
82 86
65 73
32 51
71 78
84 91
30 66
52 58
61 68
84 87
84 88
30 33
32 50
58 64
54 69
81 86
20 32
17 26
28 47
39 43
88 95
55 61
64 68
26 42
1 3
74 86
58 61
94 97
42 52
7 39
40 51
61 72
45 53
62 76
79 100
94 97
81 87
85 96
96 100
32 39
35 40
41 67
49 74
45 50
16 24
55 60
73 79
95 98
67 74
50 56
54 60
31 54
40 49
76 90
49 68
75 85
33 39
23 32
87 94
66 77
78 92
73 79
62 91
19 42
97 100
58 66
17 21
5 21
47 54
10 17
77 98
9 17
42 65
23 28
1 28
26 35
68 83
71 89
90 98
2 14
69 76
82 96
60 71
28 38
24 32
65 68
84 94
66 75
27 39
62 70
62 70
19 24
25 34
35 38
31 41
80 95
75 80
12 19
83 87
13 18
80 86
83 95
44 47
73 77
48 64
10 30
42 57
58 66
18 26
9 13
88 91
41 52
46 55
46 51
35 43
45 52
85 95
38 46
42 47
61 74
60 72
90 98
9 22
49 54
1 6
30 57
60 67
48 52
50 57
80 95
1 6
20 27
57 65
45 50
64 76
39 49
20 29
47 67
63 69
15 30
3 19
30 36
27 36
87 97
23 33
27 34
24 36
79 96
91 100
79 86
53 58
47 59
73 81
11 25
45 55
34 49
50 60
31 43
90 97
31 47
61 65
38 42
55 65
13 21
9 15
56 58
73 75
78 84
73 80
9 14
26 39
6 13
60 69
87 98
1 18
3 9
17 22
37 69
2 26
85 92
60 80
15 31
26 38
13 27
58 66
70 82
35 53
40 63
69 78
8 14
61 70
70 76
31 41
42 60
9 45
67 84
38 48
90 98
6 25
85 94
22 34
45 63
75 90
58 65
10 14
38 42
16 23
51 75
23 30
35 47
72 88
21 31
19 42
54 59
50 72
47 53
2 16
10 20
1 5
78 83
61 72
8 15
33 61
58 64
83 86
41 49
61 77
69 78
30 43
68 83
22 32
22 34
16 37
48 57
53 58
71 82
81 89
23 28
32 51
95 97
65 74
7 13
40 75
55 60
2 19
76 86
72 82
10 48
73 76
18 31
72 76
36 46
59 62
67 78
60 80
8 26
22 32
45 50
49 56
7 18
68 80
7 22
93 97
11 17
49 64
69 73
72 91
9 19
17 31
73 87
66 79
59 67
32 42
46 59
86 97
75 80
52 69
11 18
72 80
44 50
70 94
39 45
5 12
87 97
70 80
62 74
3 11
34 48
51 60
44 47
61 92
33 36
58 64
78 87
79 88
40 47
10 13
45 49
46 59
9 18
45 71
2 8
66 85
15 29
32 37
60 75
66 73
71 81
68 74
80 89
30 44
81 85
73 84
81 99
62 66
33 42
38 48
80 84
34 65
2 9
16 20
1 19
36 44
59 64
77 89
59 95
85 94
12 18
28 37
77 86
31 33
84 91
31 35
64 69
74 81
35 40
60 73
26 37
35 43
42 45
66 77
14 34
72 79
21 32
22 41
9 20
92 97
39 54
4 13
64 84
89 95
77 92
37 50
37 51
54 88
60 65
29 36
52 69
51 70
3 18
46 53
23 48
11 22
88 99
38 41
80 91
57 63
43 51
47 59
4 10
73 87
77 84
45 60
69 82
50 54
82 85
38 74
46 49
80 91
66 72
42 72
34 39
1 10
42 47
23 33
45 53
39 52
92 95
89 99
45 55
53 68
36 42
18 35
53 61
41 67
91 92
61 68
41 49
64 70
15 19
52 74
2 4
6 11
41 54
11 16
5 9
16 21
13 31
93 100
71 88
16 25
74 86
4 17
3 12
76 85
5 22
7 37
5 11
62 84
20 27
36 46
58 65
69 75
15 21
65 78
69 84
41 46
25 37
21 23
72 86
45 57
35 47
31 54
48 52
21 26
44 48
75 81
70 76
66 76
24 28
59 64
16 17
50 60
49 62
2 7
85 92
43 54
30 48
83 100
52 56
5 17
29 46
67 74
48 79
16 22
37 50
60 65
83 94
74 89
86 94
68 75
83 94
3 19
80 85
11 20
66 73
34 40
52 63
31 40
61 70
42 50
6 8
19 22
25 32
49 55
52 69
28 57
96 99
54 61
57 66
44 51
14 19
80 91
37 48
32 41
32 37
40 56
45 52
64 84
4 17
34 45
56 78
18 60
60 74
48 53
93 98
28 37
26 37
12 25
23 39
44 55
11 18
72 90
82 91
68 73
4 17
72 94
18 51
10 22
14 23
52 62
21 43
81 89
84 96
70 83
26 34
41 64
36 42
66 75
65 75
60 65
86 94
79 85
45 50
16 37
63 66
64 83
42 55
69 77
64 74
43 48
89 95
70 86
93 99
55 58
11 21
73 75
23 33
2 12
61 66
4 15
59 63
10 16
12 45
13 19
81 94
9 16
23 50
83 92
16 39
49 69
66 72
81 87
67 78
90 97
4 16
85 89
69 81
94 98
41 55
16 19
21 29
33 41
6 10
3 25
12 20
38 44
64 75
76 94
75 83
37 54
37 50
25 29
31 38
9 25
55 63
29 35
23 42
93 96
66 74
13 22
84 92
59 71
28 34
34 47
41 49
77 96
61 63
18 42
70 87
33 43
49 61
58 75
35 42
55 64
60 76
62 68
19 49
44 49
60 75
76 81
3 14
65 70
46 56
25 32
6 23
9 21
38 48
68 78
87 95
46 54
8 16
83 96
27 40
14 20
51 62
59 66
84 98
37 47
63 77
77 86
63 75
36 55
17 30
32 41
63 71
53 57
69 71
36 43
1 16
68 96
62 84
16 29
25 37
40 45
50 66
48 57
62 68
31 70
31 37
78 85
89 95
52 62
39 44
79 85
18 31
58 62
16 32
40 48
7 23
20 41
24 35
4 12
12 42
15 25
35 39
62 70
60 81
50 62
74 100
13 19
85 100
54 65
26 60
75 99
1 21
77 83
14 43
30 50
4 13
34 38
12 25
21 31
23 34
79 98
27 33
62 70
9 23
26 28
52 57
4 26
38 53
69 83
58 75
46 56
87 94
50 57
69 73
75 81
46 53
9 25
2 12
77 86
48 52
45 81
27 37
34 35
16 29
25 46
77 93
23 37
85 90
5 11
13 18
3 7
70 79
1 12
86 94
3 14
38 46
93 96
9 19
88 94
38 47
53 74
89 95
9 15
33 51
15 19
27 30
10 16
83 92
9 11
45 61
75 87
1 5
49 67
24 33
84 89
62 78
38 69
63 74
50 71
54 63
57 63
62 68
53 61
87 93
78 83
65 71
9 12
61 80
32 38
11 12
38 43
40 53
87 95
68 72
32 48
67 95
39 45
61 71
84 91
87 91
9 19
21 23
15 23
32 41
79 89
13 30
57 64
15 26
25 28
20 37
71 85
37 45
31 54
79 98
45 56
44 57
29 39
7 28
41 53
32 35
81 91
24 33
5 19
52 62
7 14
63 82
23 43
43 57
5 18
54 62
79 86
92 97
68 83
20 27
73 78
64 73
8 12
87 93
82 90
37 44
11 27
51 57
34 40
39 45
59 66
7 16
60 80
40 46
34 48
68 84
75 98
18 22
13 37
25 38
38 50
54 67
32 35
44 57
13 21
75 84
53 68
5 33
17 27
51 69
43 51
57 94
41 55
41 47
17 30
67 72
86 94
66 74
86 88
88 95
92 97
68 81
5 18
79 100
4 16
82 90
12 24
72 81
11 27
44 54
86 90
43 63
44 57
66 89
29 34
4 9
60 65
13 18
66 75
11 15
52 63
39 53
21 31
70 96
60 85
48 59
67 86
38 48
91 94
47 59
92 99
62 77
35 44
37 42
72 77
73 91
6 12
58 83
83 96
44 55
74 98
5 12
83 90
9 15
33 37
38 48
70 91
22 32
5 26
22 32
79 82
87 99
90 97
7 15
79 86
7 25
53 72
28 35
58 59
38 47
18 34
24 34
72 86
88 98
33 66
82 91
63 69
48 55
32 41
41 53
57 64
8 19
76 82
45 56
81 92
58 68
56 74
43 61
86 100
18 25
72 78
13 26
85 96
70 81
7 8
54 69
14 31
64 69
81 89
41 57
55 64
85 99
40 42
69 79
31 36
29 42
35 41
75 91
15 28
16 19
3 10
30 42
11 24
49 57
61 78
94 99
68 74
57 70
11 15
25 30
69 78
24 31
43 62
27 32
13 18
34 42
56 61
48 63
19 26
78 84
78 85
61 68
3 14
11 32
52 69
13 20
42 70
33 54
75 81
6 10
56 61
59 73
82 86
52 61
6 21
39 46
19 25
70 73
46 56
76 79
49 61
83 88
51 62
76 83
29 36
11 25
5 6
60 64
66 75
69 76
37 58
25 31
27 60
89 96
31 39
92 96
87 94
67 80
2 14
71 73
22 26
81 85
90 100
92 100
27 76
80 86
30 40
47 55
18 22
28 31
11 15
44 57
17 27
51 62
10 18
53 71
60 67
34 53
65 68
41 59
77 92
51 57
16 32
18 30
80 91
74 90
93 96
87 91
9 10
83 88
34 60
64 73
69 81
63 71
66 84
84 90
68 84
61 86
32 36
45 56
80 89
39 43
75 88
11 16
41 51
25 66
26 52
54 64
12 18
31 33
26 37
47 51
62 83
24 28
15 27
52 61
16 26
8 12
34 43
74 90
3 11
28 40
22 25
83 87
7 15
12 16
54 57
61 65
68 73
40 50
37 48
84 94
85 91
30 39
79 92
8 15
78 83
19 28
18 38
18 26
61 82
7 17
45 52
37 51
91 100
23 47
72 81
9 31
21 28
71 84
17 32
6 11
73 87
48 56
88 90
21 26
50 69
11 19
47 65
37 46
53 64
58 71
39 46
73 88
64 87
35 51
76 78
79 84
12 22
93 99
79 85
46 53
8 17
5 15
60 77
80 88
2 8
13 39
49 54
48 60
29 34
80 91
7 20
76 78
64 76
24 35
44 47
45 48
68 85
16 21
61 69
24 34
5 14
60 71
16 22
75 95
46 51
36 42
53 60
53 58
25 31
75 81
84 99
39 48
17 38
86 100
2 16
84 88
33 40
75 81
54 63
62 73
88 94
4 37
87 95
70 77
41 52
65 74
5 12
52 57
65 76
91 100
39 44
16 28
68 71
34 36
48 52
71 76
96 99
86 100
43 49
61 66
33 53
46 51
22 39
44 48
63 68
23 29
89 91
94 100
68 92
25 49
41 53
25 40
82 90
68 86
57 86
64 72
87 94
54 60
64 70
46 56
7 50
72 80
53 84
86 96
13 42
5 14
2 12
11 20
56 61
92 96
23 39
81 97
66 75
16 25
40 50
69 84
68 76
42 57
33 61
25 49
77 79
42 64
5 16
23 30
30 46
58 68
82 90
82 88
58 73
22 25
73 82
81 98
36 45
48 66
11 25
96 98
8 23
63 72
35 45
2 6
86 94
71 79
54 62
3 13
13 28
63 74
41 67
40 49
10 21
25 30
45 56
37 41
21 26
24 29
80 87
53 56
22 28
54 70
80 85
14 29
72 85
75 98
82 91
54 62
16 36
15 30
83 95
6 17
69 76
45 53
6 19
57 66
81 96
87 95
74 83
4 10
25 32
26 36
44 51
11 15
26 29
4 12
82 95
32 50
16 21
67 69
69 75
2 5
6 46
77 85
67 71
60 66
8 22
16 23
45 63
52 62
87 91
40 60
49 52
27 37
63 76
7 15
61 65
98 100
1 14
45 64
6 14
38 59
22 32
87 93
5 9
67 76
70 79
17 29
9 23
16 28
81 86
58 70
84 87
22 29
71 73
14 29
51 59
51 54
31 33
31 35
14 17
12 15
24 28
62 73
88 97
23 33
55 61
50 58
80 86
15 28
37 49
62 72
12 26
68 75
43 50
24 37
27 34
83 100
75 84
88 98
7 23
53 60
85 97
89 97
61 71
44 54
98 100
94 98
47 65
33 37
69 80
27 31
10 31
68 93
9 17
80 83
5 31
7 9
27 39
10 51
22 24
84 89
2 14
27 29
36 46
21 27
39 46
21 29
38 45
41 50
12 24
56 67
92 98
16 23
32 37
14 18
68 85
11 19
34 38
33 39
66 72
6 18
22 26
72 94
75 81
32 38
47 65
81 94
78 90
21 29
92 98
54 62
63 73
94 100
77 79
9 26
66 88
46 64
7 16
95 97
46 61
70 78
47 71
80 86
4 12
88 95
62 70
45 49
37 46
45 60
73 76
35 57
40 57
74 78
76 95
66 72
35 37
17 31
33 41
44 61
15 28
16 23
28 36
23 30
64 90
49 66
26 30
4 13
31 44
25 34
64 73
48 59
53 59
76 85
44 47
42 52
23 43
2 8
86 93
31 43
23 49
9 31
9 17
45 48
41 49
78 91
45 58
71 77
10 13
77 84
83 87
64 74
79 91
47 53
28 44
6 13
84 94
2 16
68 84
56 66
41 50
33 45
7 20
21 25
19 32
67 73
62 68
9 30
46 49
34 44
63 72
88 92
4 27
54 59
79 91
41 58
19 47
68 75
41 59
26 44
25 31
63 69
14 22
20 57
48 71
62 70
44 48
80 99
7 18
38 90
17 26
74 78
82 90
2 11
25 33
84 99
11 17
7 16
15 28
34 41
63 71
49 61
86 91
73 85
35 43
73 80
5 31
31 47
47 71
45 55
57 64
80 84
17 25
19 25
14 22
57 73
44 57
44 59
42 49
24 32
32 44
79 87
46 57
45 52
10 19
31 40
15 29
13 16
14 19
93 96
85 94
49 57
17 27
56 68
24 40
1 8
13 23
36 43
9 26
76 90
5 19
21 40
83 96
51 64
46 51
76 80
54 64
37 49
32 47
28 30
28 35
89 95
17 25
65 71
26 42
4 8
31 40
1 6
22 43
26 32
29 33
56 59
4 13
5 19
26 45
94 100
23 40
37 47
59 69
81 97
80 95
13 24
62 65
8 18
63 70
58 80
54 70
33 39
73 100
34 42
40 53
73 75
41 48
35 38
81 88
11 21
70 86
77 96
56 58
19 28
71 81
64 74
21 28
24 37
69 86
85 97
33 42
30 45
55 62
11 16
86 89
66 97
78 89
45 50
17 30
27 42
88 96
20 41
78 86
70 78
72 78
2 14
44 51
80 100
13 20
40 43
30 37
39 45
15 27
25 29
37 48
42 47
67 76
5 16
80 89
37 39
23 30
42 53
60 75
62 83
16 20
71 81
42 58
32 56
54 64
88 95
78 89
38 50
4 19
52 84
70 81
18 23
1 17
39 47
24 47
61 80
29 33
63 92
16 24
36 43
33 39
67 84
30 38
6 30
34 58
15 85
94 98
64 77
26 30
93 97
21 28
50 60
22 29
79 99
42 48
65 73
58 66
12 15
62 67
91 99
68 76
7 13
23 29
23 31
89 94
65 71
83 91
32 37
36 44
73 79
76 85
17 29
9 21
28 44
14 26
27 32
20 32
59 87
45 61
71 75
48 52
64 70
33 40
46 55
36 53
35 39
13 17
28 30
85 88
4 17
40 86
18 22
76 84
79 84
55 64
1 23
70 78
49 69
42 65
88 95
61 66
81 92
77 83
10 15
72 79
50 60
45 51
35 45
73 87
63 69
60 80
63 71
83 100
46 62
47 53
19 23
37 47
55 66
89 95
61 75
75 90
24 31
89 96
81 94
81 87
45 59
75 93
17 20
88 98
53 60
54 66
61 70
25 37
8 36
39 50
68 71
51 56
35 65
42 55
87 94
85 89
25 32
45 60
28 36
20 43
72 77
73 86
56 62
56 72
57 63
17 28
11 27
57 81
14 23
38 49
92 99
5 17
29 42
89 96
42 50
13 36
45 53
44 50
77 95
4 14
12 25
46 60
22 32
19 40
31 39
20 29
35 51
17 27
46 54
23 44
65 73
52 68
32 35
2 11
81 85
60 73
9 28
6 14
18 25
27 44
55 60
25 29
18 50
85 89
35 60
7 31
70 74
89 92
17 38
77 82
77 88
13 14
48 61
24 42
80 89
17 42
57 68
28 32
75 98
59 71
36 42
68 71
44 57
10 38
44 50
16 23
38 47
90 99
32 36
40 71
4 13
7 20
48 56
64 81
36 39
66 75
32 36
82 87
56 60
46 54
76 89
54 58
29 42
29 42
58 61
40 58
90 93
5 11
58 60
52 61
34 66
32 47
80 83
43 45
39 49
32 51
12 14
83 92
25 29
22 34
67 74
54 56
67 72
2 40
63 71
78 84
97 100
1 25
43 47
58 60
43 51
83 89
33 39
64 79
8 20
68 73
81 83
90 97
17 23
52 56
78 88
88 96
93 98
60 77
69 74
43 53
82 85
15 31
1 5
87 90
37 51
32 49
77 84
70 98
50 57
44 51
11 17
9 41
18 47
75 88
11 26
60 63
60 63
4 11
13 18
43 48
43 49
6 15
67 69
25 42
10 16
14 20
16 19
79 84
61 67
10 18
60 65
68 80
78 88
45 50
47 58
55 60
93 98
45 52
18 25
55 77
79 82
68 82
52 55
87 95
58 61
66 72
63 97
1 19
60 67
46 55
31 42
2 13
50 57
36 54
15 29
53 63
74 81
15 21
24 30
27 30
79 95
12 14
48 64
22 27
57 59
16 25
33 36
41 57
22 40
82 88
44 49
66 69
68 78
85 94
76 84
23 42
67 76
74 80
36 46
3 23
37 40
65 72
3 7
52 62
15 18
31 48
65 92
92 98
49 65
64 92
24 46
54 57
6 22
59 65
46 51
73 93
57 68
20 31
43 51
71 78
39 46
24 72
38 41
32 42
14 19
79 85
69 79
7 19
2 33
8 22
1 7
8 17
5 23
83 95
13 55
38 51
84 94
89 99
85 91
91 97
16 49
1 31
56 71
12 13
20 36
18 27
42 55
50 72
81 83
14 16
14 27
78 84
61 66
70 79
30 41
52 64
52 75
13 23
62 75
18 24
25 36
15 24
92 96
29 36
51 61
49 63
89 98
81 87
68 77
6 11
4 18
67 81
77 81
80 84
37 63
75 82
71 78
16 37
26 34
27 34
66 80
31 35
55 67
34 54
12 24
82 96
87 92
59 73
25 44
1 25
86 96
73 77
60 85
22 40
27 47
45 53
24 35
24 32
82 84
89 94
63 69
55 65
27 37
15 37
51 75
76 86
33 38
32 49
88 96
9 30
17 32
58 67
78 88
56 69
90 96
47 63
5 14
84 100
24 38
44 67
77 79
45 55
23 45
61 67
82 86
32 52
19 21
90 91
43 64
62 70
69 77
75 90
29 39
72 81
37 43
13 18
88 93
11 17
71 80
56 63
51 60
22 37
63 72
22 29
71 84
36 44
74 84
12 27
21 36
96 99
66 90
56 62
18 46
83 94
45 59
76 96
80 97
78 90
46 50
37 42
26 40
10 21
6 13
78 98
13 19
76 85
10 15
3 13
8 13
55 66
6 20
85 88
35 39
83 100
37 56
58 63
8 17
30 43
46 60
52 56
70 98
15 21
83 91
32 45
69 79
52 77
75 86
41 62
40 54
36 52
36 41
55 64
94 99
23 40
27 36
61 65
25 40
70 83
35 53
19 23
55 61
50 52
46 57
93 100
81 84
42 51
41 48
22 28
64 71
32 39
61 69
71 74
4 27
53 61
58 61
23 31
61 66
1 5
44 51
30 32
97 99
30 39
58 63
4 34
45 63
56 60
81 95
87 100
17 35
27 35
1 9
26 36
89 95
44 67
52 57
27 37
37 48
94 100
21 25
64 83
2 16
10 18
25 31
35 41
85 92
31 42
6 14
14 26
5 27
50 59
15 79
29 36
26 31
9 18
5 30
60 66
42 68
58 70
26 36
54 78
65 73
65 76
61 71
13 24
60 88
50 67
17 38
67 75
50 60
38 43
59 67
78 93
76 78
24 37
79 99
10 28
53 66
75 92
49 54
11 31
92 96
42 45
27 41
39 48
17 33
1 9
36 46
24 64
63 70
1 9
12 29
51 54
72 88
66 77
85 98
12 27
32 38
85 100
59 73
24 34
12 15
72 83
12 22
43 55
46 65
46 56
65 70
51 56
57 73
11 16
43 48
20 25
42 44
4 11
6 17
66 78
83 90
56 62
85 88
47 51
24 30
81 88
12 18
11 34
29 34
23 35
98 100
66 94
61 65
37 48
56 72
89 98
75 78
39 49
50 67
67 75
68 78
20 43
75 84
65 70
61 66
57 70
83 89
42 86
61 76
56 59
13 38
2 8
45 59
89 95
1 8
36 47
11 15
4 21
27 31
10 25
84 98
73 83
49 54
29 38
83 86
62 70
80 83
3 10
65 72
54 60
71 75
4 8
13 15
15 48
35 52
37 45
40 57
36 47
81 87
1 17
45 61
75 80
45 63
66 74
44 50
1 11
45 57
66 94
93 99
22 65
49 59
56 70
22 49
60 72
18 28
67 73
75 82
34 40
23 27
26 41
87 96
27 35
59 86
14 22
21 28
68 76
33 37
29 34
45 49
53 79
22 36
50 53
46 64
67 78
47 54
68 73
84 89
75 90
36 45
38 52
70 81
65 72
17 28
19 28
37 44
54 59
57 60
10 25
17 38
17 25
75 85
57 69
71 74
51 56
4 17
12 18
25 30
23 31
56 65
8 14
66 84
57 64
33 39
18 20
89 97
1 24
72 97
61 74
3 9
53 59
60 84
85 93
8 11
91 99
25 51
6 17
30 43
23 45
75 93
28 40
41 52
60 66
17 40
32 60
58 63
26 35
10 20
74 92
50 57
35 45
39 54
79 82
75 93
13 35
2 13
25 36
43 48
56 77
14 33
88 95
73 99
27 37
40 45
82 87
53 60
75 85
73 79
64 83
14 23
90 97
63 79
57 86
10 15
22 27
23 36
51 72
11 21
82 98
38 52
52 54
53 66
8 30
47 59
20 25
12 27
40 42
19 24
34 37
61 71
11 22
32 36
82 97
89 98
30 49
83 88
50 54
47 57
25 35
87 94
20 45
15 31
7 32
7 14
74 89
5 17
36 44
41 49
68 82
64 77
64 75
56 65
85 99
52 61
62 65
57 71
28 38
82 91
24 30
44 49
90 93
64 72
87 95
60 68
58 72
74 83
44 50
67 80
18 21
68 79
11 25
69 74
4 10
89 96
3 15
3 11
4 11
70 76
10 24
75 81
25 36
35 37
45 54
3 16
19 29
3 4
84 99
70 75
26 33
85 98
63 71
39 45
16 46
40 60
15 18
1 28
37 46
34 37
69 72
39 43
28 40
37 49
6 14
47 53
24 29
44 52
78 80
79 84
29 33
53 71
49 72
32 36
23 33
91 99
29 38
84 100
13 30
10 12
25 34
17 29
80 97
3 15
22 29
29 46
82 85
16 18
78 84
69 75
15 19
1 28
44 46
35 45
63 75
87 89
51 75
76 84
47 54
6 32
5 14
49 54
22 25
2 13
75 93
61 74
14 26
69 87
14 33
10 20
36 41
10 29
87 95
31 44
15 27
16 26
36 41
27 42
26 31
14 26
88 92
33 40
83 94
55 70
80 91
7 11
36 56
66 72
9 17
81 85
60 62
50 58
84 89
49 53
6 11
34 37
13 28
30 44
12 28
29 35
41 56
64 73
21 29
14 24
30 40
66 78
94 99
65 79
60 63
54 64
78 89
38 45
35 39
57 65
4 16
77 90
46 58
60 75
10 15
45 58
89 97
52 55
58 62
21 31
67 79
25 62
16 27
51 91
83 85
1 13
25 29
75 93
69 78
12 25
10 39
75 97
3 13
80 89
68 72
3 6
90 98
2 16
9 16
39 57
3 7
16 38
87 96
33 35
18 28
20 24
6 13
63 80
27 37
29 45
31 36
17 32
26 38
63 71
13 24
65 88
32 33
61 65
15 32
21 42
25 27
18 24
14 20
3 12
11 19
46 57
2 10
30 32
6 13
69 79
55 63
12 17
10 20
50 74
54 73
12 33
10 14
47 63
73 78
76 92
48 50
36 54
62 68
45 73
74 85
12 15
39 46
43 70
10 68
1 15
31 44
56 67
32 40
28 32
55 73
47 53
21 29
25 36
18 33
24 38
28 43
67 77
32 41
83 88
58 73
18 32
10 16
53 58
85 96
25 38
9 15
41 47
24 44
60 66
25 30
45 52
77 83
16 31
52 56
80 85
42 50
62 67
11 12
85 89
63 74
63 75
7 15
68 75
36 41
3 8
87 95
81 91
59 66
5 17
35 46
58 83
29 38
67 85
47 58
21 26
14 20
37 60
15 23
38 64
21 26
50 60
54 59
83 89
57 72
90 94
6 11
74 81
72 80
18 22
63 69
27 34
36 40
26 50
93 97
24 30
4 24
13 28
40 49
52 66
65 82
31 44
21 26
41 49
72 92
42 47
38 55
30 41
72 75
67 78
50 55
8 18
53 69
7 25
10 36
31 55
70 75
61 65
83 98
1 33
56 68
54 65
84 85
5 16
85 91
44 49
31 48
29 39
74 81
9 14
43 57
67 79
38 45
84 90
14 20
10 13
43 56
39 45
53 60
64 72
2 22
74 86
18 21
50 52
7 19
7 18
87 94
20 31
73 90
65 74
64 67
1 10
25 31
10 15
39 52
54 69
78 86
8 19
49 59
43 58
55 80
16 42
10 24
87 96
72 74
29 35
5 25
34 42
51 61
73 86
29 65
59 66
28 43
74 84
77 81
55 61
25 37
73 84
58 67
18 24
71 87
43 45
3 8
15 24
5 8
83 92
68 74
48 58
72 80
39 51
54 63
11 34
84 89
33 57
43 72
16 28
79 89
10 34
19 26
43 51
74 88
82 91
18 54
34 36
66 79
83 97
30 54
28 49
46 54
8 14
48 54
88 96
77 78
62 73
20 34
66 76
65 79
50 61
65 72
94 100
63 67
61 64
45 82
51 79
57 77
26 29
24 43
61 69
17 27
13 21
15 31
7 12
14 17
85 90
17 33
61 75
32 34
34 50
19 25
23 30
49 60
13 24
14 28
83 88
81 84
55 59
39 45
11 26
85 98
29 47
49 70
72 85
9 22
31 41
51 64
21 23
25 35
92 97
65 76
57 94
7 14
84 89
53 77
2 9
11 26
89 94
82 93
17 25
70 73
16 38
78 91
84 93
79 87
7 16
80 86
25 36
67 72
6 18
33 49
57 74
10 36
10 21
50 59
45 58
5 11
59 63
88 100
59 72
58 64
1 10
73 95
18 34
22 31
1 10
23 31
10 14
71 80
31 41
86 93
63 71
72 80
35 39
6 22
80 85
19 22
7 12
82 92
34 38
42 48
27 43
59 66
71 80
57 61
9 15
55 58
63 75
77 86
26 32
6 16
43 49
28 33
45 60
5 16
29 50
40 55
62 81
14 37
19 20
51 65
86 96
41 46
89 97
23 37
22 27
31 47
5 12
89 93
32 49
14 22
12 14
30 43
33 38
16 25
57 75
66 82
92 97
24 39
61 82
2 14
79 86
75 82
47 64
18 27
54 72
81 98
67 72
49 67
57 75
45 63
58 73
81 91
48 52
89 100
72 80
37 41
29 44
80 94
33 47
75 82
11 12
70 82
50 62
26 35
76 84
55 58
77 82
73 80
63 70
3 18
49 52
46 50
66 84
22 30
54 65
14 24
65 77
34 49
45 52
19 27
15 19
71 80
74 89
12 31
82 90
23 27
1 10
17 33
3 14
48 61
85 91
20 37
21 30
53 62
5 12
50 59
82 88
30 39
31 46
39 56
31 37
64 78
45 67
64 72
92 100
73 78
24 33
89 94
38 55
52 58
19 31
41 46
65 67
37 49
52 64
9 21
79 83
63 71
63 69
46 78
39 52
14 21
60 62
66 76
48 56
55 61
21 30
88 96
29 43
18 20
92 97
88 92
88 95
22 30
92 94
70 76
84 89
22 28
52 70
75 81
69 76
20 31
98 100
45 59
58 61
48 56
87 99
13 26
66 74
24 43
29 38
23 39
51 64
63 71
86 91
78 88
32 41
39 44
68 72
34 65
21 35
61 64
28 36
20 27
1 9
60 72
54 69
15 19
81 92
42 50
63 77
45 53
92 95
68 83
51 71
71 93
71 93
33 50
79 97
22 28
46 59
42 45
19 65
22 34
89 94
74 81
61 70
64 69
1 18
75 99
22 46
17 37
40 63
22 42
61 76
63 76
83 89
25 34
81 90
50 82
14 22
58 64
39 61
3 24
84 91
5 15
12 20
27 38
15 29
82 85
19 28
74 80
44 49
26 34
10 17
44 58
37 47
32 43
77 81
73 83
29 47
25 31
85 100
1 19
7 14
4 12
25 28
54 65
62 73
35 73
37 44
11 21
28 48
78 94
69 84
5 11
43 68
52 62
45 59
94 100
79 88
60 68
28 38
16 33
57 64
63 75
40 51
54 62
76 87
39 48
58 62
61 64
22 25
34 60
29 36
58 76
88 93
55 63
62 68
69 91
85 90
17 22
41 52
24 37
7 16
88 100
14 24
56 71
89 91
71 90
64 69
80 90
49 70
32 35
64 72
29 53
86 89
71 81
31 35
20 31
25 51
23 26
19 25
31 37
44 88
81 90
14 29
83 90
15 34
35 41
83 92
28 46
60 72
20 27
10 16
91 100
6 24
57 66
63 69
80 93
24 28
48 58
28 39
78 84
38 44
33 35
45 53
20 23
19 24
22 31
12 38
54 56
34 74
15 23
42 70
16 29
7 19
35 45
31 44
24 39
18 28
78 81
63 78
54 64
77 91
81 94
58 67
79 89
68 94
6 20
59 68
33 40
90 100
96 98
78 92
80 92
6 20
57 77
16 23
7 12
62 77
87 91
27 32
45 65
7 16
54 60
88 96
7 19
65 79
33 44
65 75
5 17
9 14
56 60
53 70
30 45
59 71
68 74
48 62
28 37
24 31
1 7
2 8
67 73
56 59
14 21
45 53
64 74
50 55
13 26
23 27
17 39
11 24
19 23
22 32
63 66
40 42
43 52
32 48
34 62
71 77
2 13
41 54
11 22
53 67
29 37
77 98
96 100
15 18
6 17
45 55
5 10
58 80
53 56
74 87
33 39
51 64
37 42
93 97
45 70
86 100
54 64
74 79
47 56
20 29
77 84
82 86
6 28
24 29
3 29
66 75
18 25
17 21
45 52
39 50
82 94
63 77
93 98
77 89
77 85
8 19
41 79
51 68
35 42
31 37
15 28
5 11
39 43
49 53
47 69
8 18
81 88
90 97
59 74
46 65
71 77
35 59
67 80
45 52
27 46
14 15
21 34
4 15
25 30
56 74
57 63
74 83
16 32
87 99
20 42
2 7
36 46
4 12
92 98
12 18
44 48
66 72
37 43
38 42
58 67
62 98
76 92
21 34
83 89
87 92
66 72
25 41
48 59
14 27
33 42
60 67
15 50
66 71
52 60
68 81
72 77
75 89
84 99
63 76
14 40
22 26
64 70
43 52
37 43
19 33
3 12
93 98
69 76
59 75
56 80
34 47
68 91
40 51
37 62
3 19
64 67
47 53
64 74
78 88
76 78
10 22
83 100
26 29
48 52
19 25
72 74
30 73
68 83
82 100
51 60
9 14
44 55
71 84
7 12
70 78
22 24
8 13
41 51
2 33
24 37
15 22
11 27
41 68
18 38
41 60
71 87
44 60
25 27
62 76
8 15
83 94
51 57
37 45
66 80
44 61
53 61
72 83
72 80
25 31
90 99
54 62
22 50
37 49
56 84
32 47
56 67
80 86
32 42
60 65
17 27
40 47
86 100
56 84
59 69
72 86
32 37
54 88
44 48
70 95
9 15
57 65
57 71
55 72
11 24
98 99
50 61
39 41
1 8
87 92
28 32
54 62
63 71
90 94
15 23
33 46
54 65
61 69
71 87
45 52
88 93
89 94
47 56
25 34
77 87
76 96
3 7
81 91
56 63
79 95
16 23
80 86
7 16
50 67
27 37
30 35
14 27
4 10
37 42
33 39
35 40
1 8
50 67
27 33
46 61
72 82
46 61
82 91
10 14
4 14
2 13
56 73
18 21
71 77
32 52
26 30
34 62
3 20
82 96
88 94
38 48
50 67
2 9
22 37
18 22
77 87
61 76
61 75
54 71
24 31
97 100
61 70
62 68
2 28
21 74
33 51
33 37
92 97
50 64
86 96
4 9
60 66
57 66
15 30
78 86
47 55
51 60
71 94
42 44
37 46
84 98
85 90
6 15
13 26
69 73
30 37
56 62
88 95
1 11
17 53
20 24
47 85
44 57
73 75
12 17
24 35
37 52
52 58
58 93
70 75
24 36
17 26
67 72
83 91
55 68
10 17
25 28
43 76
73 80
27 37
37 45
48 52
7 19
73 77
97 99
77 84
46 58
7 17
53 61
79 89
46 52
4 9
5 18
49 59
42 53
8 22
94 97
69 72
52 58
54 56
10 23
72 84
21 37
78 87
73 84
86 92
52 65
25 31
91 96
40 48
50 56
67 85
10 19
15 26
53 66
55 62
53 58
50 61
2 13
67 70
49 51
71 80
46 62
41 46
83 95
47 62
37 43
60 73
56 62
36 71
92 98
19 24
94 98
12 24
29 38
37 46
33 40
37 44
54 75
1 9
2 10
32 37
30 36
66 71
18 22
16 47
65 86
76 82
29 38
43 55
54 57
71 88
33 37
26 50
36 41
80 92
43 61
85 90
37 72
50 69
12 15
31 38
65 73
61 82
71 77
53 69
73 82
70 78
9 23
93 98
50 57
78 98
71 78
17 27
89 91
56 72
49 54
33 40
7 17
65 69
85 99
64 91
44 48
39 75
3 31
86 95
71 84
65 74
5 20
20 36
67 83
77 90
11 31
72 89
11 18
95 100
23 32
85 94
74 75
33 36
44 50
9 26
30 32
50 55
90 96
63 66
82 88
40 50
26 38
2 8
55 66
47 53
28 50
50 87
44 52
54 58
51 63
30 39
46 59
53 55
66 84
60 68
77 85
78 86
83 100
8 15
64 78
66 85
79 87
33 45
23 28
75 90
64 69
68 71
87 94
48 56
77 83
18 44
74 78
40 55
85 92
96 99
70 83
40 42
5 24
83 95
78 85
41 65
21 30
73 90
36 45
87 93
70 76
25 35
28 89
58 78
63 71
85 93
25 35
44 49
60 74
37 44
66 75
6 17
59 66
93 99
45 53
63 71
49 56
55 73
28 48
71 77
47 55
40 56
37 57
6 21
60 65
22 28
30 38
20 32
30 38
3 12
28 32
62 75
28 40
41 46
57 65
15 23
27 35
30 34
68 72
57 65
65 71
50 64
17 33
62 69
42 51
9 16
80 87
7 15
14 27
42 52
72 79
6 13
89 93
20 26
5 10
14 22
55 71
35 50
74 84
35 75
38 52
46 62
18 23
31 46
62 69
52 85
25 42
50 79
50 56
3 27
14 19
85 88
39 48
30 35
61 74
89 98
4 16
47 62
14 21
83 99
68 73
41 60
75 85
51 58
27 32
31 33
3 8
18 23
82 92
30 34
76 90
76 87
4 25
44 57
42 54
6 17
18 24
76 89
14 29
64 71
83 87
22 37
52 66
10 13
70 87
83 92
33 36
27 37
28 34
30 41
30 32
39 52
18 31
17 20
85 94
13 24
52 59
5 15
9 34
31 40
16 22
13 32
2 12
53 72
50 78
4 15
2 11
19 38
32 38
87 91
28 54
38 49
22 36
75 83
92 100
10 18
9 14
65 76
56 81
18 29
74 89
79 84
53 74
62 74
55 65
66 86
44 53
6 17
89 92
19 27
67 94
33 45
19 25
16 40
58 64
42 50
41 50
17 28
49 61
85 89
28 32
9 20
96 99
42 51
1 31
39 43
58 78
71 74
11 31
6 14
52 75
10 25
39 45
17 29
77 89
7 13
18 24
64 83
33 38
77 85
80 85
91 99
11 19
18 36
55 64
30 36
34 39
50 61
10 15
21 30
4 19
68 76
53 59
19 26
28 38
38 44
81 89
17 65
14 18
86 91
95 100
13 24
75 84
68 78
15 21
24 34
22 27
18 29
23 30
78 82
36 64
30 56
63 71
62 77
38 76
20 33
20 29
8 14
54 58
80 86
50 54
13 25
81 90
66 85
94 100
20 22
21 30
25 55
69 79
17 29
1 22
19 27
37 50
72 90
43 47
9 29
80 88
51 54
57 70
36 47
53 81
16 24
1 21
4 39
88 100
30 35
31 40
41 48
49 60
12 89
41 48
46 55
52 79
53 56
91 98
82 100
2 21
48 58
23 28
56 70
55 69
45 52
45 49
42 59
29 37
35 37
79 93
22 37
30 70
75 89
36 45
39 44
66 73
34 46
63 72
81 93
87 99
12 18
87 93
19 25
13 39
14 35
28 45
72 95
40 49
32 39
52 60
3 10
47 60
77 94
27 35
9 17
88 99
18 20
6 35
60 67
75 80
57 70
33 59
77 95
16 46
71 83
62 88
61 67
79 91
78 100
59 70
95 98
41 50
28 40
7 20
48 62
5 15
61 88
56 64
72 79
74 79
24 41
18 32
40 54
2 7
8 23
50 75
58 62
66 74
38 55
29 37
51 64
83 99
33 38
78 82
51 83
40 44
45 50
83 91
49 54
65 72
83 92
38 44
3 10
54 66
7 13
34 44
50 57
19 45
81 89
24 28
33 36
74 80
49 83
11 23
14 23
18 21
76 100
82 84
18 33
77 79
40 44
2 6
86 96
15 28
21 37
75 82
16 36
63 72
77 96
58 64
85 94
56 68
81 99
4 21
26 37
83 91
33 48
50 65
97 99
10 19
8 17
70 77
20 48
94 96
41 91
62 70
4 20
55 59
1 12
5 12
21 33
46 60
27 40
71 94
25 33
48 58
64 67
44 52
34 50
3 14
20 25
7 9
82 99
8 14
32 39
41 54
32 35
26 39
88 97
10 25
73 97
39 45
75 83
53 64
54 79
14 20
72 89
60 75
24 42
24 29
5 26
77 85
41 68
82 92
23 28
42 54
69 89
84 91
5 8
16 36
62 83
11 16
22 61
65 74
28 33
14 18
8 18
85 94
7 20
51 60
22 28
56 69
73 77
62 69
77 86
19 27
74 87
66 73
29 34
30 55
52 60
37 98
51 63
17 21
51 59
85 97
24 38
61 71
80 88
38 46
62 69
16 24
20 39
39 75
71 85
47 56
74 83
91 95
14 17
53 64
31 48
72 77
46 55
5 33
63 69
32 47
36 40
3 32
45 67
57 66
75 84
21 26
29 47
18 25
8 21
31 38
62 68
58 73
75 84
81 90
33 58
33 39
62 67
48 70
41 58
95 100
37 52
48 55
41 55
57 61
20 45
10 23
79 86
61 74
42 54
16 22
39 52
22 27
88 99
35 44
20 39
58 72
74 95
20 30
63 76
91 98
68 77
51 54
52 58
8 22
44 61
79 87
63 81
80 95
22 31
15 17
43 49
27 42
89 100
2 16
28 33
34 39
79 83
12 18
78 84
57 70
66 73
65 74
14 21
5 25
36 52
65 70
28 37
33 47
38 49
12 29
21 43
39 44
33 40
65 79
47 61
1 6
11 20
48 93
83 99
42 49
22 28
6 15
42 49
53 61
61 66
57 71
50 58
84 92
33 40
59 71
16 21
30 46
56 59
82 87
45 59
12 39
74 79
12 18
80 88
5 36
34 39
1 11
37 46
16 19
68 95
23 35
67 75
19 36
29 34
19 24
19 27
8 24
82 89
26 34
45 51
3 34
33 42
3 14
20 34
51 58
63 70
38 44
21 28
55 66
37 42
68 82
9 34
86 96
77 94
57 71
75 78
15 27
4 25
18 34
29 41
22 46
53 57
53 65
7 18
92 98
45 56
19 34
91 100
8 26
80 92
7 31
29 36
92 100
37 47
54 90
47 61
39 45
16 22
63 66
47 64
41 49
14 27
66 77
43 51
29 46
85 93
83 90
68 84
31 37
53 59
10 34
88 96
89 100
76 87
48 50
66 82
42 61
33 39
36 42
66 75
49 58
53 58
59 66
44 46
14 29
36 49
38 41
51 65
31 36
38 64
32 46
8 18
21 43
53 61
52 69
25 43
33 45
2 17
93 99
25 29
42 60
1 13
38 49
60 84
19 25
79 85
4 9
42 44
55 61
49 51
72 80
5 61
72 92
47 51
66 71
81 84
4 14
21 31
69 87
41 45
74 89
24 38
22 31
58 66
68 71
39 57
59 73
83 95
56 79
67 70
26 39
7 14
76 99
70 78
6 13
81 92
13 42
63 74
16 53
45 57
18 29
67 69
70 85
15 25
67 74
22 29
64 70
6 12
54 67
93 97
87 91
41 54
47 62
73 87
9 16
46 49
37 40
66 69
50 53
8 31
28 49
64 67
28 32
57 67
76 83
77 89
85 99
9 12
2 29
3 17
52 57
45 65
46 62
45 47
37 49
17 25
80 87
7 25
38 43
91 97
18 25
37 44
87 96
46 53
8 11
50 56
46 60
75 83
43 56
48 54
66 93
84 99
80 97
60 67
28 35
85 93
74 83
25 47
45 56
49 53
17 31
65 86
8 22
45 54
77 87
64 80
18 60
13 29
11 16
43 53
51 64
65 88
39 53
10 35
25 36
13 18
53 61
84 93
70 86
89 93
58 69
4 15
5 12
28 40
63 80
43 50
71 87
55 65
30 36
48 58
80 87
41 48
36 42
82 91
32 48
71 82
38 46
76 90
35 52
4 9
29 34
62 69
87 93
2 11
57 77
38 43
45 50
76 99
53 54
74 80
17 20
74 78
1 17
87 95
61 70
28 42
37 48
91 100
18 30
80 82
57 70
33 61
4 9
19 22
16 22
51 59
58 64
49 59
51 88
46 53
17 39
8 27
62 67
11 16
61 78
14 32
30 49
43 59
23 29
17 20
13 24
61 69
24 28
33 36
9 15
77 90
17 30
70 81
11 13
55 64
37 40
5 17
27 39
2 7
13 51
33 47
18 36
58 74
65 75
43 49
56 62
51 65
4 8
19 23
78 86
69 79
64 70
11 28
10 15
39 47
10 27
3 23
28 43
33 40
42 48
63 67
27 32
35 42
67 73
30 33
43 51
66 93
63 72
62 67
29 36
67 74
9 21
30 49
16 33
49 61
65 75
85 91
92 98
78 83
77 85
27 54
21 25
21 29
83 92
49 65
1 11
45 49
29 37
16 23
22 30
55 64
71 86
67 73
65 74
14 26
15 27
24 33
56 71
9 20
30 42
24 33
32 49
34 41
4 15
89 96
46 48
14 32
14 31
53 59
26 43
34 43
47 52
38 50
55 63
20 83
35 51
4 18
54 76
83 86
61 78
41 62
68 81
67 73
21 35
42 55
65 69
48 50
24 33
64 67
92 95
65 73
76 81
48 51
23 26
80 92
31 33
3 11
83 100
26 34
36 87
35 89
6 16
24 39
39 45
41 80
55 67
22 64
42 67
46 56
32 37
30 39
69 82
77 81
21 32
12 23
20 39
42 45
41 48
52 100
83 96
29 38
46 58
10 29
12 18
81 90
11 17
22 52
45 69
44 53
23 54
47 51
25 38
75 78
40 48
58 68
18 22
38 48
65 76
93 97
31 39
14 31
83 88
65 72
13 47
69 90
86 93
61 95
81 85
17 33
17 23
34 46
92 96
55 74
3 8
75 89
61 100
33 39
19 30
10 70
54 58
89 94
52 65
75 80
6 12
62 78
78 80
89 100
3 47
58 73
44 54
55 62
71 83
10 14
79 85
25 31
18 21
26 46
18 41
78 87
21 32
8 13
62 79
39 46
73 88
77 81
76 98
74 88
62 67
63 74
56 75
78 84
62 66
63 72
51 68
76 84
29 35
18 30
87 94
67 90
23 30
19 28
65 74
37 46
33 40
93 99
61 74
16 26
58 67
72 87
72 87
41 49
10 27
16 24
89 96
74 81
3 10
86 100
40 50
6 36
63 67
67 89
13 29
2 12
35 62
74 75
64 72
13 21
52 60
14 20
81 85
89 97
11 23
50 70
44 55
10 14
26 38
39 41
55 73
2 9
1 8
41 53
42 53
88 99
54 60
55 62
70 83
73 74
50 52
63 72
62 80
45 53
25 32
48 55
22 39
36 47
11 15
54 63
55 66
1 10
71 75
6 38
29 35
4 18
24 30
2 20
54 72
63 76
71 93
18 32
27 46
17 45
65 78
15 19
12 29
1 11
72 94
28 65
18 27
80 86
56 63
83 90
44 47
8 15
52 69
60 65
90 100
51 59
29 55
23 36
32 54
82 93
19 36
34 43
87 95
29 40
56 73
79 96
70 80
35 50
4 23
48 68
61 65
67 81
50 60
37 56
86 94
74 79
14 23
48 69
32 41
50 61
7 15
69 78
30 34
89 96
72 80
27 34
36 62
8 12
68 74
37 43
15 30
40 51
38 42
64 70
25 34
45 59
6 12
38 45
86 92
57 79
85 96
30 38
22 29
8 14
81 88
27 61
75 87
77 82
57 64
31 37
1 14
1 8
6 15
48 55
8 21
18 28
1 5
86 91
36 47
89 94
76 87
1 12
27 40
37 42
59 65
88 92
75 84
42 63
18 20
8 11
83 87
6 12
79 88
93 97
85 93
6 18
11 16
72 81
24 28
17 20
12 25
15 21
39 45
66 69
33 37
17 20
78 86
5 45
61 98
73 80
9 20
58 93
9 16
66 76
30 38
80 86
46 78
39 46
22 35
69 72
36 66
4 15
48 51
73 88
60 72
2 8
88 100
34 42
69 78
44 49
75 80
45 52
71 84
51 65
27 37
59 68
41 44
1 5
43 70
31 37
63 78
34 36
6 14
33 38
5 22
33 45
88 97
2 20
70 72
64 70
11 19
13 32
23 30
72 82
78 85
38 48
72 82
75 94
26 35
66 78
23 43
63 73
69 85
41 49
81 94
12 21
6 11
67 74
30 41
83 88
87 89
89 93
16 18
65 71
56 61
72 74
65 71
17 24
27 40
9 20
76 91
14 29
58 67
70 77
74 87
59 69
6 18
43 53
69 77
15 27
34 49
69 78
22 42
34 63
60 67
86 97
62 72
2 11
65 75
8 18
73 86
63 70
72 78
58 70
18 20
84 91
56 76
42 44
47 54
52 55
29 41
88 95
53 62
29 32
4 11
94 97
36 41
72 75
32 41
43 54
74 82
8 13
23 39
26 37
43 57
66 79
85 89
85 93
77 95
28 40
35 60
18 26
23 34
93 95
64 75
81 96
66 84
51 57
26 34
8 39
35 42
83 94
21 33
30 39
76 77
8 16
32 67
47 57
65 71
52 57
69 73
76 79
83 92
5 9
8 17
53 56
38 46
63 82
64 69
68 82
26 49
84 95
59 79
88 93
11 13
3 11
24 29
57 69
22 33
6 19
70 78
21 49
19 33
70 83
17 23
36 51
34 64
47 54
93 97
9 26
37 47
41 53
46 55
9 11
25 36
4 13
77 82
56 67
15 41
69 76
39 43
65 76
11 28
79 96
61 90
76 87
20 30
73 84
57 59
63 75
14 24
54 68
12 20
19 26
13 25
70 80
72 74
49 53
15 20
28 40
68 72
5 10
38 39
6 30
93 98
24 32
42 49
11 15
2 21
1 38
41 47
70 81
4 12
13 18
10 44
14 24
59 66
83 89
40 44
11 25
20 25
46 59
50 59
63 79
35 41
43 49
47 58
34 46
48 64
74 82
47 49
5 14
39 47
90 96
9 20
53 70
31 39
4 18
19 31
63 68
63 70
75 83
80 92
88 99
51 55
19 37
81 91
35 42
48 65
53 63
5 20
77 82
3 7
86 96
37 63
38 42
58 81
48 54
74 85
91 98
38 41
11 19
13 27
11 18
26 37
32 42
89 98
76 81
62 70
78 85
2 10
46 53
25 42
27 33
34 41
30 41
46 55
70 79
27 35
58 64
37 47
93 99
24 35
30 35
3 14
68 88
27 42
20 55
11 13
42 44
82 97
49 59
47 59
6 10
28 30
34 51
44 52
38 47
79 83
25 37
86 94
50 60
12 24
56 70
5 10
71 77
41 53
23 38
14 22
73 82
72 78
49 55
50 61
42 47
29 31
48 57
56 76
43 50
71 75
56 59
3 9
11 20
71 84
68 72
60 76
14 23
41 44
37 56
7 21
71 75
90 96
83 95
31 50
57 69
19 22
79 89
86 90
76 93
30 52
27 44
13 17
9 20
26 40
4 14
25 36
15 24
38 64
24 33
39 49
28 39
49 53
17 38
39 46
13 20
36 55
11 33
51 59
31 76
20 34
52 75
55 57
50 57
5 19
34 45
23 33
75 87
89 97
59 77
44 52
58 65
37 39
19 36
39 59
68 73
40 51
50 68
33 39
13 21
9 20
47 56
70 83
18 27
46 50
43 50
19 34
44 52
96 99
1 33
13 21
82 98
5 14
52 54
13 38
90 97
61 70
54 71
36 39
58 62
11 13
54 86
77 82
32 47
81 93
60 65
25 34
18 32
29 42
72 91
13 20
74 84
49 57
54 68
89 98
58 61
76 92
29 30
36 39
66 79
73 79
83 90
10 25
28 38
49 66
14 24
16 27
33 45
76 80
42 48
58 66
65 77
63 71
49 60
24 35
44 67
58 83
53 64
10 22
62 75
29 41
26 34
86 95
3 9
52 87
84 97
36 53
49 55
67 90
8 23
2 6
33 39
26 39
31 42
12 19
32 43
23 36
61 71
24 35
61 74
80 84
20 25
13 16
19 30
34 41
46 57
73 80
12 18
17 29
3 24
74 76
49 62
54 64
53 66
76 87
4 8
29 33
86 95
37 43
42 56
73 80
55 59
50 64
72 87
47 55
5 19
19 33
38 61
2 11
36 44
71 94
20 33
18 30
36 41
89 96
56 63
71 79
96 100
48 64
28 34
18 22
53 59
49 56
70 75
61 74
17 25
15 34
9 15
20 26
34 42
51 67
59 62
40 47
26 51
21 23
18 27
13 22
62 81
53 64
26 38
53 65
23 26
78 89
36 53
4 27
89 92
40 45
18 37
76 87
46 53
4 12
24 34
94 98
18 22
31 44
74 84
91 99
70 85
56 67
20 28
79 84
55 61
62 79
17 29
27 50
68 71
92 98
41 48
78 88
16 31
32 55
10 20
15 33
32 37
50 57
64 67
37 45
22 42
30 60
3 7
8 23
85 93
37 47
50 61
6 10
83 97
28 53
7 11
9 16
16 23
74 77
30 64
46 66
41 47
69 73
2 38
14 19
42 48
64 87
56 60
67 77
23 30
12 23
13 23
47 57
79 91
79 85
62 68
90 94
48 58
84 88
12 19
65 73
53 56
28 33
62 79
2 9
29 35
56 64
16 36
44 59
86 99
49 56
14 22
50 63
70 77
82 95
71 88
62 71
70 76
18 25
22 33
42 63
65 73
37 47
49 58
43 61
8 22
4 18
62 83
57 71
74 91
32 50
88 94
2 15
57 62
9 14
92 97
59 67
27 37
57 75
52 59
32 40
25 28
76 86
41 52
52 59
50 58
3 14
24 40
76 84
62 85
80 95
23 30
60 76
45 59
45 46
41 59
56 60
34 46
11 51
40 61
26 32
24 47
51 62
36 46
87 90
43 51
48 55
89 92
40 59
45 49
49 54
50 73
74 90
40 44
33 38
72 85
76 87
43 63
85 93
60 84
36 51
75 78
70 86
25 31
61 89
37 42
43 51
2 7
8 13
46 76
1 5
79 89
22 35
68 72
67 77
60 72
65 78
38 46
17 28
9 18
47 77
3 18
94 98
63 76
51 71
2 14
21 23
6 11
65 72
66 76
83 97
76 94
47 54
72 77
3 22
54 67
19 43
58 65
13 30
80 90
18 35
94 98
14 22
78 85
60 85
1 9
71 75
13 22
19 24
28 34
80 85
3 11
57 61
79 82
72 79
16 17
31 68
86 97
40 50
93 100
34 39
66 70
16 41
64 74
16 31
50 63
80 82
47 52
31 37
54 58
7 17
19 27
31 34
35 44
48 63
40 48
26 29
29 51
24 34
50 75
52 61
8 17
69 75
72 79
48 54
18 26
51 62
77 86
21 39
74 96
9 33
30 42
58 65
79 96
41 47
34 45
56 68
21 33
77 96
8 14
36 42
71 84
7 11
34 45
58 67
86 93
88 93
55 61
14 21
85 97
27 41
40 60
40 47
19 27
34 40
1 14
44 57
5 17
27 34
92 95
67 85
83 93
10 19
28 38
42 49
48 58
89 97
71 84
4 16
13 18
58 62
62 68
64 67
15 24
2 6
53 64
53 60
43 48
78 88
73 79
55 64
47 78
24 30
33 43
73 78
53 61
59 73
8 13
44 62
76 81
16 23
66 69
21 27
59 66
90 98
17 30
69 73
55 63
38 48
53 65
56 68
59 69
79 90
12 25
48 69
79 83
91 100
57 69
1 8
57 59
17 27
93 98
40 45
65 78
66 68
18 33
30 42
23 40
34 55
46 53
80 88
45 54
45 70
6 19
87 99
26 36
2 23
9 27
90 100
