100 20 20 10
00000000000000000000
00000000000000000000
00000000000000000000
00000000000000000000
00000000000000000000
00000000000000000000
11111000000011000000
00000000000000000000
00000000000000000000
00000000000000000000
00000000011111111111
00000000000000000000
00000000000000000000
00000000000000000000
00000000000000000000
00000000000000000000
00000000000000000000
00000000000000000000
00000000000000000000
0000000100000000000
0000000100000000000
0000000100000000000
0000000100000000000
0000000100000000000
0000000000000000000
0000000000000000000
0000000000000100000
0000000000000100000
0000000000000100000
0000000000000100000
0000000000000000000
0000000000000000000
0000000000000000000
0000000000000000000
0000010000010000000
0000010000010000000
0000010000010000000
0000010000010000000
0000010000010000000
5146
76 83
10 21
53 60
70 85
72 83
28 47
75 84
2 12
6 20
16 27
16 21
26 31
9 16
55 70
36 48
68 72
51 59
44 51
76 87
6 12
33 41
63 68
6 25
10 18
46 60
52 59
64 92
67 83
41 53
30 35
51 57
4 21
45 62
3 19
66 69
48 53
42 45
79 88
70 73
52 65
73 76
21 32
31 42
51 63
31 43
78 94
70 92
9 24
19 25
33 53
35 58
35 47
40 49
84 91
28 41
89 97
33 45
91 96
87 95
20 25
25 35
28 42
30 40
33 43
27 30
43 60
57 65
25 31
67 83
79 93
8 12
12 29
38 48
70 95
26 35
3 12
38 47
48 52
64 72
21 32
91 96
22 30
57 58
52 66
11 14
40 47
72 85
38 45
30 44
79 81
53 62
69 74
60 74
3 19
52 65
91 94
25 29
2 25
13 17
16 25
72 79
61 76
56 67
45 58
8 17
78 87
79 82
85 92
67 73
44 57
20 33
20 28
27 72
57 70
55 76
61 67
1 5
1 9
57 64
52 60
48 58
51 64
10 14
73 88
16 29
65 75
15 18
15 23
2 16
55 56
48 52
52 60
4 12
18 39
5 17
23 39
70 98
64 77
57 62
8 18
88 98
9 30
84 91
2 10
11 17
72 80
41 46
65 70
44 51
27 34
38 54
74 82
20 25
68 75
33 44
73 78
58 72
46 53
83 87
54 57
59 80
53 63
74 88
33 35
42 53
30 47
24 44
55 69
72 79
86 91
81 92
60 66
10 11
55 62
58 76
76 81
32 35
31 41
33 42
52 60
39 44
55 67
80 84
52 60
40 76
27 41
68 74
83 90
84 96
67 71
43 51
84 97
66 75
94 99
81 91
25 43
65 78
22 42
47 57
68 76
36 47
31 34
3 17
25 53
42 48
24 30
52 58
91 94
72 79
31 43
69 78
12 22
86 91
86 93
7 19
9 33
60 80
61 64
28 48
63 79
63 75
70 78
66 72
13 19
17 25
22 24
67 83
51 60
54 67
44 52
28 34
68 76
61 65
25 34
15 19
61 73
31 41
5 17
19 22
17 20
74 83
39 42
86 91
13 26
84 95
50 53
3 19
90 99
14 18
20 32
37 41
85 99
23 30
49 64
81 84
7 13
89 99
58 62
88 93
48 53
63 68
70 79
24 38
80 89
74 78
32 45
81 95
63 73
73 81
95 97
28 36
18 30
46 51
10 48
3 28
36 39
58 86
77 85
29 53
14 20
8 24
71 81
70 78
51 60
76 84
75 86
43 70
51 60
64 69
40 48
52 62
35 56
17 22
4 27
49 79
29 41
29 32
24 45
77 80
30 35
72 85
58 61
67 85
31 36
56 63
31 50
51 57
70 83
75 92
6 8
82 93
35 47
52 57
26 30
89 100
20 23
45 56
46 55
78 82
5 16
85 89
75 80
46 60
78 84
5 10
35 40
33 41
22 33
78 99
51 56
79 84
79 88
20 30
36 52
51 62
36 43
69 79
6 19
51 57
22 28
7 42
38 45
88 92
46 52
67 71
21 32
12 22
35 76
6 22
16 26
37 43
73 91
41 49
66 76
7 17
65 82
33 43
47 51
25 34
52 78
1 9
95 100
16 31
61 65
48 53
29 40
5 8
50 56
60 67
14 21
66 74
75 79
38 57
47 56
77 92
43 48
6 12
5 11
66 88
13 16
2 23
81 92
61 70
10 18
4 14
55 68
55 60
92 100
28 32
42 56
62 67
17 41
89 94
24 36
29 35
13 23
47 53
23 30
9 15
43 44
55 75
50 52
54 62
46 60
8 60
50 57
43 67
13 21
75 79
9 14
81 89
7 10
41 57
34 38
49 65
40 58
70 76
17 24
17 34
27 53
3 16
48 60
2 22
51 57
15 26
65 72
42 46
7 22
80 91
10 13
17 26
39 45
52 57
37 42
27 31
45 72
27 32
79 86
1 4
16 27
60 63
28 31
11 23
91 96
2 20
49 67
82 90
66 80
67 72
70 92
36 62
91 96
39 96
71 80
32 38
44 61
45 47
88 98
15 25
35 40
31 34
34 46
28 51
57 70
64 75
5 18
31 43
1 21
95 99
21 33
36 44
90 95
69 73
37 41
55 61
23 28
6 33
89 93
71 78
32 43
68 83
86 89
34 38
38 46
48 59
76 92
49 57
9 14
33 47
87 97
89 92
64 82
41 48
30 46
12 27
83 88
66 86
4 8
49 62
6 16
85 89
31 41
27 34
70 74
25 37
70 87
71 80
2 14
53 61
34 47
64 67
7 11
57 68
67 80
66 71
14 22
17 21
2 7
38 51
1 8
32 38
51 62
46 52
23 36
65 74
19 26
72 77
88 96
7 15
27 39
27 30
22 38
51 70
76 95
64 98
32 42
20 28
18 34
78 84
8 29
16 19
64 69
29 44
46 50
75 86
63 76
38 56
14 27
36 40
63 68
75 85
26 62
25 45
78 91
47 53
77 82
34 57
46 73
9 19
56 70
55 65
18 26
54 62
94 98
30 46
48 58
66 73
32 37
6 10
13 19
90 97
17 23
55 57
44 92
90 96
68 97
25 38
4 30
14 24
76 93
20 27
7 18
62 67
11 17
50 58
22 36
78 87
29 39
72 85
39 55
30 49
68 78
40 45
88 95
54 60
17 45
12 22
26 29
45 56
23 28
8 15
65 70
86 93
95 100
38 52
24 34
40 60
79 81
27 34
22 27
42 50
65 78
81 89
23 34
76 81
74 85
58 73
12 35
37 48
21 43
56 63
3 14
75 91
15 27
85 98
59 65
53 59
25 26
60 70
8 67
69 78
85 90
83 89
33 59
48 76
34 39
61 70
3 6
5 10
54 78
8 21
17 29
5 11
33 61
18 31
3 7
19 36
38 49
68 76
27 40
24 29
46 53
48 61
30 42
54 67
23 28
13 23
29 53
15 30
11 20
27 37
57 76
21 28
50 65
69 97
15 28
70 79
5 14
66 73
16 32
22 34
4 23
61 67
39 49
94 98
66 75
87 93
3 9
90 98
69 76
72 87
78 84
49 63
35 36
40 47
43 61
79 88
88 93
60 65
80 98
22 25
47 51
34 46
28 38
16 23
45 51
9 23
6 17
47 54
32 37
84 91
66 75
26 32
34 61
55 57
9 18
29 43
77 82
33 39
80 83
22 51
16 23
43 52
22 35
73 74
41 46
28 42
74 78
16 41
7 13
25 27
75 87
26 34
20 28
20 25
33 55
86 93
26 38
56 87
3 17
19 24
7 16
88 98
27 46
5 6
76 82
14 27
86 87
55 67
16 32
80 86
53 59
82 100
32 37
92 94
30 49
34 44
21 36
10 24
39 56
2 13
76 90
49 60
31 56
56 76
42 47
54 61
11 28
44 63
2 14
45 49
51 62
19 25
52 67
10 17
63 72
67 71
1 19
26 29
18 24
79 95
73 83
32 40
3 14
48 54
39 63
29 63
53 68
60 72
18 28
67 73
90 96
74 80
92 95
53 80
75 83
7 11
27 32
60 69
47 52
86 91
6 7
53 70
90 94
73 84
82 86
63 67
82 90
54 60
22 28
47 60
15 24
13 27
8 48
63 69
49 63
69 83
88 96
37 54
44 50
49 55
11 25
43 63
25 36
31 39
34 36
54 58
26 46
46 58
45 60
72 88
58 83
3 14
21 42
9 19
12 18
34 42
34 57
57 67
37 50
5 7
62 67
59 67
37 48
43 84
66 73
6 12
29 39
93 98
42 46
4 21
35 46
1 7
34 45
1 4
60 77
86 98
27 54
89 93
38 45
61 69
70 88
1 14
35 40
55 62
93 98
75 85
88 93
1 15
21 31
91 99
38 57
86 92
12 15
15 19
72 85
37 40
88 90
74 79
2 8
17 25
49 55
6 10
42 70
84 90
1 6
18 21
76 82
34 41
68 75
48 51
43 49
96 99
48 57
35 63
69 78
92 97
94 96
79 88
47 61
44 55
24 36
15 25
16 23
61 79
34 43
83 90
25 39
3 9
43 47
6 27
15 18
33 41
15 49
63 69
40 60
75 79
28 34
39 47
28 32
9 16
22 33
19 37
68 92
29 34
68 72
29 30
22 26
4 11
44 52
48 54
53 60
66 70
10 13
6 17
35 46
24 32
53 63
25 26
85 91
7 20
21 27
57 64
24 29
34 52
67 83
89 99
49 54
8 30
11 26
63 74
37 44
2 5
69 79
42 55
8 30
47 51
86 97
52 63
47 73
66 89
45 53
39 51
38 47
5 13
75 78
85 90
50 58
19 26
78 84
37 73
37 52
3 11
64 67
76 82
44 49
49 63
54 59
84 98
63 70
41 44
88 97
46 55
12 27
59 69
81 86
72 78
21 32
48 56
66 75
49 67
76 82
8 29
66 70
32 37
17 33
41 64
48 64
76 83
72 86
29 34
69 73
20 26
59 62
13 28
13 28
88 96
49 56
78 84
64 68
9 46
25 50
14 21
33 35
36 43
24 36
60 65
3 21
60 72
48 57
44 54
1 6
72 90
33 43
9 15
43 61
17 23
12 17
81 90
8 13
51 63
49 99
66 71
81 100
4 9
78 83
48 62
72 82
79 88
47 53
14 23
95 100
22 31
61 64
74 84
72 80
73 81
78 90
65 79
70 78
10 17
34 52
82 84
84 93
9 36
34 49
71 78
13 18
5 15
79 87
81 83
53 60
79 82
30 46
4 13
72 82
26 44
19 37
2 24
89 99
49 60
15 17
33 38
58 88
4 9
94 100
66 81
46 57
93 100
77 84
25 52
9 34
21 27
58 73
65 74
14 22
10 20
84 92
64 73
16 62
2 19
1 7
56 63
83 89
8 16
34 38
12 20
80 87
72 93
16 32
43 50
52 57
32 50
57 64
1 23
10 29
9 18
70 89
95 97
6 8
63 81
15 21
9 16
77 86
67 87
30 39
1 5
68 80
57 60
29 62
22 41
71 77
60 69
12 18
28 41
86 95
44 48
16 24
40 46
38 59
75 83
54 58
36 42
1 6
71 81
39 49
86 97
27 61
13 17
75 99
80 86
86 89
48 51
79 83
67 80
17 20
10 26
7 14
44 48
92 100
2 8
1 18
24 30
17 37
25 27
94 97
87 91
72 81
61 67
81 96
6 11
43 45
87 94
5 10
84 89
24 29
92 98
46 59
24 40
26 38
71 79
54 60
81 99
11 19
46 52
80 85
18 37
48 68
23 39
21 24
51 56
17 24
27 34
12 23
63 65
34 42
97 100
41 55
22 28
83 88
75 93
2 28
60 66
9 25
62 66
46 48
71 84
15 23
31 35
69 72
19 25
87 99
78 87
54 64
4 41
91 95
57 79
1 8
52 53
13 15
47 62
79 84
52 70
69 82
67 79
21 29
63 70
32 43
73 78
43 56
69 78
43 52
46 53
58 75
15 63
5 7
3 9
4 10
81 83
68 77
13 28
13 25
29 35
21 33
13 18
51 62
31 37
1 11
44 55
21 29
92 96
47 59
14 21
81 95
66 71
62 70
12 20
91 97
59 69
13 23
45 53
20 35
1 11
69 73
52 59
39 46
20 29
30 50
65 94
69 76
30 37
44 57
63 69
75 79
4 27
39 58
28 37
6 13
86 89
22 37
16 39
31 69
42 66
45 58
80 89
15 23
50 80
54 59
45 62
71 78
57 70
34 46
49 77
8 16
76 88
29 58
80 91
26 32
3 18
40 48
25 34
59 70
24 35
62 98
58 65
10 27
11 20
9 27
62 74
81 90
87 98
17 24
24 58
41 52
58 60
19 26
68 75
8 17
75 80
76 85
10 14
79 88
25 59
55 60
9 18
4 12
48 57
32 40
26 34
17 28
1 8
85 90
6 12
13 25
15 24
3 7
64 79
60 71
48 61
27 35
36 38
47 62
42 43
55 63
51 62
96 100
27 42
37 43
34 40
22 27
92 100
59 73
29 36
52 69
32 38
27 53
8 22
55 90
18 22
50 63
32 39
18 22
62 68
82 87
81 87
30 51
66 89
19 34
64 69
45 57
89 98
4 16
66 81
90 100
51 67
10 24
58 65
50 54
24 33
73 88
47 53
13 20
61 70
34 44
72 78
55 61
84 95
54 59
30 34
26 32
75 81
39 57
76 81
15 27
24 30
40 44
30 39
67 74
41 51
65 69
27 43
39 56
76 84
36 48
23 27
47 53
4 16
59 79
79 91
36 47
28 31
29 39
2 16
34 60
27 36
7 17
67 74
31 39
13 27
17 25
2 22
42 45
10 28
81 99
28 33
34 52
29 35
7 12
63 67
73 79
39 43
39 43
46 59
75 81
68 97
34 39
34 45
72 86
23 35
8 14
41 56
49 61
70 83
5 12
89 93
29 36
37 53
22 43
69 78
44 89
31 37
64 82
26 40
18 45
25 33
64 76
2 10
30 60
93 100
69 76
47 50
31 35
8 24
26 31
67 74
59 99
17 23
13 20
57 63
19 28
42 51
55 68
39 53
71 84
66 92
10 16
17 20
68 82
59 62
46 56
80 99
80 89
85 93
78 85
73 87
29 38
88 94
48 64
38 59
90 99
13 29
35 43
54 79
84 92
48 58
12 19
10 29
13 24
75 92
86 88
75 80
1 19
59 64
15 18
74 83
35 42
70 80
23 35
66 78
74 81
80 84
50 64
72 100
9 37
86 95
70 82
61 63
2 5
77 92
9 20
22 27
76 86
59 67
32 42
42 55
27 32
30 47
21 53
65 76
77 86
8 32
7 14
57 66
87 89
24 36
66 75
45 52
34 44
86 89
86 91
65 69
35 50
60 64
44 52
29 40
63 70
60 68
11 12
61 66
39 53
62 72
13 21
44 88
34 47
50 57
45 63
30 49
58 62
18 26
88 97
40 43
64 69
30 41
8 26
21 27
70 73
37 48
16 41
39 42
1 8
33 43
85 93
7 11
41 50
75 88
66 71
13 35
5 10
19 28
94 100
50 85
46 58
76 80
72 82
16 29
56 67
77 91
54 59
57 64
55 57
47 50
9 16
78 91
78 88
57 81
47 55
46 50
49 57
75 86
5 27
25 38
80 85
65 67
4 9
68 100
5 27
43 51
31 46
3 4
76 84
44 48
19 22
24 28
61 76
24 47
73 80
29 34
32 51
35 52
76 82
3 17
60 68
35 42
19 26
25 49
62 65
18 31
60 65
33 56
47 65
54 78
73 74
62 92
2 9
42 51
10 20
76 90
49 62
69 80
74 80
60 68
18 29
64 81
37 62
1 13
41 57
65 81
29 57
19 40
42 61
81 89
14 20
54 66
36 39
46 51
63 66
77 95
57 60
77 83
13 31
80 91
4 21
61 84
7 13
80 85
14 18
30 39
79 94
20 35
14 18
25 40
80 95
92 98
49 51
28 36
33 42
59 69
15 20
43 56
4 13
43 56
5 12
66 95
73 76
32 40
18 23
56 63
13 27
28 37
5 6
92 97
69 82
14 44
20 32
74 88
88 99
43 47
89 96
79 88
29 38
86 93
44 61
70 74
95 99
38 41
1 17
79 84
21 28
27 31
67 70
36 53
34 43
78 84
55 66
10 15
14 21
53 63
45 58
42 48
2 5
85 95
57 76
32 50
56 65
88 97
88 97
88 92
81 84
58 69
13 23
51 61
21 34
69 72
50 55
65 72
69 87
10 11
78 88
27 38
94 99
62 77
70 97
28 40
78 90
16 24
7 12
70 77
25 58
32 39
60 74
21 30
75 86
83 92
7 18
55 67
76 77
49 56
1 11
39 44
34 53
3 11
55 95
54 64
91 94
30 65
37 46
79 84
37 38
1 12
55 68
11 23
27 30
65 79
65 73
47 51
56 64
34 49
39 56
70 74
6 14
29 53
35 39
13 25
18 41
81 85
64 83
48 60
10 17
18 27
54 89
23 31
59 68
6 13
93 100
81 99
36 48
63 68
77 91
65 79
72 89
38 56
32 36
56 65
7 21
51 57
13 61
6 11
84 90
54 57
58 78
78 80
66 90
14 27
25 29
76 90
32 39
11 21
72 76
76 85
44 49
14 21
39 59
10 13
54 68
57 66
46 52
13 22
60 100
29 34
16 39
15 26
12 18
84 88
53 65
38 46
82 91
45 56
31 50
78 91
74 77
83 90
47 54
55 70
63 67
10 19
66 95
22 27
12 19
57 60
72 75
62 69
91 99
37 45
13 29
18 44
46 53
52 78
35 39
41 47
60 70
51 60
5 9
37 42
49 53
86 93
16 21
75 80
62 77
1 11
35 44
67 80
70 80
84 96
10 26
71 87
70 77
96 100
48 55
1 10
15 37
68 78
98 100
90 97
24 29
7 14
40 46
42 54
86 92
29 38
15 26
62 82
68 78
55 68
12 49
34 65
46 65
47 54
50 56
5 25
7 12
34 43
77 90
76 87
2 21
24 55
11 14
21 27
89 100
73 91
50 72
73 82
41 64
2 8
8 21
77 90
83 92
16 25
74 91
34 53
38 43
19 34
26 27
45 56
45 61
71 87
32 39
20 38
54 56
50 54
5 18
14 19
26 45
6 14
7 18
42 76
83 97
70 77
2 12
60 82
15 27
51 59
65 72
79 84
56 98
15 19
50 58
10 18
9 33
82 95
12 47
35 64
5 14
54 70
12 23
35 37
72 86
62 68
36 40
31 46
58 63
34 44
91 100
38 42
29 36
15 21
44 56
46 56
77 85
9 22
38 45
12 25
81 96
79 96
72 81
28 37
74 83
95 100
34 47
21 38
11 14
86 96
78 85
20 26
50 68
25 35
38 48
38 63
58 64
18 21
46 59
15 23
4 12
84 91
44 57
80 85
75 84
18 30
18 22
35 42
78 83
62 70
84 98
76 79
24 46
73 82
1 19
64 66
4 9
78 81
79 92
48 57
16 24
27 58
37 43
3 8
80 89
92 96
79 84
61 77
93 98
25 34
43 56
63 68
10 24
58 67
60 74
80 90
29 36
88 97
3 19
25 30
26 33
39 50
72 77
63 80
74 82
34 42
36 55
68 74
64 87
58 64
78 90
38 41
43 48
18 25
16 26
11 17
22 26
88 97
30 42
31 40
13 18
59 62
70 78
39 50
63 68
91 97
36 51
47 58
69 79
40 44
43 48
88 95
50 59
72 81
9 18
87 92
5 38
54 58
65 70
80 100
83 92
29 59
26 38
48 57
82 88
22 31
27 34
2 15
68 84
71 78
74 80
88 94
31 41
79 80
54 58
29 33
46 61
41 58
79 81
45 58
44 48
58 73
72 83
57 68
11 35
63 68
4 8
11 16
52 61
62 77
65 72
81 84
15 22
56 60
69 78
32 43
33 50
39 48
61 67
77 86
28 43
24 40
40 63
66 87
61 75
46 52
67 77
68 79
19 26
50 67
53 60
48 52
63 74
65 72
35 44
33 44
6 11
64 78
6 11
93 99
91 95
31 39
29 35
21 30
68 90
47 68
71 76
41 50
48 71
66 73
53 57
9 44
17 19
59 77
29 39
41 51
22 28
70 77
34 39
7 16
32 36
41 58
63 82
35 45
77 86
82 88
47 55
63 67
1 6
34 37
61 80
49 52
1 7
24 26
71 79
64 70
9 17
8 26
53 74
65 73
18 26
54 71
4 8
37 47
11 30
71 76
82 97
88 94
39 43
4 6
66 73
3 8
14 36
38 44
47 52
77 85
42 78
42 50
65 84
87 89
11 17
62 66
47 61
66 92
81 97
40 44
48 61
79 89
88 94
11 20
31 37
57 80
38 42
84 89
84 94
68 80
96 98
91 98
52 66
16 24
18 30
15 25
78 84
76 92
44 82
69 77
84 91
82 90
67 81
60 63
53 55
18 87
78 83
83 86
13 20
10 21
55 71
11 17
66 72
17 27
19 23
77 91
57 64
43 55
77 86
47 53
12 18
51 70
45 81
16 24
62 97
74 78
66 78
3 9
5 9
48 62
26 32
47 58
11 19
78 82
42 47
85 94
3 11
76 83
74 77
66 80
85 100
41 46
80 90
24 31
15 21
31 37
18 70
32 40
6 22
44 53
52 58
6 12
17 20
52 88
81 90
42 47
34 40
35 40
26 37
91 97
9 22
28 59
47 50
36 41
25 39
71 83
77 92
24 31
49 71
51 58
22 40
38 46
53 59
26 33
34 43
25 43
21 43
53 55
79 87
86 91
74 81
81 91
29 33
43 51
61 70
59 66
31 41
63 73
62 68
55 71
11 15
72 94
74 90
43 59
63 66
4 9
23 35
80 84
74 89
90 99
91 98
36 84
25 28
3 38
19 28
43 45
64 77
21 29
90 97
67 79
63 70
29 35
91 94
70 80
39 49
90 96
45 74
54 62
52 67
19 29
1 7
71 75
25 44
75 96
29 42
63 79
17 30
70 74
12 25
10 17
51 62
88 93
43 61
3 26
27 55
45 62
48 81
55 78
40 60
33 57
12 17
78 87
65 80
61 78
17 31
83 88
16 27
73 82
59 65
80 89
14 22
70 96
86 98
59 68
40 60
44 54
57 68
7 14
62 94
28 33
45 52
83 96
34 43
7 18
80 84
9 25
73 94
28 40
30 35
21 26
51 56
35 48
11 18
83 93
38 41
90 94
20 45
2 23
33 51
73 78
72 84
19 30
18 22
80 90
90 94
82 87
30 50
75 89
26 37
69 79
5 13
21 26
62 75
54 71
75 84
37 57
43 61
34 42
59 65
64 74
45 65
73 87
88 90
75 79
88 91
57 71
47 50
83 92
50 67
27 35
44 49
21 51
87 93
52 59
86 90
12 16
67 74
54 82
57 61
45 65
57 74
8 30
30 40
4 9
14 22
60 85
46 49
81 85
57 65
75 80
12 34
7 15
67 78
54 68
52 64
71 74
40 50
76 91
28 40
29 35
71 76
68 78
91 100
55 62
31 34
64 69
23 29
53 72
46 91
82 93
86 99
24 34
85 91
56 77
83 97
46 51
40 51
45 60
9 27
52 54
82 89
77 91
68 78
12 21
55 58
58 66
31 45
83 92
72 81
57 65
71 77
41 45
59 68
36 48
6 29
67 82
57 65
71 86
28 36
7 16
18 21
48 55
15 29
72 82
21 30
30 41
86 90
90 98
37 78
62 74
45 53
12 37
25 31
75 78
10 14
44 46
20 35
58 83
83 100
2 12
1 5
69 74
9 14
44 51
59 76
42 46
7 16
75 83
22 35
8 24
71 74
68 80
40 44
32 67
24 41
1 14
59 64
71 74
28 44
46 60
68 83
55 76
26 30
76 87
64 80
2 10
5 16
9 19
82 99
49 66
11 14
89 99
37 52
82 87
38 48
78 84
18 22
62 69
42 48
46 77
17 27
9 32
65 82
64 81
57 60
51 60
55 73
49 81
52 70
18 28
41 50
65 80
51 60
75 85
17 31
14 19
60 69
37 41
69 80
87 93
70 77
84 95
12 20
1 8
6 17
64 86
19 31
64 80
28 56
81 93
92 100
31 33
64 81
75 85
44 52
56 67
57 74
19 27
20 25
73 89
82 93
85 92
40 44
56 67
43 48
61 77
4 14
85 92
66 75
77 80
15 19
32 57
34 37
29 31
12 45
86 94
42 50
86 90
11 14
82 87
66 83
16 24
29 33
67 71
63 83
17 25
9 49
23 30
20 23
77 84
82 85
2 11
33 42
17 37
24 26
74 89
78 92
65 81
38 56
39 48
15 18
50 61
10 23
78 88
7 31
27 43
16 36
45 53
48 62
5 20
50 61
71 80
46 70
68 86
6 13
88 93
43 58
67 71
15 24
19 31
6 17
74 79
30 44
39 56
43 50
64 72
68 78
36 45
60 75
20 32
40 44
62 66
38 45
41 49
3 7
21 34
9 18
19 25
21 37
8 11
13 18
35 64
14 21
61 66
81 91
72 89
10 16
73 85
66 70
16 22
55 62
9 22
84 95
82 86
53 58
5 10
55 62
45 52
73 81
16 33
2 17
27 60
66 77
81 84
74 87
55 62
29 32
50 74
71 78
94 98
71 82
78 87
32 36
92 98
50 52
65 74
14 23
19 23
54 67
71 83
26 32
30 36
46 54
77 93
69 78
5 10
35 40
64 82
59 74
54 75
57 70
91 98
66 80
20 32
64 79
52 60
31 38
69 79
59 82
5 8
57 67
67 73
56 62
15 28
79 99
40 53
65 68
88 97
88 97
28 31
13 25
48 56
1 9
14 44
47 55
41 47
92 99
59 79
75 86
44 50
43 64
52 94
67 71
4 21
60 69
65 77
65 77
70 85
10 18
17 34
2 9
43 57
30 65
81 95
53 71
39 49
4 12
35 40
46 54
86 91
79 90
88 90
63 70
87 97
81 84
33 43
63 80
21 26
41 73
1 16
70 83
52 62
64 78
17 40
13 21
3 11
32 62
3 9
33 45
35 42
19 32
29 39
11 22
23 31
15 19
56 69
39 43
44 69
91 94
53 72
2 16
29 34
8 15
77 85
25 28
31 39
44 53
47 56
47 52
62 79
20 24
60 76
30 41
64 70
97 100
67 76
32 39
59 69
48 54
11 24
54 66
23 27
5 20
7 12
47 62
62 68
16 20
11 27
30 57
49 60
3 8
80 86
9 52
46 57
67 69
52 72
2 12
65 78
2 11
59 77
45 50
47 59
64 70
24 30
10 15
5 13
83 93
53 56
92 96
76 85
66 74
12 17
13 25
76 93
42 52
66 70
32 36
67 95
63 69
73 82
11 28
5 12
89 97
62 80
86 88
39 49
73 91
87 96
15 25
43 60
20 31
15 35
2 7
76 84
49 55
29 33
5 16
80 98
27 56
87 93
55 81
91 96
90 100
38 48
43 50
21 38
22 29
65 73
47 55
77 83
46 55
29 45
39 57
12 20
22 24
25 35
87 96
85 90
58 65
62 70
45 49
18 31
5 13
21 33
41 49
35 43
12 21
49 55
56 70
20 24
50 55
87 94
75 77
78 82
17 19
75 91
17 23
46 51
45 59
26 30
26 32
74 77
5 19
5 9
85 92
75 80
33 39
50 75
91 99
30 48
17 27
66 73
61 68
84 98
11 19
32 45
66 76
81 84
31 47
9 14
26 36
41 44
36 46
17 41
53 59
39 46
28 30
21 42
36 41
1 14
42 62
47 69
41 52
88 93
97 100
28 37
49 59
31 52
18 23
33 50
35 47
63 72
52 53
47 73
67 78
68 98
33 41
21 50
24 34
84 89
29 36
26 34
81 88
14 21
24 36
70 75
65 100
99 100
8 23
17 26
33 39
73 79
16 24
80 85
1 9
46 64
56 61
28 43
62 82
65 71
61 70
22 36
32 47
81 87
34 53
76 82
1 10
67 72
67 89
26 32
55 66
27 31
54 75
87 92
4 8
60 65
70 79
67 74
8 12
63 73
27 34
46 57
78 85
77 80
38 49
54 60
25 33
75 83
61 65
83 90
6 10
77 79
31 56
82 90
34 42
18 31
3 16
47 54
22 38
12 17
85 96
59 68
44 55
41 54
30 52
33 39
19 22
4 8
54 63
66 86
54 64
69 71
40 45
45 60
58 84
58 68
58 70
18 24
36 45
16 38
45 64
70 73
31 62
23 36
36 43
78 88
40 55
75 84
13 26
76 81
52 60
36 49
72 91
42 44
72 82
81 94
63 94
81 90
55 66
23 35
19 24
31 36
47 70
59 80
16 27
67 79
42 65
1 11
1 16
17 30
53 57
26 59
84 100
38 45
19 28
76 85
39 46
34 41
44 57
29 32
40 52
16 28
75 84
23 32
1 6
70 83
17 36
40 44
16 43
22 31
24 27
73 80
12 22
85 94
46 49
88 92
45 57
5 11
89 96
27 45
69 79
21 27
46 48
86 90
57 71
71 85
73 89
59 69
43 46
80 88
3 10
83 91
21 30
32 36
77 95
8 21
3 10
79 90
28 33
37 41
4 16
44 52
25 38
75 81
59 64
47 54
89 95
2 13
59 74
13 16
67 88
66 83
14 24
33 42
48 57
88 98
5 12
15 18
69 78
76 82
70 77
79 84
18 32
83 94
93 96
79 87
4 13
80 91
60 72
66 74
13 38
42 44
5 15
91 95
24 30
90 94
64 71
31 39
37 61
50 54
87 100
27 42
10 20
48 59
96 100
77 94
63 71
4 11
35 41
69 83
58 76
27 33
17 21
22 26
5 10
56 69
52 75
36 48
76 95
58 60
22 37
67 71
70 80
8 15
47 56
40 50
58 75
35 43
49 62
29 47
55 59
51 60
34 43
47 58
70 83
80 92
26 30
38 53
80 87
11 24
14 25
91 93
13 23
8 18
81 89
26 28
14 19
74 85
50 63
28 31
26 40
52 57
56 61
38 49
87 89
36 49
63 76
67 70
41 47
46 49
50 59
30 61
89 97
28 37
53 64
86 100
53 76
55 58
78 85
11 26
77 83
27 34
62 71
66 83
92 95
35 49
88 95
32 37
23 34
41 59
40 45
56 68
13 18
3 8
31 39
86 97
51 55
39 52
48 68
65 70
66 72
46 50
95 99
87 94
25 87
20 39
15 24
92 97
75 79
14 23
12 38
37 54
67 69
14 18
41 60
52 94
6 12
58 67
10 17
89 97
71 85
50 69
14 16
62 83
25 29
54 70
18 33
28 34
15 28
44 52
25 51
85 92
21 27
22 31
30 42
72 86
10 39
18 25
11 20
83 100
78 94
35 40
57 59
48 59
31 58
54 70
29 41
63 69
81 99
22 45
65 78
75 82
19 30
75 89
11 25
21 29
1 14
59 72
28 47
79 94
22 34
40 52
86 98
36 38
11 17
84 97
7 28
28 48
57 64
29 46
51 60
2 8
10 18
15 35
23 42
80 85
31 37
55 73
24 45
42 53
17 37
23 32
83 89
73 89
52 69
83 94
67 73
32 42
50 53
58 69
79 91
15 31
55 70
78 89
31 37
60 61
3 6
21 35
50 56
1 8
80 88
22 35
41 46
29 39
2 28
50 58
24 28
11 26
7 10
21 33
23 44
66 76
29 44
16 22
6 13
73 80
83 90
64 73
83 100
65 79
6 20
16 22
45 59
5 27
37 44
83 99
97 100
52 56
35 79
23 33
27 41
57 88
35 38
73 82
51 85
82 92
40 47
20 34
49 65
21 27
85 89
28 45
61 68
84 91
30 41
19 34
79 85
64 71
25 32
77 95
57 64
58 59
17 30
27 35
59 68
26 33
20 31
92 99
11 17
72 77
29 36
14 25
61 72
40 46
76 80
71 78
28 33
14 20
13 34
26 29
45 67
6 33
47 58
96 97
24 54
39 47
34 40
25 32
14 19
18 22
30 46
55 60
23 56
15 19
38 47
83 87
88 92
22 31
13 18
7 13
57 70
78 93
64 73
41 51
53 54
10 32
64 86
10 18
78 85
13 31
87 97
43 50
39 41
45 55
51 68
78 89
81 87
35 55
22 24
45 46
59 67
58 65
26 32
25 40
46 63
62 69
34 45
73 87
28 49
47 62
62 65
84 89
45 56
20 26
59 76
34 59
22 29
67 81
74 84
64 74
29 35
41 46
70 73
18 22
26 47
65 74
58 64
65 70
44 49
77 94
60 70
20 22
45 54
19 41
52 62
89 92
39 76
66 84
79 89
92 97
26 51
93 98
50 61
55 81
24 35
65 74
31 36
81 89
91 95
9 12
81 90
51 54
57 61
12 22
79 89
57 61
49 55
74 87
11 17
87 88
14 37
45 57
5 13
51 59
53 57
84 89
70 83
81 94
52 65
61 76
21 29
6 23
59 70
77 80
1 15
55 63
12 26
95 100
39 48
59 71
68 75
15 20
17 27
17 21
50 56
55 63
39 42
82 91
78 85
86 91
29 32
3 12
82 97
87 92
49 59
3 13
31 48
48 54
35 45
31 35
9 15
82 99
34 50
60 85
2 23
92 97
74 84
3 15
81 86
23 46
26 29
56 63
68 86
63 76
28 40
55 61
17 42
25 31
5 8
89 98
62 67
2 41
90 93
60 73
16 19
44 57
30 38
62 77
75 80
74 77
35 39
2 10
30 39
20 41
22 37
31 39
41 55
53 60
47 50
69 78
7 22
89 97
43 59
43 56
63 74
82 86
45 65
23 27
73 90
33 45
3 51
29 34
82 86
19 41
71 78
86 93
83 94
51 60
66 99
57 77
29 32
35 40
48 70
6 17
51 67
31 76
43 65
44 52
17 30
37 41
85 90
2 13
53 65
1 26
30 51
81 88
7 20
61 78
40 52
37 73
10 21
58 73
24 33
17 27
24 36
73 98
43 55
22 38
59 81
13 20
81 91
46 53
63 75
1 19
82 92
84 98
89 94
48 51
45 52
63 66
35 44
49 59
35 44
54 68
19 27
86 87
47 59
72 78
8 49
12 17
9 19
25 41
61 77
2 22
52 56
14 21
27 35
85 96
47 55
61 63
37 50
16 28
2 13
61 100
63 67
93 100
41 45
19 28
17 29
49 59
52 57
36 40
14 19
28 35
30 47
4 16
23 52
29 39
68 75
3 6
31 45
8 29
81 100
62 68
11 22
11 26
35 49
64 77
2 13
65 72
44 50
1 3
81 97
17 35
40 51
53 63
81 96
86 93
16 30
9 24
77 90
9 20
78 90
30 39
29 44
29 34
77 81
88 100
68 78
61 69
53 59
65 83
30 42
13 21
30 34
20 53
50 64
17 30
19 21
74 95
79 100
69 72
42 52
18 20
21 28
29 37
66 75
71 79
81 87
30 56
67 74
71 81
14 39
12 14
83 86
95 97
47 52
10 13
18 36
48 56
34 44
86 100
82 98
84 89
19 24
25 57
35 40
95 98
86 94
42 49
56 76
5 10
84 85
72 93
25 33
32 44
58 66
70 86
78 86
84 94
88 91
8 14
16 24
10 39
77 84
44 76
83 91
84 97
48 57
54 61
54 59
40 47
40 46
2 9
75 82
72 83
38 47
24 42
12 16
76 83
55 66
60 71
60 65
62 85
70 76
43 51
45 58
55 63
34 46
40 44
7 9
29 46
25 32
40 48
29 44
36 47
9 14
31 42
8 21
64 76
31 40
2 29
64 73
76 88
36 41
15 24
8 23
23 51
15 18
7 14
38 48
69 97
75 80
72 78
21 26
19 27
81 91
82 93
86 90
50 56
61 75
42 65
61 77
84 95
60 73
7 10
37 44
90 98
38 48
65 86
41 51
32 45
31 37
25 34
51 59
39 47
56 63
60 61
44 54
74 97
29 41
51 70
70 87
26 41
83 99
43 57
81 99
20 24
95 100
27 46
15 29
19 22
48 51
38 44
15 36
80 93
79 85
4 5
89 99
51 67
86 89
54 59
86 95
79 86
52 60
34 38
73 80
28 39
84 95
24 65
12 19
42 47
13 29
78 83
84 89
44 69
9 15
7 16
39 68
71 78
47 67
21 27
62 72
61 83
13 26
29 35
74 78
30 57
14 18
15 23
20 30
7 15
8 34
75 82
52 65
16 30
37 51
30 41
87 91
57 61
71 80
79 81
86 100
23 36
38 43
58 64
3 8
3 6
15 26
8 16
4 11
70 82
58 81
88 91
95 100
71 75
30 37
6 12
89 98
78 96
59 68
10 14
84 97
26 40
41 48
48 60
45 52
74 84
9 16
16 24
43 49
5 18
91 93
9 17
56 67
63 72
26 31
96 100
77 96
63 73
22 28
44 52
72 77
49 53
43 48
7 19
13 16
71 82
46 61
29 40
10 23
32 35
42 58
24 28
54 67
3 11
60 68
46 57
65 77
89 91
43 51
63 76
40 45
55 59
2 14
26 38
68 76
73 81
83 84
62 67
33 43
51 58
51 75
69 84
9 15
92 100
41 46
78 83
10 18
60 67
61 67
30 41
33 39
5 8
50 61
3 11
42 71
23 32
24 33
46 54
39 49
35 43
21 25
49 58
18 33
37 42
25 32
34 45
31 52
71 73
77 85
30 39
5 18
83 87
30 43
49 56
32 44
40 50
20 26
44 50
1 14
29 43
25 39
32 37
60 68
96 98
46 50
88 96
54 59
86 90
71 96
77 83
51 58
74 80
15 30
29 40
64 70
73 87
24 36
57 67
47 58
7 11
53 72
85 97
36 63
5 23
84 87
67 70
5 11
60 72
25 32
56 68
53 55
73 83
18 22
64 69
43 70
29 37
65 71
30 44
21 56
33 38
23 43
62 69
67 88
43 58
79 84
25 31
12 22
2 5
23 26
54 63
44 48
57 63
45 52
37 53
14 25
16 33
22 36
67 79
21 30
54 61
1 10
74 83
36 49
73 86
51 67
14 18
41 100
80 88
52 66
59 69
1 11
69 90
24 49
76 81
49 65
51 53
36 51
22 28
52 70
85 89
77 86
94 97
41 44
10 14
37 48
45 69
31 42
65 84
54 60
90 97
37 45
68 78
5 21
79 94
42 52
14 32
46 54
45 50
53 75
38 47
7 14
57 71
5 33
54 67
63 71
64 79
3 15
31 57
22 33
39 49
70 79
83 96
29 34
27 41
16 18
12 23
12 23
81 87
33 36
58 64
45 47
62 70
13 25
65 73
40 45
94 99
1 10
91 100
85 100
42 48
36 80
29 52
4 13
55 63
82 91
43 59
89 97
13 19
60 70
6 14
19 29
86 95
27 38
58 63
20 33
64 76
77 91
17 24
74 93
72 85
79 86
73 82
74 98
42 49
9 27
65 74
90 93
13 31
6 13
12 28
47 50
65 75
78 82
3 8
71 88
11 23
56 63
57 83
28 34
48 54
56 64
61 74
43 61
32 42
21 31
71 88
5 14
69 94
73 83
4 18
86 91
5 29
62 76
63 82
42 61
1 17
43 65
78 85
62 78
19 26
65 74
77 84
36 67
49 65
23 33
18 28
47 54
25 29
64 86
36 42
10 24
14 33
49 55
54 58
26 37
13 32
39 47
83 92
88 96
81 96
61 64
87 99
23 32
4 20
33 40
29 55
22 26
78 86
58 64
1 3
87 90
22 34
72 92
10 15
42 50
57 64
16 27
54 64
92 99
29 35
26 47
55 72
60 70
35 37
20 23
20 26
44 49
75 86
28 35
75 86
61 70
73 80
57 71
66 74
82 91
63 87
46 51
30 50
42 53
83 90
22 75
96 98
3 26
61 70
5 13
20 34
31 44
48 55
19 34
56 60
14 36
43 80
56 69
32 35
46 55
6 62
82 89
49 52
24 36
81 92
23 40
24 38
62 67
20 26
5 19
2 26
82 89
36 57
20 47
21 26
74 81
86 94
54 69
75 83
85 95
79 83
24 29
61 76
20 32
30 38
94 100
42 49
40 58
29 40
74 92
55 86
51 64
36 44
28 33
3 8
20 28
44 55
53 59
58 64
59 70
7 10
75 80
21 27
85 90
49 54
52 69
57 60
2 7
56 78
79 92
81 83
43 49
3 5
33 38
40 52
54 62
2 6
78 87
4 9
71 76
40 52
77 88
40 48
63 77
10 20
72 85
20 26
53 60
45 53
88 96
49 56
15 26
63 75
32 38
88 100
58 64
11 19
45 59
56 71
67 77
10 18
43 54
83 94
48 60
39 46
80 87
38 48
87 100
76 86
85 90
72 86
34 43
24 35
66 71
73 97
21 33
82 88
70 76
22 35
75 79
48 58
70 76
14 19
33 42
85 95
44 53
23 37
80 83
48 56
25 43
32 38
35 38
6 10
4 11
73 79
64 71
22 31
72 83
82 91
64 68
20 53
78 100
29 38
24 71
34 42
43 64
20 32
32 53
43 55
2 5
45 50
29 32
24 26
22 40
57 65
39 63
71 76
26 36
27 33
65 84
49 57
30 43
60 68
31 46
84 94
33 38
53 73
28 36
38 46
73 88
60 67
16 26
9 12
46 57
20 31
80 87
15 44
65 70
49 57
73 93
20 26
23 41
21 38
89 97
28 35
54 68
11 20
26 36
3 14
47 68
40 43
86 93
54 68
33 38
66 69
37 48
35 46
60 73
8 19
80 86
57 74
18 34
41 52
19 25
18 31
21 51
67 69
46 57
37 52
36 51
78 90
74 97
38 50
11 16
12 19
42 49
37 46
31 53
7 13
49 77
81 91
71 81
31 44
90 96
54 57
80 81
38 48
79 85
64 79
38 42
24 34
45 48
44 53
74 81
59 67
70 80
3 16
3 18
79 82
59 83
60 70
44 51
1 14
50 58
59 68
32 39
11 73
7 22
2 7
84 93
15 21
15 19
56 64
6 15
56 63
57 66
69 74
2 6
68 72
57 65
25 38
41 47
30 37
68 83
41 55
23 28
66 74
49 77
23 26
61 75
45 71
60 67
75 86
16 33
30 33
83 100
74 91
35 38
32 42
64 75
53 56
50 57
97 100
44 65
58 60
61 69
73 96
91 98
90 92
8 22
78 89
25 34
22 33
11 17
71 77
27 35
55 67
75 84
83 92
41 56
21 29
41 50
44 48
28 43
72 80
16 25
52 55
73 82
62 70
69 81
15 35
67 82
57 66
19 27
82 91
44 50
34 55
33 37
14 28
90 99
59 79
49 59
33 41
40 53
49 59
6 15
80 96
44 50
25 36
16 27
46 65
72 85
33 54
11 15
35 39
31 43
60 64
25 45
70 83
63 76
9 23
13 28
51 56
65 74
22 26
61 67
74 84
12 17
71 74
52 64
38 39
42 47
91 97
70 85
66 72
63 79
51 63
16 34
49 87
6 10
60 76
33 41
22 27
39 52
45 59
33 49
77 85
81 92
37 54
2 12
29 39
44 51
19 40
36 42
11 28
6 8
71 93
85 94
4 17
61 70
49 58
52 63
60 79
34 41
46 55
54 57
90 99
45 65
3 13
24 28
55 62
82 85
24 30
20 35
43 63
94 100
3 4
12 29
59 62
73 81
39 45
77 82
51 54
8 23
40 54
13 18
35 42
64 70
13 27
40 51
69 75
12 23
69 71
44 57
58 66
67 81
11 38
65 79
48 63
17 30
76 86
23 26
61 82
49 56
57 64
40 44
76 91
16 22
23 35
1 5
90 92
57 65
18 41
6 19
8 18
80 93
68 89
1 4
83 96
92 99
13 18
33 40
23 34
72 76
64 72
29 33
74 84
9 16
20 27
20 60
72 88
17 20
66 74
66 82
53 62
64 74
50 75
19 28
13 36
75 82
51 58
35 48
81 88
2 13
24 46
68 71
30 99
48 61
21 23
34 63
8 22
95 100
35 42
9 13
59 70
84 94
63 80
78 94
20 22
7 21
93 100
9 24
33 47
67 72
55 62
41 52
53 59
11 24
85 89
67 77
78 84
68 71
44 49
37 47
57 67
59 61
74 84
57 68
52 71
7 20
67 72
14 23
30 51
78 87
50 60
88 91
26 33
35 44
23 35
47 56
13 18
26 36
19 26
47 58
21 31
87 97
4 15
59 72
20 28
20 47
14 22
21 24
58 62
54 78
65 75
81 98
53 62
54 61
15 25
15 27
57 64
45 76
47 73
49 58
30 35
22 29
53 63
34 49
43 52
70 81
50 57
23 28
29 43
12 17
31 45
43 59
75 83
52 56
32 37
43 47
82 90
18 25
8 31
9 19
4 12
4 12
67 84
32 43
10 18
25 37
17 22
48 50
81 86
14 28
3 9
28 93
51 65
50 59
50 57
17 26
94 95
48 59
57 66
22 27
50 58
27 35
76 88
48 59
61 75
75 84
89 90
51 78
59 67
33 56
63 73
36 49
29 56
34 42
18 26
5 10
5 10
58 62
7 18
66 74
14 25
75 80
80 85
79 85
63 73
48 57
29 56
76 85
5 7
17 40
20 33
1 23
10 20
41 52
3 20
51 55
71 83
39 46
49 51
9 24
74 87
80 87
28 37
39 44
72 85
59 63
69 84
22 41
85 98
72 80
86 98
78 86
38 44
78 89
12 16
5 8
84 87
27 32
57 62
29 37
26 36
17 25
1 6
54 68
25 32
9 19
2 5
39 72
7 8
9 21
45 71
66 81
38 45
37 66
39 47
44 47
49 65
78 88
17 24
39 48
38 45
44 55
57 67
20 24
78 83
16 46
25 32
22 31
22 30
12 20
7 23
64 76
47 50
50 55
6 17
34 64
40 41
82 95
3 17
10 14
49 50
71 82
13 33
6 17
78 86
79 84
34 45
67 70
59 64
91 95
31 37
90 99
46 57
27 32
15 30
14 29
23 27
70 89
61 87
80 87
16 34
69 79
48 53
33 40
81 97
5 18
21 30
37 50
14 26
56 71
23 43
50 52
38 42
15 24
39 46
30 47
17 23
87 95
67 73
9 28
86 94
29 32
89 92
52 86
28 32
10 16
41 49
13 17
2 9
17 34
57 64
16 22
22 31
22 26
32 44
75 81
25 32
9 13
76 83
35 49
21 31
42 54
59 63
57 64
43 49
49 64
66 75
54 59
68 75
34 62
72 76
58 67
55 58
21 46
75 100
15 33
85 99
43 63
62 77
49 61
14 30
2 6
5 12
30 37
66 81
20 31
4 10
88 100
81 96
41 64
62 73
4 19
11 15
41 52
37 60
27 30
7 15
72 78
5 14
32 42
6 12
60 72
15 22
1 10
52 61
53 57
77 99
17 23
79 98
21 27
48 56
19 25
28 34
68 76
41 51
72 91
12 24
59 71
50 65
75 85
81 87
61 100
46 52
12 20
8 14
7 57
21 37
83 94
75 79
41 47
56 68
19 22
74 80
74 97
86 89
67 76
45 55
31 32
23 35
26 30
72 79
13 18
2 15
56 61
86 96
39 47
5 20
83 95
85 91
84 93
79 91
52 65
5 25
80 83
46 59
48 59
61 73
53 61
34 42
33 44
35 45
31 36
48 54
72 80
55 66
4 12
57 66
8 12
29 40
97 100
14 18
66 80
85 91
57 63
19 39
92 96
83 98
70 88
36 43
23 28
76 80
50 55
21 30
78 93
66 70
31 37
3 20
10 34
40 52
35 43
46 47
69 89
38 47
75 80
1 16
45 62
69 96
74 83
