100 20 20 10
00000000000000000000
00000000000000000000
00000000000000000000
00000000111100000000
00000000000000001111
00000000000000000000
00001110000000000000
00000000001000000000
00000000000000000000
00000000000000000000
00000000000000000000
11111100000000000000
00000000000011111111
00000000000000000000
00000000001100000000
00000001110000000000
00000000000000000000
00000000000000000000
00000000000000000000
0000000000010000000
0000000000010000000
0000000000010000000
0000000000010000000
0000000000000000000
0001000000000000000
0001000000000000000
0000010000000000000
0000010001000000000
0000010001000100000
0000010001000100000
0000010001000100000
0000000001000100000
0000000001010000000
0000000001010000000
0000000001000000000
0000000000000000000
0000000000000000000
0000000000000000000
0000000000000000000
6578
30 41
54 84
59 71
10 41
45 57
45 59
74 83
81 96
65 90
53 71
7 20
9 15
66 75
87 94
13 19
3 12
69 86
63 67
45 50
64 76
14 25
5 27
8 18
91 94
9 20
29 35
37 43
82 87
26 36
43 51
21 28
17 26
55 65
11 18
22 32
80 88
28 39
51 70
74 97
46 50
27 47
4 18
65 71
50 57
62 77
66 86
8 14
80 91
60 83
39 55
48 52
9 17
62 75
11 22
84 94
46 89
74 86
38 41
78 82
42 59
17 29
46 56
70 83
40 47
56 71
41 51
17 29
76 86
69 85
49 55
29 37
3 7
89 97
16 27
60 70
68 73
3 10
22 33
38 43
47 54
85 87
64 79
35 41
10 19
31 34
7 15
16 19
16 28
55 78
7 19
74 79
10 23
8 26
21 35
2 6
28 39
12 33
7 18
60 67
60 75
24 31
61 69
73 81
49 57
45 67
22 30
79 84
6 12
60 80
30 49
19 26
25 30
27 42
79 86
52 61
4 26
31 57
80 90
53 65
63 65
66 86
36 40
42 55
45 58
64 76
9 17
47 61
62 70
92 99
64 83
37 42
57 67
60 69
63 90
2 15
13 18
13 35
49 54
63 80
15 47
72 94
86 92
72 87
60 64
66 70
14 19
21 45
47 62
51 60
63 71
58 64
54 77
83 89
46 62
20 24
13 23
47 57
20 37
17 25
61 65
63 64
57 71
80 92
86 96
48 55
17 23
40 52
18 37
34 38
15 26
55 60
25 31
84 89
32 40
9 22
3 22
80 85
54 63
31 37
80 88
33 44
82 91
42 53
59 69
75 83
43 54
59 67
77 82
12 24
86 97
20 32
39 58
77 82
11 16
18 31
66 77
66 73
66 77
32 41
17 46
2 4
38 45
7 10
18 32
81 96
69 72
93 100
45 52
46 57
78 84
26 32
59 78
37 66
58 61
17 72
65 68
22 30
16 26
79 91
40 66
75 88
65 74
61 75
84 92
31 36
93 96
47 66
49 60
39 45
1 20
65 73
42 56
77 80
39 47
86 90
72 81
34 47
19 34
9 21
34 38
53 60
63 81
14 30
77 98
48 53
75 100
81 87
69 84
20 46
82 88
69 80
36 65
63 72
52 73
65 70
16 30
85 91
61 76
59 81
33 40
62 72
70 87
91 98
26 38
10 16
38 45
33 51
51 54
36 51
66 92
15 20
9 20
27 34
35 48
68 69
93 99
36 48
30 38
48 52
90 94
32 35
77 84
55 70
15 35
53 61
4 15
53 57
86 93
39 44
43 91
22 30
5 12
13 22
40 73
49 53
5 10
37 41
19 39
55 64
78 90
8 39
10 18
32 37
38 44
6 14
25 36
52 53
78 88
24 45
12 15
32 47
23 47
63 70
27 31
8 14
15 30
74 92
62 68
37 43
29 45
28 31
89 94
93 99
69 76
25 32
33 53
59 68
69 82
11 31
22 27
37 47
65 89
21 26
34 39
19 65
74 78
75 78
31 46
80 90
17 24
22 29
83 92
54 75
25 28
86 90
85 88
76 92
22 34
6 16
16 19
4 16
56 63
14 20
47 58
24 32
75 80
44 66
42 56
56 75
17 32
86 90
12 14
87 92
63 66
60 65
43 68
20 35
19 33
63 73
3 12
76 92
41 51
12 16
42 72
21 36
50 53
80 92
88 90
88 96
54 68
60 79
50 66
81 96
55 62
57 72
41 66
63 65
53 56
58 60
56 61
78 80
79 88
39 50
8 24
14 19
13 21
47 53
69 78
87 98
92 99
65 75
29 83
56 61
17 32
1 13
61 84
43 55
91 99
35 37
40 44
87 97
86 91
86 98
60 64
29 31
30 37
9 19
12 20
63 66
21 25
85 88
97 100
50 61
43 57
83 98
11 31
63 68
68 83
77 88
12 25
52 60
14 23
29 52
59 64
49 67
96 100
32 50
66 73
9 15
2 7
54 64
92 95
60 76
30 52
40 53
76 92
33 39
47 58
51 81
64 74
52 56
24 37
56 60
34 44
15 27
20 27
83 88
38 60
69 75
60 79
44 56
38 49
77 83
13 18
2 10
23 29
72 79
78 84
63 65
93 98
21 33
48 58
91 96
4 14
74 85
61 71
25 48
38 43
23 54
10 20
78 84
25 37
39 48
70 97
11 28
15 25
85 90
54 68
55 76
66 74
61 80
62 77
1 17
86 96
61 86
37 39
83 87
93 96
61 62
16 24
61 84
28 38
47 55
30 40
5 11
9 31
13 30
7 14
42 70
80 87
9 55
28 41
54 64
65 76
93 96
32 48
77 83
14 20
36 64
27 30
43 60
4 12
64 76
44 51
6 13
12 16
3 13
45 57
9 43
49 59
23 38
78 99
8 19
54 67
32 43
6 21
97 100
23 34
63 77
42 54
15 23
42 44
2 8
35 47
3 39
83 91
8 26
1 16
3 15
53 62
72 80
43 50
24 28
89 96
32 48
21 30
43 62
12 29
67 73
94 100
82 88
10 27
8 23
49 78
61 87
25 48
73 85
83 98
48 58
24 27
79 93
67 69
81 95
90 97
24 33
28 37
38 78
75 96
44 52
67 69
25 28
64 79
12 25
74 78
36 46
53 69
70 92
57 61
87 94
37 47
75 80
57 67
85 88
76 91
43 58
15 17
81 91
35 43
13 21
85 90
25 45
62 67
49 58
85 100
83 91
83 86
72 78
54 79
19 54
27 54
71 75
67 81
38 53
7 12
52 63
59 63
23 28
92 96
4 16
54 65
87 92
23 37
60 70
92 100
63 69
70 78
62 66
89 97
42 69
51 72
46 60
68 73
48 62
35 40
4 9
67 86
31 60
50 67
77 99
21 36
81 95
11 13
32 46
27 34
89 95
17 27
46 51
75 80
22 31
34 40
21 26
14 19
16 25
67 75
51 58
16 32
14 34
21 27
16 28
35 39
67 70
79 86
82 86
29 36
82 87
22 37
2 30
41 51
71 75
78 94
32 33
75 81
93 98
3 27
13 18
24 29
61 94
63 77
86 94
78 90
9 42
8 32
73 79
31 39
52 61
5 15
75 84
10 17
7 22
95 100
25 38
44 51
50 53
14 31
24 41
50 57
87 95
71 84
33 48
32 46
3 7
64 72
30 40
79 83
58 75
64 71
30 64
23 31
60 64
72 79
52 89
47 61
32 38
51 55
86 89
33 39
73 82
60 67
91 96
79 80
57 70
17 31
87 91
11 29
30 37
62 70
48 65
38 44
87 95
79 97
53 63
85 94
63 65
74 78
93 99
64 69
25 35
32 61
14 22
46 100
37 60
12 29
77 96
66 98
28 35
40 57
69 75
46 51
60 65
77 84
30 33
21 25
29 37
31 38
97 98
55 59
66 93
4 12
40 42
33 41
67 79
56 63
57 77
54 66
76 90
41 47
67 82
24 32
62 69
81 95
31 50
40 43
3 16
58 66
49 66
33 43
64 78
14 18
14 35
30 51
81 87
16 18
30 41
49 60
87 91
57 62
66 69
42 52
51 56
53 60
73 80
23 35
89 93
86 90
63 67
39 53
59 65
61 69
8 16
8 15
6 14
12 37
67 71
80 92
79 86
83 91
14 31
81 87
73 94
5 18
33 59
53 65
29 38
18 28
34 38
88 97
8 18
15 39
56 66
8 12
20 37
5 20
45 69
45 54
86 97
5 30
70 72
38 55
76 89
4 8
85 93
79 87
29 38
20 35
29 42
82 88
76 89
79 88
71 84
23 32
41 49
38 43
9 50
8 12
68 74
71 96
21 24
76 94
67 73
72 85
83 90
27 37
35 53
37 40
40 55
61 66
51 82
64 76
76 93
45 47
44 45
64 81
18 29
29 34
71 90
13 20
12 20
53 55
51 53
89 99
65 79
83 96
26 38
46 72
7 19
60 66
61 63
20 25
45 60
23 27
66 88
11 14
66 78
29 36
83 91
78 87
15 19
55 61
38 54
47 54
31 43
74 85
59 67
69 72
62 81
69 82
75 98
1 6
28 43
30 62
43 46
9 25
79 82
44 65
54 57
28 34
36 54
42 52
60 65
44 78
36 39
44 66
43 66
56 60
78 87
39 54
20 38
21 30
3 32
59 62
70 80
68 76
80 94
87 95
92 99
22 36
60 83
76 81
19 30
86 93
15 31
31 41
39 43
77 84
88 98
18 27
8 22
2 6
41 50
21 31
39 48
62 71
47 58
27 36
57 71
84 92
23 33
83 92
46 63
34 40
71 88
84 88
50 55
26 35
43 61
38 81
45 56
23 27
79 86
78 89
93 95
72 92
36 46
1 12
67 71
60 77
72 79
71 75
52 74
14 20
26 31
74 76
8 29
29 40
47 55
36 48
64 99
88 95
51 71
70 75
29 51
4 8
3 18
51 59
51 72
43 56
40 47
45 51
69 73
6 24
31 50
39 48
37 49
91 99
37 50
76 84
33 50
77 80
83 93
30 77
47 53
85 91
61 75
58 69
24 34
42 53
59 77
64 71
62 76
69 93
63 71
16 35
53 57
70 80
5 12
88 95
50 58
74 97
80 90
22 45
13 21
76 80
15 27
61 81
91 96
20 27
54 73
44 50
88 92
31 40
45 61
29 36
30 43
62 75
29 43
92 96
77 80
31 71
69 79
82 89
75 83
14 20
73 87
18 29
53 65
76 79
35 42
35 46
75 85
42 56
57 62
33 40
38 41
52 70
23 32
40 51
8 18
11 13
19 22
78 84
13 41
35 45
19 24
3 8
76 94
16 31
67 77
41 52
83 90
11 33
72 84
14 25
3 19
56 67
47 53
46 56
44 49
42 52
53 63
87 100
65 75
55 79
27 38
91 96
73 74
61 64
19 27
4 15
66 71
32 41
35 45
45 58
29 53
28 49
23 37
54 65
45 49
25 31
44 51
61 66
77 91
33 38
56 62
69 71
73 81
15 31
31 38
75 95
46 55
5 54
60 63
80 83
88 91
30 36
9 18
34 37
73 82
72 83
53 69
96 99
31 35
39 65
43 46
43 45
37 50
4 13
51 62
68 91
4 6
65 80
15 30
42 47
58 63
61 69
92 99
34 49
49 69
69 72
60 66
59 69
33 40
18 27
28 32
11 58
19 36
4 9
10 25
25 29
89 93
39 42
44 56
63 81
63 72
4 10
6 11
30 42
30 44
52 53
33 61
13 18
45 50
36 44
10 19
27 39
62 73
32 45
83 93
28 30
66 74
32 34
37 49
24 31
32 38
2 53
59 67
47 74
45 65
69 92
62 74
15 23
87 98
6 14
72 75
25 27
90 98
7 12
63 66
8 21
2 12
17 22
87 100
95 100
98 100
78 93
38 43
52 74
64 79
63 69
84 92
57 89
83 95
92 98
19 29
62 75
10 15
4 12
5 17
70 78
21 44
79 90
93 98
35 47
83 89
12 18
48 58
48 74
32 41
35 48
63 79
77 95
31 37
75 94
11 22
4 9
70 85
16 28
88 94
23 31
45 58
63 66
28 31
33 47
36 54
65 73
52 60
24 36
65 70
51 61
61 65
88 94
32 45
77 86
17 39
65 69
63 89
80 91
11 22
11 13
35 53
35 39
34 39
46 59
26 29
53 64
19 35
54 57
72 86
78 82
14 26
76 83
86 89
68 75
12 20
31 73
78 83
40 49
2 5
62 69
11 24
32 37
3 6
48 84
23 27
13 17
40 49
5 11
56 66
68 75
37 52
3 11
72 88
25 35
79 88
85 93
91 95
49 51
32 60
21 25
31 43
37 47
46 52
69 80
10 18
16 28
81 84
38 69
48 53
73 79
48 91
36 49
29 54
13 17
27 51
64 77
16 27
95 99
90 97
48 52
47 52
47 52
43 54
49 71
63 70
17 26
47 53
73 78
72 82
49 53
77 82
79 81
82 97
28 31
47 56
41 53
66 74
38 44
43 55
94 98
19 26
54 60
4 24
31 45
75 97
33 38
53 68
66 72
58 63
4 16
79 93
82 93
4 10
67 80
23 25
10 24
8 19
84 88
35 41
90 99
85 89
90 97
3 19
53 58
36 60
13 16
58 68
23 33
55 64
28 49
55 62
28 37
20 31
74 81
11 14
20 25
63 66
28 30
56 64
46 51
36 59
46 59
1 5
15 24
23 39
15 30
16 29
21 30
88 97
40 61
93 100
45 59
15 20
83 95
6 7
91 98
18 35
34 36
9 30
66 77
70 81
38 52
74 81
49 51
21 36
51 53
94 98
42 48
88 93
4 16
21 32
29 36
37 64
53 59
26 42
88 94
27 35
10 52
20 29
10 45
13 23
14 21
20 52
18 35
63 77
33 37
91 100
8 23
31 35
17 31
3 13
75 90
60 66
9 13
83 96
51 56
53 57
50 65
92 100
69 88
31 65
1 18
69 92
69 86
67 75
87 92
67 71
28 42
73 91
46 55
77 92
57 71
26 35
45 48
84 96
74 88
28 32
13 27
54 57
58 90
34 42
65 73
86 94
48 59
22 28
43 65
59 65
91 97
4 9
76 82
48 63
66 75
85 91
69 78
59 69
51 73
74 81
16 26
49 51
18 61
63 77
48 55
70 75
80 84
66 73
77 92
50 59
9 27
54 73
49 66
69 75
65 81
59 69
49 53
62 66
91 99
55 57
38 54
46 50
51 58
21 26
33 37
66 79
16 23
83 99
53 63
84 91
29 38
1 16
58 62
63 65
27 36
44 56
30 40
64 74
14 30
48 61
9 21
90 95
91 94
31 46
64 78
17 23
18 33
2 12
3 8
15 20
55 61
2 18
78 94
59 67
18 25
63 72
24 34
68 76
60 76
80 84
51 56
45 56
19 26
61 65
63 72
61 65
16 47
29 34
48 51
19 28
85 98
70 76
7 21
72 81
2 5
46 53
2 6
90 93
11 40
38 46
62 68
57 69
42 46
5 14
18 36
24 30
21 30
89 95
51 55
31 36
68 73
40 49
11 13
77 80
42 48
43 55
63 69
23 28
87 92
92 98
77 86
35 63
31 42
80 88
60 65
1 16
60 80
37 42
89 93
29 34
3 10
88 96
55 72
42 45
44 74
54 77
11 21
78 84
33 42
18 29
16 24
19 27
47 62
45 59
15 28
27 36
85 91
8 14
24 36
76 85
10 24
31 34
30 35
86 97
63 67
31 41
91 99
41 45
93 98
46 53
55 71
33 38
52 57
84 96
64 66
68 78
5 13
73 87
60 69
13 15
16 40
39 46
31 33
1 23
65 71
43 64
63 78
61 77
2 12
20 49
52 70
35 42
32 44
30 67
36 44
3 10
41 47
92 95
72 84
62 73
65 70
47 52
23 26
16 31
87 96
56 63
49 53
50 62
8 51
91 97
16 24
35 45
20 41
11 22
89 95
8 12
37 40
16 28
36 48
52 62
11 19
83 91
80 92
89 95
78 86
53 61
42 50
7 13
16 22
17 22
27 39
71 76
4 11
89 92
85 94
45 60
68 76
3 23
11 14
82 95
3 12
29 38
27 29
84 87
89 98
70 77
10 19
26 36
58 73
86 99
36 44
7 17
49 54
27 30
35 42
64 74
33 39
1 6
26 45
50 62
35 48
7 15
30 46
29 34
31 46
35 49
34 39
48 60
91 99
54 67
64 75
36 49
36 43
7 19
27 39
49 63
58 70
5 13
41 68
86 91
69 76
49 75
3 13
74 86
6 17
37 54
19 22
27 35
33 44
46 63
22 34
7 16
41 58
59 72
13 17
61 83
19 25
2 26
33 42
20 32
15 29
1 17
88 97
84 100
53 59
4 61
34 47
58 67
18 25
46 51
62 81
23 43
67 71
9 17
79 98
65 74
40 45
59 65
78 83
60 65
33 45
79 84
75 82
44 48
57 72
54 60
75 79
34 50
81 92
63 68
81 98
38 46
63 66
28 44
74 84
25 39
54 61
61 76
34 36
53 62
13 36
47 53
57 61
83 86
27 38
14 31
46 49
82 90
67 75
24 28
75 81
32 45
91 93
56 70
5 15
84 93
11 17
16 25
7 20
14 18
57 64
55 66
7 20
63 73
59 70
51 58
30 39
40 44
86 97
44 51
16 24
20 40
64 78
86 89
29 47
31 52
43 59
1 6
93 98
12 19
49 57
37 47
51 61
68 79
35 50
53 70
90 96
67 87
54 61
13 20
42 48
43 60
43 87
66 70
60 68
31 48
68 82
38 62
59 75
36 48
9 15
54 57
50 54
29 59
11 29
91 100
72 83
84 93
34 49
49 60
84 98
68 73
27 40
39 55
92 98
53 61
65 84
1 9
47 68
45 49
10 13
85 94
36 45
17 35
29 45
55 68
63 74
8 18
77 81
38 64
68 73
19 21
78 83
68 96
31 39
63 70
66 73
24 33
82 92
26 29
59 67
67 75
6 10
56 63
65 70
50 65
2 9
9 35
74 90
24 42
32 37
37 46
25 33
43 58
29 36
19 38
9 19
43 59
40 62
17 25
18 26
59 68
33 39
30 40
69 83
57 66
82 94
67 73
76 97
26 31
48 52
53 65
85 90
36 40
52 57
42 71
21 26
91 99
59 69
60 70
78 82
54 65
82 90
16 21
87 92
2 20
70 84
53 60
87 99
91 100
9 14
8 15
13 21
35 45
40 52
20 26
80 90
67 73
43 46
21 28
50 76
63 65
94 100
8 10
10 17
36 40
19 32
80 94
51 85
60 65
64 69
14 23
59 75
10 15
3 11
38 46
69 80
83 91
80 86
85 88
58 91
35 60
57 62
27 32
13 36
51 56
84 87
13 14
52 62
63 68
69 75
12 28
39 43
64 69
20 29
8 12
58 89
55 77
79 85
92 98
87 91
81 90
22 31
47 59
58 75
65 72
3 24
32 48
8 17
46 63
77 84
11 15
87 91
18 47
39 47
91 98
2 6
80 86
55 65
5 20
74 91
54 61
63 84
78 88
88 96
51 59
78 84
26 36
80 94
88 100
81 89
44 56
68 81
88 93
79 86
83 91
81 93
93 100
2 8
66 72
38 47
1 3
45 57
34 62
4 14
27 40
62 69
82 91
33 45
89 97
14 20
83 88
19 35
39 42
42 53
15 28
10 16
21 24
8 14
17 46
2 9
48 60
51 66
22 39
7 28
61 67
37 44
66 89
19 35
48 65
27 37
27 31
13 34
90 99
43 48
31 37
42 51
3 6
22 30
4 26
35 45
92 98
25 43
23 28
25 31
74 79
58 66
24 36
47 64
25 34
64 69
92 99
23 36
73 80
13 26
57 72
45 51
75 77
74 96
56 72
74 82
7 16
15 27
45 52
20 32
47 56
87 93
76 82
8 15
59 80
17 29
65 85
28 40
34 50
25 30
64 70
54 63
3 21
43 56
21 37
19 35
17 23
54 69
55 66
22 29
24 37
22 42
93 96
26 31
72 91
3 12
86 91
81 84
61 69
37 42
49 72
60 68
26 39
36 53
4 23
16 21
93 100
60 65
50 55
45 56
78 85
49 59
50 59
38 45
88 93
68 94
47 52
12 20
28 49
3 13
82 86
73 83
5 8
14 18
32 46
53 83
40 44
12 22
13 21
29 38
48 60
24 30
85 92
52 64
1 19
30 42
16 18
22 36
5 15
10 23
72 73
70 73
23 32
83 94
21 26
59 80
15 33
63 70
21 31
87 90
30 42
41 63
6 33
31 38
96 99
83 100
87 97
73 81
52 57
47 79
84 95
54 64
89 95
32 35
37 40
35 42
7 18
20 35
50 63
61 72
95 99
6 13
18 20
57 84
41 50
2 11
21 39
88 91
76 85
8 20
23 29
3 10
62 66
24 34
26 32
14 26
21 32
23 31
39 45
67 75
54 63
81 92
44 57
52 70
23 32
85 92
26 34
15 23
86 99
14 41
90 93
47 52
60 71
76 85
41 64
35 49
1 8
51 59
61 66
54 57
84 98
19 32
65 70
17 29
14 22
24 32
27 30
73 76
6 45
63 75
9 15
63 66
25 33
6 26
83 89
17 20
8 28
63 68
36 46
41 46
67 71
4 8
58 65
28 44
68 74
74 79
13 32
43 50
20 26
5 19
89 94
38 54
89 98
14 30
29 45
14 20
65 78
25 29
17 31
73 85
42 52
77 84
27 34
46 52
91 94
12 15
53 59
15 24
14 17
18 23
51 55
14 22
56 64
56 63
67 82
80 86
73 78
75 85
35 41
54 56
73 86
25 34
63 93
84 97
3 21
80 90
49 74
28 41
92 100
1 28
85 90
71 75
30 47
84 96
47 57
70 73
21 39
69 86
17 22
67 93
14 35
65 69
24 29
82 98
34 44
27 55
45 52
6 12
27 72
77 84
28 34
72 78
63 73
82 85
51 59
20 22
42 46
60 85
5 25
63 75
55 62
71 76
72 80
18 28
47 64
72 75
77 83
69 72
76 81
31 47
88 92
47 51
47 56
51 59
22 34
72 76
58 63
91 96
79 86
92 98
25 36
66 74
67 88
46 69
22 57
68 71
56 67
57 62
58 66
66 78
28 53
37 43
43 48
78 84
20 31
82 84
81 88
31 35
19 46
31 37
52 60
44 49
8 11
9 17
17 23
83 90
21 23
98 99
49 66
90 96
77 89
16 23
79 93
39 48
7 13
72 77
39 47
57 64
95 100
95 100
58 70
43 51
20 26
9 19
39 50
21 30
23 52
19 30
53 73
6 26
69 78
18 41
8 15
79 94
71 80
54 82
3 11
17 31
3 12
50 55
24 36
43 49
31 41
8 16
71 73
38 52
58 62
23 29
15 21
35 41
96 99
21 33
15 25
80 94
4 14
53 88
3 19
80 93
47 78
48 62
32 65
47 60
36 46
73 74
20 29
1 3
60 66
92 97
55 59
17 45
77 82
37 46
54 68
18 22
28 33
34 42
12 18
90 96
91 97
65 86
27 36
14 23
27 44
7 14
53 59
11 24
1 5
67 69
65 87
72 83
44 51
61 67
57 84
30 32
47 56
22 27
70 98
23 28
11 24
37 62
64 69
77 81
87 100
31 40
69 77
84 91
37 42
47 52
3 15
72 83
91 98
36 43
78 86
71 95
79 100
7 12
22 41
68 72
78 80
59 70
54 59
51 69
50 61
55 65
64 70
55 66
50 63
62 65
56 78
67 86
77 83
39 45
62 72
82 87
62 77
43 57
29 35
28 43
38 45
6 11
9 40
47 59
4 11
41 63
45 51
34 39
19 50
60 75
34 75
40 55
92 97
60 73
49 68
17 32
12 27
17 37
5 10
74 79
76 80
15 21
76 79
96 97
3 7
72 80
6 15
50 74
75 83
54 73
2 19
86 96
48 59
53 68
11 19
14 25
7 23
6 22
10 24
58 73
56 66
48 59
65 74
45 61
89 92
77 92
92 94
66 98
71 85
88 100
5 18
33 38
12 16
86 96
40 42
29 34
24 44
47 51
43 47
42 50
58 66
53 64
52 53
68 96
46 51
54 57
90 99
77 86
72 81
34 42
18 29
55 74
48 71
61 69
51 71
32 38
70 72
5 15
8 14
4 9
36 49
48 58
5 16
17 40
19 31
45 52
9 17
22 35
2 7
27 33
22 25
74 77
41 54
57 79
10 32
61 70
13 24
42 55
90 97
82 96
38 52
89 100
9 20
60 74
92 100
48 62
33 42
76 85
75 81
91 99
80 94
67 71
13 25
1 17
67 85
53 64
49 65
17 26
25 38
4 7
31 51
35 46
80 95
19 38
27 43
5 43
82 83
20 35
84 88
72 79
6 14
38 50
25 34
26 60
46 59
75 83
44 51
56 68
4 27
38 45
3 14
29 35
28 35
32 35
19 27
77 94
63 82
69 89
12 24
30 40
83 94
74 79
47 64
54 58
88 89
85 94
78 86
25 31
88 98
75 87
59 66
85 98
84 94
72 81
49 58
82 87
16 30
77 79
49 55
15 19
60 66
44 54
75 96
70 73
30 37
5 12
37 69
14 19
79 94
72 82
29 47
32 53
32 41
92 95
51 82
3 14
5 9
14 23
36 65
22 25
76 85
1 10
86 91
39 49
1 15
56 82
34 48
5 15
54 62
3 10
19 33
58 72
2 30
73 85
68 75
25 40
84 88
65 76
43 48
10 25
18 25
69 97
92 95
4 6
1 12
22 28
33 39
70 75
82 89
27 31
44 55
65 73
41 46
61 73
72 78
3 9
89 99
31 51
16 55
77 84
84 89
37 50
16 30
85 96
36 47
17 26
13 34
68 81
15 26
47 55
69 73
49 54
27 29
82 97
70 77
26 33
17 33
48 55
22 44
21 28
88 96
65 70
5 11
55 65
35 48
29 31
83 94
6 13
97 100
10 12
24 29
94 99
79 94
6 23
62 65
30 36
53 64
33 44
31 42
30 35
76 81
17 27
38 48
39 41
17 34
45 82
69 73
47 54
84 95
83 96
62 68
90 99
72 81
54 60
12 19
93 100
84 100
41 63
74 85
88 93
51 63
83 92
42 48
55 58
38 50
61 70
19 31
42 68
7 27
15 23
1 10
22 36
83 93
66 68
31 36
29 42
72 81
23 30
30 53
38 40
17 54
73 82
62 71
65 73
72 78
56 71
83 99
23 40
58 71
49 59
62 87
16 40
19 25
80 92
26 34
27 49
25 33
17 33
47 66
66 92
45 47
43 53
21 25
54 64
76 84
4 15
55 74
18 38
78 87
41 64
94 96
63 88
4 18
32 37
68 95
25 29
38 46
57 81
58 74
85 99
77 83
62 71
41 43
45 55
73 91
35 40
53 71
75 79
16 27
3 11
4 11
69 74
78 90
54 57
64 72
81 87
33 43
68 77
75 79
44 59
45 54
31 46
37 45
10 12
1 9
78 80
52 65
86 96
49 54
61 74
83 90
51 65
10 27
25 33
63 70
66 75
29 45
41 44
10 26
7 16
38 44
7 20
12 20
10 35
22 27
48 60
23 33
84 90
63 68
24 36
89 97
13 29
5 12
79 92
47 76
65 97
87 95
38 42
3 39
86 94
37 53
61 65
56 62
37 53
10 38
31 47
72 87
87 93
34 44
19 24
20 41
36 56
2 3
31 42
64 68
41 57
77 89
23 24
74 82
35 46
12 17
8 45
3 13
51 57
53 63
24 26
26 35
32 52
39 49
12 32
30 35
63 80
58 72
49 67
23 35
22 72
7 25
16 29
25 30
30 37
25 29
98 100
20 26
75 92
57 64
40 79
58 63
58 67
92 94
81 88
5 44
30 35
7 15
69 75
24 38
59 65
82 85
73 86
92 93
52 62
74 81
25 39
41 52
21 33
17 40
80 85
17 19
15 28
27 31
51 58
29 31
64 71
95 100
3 20
46 77
40 43
2 29
48 54
4 9
33 49
20 24
34 62
3 10
65 71
79 96
17 26
5 16
79 83
56 63
52 58
57 59
29 34
58 65
65 74
9 11
7 11
49 54
62 69
48 57
59 81
58 62
28 34
20 42
45 50
48 53
39 47
39 47
81 89
37 40
48 56
84 89
47 79
69 85
12 19
91 96
55 69
7 19
79 95
5 9
49 55
38 45
5 10
93 95
66 78
81 90
3 69
69 89
34 40
3 23
92 97
72 80
77 82
6 17
84 97
24 48
46 54
72 79
55 71
90 96
48 62
15 35
47 63
53 61
43 50
48 76
16 29
78 92
73 85
45 58
75 100
65 72
74 82
56 83
74 89
52 61
71 80
76 84
22 30
38 45
74 90
23 36
88 92
32 46
51 81
57 92
13 36
71 86
90 100
19 30
12 22
12 19
85 88
16 27
36 56
39 45
68 79
88 100
37 52
66 77
54 56
35 75
15 18
9 23
59 75
61 68
29 33
19 28
42 97
15 27
71 88
7 16
38 49
58 67
63 76
50 55
85 89
29 34
15 24
26 36
51 65
48 54
77 82
20 36
82 90
80 91
10 19
5 13
15 21
79 99
2 35
58 64
19 22
66 78
69 78
66 99
46 53
5 17
56 65
54 58
17 28
35 50
76 83
23 39
29 43
37 41
43 48
83 88
88 99
13 28
82 93
8 22
73 88
80 86
28 32
4 17
4 11
39 49
85 93
92 100
38 53
29 54
40 85
48 62
6 9
29 44
59 76
27 44
71 95
73 76
69 86
27 35
47 62
85 95
5 16
41 48
77 80
31 44
20 33
79 90
7 17
65 74
54 68
45 54
65 72
20 31
41 49
30 35
4 9
7 16
21 24
66 79
83 85
36 43
50 58
58 62
18 28
52 59
41 49
20 31
68 77
7 15
8 12
77 90
10 19
66 80
43 57
89 95
27 35
27 40
49 76
28 40
31 33
12 22
2 7
83 90
79 83
18 34
17 25
13 31
85 92
29 40
53 85
16 18
39 43
61 66
45 51
73 95
6 10
76 87
74 88
17 25
9 12
34 38
42 47
7 25
33 61
35 49
18 32
76 95
2 30
14 35
8 17
22 36
33 46
62 67
2 16
3 18
63 90
42 62
88 96
8 15
1 10
26 32
64 74
42 47
25 50
90 99
13 18
59 63
53 65
79 85
36 45
77 82
6 12
69 74
86 91
25 39
49 53
56 75
11 23
24 34
3 19
69 82
93 95
38 41
21 30
35 46
33 36
19 29
50 58
32 48
42 52
19 26
66 94
73 78
24 31
32 44
14 35
6 16
11 40
44 50
8 69
93 99
50 77
5 8
60 74
14 16
36 52
61 72
43 52
59 68
61 82
82 85
12 18
84 87
38 41
15 18
80 86
39 48
32 37
21 26
6 12
28 38
3 16
18 32
36 40
63 75
15 26
41 55
62 69
33 37
57 61
23 29
76 93
90 94
79 85
38 46
37 40
39 50
42 51
84 97
4 10
13 17
40 48
11 16
7 19
31 39
11 16
33 50
29 39
49 73
87 92
60 75
71 80
27 33
51 61
22 28
57 84
73 84
85 100
30 40
8 13
35 43
37 41
49 57
42 45
64 70
19 24
31 41
53 63
85 95
45 66
17 26
34 42
67 73
12 25
86 92
67 83
63 69
39 54
40 52
59 69
51 60
35 65
37 51
73 91
79 90
19 25
26 57
27 36
15 38
69 76
13 25
83 96
8 11
84 89
15 22
49 55
84 89
36 43
42 53
26 33
13 25
34 40
85 87
75 81
32 44
53 56
41 46
32 39
11 30
14 21
41 77
20 33
45 53
67 74
30 41
41 55
80 92
85 96
46 56
46 58
63 68
90 97
37 39
4 14
20 32
15 18
10 14
11 22
46 70
12 25
94 100
34 39
17 21
76 93
77 85
23 37
11 20
31 39
4 19
67 89
15 22
23 26
76 87
44 52
25 34
56 72
87 100
50 88
17 37
86 98
74 85
61 76
55 65
23 31
4 17
77 87
67 77
28 38
55 58
76 80
67 70
12 17
39 43
93 96
77 85
62 70
56 62
44 48
72 81
45 55
3 16
5 20
44 58
49 73
37 46
34 51
31 36
44 47
86 90
13 37
49 61
41 52
62 90
28 43
12 21
59 64
2 11
63 75
58 65
78 84
52 60
80 89
31 34
72 75
39 49
42 51
76 80
47 61
11 21
8 18
73 81
90 93
33 34
1 5
96 100
84 100
43 53
51 59
6 19
13 21
20 28
63 79
47 56
81 94
23 29
26 55
52 58
55 66
43 48
68 74
16 23
39 41
25 31
55 64
81 88
14 80
44 50
45 53
96 99
41 53
7 17
5 22
38 47
61 66
36 61
32 51
46 68
82 90
5 18
51 55
4 16
33 44
26 27
63 69
50 53
9 14
70 74
30 40
6 18
69 79
24 27
12 15
55 65
54 57
57 60
50 52
42 48
39 46
84 91
30 34
64 67
17 30
11 16
2 9
83 97
64 72
45 50
85 90
42 55
45 61
14 21
35 39
63 68
73 81
40 70
19 42
56 66
79 93
1 5
36 47
17 20
4 11
60 75
10 20
78 91
25 59
7 11
74 86
7 12
37 52
74 89
6 11
19 37
42 49
19 22
32 43
41 49
66 73
51 54
51 59
62 67
25 33
86 91
57 64
28 31
14 40
60 76
80 95
55 84
80 92
58 63
42 56
19 38
31 38
8 19
29 33
83 91
38 41
9 34
28 35
43 47
11 41
28 35
91 97
49 58
69 95
75 91
66 75
85 89
20 39
28 66
27 34
45 56
88 98
61 76
45 49
20 26
47 54
70 78
56 75
85 89
72 81
18 24
76 96
3 5
19 41
30 38
22 41
7 16
95 97
91 93
24 32
62 74
55 66
52 64
31 37
96 100
66 94
3 17
14 46
37 50
56 61
51 57
84 92
91 98
21 43
46 48
76 80
27 34
45 51
58 64
83 100
52 67
69 77
16 34
4 10
15 21
9 14
32 41
56 59
64 71
87 100
68 100
65 73
17 26
78 91
60 67
59 65
62 70
62 82
82 96
5 40
7 12
65 72
82 95
55 64
45 49
49 65
5 12
25 31
13 21
25 38
72 89
45 51
29 43
19 24
85 92
59 88
65 71
14 21
8 28
52 63
19 28
2 9
25 73
4 12
40 42
5 45
12 28
53 65
48 59
64 69
14 24
31 77
55 58
48 59
17 25
57 60
58 68
50 53
28 40
30 42
10 15
3 7
35 41
37 43
2 15
90 98
83 100
11 21
81 86
42 66
58 61
43 60
26 36
16 35
62 65
92 100
54 60
31 38
49 62
46 48
54 63
59 65
40 53
43 87
60 66
32 38
70 73
7 21
10 29
56 80
62 75
13 23
30 42
32 70
82 85
70 84
67 77
24 41
14 28
2 19
14 16
16 21
27 42
14 22
49 61
1 7
21 29
86 94
20 30
18 31
66 74
62 69
22 34
62 66
13 31
82 96
4 7
77 86
27 38
20 28
57 63
35 47
37 43
27 39
25 56
38 60
10 16
3 15
95 97
81 98
1 7
93 97
10 13
47 50
7 14
43 50
63 75
3 20
9 22
31 35
47 51
50 61
52 74
76 86
24 41
79 83
82 91
60 64
24 38
64 80
9 13
17 21
60 76
53 63
48 59
79 97
38 48
5 28
3 14
58 71
51 59
23 39
22 29
41 52
61 64
60 69
34 44
39 43
11 34
4 9
91 99
27 34
25 35
18 33
9 32
58 60
1 5
18 41
20 32
3 14
33 42
62 81
63 69
66 74
18 23
36 45
9 15
41 54
23 44
60 84
1 5
83 85
64 70
4 7
12 39
90 98
74 83
23 26
41 59
2 16
94 100
42 54
13 23
7 25
37 41
1 7
46 59
47 67
11 25
58 68
18 26
72 82
58 66
76 78
24 32
47 57
59 72
57 64
59 85
14 17
4 10
45 49
34 49
7 10
38 53
30 46
53 64
12 27
10 16
34 43
69 91
34 45
63 80
84 87
13 18
68 72
68 89
2 12
35 39
50 53
34 41
48 82
84 91
11 18
36 43
86 94
1 11
17 20
59 72
55 85
49 63
10 46
85 95
16 28
26 32
65 67
50 57
15 28
48 55
84 91
18 22
86 95
86 91
14 19
23 27
29 40
37 47
46 58
21 26
55 58
77 80
51 88
78 88
67 71
59 71
92 100
91 95
39 45
22 27
62 89
65 82
56 68
15 28
4 13
37 46
14 20
4 21
16 20
75 80
47 53
23 38
31 46
58 91
74 77
74 93
86 93
55 66
71 90
15 23
4 17
49 76
60 67
26 35
11 17
75 81
41 51
65 78
64 81
79 95
38 52
22 36
28 42
14 28
12 23
59 67
4 14
6 14
92 98
4 18
42 54
20 30
6 16
39 45
54 68
54 64
3 33
82 97
37 45
62 75
62 68
31 44
83 92
5 8
18 42
22 36
1 7
21 34
32 55
24 51
80 85
60 67
94 98
28 35
59 72
70 73
83 90
11 16
81 85
25 34
42 56
6 13
28 38
69 79
74 85
87 93
56 73
13 26
35 37
57 67
89 99
19 32
20 26
3 8
26 32
83 93
70 85
1 12
88 92
82 92
24 40
5 29
9 43
79 94
29 33
27 35
88 96
39 51
84 95
2 17
85 100
21 23
43 50
13 31
34 46
67 88
48 58
66 73
70 76
80 92
13 21
87 98
82 89
25 39
5 8
3 9
75 87
54 64
52 63
74 86
92 95
78 100
14 23
74 80
6 17
10 17
59 64
17 25
62 93
82 93
24 36
70 85
35 50
40 49
30 35
60 69
6 15
28 50
80 89
82 96
64 66
49 73
23 31
4 21
20 29
12 16
19 44
15 23
89 96
4 9
82 98
73 83
82 95
41 54
80 83
6 14
8 23
69 86
76 82
69 77
44 52
32 46
62 76
6 18
47 68
16 21
2 6
22 31
64 72
52 58
15 31
57 63
3 12
83 95
68 81
52 62
72 94
22 33
84 100
54 57
24 34
81 90
29 34
87 100
75 78
12 26
71 81
3 22
57 74
13 18
34 45
8 23
3 23
58 77
38 46
64 72
3 18
41 47
25 34
28 64
50 68
75 87
66 73
90 98
36 40
39 45
21 31
85 100
2 10
44 53
6 17
35 48
53 59
23 36
3 21
50 54
58 71
54 69
13 25
27 40
7 20
16 21
72 78
33 42
78 82
83 94
65 70
57 74
29 33
80 91
97 100
39 50
9 12
44 48
20 25
19 29
75 80
50 53
70 90
90 92
36 52
17 32
11 18
71 79
26 29
11 20
13 38
44 47
63 65
11 30
42 58
8 13
34 62
52 68
20 28
81 96
44 55
82 86
50 59
32 40
45 54
14 22
48 61
55 58
48 53
24 37
26 35
25 33
41 55
19 63
50 62
8 26
51 60
89 97
78 88
6 13
7 25
9 26
21 40
20 33
69 78
77 79
20 29
39 52
55 70
7 31
34 43
35 44
68 82
71 76
73 80
28 34
75 100
45 49
88 96
85 92
14 25
74 84
91 96
54 57
43 56
44 48
80 93
88 93
61 70
13 29
11 18
30 36
41 50
26 36
77 81
56 65
70 78
33 39
94 98
61 70
70 79
76 100
31 43
14 19
67 72
47 49
47 64
71 82
1 29
48 66
44 55
84 94
40 44
43 51
95 99
21 27
36 40
50 72
2 15
81 87
48 51
45 50
38 48
50 60
34 45
80 89
55 69
60 70
42 56
74 85
27 42
89 92
24 55
7 26
55 83
94 97
6 20
20 43
21 29
70 78
35 46
27 51
38 44
29 35
27 38
44 66
43 63
25 44
74 81
44 49
9 19
80 88
10 22
53 57
48 59
91 100
85 93
39 43
7 17
65 70
53 75
11 22
32 40
36 49
61 76
83 90
10 14
75 86
70 73
20 25
80 96
86 100
48 64
18 32
28 35
26 35
6 15
75 86
31 47
49 55
12 17
84 99
54 61
82 100
25 45
79 96
69 72
54 59
86 93
67 70
31 42
2 23
49 56
7 26
9 26
57 70
6 13
23 29
25 28
76 83
46 52
52 76
45 57
56 63
50 55
23 49
48 55
12 21
46 57
50 70
26 33
77 83
32 36
62 77
43 59
43 49
30 63
36 38
48 57
19 34
44 56
46 83
15 26
70 91
38 81
25 39
46 54
7 23
15 29
26 31
44 55
3 25
70 74
7 17
28 66
66 79
75 96
49 66
88 94
37 49
3 18
27 36
57 73
60 79
77 87
48 54
73 86
67 74
92 97
47 60
49 70
29 37
54 64
93 95
6 21
32 41
24 31
69 76
6 19
69 74
48 56
36 54
18 35
76 100
13 31
12 38
31 64
56 64
14 87
5 20
61 75
46 54
55 63
75 88
69 89
48 56
1 11
93 97
50 54
82 87
71 79
16 22
39 56
19 27
33 38
37 83
40 48
49 55
55 66
31 37
1 10
69 74
91 100
48 74
49 67
14 22
19 25
8 14
37 45
70 85
89 98
85 94
78 83
39 47
10 17
40 48
73 81
55 70
23 33
38 50
40 57
13 32
88 96
44 56
44 58
39 42
37 45
60 84
21 54
52 55
72 83
93 99
49 59
67 76
14 24
51 57
14 19
24 30
64 66
67 70
67 83
55 60
28 30
66 75
52 99
49 56
5 23
89 96
12 24
78 87
22 30
83 93
28 49
22 30
44 59
42 49
65 87
41 48
37 46
41 59
67 82
35 46
81 84
85 95
51 58
10 18
34 50
14 18
42 46
66 74
72 82
1 13
84 97
52 57
70 82
58 63
2 20
46 58
29 32
86 95
36 45
60 94
79 91
94 99
17 49
38 46
31 42
20 25
16 27
15 28
25 50
89 100
73 86
60 64
12 17
3 11
89 96
40 51
57 79
24 28
24 34
60 72
16 45
69 81
2 9
24 36
64 70
9 21
14 21
17 25
96 100
69 76
21 31
2 14
78 93
37 43
61 72
65 72
63 73
86 100
76 96
92 98
21 32
12 25
6 16
14 33
89 93
80 86
51 58
13 26
76 81
59 78
53 71
43 54
49 58
40 47
65 70
85 93
50 53
72 79
3 11
4 24
73 77
2 7
66 76
44 63
22 38
68 78
20 31
16 17
51 66
91 96
92 95
17 36
62 77
35 58
74 96
85 97
2 4
14 27
92 99
3 7
13 25
49 57
72 81
58 72
80 92
34 60
34 40
22 31
35 54
16 25
71 88
57 63
90 99
74 76
63 77
76 98
56 65
12 15
24 49
51 62
26 34
44 50
37 48
5 6
91 98
64 68
41 59
30 45
32 51
36 63
77 88
75 80
24 37
80 90
28 36
88 97
69 79
32 39
3 20
36 48
15 23
78 90
35 55
83 94
38 61
26 34
73 83
5 12
28 34
21 30
26 52
64 77
55 80
67 97
91 99
62 84
38 49
5 10
19 25
47 63
43 60
8 13
15 27
83 98
89 93
44 57
32 43
83 87
12 29
78 89
30 41
20 26
61 74
78 82
30 41
79 92
36 40
3 6
5 19
84 95
77 89
48 59
17 27
62 67
12 31
23 37
49 64
22 30
51 57
48 56
15 22
14 16
69 94
43 45
10 16
72 96
29 49
81 89
43 58
77 88
29 38
55 76
13 27
45 75
52 58
16 29
28 38
18 24
3 4
70 72
64 78
34 41
34 57
15 29
85 89
53 67
29 40
42 45
47 60
57 66
38 66
92 97
81 90
4 14
22 39
30 38
65 84
8 13
55 68
53 69
58 65
32 42
59 68
21 23
2 14
1 12
13 25
73 77
86 89
68 71
97 100
30 34
18 25
56 59
48 55
92 99
53 63
17 23
16 35
79 91
15 22
40 50
11 23
47 61
73 76
53 58
29 39
7 32
18 33
73 79
61 73
58 69
24 31
12 49
42 80
44 67
42 45
44 48
8 15
46 52
21 32
56 64
23 34
32 41
52 80
6 13
9 15
55 65
24 28
55 68
66 71
8 21
79 89
56 70
32 39
66 72
30 32
50 62
17 22
15 19
83 90
62 66
44 55
26 32
24 27
39 47
53 58
83 100
6 33
42 54
37 46
43 48
5 10
18 31
38 49
54 67
12 17
40 52
47 62
72 84
51 66
35 57
47 64
74 84
95 100
83 90
60 65
9 14
57 65
61 67
34 37
75 80
65 77
52 56
15 25
53 56
51 58
25 26
76 93
74 80
47 54
29 40
96 100
28 32
55 59
52 59
9 17
5 14
69 89
50 65
86 95
39 44
24 33
84 94
33 35
47 51
75 79
2 11
75 83
73 83
50 60
8 13
12 17
5 8
80 86
21 36
66 83
64 72
48 52
54 77
11 36
36 54
87 98
52 62
52 59
9 22
31 87
43 46
57 63
77 86
13 20
50 55
55 59
15 18
64 68
45 48
29 33
37 47
13 16
69 76
8 20
62 71
62 81
19 41
7 18
73 84
21 23
22 29
86 95
40 43
73 95
21 25
68 74
56 60
3 17
49 59
1 15
61 73
9 19
29 31
22 30
29 42
65 86
47 51
58 67
52 61
10 15
78 88
32 36
40 54
2 9
4 11
75 81
86 91
90 96
7 19
73 88
51 83
7 9
70 74
72 85
40 66
60 87
70 77
8 12
76 83
76 83
24 31
19 31
16 27
21 25
96 100
20 32
8 10
84 100
89 93
67 73
47 53
26 28
60 80
7 14
43 47
49 56
59 82
86 99
72 82
45 66
63 70
23 37
12 16
53 68
49 52
62 66
78 90
41 57
9 32
84 96
5 14
23 25
41 49
86 96
64 74
32 43
44 53
21 34
40 57
2 10
38 51
68 80
33 76
20 26
20 23
94 99
55 62
58 71
38 56
14 22
49 54
72 83
13 23
27 46
40 48
8 20
30 33
34 50
7 18
41 56
19 40
53 59
31 38
39 46
9 40
54 66
46 53
11 17
64 75
81 95
85 98
60 81
88 98
32 37
19 27
12 16
84 93
22 29
35 48
9 19
68 78
74 94
9 22
22 30
46 54
4 13
60 66
23 31
24 37
15 48
71 80
85 92
44 49
13 19
58 74
62 74
38 52
84 94
43 50
46 59
37 39
69 79
64 79
49 52
61 69
78 84
49 70
79 87
57 66
68 81
51 68
61 70
18 25
35 55
5 12
67 72
55 66
28 38
43 50
65 73
59 70
18 24
41 52
42 56
61 72
27 36
43 54
41 44
81 95
73 77
50 70
57 64
15 30
56 71
55 88
13 36
44 51
29 40
61 78
28 37
81 90
28 40
40 45
82 85
81 97
69 79
50 54
30 41
37 56
40 49
5 13
50 67
35 49
33 41
86 96
6 13
67 76
9 17
93 100
84 99
60 66
24 27
8 17
71 83
32 39
66 70
77 79
32 47
46 63
46 60
27 33
35 54
84 96
67 70
21 39
19 30
56 62
66 72
44 60
77 82
1 17
27 45
13 26
10 18
43 58
59 65
77 84
14 39
27 35
8 27
76 81
79 89
93 100
18 35
29 31
15 22
28 30
74 80
27 49
22 34
11 21
50 64
78 88
25 34
46 54
8 10
43 51
23 31
58 63
37 42
47 52
92 97
36 44
35 39
52 65
4 9
65 85
44 52
92 99
5 7
52 70
64 70
83 87
69 81
46 55
13 18
8 16
74 79
3 33
9 14
76 87
52 59
19 27
25 45
77 84
78 90
7 11
77 92
90 94
58 68
63 68
21 38
68 84
5 12
65 69
56 63
26 34
48 55
18 25
75 92
39 74
3 8
16 58
61 69
43 55
93 96
5 37
83 94
14 19
69 79
28 39
69 79
42 50
23 38
59 84
50 56
47 50
43 50
92 97
95 100
65 72
19 38
9 17
45 62
41 46
68 77
62 77
90 96
82 87
78 96
15 27
81 90
74 83
57 75
20 28
58 91
17 36
55 62
20 52
28 35
10 17
59 62
63 74
36 41
48 60
3 5
84 91
54 62
41 60
52 60
6 26
30 38
32 39
16 34
6 27
49 57
23 28
12 21
76 85
46 52
3 51
61 67
82 94
18 20
6 19
42 52
7 10
87 96
62 68
36 43
48 60
42 47
22 25
69 82
24 33
30 39
85 92
87 95
45 71
43 67
33 43
12 31
11 15
62 80
23 27
36 47
71 74
32 42
42 59
12 72
10 21
22 30
3 11
38 42
45 48
23 30
66 81
64 77
76 90
12 26
8 14
22 53
16 33
16 31
79 94
69 76
50 57
32 37
59 96
18 26
21 39
23 53
5 11
61 72
81 83
80 92
9 22
52 82
10 32
43 56
31 46
82 90
39 68
40 52
29 42
40 46
27 31
62 69
42 52
38 41
12 28
10 20
62 64
89 97
5 11
56 67
1 9
29 40
88 95
87 95
63 67
67 69
19 24
34 37
10 15
5 12
23 30
13 18
34 39
87 90
60 69
90 97
23 33
91 99
35 39
52 63
87 96
39 43
24 31
58 60
78 91
72 79
86 100
41 45
17 35
1 21
46 58
72 84
67 73
40 56
67 72
12 40
88 92
67 80
46 49
67 78
82 92
32 40
20 35
5 28
22 35
53 70
12 15
43 53
67 87
61 78
21 39
62 81
1 20
14 21
80 83
58 73
45 57
83 94
33 69
31 56
15 21
66 77
58 75
53 65
47 69
51 55
15 33
37 53
34 49
15 25
47 54
2 10
76 81
79 84
6 15
79 86
60 81
16 23
65 72
46 61
45 54
55 69
78 91
37 51
31 45
49 58
32 40
75 88
68 78
46 57
92 98
83 89
2 18
43 48
24 42
12 23
3 15
36 43
5 10
29 32
60 76
77 99
3 11
25 28
51 66
81 88
58 78
76 93
90 96
17 29
76 96
71 90
84 99
3 8
78 88
28 35
74 84
2 12
82 94
62 74
47 57
10 36
66 74
64 72
2 7
29 47
3 23
31 44
6 18
59 81
7 11
39 53
88 92
93 98
27 38
69 78
27 44
69 82
52 60
2 14
54 73
76 82
18 35
75 85
86 95
38 50
41 66
87 94
71 87
64 94
2 10
48 61
86 95
59 65
15 20
55 66
3 5
66 70
60 67
43 58
58 67
16 31
38 39
67 78
67 76
27 30
40 48
69 79
70 76
67 71
38 47
40 52
22 40
56 62
17 27
30 33
5 22
54 60
81 85
32 47
65 95
41 53
13 32
55 58
64 89
76 87
4 27
35 43
81 96
46 56
53 63
84 94
32 41
12 20
26 30
11 17
82 90
49 94
4 26
37 44
14 34
66 75
2 14
43 51
64 79
73 92
35 44
88 96
25 45
8 18
92 99
74 89
32 43
89 97
42 47
36 47
36 46
9 16
89 98
3 10
57 61
11 16
40 48
19 41
80 91
8 21
5 18
36 50
4 12
13 19
16 24
37 48
81 100
51 61
58 70
53 69
9 29
88 96
25 37
51 61
90 100
50 61
29 37
39 44
18 31
17 31
17 26
5 20
2 10
75 81
48 66
37 45
10 22
8 10
5 15
6 13
75 81
86 99
63 74
68 89
31 40
83 88
19 25
26 35
45 68
31 45
13 33
14 36
26 38
41 46
81 86
39 42
30 40
30 32
30 41
61 66
66 73
38 69
82 100
64 77
7 29
51 55
11 14
76 79
59 69
23 32
14 20
54 57
78 94
26 34
9 21
47 61
57 64
49 72
46 51
10 15
88 97
73 91
6 8
18 48
80 83
71 85
21 55
8 14
49 75
59 65
45 48
86 96
60 65
78 88
60 93
33 41
91 98
35 41
59 87
37 48
71 78
60 78
32 44
77 83
63 65
88 97
53 70
14 22
40 52
6 26
31 60
51 64
17 24
17 22
19 23
25 33
45 54
1 19
58 68
36 44
32 42
38 59
77 84
18 31
51 55
61 77
76 77
52 58
80 89
81 92
14 26
96 100
32 58
9 21
34 42
84 96
71 77
60 84
68 81
45 54
37 54
91 93
62 67
12 23
73 82
28 77
9 12
64 85
82 99
31 37
16 37
72 80
34 38
8 19
67 82
31 42
87 96
7 12
41 50
30 41
29 39
71 82
44 50
16 28
87 91
45 49
11 25
58 75
51 67
37 46
70 78
31 40
33 40
12 34
82 91
41 69
24 37
18 34
95 99
84 99
61 82
13 47
71 79
43 52
40 44
80 89
38 56
17 24
14 27
79 88
37 48
46 55
45 62
8 17
21 59
56 61
60 66
20 24
1 21
71 96
32 43
92 97
30 43
76 82
16 34
60 65
89 94
39 48
37 43
18 30
38 46
21 29
52 60
42 49
3 14
54 67
16 33
54 59
95 99
53 62
24 33
76 83
31 56
65 67
91 98
16 23
50 69
47 54
30 47
58 61
66 78
64 71
31 36
87 98
67 71
80 81
63 80
19 25
47 58
23 36
35 41
8 13
58 89
30 56
79 87
52 56
24 38
30 42
34 41
12 23
1 17
47 53
40 53
57 72
59 73
16 30
53 62
43 57
17 34
53 72
30 35
73 90
38 57
56 62
6 16
64 69
59 67
4 12
62 86
64 92
6 13
65 88
48 52
19 35
89 94
38 41
75 85
31 37
75 84
80 84
3 15
73 84
77 95
71 96
2 25
44 50
19 27
29 41
51 56
85 94
40 57
32 37
12 17
18 25
75 85
50 65
70 79
18 49
56 63
29 41
44 51
32 36
36 43
67 90
26 34
69 92
79 82
76 80
71 87
66 82
72 77
37 42
5 19
40 51
26 29
71 97
24 32
69 72
93 97
20 26
36 41
26 30
13 18
55 66
68 80
8 16
71 77
56 60
6 12
11 23
16 20
56 68
58 67
75 80
17 21
35 47
6 21
40 57
26 35
48 53
27 39
9 15
46 52
63 67
63 83
77 87
60 77
74 78
82 99
10 17
29 35
12 29
36 39
87 99
34 46
70 88
40 47
39 50
24 44
5 14
43 48
90 100
26 45
37 44
23 30
34 61
35 43
10 15
64 70
4 24
13 14
8 18
82 85
12 16
84 95
15 49
65 76
68 85
83 90
13 21
72 97
74 89
11 27
39 45
61 68
55 61
21 26
62 78
89 96
13 27
7 27
16 25
1 9
33 53
4 10
57 67
69 84
9 24
54 65
89 100
42 52
88 99
56 79
58 64
84 91
74 82
12 28
44 55
76 95
35 37
44 50
90 100
27 31
51 82
40 44
4 32
33 48
75 82
8 17
73 93
71 83
57 73
28 36
42 45
2 6
6 11
64 67
50 60
4 11
77 90
83 94
38 49
75 79
29 34
13 23
21 26
6 17
91 93
21 28
54 68
89 97
44 62
58 63
91 97
15 17
6 14
57 62
17 23
46 48
7 20
82 91
25 29
13 50
85 90
99 100
62 78
42 47
63 70
37 46
32 47
64 66
28 47
63 85
35 48
31 40
84 96
57 68
40 61
70 86
51 64
84 94
64 75
83 93
79 93
35 40
54 57
29 55
22 27
93 100
33 46
21 28
38 63
13 19
25 41
92 99
1 19
80 91
58 71
21 33
92 96
13 54
8 20
7 14
11 14
82 92
86 90
56 61
52 66
87 96
29 42
41 46
26 48
81 97
25 38
1 11
41 61
10 24
70 74
76 96
49 52
47 56
18 27
38 46
26 31
80 87
75 98
73 85
79 87
25 37
26 33
80 81
13 30
55 85
59 67
18 46
6 39
8 35
19 26
72 85
17 28
43 45
61 69
57 71
61 88
84 99
44 51
74 83
76 80
42 50
50 56
31 39
24 33
43 47
76 82
48 57
3 9
22 34
88 95
92 99
41 49
70 78
37 86
47 58
81 96
61 78
46 50
9 28
59 78
74 95
14 18
71 77
32 75
46 55
54 57
69 78
7 12
10 26
53 67
44 46
18 35
21 24
39 60
16 24
59 65
35 43
19 24
60 71
31 40
20 45
75 79
75 82
27 33
75 78
68 83
27 36
50 63
87 94
75 89
1 4
54 70
17 25
11 15
31 33
61 65
2 12
14 24
26 30
12 25
61 69
38 51
89 97
16 38
68 96
72 93
48 58
22 38
46 61
64 74
23 37
18 27
20 29
59 81
74 92
16 23
85 91
15 33
37 47
56 73
61 91
7 13
67 72
86 90
29 38
73 96
39 43
54 61
73 76
3 14
25 30
22 54
87 93
19 28
16 44
35 43
84 99
12 26
36 66
55 64
14 30
62 71
30 39
75 84
86 89
9 13
13 17
13 18
60 66
8 16
17 22
79 92
34 46
83 94
86 90
83 94
86 91
9 13
10 17
68 74
31 36
16 27
12 21
84 91
49 54
22 26
11 20
10 16
26 34
9 13
51 70
10 25
88 92
52 69
81 95
85 87
93 97
68 73
33 43
69 73
29 33
54 59
86 89
85 89
68 81
23 34
39 53
18 24
24 38
14 18
53 76
43 56
24 57
47 55
28 41
4 16
43 62
65 93
40 56
18 23
77 95
79 94
61 82
27 33
79 87
21 33
14 27
36 45
39 58
26 42
7 15
91 98
7 43
25 30
8 15
21 26
66 76
42 54
5 19
22 28
6 12
37 59
54 63
20 27
69 75
57 60
73 78
36 44
10 21
53 63
52 54
43 89
32 41
94 96
80 86
20 24
75 81
55 65
56 62
66 92
58 68
23 37
20 45
9 23
61 76
30 44
57 60
57 62
26 43
69 80
31 42
57 61
17 28
33 40
3 17
20 30
74 80
61 82
20 31
63 64
92 96
26 68
58 66
29 32
18 24
54 64
32 44
38 62
36 48
18 27
55 68
8 20
26 38
29 47
2 26
10 18
56 63
8 13
2 12
10 16
33 39
59 67
47 53
40 47
66 84
9 16
77 87
87 100
31 34
33 41
38 48
66 71
19 25
5 13
7 14
54 66
55 66
84 95
50 66
89 98
28 35
84 91
69 71
77 88
2 9
3 11
11 20
39 44
93 100
44 62
8 12
83 92
77 96
54 70
72 75
83 97
19 29
5 21
20 48
64 70
47 55
11 13
36 40
48 56
33 53
51 61
39 45
7 17
65 77
93 95
31 34
15 39
24 26
91 95
11 23
54 59
11 22
16 21
12 14
20 34
63 81
12 18
72 74
31 40
27 32
50 56
53 54
41 50
26 31
6 20
78 90
10 23
4 12
69 91
4 12
39 59
56 59
52 71
65 78
14 23
42 67
79 81
9 15
41 44
56 65
49 57
6 14
11 15
7 27
66 70
90 91
89 94
63 71
29 46
38 46
9 18
75 84
30 38
5 16
62 69
42 54
74 86
50 63
21 41
4 7
58 79
90 100
93 99
55 64
79 100
35 49
55 68
69 71
79 85
86 94
29 32
71 84
89 100
54 64
86 98
48 66
46 51
49 60
69 80
44 48
74 84
26 34
25 38
30 39
59 71
5 17
3 14
17 35
81 85
25 29
71 74
22 29
61 70
45 54
64 74
37 45
12 17
51 72
33 47
47 56
37 43
17 23
63 76
47 49
18 40
85 93
90 96
15 28
72 83
16 20
67 72
20 34
10 21
49 75
80 88
64 71
8 14
38 57
31 59
8 16
20 24
32 71
21 30
8 17
24 28
35 42
30 36
61 75
83 88
83 89
15 24
2 7
68 85
57 62
75 92
32 40
2 11
11 41
92 98
82 86
40 54
39 45
19 22
89 97
40 48
62 74
31 40
33 72
67 75
69 84
82 88
32 64
26 36
19 31
51 79
6 12
75 83
9 12
62 71
37 44
28 39
78 86
58 66
82 85
43 46
73 78
43 56
29 39
88 96
35 42
35 40
58 75
68 76
49 72
59 84
54 63
49 54
66 86
71 80
73 79
88 93
72 83
57 83
77 93
39 69
54 60
64 71
29 42
24 32
19 23
26 31
64 70
68 75
54 79
77 92
43 80
2 6
37 50
13 26
18 23
51 57
57 68
40 53
21 39
21 24
67 76
17 76
86 94
86 94
23 31
31 39
66 73
35 37
77 88
39 42
22 57
51 56
69 83
72 78
62 66
51 63
50 55
10 13
84 93
78 98
70 84
89 100
