36 56 38 42 54 47
51 13 12 1 17 18
43 10 19 5 31 46
25 22 39 2 40 6
58 49 23 53 55 24
20 33 48 32 7 11
41 31 19 22 13 58
56 37 32 33 55 4
9 11 12 25 14 53
42 43 50 30 52 44
59 21 49 57 23 46
29 26 34 39 28 24
10 1 32 45 40 22
43 6 7 33 57 51
36 17 12 39 30 2
41 49 19 18 24 44
3 8 50 23 29 59
25 16 26 47 48 20
39 1 18 55 37 45
36 2 7 20 22 4
56 6 44 13 50 52
14 15 53 33 32 16
48 8 43 51 57 24
41 49 12 17 23 58
54 31 18 56 11 23
47 6 37 33 0 9
10 36 44 39 41 53
20 43 52 50 32 14
55 7 19 38 51 24
30 45 26 13 29 46
52 34 5 33 16 12
10 8 6 20 23 39
36 43 51 32 21 2
41 14 17 3 18 47
48 35 56 22 28 59
27 37 24 11 38 57
21 1 40 33 50 17
53 37 38 9 7 48
39 11 34 45 47 52
8 16 27 51 46 28
41 55 43 22 12 44
18 54 19 49 6 31
12 0 2 55 38 35
18 40 53 48 31 9
42 17 52 7 50 57
25 49 6 30 14 24
8 54 43 22 23 59
11 45 15 16 10 51
45 9 1 21 12 15
17 20 0 2 33 35
42 10 43 48 6 51
41 28 56 46 26 22
14 38 18 5 44 57
39 23 37 24 13 19
10 2 30 33 3 14
18 46 32 56 38 4
0 43 24 5 12 23
21 16 45 17 49 47
37 1 44 26 51 50
34 22 27 28 7 36
