25 76 400
0 15
0 17
1 0
1 9
1 23
2 22
2 23
3 2
3 3
3 7
4 9
4 11
4 24
5 5
5 9
5 20
6 1
6 6
6 10
6 12
6 14
6 18
6 19
6 24
7 3
7 8
8 1
8 2
8 11
9 9
9 14
9 24
10 3
10 4
10 15
10 16
11 22
12 19
13 3
13 8
13 11
13 14
13 19
13 24
14 5
15 7
15 21
15 22
16 12
16 15
17 1
17 4
17 14
17 22
18 6
18 10
19 7
20 7
20 8
20 16
21 1
21 13
22 10
22 18
22 24
23 2
23 7
23 11
23 14
23 22
23 23
24 1
24 2
24 9
24 15
24 18
64
24
48
57
9
54
37
0
51
13
65
53
16
71
38
69
28
59
31
74
32
50
41
60
42
52
46
36
70
44
3
68
22
55
4
21
19
25
62
40
5
75
17
12
56
67
45
20
33
66
61
1
72
39
2
7
47
35
10
6
29
11
26
63
34
30
23
14
18
15
58
49
8
73
27
43
-174
-206
-60
-513
93
125
-570
-545
-372
726
525
-21
264
533
724
-177
-406
-32
1
171
-715
-199
-648
-168
446
858
-10
-31
-402
-113
447
289
137
443
-371
-222
56
215
-89
10
286
466
824
58
385
-270
-37
489
-861
-418
609
-60
-331
-310
-20
-353
-259
-119
-109
-74
410
367
-66
956
-28
569
598
215
69
-318
-188
190
884
895
165
588
151
137
8
-3
-48
404
455
568
-109
-210
265
-394
-73
-286
-311
-246
-24
-411
-12
888
444
490
-582
560
-260
-325
-315
-441
-109
76
-72
257
560
-96
162
234
-120
25
46
-351
-96
335
3
94
740
-185
-342
-85
-81
-170
286
-101
-363
-978
-641
26
724
-245
34
230
356
89
-202
297
-341
-79
-542
-391
-124
379
913
105
771
31
99
49
454
146
-484
35
31
-41
-62
306
-11
-585
19
-322
-195
156
-68
-426
594
195
-178
105
-106
473
-157
-3
398
424
62
-115
40
393
-240
53
113
-335
-335
21
458
104
740
282
-541
129
689
276
613
767
395
233
389
-17
826
593
198
238
-255
-18
61
-146
-63
554
-610
590
-272
141
-134
356
260
275
-287
-96
747
-181
-223
-1138
563
-54
-397
67
-529
324
-57
205
270
-466
722
82
-451
-713
524
-96
1141
-129
-332
51
102
-591
259
233
485
414
77
-398
67
-236
-83
-1639
-179
-568
-178
-20
-2
-431
-205
176
40
144
203
210
-271
-136
805
-298
-472
-361
356
61
201
777
8
-439
-181
-464
-502
-115
240
-523
-722
-367
317
593
410
320
33
189
4
498
783
69
158
581
42
181
-428
-54
273
200
534
210
197
-137
517
107
214
-209
-555
-73
-604
-335
-116
-760
-170
300
-237
122
-283
255
-611
72
612
713
-823
1024
-369
232
52
291
701
74
-191
-878
221
-88
80
-179
-130
245
-300
-63
-286
-490
-126
14
-190
1053
593
728
-542
-316
-9
567
-177
97
-129
-445
-326
579
-95
-639
178
379
395
768
897
328
545
860
-387
-275
56
559
-198
103
-51
-954
-481
-88
368
-209
346
-566
-1094
18
177
-457
-105
693
-1080
113
177
184
-189
798
50
661
450
795
834
-28
593
-317
-364
-258
207
-387
-78
343
298
-963
-662
424
-200
-226
-420
178
183
-911
-579
-12
-380
559
-51
-200
74
299
-1009
-5
-283
-129
-253
-833
-509
-106
-751
-345
-770
-274
-633
112
262
372
43
-260
-1143
18
130
170
-179
-374
379
654
-401
106
40
-569
-175
213
477
-316
47
67
113
127
135
443
-675
54
791
345
614
-225
-20
-487
-151
-649
37
369
351
-167
478
78
622
381
-14
55
113
445
355
-276
170
-720
492
-250
-719
-148
-122
22
-82
984
-219
424
415
-323
-127
166
-881
437
-1124
-392
-271
-482
-238
-109
-622
-894
-488
-66
-93
-254
363
33
212
-153
-107
655
-627
-358
-200
-196
-52
-313
381
-479
1078
68
159
-532
396
-73
-101
775
-10
118
-376
340
31
-4
-300
-637
-393
157
300
1102
-737
435
395
794
335
-300
78
207
231
339
-546
287
553
685
373
-17
-188
-253
601
212
255
211
778
-17
-789
39
559
82
72
-671
490
-332
205
664
81
-80
305
-385
855
-1129
417
-46
419
-259
197
491
282
-574
39
-529
-277
199
-403
-587
-225
340
-426
886
334
80
-269
-298
189
1062
547
237
-279
478
-195
-777
-402
-268
-124
-102
-97
-80
-318
28
-384
-237
-270
32
204
-453
285
446
-891
-256
124
-345
-294
-643
-305
432
-282
-202
479
113
235
-353
-243
46
-395
43
446
251
322
376
-247
369
438
-168
-1273
-294
65
727
460
417
-341
981
437
-1432
62
888
-296
202
-701
-554
32
370
-392
883
282
-326
-364
-357
-441
-162
8
314
-541
476
380
362
-195
-865
84
477
-314
26
-291
374
-81
25
-17
21
-268
189
-219
-490
265
192
-498
-190
62
-81
705
236
323
29
149
-230
-81
-194
-176
178
38
345
-685
-568
739
-228
-77
272
-541
-271
158
597
298
-410
-1377
-139
873
30
-499
-843
-55
22
-455
-448
174
167
120
-460
452
104
40
-508
-123
-311
-625
-472
33
-169
-365
-13
-302
-399
167
-517
51
-69
990
-599
-221
-18
-435
127
-247
62
274
-441
357
70
-85
-75
233
295
-385
-335
-663
-56
-490
-207
-505
63
-29
125
122
-702
24
-34
316
286
-336
-567
-6
350
375
-334
361
-410
-144
287
429
-49
-51
-197
-61
-192
-319
102
474
-507
-366
214
-442
570
870
-29
125
-82
-130
476
-472
-121
148
700
-524
417
-228
455
-291
214
-103
-212
-267
240
361
-920
203
143
494
-102
-370
-361
-454
-11
58
45
-194
-269
571
319
-72
143
-45
197
-234
-58
229
-565
-166
-596
-20
44
-268
360
-103
110
236
-115
334
-764
-850
-58
228
519
202
-312
106
397
-452
-357
642
96
-762
223
64
253
52
572
-10
664
203
553
-389
-193
597
-351
189
-70
-620
188
123
-181
260
-697
-101
-24
360
-213
-299
881
-475
33
35
-554
-400
94
23
48
-94
138
-358
216
145
529
625
61
-402
224
-320
-272
56
-415
-187
716
-637
-134
437
344
222
-30
-284
3
-201
-30
-14
377
-665
-756
-619
300
-397
174
-709
547
-642
22
693
-247
153
576
55
-292
-84
-706
-182
180
363
-333
239
377
-314
-929
-533
-62
182
81
563
955
-109
-456
54
-449
171
-325
146
736
-120
-826
89
-519
-279
-341
-56
282
444
-99
-189
569
540
-676
134
273
407
629
-14
306
174
-60
-858
198
193
253
-467
374
137
-331
389
-35
-713
-364
-611
548
-156
-172
681
-71
-10
-682
-156
58
20
257
447
623
-424
67
136
672
225
-368
-378
412
522
159
226
504
142
-1039
812
301
-313
333
50
-678
31
118
-467
-10
166
18
542
335
-746
-64
1277
49
115
-512
48
-790
-217
110
-700
-81
824
355
-58
551
-2
276
-533
128
189
188
59
-102
142
-158
722
-243
-319
510
413
-98
-624
470
704
-439
653
299
209
-270
-320
180
99
175
163
-926
98
231
3
616
-736
-277
118
296
-589
-77
-369
-430
-100
-462
-356
171
-319
-5
-202
-330
146
59
-352
-121
229
-280
204
-384
-471
1
103
-64
381
226
241
-192
331
-692
103
45
493
279
162
-393
-245
214
-353
224
-103
182
255
-328
-166
-218
-494
-97
-1034
-325
336
-171
197
509
-116
-142
102
-891
239
-351
-420
0
-379
246
150
235
643
-435
206
192
-444
101
-179
-171
-312
-509
276
132
433
-280
295
222
0
-263
58
208
-262
-266
-907
-43
72
-125
52
298
125
634
-242
88
-195
-130
176
38
44
703
16
-393
417
-337
700
244
-1012
-471
142
462
9
293
103
724
180
-132
-98
-14
-213
717
-270
168
46
-149
120
-304
337
-281
254
-272
-298
-913
-1492
598
-119
-500
-484
241
-85
176
94
-408
-545
-407
-220
225
-454
465
-297
575
-62
-14
473
-36
1000
463
505
865
258
-185
-15
-303
-247
660
132
-383
-626
3
-320
347
156
-329
120
-101
-348
-377
-416
43
237
265
-564
-166
341
-126
-611
156
-436
71
-387
330
120
-117
-338
386
-530
297
-532
-128
218
580
-691
246
213
1
-260
535
-252
265
-89
-979
276
-172
438
522
425
686
-545
-92
686
369
408
276
-1318
-257
-151
398
-245
-72
472
581
229
-64
15
273
-68
-157
246
-92
137
-56
672
835
569
91
-44
143
-664
-148
-317
-219
225
-187
-546
149
61
101
584
731
438
-163
-152
406
-427
-142
-412
-207
20
222
228
581
-146
-744
-546
26
509
502
201
299
-90
-69
171
-689
-91
269
416
326
-225
-170
-422
-492
-559
681
-387
-476
261
-334
-382
-111
181
336
283
153
-279
602
-1071
-238
547
129
-574
348
-330
137
-318
170
-11
494
-134
486
-282
233
84
-101
-760
-89
290
779
432
-88
633
-228
-587
-175
-411
218
-482
172
402
26
-338
182
-237
-445
-612
-42
583
87
-243
-252
-3
-19
281
82
398
54
-28
-373
35
-128
66
301
-480
-93
451
124
714
304
437
499
617
583
-125
-163
325
-168
313
-67
373
272
550
-205
252
-482
29
-588
-930
-59
128
21
-13
-51
-123
-182
100
240
301
184
-498
-728
-722
-199
-77
-137
40
-570
238
-492
267
462
353
-342
294
-214
536
234
252
554
371
-251
-612
-654
544
375
-267
-268
-42
-16
-236
-492
-243
-26
308
0
541
-29
314
546
344
-31
-221
-118
839
147
-238
-296
324
414
-244
-610
563
-541
398
-349
-320
263
767
11
880
304
416
-563
182
-143
-205
97
407
78
-556
672
290
979
-36
86
151
-39
339
-254
-310
677
125
-177
-400
-589
32
443
101
-568
-71
457
62
-384
130
381
493
130
-114
-231
604
-498
-159
328
392
36
-393
378
-165
-70
1136
-22
-385
-19
191
-168
371
256
402
304
62
552
458
272
-364
119
-607
-21
358
458
176
13
665
488
606
482
-35
109
-644
199
-99
107
-289
-411
-356
249
-12
-407
419
175
13
465
29
70
-595
345
151
187
-80
-24
-226
896
409
-142
556
-537
-202
-299
-646
-107
72
-680
344
-683
-27
305
356
-520
-110
579
-230
214
-166
129
14
746
-70
411
728
526
185
352
351
530
-16
311
152
-254
354
-612
39
-54
204
-359
430
381
-90
111
-96
-175
444
11
-454
25
629
-697
-150
-416
-923
621
-50
-597
-557
-195
-54
289
-339
393
262
95
289
-33
108
239
-738
152
-286
-476
545
35
32
-624
-556
-633
256
247
688
-103
-268
128
164
302
498
-106
-885
528
-46
48
-670
-167
-231
67
-310
-395
-91
368
235
-29
6
176
146
-25
-557
418
266
-421
52
455
324
-25
640
-142
91
93
-313
481
399
1172
153
299
-468
-288
605
107
-47
103
102
188
-216
-137
33
289
-178
4
-448
573
147
-66
141
-177
-924
-708
-366
341
743
291
185
83
-385
699
301
-329
-372
417
119
52
-241
-64
251
-282
302
291
-189
-389
-680
-154
-305
54
687
-13
-134
221
48
-528
-314
461
-424
53
-315
337
-559
-26
-339
-373
160
738
-725
225
111
-474
-274
-7
261
-89
-93
-265
197
-532
-17
-222
0
326
-255
289
-107
-92
-736
-120
-288
-177
-262
-316
-871
593
316
16
-449
-32
-51
192
142
-58
-1
610
-481
410
-481
-149
-689
203
176
-432
63
-165
-469
195
-159
-1
459
-2
-169
-571
-395
380
-604
149
-147
732
452
60
-320
-285
417
317
-2
-153
-466
4
-68
16
741
500
495
-751
-693
106
263
-404
-273
-684
331
95
35
-155
-212
140
-210
284
113
-14
-47
653
-205
65
673
-354
-144
372
-64
-214
-118
125
-30
345
106
28
-207
-719
-451
-385
-2
522
168
-488
-517
24
204
-33
-125
-227
-227
15
-144
-143
-171
-398
-663
-294
-428
-206
-407
14
-398
-288
-278
-326
-184
-157
414
-501
-638
-339
-95
148
102
239
-248
123
-418
225
-133
100
-580
-89
622
343
-118
-241
-470
-158
120
815
-308
-620
-406
422
313
19
284
-281
510
-282
-728
-698
-581
592
219
409
265
-636
385
453
-219
-137
-687
-92
-997
-101
436
221
396
-136
-441
156
191
-117
227
-892
-185
592
436
544
-761
414
152
34
38
6
129
-140
-198
-90
-315
-543
400
363
-67
59
92
109
12
-5
-122
97
-835
-183
178
-359
291
-333
51
-107
14
375
-80
748
38
192
-83
-440
-763
-510
580
-311
143
357
303
576
259
-226
-241
-385
131
4
-368
80
-771
159
477
-599
856
-396
195
160
296
160
-380
-327
-182
-856
224
-53
-839
-760
-82
-34
-566
-286
-801
-265
-474
82
213
506
-442
-506
-72
-537
-739
414
-390
-121
-224
609
44
154
218
596
-528
-258
-429
431
290
0
26
426
42
504
260
406
204
-494
357
157
-147
103
-315
644
447
-340
-29
402
-360
960
329
36
54
-761
-257
295
345
1
592
926
209
-89
-472
-24
516
-663
-92
265
-3
110
146
-873
817
-632
-90
-670
57
-428
-129
500
98
425
448
-51
-373
-213
291
173
-121
-20
-505
-627
404
-399
823
60
-424
-326
106
-446
-255
-194
-310
12
-756
-188
-19
-529
257
-222
17
-430
142
126
275
-152
-639
560
-750
-494
373
511
-369
663
138
148
-502
-532
-382
-380
218
-836
214
-60
294
-69
-283
-429
-177
122
267
-39
-29
-696
633
-420
-653
-730
342
374
360
-150
-239
197
281
-84
606
-17
417
-162
-111
525
597
-291
614
171
-233
-396
-383
21
-60
-237
181
484
-405
-438
-518
76
53
-547
207
-300
25
-357
-282
719
431
170
-395
-317
100
352
-502
-19
175
360
374
111
-126
77
-229
309
-756
-755
-138
-77
-466
390
-544
-162
182
-26
-404
-205
-274
350
-406
152
-237
-490
137
793
-423
655
354
468
-45
-112
-222
57
49
-107
-476
524
-227
446
162
200
-411
-342
-150
61
-723
-1343
85
107
431
146
400
-36
-289
-64
-82
176
207
294
790
-129
226
-33
-331
-702
-828
359
288
-470
-299
-293
148
13
135
-235
-203
78
741
1143
141
372
346
707
-326
-7
6
-599
-109
-122
136
-378
-166
406
989
-319
-84
355
-39
-219
-658
-334
-8
98
485
-464
-277
302
269
443
515
157
126
388
92
5
500
-63
-444
204
-154
841
405
64
330
-189
110
-40
-465
-719
267
-277
582
198
534
-907
385
-1044
288
-154
18
-230
234
-124
65
-582
-161
-295
194
-358
297
-207
-86
-784
-249
-644
347
51
-581
-326
550
284
-115
435
539
-91
68
174
-222
-409
-255
45
-94
-552
-22
130
-113
-1
22
692
-128
-28
213
93
-567
347
-136
-492
-387
170
-431
336
-141
795
8
-458
-177
-302
-183
-261
-564
-407
927
-140
421
-312
-428
515
527
367
-687
-93
-61
468
232
-123
371
141
48
620
63
-283
134
-144
-452
880
1
-100
757
773
573
-686
-371
-357
-229
232
-129
-11
492
182
-198
406
94
21
-81
-82
109
147
39
-893
552
83
-280
-896
149
762
262
-22
611
246
-591
387
82
112
223
492
288
-32
-259
511
-171
-323
-188
-387
-95
653
-612
-188
-752
-465
-665
239
-242
878
-610
516
338
598
-325
-47
-865
-606
-474
-251
-63
135
-579
253
477
573
282
-381
-234
-77
249
417
-48
42
-44
942
-328
52
-67
54
-233
255
-925
386
-256
-559
328
-930
101
254
234
-176
105
-320
399
-432
267
-5
27
184
-32
-482
-626
-700
-623
509
-15
612
81
-176
-79
364
-638
-514
353
-304
-84
-42
156
350
135
-128
87
-12
123
-229
-491
-34
279
168
-160
736
414
-427
375
559
3
-193
-77
450
76
542
394
90
-249
800
-603
72
-61
220
205
-908
651
136
-372
-274
-181
-410
-63
-255
12
-555
18
-286
511
510
192
-234
-236
56
131
-476
475
117
-907
501
-197
-406
-230
32
1272
-157
238
-308
-117
-154
31
209
1082
-389
88
275
-355
-184
-299
-503
-73
361
-398
-390
82
-232
44
-361
-652
-761
161
43
-621
-434
-62
-353
-160
-487
-429
-620
-194
403
-87
-358
393
743
-22
398
-309
311
-74
215
-943
-298
-768
177
-391
-507
-364
675
-180
231
-200
455
-304
-401
398
585
352
-384
-444
610
-903
1251
519
-136
-57
-9
-73
-3
-76
316
405
-115
-795
629
183
-545
-439
444
426
-5
275
-216
-49
-30
5
362
139
415
-251
-707
407
36
-33
660
-186
-21
-476
52
-40
-356
111
-397
-64
178
-121
709
-872
119
621
-405
536
24
-258
311
244
-243
356
-127
-296
-165
249
-441
514
499
1
-144
-594
-10
465
-115
172
78
412
1018
-480
76
-253
-741
352
711
360
21
557
161
-12
53
-200
-7
-352
-784
263
-339
206
1007
41
-21
571
-220
-495
-449
277
-223
504
351
-387
-269
-50
-509
-290
-195
-637
-58
-189
506
262
29
-76
97
-106
-572
-415
320
296
87
-437
-343
480
-490
232
498
20
32
296
-128
498
626
186
91
-101
485
371
-602
-471
455
-973
-753
-790
-333
89
-114
63
8
550
-128
-5
357
-207
27
336
-54
-8
53
-632
211
537
-389
132
-29
105
279
-48
346
-697
-339
-318
317
347
-660
73
10
-113
703
-751
-18
430
593
33
10
-39
146
441
272
-626
-251
14
31
-340
-8
-429
-39
0
-406
168
-305
50
-363
297
-351
-231
-595
-781
322
-327
-216
-437
237
143
283
-673
141
180
214
1030
-13
62
-347
-202
-194
442
-439
-56
101
384
-224
-487
503
-291
121
-35
276
498
245
-192
-650
68
71
-163
527
-52
-231
-85
148
504
-401
-932
-2
-8
394
475
-410
147
-91
151
-493
-1255
-408
-529
-693
733
682
-54
-477
198
-43
-223
-28
201
229
521
-862
-80
2
-239
-641
-589
234
-284
-96
-180
261
741
78
660
-444
-331
158
-355
128
-213
-248
266
437
368
-528
292
-262
286
-1043
471
-211
-171
-379
102
595
273
235
-627
-607
196
-272
128
667
154
417
-846
87
207
-292
-335
233
8
-989
364
-480
-196
61
495
-177
-549
-609
-358
-94
157
19
77
-144
-77
-282
167
51
-243
-648
-184
-359
463
-38
-619
-440
261
295
397
-574
107
-1151
497
363
125
83
-125
58
54
279
-853
-234
-651
-975
529
187
183
990
260
-228
-128
-1068
-414
-447
-179
-674
-445
379
176
-676
-386
109
11
769
570
-520
-663
238
-450
-254
722
-68
-291
-73
127
-290
-316
-372
719
-234
-567
250
265
-147
-492
281
-178
-101
149
-569
-554
182
-84
-489
16
-593
-146
-97
183
-286
-208
-2
64
432
14
182
-354
-739
333
-274
99
-257
-270
-338
244
559
39
-402
-137
119
454
-699
391
558
-205
498
20
396
36
-371
60
345
-376
133
235
-626
-547
209
-318
-2
362
388
99
893
-192
295
-13
533
-445
-31
246
584
122
120
23
-404
380
-258
-253
493
214
-129
210
52
-155
564
250
322
-395
-257
270
-541
442
-90
-107
-181
-129
95
-153
-82
236
-523
-59
-66
225
-96
539
334
-177
196
301
221
439
441
-74
-63
-162
68
368
-367
199
-245
140
995
-84
-332
185
304
46
-336
-917
683
-164
698
45
115
-889
-502
127
195
578
426
239
71
87
-834
61
219
648
-83
72
-184
-987
208
-318
653
-127
176
638
-464
498
-327
-221
-406
-716
-230
274
571
41
350
-331
-575
-339
-402
-240
307
-600
27
-246
-385
-66
-178
78
-507
-101
-353
119
-360
-40
-190
276
-111
-298
760
698
144
164
299
178
74
415
603
-548
117
260
371
575
-105
-692
-202
-500
283
663
-515
114
468
241
-436
-22
-593
45
-12
626
33
-452
369
206
-210
615
113
-696
223
250
322
-1024
384
377
459
-489
48
195
-150
1118
274
578
-219
44
-71
194
-225
297
100
-16
131
284
-131
-223
-112
-134
-461
-457
618
35
242
-50
476
-489
306
77
79
-91
377
-113
-423
-283
156
170
104
-664
108
-149
-240
-146
95
-304
100
67
-158
-114
346
34
-552
-328
45
535
-22
426
607
-441
-253
-495
-349
461
-412
559
126
-312
-118
-138
-317
-232
-791
82
-45
354
17
30
55
-153
81
430
-32
-357
-373
312
-186
-83
-389
-220
-467
-461
-571
-121
-686
-209
224
168
654
72
-502
524
-161
-645
-557
68
370
-188
128
7
-299
290
-343
186
-234
377
-304
233
-418
-106
-400
-429
-69
-793
580
199
-720
-252
-231
-489
-45
505
396
-307
287
217
-319
-484
-91
913
64
-134
-79
-210
17
364
-199
211
11
-45
265
253
554
308
121
510
216
170
476
403
-9
-286
-366
171
45
136
306
682
57
-369
541
-321
124
-164
326
-282
-70
273
156
184
-967
-266
-69
-253
-570
250
967
-153
797
-197
-168
2
132
-55
-53
203
102
328
806
21
287
242
-453
-494
-222
347
-728
-489
-258
-394
228
597
15
-123
-519
-157
-11
457
525
-562
304
-190
-712
-633
-5
-271
-658
-351
811
-356
-308
-827
-675
-37
611
-222
-567
533
161
-671
203
651
-92
-92
355
92
63
-579
-99
414
322
-683
29
-733
164
-201
-143
604
-170
-186
-192
-402
74
-651
-411
297
-7
312
106
-121
330
7
-15
-452
-97
-48
-170
-486
46
311
-591
-242
-651
1188
-76
950
107
-442
-408
233
-602
74
-23
-665
-272
77
-117
-347
95
-394
318
-16
-62
235
-99
878
-342
-382
-252
-244
338
-142
232
160
155
341
-497
68
-724
-204
-322
824
-992
-568
-493
-259
-165
-303
-174
-229
-213
-518
-426
9
-381
80
-913
-418
495
7
760
223
696
-832
336
430
257
-410
-151
-241
-207
-55
-560
717
-240
139
-782
116
584
54
673
-267
-577
430
13
-189
-195
608
-846
-181
-278
25
-825
-447
-271
-98
917
745
-184
401
131
-546
-391
227
210
198
302
-11
282
-699
158
-496
-45
93
772
-408
-288
-106
74
86
63
-296
-121
642
639
258
-26
-321
487
-4
584
-97
-404
42
-92
-445
-838
548
-62
205
539
-13
-145
-214
-701
165
619
-172
-111
549
325
176
440
207
641
-90
393
15
-863
-44
-866
-502
-195
-345
-180
-59
743
144
462
0
63
128
-186
-439
265
-105
-490
-467
-503
-10
872
-85
-34
90
412
349
6
-944
-526
371
-113
-320
-775
-119
398
51
327
1189
-75
489
-160
617
-377
552
822
-101
-1082
-177
116
6
-283
-3
-192
21
58
12
31
-192
-199
397
419
474
313
280
-522
453
92
13
-233
-421
-553
295
431
49
5
203
64
-372
272
77
-88
-179
-634
406
-158
-201
46
67
385
-269
-21
630
-432
-685
21
176
-170
-34
540
-425
143
260
-66
33
53
-156
692
-480
-137
228
382
-377
122
498
235
413
-55
237
308
-7
-217
-364
-266
25
-654
424
-160
419
35
-151
14
-168
-55
1103
814
252
75
-46
-52
597
-813
659
-825
-544
-266
-703
685
-317
-166
33
768
357
-485
235
-639
-735
-163
-724
76
-746
210
-209
-21
119
-320
-48
184
214
-654
882
-1149
-217
218
228
342
-400
-703
-467
441
406
-718
-324
222
137
59
-43
409
-13
-277
-738
-252
-110
-32
-379
512
-120
-733
-597
125
-541
467
895
394
6
-178
-150
84
-355
-55
66
-583
191
400
-158
-190
104
-15
-593
201
86
-153
-220
-484
-450
-257
319
476
233
-222
-513
373
-215
-607
-82
-547
470
371
-513
204
-530
-894
-209
253
-356
-818
483
-175
687
162
858
3
-388
-376
-15
97
175
-55
1104
-92
240
-271
192
-328
69
-702
80
259
-226
236
-510
-420
126
-110
167
-648
310
-136
501
258
-125
-271
-10
628
637
796
-339
314
136
-386
-1124
72
-240
-97
34
-10
-243
-157
-122
-117
30
-194
229
-640
313
60
-934
-636
-261
751
-225
-229
107
-642
-154
274
116
-882
-254
-73
-67
78
212
311
-42
151
-573
611
88
-119
634
-244
-18
139
-108
-540
-69
-120
1125
-216
-581
-274
0
149
-323
361
292
-231
166
65
-406
304
250
-219
420
178
422
-803
-351
171
-202
-54
457
1028
290
363
-122
52
20
-173
403
-213
-511
230
398
159
-35
-46
-249
475
-300
-251
149
186
93
172
403
-159
-756
19
-670
-440
-185
618
357
-16
-412
-10
-543
-8
-335
415
233
-826
318
-96
-242
-174
716
-74
65
-698
283
14
302
-373
158
-113
-207
455
-264
-535
226
64
-402
764
-615
-377
11
-157
-201
-134
-5
81
286
-390
125
-283
-97
-420
552
-493
897
299
129
-76
43
-214
40
-458
27
-563
678
-376
-288
33
572
-201
627
31
88
98
320
-21
-338
-779
-522
64
334
382
733
463
335
-351
-207
77
-131
255
344
-530
22
415
151
-44
142
450
-474
140
-20
328
300
186
198
459
477
173
267
-740
340
-31
-218
-39
-247
560
-66
-30
222
245
662
504
-108
217
-90
-249
375
250
49
-226
93
-48
-751
-221
-749
-4
-32
118
-463
-535
322
315
103
59
-257
-479
-472
-287
192
41
301
-52
-262
534
-192
159
-227
-437
288
52
-151
-48
134
654
-109
295
369
464
-379
107
618
-521
-260
-156
-351
-359
-350
41
119
356
-453
233
-132
399
197
364
-440
121
-812
-436
-537
144
-126
101
192
545
36
907
-883
-149
-127
-552
-497
-865
-341
334
-934
209
322
315
412
-249
-257
-83
-653
-516
214
-359
-158
-377
-461
463
-352
-678
239
-82
700
396
217
-209
170
408
-324
472
261
-332
-238
-381
-370
-251
289
115
-67
-414
-63
-562
818
447
21
242
245
1100
255
940
-631
-352
324
522
852
-11
-243
28
-451
-218
-705
674
-614
228
377
-161
431
-266
29
-798
-146
-403
339
182
-185
85
-505
178
37
-297
96
-8
580
-31
-320
-706
454
204
64
556
281
630
-423
-106
-285
-774
324
-211
212
-24
-387
-1036
-148
-120
252
43
149
-442
-514
27
-207
-437
181
-177
-50
-98
-472
-139
-433
-127
656
56
764
526
-418
506
531
202
-750
119
276
-632
-118
-94
-231
-681
-441
561
-203
-129
-68
-522
-379
427
380
262
136
-593
-58
325
-253
285
214
857
-67
639
-180
-252
34
-171
-406
-482
513
511
-183
595
-556
560
12
-344
4
-3
-395
-236
69
345
-567
-263
431
-358
123
348
-314
-43
-329
-407
-686
-137
55
112
311
487
-454
39
279
-436
468
200
582
-266
-585
279
91
702
-175
-367
188
431
-49
-653
-96
-239
65
603
-314
-346
-280
-159
-330
-365
468
311
437
51
870
20
2
136
469
-31
-69
226
-283
785
-319
-273
46
-99
-276
283
-38
138
231
83
14
-3
-562
-113
-516
1036
-485
93
-234
-145
109
46
877
28
-143
-190
-835
269
644
773
-303
-572
298
-128
-148
228
-167
318
-627
-414
-845
-538
200
-519
-483
376
377
-242
-90
-495
-78
446
700
260
-296
164
-456
-488
325
-642
-885
747
-122
-34
352
236
423
289
111
279
541
464
98
173
-656
197
-281
-217
-122
41
-195
-99
82
-347
-161
238
41
910
123
-515
811
-86
441
145
163
41
-291
-33
61
-1070
558
-322
-265
232
-116
154
-147
-17
-18
-323
648
252
-487
-200
-1163
-33
-266
-681
-576
745
427
-184
27
-212
-277
-331
-764
559
138
596
224
408
-497
316
250
-168
531
169
-418
376
-11
-67
154
298
-107
-256
-49
-162
194
329
399
85
-15
-1431
-488
330
-1009
-418
-260
286
184
-135
481
277
-6
-485
80
-865
642
-399
-741
100
472
127
810
28
492
333
250
507
-116
-85
-531
153
-89
-478
430
3
434
547
50
-59
287
393
-378
256
-585
-498
-284
-199
-70
255
-427
598
-100
185
82
-159
-313
-329
769
706
622
117
-500
165
147
-731
77
641
-13
351
179
-268
-746
552
242
442
-192
92
-194
-529
-433
-417
164
572
70
-85
-283
-301
-349
-763
-182
-4
138
-247
-324
-99
-328
715
45
221
33
309
-421
-166
-64
575
253
624
453
-753
-10
254
652
418
285
252
558
-199
-583
484
161
-451
-763
499
77
-346
-2
-372
-495
88
-73
-538
339
1076
72
-41
-265
99
-47
248
-760
513
48
38
480
-216
31
-883
-82
361
65
-670
355
-760
720
-213
258
206
-62
-56
545
156
252
-361
-19
-39
-219
-317
9
531
565
-319
-14
-655
-186
-532
1344
445
722
169
-192
259
196
-399
-729
-146
-474
171
-731
375
149
-379
-77
-59
284
-813
155
-401
344
-558
-249
81
133
-177
478
-82
63
-151
102
555
-274
-242
-23
-93
-212
81
34
370
661
294
-136
-432
-459
-612
-561
-138
97
154
-82
463
200
-537
1262
-339
-959
-276
515
377
-361
125
-192
735
-50
-110
745
349
-368
-187
-62
-220
-455
-633
-70
244
-366
65
-473
44
-416
113
285
-1151
14
376
-145
-230
423
161
329
-225
305
98
645
76
-53
105
-344
-264
733
-97
102
-612
6
-14
289
291
318
-76
187
-42
-23
-161
22
-241
-55
443
-229
772
-329
122
-603
-235
435
3
-1189
438
395
-374
302
361
427
123
-342
291
392
180
437
-524
-507
-248
536
-565
474
784
447
-761
-689
229
-145
-413
335
437
-508
-153
-340
387
735
278
-113
-439
176
608
245
-181
-880
-47
-221
-314
71
404
56
577
-141
-309
-297
-882
-279
58
-548
39
874
91
48
-44
48
223
353
55
-282
376
581
-57
391
112
-67
20
-346
73
-346
-533
-592
-370
56
270
294
-411
-48
457
457
-448
-471
-159
684
-50
330
632
42
-294
83
-729
-33
-341
-296
408
-558
396
-263
242
462
247
-46
-665
265
180
-353
956
723
-129
-525
335
746
628
11
553
-282
-813
342
-407
-254
159
104
230
436
70
-837
-130
521
412
360
85
-151
35
170
544
-639
-372
472
532
298
276
114
379
66
837
-251
218
-34
-166
-237
-65
-525
-303
-621
-460
45
-411
-179
599
-188
-138
291
11
575
-18
-226
248
-560
-132
78
-10
-114
240
281
-211
430
-436
709
12
798
-310
241
-704
12
0
-15
-341
42
-567
687
538
-225
312
115
-109
-131
34
-372
119
-384
2
-238
262
24
-48
676
-194
-913
276
12
679
-28
19
264
497
443
-472
-496
-263
456
771
72
99
-60
221
288
714
-51
-649
80
409
-69
40
660
228
-115
-281
452
-234
-348
551
194
-86
-250
517
26
934
-674
-64
203
434
-305
-144
-91
-106
-564
368
19
-221
-48
123
-224
-270
409
-360
-930
263
-457
-141
-464
-900
-487
-215
75
359
101
-182
-5
504
816
5
51
-527
244
126
-132
-242
-313
199
477
642
117
-726
-112
-568
338
-441
-498
247
115
-446
328
-861
-538
-360
-250
23
-547
-164
-345
-334
690
45
1
-617
573
85
160
-207
365
-58
311
-282
-186
-15
-605
-325
-207
-455
-205
1147
201
371
-560
99
372
-796
732
676
256
-88
579
159
82
-378
-779
-307
-510
510
-481
-292
-410
218
-503
-245
-604
-440
-246
192
-276
834
112
-593
117
60
42
665
57
672
-176
-24
-167
278
303
-924
249
-191
41
174
401
-565
-73
-213
21
537
-157
67
-521
-359
314
183
-130
815
-1017
64
-135
70
25
-368
349
216
-363
1
170
723
244
120
394
549
23
304
185
524
453
4
195
463
-350
-481
-40
446
67
563
-724
22
389
-263
513
327
-226
709
500
24
-288
-4
152
527
70
126
652
154
542
-309
50
-8
-681
4
-314
-53
-273
-814
-245
-206
5
151
18
4
233
-361
681
-69
76
501
-406
66
96
-223
-123
-236
-200
-321
-58
639
-86
715
58
9
-656
679
-557
306
54
-531
468
-617
444
21
470
-55
-93
-39
-34
444
139
-628
354
-90
41
188
-101
-736
98
730
-11
577
243
204
117
300
664
22
761
-387
365
564
-593
196
500
67
-72
283
558
411
70
-407
-154
-281
268
279
135
-116
216
281
-447
-85
-778
-171
714
-476
-964
-18
387
-109
414
-159
-98
487
-81
-57
36
-152
-445
-221
-59
-152
503
511
-243
99
-471
31
-357
170
-586
13
-394
-20
190
790
876
233
-762
712
243
218
-552
-143
-333
502
-97
5
163
-503
7
-303
359
-858
-197
-379
10
-425
132
257
-40
215
334
189
171
-508
403
99
486
-70
-1082
-23
-207
-16
-282
511
-102
-30
502
-406
-91
-112
-256
372
715
-228
-188
238
-192
16
-217
-487
-1109
245
405
-262
-641
-171
-74
69
329
137
22
-1081
169
-147
375
-374
191
496
313
-288
-739
195
-137
25
-924
149
-507
-374
159
413
-135
186
-494
-70
-47
-603
332
615
423
277
-345
538
-207
84
-116
254
795
731
512
-510
-40
-266
112
-485
-198
91
-40
366
-108
-598
-161
347
-695
483
217
-126
-42
-59
81
-410
-539
-119
-219
-175
313
499
206
517
-332
-413
173
313
451
288
320
264
-397
97
634
284
-265
-90
245
-470
809
135
-115
373
-222
-494
-271
-15
-201
-571
-45
-638
-376
2
45
-287
-137
462
284
-392
-188
-289
-469
-673
128
-11
378
-262
545
255
-82
350
120
339
-532
1
450
-581
-498
-176
84
-717
48
1016
568
487
26
42
-194
48
-497
588
409
-125
-131
-1010
151
-149
-441
12
-465
195
-297
397
-419
618
68
358
-108
-179
-148
-224
363
917
633
37
-431
301
-134
1
86
-252
-392
-441
-131
780
-210
375
-306
462
433
-73
-55
117
574
784
144
1200
-91
41
173
-474
-557
97
36
48
-434
-498
-395
-168
-165
245
-214
711
532
341
505
128
463
10
-549
303
252
496
-117
-135
-500
161
129
-321
445
423
164
-589
-104
-543
-131
-310
-425
-1011
217
124
280
168
-410
17
-398
-55
327
519
216
-105
446
380
173
-395
473
425
-108
-314
-334
-388
-690
-335
290
153
641
84
318
-740
357
365
-245
1090
-113
-854
-365
81
-70
-131
-402
-83
902
129
211
-350
-403
201
-95
-39
-65
9
-420
543
187
-160
157
-797
364
171
13
-157
-108
35
19
431
156
106
-161
-256
-407
205
-96
154
425
1116
-229
120
132
-169
419
84
-204
577
-63
280
-609
38
237
-327
-189
10
70
465
457
-484
240
175
-251
-85
-1044
-207
316
169
-54
-976
-668
-626
-408
-467
-44
-140
59
-85
199
-336
-377
-65
109
126
-536
917
165
-410
404
351
328
-12
-165
-833
-300
75
103
-18
-158
-200
-113
-9
-84
365
-369
658
98
241
384
210
618
-335
-343
-212
511
676
-181
385
-505
-149
75
446
-512
-384
-328
479
602
166
227
-994
275
-114
-653
-94
605
-515
-321
572
-206
-173
269
238
318
922
-490
586
-56
50
119
-81
156
-482
-95
9
-306
-788
480
-281
127
-57
-211
493
-123
-114
-230
38
-86
-235
-376
-283
503
700
43
94
126
-37
-319
-158
-718
450
-179
-378
130
-34
1
-199
-207
-277
-568
333
123
-102
-7
-182
-38
262
-788
735
-66
-855
-591
171
-178
-308
-155
209
896
-104
177
-150
165
-521
793
-281
-151
-169
-598
222
-622
172
-411
-296
192
186
-46
196
-281
174
-156
-629
-257
-51
220
152
-77
-88
-83
-398
-493
-26
-103
499
-421
-469
-166
68
290
294
286
-167
-63
-539
854
431
-235
268
-659
-649
-525
51
-350
-356
-330
254
128
228
132
-121
-441
-651
301
43
727
215
-308
-554
93
-41
101
439
99
214
638
374
675
107
364
-837
86
122
214
318
-145
-221
37
97
526
869
549
-571
643
-95
254
-953
10
417
717
-406
-236
-242
-28
339
-271
359
76
-53
-69
-97
395
-91
891
-51
-16
-53
120
258
217
289
-415
431
684
-428
4
-282
589
347
261
-194
122
450
-306
-36
-211
258
120
401
-1055
-297
-48
-29
-69
-218
-459
568
400
377
142
297
695
273
200
530
176
907
181
-324
59
90
-72
-426
-620
21
463
485
-83
-504
26
-330
204
380
421
-487
-159
219
-409
-492
19
73
738
95
-573
829
560
2
-99
-188
450
-241
-157
264
-146
-497
492
48
-871
665
-554
-53
-449
431
-484
839
4
263
132
-687
179
111
248
-32
617
46
-12
151
-239
599
0
-289
-187
-42
118
151
-635
-423
113
-100
-260
-533
361
-869
-110
-378
538
536
-359
597
-597
-92
575
-80
579
384
-18
-577
549
-117
-286
-43
171
431
-385
-637
82
683
-465
371
33
-710
491
-390
-411
409
-151
641
-222
1063
-56
-38
-451
-168
178
-167
778
1321
338
-417
-269
-501
-551
498
-239
-422
230
-30
-701
356
620
-546
237
-515
2
83
460
-120
86
-102
-340
-244
92
207
-202
-289
-55
-644
-437
-76
-339
691
-125
-700
-82
-56
-15
178
324
148
-12
292
-13
775
-182
12
-290
279
-86
-165
-52
-361
205
14
139
-221
33
98
-283
-430
-384
-4
-118
755
-81
235
-1202
-16
-342
565
33
-162
-126
-138
28
441
-110
-80
165
-351
293
406
-779
-559
-140
-252
88
-216
398
74
82
114
162
94
284
-56
-102
-324
-697
166
-258
-37
77
-18
482
-340
-170
-469
473
51
-546
42
396
63
-87
-423
-154
-105
147
286
-89
-345
-257
-209
430
396
37
-185
142
-289
-340
-517
-204
380
100
21
-208
-894
431
-271
153
480
-180
-275
-267
703
-683
-418
-795
-319
35
681
335
451
-201
-179
250
-661
-118
-744
291
209
192
328
-475
344
-447
158
25
399
336
140
-431
-86
-111
-245
-198
-567
-194
-7
139
-66
314
461
-204
-214
-173
-848
-171
562
128
-694
-426
240
-297
-169
-53
457
225
-92
14
8
-399
187
-631
498
714
553
-578
-306
-251
255
-419
-163
-183
156
-669
-180
158
245
-96
-121
332
339
277
-337
-43
-76
630
-535
71
327
383
319
-435
576
8
5
-154
-150
-182
-369
-356
29
-515
148
-350
174
-205
-249
155
-616
159
417
39
-207
206
-16
334
-438
346
405
-126
288
-141
208
308
-444
103
36
-658
198
398
-38
-254
179
83
-111
-1267
-144
-150
544
-661
-381
216
-104
118
-257
-84
-434
271
718
-504
-293
91
-160
-267
-115
33
-319
257
-40
-640
26
362
272
-193
-159
296
-207
-217
123
-36
27
-155
376
863
-589
-305
-2
215
-29
213
-672
-615
-461
196
70
-15
-141
105
-1010
317
-426
457
-310
-93
-337
372
-438
-287
-590
712
220
-281
271
133
631
293
-736
513
-224
167
-160
-195
70
286
37
-564
248
95
6
185
-816
353
-372
-243
-248
810
-413
297
442
-59
200
637
104
-4
383
176
-337
-573
152
658
-425
430
-254
-605
-228
-662
-135
25
-394
-226
-345
763
820
-633
-210
307
292
174
247
-395
369
207
-54
-282
704
-277
-524
-930
3
-392
457
-182
-592
-724
-338
182
-264
-13
90
-79
690
22
374
214
-562
-49
464
449
-50
-394
-224
36
-16
193
-231
-422
-362
708
-505
-351
212
267
-446
174
365
357
-851
-186
74
193
-98
845
-86
127
84
-451
388
62
364
815
-50
-230
-3
-199
-339
-171
-180
90
-205
-293
73
277
-135
585
-497
-39
895
-752
-25
793
48
197
-103
-544
198
-275
393
616
-728
-171
-74
-290
71
64
-92
780
-142
266
-82
494
296
-252
732
-277
-464
33
-722
-116
532
528
-399
14
696
233
241
-216
267
153
-125
385
272
-305
54
245
52
-876
230
-203
479
536
-721
-661
-80
24
-194
275
196
313
373
-334
127
-333
147
-446
8
-125
-301
-95
235
98
51
-169
-218
135
-182
-1105
289
1003
-579
-68
-128
352
-551
370
158
449
-378
45
39
379
-113
535
106
449
364
-166
-83
-349
-353
-557
-558
-687
-248
567
-448
167
623
112
91
-296
271
803
-79
-649
404
-118
-82
44
460
-112
151
-79
293
-489
737
13
120
-139
333
111
314
-59
93
-730
901
57
-594
-798
495
305
665
35
147
-985
-101
-271
562
-171
671
-88
-365
308
-61
-298
-639
565
-402
-583
-217
548
402
-803
142
681
-556
618
-300
1145
444
-322
-1029
516
308
423
-258
-561
854
-148
378
-1
-124
317
72
80
202
456
287
193
340
-709
128
268
-728
-403
25
644
114
101
72
73
-189
-218
28
215
158
614
66
407
-97
-113
110
731
-174
365
-258
145
260
-60
21
470
-149
490
95
923
289
-34
479
0
786
360
25
-744
-220
394
-248
-338
321
338
-202
-60
-659
194
167
499
35
-299
670
128
-653
263
-246
274
172
-228
28
-539
698
-164
-538
76
563
296
-303
-273
25
243
567
-438
263
402
458
339
-381
-63
-143
529
-922
1209
-259
194
195
-588
470
-301
-267
119
672
149
-546
289
-367
-36
57
2
-85
-466
604
745
131
-436
367
-662
-195
202
80
134
410
770
479
366
-40
216
205
-81
-970
-104
695
521
-167
506
411
-360
-335
42
213
-80
69
-282
-568
69
-64
-309
608
69
106
-447
-170
17
441
-198
194
503
23
147
475
585
-266
-714
-572
-80
-534
-391
-516
708
628
189
-308
375
-568
-158
-709
113
-654
165
-81
77
751
-25
-168
-468
-649
-618
-282
117
32
787
98
-61
429
17
88
634
451
121
182
-285
346
161
-402
641
199
502
275
-475
132
94
-64
-32
242
100
-264
316
-182
-370
-215
-311
173
-574
-549
222
-308
165
429
78
-212
-545
-240
390
-309
-72
-107
113
-171
-63
45
-42
161
426
47
593
355
569
-96
303
236
362
405
-190
-119
-50
-233
697
-508
-44
-83
-641
-615
192
-329
-306
732
-394
-606
544
-798
-491
-4
928
220
-888
-175
-463
15
461
-487
42
-2
188
465
-1177
345
-88
-215
-153
127
38
692
-72
47
-313
-125
69
19
-366
145
-213
-415
119
-555
209
492
-368
-172
193
-301
-230
-68
-210
363
-40
-675
202
501
-367
-42
-13
271
-18
356
107
-87
-121
637
-187
-442
-313
413
-346
221
99
420
74
317
678
205
409
248
-1262
278
-456
-720
146
328
125
150
56
126
344
-386
-220
-400
151
-471
850
86
181
-97
235
-283
887
-173
-357
95
-362
545
-196
409
-2
297
81
253
550
-734
352
320
-45
463
1062
77
642
425
824
716
-720
-297
476
165
-464
181
394
792
30
289
247
-299
274
-28
-328
-165
-279
-52
-28
287
286
188
367
-3
-36
-284
42
-439
63
-33
271
-3
-6
-128
800
601
114
816
162
732
488
296
-224
493
-580
223
567
130
216
135
-126
-54
-540
491
328
-214
273
30
418
523
253
-481
281
232
50
409
410
57
66
-228
-353
320
-454
-166
184
279
-873
-444
-328
168
-152
396
498
288
-182
-96
95
-719
-101
-270
-377
311
457
373
520
-309
429
49
-319
-302
298
-359
50
166
-409
-350
365
980
391
-123
846
-156
486
-367
-46
522
-455
-2
-728
165
288
758
-16
-394
-594
-218
75
373
-163
-115
656
642
-317
-64
-223
-83
735
447
-378
229
504
-660
486
64
-71
-36
-336
275
863
656
-448
673
-216
-395
-1148
544
370
522
-131
566
390
-593
101
-449
-850
306
792
87
294
251
584
186
-41
-316
-727
768
-26
-695
-503
390
337
105
400
-385
87
195
405
-552
-493
207
-164
324
-216
396
-598
-576
-340
438
-42
64
-677
-285
196
69
882
259
-310
308
-413
824
69
391
-582
140
172
277
-492
-8
-381
324
268
374
-88
55
-111
-264
385
7
488
-1057
-36
-184
124
-77
744
133
253
-635
-12
7
281
379
-150
-264
174
-99
625
-220
-251
807
367
516
271
72
-217
-316
287
278
-9
-827
232
-171
-528
152
-593
344
-499
-42
821
-66
-295
18
-204
191
74
-130
-164
-396
-240
555
-593
243
-175
-120
-326
-651
-850
-900
326
-79
673
315
-891
-340
440
-363
-481
405
-244
-268
-12
223
89
-338
-250
335
-629
192
-176
114
15
-267
-477
628
-414
7
-441
136
469
-72
634
-147
-617
266
-363
-223
457
114
319
-241
-203
457
25
-272
-146
-835
81
-263
233
-20
175
276
-455
46
645
-690
562
-90
-611
-130
-176
397
25
379
-18
-503
608
-445
127
20
-165
347
-1022
120
510
-5
630
-132
608
-952
-1
-226
-26
-193
-501
42
410
-280
246
679
333
-498
428
581
13
-128
551
-41
762
1259
-142
110
60
-512
36
663
128
187
194
-55
-15
-822
-449
-305
-147
486
-422
155
-38
503
-212
-26
354
-167
14
-216
-370
126
76
48
-52
-791
-244
51
64
-113
774
277
-82
-119
-182
-376
75
562
-322
-287
484
-47
347
237
-321
-50
-82
-70
254
-370
-122
134
-7
32
-67
452
242
-570
17
561
-416
221
238
-123
-345
-69
325
-389
-19
695
231
155
-98
-813
118
-687
2
181
-1183
-275
-276
-93
-41
-10
-1120
-309
289
113
-375
-83
275
387
-361
-185
-547
9
-195
-536
-250
-284
-718
-117
778
-977
199
-109
459
-462
-79
469
-702
-11
538
163
187
-1013
-510
293
1085
-754
-827
264
529
-9
645
211
755
-242
-122
782
252
-390
167
0
-512
-501
-310
-831
303
-443
-363
753
262
351
377
-534
251
-574
-134
-32
469
216
559
364
826
352
201
-92
-40
110
-439
-45
-275
508
-41
851
-482
675
401
181
10
68
-92
-612
-106
-286
-1053
-131
759
-190
-691
-138
-242
763
1087
505
268
-45
-122
-138
304
314
271
-247
356
-11
404
-322
62
611
-130
201
-147
-269
371
218
262
70
258
475
154
864
115
-91
467
-12
550
-630
-463
396
-283
589
545
-454
-39
-151
-240
350
-68
-211
841
329
107
214
-412
-263
54
-354
499
-591
105
1086
562
86
-71
-278
-416
27
-240
43
634
336
219
-175
645
932
-64
-6
-598
-199
-104
-588
168
230
820
184
299
-151
319
19
126
-575
-132
-553
725
399
-131
107
-59
-478
455
-366
-1226
327
575
316
143
211
733
-139
504
196
-230
-473
-15
229
-182
388
-454
-243
413
-118
-190
491
-81
-131
-618
-282
937
205
512
301
15
163
476
-78
57
231
331
-379
-394
57
-152
-180
4
248
-464
661
127
530
547
863
491
-272
76
102
-631
606
567
-228
-136
-146
-561
-45
-700
-272
123
-297
-313
-226
-95
208
-109
1259
-142
392
-70
305
376
328
-59
90
58
410
366
-824
-363
-299
-208
608
220
-400
-483
-665
565
-562
-102
-44
-76
-290
63
444
74
682
343
367
-284
575
157
-371
-309
-227
-514
301
-136
-375
-467
-49
-687
-803
164
-644
-149
-351
263
-326
-51
-84
-949
50
264
412
248
429
551
-233
-329
-56
698
133
497
-26
177
-7
-304
47
499
247
-473
-177
524
41
513
-519
1107
257
462
218
109
538
51
-479
16
29
635
245
-141
-501
-556
416
-14
162
544
547
214
142
-283
-286
-14
-318
-213
206
-202
-275
100
-418
-101
302
518
-448
-735
-259
128
-658
-367
462
-618
-407
-332
154
-128
34
353
213
-1112
140
827
904
145
205
-233
-699
320
243
-13
621
166
-432
-495
-215
58
298
192
-332
-134
700
300
670
-240
183
559
-712
-602
-12
-248
231
-276
-429
-180
-181
111
-154
262
359
-121
-141
756
972
-844
-291
-241
-1011
47
979
164
560
54
277
217
-655
-356
-230
597
946
-172
-619
312
593
-697
-468
446
125
-450
-88
712
222
531
223
655
-806
-206
53
-352
-606
412
454
-831
-122
569
-934
96
532
179
-610
501
947
-13
136
198
-811
-156
-321
6
860
112
-671
191
-303
-178
-588
-353
854
894
-81
-132
-242
-315
-375
11
622
18
-429
157
-149
-78
-265
75
-11
293
-126
622
-1035
109
552
-302
-164
29
556
-124
-943
466
-161
-79
-54
-693
-359
-14
-1004
-375
-25
-13
316
-131
784
-1053
232
-635
-36
208
69
1
218
-88
-180
505
398
-249
-124
527
-108
135
190
929
8
-746
-474
1203
-266
199
54
215
-558
-77
-248
-271
-534
-22
112
-303
-698
-378
-774
-93
-192
142
-248
258
461
-55
-298
797
-333
464
678
-265
363
289
12
855
-604
-55
606
-193
-117
129
335
-13
437
324
171
653
474
-12
91
-28
-664
-55
-270
-45
118
282
132
-164
-94
203
-256
-172
652
-301
578
24
-157
-60
-371
-172
-77
365
562
-337
228
-358
181
-322
45
66
-588
-320
658
-500
-167
98
-532
133
353
301
-326
-321
-619
-273
777
-722
559
-121
264
52
212
-429
-91
48
125
60
301
115
396
-429
36
-34
144
162
209
-49
-328
-679
525
848
-273
-729
-640
591
106
243
311
222
-364
-965
-217
248
-4
605
-539
-161
-208
4
112
-658
-216
522
658
-68
-1
-289
-301
-176
120
277
21
54
-155
-342
-746
248
-90
-352
255
441
-241
-335
-305
-337
648
230
-940
170
-647
485
155
-484
57
284
-449
-297
-250
-846
571
540
607
155
-583
-661
230
-82
-89
-249
330
469
32
-216
670
-229
-68
-610
872
-468
621
971
-362
303
-549
-359
-69
-186
1001
-160
-647
-225
-3
716
-85
319
-75
-454
286
48
595
161
-352
534
227
267
-239
90
-375
503
-1087
224
570
-196
66
-968
117
126
-443
273
581
117
-47
437
-352
434
627
-144
-162
580
138
-85
486
-753
-231
-364
328
195
600
-372
-254
433
-891
673
293
293
-42
-363
-199
-46
-51
-65
58
-683
-624
-193
218
187
-468
329
125
-120
-7
45
-292
-137
176
-57
-339
215
271
-103
93
-638
74
-665
-116
39
68
-24
515
-149
210
-856
-304
96
526
-167
-94
-504
-242
-56
158
-240
1
-1085
-135
208
-134
-428
-459
46
293
64
724
359
-23
807
-592
-228
351
-714
249
-163
81
724
920
42
-64
631
509
547
-19
-12
770
198
192
-175
102
-219
652
328
-384
406
166
236
-363
-45
-51
-663
90
-92
-277
20
-338
491
-552
134
68
241
-230
-129
307
313
-72
157
-195
96
-240
100
220
221
205
-137
908
-704
-506
-224
87
54
-73
-431
22
95
317
-233
472
-700
-533
51
-278
684
-247
-19
-243
-678
-318
355
-85
-163
324
-383
-63
-380
-584
375
-277
8
-185
-862
-247
233
33
-299
-71
-96
-328
-44
-341
351
-603
-268
101
113
-291
-152
-566
174
90
627
250
193
-443
5
-18
147
-10
-75
-19
286
319
547
129
246
197
-205
265
96
-145
-126
-276
21
355
471
-842
161
259
-301
712
80
425
-173
1016
-141
-425
-322
110
114
-341
-507
405
-657
-288
-610
155
41
-615
-143
-487
62
-364
380
186
67
288
-184
-89
221
42
-160
110
44
355
-58
-36
615
-186
196
274
-616
66
227
-329
-66
10
574
175
-128
-388
383
813
848
-223
373
431
-180
591
303
-312
697
-212
229
-579
-256
96
357
227
-163
-42
961
766
932
-61
-422
588
542
43
212
53
-263
521
496
15
-335
-538
18
-227
-80
319
466
-433
-247
40
340
-778
-48
-251
147
-525
-439
1
511
0
459
123
-914
203
503
168
81
172
150
324
-256
189
511
-885
400
115
-172
-141
518
172
-142
43
-70
172
609
-318
-87
-302
361
-53
-169
-128
166
875
-25
-364
-193
170
-361
-319
-165
-257
-359
-231
398
-601
414
-1164
-397
495
219
571
379
-35
458
410
-108
-128
455
423
420
-52
318
710
-435
-472
440
-360
328
31
210
147
417
160
106
-188
202
-174
245
8
-172
17
75
585
427
-252
51
-106
-303
-261
85
477
-701
-74
-93
-24
-238
-1437
24
-72
331
55
-10
-1005
-115
87
263
67
-510
-413
-210
-66
128
-61
-480
-243
-106
-189
-536
-180
-20
383
71
-445
324
-265
49
-1052
-140
193
-532
-203
223
173
-915
-654
741
-292
-559
183
-211
275
-16
-545
-108
155
-454
-85
-557
-280
-385
679
-498
391
-371
659
-409
-692
-162
-214
-154
-59
-425
249
310
197
-223
-212
153
245
137
38
-774
173
-544
613
-202
-123
382
111
-532
279
334
-395
-126
411
277
155
82
-74
-16
-249
241
21
999
51
-374
42
-683
-44
-443
-635
-598
-349
-492
337
355
459
-134
-105
648
-25
-468
-517
102
135
-571
398
102
270
-570
-706
-238
353
267
225
-707
275
-947
-217
-14
-331
73
211
71
109
-280
-20
394
-178
-364
13
-483
176
-8
107
265
-143
-522
105
-502
-454
-610
-217
-138
216
-258
-60
72
-234
-410
4
-151
189
-118
539
120
323
-403
294
598
290
-144
-1114
268
715
-445
-630
-48
-423
153
-277
-332
-566
-161
534
393
2
-141
-142
-18
-372
666
-636
689
-264
591
61
-580
138
-267
164
-263
182
303
383
-46
-150
691
91
69
-591
228
125
273
-489
176
157
534
163
-421
2
454
-93
-320
487
-516
650
-222
-507
554
-238
701
-25
246
289
-204
-449
796
55
810
-299
-425
264
-172
337
-514
333
-119
187
-164
923
-679
206
-236
-69
-76
-958
-88
157
-29
254
-275
45
198
-178
-425
223
-152
235
202
212
-447
48
-44
40
-496
596
-168
-281
-414
369
440
-478
-59
236
183
6
-113
123
-461
-375
-254
885
403
-208
11
-293
-187
-546
550
-151
329
-22
371
-64
-503
115
1002
-124
53
-883
216
-507
254
172
763
-175
250
-461
521
-185
-172
89
-28
345
-8
-157
-189
-263
-806
-24
-223
189
-508
192
263
-27
674
-296
-78
-589
164
-441
186
160
539
511
117
-181
570
254
-34
616
-326
475
569
-61
-414
577
-191
167
-67
104
-147
59
-764
52
114
-166
535
-645
-189
190
6
10
141
-25
103
-540
511
462
89
520
75
319
-192
142
338
622
459
229
-765
431
601
-419
214
24
324
195
665
-297
-88
291
131
-620
100
-483
-770
314
159
-239
-551
-479
-346
-262
830
-124
-349
56
-60
61
127
-374
627
-297
13
-461
231
-184
273
48
-540
-153
-213
132
44
673
-145
-278
135
-168
237
392
26
58
311
-107
67
1060
377
-338
731
1117
157
324
-968
627
-6
394
-996
-392
6
239
241
168
724
325
-64
-426
298
571
517
246
-19
-636
380
177
-653
-362
-60
-7
89
456
-92
-364
357
-739
-490
-599
-690
-7
288
-46
359
-68
-63
-671
246
-30
441
-304
-241
-369
167
-362
223
-483
382
122
203
-604
56
490
-112
-227
-662
-728
31
16
22
-338
491
1017
266
-322
-341
112
-145
-376
31
-1289
30
593
-339
-893
-597
822
732
-155
-106
209
164
-96
326
-207
211
-358
725
-47
-714
-3
-441
-164
467
401
647
-510
589
172
416
404
-218
215
524
-191
635
-734
-92
-66
236
-100
-89
456
450
-479
441
8
-216
-126
-323
144
5
173
148
70
-282
844
-41
-146
-532
229
481
175
-89
-191
-973
301
-411
370
88
21
518
260
-215
-506
-226
292
