48 91 400
0 6
0 13
0 32
0 39
1 30
1 32
3 13
3 32
5 27
5 42
6 9
6 10
7 3
7 11
7 38
7 39
8 9
8 12
8 34
10 13
10 45
11 12
11 14
11 20
11 26
11 35
11 38
12 1
12 25
12 39
13 15
13 22
13 47
15 43
16 1
16 41
16 45
17 1
17 42
18 20
19 0
19 15
19 21
20 13
21 10
21 35
21 40
22 15
22 21
22 35
22 42
24 15
24 34
24 40
26 30
27 4
27 32
27 35
28 45
29 24
34 45
35 27
36 4
36 42
37 3
37 24
38 28
38 34
38 44
39 10
40 36
40 43
40 44
40 45
41 2
42 15
42 24
42 26
43 23
44 2
44 25
44 46
45 11
45 34
45 37
46 17
46 21
46 37
46 45
47 10
47 22
29
24
23
50
8
18
85
75
87
12
79
78
33
52
90
1
46
42
38
17
58
62
26
15
56
57
47
27
89
16
82
30
68
84
63
44
45
22
72
34
88
86
66
69
70
4
43
67
49
25
35
77
64
60
73
61
55
14
0
10
53
81
41
7
51
65
21
32
9
2
19
48
59
74
28
20
36
31
83
76
40
71
37
3
39
11
6
5
80
54
13
390
719
-172
281
42
-606
536
230
355
-360
-330
221
87
-131
431
-212
440
-667
280
-433
-829
-172
86
-174
250
505
-293
-208
-166
279
-119
101
-357
-140
-396
-377
262
557
-79
-476
115
568
339
-699
384
139
-429
453
-32
1300
-352
-536
760
122
-176
-331
256
24
927
18
121
-129
574
-37
-187
-948
-294
754
88
334
173
-3
-761
832
-59
102
-15
-700
163
-174
41
112
339
-33
-381
12
309
-290
-390
-22
766
302
-340
270
-40
199
247
-331
-250
276
22
-593
-182
410
-369
-81
-67
643
31
-41
381
32
678
-301
69
-522
583
-86
375
371
-174
-209
715
286
-83
-257
-535
-633
272
403
-1420
-224
-445
-778
217
-8
1
-21
402
411
-441
-258
-312
295
7
780
379
625
-167
-299
239
-647
-236
107
-175
411
715
81
72
-620
243
-66
442
-857
-38
470
-604
147
-190
389
-9
101
652
237
-199
-983
-512
-154
721
-73
-266
519
-536
491
-842
476
834
-92
691
195
227
-18
-51
382
-345
-101
205
-351
-72
-216
-262
-169
320
61
-515
136
-460
165
-240
708
-290
60
429
514
-319
332
-370
-899
-160
-486
-181
142
-181
-907
-344
-15
-118
-17
-223
-453
-108
590
499
131
-748
-502
-455
714
-9
-31
45
-621
28
-507
-817
-148
210
108
-28
154
308
138
384
336
148
-282
738
373
256
116
-507
-194
-175
600
231
295
-8
56
659
719
-511
510
207
-534
378
-954
516
152
-49
253
1001
145
-282
-100
-122
-469
118
376
-494
-564
2
-107
707
33
50
309
-4
-189
133
516
-444
-229
-70
203
83
1180
1
124
98
-539
-189
-455
-60
-171
39
633
-209
-49
-157
388
396
117
160
-518
238
-257
-743
-95
-178
373
-573
212
-674
-71
342
-315
-128
-71
-311
22
-739
-661
199
393
222
397
-96
-553
-1012
-66
997
580
124
322
-28
219
602
570
475
206
623
119
329
378
298
-560
279
799
-185
-220
-742
-322
574
-8
-92
-888
-278
107
770
-313
386
-452
947
-36
289
856
195
-105
-526
-254
-61
-139
-530
48
-59
277
-351
30
251
-69
1
36
669
555
-392
-367
718
-78
-8
-248
162
-519
-286
-280
238
792
307
369
117
341
642
20
-20
-332
-132
593
-374
-308
-56
-155
-167
-58
377
-196
206
-163
-261
-361
-107
-170
438
722
-757
517
720
26
-72
-576
400
-218
-172
-126
-163
-160
-214
-411
796
71
654
-441
-1132
-26
372
-451
-77
8
361
241
-255
-159
353
-87
-39
-18
-759
-645
321
-177
17
-249
-293
-85
-419
-265
-471
-442
-429
-649
611
-382
96
-519
-327
-350
-169
418
-161
-487
242
-102
100
-238
393
136
-314
53
-3
-66
172
-246
38
-112
332
-592
18
176
353
167
-165
-585
1034
-145
835
-36
-59
-80
-428
-347
474
30
40
535
-740
-43
997
520
-170
185
640
-179
-240
112
156
-356
-613
-284
654
-458
-59
456
197
820
-182
-15
-568
-242
-306
29
-426
751
-285
-36
-908
362
-1113
-232
320
340
-262
-260
38
173
-185
-40
478
-750
-93
-19
29
-1068
664
-722
-30
42
-227
-126
-182
-503
-17
583
169
-54
111
100
-523
295
-187
-425
-672
614
-405
241
622
-117
222
566
320
-222
-411
644
-220
258
415
779
256
-9
-233
324
42
-174
-632
-183
-632
128
48
-492
-542
994
-612
-389
-102
10
484
177
362
422
-516
183
77
-568
-301
-602
-746
-414
-175
-529
-244
308
-80
-119
-348
559
-311
-19
-285
-265
509
22
-207
-421
771
401
-111
-257
542
848
582
-175
-6
260
256
-579
-577
437
-435
-112
790
-129
231
248
-649
-338
58
-121
482
680
-363
-378
-109
591
-536
217
-46
-146
443
78
-228
-627
-238
-457
473
-423
-372
409
-18
114
-560
92
372
218
266
406
-157
407
106
31
663
-97
237
-35
-175
62
-145
86
-151
-278
458
354
-621
22
814
-290
471
376
234
429
-111
-545
221
780
67
-121
-171
505
-60
-20
193
-124
288
2
255
-13
643
-571
-173
739
253
785
201
435
-126
-171
-285
114
-401
410
131
314
-266
-23
117
871
-77
290
542
-693
959
-281
60
-211
374
-42
-692
43
197
-679
92
64
1
643
-51
-523
398
104
103
40
491
-169
-431
275
-443
80
-139
251
153
-288
295
415
53
416
-1030
-237
751
-48
389
-55
130
442
97
-694
344
80
-786
75
-260
-841
-321
-656
918
171
544
-541
-567
338
-588
240
602
28
-338
-249
-577
269
631
75
-311
-470
-842
-543
348
207
45
371
300
-21
390
-694
228
-235
207
179
287
318
-496
117
363
-1152
772
-283
215
334
332
-121
-236
78
-9
-156
-666
-149
-86
-914
-814
8
-676
-411
-122
575
-345
43
-106
-172
-30
276
-239
163
363
466
-190
459
-406
41
-766
1045
-471
269
-72
692
495
34
-897
-538
42
-466
11
-113
-263
89
-209
-334
647
-82
215
24
468
217
707
-301
428
149
-720
-213
173
-230
-57
477
-28
-345
472
-13
334
-54
-233
1111
476
-424
-536
-294
-51
-396
-191
-598
-59
-269
354
388
29
497
-739
623
67
277
36
-525
-741
-241
-382
422
651
-284
-509
-49
123
-995
1028
-60
514
342
-196
-193
591
-537
-267
65
384
-2
-204
-602
-54
-47
633
-328
-135
-359
-420
77
197
586
334
-612
-504
86
716
280
173
-52
411
359
414
418
187
56
-715
-405
428
-71
-740
-225
56
-710
-12
787
-665
694
701
282
-257
357
-10
308
-172
948
512
85
-239
-88
-148
-79
-383
-308
356
-626
-66
-155
-491
-242
612
-237
-51
666
-432
314
275
-271
25
133
270
-86
114
-670
-264
31
194
327
-399
-448
-329
-363
-98
33
-717
-294
34
458
-128
-539
-323
209
304
-126
401
-286
-279
-477
285
-486
-711
-147
-190
-165
-126
482
-999
40
369
-545
-130
-385
294
299
32
-324
435
452
213
-53
920
-448
-639
-776
635
324
-680
174
-626
-33
320
304
-1038
-411
-97
302
200
-165
-323
333
-7
297
-216
178
-43
488
258
-416
228
-130
-886
-747
227
305
132
-70
1256
15
235
23
-292
598
355
166
462
233
-425
-571
361
434
-1101
-327
-647
-400
235
-589
-200
-84
-296
-32
40
133
780
-668
-167
-362
40
-47
-122
-531
102
-130
-102
148
-428
93
-660
404
-46
824
30
618
-395
-296
-469
-523
37
82
-435
-787
547
596
-332
-551
-419
-107
-459
-723
485
-72
-420
573
93
27
714
461
131
-59
-139
-621
-17
114
347
-739
-169
-227
-193
-404
690
155
576
487
131
53
-268
273
811
-437
149
-506
0
260
-477
56
415
95
-204
-269
608
-158
153
310
-557
872
-394
-64
314
-398
23
-429
168
145
1094
607
-398
142
-265
-49
26
269
549
341
-442
404
-201
-121
-6
-570
-464
830
3
808
58
290
-615
-388
-295
154
13
-677
-181
397
-269
373
666
-484
107
-421
355
325
-347
507
-371
82
314
-154
70
-414
201
212
-109
-71
-280
-347
-400
-5
-13
-234
347
77
231
321
-488
207
707
600
-73
182
140
-327
229
-844
-222
122
-149
112
546
-296
-349
321
-159
-403
256
-172
478
-397
335
-379
73
100
-209
-317
-707
-248
-21
-102
-217
-740
-241
206
578
340
48
751
106
615
-112
-145
-223
285
482
-144
135
213
-289
589
500
-351
-281
-147
252
7
531
55
279
31
-230
-545
-72
67
59
-408
-480
221
210
721
-69
-373
86
-333
346
-195
136
138
1130
-466
387
271
215
856
-753
-321
-561
-223
-724
343
5
499
1052
55
-481
172
278
-426
-460
-437
-853
-158
-668
152
-410
1091
11
12
-63
-95
-61
-248
-143
492
-590
471
534
746
182
-72
684
112
-721
-56
-562
480
-415
-42
378
-562
-120
464
210
179
111
148
292
182
139
186
243
742
-179
-170
-40
288
171
639
143
-1401
331
43
133
-483
-492
-81
487
-143
524
-353
-118
683
-216
682
-356
-293
-399
-564
-373
374
-88
399
-146
186
-249
-69
-314
-156
15
-127
-243
-257
-311
-383
340
-189
-337
-385
44
160
-10
-311
1071
-50
-796
349
44
199
-267
-333
218
103
454
-721
-293
48
-362
805
-1
-30
-953
505
-119
159
-137
314
474
-66
16
-37
-477
585
-212
-838
218
450
127
-851
232
248
-322
-615
988
-279
151
-482
-147
140
61
692
234
302
-317
-157
-677
-1018
968
552
287
-257
-750
-94
551
269
440
205
-149
-161
-891
504
-198
-824
158
489
-51
309
16
287
565
454
10
146
-39
-245
-298
-930
-496
-890
95
-29
-45
-17
-850
197
240
-113
-187
-290
-168
-1089
-113
109
47
-371
111
-47
91
-73
231
-81
434
982
51
-316
-515
-621
154
60
-288
-536
-28
184
-680
148
228
184
229
-22
110
-300
7
-175
-146
-77
379
-795
-495
-355
-377
750
500
588
628
-199
17
-354
816
-436
956
6
251
1023
155
-276
-215
549
-293
8
604
91
36
915
-564
247
744
-124
185
60
241
586
359
184
251
88
-571
-210
58
507
-1075
-74
321
420
-277
-51
-106
153
412
-49
724
539
360
-83
-38
-448
-116
-373
51
326
-468
258
194
794
-440
98
-398
665
221
660
-15
111
112
-176
-683
-53
-181
335
79
-338
-14
511
-189
7
-127
223
-456
15
-628
-234
83
-204
427
-312
358
-111
-371
-339
-181
250
183
960
-216
539
160
69
202
-73
-68
50
591
135
189
-197
598
324
-88
-211
-257
325
-179
-75
302
359
109
-303
-6
-290
106
-374
51
-401
-98
184
-103
-1090
-828
-48
78
203
114
256
433
32
230
208
535
-225
13
188
-521
243
-126
-556
400
164
442
140
416
303
766
-40
-125
293
-602
171
40
-223
476
48
148
-222
-281
-104
-712
136
-54
-209
-203
273
897
-304
667
-119
188
562
9
246
-489
443
-47
297
-114
172
302
-233
-138
-119
418
686
-998
-74
244
-445
60
-14
-423
514
128
498
190
-393
-237
555
408
-211
-264
551
-47
-310
391
-118
-807
-205
-220
423
-544
-616
343
-26
-603
-537
234
-254
-63
-506
-329
215
126
261
811
-480
388
249
-322
-221
-976
-999
107
-136
277
-440
75
-499
122
383
-99
33
-573
-31
-292
27
-595
-88
-184
-384
-423
183
173
-718
-94
200
108
83
-249
107
-14
182
-186
247
-143
-193
357
34
1240
-707
-326
426
15
26
-122
-438
-432
4
23
-54
562
531
-403
-23
-418
336
-210
344
115
-248
-181
-725
-248
-454
430
79
-321
62
95
-582
2
-13
-348
597
18
-678
-600
11
51
92
-294
444
-419
-484
-220
-214
106
484
-89
46
-220
-605
-1052
-138
-635
-667
251
217
-353
477
-534
-145
70
577
340
273
-524
-155
-77
-405
169
97
-534
57
699
-362
-233
-163
579
47
-410
-426
-521
177
49
-370
-647
983
226
-138
-79
-316
107
559
454
240
-76
278
-258
1248
103
-379
-111
576
37
-766
178
-561
-106
-57
12
340
62
-415
356
44
-174
537
-26
32
-274
57
214
-567
-291
20
583
605
-227
51
-58
-144
4
100
-192
-305
14
201
179
388
183
45
-162
135
61
-468
171
194
-135
-364
410
-477
885
-361
157
141
-92
-166
315
-149
861
344
-272
223
529
623
235
-528
-328
-700
219
428
-274
390
98
-558
-383
475
-39
57
-165
-151
916
510
-949
77
478
46
264
-49
-743
-716
392
-223
249
96
280
-404
-85
324
24
434
247
-74
441
-242
-223
25
-268
-442
-38
-6
-657
195
488
610
510
905
538
-86
-412
259
-347
-186
88
-160
381
1200
44
-354
396
-308
-303
98
121
231
365
6
10
290
177
-15
-5
448
195
-342
-130
613
-86
268
133
-79
-270
-193
642
812
-212
75
241
-15
342
-281
103
-304
-59
372
417
-809
390
-292
-20
546
-501
363
412
18
-131
437
308
224
-543
-264
-207
-113
179
210
168
-726
-48
918
365
235
75
-279
252
-696
-459
-187
214
232
355
-730
1278
820
-438
221
469
578
268
-106
190
295
-246
82
114
-330
633
-626
435
-152
234
-49
-166
551
-361
-177
-713
-414
-69
-623
374
-133
-393
-266
-481
-91
219
-168
141
113
84
-417
520
-30
-277
-243
934
235
-714
47
-169
306
-242
-484
82
642
516
134
-57
-514
458
-106
-125
3
300
973
-383
488
71
204
422
235
-654
389
-20
81
-382
-293
451
-799
307
-471
393
-781
428
-741
-255
-147
240
-246
25
283
157
167
-109
-163
-599
-507
-331
-402
-532
-495
380
55
1123
-593
-254
158
400
337
26
214
857
3
-812
-203
146
-482
-83
27
-406
-309
195
146
-746
136
469
332
83
-462
-339
-817
-109
815
535
-136
258
-456
392
94
-240
-60
-14
-406
187
-666
-45
584
633
-703
-193
-567
425
268
-642
116
225
-376
-895
329
-35
-418
893
-313
416
-616
-534
262
-257
551
-35
202
-447
-96
164
99
-209
-13
-804
-338
-344
-763
-389
20
11
11
-1004
-360
-115
214
315
-190
92
-404
-538
-431
583
-133
-591
-3
-145
-80
-160
-89
-301
401
514
-265
569
192
327
836
106
494
166
-673
412
317
-263
215
-122
-236
406
323
-392
-668
181
-253
-766
-38
-288
115
-105
24
-721
-245
30
-623
-291
330
-1
533
238
408
118
-73
342
118
-97
-13
232
101
-206
-266
22
-532
118
-2
28
-297
31
-358
-279
-151
199
-369
23
-384
36
252
1050
617
129
-347
586
184
561
91
-79
26
246
67
199
504
745
11
-225
-517
-892
-206
165
-25
12
-325
106
-19
389
34
618
314
287
806
665
-788
79
-134
173
-424
213
848
-435
-580
-381
-1178
-25
342
497
-289
-297
-361
4
-457
-386
534
10
-64
635
444
932
406
-526
-773
-899
84
243
399
60
454
-105
-21
324
-716
390
295
96
-765
516
-467
190
68
232
166
-42
191
-18
-728
372
268
607
-143
-723
-466
-31
31
-357
136
280
39
362
-752
-11
179
207
158
126
-457
-186
-149
-14
-34
-174
-210
132
-44
234
-341
180
53
-205
-267
-472
-202
182
-135
-143
-621
-529
95
575
-407
694
-176
470
-306
-397
-191
268
410
-242
534
409
452
432
-191
184
-400
-505
-609
19
-684
277
175
477
217
305
227
655
246
421
48
80
-352
-108
471
-231
428
328
-381
128
88
-134
173
-359
470
424
656
-100
53
-178
-195
141
201
-339
347
-220
-1047
-196
706
-214
103
112
70
3
-29
352
708
67
251
-307
601
576
606
-152
-43
-204
-140
33
122
446
310
-122
-405
-894
172
252
-636
-452
508
374
-579
451
-225
162
-848
204
187
786
-98
-27
-113
-412
464
-155
-210
133
253
-572
-330
609
107
343
61
-362
71
554
98
430
-386
78
-46
-706
254
-165
-123
373
260
-153
-242
-504
-284
-219
85
96
-39
358
-580
-438
116
133
387
82
367
-557
18
360
-42
809
-258
153
-555
-45
-104
113
696
-136
857
-315
188
-153
651
-166
-529
-174
389
437
67
489
388
204
-4
-827
766
131
-466
575
73
351
493
-82
-443
42
103
895
-598
694
-422
667
-658
359
-282
150
128
-29
581
-384
-250
96
-227
-647
-130
361
-419
-848
-298
-898
-469
165
-545
424
489
-43
-289
77
423
112
-506
44
185
-9
-562
829
-47
290
676
-79
-294
-550
17
121
-600
-111
-271
353
-505
94
-526
-497
-504
1
139
216
-883
987
315
466
18
417
-130
449
-919
116
366
385
-356
689
-213
129
849
-222
95
-260
441
237
598
289
16
-752
96
31
-235
295
213
432
-235
269
102
144
-483
46
-546
341
-268
1035
-200
-215
-394
-542
129
-372
-52
726
-266
771
292
356
284
47
193
770
408
-537
235
365
331
-157
-73
-83
-820
-76
-545
-22
146
-444
863
120
-510
-102
-504
584
296
145
-561
82
32
578
503
-441
73
-941
-128
205
-347
169
246
356
-222
411
-122
-680
-550
-516
258
-411
329
-124
-424
-450
-232
83
67
-163
-359
-277
-294
-779
159
-102
802
-740
-489
729
94
-34
235
-1031
365
-640
-496
-22
-176
398
-287
-556
718
214
453
176
-23
461
-272
328
-102
-101
739
159
307
107
-61
286
-347
-304
95
224
-470
23
191
-302
-249
328
-236
63
-237
71
-64
-76
253
44
-308
509
208
-81
-283
-212
234
-459
500
-889
-200
-385
57
-356
630
285
306
534
213
-1059
458
-231
-473
272
-17
233
16
927
-34
65
80
-389
-229
-328
-619
-105
-406
68
4
-46
-442
-528
138
83
98
-232
-256
52
475
-194
189
-402
-246
-206
202
-13
-19
-336
-400
-457
-62
313
451
-574
-946
61
94
808
126
-994
-250
310
-616
23
85
-287
1204
194
179
46
55
200
98
58
-141
741
876
305
377
-104
121
-370
-642
8
-142
-320
-943
-865
220
187
-656
-464
-87
126
-140
-342
1
-388
316
-266
533
725
-285
-689
-377
15
-60
-425
-635
17
-297
188
-45
-94
-372
-284
359
634
-571
96
-895
-149
303
-70
-249
119
-585
-50
-477
-830
-21
402
-266
648
818
800
385
379
-163
599
13
49
472
-579
72
382
363
-211
-217
-212
-8
-348
484
-102
-42
440
733
302
584
-379
351
-1017
76
135
116
451
310
-282
286
14
170
-169
-571
-1061
65
386
542
730
104
358
510
-201
469
-83
306
175
-53
897
20
-44
-69
-497
-106
-579
263
-321
-310
-77
-629
-246
351
316
-1228
643
-1241
921
-256
-83
-46
-728
28
86
138
75
87
-409
-463
-112
387
369
-278
173
564
-311
171
225
-66
241
-177
-569
-524
33
-280
-39
-151
-30
-2
-637
-83
-345
-98
-8
398
92
-336
79
-80
-808
-333
-243
528
-379
518
-691
-153
-277
119
-228
61
98
-201
-226
289
339
-70
-627
52
-80
-148
201
-139
-557
37
-478
-406
727
367
236
-167
-591
413
-107
-110
662
483
34
-200
-190
-249
-63
649
-130
-71
-827
-405
319
70
-24
-341
-172
-181
430
184
-447
125
136
377
297
-330
-508
240
-423
324
-26
-387
87
-336
52
27
-473
-294
-179
-275
202
-201
693
48
137
1277
80
62
90
659
-209
100
-245
58
355
280
313
52
6
-460
1015
-210
-52
12
352
682
227
-401
266
-273
-678
-226
-292
51
281
-23
-588
-5
-66
-71
-101
280
-272
917
48
-551
108
95
313
248
-339
-231
77
-285
-453
-154
-375
79
165
369
-93
698
-244
-361
571
-15
-52
180
45
348
110
-361
580
-398
200
420
-495
454
-226
55
-105
-10
-627
-392
-123
-423
44
346
-1085
286
222
-20
-293
-221
188
-367
-48
808
587
91
460
-81
-39
-610
-983
-7
-4
406
-272
339
52
720
-375
22
176
254
139
139
54
327
173
-37
517
85
561
-182
-367
421
-424
581
-179
-120
-643
-394
-211
-850
711
-379
-345
387
-931
-465
-96
-86
166
208
136
-424
-179
-849
95
60
-43
-175
109
405
-215
84
-319
-409
-329
-1141
454
-131
506
-115
-316
707
-275
-272
-145
162
-338
-606
-188
206
-1
-217
-27
38
281
-355
111
-147
602
196
148
156
-407
-328
174
-330
-316
136
762
-477
-60
-1214
-569
-127
-261
933
-798
321
-449
-77
487
143
178
456
114
-84
-11
-251
58
-381
62
869
230
89
-89
-131
75
88
170
45
580
272
37
-725
-6
299
-591
160
44
-39
623
-125
-443
356
160
-260
145
285
-172
-165
6
754
874
-846
-716
-72
-186
17
-120
263
-109
265
434
-274
124
351
90
-210
-433
-267
-688
881
66
395
155
605
-656
-461
-38
-657
-657
239
262
49
-161
743
-162
37
-20
147
781
-571
-322
-123
304
-189
328
-1115
-108
-289
248
144
42
-261
-135
408
-327
158
-1087
808
-692
676
-571
-349
65
-65
162
-358
126
-492
-276
-186
-775
299
-426
-520
211
38
-212
-378
-148
-730
-81
-599
50
417
438
-613
215
451
64
76
-716
-270
-230
445
-459
310
-43
-752
-95
127
-106
-667
-138
-618
-166
-748
-331
293
-285
-637
202
-46
150
-80
-157
-547
-531
472
27
441
-129
-216
403
-284
-336
14
529
584
-279
-61
-1101
-241
-296
36
-194
-285
98
-114
-541
42
372
-588
661
596
200
280
-74
130
-527
-116
-569
101
470
-574
399
81
468
308
466
129
75
-106
146
-273
214
-52
-21
656
-132
-380
-385
371
-554
201
65
123
-313
-344
-918
21
-690
279
53
-421
-561
-166
-206
138
-33
1212
825
364
-29
-547
80
637
-79
-92
-147
-331
-85
421
173
-130
635
869
310
178
-509
47
-462
-432
-125
684
599
-12
-7
-472
246
11
868
534
-10
269
-670
-383
-13
282
-609
-239
-149
-145
396
637
268
396
129
250
-114
-348
418
-280
409
379
581
179
36
-245
-222
-72
283
-634
-467
-347
305
202
645
1101
169
160
448
169
-598
570
-665
-157
103
-215
-704
-184
-176
386
-220
434
-120
-416
299
-258
-634
-152
670
927
174
-327
-378
-7
-397
676
113
-415
-452
-43
246
640
-305
-318
-28
277
-387
-482
121
218
713
-432
130
178
294
-460
1060
313
-409
637
-430
3
695
69
-114
-432
31
-282
-334
-212
-340
335
128
69
-758
-73
100
-105
-30
446
211
1
-90
-858
976
579
252
-195
-543
142
63
-659
-661
-212
-223
0
123
575
-206
183
641
163
-103
-508
-198
-183
-84
-414
-22
-35
168
76
19
192
-490
1
1003
315
171
-362
-283
-36
143
-598
216
1055
-107
-62
573
-461
-622
217
123
410
593
272
-86
111
-605
177
132
-176
-484
-702
-407
169
465
383
747
-278
614
-220
122
-1035
347
-29
170
-307
-24
179
-175
19
-168
162
-313
-6
648
114
347
-154
38
160
-1176
-27
153
-719
-18
-509
-353
-662
-481
384
-96
521
88
573
77
77
-348
168
65
-388
-331
617
-701
-218
94
90
280
266
141
341
128
-384
597
-10
815
4
-505
-253
517
-113
-612
-150
139
-803
-773
-625
533
7
330
84
-411
-607
-255
-589
-861
-629
460
-113
-144
-357
-252
-140
203
505
1105
105
-120
201
26
355
71
-32
-433
420
140
681
-258
-391
-383
228
278
-709
364
0
-20
272
823
96
385
118
-109
532
311
-101
-69
388
969
576
-833
-557
489
1
-606
176
-2
731
13
294
567
-534
-42
376
30
-462
-202
86
-648
-155
483
727
37
-376
183
-1027
119
512
171
492
-215
264
927
-95
-296
447
-234
497
409
-245
-351
181
-1332
-358
-195
-568
518
242
258
-54
-743
297
133
-225
-234
-371
353
148
-265
166
-685
-148
-21
-207
337
132
-439
84
-983
709
57
-187
-46
215
-382
-235
248
-192
421
-66
-627
-57
-565
815
47
-316
-13
392
-176
160
183
-462
-97
-278
113
-204
290
303
-323
-752
662
807
896
28
147
522
145
-314
51
-61
22
149
-315
-227
-119
-151
-159
-117
408
-41
-169
313
480
-502
128
-390
278
-209
765
-27
-26
-82
-362
34
-725
-280
-689
4
-780
92
-93
-130
13
165
-243
-538
-536
276
518
425
-194
-467
64
-48
93
188
-884
72
138
611
-579
-701
-618
49
82
110
-361
-673
253
694
78
-60
-379
-339
171
-603
-195
-429
152
144
99
92
-337
346
-426
321
-418
-637
-291
114
-13
128
80
317
110
-168
-172
-568
-153
282
-32
-89
-287
-60
50
-178
-395
-95
394
-151
117
765
541
599
96
148
128
-261
227
-424
-91
-359
394
89
-484
-312
507
-195
-140
64
-495
-571
282
-814
-479
217
-84
-140
-415
276
512
100
164
-609
430
-479
419
208
107
246
109
-23
-240
266
1005
-350
1
-100
24
462
-678
-405
-277
147
-307
-640
25
352
1128
-119
-706
-282
-536
374
-220
155
73
-201
311
399
-456
-347
-190
-126
163
382
379
-164
-801
161
-488
230
-259
296
213
239
-96
333
-326
207
14
149
-339
103
-260
-786
-426
205
128
577
228
368
-222
918
125
500
-6
-511
-598
-40
-54
-516
311
-41
733
691
203
-705
-331
275
-285
231
291
-929
-104
343
-664
340
384
68
394
66
-177
-100
279
363
-20
-278
-97
-267
-278
-26
-334
530
420
-458
-41
-240
-986
42
-442
-145
18
231
233
160
-168
409
99
70
-230
-761
203
798
-340
-211
-204
-416
-554
-731
163
-33
-501
-178
-175
-102
-415
-465
-495
-470
279
87
-531
784
-499
-83
-195
421
-900
146
-500
824
278
-56
-721
108
309
-43
-1
-681
267
-661
-526
-110
108
343
-574
703
-316
-130
94
-496
122
-273
141
-300
-103
-176
-455
58
-252
-125
-223
197
-48
533
-370
-1015
253
-163
-168
-958
229
70
127
142
115
2
-21
506
268
362
-92
84
-487
299
-43
-438
-163
-300
240
-376
-166
610
-524
10
-100
-36
-209
262
478
-46
-432
294
-443
-189
-9
399
-473
502
-303
-445
-67
-423
-106
602
69
286
370
235
229
558
3
88
18
-765
-584
1075
-107
563
490
-316
-98
-763
377
446
401
-466
296
-159
-157
-116
428
22
1118
-235
-365
-541
-110
-52
-45
565
-617
-288
204
82
559
304
232
-459
636
-137
-381
419
217
322
-512
-109
158
-368
-245
-305
315
708
-79
-103
805
357
-230
-72
392
509
-296
-134
364
-110
-218
-314
-86
185
-57
153
-160
531
-302
533
266
299
-364
924
-644
-841
-694
575
-1073
-535
437
-467
-636
305
-511
107
402
-164
-138
492
-501
141
-729
-256
267
208
511
-384
-230
-101
132
-283
293
-162
97
-148
217
-155
907
-452
-397
350
-74
-260
213
340
-386
235
161
-146
81
624
570
204
-176
35
127
396
-630
-425
-650
150
-144
830
-50
-275
131
256
117
238
279
-507
58
331
-565
-7
-233
-983
-346
827
296
316
674
424
31
-373
853
203
281
325
104
-137
701
117
-421
270
-177
-450
162
603
-526
-485
-724
317
-97
-244
-156
127
209
493
979
-577
-363
47
-237
-3
-282
6
-40
-900
-284
311
414
-33
-24
275
-488
-409
500
259
-726
-154
-927
-219
222
-442
180
753
-22
-435
406
241
188
435
114
-40
-108
-292
208
225
-1040
-563
-151
-48
151
-214
188
-6
244
-287
-116
152
-472
-907
1166
-310
246
-809
193
482
-77
-89
131
739
-787
722
132
-1103
892
113
-202
-748
481
-149
-209
-514
438
341
-302
20
291
932
-310
221
-193
-352
442
-592
713
-215
-342
127
196
-135
-439
-239
98
-406
0
-403
-141
-36
652
274
-275
48
448
-159
537
375
-189
-221
444
-41
216
-335
451
318
665
170
48
926
337
-366
-661
180
698
-193
283
-368
-9
-479
185
-6
245
863
606
13
313
211
-64
-406
-476
484
355
-240
-28
-462
-112
156
-274
-459
81
523
-89
18
-515
287
-560
-188
417
514
71
-213
-434
-342
181
125
580
-113
-104
-97
-569
-472
-370
233
-209
-224
-555
796
-12
160
347
267
-25
322
-368
195
6
231
-297
-413
-436
-284
1003
-412
-738
434
833
-1025
-513
128
94
20
-479
-195
0
-6
1201
-15
-249
592
197
189
-282
263
-111
240
-19
68
-758
924
412
-338
693
-401
-79
-278
-334
223
-223
388
-737
236
-359
-541
361
-440
-20
209
-262
168
323
-22
-238
55
-82
220
-381
-14
513
-66
126
285
-6
-385
-215
3
355
79
-195
-602
288
-679
-282
737
-464
-213
-72
69
-421
268
-392
466
385
-102
187
65
-413
-366
-378
493
-291
-328
115
626
-440
-353
24
-176
-317
323
-377
262
-19
-739
83
-47
240
-651
-339
466
-1345
292
80
567
-259
-136
75
31
-101
-345
371
294
-654
-519
312
-229
-415
26
17
100
-237
312
134
15
-260
-288
348
-593
-194
-508
77
104
-49
401
165
-19
449
123
390
58
-27
416
482
41
177
110
-470
-323
-454
69
-404
413
98
-195
500
-263
-191
-143
140
409
-240
157
-223
1199
-133
698
-741
125
260
479
-26
-164
-306
-119
-236
-501
105
-234
-369
455
-165
324
617
-6
-355
-235
-64
-222
547
-589
-343
-396
386
421
187
-33
464
-311
575
112
441
-251
144
434
248
142
193
-170
342
-554
-171
-33
-612
543
473
-619
887
-119
-767
231
535
-96
-27
732
305
736
-1108
263
241
-157
-473
389
-97
14
-781
326
-420
-22
-174
-807
-85
-4
-43
-455
-76
-371
493
-142
-1077
-295
255
63
-305
213
-82
-273
747
-560
-243
-364
121
693
257
-127
674
5
-462
-110
-656
-614
75
-542
-689
-124
-446
-220
391
604
42
138
21
292
-71
-280
205
-127
-345
-163
-1012
50
-382
-358
-16
363
135
-292
-859
207
-220
-42
240
-74
-498
-26
-286
-6
56
-771
688
50
11
-57
434
-106
-88
-427
641
406
746
440
-585
-373
-9
538
-434
-21
-437
781
-151
678
96
465
-38
-380
-156
-293
871
624
190
-860
275
53
-82
437
287
363
-203
-245
743
-443
606
492
414
329
-228
120
353
-50
11
94
-266
-283
80
59
-230
1063
-664
30
-211
-141
375
-326
209
-114
-618
638
-774
-686
-330
-400
163
-531
-256
-347
351
87
328
390
-362
-443
450
-310
-204
-96
-282
-83
-515
-422
-98
145
50
-267
-190
210
175
-360
622
744
-66
-607
182
-456
-526
-297
-155
160
504
-389
-83
-437
1041
-62
-399
147
118
-156
-174
-712
785
-252
527
536
40
-462
675
-194
313
-340
-1337
-281
-98
179
-30
305
359
647
-1005
579
-698
-156
-319
-235
-321
-766
-150
695
-84
-227
-118
-143
-48
-327
206
124
639
353
-177
168
-704
207
882
413
68
41
790
58
249
46
-670
-598
-179
-367
19
213
240
-94
613
78
60
1226
-147
-503
982
-20
-289
-83
-212
241
86
263
214
435
-18
-76
-87
-119
268
7
-417
-626
681
278
107
-114
-247
-162
-417
-292
20
-362
-510
434
-142
263
-168
171
-482
-103
-27
68
88
81
129
36
-110
-779
-109
73
556
119
296
-266
978
246
354
382
24
1243
-173
45
524
746
-501
-479
-175
-817
477
54
-271
-88
-496
222
115
1099
-107
-274
-134
181
-186
-355
622
689
-821
-467
473
-110
-475
-145
-191
153
-259
845
958
453
-579
104
-14
41
-507
114
217
594
-363
1068
-133
17
481
-451
-824
-252
-30
147
-211
36
501
336
44
-49
-97
44
-182
76
-27
-224
-36
135
219
354
384
214
419
140
-26
172
-80
154
-393
-498
-482
852
-152
-334
184
269
414
135
-233
156
434
-165
355
605
-252
-237
-362
252
241
-77
145
-13
107
-455
-294
197
424
876
112
-375
-324
-224
-435
293
-217
524
764
-327
-451
466
-166
-14
-355
472
-486
33
143
270
-20
-363
634
181
-212
-395
-403
931
119
270
-639
-88
5
673
-649
265
-742
822
79
133
-453
285
-510
299
-58
128
12
51
-167
131
-243
40
86
-44
-402
-368
313
734
51
696
298
-220
402
1183
-166
-681
-359
137
-198
-43
230
-129
44
-204
418
-253
-382
-125
-566
-469
-394
-914
-493
-132
-187
-74
-105
346
404
-529
-406
63
505
1006
372
730
-49
692
240
270
-34
-465
-299
-297
-48
517
-427
401
626
61
636
-319
-144
718
-9
-314
531
-59
-35
-55
52
946
-136
760
270
217
-372
732
5
362
546
-401
-20
410
594
267
185
-573
-326
-172
83
906
209
-551
226
288
-220
-40
256
66
740
249
-138
723
509
99
531
145
-40
102
354
-496
-51
-410
24
199
-551
-416
335
-319
-211
-304
-318
50
-243
148
31
-389
-212
328
47
113
-386
-93
-768
-578
540
375
166
229
-323
-77
-247
-735
-128
596
-59
171
198
385
-347
321
-412
-150
27
273
-397
-440
-132
126
-35
147
-26
637
-477
249
292
-12
270
90
402
-12
-227
-232
658
-92
-144
-99
-332
10
-120
-252
707
-12
-282
190
-262
217
-717
931
242
573
50
-623
36
-236
-67
231
175
-540
108
-155
348
307
-55
448
-335
382
636
-390
-461
-347
-477
-557
-583
226
12
-557
-533
186
3
-122
-534
93
-267
-215
-390
207
-220
120
-169
-245
-410
375
-507
-277
-690
-225
-408
44
52
-121
517
121
171
-12
533
-115
151
213
149
-44
-838
304
-310
-590
-920
148
42
183
-358
451
-603
-140
838
-426
337
22
700
466
-11
-68
252
359
55
-111
-511
-576
-223
349
-250
295
-45
-125
-136
-226
99
469
-915
347
-321
407
525
871
37
-236
318
-631
169
88
104
438
167
-54
-273
398
-115
14
-25
261
-339
-201
-182
-130
-561
350
-763
-865
-170
-678
14
432
221
776
922
-751
-78
203
-460
-335
702
-93
-197
-269
-144
688
616
-68
-166
94
-245
125
-225
315
-12
547
40
-48
87
-325
-26
-47
-666
-647
562
-2
-86
-77
447
97
-148
4
268
-220
226
-125
-68
540
-887
-344
559
775
-411
-141
208
-584
223
26
245
-626
237
463
455
338
-684
-87
-331
100
529
-278
526
371
232
-53
188
210
-546
-499
-1190
-41
114
-449
-728
-177
9
-5
-101
-66
-36
-470
498
450
-397
507
-117
-637
-361
409
602
-367
142
39
138
343
-613
-57
346
267
223
-314
1292
420
-103
457
79
100
209
-335
-742
241
46
408
350
-224
118
-315
-749
-325
-422
-99
628
390
10
145
-197
-153
-277
680
-756
377
114
-558
-171
505
-289
263
-22
-638
-70
63
526
554
-187
-263
397
-15
-28
79
185
395
269
751
-379
-637
478
-584
65
-114
-240
527
-26
468
530
-284
173
-434
119
715
193
-217
-177
300
146
523
358
384
-102
-35
407
527
267
286
35
314
97
-528
-149
-334
-52
-293
-287
-367
67
-272
142
518
547
54
-102
247
179
140
284
-712
805
-480
-172
163
73
632
262
-538
21
-612
331
-175
-1065
397
802
-951
-295
489
-427
393
94
-186
142
127
-337
-28
555
-159
412
52
-146
-310
778
626
-36
622
121
402
97
-51
117
-64
-157
-807
678
42
280
189
-271
-272
-92
225
1079
556
247
350
509
-102
622
40
-70
311
48
20
136
-369
-365
-567
-134
-54
-41
-23
209
384
-114
-216
597
-126
368
-412
37
-987
-230
306
-87
983
-62
30
-284
455
-665
265
-515
231
116
884
761
-25
-297
200
51
-414
-152
539
62
399
824
195
-275
-471
481
-148
510
403
-191
-141
532
-416
54
-295
-501
-586
-66
-758
-671
1208
-67
358
-476
-392
74
239
-440
504
-457
260
497
8
-126
-215
90
-248
-331
277
-189
359
-36
-442
54
-121
2
492
-42
746
-31
324
38
341
-107
360
-440
-123
-396
543
-369
-85
304
-629
-160
314
152
-93
390
-750
369
777
-635
-303
-331
152
-1207
81
782
-280
693
-292
-638
232
236
302
-403
469
145
61
-126
-437
168
-634
71
-417
-6
509
-448
57
542
681
-189
-741
-376
45
49
-279
435
-519
-30
-247
619
255
-383
-168
-924
-215
-30
-390
225
-637
-299
-435
313
523
327
-347
-183
-79
33
-2
139
-304
-264
353
591
208
-130
137
-531
-668
-315
475
-154
-150
88
-239
-21
367
257
126
-1
390
12
161
-86
540
-421
74
-159
257
432
-620
45
117
359
-42
311
102
-247
-204
-79
703
-374
736
-321
152
520
-43
-214
151
-122
85
337
23
10
203
-614
487
267
-61
1088
-223
-106
-163
303
-112
-509
-58
-138
-203
-233
-300
-104
-664
-328
-199
-345
-459
296
405
-37
-416
-848
-534
26
520
-392
-381
-205
-183
66
-732
-47
724
-556
-322
87
73
1056
-77
529
28
291
227
131
-117
241
-134
560
-309
148
14
-458
-184
582
685
-259
-957
85
-299
289
4
-45
-30
124
-399
-42
-571
440
-893
56
795
135
-399
-408
367
61
62
-108
433
117
-541
129
193
39
-128
44
132
-765
-9
-551
-30
-152
240
572
-5
-387
601
-124
449
-422
314
-10
-367
43
-308
316
-248
112
218
134
-838
-425
-139
-65
819
284
105
-1022
-120
82
281
-478
-354
356
-261
-171
-68
95
207
-646
268
-263
352
7
221
79
40
-405
-78
-890
209
-644
-744
-321
-158
90
-887
344
-259
231
116
-528
180
426
-757
137
483
497
-483
128
230
-250
643
131
-63
259
286
-375
310
277
-599
-177
255
270
613
54
-114
371
-341
14
27
-77
-622
379
396
-391
-84
184
596
24
-62
1
-478
303
-106
81
161
456
-179
485
218
479
206
-425
77
-38
6
-742
503
-318
-18
187
-140
389
-609
-25
-330
-39
392
744
-233
-161
333
373
65
-182
-319
126
-366
-307
-75
483
-399
-358
-557
132
-266
-134
-71
-118
344
-316
-397
630
12
-54
-401
5
264
109
-41
215
798
163
143
174
627
-224
-100
35
224
253
158
50
449
791
49
-321
194
476
300
-95
-730
82
-425
-99
-730
-171
67
186
175
-470
-189
-238
-588
-221
-156
481
-513
849
157
-236
251
125
-263
390
131
270
-1006
397
-114
534
26
-180
23
226
-47
46
967
-357
615
-519
-450
8
110
-142
-691
665
-27
19
-71
-158
-437
131
173
-421
-30
392
294
-518
696
34
-949
-645
279
42
-225
300
-452
320
61
182
-59
359
-149
-574
-443
-79
-42
-412
-87
-128
-562
279
39
-35
266
253
-600
-301
-96
511
-488
1391
623
204
532
-113
219
-343
-282
-166
235
106
1074
-316
-655
770
461
829
323
51
640
161
225
281
127
498
-219
603
83
-433
202
-360
-179
89
-48
265
-43
551
185
187
182
-240
-638
-151
-159
-195
-412
212
332
303
276
-352
-388
437
363
6
-789
2
562
-484
53
436
-117
-53
-6
-14
-867
-293
155
76
-215
484
-174
-112
256
-438
15
-281
731
234
-102
-19
-598
-289
378
-283
41
-574
-92
163
163
-381
-275
-395
117
812
765
-515
-167
-177
0
201
-357
-23
194
261
-722
203
124
-545
722
-394
-444
-563
-420
343
104
-187
-150
-442
-309
-157
781
-326
-216
-13
208
-52
503
397
-484
-396
-101
-241
813
703
46
-595
-203
-178
-478
438
97
209
-528
168
390
13
-276
189
297
233
80
292
178
-169
272
675
74
570
124
416
447
126
470
123
-49
-441
-862
-5
390
303
-87
-30
-419
-148
0
-253
649
154
-97
-379
-145
234
380
-572
-647
-391
136
51
-22
230
557
-9
-187
-565
554
-229
-558
49
-630
239
-222
-683
58
-275
458
45
-298
65
-825
514
-141
139
158
-297
-7
-301
53
61
559
155
56
190
-884
262
-401
272
464
-66
-45
-75
-38
204
-317
-140
140
-169
-235
709
-375
-873
105
-635
-264
-911
-353
-865
623
145
207
19
-711
-281
-242
171
-95
1017
-140
676
295
287
552
253
-231
-152
113
108
-315
283
-259
-85
228
-18
126
-23
32
-52
243
-625
163
144
631
-15
294
-571
129
399
-553
-177
-204
19
63
-334
-53
-283
-188
874
-637
116
-305
-160
-195
256
-24
879
-756
1
-596
353
-205
-99
315
332
357
-489
237
51
306
294
134
-396
-71
-249
-346
188
331
1105
3
199
-445
81
-663
-181
-781
626
-67
-757
289
-519
364
-212
-515
104
-241
685
-158
-344
383
247
262
457
636
281
441
274
182
488
5
-185
366
500
314
-828
-353
159
-263
310
259
-562
-8
1161
-598
-534
215
712
111
254
-236
-618
-303
-293
257
-198
499
610
838
268
361
678
458
625
204
392
-175
-81
377
-937
249
793
240
200
177
-1213
242
-293
326
-218
743
-411
305
-155
-630
-712
228
117
880
-489
-377
-487
-196
-146
-97
356
93
-694
55
55
196
-277
138
584
900
634
180
-297
-566
-217
978
-53
-426
-415
553
-346
727
213
-176
-467
-401
46
835
-75
-189
238
101
-27
-344
-256
-349
398
-199
178
-155
635
-507
355
216
177
-519
751
109
-103
-78
220
90
104
468
-483
-327
227
363
-320
405
-34
32
-91
-147
46
-373
-208
-266
551
-164
7
-336
-251
1043
585
-21
-644
27
-1585
144
35
131
187
835
-589
-531
298
551
-442
-540
-353
-417
84
-591
-620
-136
-623
380
543
203
-226
10
-63
75
-276
229
-14
-88
-203
149
1031
-642
-309
131
80
-171
-838
-299
335
165
-182
-300
-224
-241
252
-242
190
60
-162
-19
-163
-655
48
-44
-70
18
627
387
-129
627
638
-486
-405
-724
-256
119
372
91
-155
-15
-638
588
104
935
-71
534
-737
-166
511
-174
15
1073
-255
-266
307
-631
64
-24
-321
18
-280
-78
-62
229
534
328
273
-1085
339
343
-177
365
876
335
-393
-456
-548
348
-282
-215
877
78
-203
343
84
74
1316
82
169
422
-111
226
-123
427
-319
261
188
59
-364
-419
-171
363
-183
253
-324
-285
-320
-134
304
47
-605
166
41
-284
681
-53
325
-24
112
16
-158
-458
729
629
77
-630
575
249
-9
84
-598
313
-415
21
-253
207
-566
311
298
-133
-657
-121
217
-656
-34
-475
262
235
10
326
-82
39
-349
-137
-100
117
-114
-457
-77
572
382
792
-62
-751
-150
156
-398
-114
-142
796
-332
423
457
612
-224
61
-243
-707
218
-338
290
574
634
-7
-244
-481
-194
16
-445
-285
-37
207
-468
89
179
-324
-243
527
816
-294
205
-501
-224
568
793
-12
-192
-233
126
832
480
103
-163
-132
-554
-247
319
328
-237
-406
-58
-433
-310
85
724
502
-35
-604
203
-291
100
315
141
-267
-166
308
-8
-4
308
335
4
-199
-82
440
-672
26
-609
384
-512
268
130
-49
1088
-86
538
218
-1014
184
419
561
44
635
-198
-782
-351
472
-71
-185
-669
169
-485
-870
195
194
-205
-252
-24
-27
403
831
-387
-888
257
-273
-755
91
67
389
-205
-187
312
805
321
-710
195
-835
925
-19
549
-144
-774
-400
-4
676
100
-3
-158
238
-285
805
768
-339
196
-651
63
456
96
158
-157
528
284
-643
-670
-105
-173
287
81
-481
-193
-75
152
409
108
151
-128
473
-621
-176
-367
218
149
-795
-632
305
307
-226
-454
267
-502
779
-206
457
9
789
-335
359
-330
-138
-224
-345
112
-431
-50
233
51
-399
52
456
-197
-235
373
-184
-356
-189
-24
-486
327
546
417
335
98
654
76
-136
127
479
-144
218
355
-198
229
-159
136
40
-183
-151
575
117
435
-230
-201
-192
-110
-510
-80
-521
149
-133
756
-329
-712
281
101
180
-70
224
921
-306
-642
-396
-188
-21
-260
-233
84
-601
263
-206
-461
-417
-368
-361
-92
-359
16
62
-547
155
202
311
272
321
288
374
-11
-103
693
442
-372
386
575
115
-287
-245
1092
-828
-741
42
-283
530
-157
-54
-307
324
117
-65
-75
-449
635
-140
239
113
-771
-163
-90
990
24
-15
438
-111
467
329
377
-3
-147
254
-320
-123
-286
-632
819
-34
-340
-262
139
7
-54
-519
-34
-331
-504
297
-667
213
16
328
698
-243
523
-272
313
-747
73
21
322
-266
-475
39
173
-47
203
1078
228
-338
-68
527
510
-372
439
401
-129
-243
205
420
694
-159
-84
425
34
63
225
193
-416
-364
-32
446
-913
147
336
441
217
604
-407
-165
-390
-313
2
113
161
92
161
657
-357
624
212
-414
66
-274
-103
100
44
-190
-342
283
662
901
91
304
-533
-722
-1039
-73
-600
-68
52
-260
-184
427
-285
-219
565
78
147
110
-112
135
-494
-100
-360
265
717
182
-598
-714
-927
-77
108
-418
-303
734
-348
-60
46
59
190
425
-171
-26
589
-534
273
23
921
-145
-424
-512
-749
396
-259
-567
318
-206
-360
-384
-997
-160
-168
-338
-243
737
-541
37
51
449
-484
299
168
148
722
326
-659
-140
-455
-11
583
-163
-214
-111
21
-380
198
-123
445
622
-415
-84
-761
-187
124
-23
313
-586
118
524
-802
-82
165
-620
-98
-692
-221
-449
-316
-322
-462
26
285
343
322
-112
147
-4
471
-93
-444
-125
174
659
645
179
-343
-821
-466
299
-253
536
-28
421
129
260
437
767
621
149
-57
414
387
-76
-201
-357
251
763
-243
45
-673
372
-508
-77
-194
-117
124
-130
70
45
-198
-532
531
-259
652
506
587
-525
-49
-317
74
44
372
-329
232
772
464
3
-64
324
-6
-198
-62
-343
-348
594
113
-535
-530
-774
490
-552
398
361
75
-76
-412
587
191
461
25
675
-589
-519
-15
983
492
61
78
-233
484
337
216
215
278
304
-280
93
161
228
-500
-145
-179
-166
154
-641
-664
328
87
506
-287
-322
434
92
352
134
-431
340
-549
363
-598
-583
61
233
-282
89
-259
70
-290
-225
824
-507
230
134
-285
434
129
123
19
-488
287
192
-253
-110
350
216
375
578
-306
14
76
731
-421
-123
-385
512
75
-181
-76
-71
833
701
-147
164
-49
564
-216
-289
-142
150
926
-569
-231
-104
137
-106
4
74
260
-184
535
-370
308
361
-46
-173
-270
898
457
469
-98
-499
663
162
-154
-214
408
-556
-668
-295
-656
432
179
359
-397
-655
-21
892
70
661
-234
-119
381
-210
-74
-162
-707
-418
330
-89
536
-91
-748
-184
240
26
-892
-188
-59
469
-205
75
309
170
-326
419
-104
-60
-182
105
408
699
151
85
175
41
545
600
143
39
-72
182
516
244
-221
-36
-189
-102
106
736
99
427
-549
1012
-133
-941
-91
2
-290
-219
459
-269
13
-424
-431
-304
-358
-570
225
-441
261
-192
88
-210
524
-122
326
-853
-417
263
-35
-174
229
437
-549
115
-473
431
189
269
-225
31
-518
350
99
421
-117
619
-609
265
254
-42
267
-111
-64
-95
255
410
840
911
-375
87
533
-477
-665
-719
207
439
49
83
260
-679
201
978
-410
307
-276
-641
-386
220
569
177
-227
-54
149
107
521
76
-218
-282
368
308
131
250
202
667
-129
233
206
-219
269
13
161
545
104
-31
1035
-872
38
-468
-244
1319
-368
4
-63
415
397
-777
-467
-137
-202
-152
499
299
-181
-190
353
-573
-571
-371
496
-42
405
577
286
29
-199
189
-73
-355
317
124
-350
766
-488
-217
-254
-154
-493
134
946
-384
48
-370
-251
170
-156
331
-202
360
84
247
-31
164
205
-275
255
-476
430
-334
-121
-286
-14
-483
297
-702
-169
-294
-191
-1008
-581
-200
-345
401
-829
-69
-42
264
-191
-211
-297
-159
217
-218
450
434
-381
446
-177
-356
-384
-1034
220
187
153
155
-415
-976
-267
194
734
-602
297
-257
328
239
66
-242
-825
246
101
174
-204
400
-78
337
-522
-470
22
-246
826
323
253
127
-218
228
-316
750
-251
-371
201
121
294
1
627
-713
-55
43
1066
-891
361
447
-245
271
815
-571
-195
-225
-144
136
499
77
-35
230
378
-420
-358
-197
174
-486
-87
158
-227
-130
272
-95
-327
539
-218
796
-33
-348
-119
54
144
-136
-1239
-511
57
175
519
39
1046
257
-248
242
-36
-113
-587
-572
-16
321
-335
-118
119
-525
310
1045
-61
33
235
-18
1
836
-1149
-225
151
-284
239
637
-410
402
-530
495
-79
-284
528
-90
-312
32
139
-109
440
309
-321
-76
-171
59
420
-441
-59
70
-400
116
526
-609
-456
459
-109
-221
-38
355
325
8
259
265
-144
84
86
-337
-325
391
-292
45
96
-203
-284
81
211
680
161
-30
-436
159
-364
670
382
582
862
7
347
-645
237
334
343
66
-214
-159
-750
306
712
327
-480
376
-747
364
534
-178
-129
-95
-94
-381
171
-185
81
-562
-124
111
-612
-454
-1092
164
168
-129
-285
185
625
99
-479
-145
565
56
33
-360
275
140
431
-82
141
-546
-242
253
-128
264
158
-1156
406
121
562
-55
-675
-237
-580
-704
774
289
-272
754
269
59
48
-351
-33
-43
-305
304
-407
-320
85
-218
-403
143
-178
-21
-402
88
-4
152
-184
563
955
-422
-469
-280
563
187
486
302
110
-299
-702
-371
-26
513
169
4
342
-121
44
-693
426
778
47
-124
720
955
152
33
-509
-1265
660
375
1436
-626
-353
-249
-286
-313
-899
-6
-163
-181
16
-231
-293
-119
-385
498
408
212
22
2
-23
54
-73
81
-740
-235
596
-76
186
649
95
915
-170
487
-476
55
233
695
-251
85
-168
406
-214
-425
-439
94
-72
398
-661
688
-163
770
495
250
289
331
-284
-57
-561
105
334
-36
-513
232
87
-424
-212
-32
186
158
172
-187
-211
10
-449
-73
-634
104
-701
180
438
-152
-298
-260
184
209
139
315
339
-633
385
-73
37
130
55
-32
152
-473
-193
428
453
-618
33
-585
172
668
-197
-445
53
-439
511
-254
-127
-50
306
-128
-473
446
-252
458
-38
-225
-114
1018
-162
-239
67
307
487
-697
-504
402
15
190
418
-242
-200
-316
-504
323
-728
32
455
239
533
-304
-64
-11
366
-221
-423
-230
344
3
60
-46
17
-603
354
-305
397
-98
-232
-343
318
430
-285
-255
-772
-272
523
142
-117
-113
325
-620
-587
382
-425
162
-406
715
148
-49
-468
834
449
110
25
-244
160
-83
43
5
333
411
383
-431
-388
394
394
-38
-207
266
107
-492
-542
65
123
-451
-980
253
-362
-31
-237
-183
38
-882
44
-255
313
-103
-58
-330
-250
-404
564
413
-96
-302
-270
-486
-349
42
-288
90
353
-667
-437
-130
-61
-338
-651
139
15
265
119
-380
-693
-95
-57
94
312
-384
367
617
-142
71
2
564
-469
432
430
-553
301
-326
-52
497
178
100
433
-239
181
284
101
343
-386
54
-289
317
-178
20
389
-10
87
329
321
331
-186
290
-503
-639
-344
-501
-194
-236
-114
-248
518
254
-442
159
-812
57
259
-143
-286
-270
757
-516
-54
378
-109
-228
547
-110
-109
232
328
436
-214
-183
-39
-292
-651
57
-680
761
10
244
-207
152
-171
590
152
145
-126
617
-593
-440
-155
234
-125
777
-31
-417
-215
-208
162
-395
103
-206
144
-287
-58
-75
287
-312
261
-83
-476
535
577
-110
589
-240
-134
436
255
67
-5
127
-349
-450
778
-719
690
240
-301
239
-138
103
15
-780
650
47
-242
78
158
-14
-178
-540
-18
-33
-95
-614
362
-301
610
437
-179
236
-173
-542
-179
254
-52
790
-342
-536
66
-720
-402
1030
-334
-292
532
-85
-341
287
79
-540
777
-613
600
-147
-565
-276
546
403
296
202
286
82
-172
-263
334
-502
221
-587
326
-440
-23
-291
221
-1206
304
-132
652
-393
-269
-135
302
718
41
-385
143
-130
314
-192
-66
191
-15
-214
366
262
-150
-246
-191
31
330
23
502
18
-275
75
-1165
433
7
804
-346
-17
-25
204
-244
-278
-776
-387
-76
-342
136
138
-90
391
248
-451
-367
-446
-178
476
-46
-248
17
-305
-371
86
-617
779
-17
-208
518
-218
-349
318
-170
-9
-558
-704
334
-727
630
534
-75
51
-175
65
-221
275
-500
-244
-323
-286
-172
-199
581
-95
-41
315
-294
-122
-374
-497
309
640
189
701
-210
129
-262
-40
-24
-322
-189
272
-203
-259
511
276
101
-547
179
213
-136
419
-503
-137
195
386
354
697
-443
-31
421
-251
-397
657
-138
256
-373
-40
171
189
-265
200
615
-340
-93
-112
-393
659
452
-506
-493
-567
-167
25
599
-728
194
28
306
271
49
-321
-823
433
219
509
682
241
516
73
190
-486
-254
196
279
-472
-49
109
-445
195
-137
-85
-86
-16
-550
208
-545
-631
-62
130
78
-904
278
-372
-10
873
9
709
351
-1257
-113
353
30
495
64
107
-905
-421
-124
163
-22
-677
160
-265
98
-87
-309
63
-43
-77
-418
-155
-1140
15
145
-67
35
-608
-177
-6
372
355
643
-190
20
-307
565
-68
-228
194
715
-493
221
376
-636
361
372
-614
-444
-65
-83
-364
-169
508
-781
-439
644
-129
15
64
305
-139
77
-25
604
-266
48
54
143
-300
-131
52
193
199
-42
-448
-876
-435
-151
91
-212
-41
-191
168
77
372
-297
237
325
303
129
536
510
248
531
-454
-327
-208
35
193
548
-244
-104
-61
438
-123
119
-648
-140
524
-329
220
188
364
1115
240
532
197
182
494
-258
-327
-27
206
-237
474
368
135
186
-242
24
120
-24
-718
426
485
-105
330
150
118
45
198
-446
384
-653
-40
-758
347
-295
361
288
314
-244
-436
27
-107
112
-53
-241
-71
377
311
-161
-81
-307
-533
-532
162
-270
322
-333
-89
-335
-308
505
-477
38
300
500
309
-856
185
240
-435
51
-442
-196
-738
-129
-248
31
130
169
-391
331
26
-457
-175
307
361
-412
547
-670
29
280
-127
123
-9
-66
-518
406
102
272
449
399
27
-254
-330
-754
-418
202
72
-543
442
-75
448
-12
-466
660
-19
98
-83
-448
195
400
391
-468
427
-376
31
-523
-420
254
-513
372
50
-776
-391
-44
340
165
-183
-807
171
-61
496
237
-97
194
118
-324
236
495
-664
4
131
137
441
-16
33
629
46
337
52
-194
193
403
558
446
-612
-390
-426
423
-356
107
-416
-685
454
-486
356
791
267
498
200
130
597
260
-464
-376
-324
315
-358
-136
-54
-422
958
-12
349
115
181
468
-22
-31
496
-48
209
-329
-292
44
519
439
-79
572
-398
63
653
373
667
-15
49
-514
-365
391
370
-263
-539
-387
357
-224
303
38
344
-560
167
-132
-635
263
473
-354
-85
178
1009
-413
-32
146
440
67
173
164
41
1184
90
-118
101
77
-475
-128
132
-69
-332
228
170
211
136
-691
-82
-252
-809
148
-387
413
-628
17
-1
578
-322
-242
-597
367
-727
529
250
-220
132
-180
-68
509
-14
571
171
-281
-237
-541
64
206
531
219
638
-188
-567
-515
-27
755
638
-1667
221
-1005
-522
-534
278
-296
309
323
-8
-378
282
6
-56
402
-102
450
178
-203
-172
-280
566
-1063
1024
-100
-726
-22
-308
-420
85
-188
178
-398
74
