19 75 400
0 6
0 13
0 14
1 8
1 14
1 15
1 17
2 1
2 12
3 6
3 7
3 9
3 14
3 15
4 4
4 7
4 8
4 15
5 0
5 3
5 10
5 11
6 10
6 13
6 17
7 2
7 14
7 18
8 0
9 1
9 5
9 10
9 14
9 15
10 2
10 5
10 8
10 14
10 17
10 18
11 1
11 3
11 9
11 13
12 2
12 3
12 7
12 11
13 3
13 13
13 16
13 18
14 7
14 8
14 11
14 12
14 13
15 5
15 11
15 17
16 0
16 2
16 12
16 13
16 14
16 17
17 13
17 14
17 15
17 17
18 3
18 9
18 11
18 15
18 18
10
1
16
54
69
31
65
18
36
61
66
19
6
42
20
51
12
21
26
59
22
14
71
37
0
11
13
39
50
57
72
47
44
52
46
70
41
30
38
28
27
3
64
9
17
43
32
56
4
53
5
25
62
60
73
49
33
15
55
23
63
35
45
40
58
2
68
8
24
29
34
67
7
74
48
-50
1173
90
415
289
-154
191
-4
81
546
41
518
378
486
-82
346
-559
269
-482
158
-10
-117
140
-900
-426
-642
-39
-169
-162
-82
394
292
109
291
321
793
-105
-725
563
398
350
60
-248
-502
-190
-148
30
-42
-347
-381
-255
193
18
-553
116
-245
41
-124
230
-257
-337
-159
1001
-145
-760
41
659
644
684
594
-306
-135
292
539
35
119
232
94
-543
-75
67
107
-262
-468
-305
977
233
91
-160
-308
-342
383
-9
-201
192
-3
-602
276
108
-379
-192
184
328
-193
904
-122
386
-378
96
-328
-1140
492
621
-411
239
267
101
178
-138
89
116
240
-143
152
138
-448
91
-166
375
-246
-250
452
582
-176
596
181
248
-739
254
357
547
-754
-625
-770
330
145
-12
198
384
-506
285
497
392
476
398
-396
-206
722
-68
-838
-636
85
-316
-145
503
-1271
-39
337
890
-86
405
427
198
262
-522
3
-133
-192
125
246
11
163
-803
1027
467
673
-375
225
-110
-813
395
157
-109
-325
267
177
-688
-95
-41
142
-331
-301
-37
73
356
-265
242
32
-674
115
9
176
-282
704
111
-27
-277
-85
-81
-902
-459
-226
-85
-8
111
-505
125
626
278
843
109
-375
-531
346
-294
-452
398
352
-604
-360
-229
449
-133
29
719
394
-136
-383
-953
65
475
89
-92
76
-477
320
10
481
-393
147
145
-361
158
-192
-227
108
-1111
-1047
48
631
350
-430
396
380
-798
258
469
-424
45
-36
-416
-666
-562
616
452
-756
201
414
-2
26
-65
-254
429
-76
-346
-736
-101
211
64
282
683
-286
0
-123
-220
-279
419
-898
-285
500
986
-53
-536
350
-635
538
39
-326
-107
219
410
108
341
871
67
15
-785
75
64
-15
-146
161
295
-403
49
-707
-97
-326
198
657
33
109
396
-58
300
-40
-121
13
-577
111
44
620
-246
85
-169
251
-133
228
-37
311
218
833
-587
14
-337
429
-208
-18
92
-250
-127
-139
-781
-41
55
-127
-862
156
103
-364
-932
-382
42
478
-323
-40
-241
-3
312
40
36
-45
-19
247
-100
95
137
-141
-599
-114
-593
602
-389
176
390
-703
922
534
-456
146
212
58
78
252
147
632
138
372
433
41
-121
447
-674
108
196
-401
130
-140
54
7
693
-102
-446
-403
170
513
-100
312
-58
229
-469
-457
254
-438
-162
-223
-162
475
-616
22
-1095
-82
-255
642
-34
156
181
-675
242
97
828
-290
-772
369
-318
-131
537
383
150
-35
-264
-571
-883
-96
560
143
-484
-528
131
1136
-143
-29
363
-185
193
-255
-239
-604
-457
-264
451
-4
-213
680
28
282
-285
40
-808
45
175
-290
-117
-411
179
-463
-39
-431
-43
-335
-79
350
-31
225
-26
-592
-825
216
342
-56
711
475
441
91
415
-475
-410
-442
193
387
-440
-231
129
-84
180
218
378
373
154
-487
272
639
287
-49
-1064
393
-122
495
-231
107
-19
-349
-507
1070
-24
189
339
239
324
741
130
196
213
-448
-73
-404
198
241
455
-79
153
713
261
106
687
315
52
-114
486
-436
-85
-250
-272
-211
757
40
4
-192
-725
186
-712
510
-498
-154
33
-371
424
-503
-374
393
-138
-79
1162
133
456
496
-176
-246
19
-293
-304
261
0
962
637
224
101
171
-379
-30
503
-55
-329
694
-172
139
60
263
-16
578
26
553
173
32
42
-51
31
-615
138
-425
-928
586
148
365
253
100
-517
-205
-180
868
220
434
192
413
-638
-84
460
159
-410
-184
-567
-772
352
-108
-48
-334
-157
-691
62
443
221
-163
-15
-411
-462
-41
131
779
339
-405
-202
-206
-215
-740
944
114
992
112
752
280
-513
313
-330
-199
422
-60
-592
-171
-110
-192
-12
-267
-249
643
-613
85
81
12
-163
-144
-180
256
-516
168
66
1
42
216
-77
86
105
129
1563
-12
-256
69
-71
224
38
-45
615
-389
558
-983
-32
-60
-773
235
-112
-277
26
-529
266
572
445
-179
-117
-103
-166
299
-381
297
102
442
-42
-486
128
429
602
25
-437
110
17
1073
164
-38
-383
-893
622
-336
266
-139
-345
-629
-766
139
-266
-10
-50
53
17
147
-50
-3
48
1143
49
387
-167
-666
-208
653
86
685
163
-324
324
108
270
-521
-112
47
-39
138
-252
-507
294
174
-762
221
-21
-190
-141
-146
-240
-423
-202
138
-387
329
135
209
322
64
-224
133
4
426
-482
723
15
-641
696
-265
-158
-720
260
-1072
-476
-30
1
312
126
190
337
24
-232
573
-321
454
469
499
-623
-96
-340
279
-150
-610
10
109
1000
80
325
-131
718
189
-148
-202
488
276
542
605
249
276
340
231
139
-1041
-129
124
574
816
-146
301
53
-185
447
160
658
-55
211
-206
375
-789
128
90
-251
-9
448
-121
396
444
-749
95
233
253
382
-18
121
183
-518
751
-420
535
84
67
43
126
-20
67
-330
645
-92
-161
243
-65
337
-121
385
-630
-498
151
53
309
307
-102
-526
461
313
-91
-34
449
-534
-262
103
-11
258
-357
45
-73
529
441
-15
-338
186
201
184
-121
-3
844
-62
-85
-255
-9
-140
418
-86
339
-149
78
-82
-16
551
-271
966
91
633
-249
285
-393
385
-151
-296
-36
705
179
166
-135
-49
-446
671
-375
-121
1103
-138
500
262
334
284
-25
-365
19
-335
-78
-389
-22
41
172
319
-292
290
9
-480
-190
-397
295
302
-541
-13
-276
-80
-404
-111
311
-133
-225
116
-39
-192
741
-347
-43
-478
-113
-614
57
-415
-751
45
95
-643
366
-1187
-113
-198
-921
174
-1130
-516
734
684
-268
531
-436
-659
-337
181
64
476
-95
750
373
214
-74
234
-70
818
-240
8
1217
25
-208
-347
0
-198
-35
6
81
-334
226
195
-119
720
487
-373
444
-133
49
8
205
-156
-182
-29
-223
-99
-39
-269
593
26
-113
-1
598
-60
336
-463
74
-528
-323
-196
-206
74
70
426
27
-72
164
-46
-194
-795
-269
29
68
374
269
54
185
-222
-653
586
320
725
224
460
156
-65
230
-133
-290
-315
-17
-193
884
-266
211
-377
-548
562
-453
-79
-1032
-139
267
106
-278
199
-128
853
45
157
-239
276
-134
-161
123
359
-276
34
203
582
-18
-147
360
-661
256
400
-334
-246
-697
58
-1117
387
-6
-475
319
424
108
585
427
-288
-583
323
60
48
-534
-222
-336
509
496
93
440
-46
-381
-217
192
-374
-289
363
-237
554
71
-305
487
201
606
-148
-115
-129
102
468
-93
154
-230
-701
-357
-304
312
-503
-787
441
190
616
483
-656
424
999
165
601
-206
-80
253
272
478
253
804
3
-382
434
124
-418
-389
321
361
-249
-573
-211
237
331
-105
-474
-101
636
223
-304
292
-23
633
-54
-131
201
-473
228
-28
251
-191
74
66
40
86
229
148
-41
-257
35
185
374
27
-673
459
-386
-323
-518
-33
-292
137
402
-245
176
-288
10
39
-423
739
-205
-1024
-306
-22
499
32
1151
-104
-432
-385
154
-166
-485
850
-370
-699
-545
119
-571
482
-355
-1022
-158
488
299
89
-601
-667
-134
124
327
-79
-245
230
124
1032
317
-200
-127
-42
-855
40
-402
265
-183
55
-552
97
-1015
422
-162
-39
-456
-724
63
189
-429
-176
-400
546
-280
-427
427
-474
46
-934
-170
-465
-329
-219
581
-124
-284
-810
525
-594
524
-93
161
-156
-100
256
401
71
-601
-913
-390
-738
6
-652
-209
-311
329
-340
-216
-443
-86
-242
-614
324
790
-92
-361
21
-178
-48
-140
294
791
-376
-417
459
144
-230
100
-333
-485
56
-686
113
-251
615
-97
-116
90
-498
423
-179
-98
433
756
174
537
264
-158
-657
217
291
205
-196
-893
4
385
743
-372
893
-556
-307
-215
-248
102
-431
58
-552
728
-77
-266
-328
621
105
-389
-110
340
434
97
296
-125
-343
-447
-626
165
134
297
-129
-457
-675
387
-7
915
-510
858
367
517
399
117
-348
110
115
749
273
582
-122
746
-350
-3
138
-851
-147
-190
-532
-487
-375
552
-425
227
116
391
-11
-352
192
-212
783
384
-641
-602
62
-462
-713
-159
-181
592
-213
1137
597
-599
399
207
-226
-446
-239
702
-474
-603
151
-808
216
-217
277
-144
528
-619
-95
-679
70
-33
-207
113
837
349
-461
134
345
581
575
-255
-952
238
168
5
246
-596
-75
219
402
-167
-281
619
62
290
-229
-96
331
-10
-194
-344
154
296
469
-198
-483
58
38
378
199
426
310
-129
-108
548
-407
-142
-263
381
-285
-23
298
-434
-492
-73
-251
-365
-547
-156
-135
253
110
183
-142
548
336
986
-162
1016
184
-466
-268
-387
62
-267
193
-727
-1039
178
335
39
346
-76
-42
164
-408
697
228
28
243
-308
237
283
342
268
-575
221
-14
374
-374
300
405
1123
313
40
174
-498
-71
-97
154
-184
588
-315
-156
-145
221
-431
120
274
-2
-424
479
33
-817
151
-778
-172
-820
105
291
802
254
454
952
-281
193
-89
-326
-301
-162
-418
-672
372
604
-127
-84
331
-66
-931
122
177
-321
394
-411
153
-208
-519
-400
-228
-173
103
-125
651
114
-34
35
114
131
-353
181
-764
54
94
-101
-23
592
-85
644
-381
411
469
221
-184
852
-211
306
258
-400
-317
337
27
-540
-674
22
397
112
-296
-171
-58
141
-259
231
-535
758
-316
88
422
306
-624
440
-74
54
512
537
-102
97
160
-688
-256
-555
-372
-621
502
430
-11
-189
296
299
355
-57
-58
393
19
-224
-356
84
49
381
-542
434
233
331
413
-333
-238
436
382
121
397
666
214
0
436
-280
-382
590
-51
-122
-437
-9
-77
-17
-309
-445
-88
-106
-218
-65
-159
553
175
388
-1002
-23
-60
616
150
-383
-106
163
-475
-163
-272
-235
-329
19
382
-358
91
254
-130
877
-308
62
222
-968
180
-21
150
468
-764
-43
-183
200
65
735
412
-141
-193
-248
-41
159
-68
195
74
-380
-647
-605
-26
479
-320
59
772
-198
557
-199
97
123
-13
-546
235
-573
651
394
-162
-582
-167
-118
-20
-21
-869
-136
7
183
188
156
-19
-495
-316
-463
-207
567
385
312
740
-359
410
-650
8
16
-160
230
-255
-263
239
82
523
-673
493
278
-335
-719
818
358
78
0
185
-308
-34
-460
0
-246
-44
323
-833
-470
673
-689
51
-110
179
242
275
-127
865
-494
298
-63
140
-373
172
184
243
-255
735
300
-145
588
75
-106
439
-218
435
-223
-1105
120
-23
-228
634
-254
-334
-84
50
-109
-59
-137
-191
-169
-8
222
101
-428
-495
-975
178
90
3
267
304
34
613
65
213
-71
210
427
94
-400
-40
-188
618
-388
313
625
61
115
-210
52
-113
353
144
476
583
-340
-360
-177
-120
-218
-671
-31
-445
-572
313
181
396
-448
-53
165
-302
28
104
-206
34
-438
-206
-554
453
-346
-351
-440
632
-158
-47
457
-3
-998
-205
667
14
-541
-65
160
-218
-68
570
1
451
386
226
378
220
13
159
-487
66
-421
106
-269
-715
365
1183
-114
-613
-352
338
-310
437
869
189
189
991
-130
510
264
113
-136
-437
-69
-639
-704
132
-1
3
-377
-710
571
-638
-581
-241
-352
66
120
-146
-49
-48
-715
-28
-191
25
140
-432
345
-70
535
-105
-277
-585
-414
119
-763
-332
-802
409
-563
-107
264
-425
-14
104
-743
-62
-601
49
294
290
-224
630
251
221
-155
-334
209
-301
-377
36
-122
-457
287
-120
524
100
780
-654
17
7
32
139
251
368
-458
-303
-657
504
350
36
-353
-465
18
-156
836
-235
765
-206
-328
123
-144
-351
-417
-430
47
-220
-14
459
-73
-177
226
-389
17
-116
204
-88
426
237
-129
-261
88
-42
140
-303
-641
-462
-2
-297
-90
-318
341
-570
41
-230
84
387
-19
225
5
187
-654
-304
-751
-61
-168
94
-600
-619
-132
396
70
-229
898
-55
-540
-474
264
171
231
284
235
297
508
707
-255
-320
-71
659
-73
422
440
304
242
602
22
-250
-147
-754
114
-345
135
72
639
-421
-43
91
-729
576
346
77
-87
-437
306
212
502
-244
161
331
-510
-600
549
709
-44
-55
110
-59
156
180
342
-62
-302
-325
188
-460
-146
-202
212
77
211
-173
801
31
-14
-396
399
-97
-1
214
-174
295
74
193
-542
-139
348
344
173
235
-98
598
271
-627
37
260
165
-29
-263
-84
-712
655
-231
209
-43
-473
-214
-162
269
-395
309
123
-241
87
-288
879
271
-495
-142
-4
-367
-292
695
-245
231
177
-40
-309
-65
740
-50
504
79
-568
128
-332
433
457
159
304
-387
219
340
231
-255
-507
-739
39
-212
360
-523
129
184
262
290
-323
-232
-28
-130
-347
-163
-306
-161
392
182
391
-232
67
-5
148
-380
-1378
12
-106
163
-410
35
-711
387
128
-234
436
-440
-589
370
853
318
-310
-778
-79
-142
-609
373
-308
-410
119
308
-288
-179
484
-296
-138
240
96
-599
164
-590
37
-244
355
-21
475
156
330
-22
-23
-39
-350
-673
527
-615
-9
695
-503
-65
-108
177
78
-451
377
-228
-287
500
139
-48
-130
255
116
252
-135
-85
-125
-150
170
-760
174
-77
-14
-671
147
-542
-302
573
451
-25
116
-179
300
217
-108
-206
-137
203
293
261
157
-118
353
361
-159
174
-432
-701
-13
109
621
293
-16
174
-209
-277
-494
-418
415
-453
49
384
-76
-437
38
-136
-468
-813
-239
19
261
-143
108
74
184
73
-593
348
-66
-636
256
74
365
224
-13
-362
-141
-67
87
-193
-703
363
179
-497
-128
-45
188
341
-416
-195
-20
-299
635
549
-386
-390
-225
-428
-490
160
-548
-273
454
146
506
-124
-378
-354
-471
-247
-180
-275
-731
120
722
93
456
-658
-487
-178
-853
-303
-547
-182
922
231
406
398
-392
143
665
566
413
1075
-199
176
-257
179
214
-582
-44
73
-462
-506
2
-234
-113
128
-539
-174
-57
477
139
-80
-871
-528
-193
-320
1218
-212
-650
-70
37
-384
-31
105
-462
130
169
-170
-46
71
-652
595
3
-623
-93
-12
768
-352
-813
-514
-181
-1234
-470
-61
533
126
173
788
854
59
-50
-21
91
-331
-374
-50
-771
197
251
-379
-438
-606
81
262
413
305
184
-160
7
-81
-49
651
-76
170
-657
685
-89
130
151
-340
-686
129
350
-357
-240
-637
744
-387
-177
361
473
90
-330
-213
-750
178
-227
400
144
279
41
-497
505
728
147
-564
543
453
-318
-571
-91
314
474
147
304
321
249
-283
-188
-379
418
635
-210
66
553
-94
19
488
-39
-192
27
-488
42
-176
545
185
-400
-730
397
-28
-772
497
374
396
11
331
109
91
293
131
-873
-449
-328
-176
703
-29
-294
170
-93
290
112
181
286
-121
444
267
81
134
-389
494
-134
160
-413
-95
-310
-485
-120
479
-292
81
401
214
-418
-72
140
889
-91
-390
-61
1021
-322
24
-205
212
-259
-709
342
-151
62
-824
624
-516
331
80
-147
417
-790
347
449
225
176
669
47
-556
-457
-3
348
400
21
187
406
-13
345
-416
129
-104
-374
82
137
-311
26
2
-459
-125
-290
625
-305
599
-472
356
224
380
527
755
590
-382
28
-444
615
-8
234
-360
165
55
-85
-98
-90
-654
-366
462
378
-158
67
-101
509
58
125
-93
205
-99
131
42
160
328
-127
-126
-276
-399
-507
734
-177
-248
-207
262
-576
115
75
-337
-787
39
-152
516
-320
550
-584
37
-368
190
519
544
159
-3
-344
782
-344
-532
264
-79
443
-418
365
65
288
-827
-599
-529
-606
-788
92
-203
678
-415
151
-151
-459
277
587
149
206
684
-1149
633
380
-12
196
239
-509
461
863
-78
-393
-227
411
48
706
594
-201
-112
-76
257
-223
366
-455
-791
-736
125
323
284
105
-634
291
-949
-133
-58
-240
224
401
-145
-634
-195
87
125
-298
179
738
586
211
94
-320
295
-884
-39
426
-243
491
-463
903
64
539
-438
194
-519
70
486
-468
-54
91
-219
44
301
-446
308
66
-616
-450
-85
-368
-315
-570
-92
485
-524
598
-211
-137
-63
-944
-485
211
-228
626
366
-861
336
-36
346
-53
46
102
-416
-739
138
-242
-355
-52
35
59
-4
-294
-81
475
-582
-44
558
334
146
450
409
508
-10
291
-399
64
242
-622
405
689
163
306
-194
-1
-464
721
109
-1066
-285
156
222
288
343
813
509
91
-470
-228
-251
287
-223
512
-401
-278
278
283
-401
113
159
176
884
-157
-220
228
-947
-193
-278
346
-162
44
-413
385
-154
159
-209
361
-261
361
464
-50
-428
303
100
613
-233
704
111
-611
366
-1477
-177
-80
-272
287
758
-682
270
-564
-44
446
-78
222
524
332
-2
-252
89
-226
56
-425
-1
85
52
231
249
-170
-107
-105
-250
144
-348
-152
-139
-232
84
-788
386
114
-443
-38
745
204
326
233
553
-582
398
-579
414
-131
-596
148
-108
664
570
106
-606
-596
179
455
-246
58
-725
-258
-577
-286
233
-521
438
343
10
100
857
352
-531
718
526
-348
245
-815
-296
507
-15
-430
551
-384
49
-97
-84
255
-783
406
131
223
-14
-239
-721
-275
-172
-895
-650
-318
15
622
-403
-510
464
157
-59
815
-374
265
-444
31
-7
65
-531
654
-95
353
28
-152
-515
157
86
55
-410
259
-414
496
-519
172
193
-628
1113
227
-421
-217
213
627
-272
-522
-127
-555
-492
112
201
-167
-106
-426
320
616
-110
-337
-117
363
-287
314
-265
-617
-83
-502
-941
-254
-564
-210
-351
-328
83
276
-36
373
245
78
-10
17
-438
519
56
10
232
334
-459
962
680
83
180
-356
174
8
778
-54
160
468
337
-29
72
286
144
-487
286
219
-206
-749
49
300
-96
395
182
-205
-356
169
-37
-73
-300
81
-570
-193
57
33
75
-452
349
-189
268
638
-456
-370
358
-214
-148
-539
152
9
100
-156
701
183
6
215
-370
113
65
587
-91
258
488
-766
-66
-526
393
424
-805
-379
564
388
-662
219
-304
-89
63
313
-280
-456
-113
-62
145
-307
477
-30
-146
-246
254
146
276
41
-274
-454
158
-596
438
-178
338
21
664
502
-483
14
913
-113
-50
317
589
-749
514
-374
53
-41
-285
-17
463
72
971
-202
366
-218
-11
-320
248
225
-408
337
-493
255
550
-374
-1090
-640
628
-68
207
-247
-514
-61
206
384
-459
705
632
-978
-29
47
179
603
-126
-479
893
-413
406
-298
501
113
566
-311
-39
73
-341
459
-196
293
247
193
228
-492
-739
-67
752
-288
-430
241
-207
-252
-1214
-82
-932
-261
252
217
-105
-112
-767
-166
-37
316
-386
-615
204
226
1000
112
-280
283
-66
-42
141
573
362
673
-478
185
-46
152
-651
-561
-576
342
385
-521
-60
-186
-236
-127
-625
-159
-518
391
-149
-218
759
82
57
-691
87
-3
-144
-112
-235
-165
-188
-467
-647
155
359
406
-32
118
-288
129
-223
-754
276
-123
-50
156
-882
-38
-465
-155
-335
-33
-809
-266
-524
737
-432
-563
-60
380
-429
-898
656
339
110
110
127
83
-195
194
16
415
48
95
-154
38
273
825
-171
-261
-183
358
-319
-462
414
-322
-67
1021
-563
-209
237
476
-235
743
261
-291
705
-30
38
-391
-328
-627
71
-561
65
-244
-377
379
351
365
670
-154
508
504
534
-691
189
86
-456
-175
117
-16
268
48
-117
-3
227
208
437
-496
-204
128
614
184
-172
-261
535
359
-75
-785
758
-270
218
802
-35
465
370
-90
168
504
-164
693
-21
372
23
196
236
231
778
-191
66
-445
-577
-213
-85
-588
-243
-315
182
-574
-592
285
221
-152
219
436
-129
-315
-261
449
-531
49
-194
75
-285
-14
-97
604
-150
308
164
-717
564
-195
-103
-114
-204
168
53
-602
-341
695
697
626
143
-45
1059
360
7
-358
-13
499
-160
563
-202
-161
190
-470
273
-1
27
111
99
-349
47
-7
534
-195
179
-861
-84
-639
-33
-204
-40
338
341
218
-80
265
601
392
975
-378
37
385
769
-502
433
-200
-293
78
367
416
-398
243
35
-73
3
288
199
183
-247
-144
-381
1093
526
13
173
380
133
529
-115
317
270
-25
39
-327
-264
-4
-119
540
590
257
-569
-288
1175
323
-912
448
-507
-318
-65
-47
93
565
-365
-472
604
44
-27
-519
-241
-783
-117
-398
-261
-712
-628
43
-173
112
-21
584
415
-45
-458
35
-606
437
-315
703
132
-494
-269
-319
-667
-412
-681
-25
-159
373
214
109
-68
-438
-500
622
869
-544
122
-311
621
259
296
168
788
-417
-444
131
741
-197
-359
52
241
806
106
-25
261
387
-266
-198
102
-629
148
-104
-201
434
-290
-605
-803
111
-510
-476
-457
-567
28
64
-280
-1363
-726
532
394
126
-426
-263
-1042
315
685
-189
325
-750
290
241
10
-292
201
-223
-306
-433
828
-295
-201
277
-50
449
258
574
718
-376
141
-97
396
382
673
-305
2
288
156
439
444
-29
173
-29
425
294
-501
-529
222
51
-314
-32
62
-64
-237
-331
-251
-53
-488
-86
-478
-141
426
-179
92
-223
438
-104
416
-429
501
222
151
-381
158
-323
85
-348
-159
-149
-372
41
251
-335
-896
-220
-264
610
-450
42
614
315
-326
1439
640
-541
-99
406
-41
-206
284
-52
247
671
487
-753
-30
-121
-593
-71
571
522
323
-188
-150
906
-288
139
140
268
-28
-511
252
153
-445
299
-430
108
32
-201
-66
-27
-652
950
-687
433
-150
148
509
237
-42
-304
-102
-529
-219
146
932
-40
-277
23
535
94
147
612
504
218
470
-88
103
-529
201
-349
616
529
-184
444
-138
577
449
293
-161
280
535
267
-294
719
683
347
169
-796
319
704
-335
-459
263
-282
800
-370
-444
781
216
714
-204
352
-73
1093
-420
-242
-114
21
-276
-209
-228
-446
117
326
-381
-234
-174
13
534
-806
-172
-95
45
406
533
-182
-15
-334
304
-399
282
-419
657
115
105
-952
-236
10
365
-10
-180
323
478
-65
-320
67
-14
-238
-624
9
177
-137
-544
-1111
-76
-287
888
1010
-43
111
142
219
250
-829
262
415
467
70
310
-417
-440
-337
-73
442
-703
460
-403
-253
211
690
-318
834
511
109
174
576
128
-9
-39
322
-191
103
307
-443
-505
-353
261
-436
234
158
243
967
-98
337
-3
162
-76
-765
-205
299
-71
145
-162
-332
-227
-219
-101
-538
471
244
-101
705
162
-45
-15
-724
359
343
601
590
-420
193
-296
-220
611
0
34
552
355
-433
-59
451
-101
-487
-24
225
-59
-936
-250
342
-612
408
383
157
843
-920
130
407
299
94
105
110
-159
80
474
41
311
815
107
-439
66
-84
-295
30
542
13
439
-302
-26
569
856
388
-401
-219
216
824
387
-100
161
42
-366
8
201
-139
-24
539
-302
-32
408
-34
-208
-232
-212
525
-6
59
263
496
184
42
221
-106
152
-356
212
374
-469
-661
457
377
728
-6
5
368
-56
62
-147
-719
-189
0
-360
299
494
-162
446
-152
581
-170
-171
-670
-292
251
384
370
-119
479
-92
-390
-145
193
97
29
22
493
-115
-187
190
635
10
213
321
-180
-333
26
-582
393
676
96
-550
-643
-88
650
-580
-65
-14
-12
-330
-712
227
179
-48
-113
834
-134
-332
-400
-663
46
-61
-119
-18
-553
408
1166
47
693
-471
244
130
41
-642
279
441
515
-129
-307
-306
-295
-663
227
286
-533
-273
-7
755
-515
-89
366
604
-629
-32
448
770
-305
54
-166
-58
-441
763
-148
-91
-165
-509
167
-162
179
11
-263
3
-656
-139
583
511
-528
851
445
-302
204
-608
272
417
917
-321
29
-263
-368
-9
435
-68
-530
-44
411
-358
-622
-623
-5
-162
13
508
223
-493
-103
690
-134
436
453
27
-524
-87
-137
-649
-98
-457
-592
181
166
-1
-173
1083
353
106
282
-240
179
28
227
-441
-169
92
-108
-662
614
-240
-450
46
7
105
-250
-440
115
-341
-288
74
-155
-204
356
776
-5
-236
-214
400
233
219
-133
-253
-187
-45
-62
-372
-602
643
-457
808
277
-326
-28
673
-174
271
80
-267
-133
27
68
-382
560
429
503
-102
228
299
-608
296
690
80
-894
241
-82
140
-102
-146
-517
313
-168
-1026
322
168
-216
153
183
-250
-876
41
-67
-888
578
-540
84
549
-490
574
-293
41
331
34
313
228
307
217
-1075
284
-826
-326
-435
588
-227
733
572
-8
-759
-229
816
-62
393
-226
-176
94
-384
5
-494
-88
-306
-541
-8
275
-276
-243
-103
-446
428
26
-402
287
-537
-750
-187
36
-141
386
307
-213
-358
-144
709
260
-49
237
337
-565
328
-17
-284
443
-227
-1122
45
-166
16
-467
-199
-141
-822
-78
43
-508
-517
87
225
-237
21
134
-600
361
-29
-932
313
124
-119
-703
-218
-282
254
627
-219
-83
98
-141
-404
-27
-264
282
437
-494
57
452
592
386
-68
-88
309
-7
-11
-567
-103
-439
-480
-253
366
-188
-787
-220
-529
386
257
285
-280
806
133
210
128
195
-14
83
236
879
116
-163
-39
-65
280
-673
-220
-264
101
267
-677
466
-423
65
-518
-513
-338
224
-227
-276
-590
-273
362
-166
-263
-303
-284
46
475
471
-291
-42
315
-285
274
-624
226
-184
359
-342
247
273
320
-553
124
844
-471
-307
162
33
247
381
-116
1
274
536
691
516
194
-74
472
81
-527
234
-97
-112
-441
-132
-165
56
340
452
-372
123
605
146
-778
309
-702
65
176
-112
-511
-103
94
145
24
-236
5
-134
170
-161
455
477
89
-215
-126
-43
-59
254
-127
771
-240
-523
-452
-558
384
340
-103
823
33
302
187
-163
110
-125
-27
300
-248
73
-110
-141
14
-381
-104
221
-575
96
-593
866
180
33
681
555
-549
-346
582
22
156
192
382
112
-1017
-454
201
-309
68
73
-693
10
-173
-72
767
708
428
374
393
-510
0
54
62
-40
201
307
-843
622
-31
-702
307
521
302
628
224
-128
329
170
-245
4
-684
236
-563
-233
-133
-73
-695
-356
-48
283
-136
-23
-339
-69
-272
560
208
-733
-472
182
979
-326
-101
-336
305
-810
-189
732
435
330
-169
-550
544
862
-609
-170
-114
50
184
-485
-553
-68
159
21
-522
243
-36
507
-66
370
-71
272
73
-435
591
-223
268
156
825
-424
-384
-623
-126
275
424
-89
77
82
105
302
-461
184
-33
-264
-257
-384
-426
-42
-656
150
-533
98
-281
52
672
-134
-696
-885
-357
-925
-423
-377
-180
73
-129
215
-72
168
-731
-24
-112
392
277
-226
-118
-333
-213
-516
202
-702
160
91
-154
215
683
-107
-230
-142
302
-571
-100
88
724
101
-81
135
-132
-417
-525
218
-615
-279
427
-202
449
-178
-208
-62
638
376
-311
-204
124
52
-513
230
212
-426
154
-306
-588
231
-242
783
-117
24
141
-216
41
233
-532
665
-47
185
-35
-34
157
-101
-398
-163
199
9
76
281
530
89
-174
-249
372
-772
91
307
39
-209
-662
-391
-61
-85
-53
231
-297
-95
305
177
-201
-46
-203
18
-216
-339
549
-304
-123
54
313
-457
-89
96
346
-521
5
80
-287
-84
-134
777
56
234
-601
-416
-133
-11
14
-472
-718
-938
-247
152
-681
-347
-265
-343
47
175
364
173
231
-114
-296
116
-301
-492
-100
549
-229
-492
514
61
735
249
-89
673
-109
730
-533
706
-130
263
744
103
-431
-355
-2
669
-589
-683
334
-285
483
-732
238
-106
-173
160
599
365
129
-588
-160
-303
689
214
538
-453
-614
-362
-11
-204
479
-163
-6
799
447
-51
-108
-78
210
308
115
-366
245
-70
-574
-56
163
-82
260
210
171
51
-500
352
-152
-630
55
-399
-470
-119
-71
-738
174
-288
580
-375
-582
-205
191
43
325
361
136
-361
-6
68
-575
-322
138
-191
-432
279
-242
563
-212
-433
-78
87
242
-331
26
271
-280
54
-5
454
322
-498
-217
-318
492
206
111
128
108
-136
-80
-446
143
-278
465
-115
84
287
-547
-364
609
-135
-405
-48
361
163
-99
-924
-482
-70
-586
278
1025
-250
130
-113
-349
-119
77
-113
-223
-167
27
806
167
-664
378
-744
-478
504
1107
39
-430
202
-246
-1144
-175
-466
-532
51
-218
703
-82
-824
-527
106
410
442
27
152
-127
-139
-337
836
-339
147
-190
-137
118
174
-119
283
108
-430
112
78
121
238
258
-65
-445
636
-45
-270
483
-106
0
284
-384
-160
-280
42
-487
842
-611
-768
30
179
-93
6
-158
-174
-407
644
985
542
-25
313
638
124
-229
80
-596
269
672
-280
-197
-87
292
64
-515
-393
-1047
116
-178
78
136
851
-421
99
-230
52
-26
566
-353
-440
-271
342
923
-533
85
-829
-3
411
1209
-80
251
-141
-435
-425
-96
979
-185
431
556
-80
-840
207
623
75
-56
-189
172
-126
-798
-281
-121
125
220
-67
650
858
-270
-247
208
-138
285
-44
-149
-23
167
-191
352
879
-151
0
-352
291
108
-434
-144
-112
2
11
43
-338
-50
-276
233
589
512
917
128
-111
6
353
-193
-404
515
80
1020
920
-184
-294
73
607
650
-573
-301
207
855
-113
-432
655
283
910
682
-777
-817
228
140
382
-371
-349
-484
659
-545
188
-145
-334
142
-438
-219
351
95
186
676
-44
127
-348
-262
104
414
93
-89
79
424
-562
239
892
-524
-30
-4
-41
-280
-454
-146
-113
-585
-343
-75
-950
-34
521
81
197
-333
-264
707
203
326
-737
-222
221
172
-443
-142
-310
-630
32
-172
81
69
169
-237
662
-311
166
143
-416
403
176
-346
44
275
285
-45
37
297
575
-618
89
104
-156
-570
169
-5
-260
458
-683
887
319
117
132
-284
80
559
232
-318
-462
250
646
183
-67
851
-596
-36
61
-201
-17
690
434
234
-401
-9
-711
40
101
-274
-468
-171
-164
-202
-57
600
-8
100
-56
360
-7
-707
-610
-808
-599
96
643
615
-255
-240
-251
1
-3
202
478
564
159
-66
-74
246
-640
80
-226
-172
-130
209
-75
516
210
-426
-86
-303
-400
0
256
-351
-243
98
23
-39
-588
582
79
239
195
-496
1014
440
-395
193
359
-100
427
-9
-264
72
-693
-53
-469
-649
18
-835
228
579
-99
25
237
602
618
76
-371
47
301
-83
242
9
770
-333
-338
137
210
458
-484
-505
-42
-274
-292
654
446
36
-619
284
204
-543
-172
-1031
114
-1321
660
-647
-282
-101
-103
106
418
492
464
233
-357
113
314
31
-273
-63
-385
-392
170
-154
33
-228
192
109
18
492
253
386
538
-766
-357
326
250
313
359
174
716
583
-221
65
-66
-116
440
-308
-449
198
-218
175
-245
187
466
-185
260
-143
236
-270
-26
-331
235
290
-5
-170
-1041
-139
439
193
-452
-470
-513
112
-142
286
-427
901
653
-152
-933
73
-305
490
-483
-343
786
582
-194
31
758
52
70
-739
-379
411
-102
-260
46
-100
-170
150
-734
409
624
538
-387
639
148
-294
-567
303
115
-500
100
-93
-15
267
111
793
591
39
751
-554
36
162
197
922
283
-272
-128
528
470
-41
-133
-389
257
334
-88
-165
259
7
-537
-96
-268
-332
280
185
-19
397
-84
102
-494
-6
620
343
-1031
-421
604
-280
-352
656
-324
-81
330
632
-366
139
172
-300
190
488
-953
115
609
-126
66
225
-348
186
192
-334
248
152
-517
75
431
7
-119
-153
9
-704
60
-27
85
211
-32
-927
245
-111
-323
-159
-419
263
603
-812
194
89
-236
-44
594
821
298
17
529
274
329
256
146
60
-958
67
56
272
137
17
279
157
141
-257
-328
-488
-137
338
54
-901
-173
810
839
-147
-228
-359
424
725
-483
-280
-207
-335
702
400
114
-621
-455
-872
316
-464
534
-84
-857
523
-346
618
479
-106
11
-53
907
-61
156
276
-1026
-227
-124
75
-847
-609
-323
955
-603
240
-456
203
666
270
-141
-495
53
-874
-387
-451
252
-307
127
36
-248
33
-1048
-50
-908
14
180
708
155
-305
-181
-403
-57
59
142
604
212
-465
-54
-34
113
82
-164
88
96
-345
-11
-201
-77
38
-716
220
-654
-563
-42
189
172
425
-316
-14
246
222
-264
-932
185
-253
-211
-304
-686
-139
384
-370
20
-250
95
-178
358
685
-55
-627
457
-152
15
-186
185
-431
637
-29
-487
-96
-128
-272
579
497
-322
556
371
174
-24
149
65
95
-919
-231
137
690
-355
-42
80
-272
607
-186
58
290
-200
216
145
-221
361
74
200
-408
-284
761
450
30
56
400
399
104
-128
257
395
-554
-49
173
60
-351
491
-243
337
209
-106
170
-455
-568
-990
-450
220
1100
476
-306
-363
-118
151
-486
-341
-390
242
461
-146
-417
542
-291
10
387
49
-73
-29
125
-237
-25
-533
-675
-504
-472
255
366
-896
-451
482
159
618
1035
-269
-105
-347
138
-283
345
44
306
-366
28
-104
-275
-195
-374
-112
739
15
299
227
845
-536
219
-171
466
347
-348
-517
-114
-347
255
-329
-288
197
185
-262
-16
-249
431
-656
-100
-190
638
-325
149
578
227
-214
249
325
-1
54
-142
-519
659
187
131
-129
-295
-285
-631
-37
397
425
27
-267
242
-282
718
756
-383
294
-164
-408
-199
474
-210
-707
287
-114
-191
-60
557
-98
-418
-112
697
374
852
285
278
-86
-20
39
-129
-76
-619
725
-361
564
140
-355
32
382
527
-542
-109
-296
406
98
68
-366
-72
233
369
296
-146
62
65
-115
580
-308
392
174
332
-464
501
113
-262
-752
-672
705
-129
81
204
-556
-429
297
17
-244
186
658
-574
-97
-228
139
652
-1014
243
78
-138
150
45
-425
551
-408
646
-397
352
-93
-284
226
229
-268
318
169
-491
-425
-51
-766
-161
-95
-13
-342
-206
-559
371
72
-282
-215
562
329
-231
297
128
-400
226
411
-692
-82
-568
-343
-587
232
-444
555
509
-700
-302
531
-610
214
488
589
-901
266
-402
379
382
-496
-229
-204
302
-971
304
224
422
523
619
-274
640
173
187
-236
-277
-472
210
-167
-87
-115
517
-353
-640
571
-267
110
-794
-533
220
-629
-437
253
126
387
-631
-119
-27
-90
386
233
319
-130
-20
340
-323
484
-301
251
186
281
-83
-435
-474
-298
22
-849
-270
-335
410
344
498
-481
-656
10
-88
154
-400
179
309
206
190
234
-293
-1061
-298
-476
-461
-680
590
-577
487
751
268
-753
29
-3
162
-778
30
22
-683
559
916
-469
220
-561
321
-100
-283
-162
29
-595
-134
241
-512
690
-259
-677
158
596
-345
-470
232
-433
-380
190
529
378
202
433
-827
-263
-658
17
-140
15
-173
-65
20
212
-487
-263
143
-256
186
86
281
329
-216
339
36
423
-219
-409
238
-100
93
-377
266
43
291
-384
33
-623
-123
647
-304
-254
-102
6
223
252
465
551
-453
-456
-24
343
-191
283
-653
-31
0
862
-855
10
-415
-164
-214
33
13
482
195
-163
496
-409
-183
564
280
526
662
-848
349
513
283
425
-819
-278
-29
-707
369
-369
119
195
149
-611
817
285
-458
93
-525
-229
-138
172
392
-339
160
336
620
-15
-156
605
266
-68
-251
-368
-19
-98
33
30
140
818
119
165
-238
-299
-486
102
-465
-3
-796
78
249
171
-30
267
-411
787
-283
723
364
523
288
-15
158
202
450
-129
362
307
-37
-372
197
237
129
-158
889
256
151
-202
386
5
-194
-403
-93
-45
118
-262
843
687
-205
-422
-1
143
544
137
-27
-996
64
-717
115
-442
54
508
-218
-54
105
-439
60
270
-72
-765
607
429
308
838
13
129
44
245
86
337
-89
-364
-507
-298
71
156
152
155
-12
917
-302
-44
132
-605
102
-683
-519
-413
-78
-1006
-343
-232
240
490
1093
84
-21
64
-226
-129
-894
-473
-735
625
-1066
-428
-210
-20
155
-4
-596
-19
-287
220
472
-447
275
-291
89
229
-117
183
272
-54
-677
648
230
-60
-44
112
389
-328
263
-560
-43
82
320
-116
641
-203
-112
375
-788
322
122
-456
-812
22
679
88
-785
400
278
662
448
-274
-184
103
-51
588
-425
369
-16
1425
231
-118
-172
-30
-314
504
388
683
-107
-38
-224
-10
-17
-71
304
-629
378
41
789
244
-167
-760
113
369
108
-423
-581
128
-125
-658
223
46
-526
605
-428
239
126
-285
18
487
-425
-774
-439
474
803
-77
-657
-3
803
-18
681
-737
700
-320
42
-415
-10
-1028
-383
-220
-302
317
-355
-112
86
271
173
-212
208
570
-638
-328
569
23
-341
-329
-540
-376
139
-73
372
-540
95
1
-181
-312
-101
-61
-469
-53
-308
271
138
-38
-432
99
-243
-232
183
202
-1037
-491
493
44
207
136
-396
-333
59
260
433
496
476
108
-205
818
1030
-315
231
-524
35
-376
743
205
-114
214
264
-438
264
595
-79
-508
-23
-204
-253
540
-106
-3
332
-190
-424
-182
-57
-257
-171
953
270
-505
-435
107
775
205
412
339
-301
-498
-18
413
561
5
-720
369
-721
42
-621
-370
-6
283
-26
-524
-92
400
-364
107
-57
174
159
-269
-73
-543
-617
382
-225
-93
-44
14
520
-231
315
-129
-286
-277
496
-758
104
103
456
-165
-116
-111
-293
-709
-652
-133
-215
-423
158
146
-67
-687
205
-642
200
-504
46
-191
158
16
-301
725
387
35
-386
-45
-213
-57
378
-744
283
-225
-53
299
-574
-392
-156
-887
-339
425
-38
-129
-277
293
25
535
117
431
380
169
198
-59
-266
-167
-97
295
141
-464
245
-375
116
-56
161
-170
110
192
-455
61
-686
-309
-220
-1151
592
269
1126
170
-1092
-322
-387
69
768
-326
-494
-668
-32
-388
-30
480
75
63
-139
463
-406
288
546
452
282
192
166
-240
45
816
-19
155
-502
-335
432
455
359
-191
574
142
-222
-622
-44
233
218
350
-522
-82
-86
-364
-891
-44
161
490
-315
87
-440
-181
44
-132
-46
-639
-103
1160
431
-330
459
-276
-466
-295
-31
-560
51
-548
321
-434
-137
-937
82
25
-81
205
163
-268
148
43
-453
57
-191
35
-813
-356
-82
-164
-170
-525
-6
-38
223
-62
-433
80
457
120
2
120
53
339
-600
-341
-310
888
-150
812
63
-572
-416
-318
146
185
637
-39
420
-79
-481
621
197
339
348
357
1016
72
312
984
-67
345
-372
281
871
-458
-177
127
226
-29
-798
-934
-359
-331
-491
565
369
326
-152
-792
514
-33
215
14
235
-185
323
499
84
89
-224
133
-251
-240
-132
308
-756
-28
1030
23
401
-620
-203
165
-138
-446
339
285
-405
-326
-408
124
528
271
291
-320
-7
-546
-718
-171
-422
-569
-531
-476
-319
257
-114
84
109
-180
-232
245
-1038
286
336
550
-469
-430
605
-193
591
84
49
-1039
79
396
-296
-87
-117
5
301
-307
265
204
-58
158
-263
671
250
531
1206
252
259
-241
-664
-124
303
176
-629
934
-250
-84
-438
131
396
-520
272
374
163
-397
271
178
23
-68
-438
282
-119
105
-373
-83
-144
-62
-287
187
203
-404
-814
-171
-672
4
-388
503
401
-325
817
-223
-220
-508
-516
-22
403
-77
-343
-493
225
583
-168
-114
192
-305
-297
-11
736
-359
601
19
-687
-452
-28
591
-93
140
472
386
-290
412
392
-1122
359
656
66
334
129
-1004
26
-430
-473
-752
-570
437
-564
1004
-86
199
-530
-416
-281
-377
-155
98
-46
8
-415
-184
-130
-530
286
-306
169
612
-252
94
-357
-422
-674
-4
-296
-82
-163
-59
115
-59
-491
331
-829
188
-447
223
-81
-757
-509
-291
67
-429
406
-15
-44
-214
799
-324
-240
-159
-229
-258
-585
349
-111
391
-333
633
-3
74
130
-432
37
-1142
12
-67
12
-796
94
353
751
552
505
595
209
-492
464
195
-191
-493
-412
490
307
-588
19
575
255
280
175
83
28
205
-89
307
-241
35
-474
540
15
-555
-110
293
165
-1006
363
329
260
-177
-553
-97
-108
21
-43
290
23
-199
-305
-117
-207
-89
58
605
-551
-91
1107
179
362
363
26
-124
-241
177
-204
353
93
254
1108
450
-628
80
-237
801
-318
220
-566
100
-658
81
-242
408
272
-206
-10
244
217
221
217
118
-47
755
-91
594
80
-597
-9
-42
-70
889
534
-176
344
-84
-159
130
632
-37
532
485
245
96
414
-27
408
258
-846
9
726
755
-203
-436
-277
11
-222
-25
693
134
-500
255
688
-316
-309
72
38
-162
-381
-526
809
167
54
999
-209
-222
356
679
446
-212
452
-255
382
60
-867
-166
-593
235
-257
-53
638
15
-251
787
-10
-200
-213
783
-453
-666
122
253
-217
269
-411
-409
136
154
-238
-165
-267
187
-309
811
-358
195
-582
-413
-522
-330
230
-387
12
262
-186
201
-361
-228
-142
-337
394
-153
-146
176
200
-417
-149
-201
499
-229
-170
-644
553
-258
437
-230
-511
35
-265
-679
673
-65
259
391
75
148
67
826
-415
-503
73
-34
187
-1085
-750
-222
59
-347
83
-353
-401
111
216
327
150
-221
490
108
-229
70
4
246
-159
189
46
-756
166
-323
389
-51
-35
-535
79
214
220
83
-719
-321
-23
-797
29
-694
484
-223
-44
-285
-121
-545
282
-117
-253
23
125
-54
872
-468
-507
-186
428
112
125
558
-248
-200
-281
612
-376
-967
95
165
-65
-151
-340
660
33
45
0
86
527
19
557
128
190
16
179
-714
271
-80
-878
843
203
599
-303
-152
237
221
-455
372
-237
-262
-344
276
-104
180
102
627
357
-550
166
1123
382
-426
261
-497
-351
228
-79
438
84
657
449
81
219
-82
212
-227
219
-299
113
775
631
-665
-142
-770
296
-175
-397
128
-316
-221
105
233
-323
-401
-315
-949
-589
-532
-539
-1077
327
-394
236
307
692
-86
91
71
-847
-417
97
-189
-410
176
439
-229
-128
173
-226
829
42
-106
73
-469
-343
390
-667
-343
614
-82
213
-324
585
137
339
-304
503
369
354
-110
79
-154
1061
852
-122
76
-626
-110
208
-440
984
110
-166
72
78
44
-878
122
-289
270
793
-469
-139
-317
390
-822
429
-231
236
-95
80
-176
747
179
191
312
438
38
768
2
286
-375
136
166
-430
137
-383
69
771
191
416
-159
66
400
-940
-241
-199
-352
-253
494
9
-280
-27
423
-391
-95
318
943
-490
527
480
1171
594
-250
307
161
1109
769
117
-192
-204
596
-534
-207
-381
608
-233
221
332
270
-118
13
-548
-435
-690
88
165
-297
-904
257
-446
397
-323
-83
101
887
-291
373
-886
254
-57
-106
-218
-99
410
410
138
219
-167
203
-644
86
-457
-796
-272
258
-169
402
188
373
254
-205
-282
-43
-57
165
331
-87
750
-60
-417
-802
501
-49
-243
521
-210
-98
271
514
-305
318
264
-347
268
-88
451
-282
238
-365
1080
-192
18
276
-174
-747
-65
219
-671
-19
242
-263
-88
-396
250
-224
-96
-537
-66
-318
-86
-445
290
313
-151
1095
603
-816
-27
-576
-261
-615
-144
-439
-498
291
226
403
654
122
166
-297
348
95
-315
89
-304
620
-885
-21
276
-720
-472
395
115
544
541
693
-101
-945
340
-100
423
-252
196
-132
-586
406
528
165
112
1383
254
398
-97
-83
-9
253
444
-584
-681
-152
-364
-356
-248
-276
598
-223
-257
218
-513
125
32
879
-250
-181
479
535
308
-623
-665
-667
107
508
108
-380
66
144
-95
-713
588
932
166
-123
-92
-614
421
116
61
303
81
315
-154
287
340
-60
-411
706
-363
947
-438
-380
-21
405
521
-685
129
35
90
-2
76
581
637
577
-259
743
-380
-625
829
-196
-253
-72
-419
249
-579
322
-113
-73
-13
309
-590
38
377
-316
304
-541
-625
-804
-636
-278
118
570
-225
172
79
-120
-149
260
-59
-478
-189
24
512
268
521
-225
18
-358
-290
16
134
26
200
-460
1078
-179
-38
-296
208
59
116
-229
515
-491
191
-240
368
-476
-271
338
-50
294
477
-306
182
545
-156
-99
-273
153
-425
143
-383
-187
-444
-413
-872
244
276
-828
492
189
107
165
451
-337
-172
-392
119
63
-169
121
399
104
-50
-280
-435
-575
631
304
880
309
138
231
-39
5
-395
-347
-150
18
-465
-255
994
346
-89
-106
100
-1018
-285
20
-540
-291
780
487
570
-722
874
-173
508
227
-75
-141
801
231
-218
-433
338
-79
210
505
-224
-21
-236
-493
516
-613
74
-146
-489
25
-460
-370
-377
358
-105
17
502
16
-335
502
-473
-449
147
-252
30
-3
-305
568
54
56
-332
-738
-301
-312
-201
427
-445
76
16
-189
-328
746
497
49
278
-631
-121
351
760
190
90
64
-65
9
-953
22
590
-234
-20
40
249
168
-435
602
295
371
319
545
-492
-168
85
-141
277
-130
28
308
-517
227
971
-19
1292
411
-241
72
-155
615
-359
761
-444
-266
43
335
696
-515
301
321
-239
310
-188
-5
357
77
-384
98
28
-107
101
734
-102
224
334
-82
132
223
559
-34
33
202
-508
135
-163
133
-159
-692
-718
753
215
-568
780
-98
-244
-58
41
252
-53
-227
-165
555
-199
-278
455
-210
14
205
358
192
404
-81
-511
746
39
-67
-231
1089
246
-842
-116
442
91
431
-93
11
446
-417
-13
311
370
249
-215
668
193
-294
62
219
-268
-84
134
860
80
76
279
360
203
265
424
-79
-265
-35
487
680
207
-236
-196
-474
-787
243
-50
-347
-192
236
-1
-31
-935
13
-441
-959
-336
-126
166
-108
138
208
516
75
-94
-92
701
345
-207
-394
-390
182
193
-703
342
-372
-219
-244
236
113
-214
-241
-714
838
-67
158
586
806
-523
345
-69
241
281
-430
132
-129
200
121
-399
159
-329
-492
154
-109
-145
683
356
-192
817
-228
-224
-75
-393
-98
-189
33
109
-158
-596
778
41
702
392
-309
215
-429
240
281
388
283
89
136
-218
-139
256
-373
-535
70
7
-504
742
-539
-195
-433
44
-366
-549
61
829
-131
-21
465
-98
-54
141
-55
263
-346
457
268
506
-120
187
127
-708
-141
497
-150
148
-9
-174
395
-200
811
-56
750
698
607
136
-130
281
432
343
-65
389
-301
25
437
-1139
-130
-289
270
-139
-418
52
406
-145
304
-514
320
-470
343
408
870
-221
-22
-420
452
-118
322
249
-361
-23
526
-515
326
23
287
173
-910
-166
105
-32
212
417
-52
-38
440
138
-160
256
692
935
562
-86
120
-423
111
266
-76
102
112
-546
134
-455
837
-521
273
208
516
82
-167
302
-304
735
-527
-98
23
-205
546
-176
566
193
-193
-206
147
-174
9
222
-146
-9
585
630
383
87
138
-890
-752
522
-30
273
643
70
462
-435
335
63
140
423
-40
314
279
32
75
277
734
694
322
-102
173
-242
-173
-342
-211
-457
81
211
263
-497
660
-613
-684
-1
-164
-618
-43
73
37
374
260
-38
-43
-317
-409
-240
129
445
73
-17
43
1074
-500
192
-375
779
388
28
219
88
412
-411
-671
433
-694
420
420
73
133
-169
1011
-30
340
-310
147
378
792
-22
663
125
-308
-570
-232
-249
489
1001
230
-286
-132
-122
-359
243
8
-652
158
221
-355
-203
436
-415
-25
-234
-265
-19
-150
-278
-11
-226
159
-752
426
6
-95
882
494
-429
-190
181
-39
-364
-415
-57
-276
-45
267
-232
-309
44
-371
-22
-927
16
314
17
992
-358
169
-181
-176
-440
-375
-36
-69
137
205
-353
445
189
738
78
-448
-540
5
-275
269
46
149
-685
924
145
281
-575
356
37
-224
504
-63
341
-468
-298
-260
142
178
16
42
283
-814
713
40
356
-34
179
945
447
101
43
353
123
-229
151
151
-403
-589
150
115
-154
-183
464
314
212
7
-96
-234
161
-391
436
-65
313
48
-522
591
373
852
857
-325
836
24
-32
-876
365
-282
213
607
-391
145
938
845
-789
24
-53
11
-151
-48
382
-738
43
29
-296
-178
-194
-803
273
273
-327
-145
-325
-57
300
-503
45
-97
-245
-269
171
86
360
-590
-755
-224
422
-527
568
252
-404
-577
312
-128
-411
205
82
46
-31
571
-156
618
883
92
-337
480
-177
34
95
277
-171
128
154
-477
-116
-143
784
334
-115
219
67
361
152
-209
-606
165
-173
306
499
161
641
-44
341
230
131
-215
497
294
-403
-452
91
444
-589
124
439
-325
16
481
-557
-568
-199
555
-69
-255
-114
69
280
596
-251
517
426
-511
199
137
937
-422
368
647
-46
-44
1039
-607
958
194
-356
-527
339
-158
-412
-341
64
83
-661
690
466
-495
-36
69
-497
-449
-186
-240
-287
745
59
-188
372
305
123
-59
-339
-111
-264
-407
195
579
94
-198
-351
316
236
261
282
-917
148
-242
513
-39
-577
-172
290
-245
247
-493
570
-118
185
89
515
-446
-114
38
-309
-544
403
261
224
251
102
-269
-269
186
-570
-41
-32
-229
372
-89
-193
192
703
-86
429
7
199
-270
399
-389
546
-272
226
300
96
287
318
-40
-429
-67
-1072
-100
-401
629
280
-367
325
-310
1037
-277
-85
251
447
-517
-549
430
39
-463
-197
-423
-53
-554
-203
62
229
-478
-316
147
-308
-302
-684
-268
554
34
437
612
-502
-225
329
-347
-43
173
304
844
74
-792
191
-65
-266
-446
-573
771
15
374
-171
563
47
-760
3
185
-219
655
-730
-154
-529
607
709
297
-587
257
-19
163
693
290
484
-196
67
-195
-632
-42
15
378
-126
-339
-91
-194
120
503
116
13
-153
128
-32
120
64
27
-66
-415
404
-159
519
-229
829
329
-690
-188
-279
694
-238
-434
-114
-270
71
92
-541
-296
200
620
439
673
29
-786
-83
-104
577
101
531
-626
567
-349
-180
-30
-196
-8
113
-538
-126
-371
252
519
782
-112
-125
420
-706
-813
-851
6
407
-618
458
204
-447
-535
27
478
107
-366
224
440
-388
-60
442
-185
-20
-97
167
85
313
-87
-245
278
-172
431
345
134
253
160
-24
-377
-67
-149
-376
-350
548
-374
-342
-111
-273
-701
-111
-371
346
316
914
463
480
-213
-687
-822
170
-446
178
471
113
-279
-20
43
-411
-368
292
142
158
288
629
107
246
-370
275
-82
65
-159
166
-173
203
-361
-295
584
110
97
50
72
540
417
-190
346
156
-119
140
532
-279
373
691
381
493
-59
-263
600
-323
-572
-192
-581
-1051
-255
287
64
65
-103
10
-547
22
-580
251
-243
77
-240
-310
132
334
495
606
-83
-355
213
347
437
-709
-572
-864
630
-555
-127
274
317
101
528
-512
-86
62
-1192
-162
-99
117
-171
249
-1345
82
-310
233
-330
506
657
-548
-374
339
237
232
-137
1
-855
214
-129
324
-108
232
-201
563
305
33
113
57
-75
-465
304
128
-517
211
-253
568
56
264
303
223
661
-74
-75
-511
585
592
-370
12
298
120
-306
-11
86
277
-121
-403
173
283
-63
-475
-700
-164
920
-211
536
264
-6
-33
-646
84
-596
356
417
642
-340
-348
481
176
207
620
-251
181
-58
-262
328
543
-1156
-579
173
-184
-503
103
-442
69
-979
-414
217
-119
-515
460
-205
-114
-584
-425
-641
-35
525
-216
97
-469
-405
144
-149
1018
-322
-751
15
-111
-579
279
-406
-266
131
93
-715
681
-582
486
-39
217
334
-25
765
-78
-170
-432
-127
67
465
69
180
-684
221
-50
-279
464
-46
252
418
129
-212
353
113
-206
33
480
162
846
-26
-72
180
19
-66
163
-595
781
-56
559
38
826
256
-307
413
316
204
-144
-622
589
27
-572
392
-229
-183
-57
425
421
-177
-266
429
-128
-435
-398
548
-298
-542
90
-429
232
299
556
211
121
-553
203
-256
-633
146
-477
-65
-259
224
-100
741
-662
38
554
-338
-621
614
-391
491
-221
257
413
61
-483
-300
64
-83
355
256
672
252
262
-83
-1185
-169
466
-392
-870
567
-21
30
-204
342
-547
387
-146
-323
-608
167
256
5
391
-705
-721
595
89
-54
131
232
73
253
-375
-737
572
406
935
-491
-76
219
-91
934
301
-126
55
-385
-265
32
-96
631
718
554
308
704
-86
57
-193
-307
-81
240
580
-48
-315
374
134
643
94
-426
556
-279
-174
-376
624
165
-146
64
97
30
-179
-92
143
213
60
-334
70
407
76
-853
-1
-427
82
57
297
-368
-382
157
-257
109
-625
943
-198
170
-205
84
571
-67
-731
-301
437
-66
317
-87
-605
-730
599
-12
600
-49
38
43
781
-262
-421
401
-329
-220
415
-77
835
-192
814
-171
-453
447
154
106
-476
-44
-42
91
367
-277
208
-41
9
-512
640
522
-438
-967
56
-707
384
162
-209
-167
-329
-439
-276
-221
326
-222
-6
-234
195
303
340
448
-484
-93
-116
344
-438
45
-422
-49
-244
4
357
300
411
387
196
840
206
510
-669
-144
-392
-185
647
-375
-481
-819
93
186
704
-32
-195
-113
284
165
517
426
-891
-319
-673
1564
-113
610
-524
-328
-643
-488
-209
54
315
339
-123
179
-478
151
-31
697
-149
-402
383
-12
-490
-285
-209
507
534
-12
-539
170
-786
-92
64
-47
-297
-306
-50
227
-121
-100
-47
-170
-193
-30
894
-28
83
441
928
-327
-310
-21
-279
1
-147
-25
-348
334
186
574
-782
528
-259
263
-712
16
213
380
-267
112
113
-77
224
255
357
-18
99
39
-768
659
60
56
-147
203
-227
12
301
-309
368
853
32
-51
153
138
290
250
84
155
-136
-132
800
120
16
-681
-273
205
818
-129
158
-298
-251
-50
