1000 40 50
357 481 1053 2397 2469 2991 3103 3279 3669 4482 5627 5726 5993 6543 6568 7264 8132 8850 8914 9306 9369 9726 10823 11481 11872 12152 12860 13008 13376 13525 13597 14220 14461 14720 14856 16982 17289 18261 20345 25232 29147 29632 31379 31737 36771 42587 55160 58128 68752 125446
514 789 884 939 1278 1365 2176 2836 3495 4215 4498 4501 4566 5628 5885 5888 6352 7039 7200 8271 8371 9986 10381 10431 11237 12520 13219 14339 14909 14948 15086 15477 18029 18309 18420 19853 20714 21791 22165 23639 27063 28222 28452 34193 34357 35267 43808 43980 53484 86492
67 326 332 641 737 876 1086 1276 1683 2114 2152 2771 3271 3943 4131 4635 4647 4886 5076 5581 6428 7306 7509 7602 7656 8451 9884 13728 14085 14270 14408 15331 16478 24750 25898 27511 27771 28234 28364 28383 29664 32877 33536 42558 46562 48076 48986 51401 72140 83891
338 1018 1092 1131 1553 1996 2280 2280 2327 2569 3536 4592 4671 4949 5043 5216 5472 5930 6127 6128 7447 7871 8510 8803 8922 9652 9950 10473 10671 12027 13101 13435 13566 14516 14534 16927 18086 19653 20079 25302 25772 26978 28832 29489 31653 32700 37000 40046 53016 143152
520 637 878 1105 1297 2234 2717 2878 3836 5167 5223 5968 6140 6532 6917 6968 7929 7985 8267 9159 9217 11250 11624 12467 13648 13698 13989 14040 14528 14703 15838 16226 17397 19239 20112 21832 22065 27512 28330 28522 31124 31933 34273 35086 37886 39274 40534 43107 62148 81263
944 1171 2610 2765 3209 3799 3924 3983 4335 4370 4388 4685 5164 5200 6682 6999 7166 8046 8047 9313 9339 9583 9591 9635 9644 10124 11930 11934 14501 14766 15579 15960 17642 17745 17889 18243 18483 22168 22769 23731 25303 28977 34710 34766 36194 36749 38450 42463 63938 85849
59 668 767 1579 1748 2183 2230 2908 3021 3145 3400 3686 5146 5242 5243 6145 6164 7216 7569 7730 8397 8439 8476 8705 9068 9208 9375 10503 11251 11403 12616 13655 14973 16613 16969 17026 18045 23674 26083 27644 34570 35158 39806 46261 52799 52961 59855 61518 85763 96893
587 1532 1566 1633 2022 2707 3651 3672 4084 4090 4345 4614 5183 5373 5669 5864 6939 8057 8491 8594 9213 9240 10151 10172 11679 11867 13275 13807 14156 14218 14969 15832 15961 16607 16927 18935 19655 19726 20574 25313 28869 32503 34856 35556 38765 43237 43292 45714 46125 87731
351 758 1379 1453 1672 1774 2437 3496 4800 5005 5015 5291 5434 5538 6221 6233 6299 6948 6996 7470 7609 7955 8091 8198 9765 10316 10505 10529 12654 12661 13175 14347 14394 14779 15190 17301 20751 21385 21697 22467 23590 27192 30483 31530 32224 36851 55292 57497 73256 75744
1059 1470 2799 3191 3193 4155 4669 4927 5793 6091 6418 7160 7164 7259 8913 9130 9904 10091 10228 10529 10861 11746 12158 12468 13948 14485 14865 14877 15203 15439 15747 16147 17276 18008 18017 18828 19142 20699 21201 22093 23324 29654 34573 36294 37866 43731 51148 52479 55327 86325
147 190 650 975 1635 1688 2472 2989 3313 5424 5761 6687 6828 8423 8585 9849 10035 10990 11161 11562 11684 11765 12245 12681 12682 12915 13341 13605 14349 14937 15853 16231 16553 17692 18576 20193 20635 21911 23668 24213 24688 27495 28129 28673 28851 30036 31275 32689 48818 67687
474 1107 1124 1155 1534 2979 3870 4571 5099 5543 5617 5661 6070 6075 6119 6859 7400 8268 8985 9177 10278 10428 11223 12569 12642 13028 13131 13198 13631 14448 17116 17353 17614 17696 18029 20751 23588 24367 27162 27175 27454 31565 31630 31951 33994 34635 38012 50481 57155 83028
469 660 1650 1662 1832 2139 2676 2810 2860 3320 3367 3497 4608 4650 5609 7508 7897 8402 8446 8529 8609 9098 9395 9508 10530 10931 11588 11992 12829 13688 15025 15360 15671 16064 16436 17468 18279 19108 19296 20814 26638 28562 32136 32321 34718 36753 48091 52682 53357 78254
751 818 979 1754 2023 2118 2234 2525 2583 3516 3704 3836 4301 4329 4567 5401 5803 5862 6318 6834 6927 7059 7765 8116 8304 9166 9229 10360 11124 13941 14890 15049 15278 16692 17597 17914 17999 18107 19156 19447 22434 25519 27667 36731 45681 45938 56788 58787 63611 110485
98 543 821 1661 2190 2805 2910 3264 3612 4320 4874 4951 5478 6241 6639 6972 7759 7985 8159 8528 8732 9651 10863 11062 12291 12712 12992 13397 13703 14092 14552 15245 16886 17660 18077 18705 19205 19405 19740 20296 21696 23018 23411 26623 28540 29414 43854 51990 76110 104367
115 246 382 730 912 1303 1467 1661 2318 2398 4382 4445 4801 5558 5626 5677 5722 5991 6002 6155 6833 8548 9345 10455 10768 11090 11424 11814 13514 13949 14130 15740 16237 18076 18902 21156 25662 26102 27199 27982 31329 31748 34986 36408 37432 44555 45956 55408 61964 77683
138 568 827 975 1425 1489 1774 1960 2422 2984 3489 4159 4406 4631 5145 5442 6963 7138 7986 8974 9135 9695 10922 11273 11942 12522 13923 14320 16113 17577 17805 18698 19030 19179 19709 21665 22159 25902 26615 28058 33913 35512 35526 42711 43290 49105 50920 55113 58181 61690
56 597 743 743 952 1375 1839 2594 3497 3767 5640 6145 7739 7887 8156 9107 9188 9333 9576 10523 10537 10836 12084 12562 12566 12617 13272 13437 14526 14704 15224 17433 17728 22940 24007 24518 24840 25736 26242 27651 28524 29476 32665 35464 38227 39669 41653 45873 85343 90464
8 172 294 538 541 1116 1664 1887 3214 3322 3372 3726 4072 4112 5149 5211 6568 6721 7679 8800 9474 9968 10685 10783 10825 11805 11855 12178 12502 13892 14347 15783 15977 16042 16277 18410 20021 20780 21662 23262 23669 25984 30974 36951 38699 40092 48388 50220 50554 73527
1123 2132 3138 3627 3703 3886 4807 5611 6027 6097 6147 6178 6296 6510 6938 7245 7458 7508 7593 7686 7772 9078 9162 11326 11739 11835 13060 14012 16076 17185 17463 18087 18220 19701 20067 20584 21207 21458 23563 23606 25608 26168 27451 27995 28199 31902 34722 49187 80433 89446
591 1069 1249 2420 2766 2857 3012 3297 3607 3775 4144 4252 4609 5563 7157 7228 7734 8279 8316 8477 9468 9950 11003 11017 11105 12066 13413 14996 15575 15611 15942 18033 19216 19491 20838 21379 21946 23394 26526 28951 29313 30741 32512 39212 40919 42316 45897 51788 61382 66842
258 479 1118 1160 1324 1511 2152 2526 2542 2716 2889 3049 3141 4666 5251 5350 5839 6150 6243 7054 7838 8198 9105 9912 10656 11730 13684 15301 15857 17626 17840 20404 20993 23173 27018 27055 27509 28117 28964 29091 30073 31217 32740 33858 34289 34409 34916 36842 38519 134747
592 1880 2035 2217 2461 3131 3352 3531 4367 4399 4855 5048 6148 6942 7225 7483 8535 8746 8806 9140 9682 9713 10210 10223 11895 11929 12020 12482 13119 14151 14943 15780 17110 17526 17564 17912 20638 22133 23766 25367 28666 30141 31255 34029 37919 48421 52277 64421 75415 75505
1237 1650 1660 1908 1954 2589 2776 3116 3300 4182 5088 5204 5543 5871 6030 6251 6374 6793 7180 7558 8214 8392 8594 9470 9660 9831 10378 10767 11243 11528 11836 12328 16961 17880 18247 21309 22244 23036 23948 24262 31699 32001 34081 36940 47665 51965 57041 58640 65445 73148
150 358 894 1103 1286 1331 1768 1930 2081 2441 5858 6404 6688 7726 8197 8675 9192 9407 9947 10001 10078 10174 10648 12042 12956 13255 13855 13920 14209 14869 16167 16657 17441 21944 22558 23106 23828 24238 25012 26238 26372 30517 36368 37018 37023 48182 56501 61382 64420 80774
130 931 1258 1918 2112 2229 2797 3233 3247 3378 3563 3770 4098 4184 4236 4459 4813 4919 5737 5763 7070 7224 7321 8656 10104 10569 11033 12503 14534 15374 15478 16003 18253 18676 19208 21682 23774 24547 28979 30138 35598 36559 40235 42445 47013 50278 51306 56199 78947 88372
438 575 782 1064 1218 1517 1625 2285 2651 3213 4582 4875 5212 5474 6519 7021 7368 8009 8256 9932 10027 11670 11766 12049 12523 12548 12687 12962 13053 13383 14642 14740 15725 17077 17152 18553 19147 20971 22205 23487 25922 26722 27424 29971 30235 36099 37271 45196 63407 101741
355 449 578 688 1688 1716 3054 4246 4460 4624 4974 5843 6443 6947 7312 7940 7980 8603 8841 9298 9308 9382 9884 10079 10283 12353 12584 13096 13261 14822 14879 15816 16309 16711 17076 17933 18209 18784 19041 21012 23696 25448 27092 28303 33904 35393 38018 41312 58075 78802
563 970 1293 1898 2061 2189 2222 2360 2418 2503 2571 2655 3460 4121 4949 6051 7069 7281 8647 9158 9180 9355 9783 9796 9809 9840 9906 12687 12771 14815 15384 16576 17279 17654 18772 18776 19636 26154 26267 28258 29455 32322 32914 34587 35372 36957 38456 58947 59945 62383
65 765 1022 1181 1458 1798 2631 2904 3163 3517 4450 5103 5328 6007 6290 7292 7885 8258 8275 9003 9244 9678 10003 10068 11042 11997 12032 12278 12315 13918 15568 15770 16820 17947 18783 20336 22439 22948 26449 29503 30473 32095 33567 35256 41537 43188 48497 50938 58291 93408
162 296 922 1210 1218 1449 1661 1998 2023 2167 3211 3580 3797 4998 5103 5199 5877 6516 6699 6968 8390 9013 9609 11345 11554 11987 12150 13184 13613 13662 14666 17001 17255 18378 18804 19851 22499 23455 24806 28407 28532 33609 36086 37858 39001 44559 49469 73773 77959 93972
1273 2307 2519 2937 3167 3838 5279 5572 5888 6249 6948 7293 7876 8050 8875 9291 10336 10503 10973 11468 11875 12324 12402 13201 14315 14454 14479 14785 15113 15161 15175 17058 20006 20828 23380 23934 23937 26037 29116 29523 30425 36229 36420 37992 38906 39472 40572 41895 52025 55620
172 935 1273 1371 1825 2196 2207 2554 2677 3361 3593 4907 5135 5393 5671 5754 5793 6175 6430 6785 6930 7400 7740 7874 8753 10459 10985 11809 12120 12214 12669 13543 14274 14855 15084 16196 16644 20032 20060 22998 28713 29407 32684 39265 41942 43032 43276 57766 67569 70151
178 187 293 373 657 783 1114 1324 1375 1432 1535 1987 3009 3515 5127 5160 5848 5952 6601 7304 7768 9130 10213 10516 10661 10743 11700 12434 12514 13739 15879 15978 17835 19127 19447 21462 23829 25968 31232 31655 33847 33899 33955 38044 40577 42267 42501 53658 64466 71541
159 347 407 846 1402 1812 2585 2685 3217 3348 3849 3924 4184 4208 5571 6493 6500 7942 7962 8977 9312 9500 10017 11135 11194 11712 12891 16070 17655 18048 18119 18614 19871 19977 21379 23089 26099 26433 28383 29376 29635 30518 35052 37227 37356 37365 41061 45996 56321 82593
760 813 984 1060 1270 1317 1437 2392 3276 3395 3884 4059 4545 5405 6492 7596 8139 8715 9055 9131 9655 10485 11112 11386 13215 14356 14721 15171 15270 15493 16425 16659 17579 19141 19320 19564 20239 21900 22216 22653 26444 30563 35838 36936 40175 49289 50155 56772 62990 69321
71 396 417 587 672 895 1086 1130 1463 2740 3195 3246 3542 4101 4396 4748 6601 7061 7098 7350 7919 8592 8702 8950 9114 9173 9400 10246 11876 12839 13160 16674 17505 17864 18695 21293 21345 23655 25204 27366 27904 29561 31246 31421 32001 34501 45322 62195 63906 90327
594 726 774 812 938 1219 1846 1952 2784 3823 4561 4727 4830 5277 5516 6146 6489 6591 6655 6739 6826 7021 7025 7858 8876 9776 9789 10298 11933 12884 13740 14355 14387 14765 17009 17576 18648 20355 21098 24133 25563 25885 29644 36803 43802 45237 51544 67036 68196 103300
160 217 1128 1176 1214 2660 3075 3176 4102 4190 4849 5055 5183 5539 6373 6946 8850 9457 9617 10156 10302 10783 12885 14091 15180 15343 15746 16542 17529 18201 19255 19868 20442 21032 22041 22433 23231 23840 24751 27595 27753 28490 30456 32765 34605 37007 40160 48244 48264 48326
199 279 835 1826 3127 3509 3751 4258 4941 5186 7180 7488 8144 8195 8518 8534 8903 10881 11422 11579 11916 12260 12349 12647 13746 17613 17951 18491 19294 19573 19716 20339 20455 20759 20943 21900 23587 23594 23696 27571 28021 34029 35290 35701 42426 42909 43893 45126 51221 61811
