1000 38 12
8073 11634 16141 22624 33958 38414 44944 46805 108055 127411 132513 161420
10277 13835 15836 18755 37255 49362 60315 75796 101294 109534 179330 190985
10722 14174 17500 17616 18882 21157 27916 39451 47147 116740 138122 315110
10111 17863 23627 25040 29970 37788 48390 76235 104105 139305 167785 181007
15366 37111 41388 46207 53531 58368 63826 64196 97512 100174 110019 113036
7444 19050 23960 25975 34801 78831 81397 83262 104415 111675 114169 136499
8954 11997 16914 18023 21187 36001 50702 52931 77307 90485 132944 175910
1462 5790 10118 15884 26031 38191 50003 79270 104584 129777 132671 262580
237 5554 17261 17368 22649 41708 55913 58651 77016 107070 131261 163438
6129 6446 7887 29286 36863 42226 45092 49370 67414 74620 116430 248997
3917 22361 32399 42749 45077 60074 60334 85944 95102 105006 118748 169535
5149 7964 14600 47129 48698 60933 68990 77474 89354 99178 114990 176036
874 8041 16020 16657 21121 34448 36907 60702 98839 99512 101924 188869
1496 15518 24413 25299 26228 44288 46341 54169 65547 136410 149130 151125
22017 22372 26700 28227 28931 33742 48027 59125 62002 105773 119314 198188
1362 3494 3592 11233 15243 17787 48218 66049 71425 78413 116447 296576
1308 17891 19218 22891 26270 27522 47887 52117 89706 95381 129701 185734
13168 17544 22884 25180 34812 38484 39708 60681 88295 96283 110000 146324
81 7586 20193 29212 34077 43289 43490 48078 55398 98738 120568 185451
11368 20403 21793 25995 28632 40658 54677 79060 83354 89869 104454 158443
3585 24294 34951 38790 48559 50521 51033 77789 94949 112154 136037 154462
835 13730 18548 28127 47239 52922 62227 63332 81598 107965 142266 166261
3597 5063 11840 17837 30040 37991 52248 77164 80521 92423 134213 138645
11203 17680 35193 40003 41230 53177 62730 63419 64566 79438 114928 198007
324 23598 24027 42771 50946 51514 66047 68720 69167 72272 89691 222943
340 368 4036 14480 14678 29179 30880 104829 121289 130049 140580 170833
3006 3547 3974 13418 31215 39539 61171 63758 87370 128769 150888 180648
74 20248 27464 28426 47361 59447 78580 91199 96568 97170 98650 112107
928 9848 10310 29607 37653 46427 51150 57431 65339 74642 91469 316488
1275 5932 7201 11541 22591 29154 55408 85020 112255 129003 135289 163275
13973 23074 36517 41409 48192 53917 77416 78635 95342 105532 109764 123705
14182 20698 37746 47178 47243 54529 60487 69500 71558 79566 88650 107433
3429 5939 10896 12866 37802 38179 69653 90127 104329 105386 151977 209905
169 3190 24860 28905 44203 51001 64160 73869 86958 113699 117172 188039
15025 24315 25854 30752 35844 44698 58965 80104 82766 109483 142490 151776
8157 9453 22138 33439 36873 41237 76883 92163 108579 141015 150887 151786
2000 6824 8387 28555 44264 64051 67296 92466 107607 120231 124989 134447
15420 23099 29716 30579 31361 34483 43872 47679 70831 84056 136525 244151
