50 400
1 3
1 5
1 7
1 8
1 9
1 10
1 14
1 16
1 19
1 22
1 36
1 38
1 41
1 43
1 44
1 49
2 5
2 6
2 7
2 9
2 10
2 11
2 13
2 14
2 16
2 20
2 26
2 28
2 29
2 32
2 36
2 43
3 11
3 15
3 16
3 18
3 19
3 21
3 22
3 23
3 25
3 27
3 30
3 43
3 48
4 5
4 6
4 7
4 8
4 13
4 14
4 15
4 20
4 29
4 30
4 32
4 38
4 40
4 43
4 44
4 45
4 46
4 47
4 49
4 50
5 8
5 15
5 18
5 22
5 28
5 32
5 37
5 38
5 39
5 40
5 42
5 44
5 45
5 49
5 50
6 10
6 11
6 14
6 19
6 21
6 28
6 30
6 31
6 32
6 41
6 47
6 48
7 9
7 12
7 14
7 15
7 16
7 17
7 19
7 20
7 23
7 26
7 27
7 34
7 36
7 38
7 39
7 41
7 45
7 47
8 15
8 19
8 22
8 25
8 29
8 41
8 44
8 47
8 48
8 49
8 50
9 12
9 15
9 20
9 21
9 22
9 27
9 30
9 38
9 39
9 40
9 42
9 43
9 46
9 49
10 11
10 12
10 13
10 14
10 15
10 17
10 20
10 25
10 32
10 34
10 40
10 42
10 47
10 48
11 13
11 15
11 27
11 32
11 43
11 45
11 46
11 47
12 22
12 31
12 32
12 40
12 41
12 42
12 43
12 46
12 47
13 14
13 15
13 16
13 17
13 19
13 25
13 33
13 34
13 36
13 39
13 43
13 47
14 18
14 19
14 20
14 21
14 22
14 28
14 29
14 36
14 41
14 45
14 47
14 48
15 21
15 24
15 25
15 26
15 29
15 33
15 34
15 36
15 37
15 43
15 50
16 18
16 19
16 20
16 24
16 25
16 28
16 29
16 30
16 34
16 35
16 37
16 39
16 41
16 43
16 44
16 48
17 23
17 32
17 34
17 48
18 19
18 20
18 29
18 32
18 33
18 34
18 35
18 37
18 38
18 41
18 43
18 45
18 47
19 20
19 21
19 27
19 33
19 35
19 37
19 38
19 40
19 42
19 43
19 44
19 46
20 21
20 22
20 26
20 28
20 29
20 39
20 46
20 47
20 50
21 23
21 24
21 25
21 28
21 32
21 33
21 34
21 38
21 39
21 41
21 43
21 44
21 46
21 49
22 24
22 33
22 37
22 40
22 44
23 29
23 32
23 33
23 34
23 36
23 40
23 44
23 50
24 32
24 34
24 35
24 36
24 38
24 41
24 45
25 26
25 29
25 30
25 32
25 43
26 27
26 30
26 32
26 34
26 38
26 40
26 43
27 34
27 36
27 39
27 40
27 42
27 43
27 47
27 49
28 29
28 30
28 31
28 32
28 34
28 37
28 39
28 40
28 42
28 43
29 30
29 34
29 35
29 36
29 38
29 39
29 42
29 44
29 46
29 47
29 48
30 42
30 44
30 45
30 49
31 32
31 33
31 36
31 37
31 46
31 47
31 48
31 49
32 36
32 40
32 41
32 42
32 44
32 46
32 47
32 50
33 34
33 35
33 37
33 39
33 40
33 46
33 47
33 50
34 37
34 41
34 45
34 46
34 50
35 38
35 39
35 47
35 50
36 44
37 38
37 45
37 49
38 39
38 43
38 45
38 47
38 48
38 49
39 40
39 43
39 44
39 46
39 48
39 50
40 42
40 45
40 49
41 42
41 46
42 46
42 47
42 48
43 47
43 50
44 45
44 49
45 46
45 48
45 50
46 47
48 49
1
1
1
1
1
1
1
1
1
1
1
1
1
1
1
1
1
1
1
1
1
1
1
1
1
1
1
1
1
1
1
1
1
1
1
1
1
1
1
1
1
1
1
1
1
1
1
1
1
1
1
1
1
1
1
1
1
1
1
1
1
1
1
1
1
1
1
1
1
1
1
1
1
1
1
1
1
1
1
1
1
1
1
1
1
1
1
1
1
1
1
1
1
1
1
1
1
1
1
1
