9 402 33
590 9284
2363 7724
8810 9361
5420 1502
3136 2433
5879 3982
5489 8836
8660 5591
9534 761
6109 7204
272 8605
1283 8122
6712 9467
4952 3339
817 4424
7239 5674
5873 7512
5121 8992
7603 6986
4116 916
7026 3874
4234 3795
3738 5056
7611 529
6416 4499
5481 4290
151 1113
5261 3604
4418 1638
4432 7802
1942 721
9068 125
66 7007
279 4482
2894 6389
5829 1270
6666 2527
9121 5573
7982 5527
9533 7370
5778 3647
8618 5788
6111 4570
685 3385
6633 4713
6267 6097
1791 4954
4688 5760
8901 7452
9602 5946
8636 6239
130 9487
4155 261
6592 3418
2672 2098
9762 3357
9364 4447
772 9241
3576 1583
5177 8065
1388 7957
5268 1966
1219 8582
8597 3460
3583 4680
3702 224
4785 4357
9369 7406
2142 6500
5153 2497
2946 8031
9402 2259
9878 1708
3324 5379
8025 6362
489 8806
3135 6050
3866 7017
5026 218
6729 3433
9160 2964
4147 7534
917 2434
9148 7142
9216 5754
8638 8852
611 4877
7326 3014
7770 6807
8460 4912
8093 3916
5348 9008
314 8795
9255 6252
7221 5321
4567 895
2244 2449
9823 7104
890 5286
5842 5861
9870 9958
7836 3212
5028 9618
4459 1462
6401 3947
1713 1259
51 4660
8309 1022
9015 7502
7140 6598
3032 8860
6983 4159
6616 5809
9064 9708
1799 3603
8655 7121
1706 7339
5623 6494
7310 1773
504 9934
1533 3759
8043 8670
5257 2878
6100 1613
9428 3822
7939 5992
7368 9777
3964 6048
3838 7659
6714 8675
2758 7127
200 9706
8183 2659
7891 1289
9121 5446
8274 5828
4959 6744
519 3821
7735 529
3377 4655
5376 5017
734 6801
4265 7199
3046 8461
8584 9820
9578 2845
5726 9520
5199 1063
5329 5862
9202 1361
1467 5308
6058 9377
4190 7064
6261 2114
4603 5248
1165 3028
2608 7332
8607 3065
8809 5092
8671 3745
8913 2377
3052 3404
656 3839
390 5721
4022 6901
2031 6995
8245 3414
1456 7643
3502 5677
6463 8557
5718 1876
1020 7108
764 4058
7828 2124
9845 1314
6073 7094
2110 4929
1336 4481
9351 2096
7082 9101
2512 6801
3656 780
793 1147
4244 2732
2684 8872
9717 8269
4756 2929
3543 2685
9210 9887
1066 650
840 6937
9364 9476
2285 943
5151 3163
8081 5466
7045 8918
9405 1037
9535 7933
9358 3064
9883 7419
9451 3348
4049 4748
302 1130
7289 3347
6531 533
8552 3875
6651 3256
648 8728
9588 1652
3727 4737
6655 8522
3805 5580
917 247
4034 3588
7238 1197
3782 8782
7443 124
6742 1870
7486 410
1283 1137
7509 7094
5309 747
877 1933
5383 3125
464 8138
2429 5547
9967 4768
149 2172
518 1504
1861 6266
412 5192
9110 4978
5093 4826
9819 8197
9985 823
8552 4200
7020 526
6041 7907
7232 6707
3342 8743
4157 9073
2994 867
3610 591
5585 9484
2954 3112
8386 1363
8170 1189
7714 9781
2088 9715
8961 7337
9961 4423
1450 3479
8865 3585
6281 7269
1861 1839
3132 3602
208 2418
4334 4955
6527 9985
2911 4373
282 7565
2962 2657
9141 9247
498 7491
3985 6689
799 9803
4485 7688
5840 3354
5766 9889
6741 3107
1948 7315
5380 1206
6165 8065
3163 6305
4690 2305
2357 3491
1057 2994
4748 8512
1757 1494
1552 2024
5357 2650
464 6679
7962 1762
7097 4918
9466 9993
6613 2300
1784 8131
2716 2640
3610 1893
1980 6750
8828 9690
4681 7284
8104 7015
872 9218
8807 3095
3978 9242
9000 3852
2292 2076
7177 9285
5704 114
4959 9852
1415 1294
1556 2730
4673 5647
8021 349
5490 8727
9499 5029
5843 3798
4851 4593
9263 7466
348 483
5762 6947
8647 7645
9808 6385
4781 9944
2086 2165
1788 7909
9520 4845
938 7456
9519 8989
4061 345
71 4798
899 5
2918 6552
9346 926
5679 7003
9873 3089
8339 3666
411 6364
5863 4695
6080 3657
1144 3320
8645 548
7757 5928
9549 8547
1147 5447
8206 3542
4363 7688
2109 7625
3347 6970
6164 419
9804 9049
9626 7866
6419 9912
8835 2042
3558 6640
2428 3574
8732 8061
4366 2286
9706 6306
2693 9742
5031 4177
5022 5312
8569 8746
167 9
3715 4637
69 8900
4076 1131
7898 5333
2883 4151
2073 5764
167 4907
2122 8241
4318 6001
1646 8433
2670 8448
8289 1602
155 3091
8350 74
3590 2849
1140 5680
2231 7154
585 3277
4959 723
8702 9244
1083 9716
6262 4172
2503 4961
9538 4730
2074 9993
331 9594
3473 7749
1179 4892
2003 1324
2357 8165
170 8646
4214 9543
1889 5803
9058 9502
732 7771
4256 262
5466 4097
8535 310
1842 4816
5197 51
3142 2759
3239 6466
1220 1389
6501 24
4818 7310
8450 7633
5530 9858
2279 285
7978 3576
5915 3505
6671 2775
9308 6386
7128 6972
3415 6848
2390 7328
5143 581
0.1616 0.1620 0.5414 0.5897 0.6282 0.7405 0.6636 0.6988 0.4372
0.8311 0.5492 0.5827 0.4496 0.5607 0.2073 0.1286 0.6039 0.7586
0.1497 0.6426 0.4137 0.4808 0.2984 0.3093 0.1219 0.4225 0.4142
0.8940 0.4527 0.4436 0.7255 0.7445 0.6023 0.6243 0.1747 0.3824
0.1234 0.2001 0.8308 0.1113 0.1110 0.2093 0.1179 0.6026 0.6086
0.4462 0.7884 0.3286 0.4723 0.2030 0.6139 0.4988 0.6053 0.6721
0.2522 0.7597 0.4238 0.8409 0.1024 0.8284 0.6626 0.5087 0.5551
0.4225 0.6766 0.4662 0.8217 0.7870 0.7854 0.5609 0.3071 0.7375
0.7996 0.5788 0.6369 0.3864 0.2181 0.5114 0.7450 0.1424 0.1925
0.7980 0.8592 0.5983 0.7278 0.3161 0.2408 0.6305 0.7383 0.6162
0.2657 0.1946 0.7192 0.2975 0.5794 0.4953 0.2170 0.4808 0.4348
0.5994 0.5587 0.5222 0.1624 0.7303 0.1457 0.1762 0.3868 0.5052
0.3647 0.7653 0.6223 0.2075 0.2924 0.7405 0.8195 0.4274 0.6310
0.8460 0.4539 0.8787 0.2923 0.1809 0.3343 0.6023 0.5333 0.6936
0.7358 0.7122 0.8486 0.4569 0.1969 0.1121 0.2662 0.6953 0.5259
0.4643 0.5271 0.4430 0.7327 0.5365 0.3470 0.3740 0.2340 0.3824
0.2919 0.2201 0.3599 0.8506 0.3936 0.2363 0.8686 0.5208 0.7947
0.6408 0.2758 0.7790 0.5831 0.2011 0.2664 0.7735 0.2471 0.8893
0.5852 0.4680 0.6798 0.6284 0.7378 0.5780 0.6152 0.5611 0.1312
0.5637 0.3826 0.2518 0.5549 0.8678 0.2038 0.5003 0.6020 0.8100
0.5258 0.8489 0.3364 0.4886 0.8846 0.8752 0.6928 0.4805 0.7453
0.4146 0.6981 0.5834 0.3322 0.8021 0.6954 0.4181 0.5155 0.3550
0.1176 0.6412 0.4668 0.4687 0.8521 0.7448 0.3272 0.7439 0.8010
0.3677 0.8372 0.5264 0.1902 0.7689 0.4113 0.5569 0.2641 0.6197
0.4164 0.7483 0.7037 0.2433 0.8039 0.4714 0.7235 0.2195 0.3099
0.3596 0.1293 0.2283 0.6881 0.1951 0.4308 0.1781 0.5409 0.5596
0.5845 0.6605 0.4064 0.7871 0.3311 0.7963 0.6027 0.5437 0.7517
0.5348 0.1517 0.7504 0.6624 0.1728 0.3318 0.2634 0.6500 0.6204
0.3478 0.2089 0.1162 0.7910 0.7690 0.6915 0.1204 0.7623 0.2711
0.4713 0.5281 0.5524 0.8925 0.1854 0.2591 0.8073 0.4473 0.5294
0.4431 0.8966 0.6396 0.3257 0.6004 0.8921 0.1680 0.6538 0.1288
0.5153 0.1348 0.2298 0.7700 0.5486 0.6482 0.2612 0.4617 0.1487
0.4329 0.2322 0.7598 0.2112 0.8073 0.7799 0.3896 0.8833 0.1391
