6 180 22
7844 2228
2922 3854
7714 7502
6172 9587
615 2254
9160 8428
983 5541
5650 4250
2938 7471
8924 6969
9589 4087
3216 4724
3502 2275
2651 4931
6570 3785
8315 2649
9301 397
326 8139
1740 6141
6496 1371
5996 3306
5775 3922
7030 2088
6238 9269
7451 3457
2412 5595
8640 4792
9755 6166
1284 1284
7429 3969
9424 3304
437 2488
1745 7380
7934 4344
8832 8475
4334 1415
6138 4015
9402 8201
9234 6622
8977 5033
3794 8456
4677 1801
8947 2307
5982 7184
4352 7859
7374 9604
682 4079
1851 4154
3963 6244
4948 7008
4003 1210
7680 2191
2402 9508
3801 4760
3648 6505
7484 3775
15 7735
8328 7735
4569 6325
5687 2899
5999 2666
345 2146
7164 2532
7896 6524
2430 5192
9309 5799
5601 5741
7001 7448
4721 3547
7475 1817
5863 9214
4039 3276
2526 3171
1918 2945
8470 3460
2161 3636
3924 7528
3267 789
4494 2194
9651 9008
7321 7578
5863 6496
3249 432
3478 5590
6496 48
3894 6346
5356 2195
962 1727
1835 846
7416 8150
2790 5114
6155 6461
4139 9308
1059 1317
443 3685
9886 5605
4763 4632
4940 8015
251 5598
5770 7002
7786 6768
1657 2900
5578 6036
4722 1900
9080 3131
3330 5790
1836 7213
2938 3216
376 3056
7468 7174
416 3269
576 6628
9469 7795
2481 6281
5350 3899
465 41
3361 9110
3370 3009
1351 6410
9723 5289
7406 67
354 9596
5634 7009
3517 9145
3479 2737
5608 9595
2488 4377
3976 3495
8065 7082
3604 8783
5723 485
1014 6155
9242 9724
3771 3203
634 2020
6193 1566
3370 3824
651 9301
9180 9256
3513 808
6919 9008
8425 9702
446 3407
797 1572
4819 1002
4381 7567
1825 4601
3731 5500
4734 5043
314 1781
5593 2204
5478 5331
9458 5722
966 9824
9596 1014
5076 9121
7289 6226
3866 5682
9457 6953
2231 7090
1605 6798
432 954
5256 2927
1050 2446
357 1557
2675 2719
49 647
9985 319
6560 695
9267 7488
7529 9809
3752 5772
1856 5870
659 2749
2577 107
9382 1083
3213 6253
7520 4061
3926 6859
1968 3951
35 6754
6649 2426
4144 2342
6336 6650
6525 9251
6431 2222
0.1845 0.7146 0.7792 0.6447 0.6121 0.7669
0.7747 0.8144 0.4070 0.4545 0.7706 0.1430
0.2283 0.1510 0.1847 0.1430 0.4602 0.5612
0.2655 0.6707 0.8643 0.3427 0.2129 0.4651
0.5631 0.8008 0.3057 0.5175 0.7904 0.8738
0.1851 0.1444 0.1205 0.7028 0.6133 0.2351
0.3698 0.1219 0.5283 0.6998 0.7744 0.4246
0.7370 0.8739 0.7325 0.3888 0.7632 0.3456
0.5647 0.7178 0.1723 0.1264 0.6998 0.4021
0.3922 0.8150 0.2166 0.1736 0.5846 0.1356
0.8975 0.7208 0.4049 0.2110 0.6016 0.1630
0.2325 0.3666 0.5769 0.7452 0.1219 0.7869
0.5625 0.4240 0.4910 0.8563 0.3654 0.6756
0.7040 0.3507 0.4031 0.6562 0.8514 0.7780
0.7886 0.6402 0.1091 0.3199 0.5598 0.8310
0.2645 0.4676 0.5114 0.4389 0.1181 0.4136
0.5294 0.6735 0.8835 0.3230 0.6485 0.3140
0.3898 0.3295 0.8237 0.2863 0.5837 0.3295
0.2392 0.8436 0.6467 0.8173 0.2230 0.8162
0.4340 0.6039 0.1294 0.4302 0.1921 0.3033
0.3630 0.4803 0.4673 0.6909 0.1238 0.3017
0.8635 0.3317 0.3615 0.7412 0.1065 0.8847
