12 487 28
4766 5647
6261 5145
166 9498
3422 4747
7514 8749
7114 6131
2292 629
3894 2173
4001 8679
3783 7038
4068 3828
8917 7321
113 5359
992 8904
4818 7099
6886 9998
4017 32
5953 3927
5800 6801
8435 2192
4239 1978
6265 1300
5699 572
5462 2400
8548 2027
3887 943
6196 724
727 7958
9718 9017
9968 9446
8097 4918
8875 4546
6695 2065
8440 9931
7978 4975
4657 5301
7286 6877
2315 7070
4767 4482
4093 6161
391 9843
9795 3082
6803 4609
2100 846
4946 9072
9603 8586
1553 133
9007 1243
4660 4143
7653 4324
6051 8176
7908 6068
9977 2921
8624 6408
1226 6319
6076 8309
442 3500
827 9809
6007 7528
1631 1049
2488 570
7075 6286
5645 2178
56 4028
4752 8937
9856 1530
1897 8089
8501 4024
9717 4606
6409 5329
1452 7145
7458 1076
2371 1791
5108 2980
4473 2706
9350 9453
2110 5834
6698 8703
3969 3310
8887 7719
9582 5633
7831 4409
2750 6655
5233 7490
7570 3365
3069 4922
7251 7519
6423 2144
7464 474
6629 3348
6225 1738
6133 1559
3141 9494
8340 6187
9384 4324
4302 1370
403 1900
7627 1686
2326 5248
9348 9102
6829 1800
1471 9809
8745 3474
2632 8959
3973 3095
1435 3998
816 3538
2086 7436
7584 4776
7727 594
230 6585
80 4560
4326 1851
2775 5073
7911 5110
3413 4302
1103 5085
312 8774
7825 3449
1352 3557
3524 7165
7297 1491
1369 7978
686 9267
2192 9976
1640 5874
3965 8991
9802 373
7131 5012
1838 8903
7637 61
4203 9153
8884 3140
9071 8509
4232 8967
9603 7077
9325 2923
6562 4802
762 1753
9567 7727
7084 5564
9826 7189
2001 580
579 9945
9199 1920
3030 1762
3978 6038
6669 6587
7320 5024
1327 6578
8630 5012
5360 7330
135 8016
6199 3633
3195 2180
3512 4678
8698 3889
7481 7697
7934 8248
9216 3418
326 3609
4510 4006
942 9811
7184 2180
2089 7741
4005 8434
120 6383
2986 9334
7944 5701
8385 8401
127 5929
3209 1878
3172 9696
659 1819
8152 8570
4893 7895
5679 7099
8664 1988
5414 9561
7699 5627
266 9608
9004 3891
9515 503
8124 6184
5053 8711
4672 3425
3008 5953
9885 8238
9430 1908
6714 9912
5935 8384
5545 8440
6109 9150
347 324
9517 6518
879 4521
2876 5674
5724 2644
8068 2091
1391 5258
8597 7555
1392 8322
5187 3543
2541 5482
4539 2053
250 4670
4501 1191
865 6932
1240 7443
670 4974
7637 3577
8338 6604
2341 5469
6465 2338
7613 9359
9921 1002
5939 7640
1296 7820
7088 4489
4876 9279
5329 5248
1084 2592
6095 4659
3473 659
8283 905
5062 9068
2220 5545
1335 1639
1306 5751
9513 3527
3638 8499
3537 3663
7393 6893
4063 7988
3589 5277
8195 9972
1663 9937
9130 4481
5 8305
1911 2711
9430 8807
3896 3617
7791 2788
4286 9737
1037 9920
1268 9204
9641 1174
8478 284
4041 4991
312 4962
5068 3748
4936 4278
4500 1049
6596 9025
7950 3681
6221 5410
9544 6832
5554 3536
6411 8895
2964 2791
6182 9780
4025 350
914 9670
6187 8429
316 2344
3007 8511
1179 1346
3086 6108
438 6565
1073 14
64 3267
5400 7890
7102 7788
2511 6390
5360 1569
5518 9792
247 6034
3016 4338
8004 6261
806 3788
7048 6845
4256 7334
2374 222
8417 6763
9796 4027
4010 563
3309 567
519 7901
5485 2859
3370 5209
7682 4813
3741 7372
2909 351
9986 5173
5392 726
5524 9982
8969 2187
9282 3563
3564 1590
6132 2006
3864 7887
5657 1290
9495 5013
7631 918
5756 8830
383 4281
3873 7731
5346 8492
7934 1970
9978 7860
9608 4464
3034 6604
6981 9615
2566 1842
3087 1873
6306 4740
702 6420
6426 7843
2141 9473
6059 6292
3657 2971
6076 8043
2826 7335
7769 4005
907 1570
5964 3755
9693 9446
10000 9859
2226 4410
5011 5009
6803 7959
1808 9710
1909 1485
5055 8042
7315 5861
8086 7472
4182 6685
8270 9237
220 3525
6551 3168
360 1300
7157 9168
2283 8520
1539 7915
4595 1424
6636 6719
3769 8027
9128 4255
3090 1407
7561 1864
9455 8549
2717 4910
9166 8063
3880 9144
8265 3472
7686 3176
1669 7860
2366 6687
6200 4135
4789 846
176 8875
1695 2078
3557 6286
231 2901
1006 9562
5227 2624
232 4175
8250 1385
965 8590
7054 7596
2618 4171
3982 7283
9969 3550
5323 4261
9780 2951
5170 7971
6165 3904
9192 553
4267 4066
530 2847
9111 8780
1772 2760
3018 7272
1107 7605
9653 9631
7518 9810
646 1481
4212 4410
4049 9339
6859 5664
6786 8371
3880 5144
7246 3500
1562 2731
9120 1639
5567 9702
9215 5106
354 9488
107 7841
8634 2158
6474 5129
8295 4564
1596 439
4161 5091
1627 2323
3722 677
1891 8719
9109 9094
9795 1247
6259 9423
8796 5690
3276 2302
6332 5839
4293 9458
6917 543
4873 1383
6396 3249
5820 8716
2799 4403
9395 7242
9257 4053
302 1003
4159 4609
8191 7434
460 7193
1811 8009
4388 3608
2487 5150
8188 5110
8740 5848
6821 947
2354 6927
9979 3815
408 9314
6314 9677
2089 9036
9147 9262
3176 2451
4798 2663
8017 2245
1043 5644
2401 9801
9551 2813
4613 6385
1840 7048
3122 798
4312 4439
6662 81
8852 6834
8242 4865
6779 6385
5145 5777
2296 991
8027 7643
4106 4189
3848 5585
1914 6457
3212 9882
1681 1889
9263 458
1412 7491
4993 732
9243 9002
1794 2055
7593 4582
3832 1809
6766 6682
2875 1710
8323 8871
7374 3800
6194 4890
7857 4945
4371 764
792 9599
5695 5373
5309 1247
350 6773
9456 8024
4174 5959
7672 2825
7069 8956
8957 6870
1816 5148
3246 6156
6760 818
1067 6206
1906 9597
1858 7869
5987 4749
8673 2545
7967 7493
4499 856
9449 427
918 3481
1709 4354
9998 7234
893 9996
2988 9100
5731 2799
0.5336 0.1965 0.3624 0.6621 0.6357 0.2508 0.7526 0.2043 0.5033 0.3729 0.1650 0.8494
0.8207 0.6267 0.7860 0.8612 0.2615 0.1470 0.2344 0.2579 0.3642 0.3605 0.2439 0.3082
0.7548 0.4266 0.7896 0.8544 0.3389 0.5572 0.3721 0.1349 0.7071 0.7049 0.5203 0.8006
0.2767 0.7752 0.4615 0.7093 0.8676 0.7968 0.4143 0.1814 0.7288 0.1480 0.2744 0.2358
0.7659 0.2517 0.7211 0.6182 0.6971 0.6920 0.6614 0.6407 0.8070 0.1126 0.4640 0.6275
0.1622 0.7195 0.8024 0.5818 0.2623 0.1746 0.8760 0.6099 0.2507 0.7781 0.3685 0.7199
0.1712 0.2834 0.8335 0.8624 0.2324 0.5540 0.8360 0.5237 0.2806 0.2021 0.6681 0.6462
0.8559 0.4575 0.7363 0.8499 0.1098 0.8922 0.2006 0.5977 0.6847 0.8171 0.3369 0.1722
0.3869 0.3066 0.7808 0.8241 0.2356 0.8496 0.4451 0.2560 0.6140 0.1873 0.3517 0.5827
0.1798 0.3085 0.7649 0.4569 0.6561 0.4967 0.8263 0.8436 0.4605 0.7340 0.7128 0.8341
0.6686 0.3158 0.3147 0.5488 0.3744 0.6289 0.6393 0.7865 0.6834 0.6314 0.1042 0.2864
0.4292 0.6491 0.8259 0.3361 0.4565 0.3947 0.7338 0.8843 0.8273 0.2493 0.6528 0.2753
0.5796 0.7675 0.3514 0.5959 0.8699 0.8068 0.4588 0.5557 0.5609 0.2460 0.5387 0.1831
0.1832 0.1992 0.5745 0.2453 0.1921 0.1926 0.7387 0.3343 0.8631 0.5710 0.6245 0.5689
0.1960 0.5390 0.2769 0.1220 0.6222 0.4949 0.6821 0.7070 0.5101 0.3602 0.5923 0.2967
0.6272 0.3196 0.8644 0.5640 0.6821 0.7683 0.1591 0.5346 0.2726 0.5023 0.6864 0.2488
0.5923 0.1461 0.2740 0.5267 0.2233 0.6307 0.3972 0.8684 0.3851 0.6074 0.3156 0.1579
0.3107 0.7131 0.2221 0.3555 0.7111 0.7247 0.3532 0.2057 0.8158 0.3105 0.2518 0.2207
0.3560 0.3825 0.8200 0.8123 0.1803 0.7919 0.3892 0.4955 0.3060 0.2865 0.7786 0.1975
0.4105 0.2200 0.5858 0.8233 0.2239 0.8585 0.4611 0.5681 0.2732 0.6657 0.1111 0.8646
0.3495 0.2586 0.8477 0.7742 0.1735 0.3223 0.3553 0.7982 0.5553 0.6089 0.4052 0.2012
0.8919 0.7099 0.7645 0.8423 0.2174 0.3348 0.8040 0.7656 0.2046 0.8850 0.4937 0.5254
0.5857 0.4862 0.3956 0.3537 0.6867 0.6758 0.3761 0.1381 0.3929 0.5542 0.3477 0.2246
0.3451 0.4104 0.2347 0.8090 0.8301 0.5088 0.5908 0.6345 0.7719 0.1823 0.6779 0.8067
0.4734 0.7052 0.1084 0.5425 0.2498 0.4167 0.1825 0.4213 0.5633 0.2003 0.8998 0.5404
0.3330 0.6587 0.4786 0.7510 0.5741 0.7195 0.3520 0.7094 0.8511 0.1246 0.8505 0.2773
0.1743 0.2438 0.7990 0.5362 0.1934 0.6491 0.6927 0.1462 0.7821 0.1093 0.6386 0.4604
0.2331 0.7222 0.6121 0.6146 0.7858 0.1956 0.2930 0.2391 0.1924 0.5426 0.8672 0.6305
