5 104 19
1705 3058
6333 8606
8362 3364
3037 6406
5989 1333
7935 3159
3373 9478
4371 8449
2845 7172
7066 632
4466 1886
3305 9206
158 6653
4078 1078
1781 673
7976 8251
1434 2554
7798 3301
5388 3392
5137 2448
3298 7620
1338 5200
8770 4577
6310 9604
5337 6979
6389 6601
6950 6481
4152 3836
2016 2571
6509 2992
2953 2791
778 9672
5080 7956
375 8244
1538 353
6779 9187
5623 3759
8324 320
3579 407
1415 8219
6327 7358
111 650
992 833
7158 4250
997 3063
3760 588
5948 153
23 9076
3682 4494
1330 2185
2293 2607
2067 8781
1306 1222
857 5246
3627 9203
8550 780
7109 6142
5099 4217
3472 9946
268 6162
6495 2114
5482 3085
5424 5914
3468 9109
2239 5852
8771 9107
6857 5794
4072 836
8293 3678
3714 2626
7280 8444
1883 9105
6562 7594
7245 4059
8207 8714
6271 1376
9901 9891
2873 1059
4445 3664
9220 2623
2703 2487
7884 3909
2775 3249
9888 2541
9330 4989
9026 64
9088 8975
7269 5047
6162 1715
1857 5841
6826 6203
4700 2326
7249 8920
8277 3914
5678 3292
2301 6272
3471 3527
3012 5163
180 8917
4768 7041
3206 5456
4143 1821
2859 9139
6022 2335
6085 9150
6417 1306
1067 8513
5644 4466
106 3996
0.6327 0.4041 0.6686 0.2712 0.7043
0.2055 0.5863 0.7616 0.6559 0.7376
0.8622 0.6991 0.7770 0.8143 0.1862
0.1853 0.2697 0.4793 0.6073 0.8835
0.8714 0.8227 0.1986 0.7724 0.1190
0.1192 0.6360 0.6636 0.3070 0.3916
0.1678 0.6742 0.1927 0.6496 0.8916
0.2528 0.6541 0.5334 0.5137 0.2042
0.4763 0.2826 0.8648 0.7327 0.3404
0.8333 0.8820 0.4877 0.8464 0.4098
0.1015 0.7661 0.2072 0.4724 0.6413
0.2758 0.2531 0.3667 0.4838 0.8332
0.7578 0.8558 0.1682 0.1963 0.6233
0.8299 0.1038 0.2825 0.5572 0.5741
0.1320 0.3680 0.3140 0.8161 0.3018
0.6310 0.4788 0.3681 0.5369 0.4385
0.3159 0.2708 0.1773 0.6961 0.6166
0.8512 0.1424 0.4682 0.1631 0.7345
0.7793 0.6869 0.3958 0.2618 0.5923
