11 129 36
1687 7003
9637 9420
8982 6857
7826 7908
4835 5091
141 1574
731 5326
8294 6229
8785 1857
8704 5259
6903 1003
9756 1127
2551 6691
188 9641
7995 9229
4069 1638
2872 5959
9939 9982
3135 8975
2336 7935
1164 6061
620 1489
4444 9375
5903 9031
1286 3721
3877 7606
4887 9823
1442 4053
9330 7635
8367 3578
869 6263
3451 4924
6566 902
1414 4529
1025 5557
7944 8619
4196 1119
5507 6398
7348 3189
8047 9817
4677 5073
3253 2387
2202 6945
5920 7631
5063 4619
1231 1216
3000 7501
9877 2700
6421 5745
5916 3811
9183 27
4640 9933
1435 8445
7182 4316
2274 8537
26 2072
2101 8121
1395 1884
4853 7691
4133 6486
3771 3896
246 4913
9511 6504
7779 7561
1848 2796
3729 9266
2263 6725
1090 2743
3991 3063
1061 4556
6438 2580
5290 4163
1595 8355
5014 1091
1492 6106
533 5490
3130 8765
5196 8543
3399 1528
3989 287
3633 4860
1771 7725
5933 775
9513 4175
3748 4330
7359 5047
7848 116
2612 3424
313 6583
6969 7676
494 8744
1598 2293
7985 8734
1562 2783
4567 8417
1623 351
4091 2968
8429 5153
7810 6221
6546 5615
633 3678
5856 8115
4155 5333
5417 6054
5497 8059
1309 6573
7246 9988
4293 3396
1086 794
1428 8178
5234 4338
2304 6117
2786 475
4324 2448
897 1633
9022 3767
3526 9052
1224 6994
511 3993
2986 8893
7224 5417
6133 1847
5272 8826
9541 3553
8924 5084
7834 4932
1406 6765
5919 4192
3118 2237
8301 4108
4827 6299
5147 6410
1840 6900
3201 3762
1643 5491
3196 5806
7217 2381
7638 6350
1001 81
8713 969
0.3956 0.7257 0.8541 0.4693 0.7052 0.5271 0.1272 0.1265 0.3742 0.3888 0.7516
0.6649 0.6004 0.8653 0.7927 0.6454 0.4586 0.4214 0.8593 0.5013 0.5008 0.2636
0.8070 0.4980 0.2402 0.2630 0.1640 0.8556 0.1788 0.3952 0.8811 0.5878 0.3925
0.6027 0.7659 0.2248 0.3345 0.7303 0.5933 0.8352 0.5017 0.7463 0.3155 0.5711
0.5206 0.7114 0.8971 0.3282 0.8711 0.5481 0.6075 0.4192 0.8367 0.6496 0.2802
0.3374 0.7644 0.7433 0.5131 0.2780 0.6286 0.8928 0.1239 0.2678 0.7685 0.2207
0.5281 0.3718 0.8165 0.1365 0.4842 0.8347 0.1698 0.1972 0.6757 0.3818 0.5090
0.8082 0.2432 0.1235 0.5205 0.4220 0.4252 0.1731 0.3414 0.2343 0.5918 0.5519
0.5193 0.1297 0.8153 0.6029 0.3602 0.1828 0.7714 0.2495 0.8419 0.1111 0.5308
0.4973 0.4056 0.5265 0.4592 0.4729 0.2461 0.3366 0.7675 0.8880 0.1040 0.4683
0.4988 0.4970 0.3448 0.1237 0.4037 0.8288 0.4277 0.2249 0.1665 0.3209 0.3859
0.4594 0.2629 0.6769 0.4055 0.5617 0.2944 0.3626 0.5000 0.3489 0.6915 0.6078
0.6370 0.4983 0.4743 0.8660 0.6386 0.8505 0.2448 0.1810 0.4343 0.4193 0.5476
0.1166 0.1011 0.5038 0.6052 0.5615 0.2654 0.1174 0.5745 0.5585 0.1850 0.8405
0.4619 0.6985 0.4721 0.4178 0.3981 0.7565 0.6066 0.6692 0.1895 0.8194 0.8896
0.3062 0.8566 0.5032 0.3082 0.3976 0.3449 0.4922 0.7335 0.3434 0.4343 0.1483
0.6481 0.7523 0.4984 0.2344 0.4981 0.4166 0.1407 0.8065 0.5812 0.8449 0.4944
0.6756 0.1459 0.4076 0.7314 0.3759 0.3846 0.8591 0.5390 0.3707 0.7930 0.8566
0.1424 0.3716 0.4746 0.1731 0.1998 0.4332 0.2678 0.4069 0.4545 0.8885 0.6569
0.5757 0.2258 0.6512 0.1647 0.5322 0.1997 0.5858 0.6054 0.2080 0.8879 0.3646
0.3132 0.8036 0.4813 0.6432 0.5195 0.4341 0.7281 0.8206 0.5941 0.5234 0.2575
0.6346 0.1997 0.6877 0.8157 0.3298 0.1616 0.3038 0.2777 0.1173 0.4135 0.3346
0.3514 0.6138 0.3477 0.1916 0.5083 0.6910 0.7298 0.7665 0.7173 0.8342 0.6322
0.7856 0.1093 0.6541 0.2123 0.2288 0.6836 0.7509 0.3713 0.7916 0.8524 0.4944
0.4550 0.5004 0.8733 0.4813 0.5847 0.6698 0.2586 0.3390 0.1775 0.4115 0.1208
0.7241 0.8715 0.1446 0.8128 0.6611 0.3350 0.3521 0.1613 0.8539 0.7574 0.5647
0.1130 0.3803 0.7783 0.6076 0.8108 0.5974 0.6131 0.6861 0.6274 0.5983 0.3665
0.5988 0.6307 0.3534 0.8643 0.1071 0.8329 0.7539 0.6168 0.7380 0.8433 0.4921
0.6536 0.7792 0.8786 0.6137 0.5900 0.3235 0.4984 0.4076 0.2225 0.5351 0.3287
0.3360 0.4318 0.8006 0.7893 0.8204 0.5145 0.3209 0.2904 0.5830 0.1444 0.4931
0.7411 0.1461 0.5476 0.4939 0.5980 0.3079 0.5210 0.8359 0.5624 0.3390 0.6626
0.1971 0.5421 0.6071 0.4948 0.3007 0.6554 0.8432 0.5629 0.6798 0.7876 0.1441
0.5036 0.7274 0.7342 0.3447 0.8244 0.8312 0.1928 0.8858 0.8871 0.7181 0.7025
0.1223 0.7092 0.1642 0.4784 0.2405 0.4282 0.3249 0.7995 0.8603 0.5777 0.4768
0.1334 0.7978 0.2949 0.2303 0.8749 0.7479 0.2522 0.2087 0.2646 0.7113 0.7089
0.3391 0.3284 0.2183 0.4497 0.3996 0.4559 0.3873 0.5940 0.4925 0.4128 0.3353
