7 240 23
1135 5637
162 4283
8088 4073
9879 3383
1741 4120
1891 5738
2223 1618
1195 1089
4114 9065
4460 5162
6595 8864
2144 5073
7720 936
6580 4238
4435 9394
904 738
5987 5944
5685 1143
5757 7473
9250 2935
9136 514
1657 5623
8903 199
7210 133
3023 2570
172 4995
832 958
3445 5752
9060 2876
2365 6492
7029 2971
9497 5848
6049 9921
8752 9146
2192 1183
1682 5824
5062 633
1314 8179
8347 5506
2846 6912
4861 9416
634 9267
2183 153
3270 401
6681 3054
6211 8106
522 5885
8599 2031
9774 3261
1321 8591
7192 8500
5827 2166
6443 8356
978 9902
1000 1756
5789 3791
929 6259
3596 6008
7399 3024
694 8219
5598 4757
9872 8749
8947 5453
3971 8143
9953 9277
4823 6007
175 9602
5130 6567
1868 6761
4607 4446
1178 8746
8752 2348
8472 3677
7581 1381
9303 5264
3806 1361
4753 8640
8364 9251
5275 3874
4191 2519
1532 9376
7651 4571
4697 5027
6034 2086
3297 6957
5997 8599
4420 2569
693 8628
117 4091
297 2703
5937 2910
5324 2490
4255 2163
5145 4947
5613 1744
678 3372
902 8882
3012 2786
2972 9464
5138 3971
9552 2595
6621 7493
2572 2177
2728 8447
8026 2962
8470 4642
7519 3517
1235 2799
1932 8800
2521 5220
5170 446
5931 1766
1340 5148
8577 6436
6505 2614
5941 1891
5808 8423
3610 7744
3392 8906
7474 4175
1877 5061
8541 369
4897 9650
3835 305
8036 4586
3987 2487
7479 8742
6188 8968
7365 2922
195 3589
7016 6614
1909 4580
6372 2000
7740 2916
7719 9716
9784 7285
6225 2280
9552 3433
6523 5424
5295 6964
1285 8001
7111 4043
516 9746
9001 8563
9794 2442
4197 9153
2475 7923
8686 1156
5765 6175
7242 4753
8272 8199
726 3938
1914 6867
8790 8948
2906 3948
5825 557
8205 5352
9130 1496
2513 9394
4757 2870
892 4369
8869 1731
8149 7177
9981 8319
9317 7902
9723 7695
4434 2224
5479 557
2620 7725
5118 2167
2005 8285
7097 4835
9795 4198
9346 4753
4704 8053
941 5104
1541 8405
6609 3178
7811 3684
3352 9088
6404 4230
6168 4374
9501 5080
296 258
7778 450
6891 8250
32 1624
7267 2314
7633 8593
2818 252
4980 1879
6107 338
3331 5589
2375 7933
17 9356
1150 477
8169 469
2347 9540
9063 3325
4226 8438
273 4592
4144 4605
7563 9785
9389 1892
9811 9744
9023 6308
4091 2261
9762 1580
1951 2050
5267 5330
8769 3610
5748 2318
7931 2857
3999 5835
6865 6384
6311 8357
1357 629
5575 412
4721 9958
6173 7481
366 3032
1509 2653
6060 5506
3201 4423
2964 6696
2898 4910
8585 6079
2662 8523
6306 9839
1749 6633
7774 9009
8062 3974
1918 333
553 3442
7112 6888
3257 4087
5111 6949
2568 3517
9302 7750
9765 2834
2127 8593
1438 6152
7932 5482
8294 2703
752 1327
8109 4385
7257 6223
0.8493 0.5172 0.5551 0.7841 0.6927 0.8482 0.4726
0.6051 0.2842 0.8679 0.4258 0.2851 0.6479 0.3879
0.2267 0.4469 0.4349 0.4993 0.2722 0.5992 0.3606
0.4163 0.4315 0.5865 0.7663 0.2316 0.3195 0.6839
0.2084 0.6536 0.3203 0.7354 0.6166 0.2661 0.8110
0.1966 0.8628 0.8925 0.2381 0.4009 0.6746 0.3249
0.8356 0.6084 0.6531 0.8931 0.3878 0.2265 0.5574
0.3809 0.2592 0.8309 0.2779 0.8630 0.7530 0.8176
0.7620 0.6251 0.8653 0.1214 0.4364 0.1082 0.5405
0.4290 0.3249 0.8172 0.8923 0.6696 0.6858 0.5781
0.3691 0.1906 0.6792 0.4636 0.4719 0.4688 0.7345
0.6423 0.1675 0.3478 0.8223 0.4779 0.3687 0.7363
0.2921 0.2850 0.7244 0.5319 0.2725 0.3488 0.2793
0.2295 0.8832 0.7539 0.4632 0.2404 0.8676 0.7620
0.8421 0.5930 0.3660 0.4045 0.4069 0.7223 0.6852
0.3071 0.1700 0.4297 0.1273 0.3389 0.1374 0.2154
0.1666 0.4645 0.8295 0.8375 0.3056 0.4054 0.6279
0.8320 0.8614 0.5547 0.4154 0.1402 0.6596 0.8147
0.3800 0.1281 0.1894 0.1104 0.4511 0.5493 0.8253
0.5884 0.3448 0.6051 0.4137 0.2612 0.7124 0.2469
0.6425 0.4832 0.8120 0.8505 0.1406 0.3769 0.5421
0.2279 0.3690 0.7709 0.2398 0.6200 0.2153 0.8857
0.1843 0.4075 0.4856 0.7811 0.1021 0.8229 0.5758
