50 100
18 18 18 66 66 66 66 72 72 74 74 48 48 74 74 74 74 74 74 60 60 60 60 60 60 60 60 52 52 52 52 52 52 80 80 80 80 73 73 11 11 11 11 11 11 11 11 11 11 70
34 34 18 18 63 18 72 72 72 72 74 48 48 48 74 74 74 74 74 60 60 60 60 60 60 60 52 52 52 52 52 52 80 80 80 80 80 73 73 11 11 11 11 11 11 11 70 70 11 70
34 34 18 18 18 18 72 72 72 72 74 74 74 74 74 74 74 74 60 60 60 60 60 60 60 60 60 52 52 52 52 80 80 80 80 80 80 73 73 73 73 73 73 70 70 70 70 70 70 70
34 34 34 18 18 72 72 72 72 72 74 74 74 74 74 74 74 74 60 60 60 60 60 60 60 60 60 52 52 52 52 80 80 80 80 80 73 73 73 73 73 73 70 70 70 70 70 70 70 70
34 34 34 34 34 72 72 72 1 1 74 74 74 74 74 74 74 74 74 60 60 60 60 60 60 60 60 52 52 52 52 36 36 36 36 73 73 73 73 73 73 73 73 70 70 70 70 70 70 70
3 3 34 34 34 72 72 72 1 1 1 74 74 74 1 74 1 97 74 74 60 60 60 60 60 60 13 13 13 13 36 36 36 36 36 73 73 73 73 73 73 73 70 70 70 70 70 70 4 4
3 3 34 34 72 72 72 1 1 1 1 1 74 74 1 1 1 97 97 60 60 60 60 60 77 77 13 13 13 13 36 36 36 36 12 73 73 73 73 45 45 45 70 70 70 70 70 70 4 4
35 3 34 34 72 72 1 1 1 1 1 1 1 1 1 1 97 97 97 97 97 77 77 77 77 77 26 26 26 13 12 12 12 12 12 73 73 73 73 45 45 45 70 70 70 70 70 4 4 4
35 3 34 34 34 34 1 1 1 1 1 1 1 1 1 97 97 97 97 97 77 77 77 77 77 77 26 26 26 12 12 12 12 12 12 12 73 73 37 45 45 45 70 70 70 70 4 4 4 4
35 3 34 34 34 30 30 1 1 1 1 1 1 1 97 97 97 97 97 97 97 51 77 77 77 77 26 26 26 12 12 12 12 12 12 69 69 37 37 37 39 39 39 70 70 4 4 4 4 4
32 34 34 34 30 30 30 1 1 1 1 1 1 1 97 97 97 97 97 97 97 51 51 31 31 26 26 26 12 12 12 12 69 69 69 69 69 37 37 37 39 39 39 70 70 4 4 4 4 4
32 32 34 34 30 30 30 30 1 1 1 1 1 1 97 97 97 97 97 97 97 51 51 31 31 26 26 26 26 12 12 12 69 69 69 69 37 37 37 37 39 39 39 70 70 4 4 4 4 4
30 30 30 30 30 30 30 30 30 30 30 1 1 99 99 99 49 49 97 97 97 51 51 31 31 26 26 26 26 26 26 69 69 69 69 69 69 37 37 37 39 39 39 39 4 4 4 4 4 4
30 30 30 30 30 30 30 30 30 30 30 99 99 99 99 99 49 49 49 55 55 51 55 55 31 26 26 26 26 26 26 69 95 69 69 69 69 37 37 39 39 39 39 39 39 39 4 4 4 4
44 44 30 30 30 30 30 30 30 30 85 99 99 99 99 99 49 49 17 17 55 55 55 55 26 26 26 26 26 95 95 95 95 95 69 69 69 39 39 39 39 39 39 39 39 39 4 4 4 4
44 44 30 30 44 30 30 30 30 30 85 85 99 99 99 99 49 49 17 17 55 55 55 55 55 95 95 95 95 95 95 95 95 69 69 69 39 39 39 39 39 7 7 7 39 39 4 4 4 4
44 44 30 44 44 44 30 30 99 99 85 99 99 99 99 99 84 49 49 49 55 55 55 64 95 95 95 95 95 95 95 95 95 69 69 69 69 39 39 39 7 7 7 7 7 82 82 4 4 4
44 44 44 44 44 44 44 99 99 99 99 99 99 99 99 99 84 84 84 84 64 64 64 64 95 95 95 95 95 95 95 95 69 69 69 69 69 28 39 39 7 7 82 82 82 82 82 82 82 82
44 44 44 44 44 44 44 99 99 99 99 99 99 99 99 99 84 84 84 64 64 64 64 95 95 95 95 95 95 95 95 95 95 69 69 69 69 28 39 28 28 82 82 82 82 82 82 82 82 82
44 44 44 44 44 44 44 40 40 40 99 99 15 99 99 99 84 84 64 64 64 64 64 27 95 95 91 91 86 86 95 95 95 95 28 28 28 28 28 56 28 28 82 82 82 82 82 82 82 82
44 44 44 44 44 44 44 40 40 40 40 99 15 15 40 84 84 84 64 64 64 64 64 27 91 91 91 91 86 86 86 95 95 29 28 28 28 28 28 56 28 28 82 82 82 82 28 28 82 67
44 44 44 44 44 44 44 40 40 40 40 40 40 40 40 75 75 75 81 81 64 64 64 27 91 91 91 91 86 86 86 95 95 29 29 28 28 28 28 28 28 28 28 28 82 82 28 28 67 67
44 44 44 44 44 40 40 40 40 40 40 40 40 40 40 75 75 81 81 81 81 27 27 27 27 61 61 61 86 86 29 29 29 29 29 29 28 28 28 28 28 28 28 28 28 28 28 28 28 67
44 44 44 40 40 40 40 53 53 40 40 40 23 40 53 75 75 81 81 81 81 27 27 27 61 61 61 29 29 29 29 29 29 29 29 28 28 59 59 59 28 28 28 28 28 28 28 5 67 67
96 96 96 40 40 96 40 53 53 53 40 40 23 53 53 75 75 81 81 81 81 81 27 27 27 61 61 29 29 29 29 29 29 29 29 59 59 59 59 59 59 28 28 28 28 5 5 5 67 67
96 96 96 96 96 96 53 53 53 53 53 53 53 53 53 75 75 75 75 81 81 27 27 27 61 61 61 29 29 29 29 29 29 29 59 59 59 59 59 59 59 59 28 28 28 5 67 67 67 67
68 68 96 96 96 96 53 53 53 53 53 53 53 53 53 53 75 75 75 75 81 92 27 61 61 61 61 29 29 29 29 29 29 21 59 59 59 59 59 59 59 59 5 5 5 5 5 5 5 67
65 68 68 68 68 96 96 96 53 53 53 53 53 53 53 75 75 75 75 75 92 92 27 61 61 61 29 29 29 29 29 29 21 21 59 59 59 59 59 59 59 59 5 5 5 5 5 5 67 67
65 68 68 68 68 68 96 96 96 96 96 96 53 53 53 53 75 75 92 92 92 92 61 61 61 61 29 29 29 29 88 21 21 21 21 21 21 59 59 59 59 59 5 5 5 5 5 5 5 67
65 65 68 68 68 68 38 96 96 96 96 96 53 53 53 75 75 75 92 92 92 92 92 92 92 29 29 29 29 88 88 21 21 21 21 21 21 59 59 59 59 59 5 5 5 5 5 5 5 5
65 68 68 68 68 68 38 38 38 96 96 96 96 96 92 92 92 92 92 92 92 92 92 92 92 29 29 46 88 88 88 88 21 21 21 90 62 62 59 59 59 5 5 5 5 5 5 5 5 5
65 65 68 68 68 68 38 38 38 96 96 96 96 96 92 92 92 92 92 92 92 92 92 92 54 46 46 46 88 88 88 88 88 88 90 90 90 62 59 59 59 5 5 5 5 5 5 5 5 5
65 65 65 65 68 68 38 38 38 38 96 96 96 96 47 47 92 47 92 92 92 47 92 92 54 46 46 46 88 88 88 88 88 88 90 90 90 62 62 62 62 62 62 5 5 5 5 5 5 5
65 65 65 65 68 68 68 38 38 38 96 96 96 47 47 47 47 47 47 47 92 47 47 47 54 46 46 46 46 46 90 90 90 90 90 90 62 62 62 62 62 62 62 24 24 5 5 5 5 5
65 65 65 65 38 68 68 38 96 96 96 96 96 47 47 47 47 47 47 47 47 47 47 54 54 46 46 46 46 46 6 90 90 90 90 90 62 62 62 62 62 62 62 24 24 24 24 5 5 5
65 65 65 65 38 38 38 38 96 96 96 96 96 100 47 47 47 47 47 47 47 47 47 54 54 46 46 46 6 6 6 90 90 90 90 90 62 62 62 62 62 62 62 24 24 24 24 5 5 5
65 65 65 65 8 8 8 8 8 8 8 96 96 100 47 47 47 47 47 47 47 47 54 54 54 54 6 6 6 6 6 98 42 42 42 62 62 62 62 62 62 62 24 24 24 24 24 24 5 5
65 65 65 65 8 8 8 8 8 8 8 8 8 100 100 47 47 47 47 47 47 47 47 54 54 54 6 6 6 6 98 98 42 42 42 42 62 62 62 24 24 24 24 24 24 24 24 78 78 78
65 65 65 14 14 14 14 8 8 8 8 8 8 100 100 47 47 47 47 47 47 47 47 33 93 33 6 6 6 6 98 98 98 98 98 98 98 24 24 24 24 24 24 24 24 24 24 78 78 78
10 10 10 14 14 14 14 8 8 8 8 8 8 100 100 100 100 100 47 76 47 33 33 33 93 33 6 6 6 6 98 98 98 98 98 98 98 24 24 24 24 24 24 78 78 78 78 78 78 78
10 10 10 10 14 87 14 8 100 100 100 100 100 100 100 100 100 100 76 76 43 33 33 33 33 33 6 25 25 6 98 98 71 98 98 98 98 24 24 24 20 20 20 78 78 78 78 78 78 78
10 10 10 10 10 87 87 100 100 100 58 58 58 58 58 100 100 100 76 76 43 43 33 25 25 25 25 25 25 25 25 71 71 71 71 71 71 24 20 20 20 20 20 78 78 78 78 78 78 78
10 10 10 10 10 87 87 87 87 87 87 58 58 100 100 100 100 76 76 76 43 43 43 25 25 25 25 25 25 25 25 25 71 71 71 71 71 24 20 20 20 20 20 78 20 20 78 78 78 78
10 10 10 10 10 87 87 87 87 87 87 87 58 100 100 100 100 76 76 41 43 43 25 25 25 25 25 25 25 25 25 25 71 71 71 89 71 71 20 20 20 20 20 20 20 20 20 78 78 78
10 10 10 10 10 87 87 87 87 87 87 58 58 100 100 57 100 100 76 41 43 25 25 25 25 25 25 25 9 9 25 25 71 71 71 71 71 71 22 22 22 22 19 19 20 20 20 20 20 20
10 10 10 10 10 87 87 87 87 87 87 16 16 16 16 57 57 57 41 41 83 83 83 25 25 25 9 9 9 9 9 9 50 71 71 71 71 22 22 22 22 19 19 19 20 20 20 20 20 20
10 10 10 10 10 87 87 87 94 94 94 16 16 16 57 57 57 57 41 41 83 83 83 83 83 9 9 9 9 9 9 9 50 50 50 50 50 50 22 22 22 19 19 19 19 20 20 20 20 20
10 10 10 94 94 87 94 94 94 94 94 16 16 16 16 57 57 41 41 41 83 83 83 83 83 9 9 9 9 9 9 9 50 50 50 50 50 79 79 79 22 19 19 19 19 20 20 20 20 20
10 10 10 94 94 94 94 94 94 94 94 94 16 16 16 57 57 41 41 83 83 83 83 83 83 9 9 9 9 9 9 2 50 50 50 79 79 79 79 79 79 19 19 19 19 19 19 20 20 20
10 10 10 94 94 94 94 94 94 94 94 94 94 16 16 57 57 83 83 83 83 83 83 83 83 9 9 9 9 2 2 2 2 2 50 79 79 79 79 79 79 19 19 19 19 19 19 20 20 20
