26 16 20
........................T.
.....T.................T..
......T........T...T....T.
...T....T.................
.........T............T...
T...............TT...T.T..
.T........T....T..T.......
.T.T........T.........T...
...T....TT................
T.........................
............T...T..TT.....
.................T........
..........TT...........T..
...T.....T...T........T...
...............T..........
................T.........
......T..T................
....T.....T..........T....
...T..T................T..
........T.T.......T...T...
....T................T....
..T....................T..
...............T.........T
T...T....T.T..T...........
.............T..T....T....
.......T........T..T......
13 24
7 10
15 8
8 3
6 10
8 7
15 24
3 8
21 8
6 12
23 17
17 24
20 6
9 18
24 18
18 8
4 11
2 24
0 10
15 13
20 17
12 14
4 0
22 11
1 0
1 4
1 16
1 17
3 13
3 10
20 21
13 3
23 15
11 3
13 13
19 7
12 10
13 7
19 3
2 10
9 14
18 23
10 15
25 5
2 7
1 15
13 12
24 16
21 22
12 25
18 20
4 25
25 7
15 21
1 21
18 14
3 15
14 1
24 14
22 15
10 12
14 10
25 19
0 17
10 13
21 21
18 1
4 2
22 6
23 3
13 22
21 19
0 2
14 19
22 16
11 11
21 1
6 11
24 3
16 15
2 8
18 10
1 2
21 2
17 6
5 1
6 3
15 0
9 15
14 12
8 13
9 11
15 9
15 1
3 25
23 20
4 4
25 21
22 13
5 24
5 7
1 25
25 10
17 0
23 1
2 9
0 16
13 1
17 10
24 1
7 1
2 5
22 21
8 11
25 1
4 15
18 2
7 21
0 1
15 12
14 14
20 14
4 6
19 0
18 7
21 17
19 17
16 20
25 23
19 4
5 23
21 9
7 18
19 2
18 24
23 22
6 0
18 15
11 9
1 5
10 6
0 5
25 14
10 20
22 1
4 18
24 23
14 13
12 16
18 18
18 13
8 0
21 14
6 22
1 20
5 19
22 22
11 22
9 21
16 8
10 17
18 19
14 7
22 12
10 7
5 3
9 24
3 12
23 25
1 13
16 12
15 16
2 4
11 18
9 8
14 3
14 8
8 24
14 6
23 7
11 5
25 22
14 23
18 3
9 5
13 14
4 3
8 21
10 25
2 17
5 12
13 18
21 4
21 25
17 22
11 14
5 0
7 2
15 25
11 20
23 4
8 19
7 25
23 6
19 23
22 7
4 14
5 14
24 6
5 10
10 9
14 4
25 6
24 20
16 22
11 10
5 9
6 5
10 1
12 4
14 9
6 19
19 24
8 18
20 24
11 1
7 11
9 17
20 25
4 23
21 11
12 7
14 16
13 5
19 19
1 22
5 8
21 10
20 5
11 6
12 18
10 11
19 25
12 13
19 16
21 23
14 21
17 13
8 1
6 13
16 24
9 10
6 20
4 21
0 18
22 18
0 15
5 22
16 2
5 18
3 23
19 5
16 14
13 15
18 4
25 9
7 9
13 4
23 19
23 12
2 0
3 20
19 11
17 25
13 0
25 16
5 17
9 0
9 25
3 6
25 12
5 11
17 20
15 19
21 20
18 21
5 20
24 0
20 12
24 7
10 22
22 4
25 20
0 25
22 9
0 3
24 11
20 9
18 5
19 1
6 7
0 8
7 17
2 2
8 12
22 0
20 4
3 19
16 13
11 23
12 11
25 11
18 16
5 25
3 5
0 20
25 15
10 24
11 2
23 24
25 18
12 23
16 3
2 25
11 4
20 18
13 17
0 19
11 7
8 10
2 3
13 2
20 10
10 0
9 1
3 18
24 15
9 12
13 19
8 9
10 10
13 11
10 2
6 14
3 2
0 6
19 20
4 17
7 23
3 22
1 14
20 16
24 22
17 23
3 1
1 7
6 6
6 1
19 21
17 9
23 11
23 9
6 9
21 0
16 19
22 24
22 3
0 21
4 8
17 8
24 19
8 25
17 16
16 25
19 13
15 3
22 2
4 19
12 20
24 5
18 17
9 16
1 11
16 7
17 5
23 18
22 5
6 4
5 5
21 12
1 18
20 11
10 3
18 22
16 9
12 22
11 21
23 10
17 1
13 20
25 0
25 8
0 24
0 9
7 20
17 3
2 16
23 23
2 11
10 23
23 5
9 13
7 8
0 22
15 20
18 9
3 7
4 7
12 8
8 14
2 6
3 14
25 3
9 19
20 23
2 12
24 2
12 1
23 14
8 23
14 0
20 2
9 3
0 14
10 5
11 0
19 9
7 15
24 8
18 11
24 25
10 8
13 10
2 15
8 8
8 4
20 1
21 6
11 19
17 19
17 21
8 5
0 4
15 14
24 21
7 16
2 23
9 23
16 17
21 13
17 2
4 1
14 25
13 25
16 10
18 12
19 14
8 6
7 3
2 1
5 2
25 24
9 6
12 17
12 3
12 6
9 2
5 13
4 12
4 24
2 19
16 23
6 23
25 2
16 0
12 2
15 7
7 12
14 20
4 10
0 0
6 17
5 6
19 12
6 25
16 1
15 22
6 16
11 16
25 25
22 10
7 14
1 8
10 21
6 8
23 21
23 13
17 14
8 2
23 2
8 22
9 20
24 10
14 18
20 19
8 15
1 6
9 9
3 0
12 19
25 4
24 13
2 14
12 0
3 4
17 15
14 2
14 22
1 24
25 17
13 9
23 16
15 5
8 20
7 13
25 13
14 11
20 8
22 8
17 4
10 4
15 17
7 22
3 3
24 4
1 1
7 19
4 20
15 11
5 15
5 4
14 15
21 24
9 4
21 7
19 22
1 23
1 3
15 2
0 23
17 18
20 0
4 16
13 6
21 5
11 17
23 8
20 3
24 9
11 24
13 8
13 23
11 8
24 17
21 3
19 10
15 10
4 13
19 18
18 6
22 20
2 20
1 10
6 18
16 11
2 18
15 18
6 2
17 17
7 4
22 25
0 11
10 18
12 15
21 18
8 17
16 21
5 21
18 0
0 7
15 6
12 5
11 25
22 23
22 17
12 9
6 24
12 24
22 19
10 16
3 16
9 7
3 11
3 9
17 7
7 7
20 15
4 5
13 16
24 24
7 24
16 6
17 11
16 18
20 13
21 15
6 15
21 16
10 14
23 0
1 12
7 6
11 12
14 17
14 24
17 12
2 21
10 19
22 14
4 22
3 17
24 12
19 15
5 16
15 4
16 16
2 13
0 12
20 20
16 4
3 24
15 15
12 12
4 9
16 5
11 13
2 22
7 0
1 19
7 5
19 6
8 16
20 7
14 5
19 8
18 25
20 22
9 22
12 21
3 21
1 9
13 21
15 23
6 21
11 15
