31 14 14
.T.....T.T......TT.............
.....T........T...........T....
....T..T.......T....T.T....T...
.....TT...T.TT.........T.......
......T..T.................T...
....T.TT................TT...T.
.........TT...T................
............T...........T......
............................T.T
................T..............
..T..T.................T.......
T.......T...T............T.....
............TT.T......T........
.T............................T
...T...T....T....T......T.T...T
..............T...........TT...
.............T......T...T......
T...............TT.............
T..T......T............T..TTT..
....T.T.....TT...........T...T.
.T...T..T.................T....
.T....T......................T.
.....T.......T.....T.....T.....
.........T......T......T......T
...T...............T...T.....T.
.........................TTT...
..........T....................
...T...................TTT.....
..........T....T.T.............
....TT..........TT......T....TT
...........T...................
14 21
3 10
0 3
16 17
6 1
4 15
2 14
30 5
29 15
20 5
11 17
14 9
3 9
26 12
18 24
30 25
7 12
10 20
4 16
11 9
26 14
9 9
0 0
28 14
8 11
23 10
10 2
16 13
0 25
16 18
25 24
24 25
10 18
18 15
23 24
18 30
20 20
15 4
20 15
3 7
14 1
19 2
28 19
5 25
24 28
27 3
4 27
1 16
2 28
8 27
5 7
1 1
25 18
26 1
26 15
1 8
26 27
7 24
7 30
16 7
26 20
24 10
19 18
17 19
25 9
26 4
13 0
24 13
22 21
21 20
20 19
29 22
28 1
19 8
21 3
5 0
17 18
18 27
2 26
13 25
26 5
30 16
16 28
13 21
3 18
22 1
4 20
24 0
11 10
12 13
6 27
0 16
11 2
20 7
2 7
15 25
29 21
4 21
23 17
3 17
5 10
6 21
0 11
2 5
28 3
29 30
2 25
19 19
28 2
19 29
7 16
28 22
23 27
16 29
8 13
7 29
6 8
18 1
1 26
15 15
20 6
24 1
4 1
21 25
30 14
13 24
7 13
22 11
25 16
30 0
5 14
7 3
13 8
11 20
13 18
16 2
22 18
12 17
17 20
25 30
11 0
1 27
18 9
12 3
27 4
14 3
2 13
22 25
19 0
6 23
0 2
27 29
6 13
6 12
21 17
3 14
29 1
24 7
14 24
27 8
6 0
10 16
21 9
11 19
5 15
8 1
12 18
5 18
16 24
7 15
20 8
2 22
15 0
21 30
20 28
11 11
7 20
21 18
27 19
11 5
28 17
22 19
24 30
6 3
17 22
8 16
12 10
24 26
9 6
5 27
12 7
29 17
27 17
0 10
18 2
28 12
24 18
20 10
18 5
18 18
14 5
15 13
23 22
16 0
5 6
5 22
15 2
21 19
19 15
5 29
10 28
21 8
26 30
1 0
30 9
10 17
26 7
28 13
12 23
7 6
9 1
3 27
28 28
13 29
24 2
1 10
25 26
18 13
16 20
26 17
7 7
15 14
23 28
5 12
27 24
17 25
18 0
21 27
7 9
21 26
14 6
11 21
4 2
20 29
14 20
6 15
18 10
25 12
15 21
1 22
10 1
3 22
19 7
3 23
7 17
29 20
21 24
26 28
21 29
26 23
9 14
11 23
10 27
19 20
24 3
8 6
16 27
22 2
2 16
10 12
25 7
22 17
9 5
10 9
29 4
5 8
8 18
2 12
28 5
9 15
0 28
20 16
1 28
21 11
19 23
13 20
3 28
4 3
25 2
2 21
12 4
15 8
8 14
26 11
12 27
25 8
30 21
28 23
9 26
16 5
5 23
12 22
9 22
14 14
25 15
7 5
10 3
19 30
1 18
28 27
7 4
27 0
12 12
30 1
9 4
19 3
24 29
23 5
1 5
28 20
18 25
10 7
10 14
5 9
14 8
9 12
27 20
27 18
16 3
6 4
14 27
27 2
25 23
26 24
4 28
18 12
8 2
15 5
7 27
29 28
22 12
24 6
15 30
29 13
23 16
5 4
17 21
29 23
21 28
26 9
26 13
27 16
23 6
30 12
29 19
0 6
23 15
24 14
1 3
23 7
9 24
7 22
29 26
17 29
12 0
0 8
22 13
5 19
24 16
19 4
0 1
14 25
16 14
28 29
30 7
26 25
17 30
3 3
2 23
10 6
6 11
27 30
16 30
1 21
8 5
17 11
3 26
22 27
10 30
17 8
3 11
11 25
30 11
22 22
10 26
7 8
3 4
25 19
2 2
30 4
15 19
9 16
20 30
9 23
14 13
14 26
0 12
22 26
27 1
19 10
29 0
6 20
5 17
5 20
27 10
18 19
12 8
3 0
24 20
26 0
23 3
6 28
8 21
26 26
0 19
26 22
10 11
15 16
0 4
12 20
9 28
9 0
19 16
7 10
18 20
14 15
29 25
30 27
19 27
27 7
6 22
24 15
12 25
9 20
6 2
29 29
28 6
20 12
27 13
2 15
4 13
1 23
28 7
11 3
9 10
3 15
8 20
18 29
8 0
21 12
10 23
30 13
23 21
9 7
14 2
29 9
23 4
21 14
29 14
24 24
17 16
4 8
30 20
15 18
17 10
27 15
13 26
2 19
28 24
20 25
29 18
3 20
12 15
1 14
28 30
15 7
19 14
23 11
25 13
19 28
0 29
29 11
1 2
1 6
0 7
23 2
23 9
10 19
18 23
8 15
14 30
19 26
24 11
11 29
20 26
12 6
14 23
14 29
28 8
13 12
10 21
17 28
30 24
1 11
3 30
11 22
25 5
5 11
10 25
9 30
13 13
8 17
17 12
4 18
21 21
27 22
13 16
24 12
22 29
13 5
7 28
4 6
8 28
13 28
30 6
0 30
16 22
15 27
20 21
26 2
1 13
26 21
18 22
23 19
5 1
12 26
24 5
19 12
15 10
4 29
6 9
7 11
7 19
28 9
15 11
2 6
9 8
25 27
13 6
17 24
3 29
5 5
23 29
15 12
12 14
19 24
20 9
26 19
23 1
13 27
11 14
11 4
22 3
0 9
2 10
22 28
20 11
1 15
24 8
22 8
18 7
10 0
13 15
0 18
10 24
9 2
28 26
15 9
18 28
6 26
4 12
3 13
3 6
28 15
7 18
30 8
30 30
24 4
22 14
2 9
17 17
19 11
13 10
16 1
23 8
0 26
30 10
8 23
20 1
11 27
22 23
8 12
25 25
6 24
27 9
12 9
1 29
5 26
26 16
11 26
14 11
4 9
23 12
8 30
26 10
21 23
14 4
12 28
29 7
9 29
6 14
0 20
1 24
21 6
28 16
28 21
28 11
11 7
22 20
4 26
21 5
22 0
17 23
22 30
19 22
5 16
17 15
9 21
30 2
19 17
12 1
9 19
7 21
13 11
9 13
2 1
9 25
4 5
27 12
3 2
22 15
16 21
7 14
16 23
12 11
3 8
14 19
24 21
25 10
6 6
25 4
8 24
8 10
15 1
2 30
15 29
20 2
8 25
5 28
16 19
9 18
16 9
24 27
12 16
8 19
6 5
29 24
8 7
18 4
13 9
11 15
7 26
27 6
19 5
20 14
25 14
21 0
0 14
7 1
11 24
22 10
5 2
30 26
21 10
19 13
4 30
7 0
8 3
23 30
1 19
4 25
2 0
0 21
21 22
19 21
30 17
25 6
15 22
5 24
27 21
21 15
2 20
17 7
28 10
22 16
22 24
14 22
29 3
5 13
30 18
17 5
20 23
26 8
21 2
0 17
30 29
7 25
20 3
1 4
17 9
3 12
23 0
19 1
4 22
8 9
22 6
27 28
25 3
10 15
23 13
14 16
1 12
25 1
8 8
3 21
24 17
27 27
19 6
13 23
3 25
25 29
28 0
3 19
20 22
16 26
15 24
11 8
12 21
6 7
15 20
6 16
20 4
3 16
0 22
27 25
17 3
0 5
16 11
25 20
27 11
5 3
1 9
2 17
18 8
10 8
23 20
17 4
17 6
25 21
1 7
14 17
17 0
4 23
4 11
29 2
6 29
29 10
28 25
18 3
6 25
12 29
2 8
30 15
21 4
14 18
25 0
26 18
23 26
27 14
14 28
0 24
25 28
21 1
22 4
24 19
29 12
13 7
30 28
14 7
14 12
4 7
20 18
21 7
2 3
24 22
28 18
12 24
10 5
30 3
15 28
18 16
11 28
15 6
12 2
13 19
8 29
6 17
30 22
2 18
2 4
28 4
16 12
2 29
11 18
8 4
29 16
4 10
5 30
4 0
18 26
22 7
5 21
11 13
15 17
21 13
27 23
10 4
15 23
8 22
17 26
23 25
14 0
26 3
15 26
6 30
15 3
16 16
12 5
3 1
25 17
17 2
12 19
6 18
20 24
16 10
10 22
11 1
18 6
1 30
13 4
11 6
10 29
30 23
6 19
23 23
4 14
20 17
16 8
13 2
0 23
4 4
30 19
12 30
8 26
13 22
7 23
7 2
13 1
9 11
10 10
18 21
17 13
17 14
27 26
2 11
9 17
20 0
24 23
26 29
4 24
23 18
4 17
2 27
29 6
25 22
1 17
6 10
20 27
13 30
23 14
17 1
29 27
14 10
0 27
22 9
3 5
26 6
2 24
18 11
10 13
9 3
11 12
1 25
16 15
13 14
13 3
19 9
1 20
29 5
11 30
20 13
29 8
25 11
21 16
24 9
9 27
0 13
11 16
18 14
18 17
4 19
16 6
22 5
13 17
17 27
19 25
27 5
3 24
16 4
16 25
