6 15 10
27 0 15 33 8 26 10 15 67 12 43 14 13 10 5
18 25 12 2 22 15 41 30 17 14 66 24 12 0 1
20 17 51 4 5 59 8 5 4 28 2 11 26 38 9
21 19 35 14 20 22 26 1 36 1 6 60 25 10 23
18 40 17 20 7 20 55 1 14 9 8 12 3 25 52
33 2 17 36 36 31 30 10 27 13 23 4 46 2 23
19 2 24 18 2 19 22 17 29 15 15 68 24 32 8
5 48 23 13 37 2 31 21 30 4 20 5 25 13 46
7 23 22 4 9 11 30 3 7 52 1 42 26 46 24
14 12 2 25 18 39 6 63 23 20 30 9 9 31 16
16 29 0 23 2 18 8 32 13 21 57 7 40 24 30
3 59 7 7 7 28 18 7 40 41 30 27 14 8 6
29 18 29 15 18 5 16 33 17 62 4 28 5 32 10
0 2 30 12 9 74 9 20 41 9 26 15 5 11 14
16 24 35 19 16 10 17 8 14 14 8 52 33 42 31
10 22 7 14 10 1 2 16 20 22 42 43 32 47 32
22 1 5 24 12 17 60 16 19 36 33 27 28 3 21
15 56 25 23 33 17 17 6 29 24 8 23 23 31 13
4 2 9 6 13 23 26 43 58 4 4 25 32 38 9
10 16 4 7 63 24 42 24 21 21 29 18 0 14 22
18 10 51 39 11 28 17 22 38 7 23 7 20 16 32
2 31 21 57 2 4 7 34 28 0 5 18 54 4 0
11 7 34 16 30 11 30 14 31 27 21 21 5 27 55
18 14 10 6 18 16 43 55 6 31 45 13 10 20 12
32 36 56 12 8 8 30 12 12 9 23 35 26 16 14
34 54 41 29 5 6 41 4 2 2 1 33 9 15 10
24 51 15 43 32 2 18 7 14 36 37 4 22 3 4
32 31 31 14 46 29 29 19 1 1 22 14 12 43 4
3 28 18 4 8 6 1 13 70 13 37 3 43 13 8
22 6 8 29 6 23 3 43 4 37 37 3 54 21 3
54 22 12 7 17 6 1 25 33 28 29 6 49 15 3
45 57 15 4 4 10 38 5 21 16 7 29 32 12 15
16 2 7 45 49 14 43 1 33 5 16 29 15 14 24
6 1 20 19 28 10 25 4 7 25 5 28 5 16 77
20 23 18 8 23 24 32 1 18 5 77 4 2 5 16
10 1 16 9 0 18 3 38 29 41 55 16 4 44 3
17 27 2 37 22 37 11 9 35 1 47 31 13 26 19
20 60 14 23 34 34 41 21 6 9 18 17 4 6 1
22 53 1 13 3 9 28 39 15 3 55 22 14 14 2
0 26 0 41 14 19 12 27 16 10 59 16 45 13 2
1 27 28 19 8 14 22 34 5 7 6 23 4 12 74
39 27 37 21 24 26 7 11 29 46 15 20 1 5 29
25 12 7 20 66 15 10 29 28 1 36 8 12 13 28
38 0 22 17 12 21 15 7 74 14 10 25 3 14 20
33 8 29 14 24 15 55 5 8 1 36 23 38 23 9
27 17 1 20 32 21 3 68 10 27 31 11 21 13 1
38 3 13 13 51 36 4 26 3 36 17 20 0 14 38
29 17 6 11 3 37 42 8 39 18 34 8 1 19 45
18 26 14 4 35 43 30 34 33 3 18 19 21 33 17
24 3 7 13 32 58 23 11 40 30 37 3 11 1 5
61 14 8 41 11 25 24 2 11 28 3 19 13 5 39
47 16 37 21 8 4 29 7 51 6 15 28 19 19 20
60 7 1 27 24 30 18 33 18 4 20 19 8 30 25
4 7 9 23 12 4 14 34 24 26 32 63 24 21 24
28 2 29 40 11 5 10 34 1 30 13 57 24 1 19
7 33 46 12 17 29 17 1 48 24 28 6 13 19 31
27 17 39 10 17 25 14 3 9 11 27 32 44 28 39
21 5 11 3 29 6 28 20 28 31 18 10 37 50 37
7 45 4 20 12 34 1 26 59 18 22 6 22 26 3
13 49 3 30 12 42 14 10 11 48 26 9 8 30 8
001100101011111 101111100000000 100100100111000 100000100100111 100000010101111
001011100100100 110011100010001 001111010111001 100010010100100 111000001110101
010100110000011 011011010010001 111110010110000 001101000001110 000110010101111
001001010000000 111110101001110 011011110011000 011010001101110 001111110100010
000101000111110 101011011101100 110011000101001 011000001110110 100010111100110
001100110101010 000000100111100 101010011010111 010110010001101 100000011011010
111000001000011 111101000110111 100100110001000 110100101000100 100001110100010 010101000110101
010100010011110 100000011001000 110100111011101 011111010001110 001111111110010 111011010111011
111000001011110 001100001110011 010011101011110 010111001101001 101010100101001 011010010011011
101100110000100 100101010110000 101001010011011 011001101100110 001101111111000 011100101110101
110010010101001 101101110011100 101111110100001 001111001011100 111000110010011 110001000011000
001111011000101 101000011011100 000001111000011 001100100110110 100111111100001
000010010000100 000100010010000 000110001000100 110100111001010 100100111000011
110011101011011 101111010111001 100011000011100 100000000011110 111100110001111
110110110011001 001001000100011 111000011001001 000010110110110 011101011001101
110011001101010 011101011101111 100001010010111 111110001010000 110110100001100
000100110101001 100011100011011 001011100001010 101101000111000 101010100100000
110111001011111 011101011001001 010000101010010 000100000110100 101111001110000 111100100001011
110011111100000 011011001010000 100010111111011 100101111101101 101100101000000 111101111110111
100111101010101 100010011000001 111110100101111 101010001101101 110111011111000 010000111001101
011100000001011 100011000000011 111100010011011 011101111001001 010000001110110 111001101110011
011000101110101 100010001000001 010010110111011 100011101100000 000000000010001 100110000001101
011101111100111 100000101010101 111001101001010 001111110111110 001111011111100
101001010001011 001001111011100 000110101010111 110010110100010 011100000011011
010111001101101 000011100111011 001001101111100 110011101011101 110101110000100
101010111001111 011101011100110 001111011000001 101111001111001 111001101001110
110001111110101 110000000010011 111001000001110 001101110111111 010110111111110
111100111000100 000110101000011 100011010010011 100101010110001 011001000111011
100101000110111 001100011010111 010011001000010 101100100001010 001100001110000 000100111110010
001000100110011 010000101110110 101110110011011 101100100110111 111011011000010 001001001000001
001010100100101 101000011110010 011110011011110 101110101100001 000000111000111 001100010100110
000111011111111 010011101100011 001011010000011 101111010111011 010111000010011 010101110110101
001010000010000 100011001111011 101110111100010 000100110100011 111001000111101 101110011011011
010000100011101 101001000001001 110111011011111 011011101000111 000010101010010
111000001111001 001010100000110 000111111010010 110110000010111 000000011010010
111110001000000 000001111110010 110111000001100 101011100100010 000100101010000
001100011010000 001110001111001 000100011010110 001011001000101 010111101110100
011100010101110 011011000101100 001010101100001 111001110101101 010100110010000
011000000110111 111010001011111 100010001011000 111011000010110 110000101010100
011011100101000 010010011000001 001000100100101 111011101000110 111111101001000 010000010100110
100101111100000 001101101000010 111111101001110 101001100110001 010110101001100 111100001100010
000001010001100 111110101000000 101001110001011 000001110001000 001101110100011 111011100001111
111110101000010 111110000001110 100111111010111 110100101110110 011111000011000 101011011110011
010100000000011 011000011101111 001110111010010 101011101110000 111011110001001 111100010010000
100010111011000 111010100111001 001001011101011 111110101101100 010011101110010
010010010010011 110010101100001 010110011101111 100111111110000 011100010000000
000111110101110 110110111110101 000001100000000 000100010101010 001011000110001
001110001000110 100001011001001 000000010010000 011100000110011 100110000001000
000110000001001 110011100011011 001000010111011 010011111000100 101110000100101
101110001000100 100110101011110 101000001010000 001100000011011 100000110111010
101110100101000 100110001100101 110001001111001 100001100011101 000101011100101 000011001111100
111101101111100 010111000110000 000110110001010 110111110101001 000000101011011 111001011100100
000101000101001 000010001010100 100000011001110 110111111011110 000011110010100 101101000110101
111000011101111 001110011001011 011110000101111 000000111110001 110101101101000 010000101000111
100011001010000 100011101011101 100111101101101 100111110100010 111111001100001 101000100011001
000101100000100 001010110101101 101001100011111 011100100100100 111100110111001
011111011101101 011111100100001 001111000101110 110100100011010 001001011100000
101110000100111 010010101110010 111110011010000 110111100100111 101100100011110
110011010000000 011110011111010 110100011110100 111010100110001 010010110001100
000010100001010 101100111101110 000111110011011 101001111000000 001000110101000
111110111001100 011010110111000 001110010101010 011001101110001 100010111111101
101011010100101 101100010000000 111110111000010 110011101000101 010010101110101 101001010111100
010011011111001 000011001101110 101101100001110 011101100011110 010100011000101 100100010000001
111100111001011 000100101100000 111111010101010 000101000000101 101000111001010 110010011110110
100001101000011 111110001110011 001101110110000 101111101100110 001011111110111 110110001101101
111001110110010 101100011011000 000000010101010 101110100011010 001111110101001 110101011010110
001111101100100 011101010100011 101001001101110 110001100010000 011010110001100
101001010011100 111001100001011 011110110010110 100101000111001 011000011010110
100001101100100 110000001100010 101000010000101 001110101111111 000101110100011
101010110101011 100001000100100 010001100011101 110110111001111 001111001111010
010110000011101 001100000000011 100001110011111 100010011010111 000011110010100
010100111100010 011101010000010 110111011110001 110110000110100 001011011000000
101011110110111 000000001011110 100000100011100 110111010101101 101001001100101 110111001000010
111011100101111 101011101001110 010011011101111 100001111100010 001110101011110 110011001010111
011010110011111 111000001101100 100100001100111 100010100101010 100001011000101 111101000010010
101011111011111 000111000111100 010000101110111 010001000000110 101000001100000 101001100001101
010110101001011 110000001011000 111111011100000 011111010011111 111011101000100 100101010100111
001101001100000 101100011111010 000110100010111 011000110011100 101111010110000
101111010010111 111001111011011 000010101100110 100010000010011 000110001001100
101111110000101 111111110001001 110010011011111 001010000100110 000010100100000
000001100110010 100110010010100 101000000100001 001101000000101 110001010101011
100000010010111 111101101001000 111111001010000 011001001101101 011100010011100
100011010110011 101000010001001 110100111000001 001000001101001 111100110010101
000011110010100 001000010100111 111111001101110 010011100001110 001100100101110 010110111111010
101100110110011 011111100010011 111110011000111 000010100101101 001001000011100 111101011111111
011110111000110 001100111000001 111010010000000 111101101010111 111010111110011 010010100101001
100110100101010 011010100110110 110101111101100 011111101011001 000111011000101 011111101100001
101110111001110 011111001010110 000001101010110 101111110111001 011110001110111 101001001101001
001001110100110 001010111011101 011010000100100 011001000001010 110000110000111
110100100010010 101000001010101 010101010001010 100011111000011 000111100011011
110111101010100 100010100100100 010110000101000 110011101011001 001100000100111
100100100001000 101000110110111 001101010010111 000110010100010 000000100110110
000011111000000 100000001001001 011000000011101 110111001011010 001101101100000
000001000100000 101001001001111 010000011010100 100000010110000 011000000110001
011110011010010 110111111111100 110101111010001 111100011101101 110101001010001 111111111110110
100000001011010 111011111110110 101111011001101 010001000111010 001101111011000 001101011001101
010011000110110 010011001101001 001101100111010 001110111100000 110000011111001 110111101001011
101110001110001 011000110001111 010000110001001 000011110100000 100011011100000 100001011000001
100010101110111 000001001010001 110010001011110 110000110111010 111100010000001 101111100001010
111011001110100 011000001111110 100000001100110 001010101010111 100111111001110
111000111101101 000100100010011 001101001110110 001011100001100 010001100101111
001101010111100 001101110000110 101011100110010 100100100100000 000001010100100
100100101100111 100011001100110 011001101110100 001110011110000 000101001010110
010101100001111 111101001101111 001011111110111 001111000010010 011110000101110
001001001001011 110011111010000 100101000000000 110101100100101 100001010101001
011010011010111 001001100111110 100110100110000 011100010100000 100010000110110 110001000100000
101110101110001 100001101001100 101100101100110 001011110100101 110111001011110 000000000011101
000101110101001 100110001010010 001110001100100 010001110010100 111110110110100 001001111011001
011010111010110 001010101000100 101011110011101 111000110100001 011000100011010 101001001110010
111111101110101 011100010000001 111001000111101 100110010100000 101100010101011 100101111010010
