6 15 10
19 30 70 2 5 8 4 15 17 31 1 26 18 7 35
9 1 17 12 23 0 33 4 15 52 37 17 14 5 55
7 10 34 56 17 13 14 19 27 4 19 31 23 42 11
7 20 1 32 3 6 2 43 14 74 15 17 3 10 20
6 46 0 21 22 20 3 41 28 47 5 6 1 37 21
1 5 37 21 7 41 24 24 32 3 11 45 29 32 13
43 28 1 19 16 55 28 20 6 13 13 38 2 10 24
35 16 26 56 12 15 10 17 18 34 20 19 2 42 2
54 33 16 40 21 5 8 18 3 3 27 4 34 29 22
24 16 16 29 20 51 1 53 24 20 24 10 6 3 25
27 21 42 4 14 0 8 5 33 46 10 34 27 41 1
21 8 39 16 6 9 33 23 18 48 37 26 7 35 4
36 4 10 16 15 12 36 42 62 16 13 18 16 3 6
47 4 28 17 12 18 2 18 14 12 5 57 35 24 23
35 10 36 17 0 5 50 30 8 15 2 44 20 31 7
13 2 38 14 6 28 44 5 11 11 55 14 41 10 10
24 5 10 67 17 12 7 27 33 0 4 8 44 22 1
19 45 1 30 56 2 15 19 31 8 2 27 2 27 24
14 19 32 7 26 28 63 19 23 1 7 37 12 22 3
19 10 10 14 2 28 19 11 18 73 4 25 5 0 40
23 20 5 19 14 29 29 36 11 28 15 18 5 16 61
20 0 14 34 51 9 20 24 17 16 18 53 22 12 18
48 17 13 12 11 6 17 11 0 30 55 21 35 15 26
16 4 49 23 29 31 32 22 0 7 11 12 51 22 7
14 15 1 6 13 4 5 39 21 17 6 32 21 68 31
7 18 18 20 12 20 16 62 5 19 4 6 61 6 4
14 10 29 10 17 2 11 11 28 28 36 36 34 9 53
46 34 11 15 37 16 17 1 15 49 3 7 29 21 24
44 1 17 23 18 31 49 9 0 14 35 5 7 6 45
38 6 19 17 19 22 20 18 20 39 11 56 25 2 23
2 20 24 35 41 24 28 20 1 20 32 29 18 43 7
9 36 21 6 10 9 19 29 27 28 53 20 32 27 18
18 3 32 19 50 13 9 24 37 4 12 33 20 33 27
16 21 7 5 39 33 10 59 44 20 1 6 10 0 23
53 47 22 3 18 28 5 32 22 5 16 2 25 29 14
33 47 23 32 1 21 14 17 43 29 23 9 29 13 4
20 18 4 4 25 49 50 39 29 24 15 6 4 13 17
1 55 42 20 10 3 12 13 5 5 16 54 26 2 24
50 33 3 16 3 8 27 10 4 22 50 5 33 33 12
9 29 46 7 28 43 1 10 1 27 4 5 5 57 8
1 11 4 18 46 49 1 31 20 48 5 30 6 19 4
5 4 11 17 39 32 4 13 20 16 6 2 57 41 34
60 3 4 24 40 6 10 10 38 28 8 37 8 5 11
17 16 34 14 30 19 38 22 59 11 17 0 0 32 11
0 5 18 26 22 45 21 28 14 23 6 4 35 0 58
12 6 18 10 4 34 30 16 5 43 23 10 33 57 17
30 17 3 42 3 2 5 15 53 29 3 48 18 6 23
42 3 34 35 1 3 11 15 30 15 18 47 25 4 36
10 4 24 11 31 24 6 31 38 8 18 26 31 55 17
9 28 1 35 23 55 18 30 30 11 23 29 9 19 16
44 9 18 19 37 3 23 38 2 52 20 21 17 2 11
43 1 35 3 22 2 12 3 23 21 27 9 22 50 39
8 45 13 42 16 5 9 27 12 23 33 25 19 39 26
19 5 17 28 30 66 15 2 24 32 1 11 34 3 12
35 40 39 16 13 20 53 1 17 22 15 1 1 1 32
39 35 27 2 19 11 3 20 48 3 21 18 26 9 42
23 25 52 21 43 11 33 2 9 31 15 16 3 27 21
30 48 1 25 2 24 30 14 28 25 33 28 13 7 32
34 41 11 31 27 8 52 14 18 4 15 31 10 16 23
29 11 19 20 60 4 9 5 47 1 19 27 27 18 11
111101101111000 000111000010100 111011100000100 000101101110111 101101010110101
101100110111010 000010111100101 001010011111100 110001111010100 101100010101010
001001001010000 010101010100110 101110000100110 110010101001111 110001001110101
000001000100110 000000001000101 010011111110101 100110110101111 101000101100010
010001110110100 100100011011011 010000011111100 001010011001000 000000101111101
000111111010001 010100001011110 011011101101101 000100110000010 111011110111001
010110110011110 110011001010110 100110001001001 001100100100101 110011101010111 001100111110100
011010001110011 111010101010000 100010000111110 110100000101100 100110001001011 011001001011100
111110001011100 010001110101110 011011110001001 000010010110110 010000001110010 100000111011100
101110100101011 001110001011001 010001111011001 001011111000100 010010110110110 111100011110101
011101101001111 001000110001101 111111101111110 011011111001110 101110011100010 001010111100001
010001111101001 000001111000001 011011111100010 110101000001110 100011101110010
100011100000010 000000101100110 001110010101001 111001101100011 110101111100100
101111101110110 101000100011000 110111001000000 011100010011100 010111010000100
111001100101010 000000010111011 001011111100101 100100100001010 110001000000110
011101111101100 111001111000100 100011010101011 100111011001111 011100000100111
000111110010010 001010101001111 110011010100111 000011011011010 111101000100010
110111011011011 100110011101010 011001000010110 011010011110000 001001001101111 000010100100000
100001001110001 010111111010100 000001010101010 100101110101100 011010000100110 000011110001001
111000000001110 110010011101100 010010110000000 001011010101011 111000111111111 001101101011000
010010000101111 010101000110000 010001010000100 111000100100110 100011011011001 011011111111011
000101011110001 001010100001001 010110001000011 111010011111101 001011111110101 111011110010000
111111111010000 011110110111011 111111111111010 100001100110001 101010010011100
100100101111001 100010011011011 110010001110010 100110010001001 001101001111001
101111100001111 000001101010011 011011001011010 011101111001111 111110000011100
100000010101010 101010010001110 011100100100101 001100110010111 001110010100011
010100100011110 000001110001101 101110000100101 010100111011110 001111001011011
000100000011110 001110111000011 000100111000011 001010111001111 101011000101000
010000111100010 111000000011101 101000101000110 011001010010110 100111000111010 001000100011000
001110111111011 110101110100110 011010100111100 001110000100001 000001011100100 010111011001100
111001111110100 010101100010001 011001110100011 001110010000100 100011110100101 000111001000010
011001111000010 010111011001000 000110000110000 100101100001100 000111111011011 110000001100010
101110100101001 001011100010000 001000101111001 100110101001101 000110111100110 101111110011101
111000101111011 100100110110011 100110010000001 101001000010100 111011000000100
011110111111100 111100111111010 010111011111001 001100100011001 110001000011100
100010111100010 001110100011001 110000011000111 101111100101011 101110111100110
001000101001100 011001110111111 100110000101011 011000011111111 101001101010100
101110011011011 110100101101011 101011101000101 101001011101110 010001010011101
011110001110010 111101111101111 000010011011101 101000100010010 001000101001101
110111100011010 101010001000101 111000100111100 110010011110100 001111111101000 110011000101110
110111100010000 111111010011011 010001101101101 001110000100001 000011100000110 110111111111001
101011101111101 110001101001010 000100100010000 101000000010010 111100110100010 010100111100001
000100000111001 000111010011100 100001001011100 001101010001111 001001111110001 110111100011011
000100000000111 001101101010010 111110000000001 101001100111110 110010110111100 001001111010000
111011011001100 010111110010010 100001101111101 100100110011100 001010001001010
100101100011100 100011010111011 101011011000111 100001000010100 101110001110000
001100110001010 000111101001101 000011101001000 000111011010111 101011110010101
101110101010110 111011101101110 011101000010111 101001110100101 101011001011011
011111111010111 000011101011111 110110101001110 000001101010010 010111111101011
101001110100001 011000110111000 111110011011101 100101110000110 110001000000111
010010110110100 011101010010110 110100001001100 110001001100010 111010001010101 011011000000011
111000011100111 000011000001001 101110101101010 001100101100100 101001000100000 111011111100111
110011000101101 100000001011010 100001011110000 111010000111111 101111101111100 001011011101011
011100010000000 101110011101010 101001101011000 110011000000010 100010101001110 010000011001110
001100000100101 010110111110100 111001011011100 011011100101100 101101100101101 010000101001110
110101100001001 010111100100000 101110110110110 001111101110101 111110011010110
110111101000111 100011101001011 101000100101110 000110001010100 111100011001010
100110111010100 001111101010011 100000101110111 010000011100001 001111011101011
011111111100100 010110100001110 100111001001010 111110001001000 000001010011110
100101010000101 100010111010000 101011110111101 111111000001011 101011010001010
110001001100001 101111010011010 111101010011000 001001101010010 011010111010110
011110100101101 001000001000011 100111100111000 100101000010010 011101000000110 110011110011011
011001100100111 010001010110100 011110011011111 101101001100010 011000010011100 011110101001110
100010111100100 010110001011100 110000000111011 001001011001011 010000001101001 111000110001101
011011010000111 001000110111010 000001100011001 110101100110001 101101110111101 101000001110010
100000000000110 011011001001110 101110010010100 010101010110011 000010010110101 001100010110001
000100100110001 101100101100110 000011000010001 010110010110101 101010010101010
110010010001100 010010100111100 000011010111110 010011011011111 101111110000000
110110001110011 100110100101010 111100111011111 100000111011011 101101110100100
110101011111001 001000010110100 001010111100100 110010110111011 010101001111010
100001111000100 100010011111000 010000110011100 101111110101110 011011001001011
000011101101100 100011110111110 100001110110011 001001100110011 001010100100100
111001110101100 011101110001010 111101111011011 000101111011000 111011000101110 011010110100110
111100001000001 000001111001111 011011100000111 101100111111000 110001011010011 100110101000100
001010001001100 100011000001100 100010101101000 001000100101010 001101101101101 001100000110101
100000000011100 001011101110101 010000110101101 101100001010101 111101001011111 101011001100001
111111010101110 010100011001110 011110011010100 001101011100110 011010110011000 100000100011010
100111101100011 001101110101010 100110101000000 000000110101001 101011011000111
000000000110111 000010110110010 011100000101111 000000000100100 011011011010110
011100000011011 000111010000111 101011101011111 101100100001101 001100001011011
101100110010010 111100101111011 001111101101011 001111010100010 010000100000000
111010110101000 010001111001001 001001010001101 111111010110100 111111101010011
010010000100001 110100111000110 000011010001100 010111101011010 100001111100111
101111011101101 011100110110000 000011100100000 100011110100100 110001111000111 001101100010000
110100111100111 000111111010100 100001001101100 111000110011001 001101000000011 111011011110010
100011001110010 111001001000000 010011011100001 001011110011111 110111100001010 101010010001010
110110101110010 110000001100110 111110100100111 111011000010100 000110001110011 110111010001000
111101000000111 101010111111000 000001011101010 010000101100100 011000110001101 111010000011000
010111111100110 111001100111011 010001101001000 110001001101111 111101100010001
001110110011010 101000000010100 010100100010011 001011101001001 010011101110101
111001110100100 110100001011110 111011000110000 000110110111100 010100010000110
010001100111101 011011111000011 100110101111011 001110000001000 010100001101111
100100011111010 111110001100001 010010111000000 110101100010011 111111010011001
000001100010001 100000010101010 111100110011110 101100001111010 001010110010100
101001001110100 111110000110010 111101101000110 000010001100001 001010000001011 010010100110101
001010000010010 111111110000010 000011101100001 011000001000001 111001000111000 110100111110110
101000000101100 100000010101001 110100100101111 100011100100000 000101001000010 011000001000111
010100001001101 000000110101011 000001110011010 111010000100010 101101001110011 011011011111111
000000011000010 011001111101100 010001000001000 011011100001100 000011001001011 000110100000111
011111100010010 111010001100101 011110010111101 010000111111110 101111001110101
101010101111111 010111101000100 110101010110100 101101111011001 100000011010001
010110101100000 111010011111000 100100111011011 100111011000101 010010010111010
010111000011001 110100111110110 101010000100111 010001101111100 000111100011100
101011001010000 010101100110101 101011110100111 001001001001000 011001001101100
000011000010111 110101001100011 001010001100111 100101110110110 100010101101001
110101100100110 101101000110001 110001010001101 111000011111110 101000110100111 100000000001000
101010110100011 101110110101000 001000100001011 010100100101000 111010011000001 111011010100101
001101011010001 000010110110011 001110010010010 001100110110001 010100011011011 010101001101101
100000001011101 100100000101111 110100000110100 011010110101110 110001011011001 001011010110111
101000100010101 100111010101001 100111101001110 110100100110010 010110110010000 001001001110000
