243 382 182 49 0 114 334 1000 0 20 18 22 31 51 110 342 1000 671 549 242 0 380 1000 412 149 41 0 0 66 204 444 1000 346 123 0 25 0 401 446 213 102 87 68 54 131
460 1000 296 0 30 91 221 371 126 54 31 27 31 40 48 0 1000 488 282 0 70 221 353 191 0 15 10 25 61 152 265 348 0 36 11 0 0 158 170 0 108 153 131 0 228
367 392 0 18 30 0 89 135 80 40 26 23 25 31 43 78 270 0 91 45 59 81 0 0 5 10 0 28 0 79 117 125 0 11 6 0 17 62 74 63 178 285 301 292 321
294 200 0 43 70 45 0 0 20 0 10 15 16 17 15 0 0 9 35 30 41 45 21 11 11 21 64 85 59 45 0 34 10 0 2 2 7 0 0 0 256 509 495 546 398
210 114 0 83 161 111 0 15 0 9 0 9 8 6 0 23 6 0 9 0 31 37 27 11 6 0 151 190 106 42 16 0 6 6 0 0 8 5 0 91 337 1000 624 1000 432
0 47 49 128 381 236 108 58 41 35 38 12 0 0 93 85 0 42 0 11 45 44 39 0 0 196 351 418 131 0 23 8 8 18 32 31 20 11 0 28 0 270 0 0 118
19 25 21 0 1000 344 139 67 71 53 104 0 207 273 288 225 0 169 144 0 94 56 84 0 244 432 638 1000 0 17 68 0 0 24 79 73 28 19 10 19 29 81 0 10 40
11 12 9 3 0 0 37 0 122 0 324 416 555 597 560 527 504 488 408 0 274 0 240 446 543 650 770 792 448 0 232 253 205 0 185 154 0 26 0 9 16 26 8 0 14
0 4 0 2 1 0 9 0 415 1000 777 785 1000 1000 828 820 1000 872 1000 718 1000 485 431 1000 833 854 1000 948 1000 624 608 576 565 478 505 356 189 84 21 0 0 0 4 2 4
1 2 3 2 1 0 0 135 539 1000 1000 946 1000 1000 932 925 977 1000 963 870 798 508 0 1000 934 931 973 1000 1000 888 1000 876 1000 842 1000 577 314 100 0 42 0 15 5 0 1
0 0 9 3 0 0 0 0 605 881 970 1000 1000 1000 974 971 983 1000 983 1000 812 747 666 1000 972 963 961 909 876 926 941 926 941 888 845 636 388 0 167 167 109 56 0 33 0
333 90 28 0 0 0 0 0 1000 949 1000 1000 999 1000 994 1000 985 978 967 1000 703 1000 917 1000 990 988 1000 799 669 1000 911 947 950 923 854 734 601 480 500 351 211 100 0 131 241
1000 0 11 7 0 0 100 0 728 913 1000 1000 995 995 1000 992 980 960 906 727 0 730 1000 1000 1000 1000 1000 619 0 439 755 1000 987 1000 915 846 800 820 1000 525 284 133 0 250 498
625 0 7 18 40 110 400 1000 1000 975 993 995 987 985 989 989 984 977 971 1000 1000 921 978 1000 993 972 895 677 364 0 668 1000 996 1000 958 935 934 1000 745 464 267 149 195 370 501
1000 250 0 18 32 0 391 772 1000 994 1000 1000 973 970 983 991 991 991 1000 1000 1000 976 989 1000 1000 1000 932 831 778 1000 917 1000 996 991 980 1000 1000 1000 516 320 171 0 261 535 509
347 0 6 23 68 153 390 698 899 1000 993 971 934 940 981 1000 997 996 999 1000 1000 994 1000 975 939 903 1000 937 916 976 1000 999 996 987 970 940 849 616 0 130 95 0 315 1000 0
386 196 0 0 65 155 319 729 899 966 1000 956 851 875 1000 990 1000 998 999 1000 1000 1000 990 961 878 671 0 1000 974 987 996 999 1000 989 973 939 841 614 0 106 79 0 0 298 0
1000 398 132 0 37 82 0 1000 1000 966 992 1000 640 708 853 958 988 997 1000 1000 1000 1000 998 1000 942 903 1000 1000 994 1000 997 1000 999 995 992 1000 960 1000 304 216 116 43 0 191 352
403 263 131 44 0 134 293 689 853 906 1000 750 0 463 747 1000 997 1000 1000 1000 1000 1000 1000 1000 986 1000 934 734 1000 992 991 998 999 1000 1000 905 1000 750 0 336 127 57 43 113 217
131 120 85 45 0 162 347 608 816 803 833 1000 457 398 670 918 1000 993 1000 1000 1000 1000 1000 934 1000 991 1000 0 1000 976 977 1000 1000 890 766 619 806 1000 671 1000 0 14 0 0 0
0 0 42 51 71 167 324 579 1000 656 530 631 428 0 616 1000 987 972 1000 1000 1000 1000 1000 734 1000 963 980 1000 963 933 939 945 913 793 555 0 604 1000 684 536 134 0 3 0 0
5 13 31 45 64 109 204 383 499 289 0 564 623 604 792 1000 974 909 1000 1000 1000 1000 1000 0 673 879 957 969 920 852 899 927 913 812 660 491 610 680 527 327 0 29 11 12 0
5 15 25 32 31 0 0 249 324 0 463 1000 896 1000 948 1000 1000 688 844 1000 992 998 1000 703 812 923 1000 1000 894 656 877 951 1000 883 782 694 665 584 416 245 0 106 0 35 0
0 15 22 26 27 23 0 288 548 1000 852 943 960 1000 1000 890 667 0 688 908 971 1000 1000 1000 950 1000 1000 1000 1000 0 1000 1000 982 939 890 839 770 576 307 236 245 396 234 129 55
39 23 20 21 28 63 142 353 580 830 1000 959 1000 986 970 894 778 664 1000 973 984 996 998 996 986 996 999 1000 1000 709 922 978 989 1000 1000 1000 1000 644 0 146 348 1000 412 192 91
41 19 13 9 0 57 150 400 588 741 848 893 942 974 1000 937 885 876 1000 1000 995 1000 1000 999 1000 1000 1000 1000 975 914 1000 1000 997 999 999 998 991 1000 381 0 0 343 223 137 79
27 0 5 0 7 16 0 508 630 696 756 824 900 969 1000 967 947 953 987 996 997 999 1000 1000 1000 1000 1000 1000 987 972 993 998 1000 1000 1000 1000 966 872 523 245 142 148 0 54 47
19 8 6 9 11 0 331 1000 726 656 655 746 865 1000 991 983 983 1000 997 1000 999 1000 1000 1000 1000 1000 1000 1000 1000 993 1000 1000 1000 1000 1000 1000 1000 1000 593 315 175 107 35 33 29
12 7 0 17 26 0 325 618 617 546 460 638 812 948 981 990 1000 1000 999 1000 1000 1000 1000 1000 1000 1000 1000 1000 1000 998 1000 1000 1000 1000 1000 1000 947 1000 532 246 136 71 0 12 15
7 7 10 33 74 157 349 529 576 450 0 532 796 1000 994 995 999 1000 999 1000 1000 1000 1000 1000 1000 1000 1000 1000 1000 999 1000 1000 1000 1000 1000 903 789 629 290 0 50 39 13 0 7
0 3 0 32 78 204 385 573 707 677 551 692 840 960 1000 998 999 1000 996 995 999 1000 1000 1000 1000 1000 1000 1000 1000 999 999 1000 1000 965 919 823 675 438 0 25 24 21 12 5 4
0 4 8 16 0 196 414 669 1000 1000 834 844 912 1000 999 997 1000 1000 991 984 1000 1000 1000 1000 999 1000 1000 1000 999 998 996 990 975 941 886 793 650 446 193 75 0 8 8 5 2
2 5 12 24 51 164 407 688 1000 985 939 936 962 1000 1000 990 989 988 982 950 925 914 940 1000 994 1000 1000 1000 998 997 996 989 969 938 889 812 687 502 249 81 0 4 5 4 0
2 0 9 15 17 0 360 676 1000 1000 1000 1000 1000 986 979 975 976 980 1000 909 836 790 847 926 977 987 1000 1000 994 995 1000 1000 975 951 918 878 782 626 219 0 3 3 4 4 2
3 3 8 11 0 0 356 656 865 957 964 1000 967 964 954 953 959 957 931 848 721 561 733 878 1000 970 984 992 984 987 987 984 979 971 955 1000 938 1000 0 0 9 0 3 4 3
2 0 7 20 41 112 408 727 845 1000 897 886 902 947 921 922 948 956 919 830 638 0 647 853 888 909 973 1000 961 982 978 968 987 1000 931 944 971 1000 273 91 34 0 3 4 3
0 2 0 21 32 0 435 1000 788 766 736 744 809 1000 859 866 954 1000 958 913 1000 750 1000 1000 790 803 1000 1000 878 1000 975 922 1000 865 826 873 1000 634 0 56 34 0 4 4 3
3 6 13 32 65 130 331 541 539 540 535 543 588 652 649 729 1000 1000 1000 863 1000 1000 643 570 468 511 565 529 550 638 1000 744 688 633 636 722 1000 536 201 98 47 18 9 5 4
3 6 13 28 66 125 218 292 288 319 321 303 348 370 355 399 511 506 511 539 573 458 0 169 0 209 220 0 154 0 341 365 375 343 364 377 421 308 170 89 38 16 7 4 3
0 3 5 0 46 87 123 119 0 125 126 0 129 125 0 0 138 0 0 209 295 260 123 107 53 104 106 52 65 21 0 0 104 0 100 0 0 106 81 48 0 0 0 1 0
0 0 4 11 32 54 68 61 29 53 57 30 44 0 1 0 41 15 17 0 137 164 126 84 0 47 48 37 33 17 14 0 42 20 37 13 15 36 0 22 11 5 2 1 0
0 3 0 7 17 30 35 27 0 0 19 18 17 6 5 0 10 0 54 0 90 132 132 104 58 37 0 14 12 0 39 48 43 0 15 0 11 22 41 30 17 8 0 1 0
6 13 6 0 0 15 15 11 0 1 0 7 0 0 12 0 0 144 198 136 92 141 167 142 91 43 0 7 0 50 95 111 80 25 21 16 7 0 111 40 19 11 5 3 0
12 35 12 8 5 13 0 3 2 3 3 9 12 20 44 142 266 379 458 253 0 173 252 205 121 45 16 14 29 103 181 220 140 0 29 36 0 341 363 0 8 13 6 7 5
0 104 0 14 0 32 0 0 2 6 0 13 20 23 0 257 543 648 1000 419 180 299 464 306 144 0 5 5 0 153 306 447 261 111 60 99 275 1000 1000 303 0 25 0 15 0
0 -6 -8
0 -8 1
0 -3 4
0 5 -5
0 8 3
0 -1 5
0 1 -4
0 2 0
0 -3 8
0 -6 -8
0 -8 1
0 -3 4
0 5 -5
0 8 3
0 -1 5
0 1 -4
0 2 0
0 -3 8
0 -6 -8
0 -8 1
0 -3 4
0 5 -5
0 8 3
0 -1 5
0 1 -4
0 2 0
0 -3 8
0 -6 -8
0 -8 1
0 -3 4
0 5 -5
0 8 3
0 -1 5
0 1 -4
0 2 0
0 -3 8
1 -6 -8
1 -8 1
1 -3 4
1 5 -5
1 8 3
1 -1 5
1 1 -4
1 2 0
1 -3 8
1 -6 -8
1 -8 1
1 -3 4
1 5 -5
1 8 3
1 -1 5
1 1 -4
1 2 0
1 -3 8
1 -6 -8
1 -8 1
1 -3 4
1 5 -5
1 8 3
1 -1 5
1 1 -4
1 2 0
1 -3 8
2 -6 -8
2 -8 1
2 -3 4
2 5 -5
2 8 3
2 -1 5
2 1 -4
2 2 0
2 -3 8
2 -6 -8
2 -8 1
2 -3 4
2 5 -5
2 8 3
2 -1 5
2 1 -4
2 2 0
2 -3 8
2 -6 -8
2 -8 1
2 -3 4
2 5 -5
2 8 3
2 -1 5
2 1 -4
2 2 0
2 -3 8
3 -6 -8
3 -8 1
3 -3 4
3 5 -5
3 8 3
3 -1 5
3 1 -4
3 2 0
3 -3 8
3 -6 -8
3 -8 1
3 -3 4
3 5 -5
3 8 3
3 -1 5
3 1 -4
3 2 0
3 -3 8
3 -6 -8
3 -8 1
3 -3 4
3 5 -5
3 8 3
3 -1 5
3 1 -4
3 2 0
3 -3 8
3 -6 -8
3 -8 1
3 -3 4
3 5 -5
3 8 3
3 -1 5
3 1 -4
3 2 0
3 -3 8
4 -6 -8
4 -8 1
4 -3 4
4 5 -5
4 8 3
4 -1 5
4 1 -4
4 2 0
4 -3 8
4 -6 -8
4 -8 1
4 -3 4
4 5 -5
4 8 3
4 -1 5
4 1 -4
4 2 0
4 -3 8
4 -6 -8
4 -8 1
4 -3 4
4 5 -5
4 8 3
4 -1 5
4 1 -4
4 2 0
4 -3 8
4 -6 -8
4 -8 1
4 -3 4
4 5 -5
4 8 3
4 -1 5
4 1 -4
4 2 0
4 -3 8
5 -6 -8
5 -8 1
5 -3 4
5 5 -5
5 8 3
5 -1 5
5 1 -4
5 2 0
5 -3 8
5 -6 -8
5 -8 1
5 -3 4
5 5 -5
5 8 3
5 -1 5
5 1 -4
5 2 0
5 -3 8
5 -6 -8
5 -8 1
5 -3 4
5 5 -5
5 8 3
5 -1 5
5 1 -4
5 2 0
5 -3 8
6 -6 -8
6 -8 1
6 -3 4
6 5 -5
6 8 3
6 -1 5
6 1 -4
6 2 0
6 -3 8
6 -6 -8
6 -8 1
6 -3 4
6 5 -5
6 8 3
6 -1 5
6 1 -4
6 2 0
6 -3 8
6 -6 -8
6 -8 1
6 -3 4
6 5 -5
6 8 3
6 -1 5
6 1 -4
6 2 0
6 -3 8
6 -6 -8
6 -8 1
6 -3 4
6 5 -5
6 8 3
6 -1 5
6 1 -4
6 2 0
6 -3 8
7 -6 -8
7 -8 1
7 -3 4
7 5 -5
7 8 3
7 -1 5
7 1 -4
7 2 0
7 -3 8
7 -6 -8
7 -8 1
7 -3 4
7 5 -5
7 8 3
7 -1 5
7 1 -4
7 2 0
7 -3 8
7 -6 -8
7 -8 1
7 -3 4
7 5 -5
7 8 3
7 -1 5
7 1 -4
7 2 0
7 -3 8
7 -6 -8
7 -8 1
7 -3 4
7 5 -5
7 8 3
7 -1 5
7 1 -4
7 2 0
7 -3 8
8 -6 -8
8 -8 1
8 -3 4
8 5 -5
8 8 3
8 -1 5
8 1 -4
8 2 0
8 -3 8
8 -6 -8
8 -8 1
8 -3 4
8 5 -5
8 8 3
8 -1 5
8 1 -4
8 2 0
8 -3 8
8 -6 -8
8 -8 1
8 -3 4
8 5 -5
8 8 3
8 -1 5
8 1 -4
8 2 0
8 -3 8
9 -6 -8
9 -8 1
9 -3 4
9 5 -5
9 8 3
9 -1 5
9 1 -4
9 2 0
9 -3 8
9 -6 -8
9 -8 1
9 -3 4
9 5 -5
9 8 3
9 -1 5
9 1 -4
9 2 0
9 -3 8
9 -6 -8
9 -8 1
9 -3 4
9 5 -5
9 8 3
9 -1 5
9 1 -4
9 2 0
9 -3 8
9 -6 -8
9 -8 1
9 -3 4
9 5 -5
9 8 3
9 -1 5
9 1 -4
9 2 0
9 -3 8
10 -6 -8
10 -8 1
10 -3 4
10 5 -5
10 8 3
10 -1 5
10 1 -4
10 2 0
10 -3 8
10 -6 -8
10 -8 1
10 -3 4
10 5 -5
10 8 3
10 -1 5
10 1 -4
10 2 0
10 -3 8
10 -6 -8
10 -8 1
10 -3 4
10 5 -5
10 8 3
10 -1 5
10 1 -4
10 2 0
10 -3 8
11 -6 -8
11 -8 1
11 -3 4
11 5 -5
11 8 3
11 -1 5
11 1 -4
11 2 0
11 -3 8
11 -6 -8
11 -8 1
11 -3 4
11 5 -5
11 8 3
11 -1 5
11 1 -4
11 2 0
11 -3 8
11 -6 -8
11 -8 1
11 -3 4
11 5 -5
11 8 3
11 -1 5
11 1 -4
11 2 0
11 -3 8
11 -6 -8
11 -8 1
11 -3 4
11 5 -5
11 8 3
11 -1 5
11 1 -4
11 2 0
11 -3 8
12 -6 -8
12 -8 1
12 -3 4
12 5 -5
12 8 3
12 -1 5
12 1 -4
12 2 0
12 -3 8
12 -6 -8
12 -8 1
12 -3 4
12 5 -5
12 8 3
12 -1 5
12 1 -4
12 2 0
12 -3 8
12 -6 -8
12 -8 1
12 -3 4
12 5 -5
12 8 3
12 -1 5
12 1 -4
12 2 0
12 -3 8
13 -6 -8
13 -8 1
13 -3 4
13 5 -5
13 8 3
13 -1 5
13 1 -4
13 2 0
13 -3 8
13 -6 -8
13 -8 1
13 -3 4
13 5 -5
13 8 3
13 -1 5
13 1 -4
13 2 0
13 -3 8
13 -6 -8
13 -8 1
13 -3 4
13 5 -5
13 8 3
13 -1 5
13 1 -4
13 2 0
13 -3 8
13 -6 -8
13 -8 1
13 -3 4
13 5 -5
13 8 3
13 -1 5
13 1 -4
13 2 0
13 -3 8
14 -6 -8
14 -8 1
14 -3 4
14 5 -5
14 8 3
14 -1 5
14 1 -4
14 2 0
14 -3 8
14 -6 -8
14 -8 1
14 -3 4
14 5 -5
14 8 3
14 -1 5
14 1 -4
14 2 0
14 -3 8
14 -6 -8
14 -8 1
14 -3 4
14 5 -5
14 8 3
14 -1 5
14 1 -4
14 2 0
14 -3 8
14 -6 -8
14 -8 1
14 -3 4
14 5 -5
14 8 3
14 -1 5
14 1 -4
14 2 0
14 -3 8
14 -6 -8
14 -8 1
14 -3 4
14 5 -5
14 8 3
14 -1 5
14 1 -4
14 2 0
14 -3 8
15 -6 -8
15 -8 1
15 -3 4
15 5 -5
15 8 3
15 -1 5
15 1 -4
15 2 0
15 -3 8
15 -6 -8
15 -8 1
15 -3 4
15 5 -5
15 8 3
15 -1 5
15 1 -4
15 2 0
15 -3 8
15 -6 -8
15 -8 1
15 -3 4
15 5 -5
15 8 3
15 -1 5
15 1 -4
15 2 0
15 -3 8
16 -6 -8
16 -8 1
16 -3 4
16 5 -5
16 8 3
16 -1 5
16 1 -4
16 2 0
16 -3 8
16 -6 -8
16 -8 1
16 -3 4
16 5 -5
16 8 3
16 -1 5
16 1 -4
16 2 0
16 -3 8
16 -6 -8
16 -8 1
16 -3 4
16 5 -5
16 8 3
16 -1 5
16 1 -4
16 2 0
16 -3 8
17 -6 -8
17 -8 1
17 -3 4
17 5 -5
17 8 3
17 -1 5
17 1 -4
17 2 0
17 -3 8
17 -6 -8
17 -8 1
17 -3 4
17 5 -5
17 8 3
17 -1 5
17 1 -4
17 2 0
17 -3 8
17 -6 -8
17 -8 1
17 -3 4
17 5 -5
17 8 3
17 -1 5
17 1 -4
17 2 0
17 -3 8
17 -6 -8
17 -8 1
17 -3 4
17 5 -5
17 8 3
17 -1 5
17 1 -4
17 2 0
17 -3 8
18 -6 -8
18 -8 1
18 -3 4
18 5 -5
18 8 3
18 -1 5
18 1 -4
18 2 0
18 -3 8
18 -6 -8
18 -8 1
18 -3 4
18 5 -5
18 8 3
18 -1 5
18 1 -4
18 2 0
18 -3 8
18 -6 -8
18 -8 1
18 -3 4
18 5 -5
18 8 3
18 -1 5
18 1 -4
18 2 0
18 -3 8
18 -6 -8
18 -8 1
18 -3 4
18 5 -5
18 8 3
18 -1 5
18 1 -4
18 2 0
18 -3 8
19 -6 -8
19 -8 1
19 -3 4
19 5 -5
19 8 3
19 -1 5
19 1 -4
19 2 0
19 -3 8
19 -6 -8
19 -8 1
19 -3 4
19 5 -5
19 8 3
19 -1 5
19 1 -4
19 2 0
19 -3 8
19 -6 -8
19 -8 1
19 -3 4
19 5 -5
19 8 3
19 -1 5
19 1 -4
19 2 0
19 -3 8
19 -6 -8
19 -8 1
19 -3 4
19 5 -5
19 8 3
19 -1 5
19 1 -4
19 2 0
19 -3 8
20 -6 -8
20 -8 1
20 -3 4
20 5 -5
20 8 3
20 -1 5
20 1 -4
20 2 0
20 -3 8
20 -6 -8
20 -8 1
20 -3 4
20 5 -5
20 8 3
20 -1 5
20 1 -4
20 2 0
20 -3 8
20 -6 -8
20 -8 1
20 -3 4
20 5 -5
20 8 3
20 -1 5
20 1 -4
20 2 0
20 -3 8
21 -6 -8
21 -8 1
21 -3 4
21 5 -5
21 8 3
21 -1 5
21 1 -4
21 2 0
21 -3 8
21 -6 -8
21 -8 1
21 -3 4
21 5 -5
21 8 3
21 -1 5
21 1 -4
21 2 0
21 -3 8
21 -6 -8
21 -8 1
21 -3 4
21 5 -5
21 8 3
21 -1 5
21 1 -4
21 2 0
21 -3 8
21 -6 -8
21 -8 1
21 -3 4
21 5 -5
21 8 3
21 -1 5
21 1 -4
21 2 0
21 -3 8
22 -6 -8
22 -8 1
22 -3 4
22 5 -5
22 8 3
22 -1 5
22 1 -4
22 2 0
22 -3 8
22 -6 -8
22 -8 1
22 -3 4
22 5 -5
22 8 3
22 -1 5
22 1 -4
22 2 0
22 -3 8
22 -6 -8
22 -8 1
22 -3 4
22 5 -5
22 8 3
22 -1 5
22 1 -4
22 2 0
22 -3 8
22 -6 -8
22 -8 1
22 -3 4
22 5 -5
22 8 3
22 -1 5
22 1 -4
22 2 0
22 -3 8
23 -6 -8
23 -8 1
23 -3 4
23 5 -5
23 8 3
23 -1 5
23 1 -4
23 2 0
23 -3 8
23 -6 -8
23 -8 1
23 -3 4
23 5 -5
23 8 3
23 -1 5
23 1 -4
23 2 0
23 -3 8
23 -6 -8
23 -8 1
23 -3 4
23 5 -5
23 8 3
23 -1 5
23 1 -4
23 2 0
23 -3 8
23 -6 -8
23 -8 1
23 -3 4
23 5 -5
23 8 3
23 -1 5
23 1 -4
23 2 0
23 -3 8
24 -6 -8
24 -8 1
24 -3 4
24 5 -5
24 8 3
24 -1 5
24 1 -4
24 2 0
24 -3 8
24 -6 -8
24 -8 1
24 -3 4
24 5 -5
24 8 3
24 -1 5
24 1 -4
24 2 0
24 -3 8
24 -6 -8
24 -8 1
24 -3 4
24 5 -5
24 8 3
24 -1 5
24 1 -4
24 2 0
24 -3 8
24 -6 -8
24 -8 1
24 -3 4
24 5 -5
24 8 3
24 -1 5
24 1 -4
24 2 0
24 -3 8
25 -6 -8
25 -8 1
25 -3 4
25 5 -5
25 8 3
25 -1 5
25 1 -4
25 2 0
25 -3 8
25 -6 -8
25 -8 1
25 -3 4
25 5 -5
25 8 3
25 -1 5
25 1 -4
25 2 0
25 -3 8
25 -6 -8
25 -8 1
25 -3 4
25 5 -5
25 8 3
25 -1 5
25 1 -4
25 2 0
25 -3 8
26 -6 -8
26 -8 1
26 -3 4
26 5 -5
26 8 3
26 -1 5
26 1 -4
26 2 0
26 -3 8
26 -6 -8
26 -8 1
26 -3 4
26 5 -5
26 8 3
26 -1 5
26 1 -4
26 2 0
26 -3 8
26 -6 -8
26 -8 1
26 -3 4
26 5 -5
26 8 3
26 -1 5
26 1 -4
26 2 0
26 -3 8
26 -6 -8
26 -8 1
26 -3 4
26 5 -5
26 8 3
26 -1 5
26 1 -4
26 2 0
26 -3 8
27 -6 -8
27 -8 1
27 -3 4
27 5 -5
27 8 3
27 -1 5
27 1 -4
27 2 0
27 -3 8
27 -6 -8
27 -8 1
27 -3 4
27 5 -5
27 8 3
27 -1 5
27 1 -4
27 2 0
27 -3 8
27 -6 -8
27 -8 1
27 -3 4
27 5 -5
27 8 3
27 -1 5
27 1 -4
27 2 0
27 -3 8
28 -6 -8
28 -8 1
28 -3 4
28 5 -5
28 8 3
28 -1 5
28 1 -4
28 2 0
28 -3 8
28 -6 -8
28 -8 1
28 -3 4
28 5 -5
28 8 3
28 -1 5
28 1 -4
28 2 0
28 -3 8
28 -6 -8
28 -8 1
28 -3 4
28 5 -5
28 8 3
28 -1 5
28 1 -4
28 2 0
28 -3 8
28 -6 -8
28 -8 1
28 -3 4
28 5 -5
28 8 3
28 -1 5
28 1 -4
28 2 0
28 -3 8
28 -6 -8
28 -8 1
28 -3 4
28 5 -5
28 8 3
28 -1 5
28 1 -4
28 2 0
28 -3 8
29 -6 -8
29 -8 1
29 -3 4
29 5 -5
29 8 3
29 -1 5
29 1 -4
29 2 0
29 -3 8
29 -6 -8
29 -8 1
29 -3 4
29 5 -5
29 8 3
29 -1 5
29 1 -4
29 2 0
29 -3 8
29 -6 -8
29 -8 1
29 -3 4
29 5 -5
29 8 3
29 -1 5
29 1 -4
29 2 0
29 -3 8
30 -6 -8
30 -8 1
30 -3 4
30 5 -5
30 8 3
30 -1 5
30 1 -4
30 2 0
30 -3 8
30 -6 -8
30 -8 1
30 -3 4
30 5 -5
30 8 3
30 -1 5
30 1 -4
30 2 0
30 -3 8
30 -6 -8
30 -8 1
30 -3 4
30 5 -5
30 8 3
30 -1 5
30 1 -4
30 2 0
30 -3 8
31 -6 -8
31 -8 1
31 -3 4
31 5 -5
31 8 3
31 -1 5
31 1 -4
31 2 0
31 -3 8
31 -6 -8
31 -8 1
31 -3 4
31 5 -5
31 8 3
31 -1 5
31 1 -4
31 2 0
31 -3 8
31 -6 -8
31 -8 1
31 -3 4
31 5 -5
31 8 3
31 -1 5
31 1 -4
31 2 0
31 -3 8
32 -6 -8
32 -8 1
32 -3 4
32 5 -5
32 8 3
32 -1 5
32 1 -4
32 2 0
32 -3 8
32 -6 -8
32 -8 1
32 -3 4
32 5 -5
32 8 3
32 -1 5
32 1 -4
32 2 0
32 -3 8
32 -6 -8
32 -8 1
32 -3 4
32 5 -5
32 8 3
32 -1 5
32 1 -4
32 2 0
32 -3 8
33 -6 -8
33 -8 1
33 -3 4
33 5 -5
33 8 3
33 -1 5
33 1 -4
33 2 0
33 -3 8
33 -6 -8
33 -8 1
33 -3 4
33 5 -5
33 8 3
33 -1 5
33 1 -4
33 2 0
33 -3 8
33 -6 -8
33 -8 1
33 -3 4
33 5 -5
33 8 3
33 -1 5
33 1 -4
33 2 0
33 -3 8
33 -6 -8
33 -8 1
33 -3 4
33 5 -5
33 8 3
33 -1 5
33 1 -4
33 2 0
33 -3 8
34 -6 -8
34 -8 1
34 -3 4
34 5 -5
34 8 3
34 -1 5
34 1 -4
34 2 0
34 -3 8
34 -6 -8
34 -8 1
34 -3 4
34 5 -5
34 8 3
34 -1 5
34 1 -4
34 2 0
34 -3 8
34 -6 -8
34 -8 1
34 -3 4
34 5 -5
34 8 3
34 -1 5
34 1 -4
34 2 0
34 -3 8
35 -6 -8
35 -8 1
35 -3 4
35 5 -5
35 8 3
35 -1 5
35 1 -4
35 2 0
35 -3 8
35 -6 -8
35 -8 1
35 -3 4
35 5 -5
35 8 3
35 -1 5
35 1 -4
35 2 0
35 -3 8
35 -6 -8
35 -8 1
35 -3 4
35 5 -5
35 8 3
35 -1 5
35 1 -4
35 2 0
35 -3 8
35 -6 -8
35 -8 1
35 -3 4
35 5 -5
35 8 3
35 -1 5
35 1 -4
35 2 0
35 -3 8
36 -6 -8
36 -8 1
36 -3 4
36 5 -5
36 8 3
36 -1 5
36 1 -4
36 2 0
36 -3 8
36 -6 -8
36 -8 1
36 -3 4
36 5 -5
36 8 3
36 -1 5
36 1 -4
36 2 0
36 -3 8
36 -6 -8
36 -8 1
36 -3 4
36 5 -5
36 8 3
36 -1 5
36 1 -4
36 2 0
36 -3 8
36 -6 -8
36 -8 1
36 -3 4
36 5 -5
36 8 3
36 -1 5
36 1 -4
36 2 0
36 -3 8
37 -6 -8
37 -8 1
37 -3 4
37 5 -5
37 8 3
37 -1 5
37 1 -4
37 2 0
37 -3 8
37 -6 -8
37 -8 1
37 -3 4
37 5 -5
37 8 3
37 -1 5
37 1 -4
37 2 0
37 -3 8
37 -6 -8
37 -8 1
37 -3 4
37 5 -5
37 8 3
37 -1 5
37 1 -4
37 2 0
37 -3 8
37 -6 -8
37 -8 1
37 -3 4
37 5 -5
37 8 3
37 -1 5
37 1 -4
37 2 0
37 -3 8
38 -6 -8
38 -8 1
38 -3 4
38 5 -5
38 8 3
38 -1 5
38 1 -4
38 2 0
38 -3 8
38 -6 -8
38 -8 1
38 -3 4
38 5 -5
38 8 3
38 -1 5
38 1 -4
38 2 0
38 -3 8
38 -6 -8
38 -8 1
38 -3 4
38 5 -5
38 8 3
38 -1 5
38 1 -4
38 2 0
38 -3 8
38 -6 -8
38 -8 1
38 -3 4
38 5 -5
38 8 3
38 -1 5
38 1 -4
38 2 0
38 -3 8
39 -6 -8
39 -8 1
39 -3 4
39 5 -5
39 8 3
39 -1 5
39 1 -4
39 2 0
39 -3 8
39 -6 -8
39 -8 1
39 -3 4
39 5 -5
39 8 3
39 -1 5
39 1 -4
39 2 0
39 -3 8
39 -6 -8
39 -8 1
39 -3 4
39 5 -5
39 8 3
39 -1 5
39 1 -4
39 2 0
39 -3 8
39 -6 -8
39 -8 1
39 -3 4
39 5 -5
39 8 3
39 -1 5
39 1 -4
39 2 0
39 -3 8
40 -6 -8
40 -8 1
40 -3 4
40 5 -5
40 8 3
40 -1 5
40 1 -4
40 2 0
40 -3 8
40 -6 -8
40 -8 1
40 -3 4
40 5 -5
40 8 3
40 -1 5
40 1 -4
40 2 0
40 -3 8
40 -6 -8
40 -8 1
40 -3 4
40 5 -5
40 8 3
40 -1 5
40 1 -4
40 2 0
40 -3 8
40 -6 -8
40 -8 1
40 -3 4
40 5 -5
40 8 3
40 -1 5
40 1 -4
40 2 0
40 -3 8
41 -6 -8
41 -8 1
41 -3 4
41 5 -5
41 8 3
41 -1 5
41 1 -4
41 2 0
41 -3 8
41 -6 -8
41 -8 1
41 -3 4
41 5 -5
41 8 3
41 -1 5
41 1 -4
41 2 0
41 -3 8
41 -6 -8
41 -8 1
41 -3 4
41 5 -5
41 8 3
41 -1 5
41 1 -4
41 2 0
41 -3 8
42 -6 -8
42 -8 1
42 -3 4
42 5 -5
42 8 3
42 -1 5
42 1 -4
42 2 0
42 -3 8
42 -6 -8
42 -8 1
42 -3 4
42 5 -5
42 8 3
42 -1 5
42 1 -4
42 2 0
42 -3 8
42 -6 -8
42 -8 1
42 -3 4
42 5 -5
42 8 3
42 -1 5
42 1 -4
42 2 0
42 -3 8
42 -6 -8
42 -8 1
42 -3 4
42 5 -5
42 8 3
42 -1 5
42 1 -4
42 2 0
42 -3 8
43 -6 -8
43 -8 1
43 -3 4
43 5 -5
43 8 3
43 -1 5
43 1 -4
43 2 0
43 -3 8
43 -6 -8
43 -8 1
43 -3 4
43 5 -5
43 8 3
43 -1 5
43 1 -4
43 2 0
43 -3 8
43 -6 -8
43 -8 1
43 -3 4
43 5 -5
43 8 3
43 -1 5
43 1 -4
43 2 0
43 -3 8
43 -6 -8
43 -8 1
43 -3 4
43 5 -5
43 8 3
43 -1 5
43 1 -4
43 2 0
43 -3 8
44 -6 -8
44 -8 1
44 -3 4
44 5 -5
44 8 3
44 -1 5
44 1 -4
44 2 0
44 -3 8
44 -6 -8
44 -8 1
44 -3 4
44 5 -5
44 8 3
44 -1 5
44 1 -4
44 2 0
44 -3 8
44 -6 -8
44 -8 1
44 -3 4
44 5 -5
44 8 3
44 -1 5
44 1 -4
44 2 0
44 -3 8
45 -6 -8
45 -8 1
45 -3 4
45 5 -5
45 8 3
45 -1 5
45 1 -4
45 2 0
45 -3 8
45 -6 -8
45 -8 1
45 -3 4
45 5 -5
45 8 3
45 -1 5
45 1 -4
45 2 0
45 -3 8
45 -6 -8
45 -8 1
45 -3 4
45 5 -5
45 8 3
45 -1 5
45 1 -4
45 2 0
45 -3 8
45 -6 -8
45 -8 1
45 -3 4
45 5 -5
45 8 3
45 -1 5
45 1 -4
45 2 0
45 -3 8
46 -6 -8
46 -8 1
46 -3 4
46 5 -5
46 8 3
46 -1 5
46 1 -4
46 2 0
46 -3 8
46 -6 -8
46 -8 1
46 -3 4
46 5 -5
46 8 3
46 -1 5
46 1 -4
46 2 0
46 -3 8
46 -6 -8
46 -8 1
46 -3 4
46 5 -5
46 8 3
46 -1 5
46 1 -4
46 2 0
46 -3 8
46 -6 -8
46 -8 1
46 -3 4
46 5 -5
46 8 3
46 -1 5
46 1 -4
46 2 0
46 -3 8
47 -6 -8
47 -8 1
47 -3 4
47 5 -5
47 8 3
47 -1 5
47 1 -4
47 2 0
47 -3 8
47 -6 -8
47 -8 1
47 -3 4
47 5 -5
47 8 3
47 -1 5
47 1 -4
47 2 0
47 -3 8
47 -6 -8
47 -8 1
47 -3 4
47 5 -5
47 8 3
47 -1 5
47 1 -4
47 2 0
47 -3 8
48 -6 -8
48 -8 1
48 -3 4
48 5 -5
48 8 3
48 -1 5
48 1 -4
48 2 0
48 -3 8
48 -6 -8
48 -8 1
48 -3 4
48 5 -5
48 8 3
48 -1 5
48 1 -4
48 2 0
48 -3 8
48 -6 -8
48 -8 1
48 -3 4
48 5 -5
48 8 3
48 -1 5
48 1 -4
48 2 0
48 -3 8
48 -6 -8
48 -8 1
48 -3 4
48 5 -5
48 8 3
48 -1 5
48 1 -4
48 2 0
48 -3 8
49 -6 -8
49 -8 1
49 -3 4
49 5 -5
49 8 3
49 -1 5
49 1 -4
49 2 0
49 -3 8
49 -6 -8
49 -8 1
49 -3 4
49 5 -5
49 8 3
49 -1 5
49 1 -4
49 2 0
49 -3 8
49 -6 -8
49 -8 1
49 -3 4
49 5 -5
49 8 3
49 -1 5
49 1 -4
49 2 0
49 -3 8
49 -6 -8
49 -8 1
49 -3 4
49 5 -5
49 8 3
49 -1 5
49 1 -4
49 2 0
49 -3 8
50 -6 -8
50 -8 1
50 -3 4
50 5 -5
50 8 3
50 -1 5
50 1 -4
50 2 0
50 -3 8
50 -6 -8
50 -8 1
50 -3 4
50 5 -5
50 8 3
50 -1 5
50 1 -4
50 2 0
50 -3 8
50 -6 -8
50 -8 1
50 -3 4
50 5 -5
50 8 3
50 -1 5
50 1 -4
50 2 0
50 -3 8
50 -6 -8
50 -8 1
50 -3 4
50 5 -5
50 8 3
50 -1 5
50 1 -4
50 2 0
50 -3 8
51 -6 -8
51 -8 1
51 -3 4
51 5 -5
51 8 3
51 -1 5
51 1 -4
51 2 0
51 -3 8
51 -6 -8
51 -8 1
51 -3 4
51 5 -5
51 8 3
51 -1 5
51 1 -4
51 2 0
51 -3 8
51 -6 -8
51 -8 1
51 -3 4
51 5 -5
51 8 3
51 -1 5
51 1 -4
51 2 0
51 -3 8
52 -6 -8
52 -8 1
52 -3 4
52 5 -5
52 8 3
52 -1 5
52 1 -4
52 2 0
52 -3 8
52 -6 -8
52 -8 1
52 -3 4
52 5 -5
52 8 3
52 -1 5
52 1 -4
52 2 0
52 -3 8
52 -6 -8
52 -8 1
52 -3 4
52 5 -5
52 8 3
52 -1 5
52 1 -4
52 2 0
52 -3 8
52 -6 -8
52 -8 1
52 -3 4
52 5 -5
52 8 3
52 -1 5
52 1 -4
52 2 0
52 -3 8
53 -6 -8
53 -8 1
53 -3 4
53 5 -5
53 8 3
53 -1 5
53 1 -4
53 2 0
53 -3 8
53 -6 -8
53 -8 1
53 -3 4
53 5 -5
53 8 3
53 -1 5
53 1 -4
53 2 0
53 -3 8
53 -6 -8
53 -8 1
53 -3 4
53 5 -5
53 8 3
53 -1 5
53 1 -4
53 2 0
53 -3 8
54 -6 -8
54 -8 1
54 -3 4
54 5 -5
54 8 3
54 -1 5
54 1 -4
54 2 0
54 -3 8
54 -6 -8
54 -8 1
54 -3 4
54 5 -5
54 8 3
54 -1 5
54 1 -4
54 2 0
54 -3 8
54 -6 -8
54 -8 1
54 -3 4
54 5 -5
54 8 3
54 -1 5
54 1 -4
54 2 0
54 -3 8
54 -6 -8
54 -8 1
54 -3 4
54 5 -5
54 8 3
54 -1 5
54 1 -4
54 2 0
54 -3 8
55 -6 -8
55 -8 1
55 -3 4
55 5 -5
55 8 3
55 -1 5
55 1 -4
55 2 0
55 -3 8
55 -6 -8
55 -8 1
55 -3 4
55 5 -5
55 8 3
55 -1 5
55 1 -4
55 2 0
55 -3 8
55 -6 -8
55 -8 1
55 -3 4
55 5 -5
55 8 3
55 -1 5
55 1 -4
55 2 0
55 -3 8
55 -6 -8
55 -8 1
55 -3 4
55 5 -5
55 8 3
55 -1 5
55 1 -4
55 2 0
55 -3 8
56 -6 -8
56 -8 1
56 -3 4
56 5 -5
56 8 3
56 -1 5
56 1 -4
56 2 0
56 -3 8
56 -6 -8
56 -8 1
56 -3 4
56 5 -5
56 8 3
56 -1 5
56 1 -4
56 2 0
56 -3 8
56 -6 -8
56 -8 1
56 -3 4
56 5 -5
56 8 3
56 -1 5
56 1 -4
56 2 0
56 -3 8
56 -6 -8
56 -8 1
56 -3 4
56 5 -5
56 8 3
56 -1 5
56 1 -4
56 2 0
56 -3 8
57 -6 -8
57 -8 1
57 -3 4
57 5 -5
57 8 3
57 -1 5
57 1 -4
57 2 0
57 -3 8
57 -6 -8
57 -8 1
57 -3 4
57 5 -5
57 8 3
57 -1 5
57 1 -4
57 2 0
57 -3 8
57 -6 -8
57 -8 1
57 -3 4
57 5 -5
57 8 3
57 -1 5
57 1 -4
57 2 0
57 -3 8
57 -6 -8
57 -8 1
57 -3 4
57 5 -5
57 8 3
57 -1 5
57 1 -4
57 2 0
57 -3 8
58 -6 -8
58 -8 1
58 -3 4
58 5 -5
58 8 3
58 -1 5
58 1 -4
58 2 0
58 -3 8
58 -6 -8
58 -8 1
58 -3 4
58 5 -5
58 8 3
58 -1 5
58 1 -4
58 2 0
58 -3 8
58 -6 -8
58 -8 1
58 -3 4
58 5 -5
58 8 3
58 -1 5
58 1 -4
58 2 0
58 -3 8
58 -6 -8
58 -8 1
58 -3 4
58 5 -5
58 8 3
58 -1 5
58 1 -4
58 2 0
58 -3 8
59 -6 -8
59 -8 1
59 -3 4
59 5 -5
59 8 3
59 -1 5
59 1 -4
59 2 0
59 -3 8
59 -6 -8
59 -8 1
59 -3 4
59 5 -5
59 8 3
59 -1 5
59 1 -4
59 2 0
59 -3 8
59 -6 -8
59 -8 1
59 -3 4
59 5 -5
59 8 3
59 -1 5
59 1 -4
59 2 0
59 -3 8
60 -6 -8
60 -8 1
60 -3 4
60 5 -5
60 8 3
60 -1 5
60 1 -4
60 2 0
60 -3 8
60 -6 -8
60 -8 1
60 -3 4
60 5 -5
60 8 3
60 -1 5
60 1 -4
60 2 0
60 -3 8
60 -6 -8
60 -8 1
60 -3 4
60 5 -5
60 8 3
60 -1 5
60 1 -4
60 2 0
60 -3 8
60 -6 -8
60 -8 1
60 -3 4
60 5 -5
60 8 3
60 -1 5
60 1 -4
60 2 0
60 -3 8
60 -6 -8
60 -8 1
60 -3 4
60 5 -5
60 8 3
60 -1 5
60 1 -4
60 2 0
60 -3 8
61 -6 -8
61 -8 1
61 -3 4
61 5 -5
61 8 3
61 -1 5
61 1 -4
61 2 0
61 -3 8
61 -6 -8
61 -8 1
61 -3 4
61 5 -5
61 8 3
61 -1 5
61 1 -4
61 2 0
61 -3 8
61 -6 -8
61 -8 1
61 -3 4
61 5 -5
61 8 3
61 -1 5
61 1 -4
61 2 0
61 -3 8
62 -6 -8
62 -8 1
62 -3 4
62 5 -5
62 8 3
62 -1 5
62 1 -4
62 2 0
62 -3 8
62 -6 -8
62 -8 1
62 -3 4
62 5 -5
62 8 3
62 -1 5
62 1 -4
62 2 0
62 -3 8
62 -6 -8
62 -8 1
62 -3 4
62 5 -5
62 8 3
62 -1 5
62 1 -4
62 2 0
62 -3 8
62 -6 -8
62 -8 1
62 -3 4
62 5 -5
62 8 3
62 -1 5
62 1 -4
62 2 0
62 -3 8
63 -6 -8
63 -8 1
63 -3 4
63 5 -5
63 8 3
63 -1 5
63 1 -4
63 2 0
63 -3 8
63 -6 -8
63 -8 1
63 -3 4
63 5 -5
63 8 3
63 -1 5
63 1 -4
63 2 0
63 -3 8
63 -6 -8
63 -8 1
63 -3 4
63 5 -5
63 8 3
63 -1 5
63 1 -4
63 2 0
63 -3 8
63 -6 -8
63 -8 1
63 -3 4
63 5 -5
63 8 3
63 -1 5
63 1 -4
63 2 0
63 -3 8
64 -6 -8
64 -8 1
64 -3 4
64 5 -5
64 8 3
64 -1 5
64 1 -4
64 2 0
64 -3 8
64 -6 -8
64 -8 1
64 -3 4
64 5 -5
64 8 3
64 -1 5
64 1 -4
64 2 0
64 -3 8
64 -6 -8
64 -8 1
64 -3 4
64 5 -5
64 8 3
64 -1 5
64 1 -4
64 2 0
64 -3 8
65 -6 -8
65 -8 1
65 -3 4
65 5 -5
65 8 3
65 -1 5
65 1 -4
65 2 0
65 -3 8
65 -6 -8
65 -8 1
65 -3 4
65 5 -5
65 8 3
65 -1 5
65 1 -4
65 2 0
65 -3 8
65 -6 -8
65 -8 1
65 -3 4
65 5 -5
65 8 3
65 -1 5
65 1 -4
65 2 0
65 -3 8
65 -6 -8
65 -8 1
65 -3 4
65 5 -5
65 8 3
65 -1 5
65 1 -4
65 2 0
65 -3 8
66 -6 -8
66 -8 1
66 -3 4
66 5 -5
66 8 3
66 -1 5
66 1 -4
66 2 0
66 -3 8
66 -6 -8
66 -8 1
66 -3 4
66 5 -5
66 8 3
66 -1 5
66 1 -4
66 2 0
66 -3 8
66 -6 -8
66 -8 1
66 -3 4
66 5 -5
66 8 3
66 -1 5
66 1 -4
66 2 0
66 -3 8
67 -6 -8
67 -8 1
67 -3 4
67 5 -5
67 8 3
67 -1 5
67 1 -4
67 2 0
67 -3 8
67 -6 -8
67 -8 1
67 -3 4
67 5 -5
67 8 3
67 -1 5
67 1 -4
67 2 0
67 -3 8
67 -6 -8
67 -8 1
67 -3 4
67 5 -5
67 8 3
67 -1 5
67 1 -4
67 2 0
67 -3 8
68 -6 -8
68 -8 1
68 -3 4
68 5 -5
68 8 3
68 -1 5
68 1 -4
68 2 0
68 -3 8
68 -6 -8
68 -8 1
68 -3 4
68 5 -5
68 8 3
68 -1 5
68 1 -4
68 2 0
68 -3 8
68 -6 -8
68 -8 1
68 -3 4
68 5 -5
68 8 3
68 -1 5
68 1 -4
68 2 0
68 -3 8
69 -6 -8
69 -8 1
69 -3 4
69 5 -5
69 8 3
69 -1 5
69 1 -4
69 2 0
69 -3 8
69 -6 -8
69 -8 1
69 -3 4
69 5 -5
69 8 3
69 -1 5
69 1 -4
69 2 0
69 -3 8
69 -6 -8
69 -8 1
69 -3 4
69 5 -5
69 8 3
69 -1 5
69 1 -4
69 2 0
69 -3 8
69 -6 -8
69 -8 1
69 -3 4
69 5 -5
69 8 3
69 -1 5
69 1 -4
69 2 0
69 -3 8
-1 -1 -1
57
30
42
21
52
15
51
14
19
44
66
7
65
54
56
64
23
41
40
47
20
43
49
53
9
35
8
31
5
39
62
12
16
63
45
58
13
25
55
38
3
11
18
60
29
17
2
33
28
10
4
27
67
0
59
69
50
48
24
36
26
37
1
61
22
68
46
34
6
32
