119 0 40 33 0 318 178 71 0 1 0 1 2 2 0 4 7 10 23 80 0 406 446 163 74 32 0 2 2 0 1 1 0 0 2 3 0 1 0 82 189 452 1000 1000 0
436 216 93 0 28 94 0 0 0 1 1 0 2 2 0 8 12 9 0 26 0 177 216 131 73 34 10 4 3 3 3 2 2 0 3 4 3 0 41 112 221 397 613 629 410
1000 333 116 0 16 30 0 0 0 1 2 4 5 2 0 16 22 14 24 24 0 84 109 73 53 22 0 2 3 5 6 3 5 6 6 6 9 19 51 105 186 303 425 494 574
399 0 36 0 7 10 3 0 1 1 0 9 13 0 0 34 44 0 56 47 0 51 62 0 44 0 0 1 3 8 12 0 8 14 9 6 9 17 39 71 115 204 289 349 390
204 69 26 0 3 0 1 1 2 3 8 20 36 35 51 75 119 143 152 108 0 58 88 0 123 112 0 0 0 10 33 12 13 33 11 0 4 0 16 26 0 110 178 223 238
109 45 0 1 4 0 0 0 1 0 9 26 75 51 94 96 213 299 300 232 81 93 231 288 334 325 250 179 94 0 98 0 0 95 0 2 8 27 0 15 19 59 91 125 133
54 0 31 0 10 0 15 58 0 119 0 0 186 0 176 0 337 538 517 437 0 0 454 585 599 605 495 370 195 0 360 340 0 347 293 0 0 100 0 15 0 15 0 51 60
45 76 122 126 36 9 0 217 339 476 445 485 668 1000 610 472 595 1000 791 1000 502 467 1000 1000 871 1000 755 610 314 452 1000 1000 727 1000 823 1000 593 373 155 46 14 0 6 17 0
50 137 255 345 0 0 0 470 663 1000 818 826 1000 948 790 683 570 0 647 797 541 366 0 721 883 1000 915 1000 0 494 822 933 908 1000 1000 998 1000 643 200 0 8 6 6 12 18
0 168 417 1000 349 189 297 1000 843 941 1000 1000 1000 1000 917 900 1000 721 1000 1000 499 455 523 1000 938 948 906 845 594 700 860 1000 973 992 1000 991 984 1000 0 34 13 8 0 5 8
0 117 244 362 205 109 0 553 767 921 977 993 1000 991 977 1000 1000 882 886 663 0 430 637 853 920 946 914 880 831 851 918 1000 990 995 1000 983 946 818 326 123 0 13 15 0 7
19 54 81 0 0 40 0 443 750 1000 993 995 1000 985 1000 1000 927 922 1000 764 541 627 742 853 943 1000 924 929 1000 953 961 986 992 996 1000 996 1000 1000 364 130 0 30 47 28 21
0 0 25 9 0 49 130 470 789 936 1000 992 1000 948 905 673 787 880 933 852 773 794 852 872 1000 847 851 912 1000 1000 986 990 994 997 998 1000 1000 1000 0 33 0 60 113 43 31
49 0 9 10 14 24 0 516 1000 953 963 971 1000 900 1000 0 667 879 1000 939 903 924 1000 782 580 537 719 867 964 988 992 994 997 1000 995 992 1000 721 251 0 24 97 303 0 59
135 66 0 8 21 32 0 592 850 914 926 930 1000 650 699 609 1000 970 1000 1000 976 1000 919 675 0 0 622 872 1000 997 1000 998 998 997 991 971 901 632 281 0 0 0 1000 0 155
269 128 32 0 28 83 271 1000 893 926 895 823 635 0 536 735 934 1000 1000 1000 1000 1000 1000 1000 730 1000 896 1000 999 999 1000 1000 1000 1000 1000 1000 1000 626 242 61 0 85 341 278 426
385 145 0 2 8 0 0 563 794 1000 905 830 716 561 708 861 1000 1000 1000 1000 1000 998 993 976 919 970 960 987 996 999 1000 1000 1000 1000 1000 974 895 630 0 0 0 0 0 343 1000
124 67 0 0 2 0 0 458 720 876 895 874 837 818 872 1000 999 1000 1000 1000 1000 1000 996 993 1000 1000 987 993 1000 1000 1000 1000 1000 1000 1000 1000 974 1000 0 42 0 1 0 95 0
42 0 99 0 0 126 276 548 751 888 923 934 938 1000 961 987 995 999 1000 1000 1000 1000 999 998 1000 1000 996 997 999 1000 1000 1000 1000 1000 1000 1000 1000 799 369 166 0 3 10 37 44
0 1000 396 175 133 226 428 706 847 1000 976 1000 979 988 983 990 996 1000 1000 1000 1000 1000 1000 1000 1000 1000 999 1000 1000 1000 1000 1000 1000 1000 1000 1000 1000 827 509 251 63 0 0 0 96
1000 578 310 170 130 215 505 1000 930 968 980 990 988 990 991 994 998 1000 1000 1000 1000 1000 1000 1000 1000 1000 1000 1000 1000 1000 1000 1000 1000 1000 1000 1000 1000 1000 587 266 0 7 5 0 339
421 0 94 66 0 0 375 727 905 962 984 992 993 994 996 998 1000 1000 1000 1000 1000 1000 1000 1000 1000 1000 1000 1000 1000 1000 1000 1000 998 1000 999 999 1000 1000 573 225 62 23 12 0 260
425 0 0 0 0 74 269 627 1000 991 1000 1000 997 997 1000 1000 1000 1000 998 999 1000 1000 1000 1000 1000 1000 1000 1000 1000 1000 1000 1000 993 1000 996 998 1000 870 480 0 0 11 21 0 280
1000 536 144 41 0 26 0 510 831 1000 1000 1000 996 996 1000 1000 1000 1000 993 998 1000 1000 1000 1000 1000 1000 1000 1000 1000 1000 1000 974 973 1000 986 996 1000 1000 475 0 3 0 59 156 436
577 1000 0 18 0 29 0 581 812 935 976 992 992 992 1000 1000 992 969 974 1000 997 1000 1000 1000 1000 1000 1000 1000 1000 1000 948 922 925 970 953 1000 1000 780 420 0 11 21 58 130 307
0 271 84 32 0 91 335 1000 899 953 977 1000 988 981 943 921 1000 909 932 980 988 992 998 1000 1000 1000 1000 1000 1000 902 868 841 833 1000 856 871 845 698 425 0 21 16 22 0 83
0 0 31 24 13 0 247 651 831 1000 978 980 980 1000 868 740 619 734 864 1000 983 982 1000 1000 1000 1000 1000 839 645 739 780 740 567 0 599 783 809 741 582 160 57 0 13 0 24
6 8 17 19 26 71 0 526 773 912 953 963 951 911 788 553 0 543 791 1000 962 953 1000 1000 1000 1000 1000 710 0 628 772 772 693 575 757 852 867 873 1000 0 48 40 30 18 12
4 7 9 7 0 256 484 680 823 923 958 968 949 906 819 682 526 645 757 1000 910 869 1000 926 1000 1000 1000 1000 750 1000 907 884 856 848 1000 1000 933 882 721 0 96 82 50 29 0
2 5 5 0 117 468 1000 886 916 1000 988 1000 971 944 898 829 777 753 590 850 810 612 0 703 886 968 984 969 1000 992 972 1000 1000 959 1000 1000 982 1000 1000 460 254 141 60 48 0
0 4 4 0 0 499 1000 947 956 1000 995 997 992 1000 1000 957 1000 1000 0 1000 867 768 692 1000 874 1000 1000 892 1000 995 988 996 995 987 996 998 995 999 1000 585 319 167 0 102 0
0 5 7 0 173 527 1000 946 959 989 996 1000 998 1000 1000 1000 1000 1000 687 870 890 901 1000 870 609 0 502 599 1000 1000 989 1000 997 996 1000 1000 1000 1000 890 559 271 207 239 358 90
3 7 18 50 165 436 761 878 943 1000 999 1000 1000 1000 1000 1000 1000 969 877 903 922 946 1000 869 691 459 407 0 666 884 966 991 997 998 1000 1000 1000 1000 1000 491 0 150 392 1000 0
3 0 9 15 0 291 728 860 934 1000 1000 1000 1000 1000 1000 1000 1000 1000 949 942 949 959 964 915 825 738 666 611 778 902 1000 1000 1000 1000 1000 999 1000 1000 1000 403 122 0 177 316 0
8 4 4 0 5 0 1000 898 933 975 993 998 1000 1000 1000 1000 998 993 977 966 973 978 981 1000 956 1000 908 1000 931 947 984 1000 1000 1000 1000 997 989 1000 685 0 83 35 0 85 25
0 3 4 0 19 0 591 798 926 972 1000 999 996 998 997 1000 999 998 1000 972 1000 1000 981 982 1000 991 965 991 1000 971 989 1000 999 1000 1000 1000 958 925 740 349 173 56 14 0 6
1 3 7 19 70 241 566 775 1000 985 968 1000 986 1000 990 990 1000 1000 968 920 902 914 960 946 1000 1000 971 1000 1000 947 1000 990 995 999 1000 925 918 1000 1000 483 203 0 0 0 0
0 1 0 0 0 327 657 735 841 1000 886 870 948 934 973 968 909 1000 952 838 774 793 1000 843 833 868 917 830 803 815 883 966 990 1000 861 781 789 1000 679 378 156 42 0 0 0
0 0 0 0 102 408 1000 665 627 1000 707 644 1000 816 1000 1000 666 756 1000 707 563 485 584 594 622 723 1000 599 567 628 750 1000 1000 800 662 547 455 482 338 192 0 12 4 0 0
1 1 0 0 0 204 408 298 0 354 296 0 0 331 367 0 0 357 506 426 286 0 256 327 338 403 391 0 237 380 490 595 608 538 438 290 0 133 0 52 15 0 2 1 0
3 2 0 0 0 0 131 117 0 120 124 44 53 140 135 34 0 166 240 205 155 76 113 121 0 159 162 41 0 166 235 282 299 306 263 174 56 51 14 0 7 0 2 2 3
6 4 2 2 0 2 0 38 12 0 34 0 26 42 0 0 18 67 83 0 53 36 0 44 35 70 58 0 12 48 0 0 0 123 132 86 0 0 5 4 11 12 4 0 6
10 4 0 7 24 9 8 22 10 6 12 5 9 0 0 1 5 0 25 11 20 16 9 20 25 28 0 1 0 15 5 0 16 53 56 38 0 1 3 0 20 34 0 13 13
17 0 0 0 79 0 0 32 0 3 4 0 4 2 0 0 2 2 7 0 0 0 0 0 18 18 5 3 3 6 4 4 9 17 0 11 0 0 7 17 35 103 119 38 21
38 0 33 90 292 1000 321 106 0 2 2 2 3 2 1 1 0 0 0 270 1000 1000 1000 0 28 20 0 2 2 2 0 1 0 5 3 5 2 3 9 27 0 223 336 0 15
0 1 6
0 -8 8
0 0 0
0 3 0
0 -1 -6
0 -5 -5
0 0 -3
0 8 5
0 7 -5
0 1 6
0 -8 8
0 0 0
0 3 0
0 -1 -6
0 -5 -5
0 0 -3
0 8 5
0 7 -5
0 1 6
0 -8 8
0 0 0
0 3 0
0 -1 -6
0 -5 -5
0 0 -3
0 8 5
0 7 -5
0 1 6
0 -8 8
0 0 0
0 3 0
0 -1 -6
0 -5 -5
0 0 -3
0 8 5
0 7 -5
0 1 6
0 -8 8
0 0 0
0 3 0
0 -1 -6
0 -5 -5
0 0 -3
0 8 5
0 7 -5
0 1 6
0 -8 8
0 0 0
0 3 0
0 -1 -6
0 -5 -5
0 0 -3
0 8 5
0 7 -5
0 1 6
0 -8 8
0 0 0
0 3 0
0 -1 -6
0 -5 -5
0 0 -3
0 8 5
0 7 -5
0 1 6
0 -8 8
0 0 0
0 3 0
0 -1 -6
0 -5 -5
0 0 -3
0 8 5
0 7 -5
0 1 6
0 -8 8
0 0 0
0 3 0
0 -1 -6
0 -5 -5
0 0 -3
0 8 5
0 7 -5
0 1 6
0 -8 8
0 0 0
0 3 0
0 -1 -6
0 -5 -5
0 0 -3
0 8 5
0 7 -5
0 1 6
0 -8 8
0 0 0
0 3 0
0 -1 -6
0 -5 -5
0 0 -3
0 8 5
0 7 -5
0 1 6
0 -8 8
0 0 0
0 3 0
0 -1 -6
0 -5 -5
0 0 -3
0 8 5
0 7 -5
0 1 6
0 -8 8
0 0 0
0 3 0
0 -1 -6
0 -5 -5
0 0 -3
0 8 5
0 7 -5
0 1 6
0 -8 8
0 0 0
0 3 0
0 -1 -6
0 -5 -5
0 0 -3
0 8 5
0 7 -5
1 1 6
1 -8 8
1 0 0
1 3 0
1 -1 -6
1 -5 -5
1 0 -3
1 8 5
1 7 -5
1 1 6
1 -8 8
1 0 0
1 3 0
1 -1 -6
1 -5 -5
1 0 -3
1 8 5
1 7 -5
1 1 6
1 -8 8
1 0 0
1 3 0
1 -1 -6
1 -5 -5
1 0 -3
1 8 5
1 7 -5
1 1 6
1 -8 8
1 0 0
1 3 0
1 -1 -6
1 -5 -5
1 0 -3
1 8 5
1 7 -5
1 1 6
1 -8 8
1 0 0
1 3 0
1 -1 -6
1 -5 -5
1 0 -3
1 8 5
1 7 -5
1 1 6
1 -8 8
1 0 0
1 3 0
1 -1 -6
1 -5 -5
1 0 -3
1 8 5
1 7 -5
1 1 6
1 -8 8
1 0 0
1 3 0
1 -1 -6
1 -5 -5
1 0 -3
1 8 5
1 7 -5
1 1 6
1 -8 8
1 0 0
1 3 0
1 -1 -6
1 -5 -5
1 0 -3
1 8 5
1 7 -5
1 1 6
1 -8 8
1 0 0
1 3 0
1 -1 -6
1 -5 -5
1 0 -3
1 8 5
1 7 -5
1 1 6
1 -8 8
1 0 0
1 3 0
1 -1 -6
1 -5 -5
1 0 -3
1 8 5
1 7 -5
1 1 6
1 -8 8
1 0 0
1 3 0
1 -1 -6
1 -5 -5
1 0 -3
1 8 5
1 7 -5
1 1 6
1 -8 8
1 0 0
1 3 0
1 -1 -6
1 -5 -5
1 0 -3
1 8 5
1 7 -5
1 1 6
1 -8 8
1 0 0
1 3 0
1 -1 -6
1 -5 -5
1 0 -3
1 8 5
1 7 -5
1 1 6
1 -8 8
1 0 0
1 3 0
1 -1 -6
1 -5 -5
1 0 -3
1 8 5
1 7 -5
2 1 6
2 -8 8
2 0 0
2 3 0
2 -1 -6
2 -5 -5
2 0 -3
2 8 5
2 7 -5
2 1 6
2 -8 8
2 0 0
2 3 0
2 -1 -6
2 -5 -5
2 0 -3
2 8 5
2 7 -5
2 1 6
2 -8 8
2 0 0
2 3 0
2 -1 -6
2 -5 -5
2 0 -3
2 8 5
2 7 -5
2 1 6
2 -8 8
2 0 0
2 3 0
2 -1 -6
2 -5 -5
2 0 -3
2 8 5
2 7 -5
2 1 6
2 -8 8
2 0 0
2 3 0
2 -1 -6
2 -5 -5
2 0 -3
2 8 5
2 7 -5
2 1 6
2 -8 8
2 0 0
2 3 0
2 -1 -6
2 -5 -5
2 0 -3
2 8 5
2 7 -5
2 1 6
2 -8 8
2 0 0
2 3 0
2 -1 -6
2 -5 -5
2 0 -3
2 8 5
2 7 -5
2 1 6
2 -8 8
2 0 0
2 3 0
2 -1 -6
2 -5 -5
2 0 -3
2 8 5
2 7 -5
2 1 6
2 -8 8
2 0 0
2 3 0
2 -1 -6
2 -5 -5
2 0 -3
2 8 5
2 7 -5
2 1 6
2 -8 8
2 0 0
2 3 0
2 -1 -6
2 -5 -5
2 0 -3
2 8 5
2 7 -5
2 1 6
2 -8 8
2 0 0
2 3 0
2 -1 -6
2 -5 -5
2 0 -3
2 8 5
2 7 -5
2 1 6
2 -8 8
2 0 0
2 3 0
2 -1 -6
2 -5 -5
2 0 -3
2 8 5
2 7 -5
2 1 6
2 -8 8
2 0 0
2 3 0
2 -1 -6
2 -5 -5
2 0 -3
2 8 5
2 7 -5
2 1 6
2 -8 8
2 0 0
2 3 0
2 -1 -6
2 -5 -5
2 0 -3
2 8 5
2 7 -5
3 1 6
3 -8 8
3 0 0
3 3 0
3 -1 -6
3 -5 -5
3 0 -3
3 8 5
3 7 -5
3 1 6
3 -8 8
3 0 0
3 3 0
3 -1 -6
3 -5 -5
3 0 -3
3 8 5
3 7 -5
3 1 6
3 -8 8
3 0 0
3 3 0
3 -1 -6
3 -5 -5
3 0 -3
3 8 5
3 7 -5
3 1 6
3 -8 8
3 0 0
3 3 0
3 -1 -6
3 -5 -5
3 0 -3
3 8 5
3 7 -5
3 1 6
3 -8 8
3 0 0
3 3 0
3 -1 -6
3 -5 -5
3 0 -3
3 8 5
3 7 -5
3 1 6
3 -8 8
3 0 0
3 3 0
3 -1 -6
3 -5 -5
3 0 -3
3 8 5
3 7 -5
3 1 6
3 -8 8
3 0 0
3 3 0
3 -1 -6
3 -5 -5
3 0 -3
3 8 5
3 7 -5
3 1 6
3 -8 8
3 0 0
3 3 0
3 -1 -6
3 -5 -5
3 0 -3
3 8 5
3 7 -5
3 1 6
3 -8 8
3 0 0
3 3 0
3 -1 -6
3 -5 -5
3 0 -3
3 8 5
3 7 -5
3 1 6
3 -8 8
3 0 0
3 3 0
3 -1 -6
3 -5 -5
3 0 -3
3 8 5
3 7 -5
3 1 6
3 -8 8
3 0 0
3 3 0
3 -1 -6
3 -5 -5
3 0 -3
3 8 5
3 7 -5
3 1 6
3 -8 8
3 0 0
3 3 0
3 -1 -6
3 -5 -5
3 0 -3
3 8 5
3 7 -5
3 1 6
3 -8 8
3 0 0
3 3 0
3 -1 -6
3 -5 -5
3 0 -3
3 8 5
3 7 -5
3 1 6
3 -8 8
3 0 0
3 3 0
3 -1 -6
3 -5 -5
3 0 -3
3 8 5
3 7 -5
4 1 6
4 -8 8
4 0 0
4 3 0
4 -1 -6
4 -5 -5
4 0 -3
4 8 5
4 7 -5
4 1 6
4 -8 8
4 0 0
4 3 0
4 -1 -6
4 -5 -5
4 0 -3
4 8 5
4 7 -5
4 1 6
4 -8 8
4 0 0
4 3 0
4 -1 -6
4 -5 -5
4 0 -3
4 8 5
4 7 -5
4 1 6
4 -8 8
4 0 0
4 3 0
4 -1 -6
4 -5 -5
4 0 -3
4 8 5
4 7 -5
4 1 6
4 -8 8
4 0 0
4 3 0
4 -1 -6
4 -5 -5
4 0 -3
4 8 5
4 7 -5
4 1 6
4 -8 8
4 0 0
4 3 0
4 -1 -6
4 -5 -5
4 0 -3
4 8 5
4 7 -5
4 1 6
4 -8 8
4 0 0
4 3 0
4 -1 -6
4 -5 -5
4 0 -3
4 8 5
4 7 -5
4 1 6
4 -8 8
4 0 0
4 3 0
4 -1 -6
4 -5 -5
4 0 -3
4 8 5
4 7 -5
4 1 6
4 -8 8
4 0 0
4 3 0
4 -1 -6
4 -5 -5
4 0 -3
4 8 5
4 7 -5
4 1 6
4 -8 8
4 0 0
4 3 0
4 -1 -6
4 -5 -5
4 0 -3
4 8 5
4 7 -5
4 1 6
4 -8 8
4 0 0
4 3 0
4 -1 -6
4 -5 -5
4 0 -3
4 8 5
4 7 -5
4 1 6
4 -8 8
4 0 0
4 3 0
4 -1 -6
4 -5 -5
4 0 -3
4 8 5
4 7 -5
4 1 6
4 -8 8
4 0 0
4 3 0
4 -1 -6
4 -5 -5
4 0 -3
4 8 5
4 7 -5
4 1 6
4 -8 8
4 0 0
4 3 0
4 -1 -6
4 -5 -5
4 0 -3
4 8 5
4 7 -5
5 1 6
5 -8 8
5 0 0
5 3 0
5 -1 -6
5 -5 -5
5 0 -3
5 8 5
5 7 -5
5 1 6
5 -8 8
5 0 0
5 3 0
5 -1 -6
5 -5 -5
5 0 -3
5 8 5
5 7 -5
5 1 6
5 -8 8
5 0 0
5 3 0
5 -1 -6
5 -5 -5
5 0 -3
5 8 5
5 7 -5
5 1 6
5 -8 8
5 0 0
5 3 0
5 -1 -6
5 -5 -5
5 0 -3
5 8 5
5 7 -5
5 1 6
5 -8 8
5 0 0
5 3 0
5 -1 -6
5 -5 -5
5 0 -3
5 8 5
5 7 -5
5 1 6
5 -8 8
5 0 0
5 3 0
5 -1 -6
5 -5 -5
5 0 -3
5 8 5
5 7 -5
5 1 6
5 -8 8
5 0 0
5 3 0
5 -1 -6
5 -5 -5
5 0 -3
5 8 5
5 7 -5
5 1 6
5 -8 8
5 0 0
5 3 0
5 -1 -6
5 -5 -5
5 0 -3
5 8 5
5 7 -5
5 1 6
5 -8 8
5 0 0
5 3 0
5 -1 -6
5 -5 -5
5 0 -3
5 8 5
5 7 -5
5 1 6
5 -8 8
5 0 0
5 3 0
5 -1 -6
5 -5 -5
5 0 -3
5 8 5
5 7 -5
5 1 6
5 -8 8
5 0 0
5 3 0
5 -1 -6
5 -5 -5
5 0 -3
5 8 5
5 7 -5
5 1 6
5 -8 8
5 0 0
5 3 0
5 -1 -6
5 -5 -5
5 0 -3
5 8 5
5 7 -5
5 1 6
5 -8 8
5 0 0
5 3 0
5 -1 -6
5 -5 -5
5 0 -3
5 8 5
5 7 -5
5 1 6
5 -8 8
5 0 0
5 3 0
5 -1 -6
5 -5 -5
5 0 -3
5 8 5
5 7 -5
6 1 6
6 -8 8
6 0 0
6 3 0
6 -1 -6
6 -5 -5
6 0 -3
6 8 5
6 7 -5
6 1 6
6 -8 8
6 0 0
6 3 0
6 -1 -6
6 -5 -5
6 0 -3
6 8 5
6 7 -5
6 1 6
6 -8 8
6 0 0
6 3 0
6 -1 -6
6 -5 -5
6 0 -3
6 8 5
6 7 -5
6 1 6
6 -8 8
6 0 0
6 3 0
6 -1 -6
6 -5 -5
6 0 -3
6 8 5
6 7 -5
6 1 6
6 -8 8
6 0 0
6 3 0
6 -1 -6
6 -5 -5
6 0 -3
6 8 5
6 7 -5
6 1 6
6 -8 8
6 0 0
6 3 0
6 -1 -6
6 -5 -5
6 0 -3
6 8 5
6 7 -5
6 1 6
6 -8 8
6 0 0
6 3 0
6 -1 -6
6 -5 -5
6 0 -3
6 8 5
6 7 -5
6 1 6
6 -8 8
6 0 0
6 3 0
6 -1 -6
6 -5 -5
6 0 -3
6 8 5
6 7 -5
6 1 6
6 -8 8
6 0 0
6 3 0
6 -1 -6
6 -5 -5
6 0 -3
6 8 5
6 7 -5
6 1 6
6 -8 8
6 0 0
6 3 0
6 -1 -6
6 -5 -5
6 0 -3
6 8 5
6 7 -5
6 1 6
6 -8 8
6 0 0
6 3 0
6 -1 -6
6 -5 -5
6 0 -3
6 8 5
6 7 -5
6 1 6
6 -8 8
6 0 0
6 3 0
6 -1 -6
6 -5 -5
6 0 -3
6 8 5
6 7 -5
6 1 6
6 -8 8
6 0 0
6 3 0
6 -1 -6
6 -5 -5
6 0 -3
6 8 5
6 7 -5
6 1 6
6 -8 8
6 0 0
6 3 0
6 -1 -6
6 -5 -5
6 0 -3
6 8 5
6 7 -5
7 1 6
7 -8 8
7 0 0
7 3 0
7 -1 -6
7 -5 -5
7 0 -3
7 8 5
7 7 -5
7 1 6
7 -8 8
7 0 0
7 3 0
7 -1 -6
7 -5 -5
7 0 -3
7 8 5
7 7 -5
7 1 6
7 -8 8
7 0 0
7 3 0
7 -1 -6
7 -5 -5
7 0 -3
7 8 5
7 7 -5
7 1 6
7 -8 8
7 0 0
7 3 0
7 -1 -6
7 -5 -5
7 0 -3
7 8 5
7 7 -5
7 1 6
7 -8 8
7 0 0
7 3 0
7 -1 -6
7 -5 -5
7 0 -3
7 8 5
7 7 -5
7 1 6
7 -8 8
7 0 0
7 3 0
7 -1 -6
7 -5 -5
7 0 -3
7 8 5
7 7 -5
7 1 6
7 -8 8
7 0 0
7 3 0
7 -1 -6
7 -5 -5
7 0 -3
7 8 5
7 7 -5
7 1 6
7 -8 8
7 0 0
7 3 0
7 -1 -6
7 -5 -5
7 0 -3
7 8 5
7 7 -5
7 1 6
7 -8 8
7 0 0
7 3 0
7 -1 -6
7 -5 -5
7 0 -3
7 8 5
7 7 -5
7 1 6
7 -8 8
7 0 0
7 3 0
7 -1 -6
7 -5 -5
7 0 -3
7 8 5
7 7 -5
7 1 6
7 -8 8
7 0 0
7 3 0
7 -1 -6
7 -5 -5
7 0 -3
7 8 5
7 7 -5
7 1 6
7 -8 8
7 0 0
7 3 0
7 -1 -6
7 -5 -5
7 0 -3
7 8 5
7 7 -5
7 1 6
7 -8 8
7 0 0
7 3 0
7 -1 -6
7 -5 -5
7 0 -3
7 8 5
7 7 -5
7 1 6
7 -8 8
7 0 0
7 3 0
7 -1 -6
7 -5 -5
7 0 -3
7 8 5
7 7 -5
8 1 6
8 -8 8
8 0 0
8 3 0
8 -1 -6
8 -5 -5
8 0 -3
8 8 5
8 7 -5
8 1 6
8 -8 8
8 0 0
8 3 0
8 -1 -6
8 -5 -5
8 0 -3
8 8 5
8 7 -5
8 1 6
8 -8 8
8 0 0
8 3 0
8 -1 -6
8 -5 -5
8 0 -3
8 8 5
8 7 -5
8 1 6
8 -8 8
8 0 0
8 3 0
8 -1 -6
8 -5 -5
8 0 -3
8 8 5
8 7 -5
8 1 6
8 -8 8
8 0 0
8 3 0
8 -1 -6
8 -5 -5
8 0 -3
8 8 5
8 7 -5
8 1 6
8 -8 8
8 0 0
8 3 0
8 -1 -6
8 -5 -5
8 0 -3
8 8 5
8 7 -5
8 1 6
8 -8 8
8 0 0
8 3 0
8 -1 -6
8 -5 -5
8 0 -3
8 8 5
8 7 -5
8 1 6
8 -8 8
8 0 0
8 3 0
8 -1 -6
8 -5 -5
8 0 -3
8 8 5
8 7 -5
8 1 6
8 -8 8
8 0 0
8 3 0
8 -1 -6
8 -5 -5
8 0 -3
8 8 5
8 7 -5
8 1 6
8 -8 8
8 0 0
8 3 0
8 -1 -6
8 -5 -5
8 0 -3
8 8 5
8 7 -5
8 1 6
8 -8 8
8 0 0
8 3 0
8 -1 -6
8 -5 -5
8 0 -3
8 8 5
8 7 -5
8 1 6
8 -8 8
8 0 0
8 3 0
8 -1 -6
8 -5 -5
8 0 -3
8 8 5
8 7 -5
8 1 6
8 -8 8
8 0 0
8 3 0
8 -1 -6
8 -5 -5
8 0 -3
8 8 5
8 7 -5
8 1 6
8 -8 8
8 0 0
8 3 0
8 -1 -6
8 -5 -5
8 0 -3
8 8 5
8 7 -5
9 1 6
9 -8 8
9 0 0
9 3 0
9 -1 -6
9 -5 -5
9 0 -3
9 8 5
9 7 -5
9 1 6
9 -8 8
9 0 0
9 3 0
9 -1 -6
9 -5 -5
9 0 -3
9 8 5
9 7 -5
9 1 6
9 -8 8
9 0 0
9 3 0
9 -1 -6
9 -5 -5
9 0 -3
9 8 5
9 7 -5
9 1 6
9 -8 8
9 0 0
9 3 0
9 -1 -6
9 -5 -5
9 0 -3
9 8 5
9 7 -5
9 1 6
9 -8 8
9 0 0
9 3 0
9 -1 -6
9 -5 -5
9 0 -3
9 8 5
9 7 -5
9 1 6
9 -8 8
9 0 0
9 3 0
9 -1 -6
9 -5 -5
9 0 -3
9 8 5
9 7 -5
9 1 6
9 -8 8
9 0 0
9 3 0
9 -1 -6
9 -5 -5
9 0 -3
9 8 5
9 7 -5
9 1 6
9 -8 8
9 0 0
9 3 0
9 -1 -6
9 -5 -5
9 0 -3
9 8 5
9 7 -5
9 1 6
9 -8 8
9 0 0
9 3 0
9 -1 -6
9 -5 -5
9 0 -3
9 8 5
9 7 -5
9 1 6
9 -8 8
9 0 0
9 3 0
9 -1 -6
9 -5 -5
9 0 -3
9 8 5
9 7 -5
9 1 6
9 -8 8
9 0 0
9 3 0
9 -1 -6
9 -5 -5
9 0 -3
9 8 5
9 7 -5
9 1 6
9 -8 8
9 0 0
9 3 0
9 -1 -6
9 -5 -5
9 0 -3
9 8 5
9 7 -5
9 1 6
9 -8 8
9 0 0
9 3 0
9 -1 -6
9 -5 -5
9 0 -3
9 8 5
9 7 -5
9 1 6
9 -8 8
9 0 0
9 3 0
9 -1 -6
9 -5 -5
9 0 -3
9 8 5
9 7 -5
10 1 6
10 -8 8
10 0 0
10 3 0
10 -1 -6
10 -5 -5
10 0 -3
10 8 5
10 7 -5
10 1 6
10 -8 8
10 0 0
10 3 0
10 -1 -6
10 -5 -5
10 0 -3
10 8 5
10 7 -5
10 1 6
10 -8 8
10 0 0
10 3 0
10 -1 -6
10 -5 -5
10 0 -3
10 8 5
10 7 -5
10 1 6
10 -8 8
10 0 0
10 3 0
10 -1 -6
10 -5 -5
10 0 -3
10 8 5
10 7 -5
10 1 6
10 -8 8
10 0 0
10 3 0
10 -1 -6
10 -5 -5
10 0 -3
10 8 5
10 7 -5
10 1 6
10 -8 8
10 0 0
10 3 0
10 -1 -6
10 -5 -5
10 0 -3
10 8 5
10 7 -5
10 1 6
10 -8 8
10 0 0
10 3 0
10 -1 -6
10 -5 -5
10 0 -3
10 8 5
10 7 -5
10 1 6
10 -8 8
10 0 0
10 3 0
10 -1 -6
10 -5 -5
10 0 -3
10 8 5
10 7 -5
10 1 6
10 -8 8
10 0 0
10 3 0
10 -1 -6
10 -5 -5
10 0 -3
10 8 5
10 7 -5
10 1 6
10 -8 8
10 0 0
10 3 0
10 -1 -6
10 -5 -5
10 0 -3
10 8 5
10 7 -5
10 1 6
10 -8 8
10 0 0
10 3 0
10 -1 -6
10 -5 -5
10 0 -3
10 8 5
10 7 -5
10 1 6
10 -8 8
10 0 0
10 3 0
10 -1 -6
10 -5 -5
10 0 -3
10 8 5
10 7 -5
10 1 6
10 -8 8
10 0 0
10 3 0
10 -1 -6
10 -5 -5
10 0 -3
10 8 5
10 7 -5
10 1 6
10 -8 8
10 0 0
10 3 0
10 -1 -6
10 -5 -5
10 0 -3
10 8 5
10 7 -5
11 1 6
11 -8 8
11 0 0
11 3 0
11 -1 -6
11 -5 -5
11 0 -3
11 8 5
11 7 -5
11 1 6
11 -8 8
11 0 0
11 3 0
11 -1 -6
11 -5 -5
11 0 -3
11 8 5
11 7 -5
11 1 6
11 -8 8
11 0 0
11 3 0
11 -1 -6
11 -5 -5
11 0 -3
11 8 5
11 7 -5
11 1 6
11 -8 8
11 0 0
11 3 0
11 -1 -6
11 -5 -5
11 0 -3
11 8 5
11 7 -5
11 1 6
11 -8 8
11 0 0
11 3 0
11 -1 -6
11 -5 -5
11 0 -3
11 8 5
11 7 -5
11 1 6
11 -8 8
11 0 0
11 3 0
11 -1 -6
11 -5 -5
11 0 -3
11 8 5
11 7 -5
11 1 6
11 -8 8
11 0 0
11 3 0
11 -1 -6
11 -5 -5
11 0 -3
11 8 5
11 7 -5
11 1 6
11 -8 8
11 0 0
11 3 0
11 -1 -6
11 -5 -5
11 0 -3
11 8 5
11 7 -5
11 1 6
11 -8 8
11 0 0
11 3 0
11 -1 -6
11 -5 -5
11 0 -3
11 8 5
11 7 -5
11 1 6
11 -8 8
11 0 0
11 3 0
11 -1 -6
11 -5 -5
11 0 -3
11 8 5
11 7 -5
11 1 6
11 -8 8
11 0 0
11 3 0
11 -1 -6
11 -5 -5
11 0 -3
11 8 5
11 7 -5
11 1 6
11 -8 8
11 0 0
11 3 0
11 -1 -6
11 -5 -5
11 0 -3
11 8 5
11 7 -5
11 1 6
11 -8 8
11 0 0
11 3 0
11 -1 -6
11 -5 -5
11 0 -3
11 8 5
11 7 -5
11 1 6
11 -8 8
11 0 0
11 3 0
11 -1 -6
11 -5 -5
11 0 -3
11 8 5
11 7 -5
12 1 6
12 -8 8
12 0 0
12 3 0
12 -1 -6
12 -5 -5
12 0 -3
12 8 5
12 7 -5
12 1 6
12 -8 8
12 0 0
12 3 0
12 -1 -6
12 -5 -5
12 0 -3
12 8 5
12 7 -5
12 1 6
12 -8 8
12 0 0
12 3 0
12 -1 -6
12 -5 -5
12 0 -3
12 8 5
12 7 -5
12 1 6
12 -8 8
12 0 0
12 3 0
12 -1 -6
12 -5 -5
12 0 -3
12 8 5
12 7 -5
12 1 6
12 -8 8
12 0 0
12 3 0
12 -1 -6
12 -5 -5
12 0 -3
12 8 5
12 7 -5
12 1 6
12 -8 8
12 0 0
12 3 0
12 -1 -6
12 -5 -5
12 0 -3
12 8 5
12 7 -5
12 1 6
12 -8 8
12 0 0
12 3 0
12 -1 -6
12 -5 -5
12 0 -3
12 8 5
12 7 -5
12 1 6
12 -8 8
12 0 0
12 3 0
12 -1 -6
12 -5 -5
12 0 -3
12 8 5
12 7 -5
12 1 6
12 -8 8
12 0 0
12 3 0
12 -1 -6
12 -5 -5
12 0 -3
12 8 5
12 7 -5
12 1 6
12 -8 8
12 0 0
12 3 0
12 -1 -6
12 -5 -5
12 0 -3
12 8 5
12 7 -5
12 1 6
12 -8 8
12 0 0
12 3 0
12 -1 -6
12 -5 -5
12 0 -3
12 8 5
12 7 -5
12 1 6
12 -8 8
12 0 0
12 3 0
12 -1 -6
12 -5 -5
12 0 -3
12 8 5
12 7 -5
12 1 6
12 -8 8
12 0 0
12 3 0
12 -1 -6
12 -5 -5
12 0 -3
12 8 5
12 7 -5
12 1 6
12 -8 8
12 0 0
12 3 0
12 -1 -6
12 -5 -5
12 0 -3
12 8 5
12 7 -5
13 1 6
13 -8 8
13 0 0
13 3 0
13 -1 -6
13 -5 -5
13 0 -3
13 8 5
13 7 -5
13 1 6
13 -8 8
13 0 0
13 3 0
13 -1 -6
13 -5 -5
13 0 -3
13 8 5
13 7 -5
13 1 6
13 -8 8
13 0 0
13 3 0
13 -1 -6
13 -5 -5
13 0 -3
13 8 5
13 7 -5
13 1 6
13 -8 8
13 0 0
13 3 0
13 -1 -6
13 -5 -5
13 0 -3
13 8 5
13 7 -5
13 1 6
13 -8 8
13 0 0
13 3 0
13 -1 -6
13 -5 -5
13 0 -3
13 8 5
13 7 -5
13 1 6
13 -8 8
13 0 0
13 3 0
13 -1 -6
13 -5 -5
13 0 -3
13 8 5
13 7 -5
13 1 6
13 -8 8
13 0 0
13 3 0
13 -1 -6
13 -5 -5
13 0 -3
13 8 5
13 7 -5
13 1 6
13 -8 8
13 0 0
13 3 0
13 -1 -6
13 -5 -5
13 0 -3
13 8 5
13 7 -5
13 1 6
13 -8 8
13 0 0
13 3 0
13 -1 -6
13 -5 -5
13 0 -3
13 8 5
13 7 -5
13 1 6
13 -8 8
13 0 0
13 3 0
13 -1 -6
13 -5 -5
13 0 -3
13 8 5
13 7 -5
13 1 6
13 -8 8
13 0 0
13 3 0
13 -1 -6
13 -5 -5
13 0 -3
13 8 5
13 7 -5
13 1 6
13 -8 8
13 0 0
13 3 0
13 -1 -6
13 -5 -5
13 0 -3
13 8 5
13 7 -5
13 1 6
13 -8 8
13 0 0
13 3 0
13 -1 -6
13 -5 -5
13 0 -3
13 8 5
13 7 -5
13 1 6
13 -8 8
13 0 0
13 3 0
13 -1 -6
13 -5 -5
13 0 -3
13 8 5
13 7 -5
14 1 6
14 -8 8
14 0 0
14 3 0
14 -1 -6
14 -5 -5
14 0 -3
14 8 5
14 7 -5
14 1 6
14 -8 8
14 0 0
14 3 0
14 -1 -6
14 -5 -5
14 0 -3
14 8 5
14 7 -5
14 1 6
14 -8 8
14 0 0
14 3 0
14 -1 -6
14 -5 -5
14 0 -3
14 8 5
14 7 -5
14 1 6
14 -8 8
14 0 0
14 3 0
14 -1 -6
14 -5 -5
14 0 -3
14 8 5
14 7 -5
14 1 6
14 -8 8
14 0 0
14 3 0
14 -1 -6
14 -5 -5
14 0 -3
14 8 5
14 7 -5
14 1 6
14 -8 8
14 0 0
14 3 0
14 -1 -6
14 -5 -5
14 0 -3
14 8 5
14 7 -5
14 1 6
14 -8 8
14 0 0
14 3 0
14 -1 -6
14 -5 -5
14 0 -3
14 8 5
14 7 -5
14 1 6
14 -8 8
14 0 0
14 3 0
14 -1 -6
14 -5 -5
14 0 -3
14 8 5
14 7 -5
14 1 6
14 -8 8
14 0 0
14 3 0
14 -1 -6
14 -5 -5
14 0 -3
14 8 5
14 7 -5
14 1 6
14 -8 8
14 0 0
14 3 0
14 -1 -6
14 -5 -5
14 0 -3
14 8 5
14 7 -5
14 1 6
14 -8 8
14 0 0
14 3 0
14 -1 -6
14 -5 -5
14 0 -3
14 8 5
14 7 -5
14 1 6
14 -8 8
14 0 0
14 3 0
14 -1 -6
14 -5 -5
14 0 -3
14 8 5
14 7 -5
14 1 6
14 -8 8
14 0 0
14 3 0
14 -1 -6
14 -5 -5
14 0 -3
14 8 5
14 7 -5
14 1 6
14 -8 8
14 0 0
14 3 0
14 -1 -6
14 -5 -5
14 0 -3
14 8 5
14 7 -5
15 1 6
15 -8 8
15 0 0
15 3 0
15 -1 -6
15 -5 -5
15 0 -3
15 8 5
15 7 -5
15 1 6
15 -8 8
15 0 0
15 3 0
15 -1 -6
15 -5 -5
15 0 -3
15 8 5
15 7 -5
15 1 6
15 -8 8
15 0 0
15 3 0
15 -1 -6
15 -5 -5
15 0 -3
15 8 5
15 7 -5
15 1 6
15 -8 8
15 0 0
15 3 0
15 -1 -6
15 -5 -5
15 0 -3
15 8 5
15 7 -5
15 1 6
15 -8 8
15 0 0
15 3 0
15 -1 -6
15 -5 -5
15 0 -3
15 8 5
15 7 -5
15 1 6
15 -8 8
15 0 0
15 3 0
15 -1 -6
15 -5 -5
15 0 -3
15 8 5
15 7 -5
15 1 6
15 -8 8
15 0 0
15 3 0
15 -1 -6
15 -5 -5
15 0 -3
15 8 5
15 7 -5
15 1 6
15 -8 8
15 0 0
15 3 0
15 -1 -6
15 -5 -5
15 0 -3
15 8 5
15 7 -5
15 1 6
15 -8 8
15 0 0
15 3 0
15 -1 -6
15 -5 -5
15 0 -3
15 8 5
15 7 -5
15 1 6
15 -8 8
15 0 0
15 3 0
15 -1 -6
15 -5 -5
15 0 -3
15 8 5
15 7 -5
15 1 6
15 -8 8
15 0 0
15 3 0
15 -1 -6
15 -5 -5
15 0 -3
15 8 5
15 7 -5
15 1 6
15 -8 8
15 0 0
15 3 0
15 -1 -6
15 -5 -5
15 0 -3
15 8 5
15 7 -5
15 1 6
15 -8 8
15 0 0
15 3 0
15 -1 -6
15 -5 -5
15 0 -3
15 8 5
15 7 -5
15 1 6
15 -8 8
15 0 0
15 3 0
15 -1 -6
15 -5 -5
15 0 -3
15 8 5
15 7 -5
16 1 6
16 -8 8
16 0 0
16 3 0
16 -1 -6
16 -5 -5
16 0 -3
16 8 5
16 7 -5
16 1 6
16 -8 8
16 0 0
16 3 0
16 -1 -6
16 -5 -5
16 0 -3
16 8 5
16 7 -5
16 1 6
16 -8 8
16 0 0
16 3 0
16 -1 -6
16 -5 -5
16 0 -3
16 8 5
16 7 -5
16 1 6
16 -8 8
16 0 0
16 3 0
16 -1 -6
16 -5 -5
16 0 -3
16 8 5
16 7 -5
16 1 6
16 -8 8
16 0 0
16 3 0
16 -1 -6
16 -5 -5
16 0 -3
16 8 5
16 7 -5
16 1 6
16 -8 8
16 0 0
16 3 0
16 -1 -6
16 -5 -5
16 0 -3
16 8 5
16 7 -5
16 1 6
16 -8 8
16 0 0
16 3 0
16 -1 -6
16 -5 -5
16 0 -3
16 8 5
16 7 -5
16 1 6
16 -8 8
16 0 0
16 3 0
16 -1 -6
16 -5 -5
16 0 -3
16 8 5
16 7 -5
16 1 6
16 -8 8
16 0 0
16 3 0
16 -1 -6
16 -5 -5
16 0 -3
16 8 5
16 7 -5
16 1 6
16 -8 8
16 0 0
16 3 0
16 -1 -6
16 -5 -5
16 0 -3
16 8 5
16 7 -5
16 1 6
16 -8 8
16 0 0
16 3 0
16 -1 -6
16 -5 -5
16 0 -3
16 8 5
16 7 -5
16 1 6
16 -8 8
16 0 0
16 3 0
16 -1 -6
16 -5 -5
16 0 -3
16 8 5
16 7 -5
16 1 6
16 -8 8
16 0 0
16 3 0
16 -1 -6
16 -5 -5
16 0 -3
16 8 5
16 7 -5
16 1 6
16 -8 8
16 0 0
16 3 0
16 -1 -6
16 -5 -5
16 0 -3
16 8 5
16 7 -5
17 1 6
17 -8 8
17 0 0
17 3 0
17 -1 -6
17 -5 -5
17 0 -3
17 8 5
17 7 -5
17 1 6
17 -8 8
17 0 0
17 3 0
17 -1 -6
17 -5 -5
17 0 -3
17 8 5
17 7 -5
17 1 6
17 -8 8
17 0 0
17 3 0
17 -1 -6
17 -5 -5
17 0 -3
17 8 5
17 7 -5
17 1 6
17 -8 8
17 0 0
17 3 0
17 -1 -6
17 -5 -5
17 0 -3
17 8 5
17 7 -5
17 1 6
17 -8 8
17 0 0
17 3 0
17 -1 -6
17 -5 -5
17 0 -3
17 8 5
17 7 -5
17 1 6
17 -8 8
17 0 0
17 3 0
17 -1 -6
17 -5 -5
17 0 -3
17 8 5
17 7 -5
17 1 6
17 -8 8
17 0 0
17 3 0
17 -1 -6
17 -5 -5
17 0 -3
17 8 5
17 7 -5
17 1 6
17 -8 8
17 0 0
17 3 0
17 -1 -6
17 -5 -5
17 0 -3
17 8 5
17 7 -5
17 1 6
17 -8 8
17 0 0
17 3 0
17 -1 -6
17 -5 -5
17 0 -3
17 8 5
17 7 -5
17 1 6
17 -8 8
17 0 0
17 3 0
17 -1 -6
17 -5 -5
17 0 -3
17 8 5
17 7 -5
17 1 6
17 -8 8
17 0 0
17 3 0
17 -1 -6
17 -5 -5
17 0 -3
17 8 5
17 7 -5
17 1 6
17 -8 8
17 0 0
17 3 0
17 -1 -6
17 -5 -5
17 0 -3
17 8 5
17 7 -5
17 1 6
17 -8 8
17 0 0
17 3 0
17 -1 -6
17 -5 -5
17 0 -3
17 8 5
17 7 -5
17 1 6
17 -8 8
17 0 0
17 3 0
17 -1 -6
17 -5 -5
17 0 -3
17 8 5
17 7 -5
18 1 6
18 -8 8
18 0 0
18 3 0
18 -1 -6
18 -5 -5
18 0 -3
18 8 5
18 7 -5
18 1 6
18 -8 8
18 0 0
18 3 0
18 -1 -6
18 -5 -5
18 0 -3
18 8 5
18 7 -5
18 1 6
18 -8 8
18 0 0
18 3 0
18 -1 -6
18 -5 -5
18 0 -3
18 8 5
18 7 -5
18 1 6
18 -8 8
18 0 0
18 3 0
18 -1 -6
18 -5 -5
18 0 -3
18 8 5
18 7 -5
18 1 6
18 -8 8
18 0 0
18 3 0
18 -1 -6
18 -5 -5
18 0 -3
18 8 5
18 7 -5
18 1 6
18 -8 8
18 0 0
18 3 0
18 -1 -6
18 -5 -5
18 0 -3
18 8 5
18 7 -5
18 1 6
18 -8 8
18 0 0
18 3 0
18 -1 -6
18 -5 -5
18 0 -3
18 8 5
18 7 -5
18 1 6
18 -8 8
18 0 0
18 3 0
18 -1 -6
18 -5 -5
18 0 -3
18 8 5
18 7 -5
18 1 6
18 -8 8
18 0 0
18 3 0
18 -1 -6
18 -5 -5
18 0 -3
18 8 5
18 7 -5
18 1 6
18 -8 8
18 0 0
18 3 0
18 -1 -6
18 -5 -5
18 0 -3
18 8 5
18 7 -5
18 1 6
18 -8 8
18 0 0
18 3 0
18 -1 -6
18 -5 -5
18 0 -3
18 8 5
18 7 -5
18 1 6
18 -8 8
18 0 0
18 3 0
18 -1 -6
18 -5 -5
18 0 -3
18 8 5
18 7 -5
18 1 6
18 -8 8
18 0 0
18 3 0
18 -1 -6
18 -5 -5
18 0 -3
18 8 5
18 7 -5
18 1 6
18 -8 8
18 0 0
18 3 0
18 -1 -6
18 -5 -5
18 0 -3
18 8 5
18 7 -5
19 1 6
19 -8 8
19 0 0
19 3 0
19 -1 -6
19 -5 -5
19 0 -3
19 8 5
19 7 -5
19 1 6
19 -8 8
19 0 0
19 3 0
19 -1 -6
19 -5 -5
19 0 -3
19 8 5
19 7 -5
19 1 6
19 -8 8
19 0 0
19 3 0
19 -1 -6
19 -5 -5
19 0 -3
19 8 5
19 7 -5
19 1 6
19 -8 8
19 0 0
19 3 0
19 -1 -6
19 -5 -5
19 0 -3
19 8 5
19 7 -5
19 1 6
19 -8 8
19 0 0
19 3 0
19 -1 -6
19 -5 -5
19 0 -3
19 8 5
19 7 -5
19 1 6
19 -8 8
19 0 0
19 3 0
19 -1 -6
19 -5 -5
19 0 -3
19 8 5
19 7 -5
19 1 6
19 -8 8
19 0 0
19 3 0
19 -1 -6
19 -5 -5
19 0 -3
19 8 5
19 7 -5
19 1 6
19 -8 8
19 0 0
19 3 0
19 -1 -6
19 -5 -5
19 0 -3
19 8 5
19 7 -5
19 1 6
19 -8 8
19 0 0
19 3 0
19 -1 -6
19 -5 -5
19 0 -3
19 8 5
19 7 -5
19 1 6
19 -8 8
19 0 0
19 3 0
19 -1 -6
19 -5 -5
19 0 -3
19 8 5
19 7 -5
19 1 6
19 -8 8
19 0 0
19 3 0
19 -1 -6
19 -5 -5
19 0 -3
19 8 5
19 7 -5
19 1 6
19 -8 8
19 0 0
19 3 0
19 -1 -6
19 -5 -5
19 0 -3
19 8 5
19 7 -5
19 1 6
19 -8 8
19 0 0
19 3 0
19 -1 -6
19 -5 -5
19 0 -3
19 8 5
19 7 -5
19 1 6
19 -8 8
19 0 0
19 3 0
19 -1 -6
19 -5 -5
19 0 -3
19 8 5
19 7 -5
20 1 6
20 -8 8
20 0 0
20 3 0
20 -1 -6
20 -5 -5
20 0 -3
20 8 5
20 7 -5
20 1 6
20 -8 8
20 0 0
20 3 0
20 -1 -6
20 -5 -5
20 0 -3
20 8 5
20 7 -5
20 1 6
20 -8 8
20 0 0
20 3 0
20 -1 -6
20 -5 -5
20 0 -3
20 8 5
20 7 -5
20 1 6
20 -8 8
20 0 0
20 3 0
20 -1 -6
20 -5 -5
20 0 -3
20 8 5
20 7 -5
20 1 6
20 -8 8
20 0 0
20 3 0
20 -1 -6
20 -5 -5
20 0 -3
20 8 5
20 7 -5
20 1 6
20 -8 8
20 0 0
20 3 0
20 -1 -6
20 -5 -5
20 0 -3
20 8 5
20 7 -5
20 1 6
20 -8 8
20 0 0
20 3 0
20 -1 -6
20 -5 -5
20 0 -3
20 8 5
20 7 -5
20 1 6
20 -8 8
20 0 0
20 3 0
20 -1 -6
20 -5 -5
20 0 -3
20 8 5
20 7 -5
20 1 6
20 -8 8
20 0 0
20 3 0
20 -1 -6
20 -5 -5
20 0 -3
20 8 5
20 7 -5
20 1 6
20 -8 8
20 0 0
20 3 0
20 -1 -6
20 -5 -5
20 0 -3
20 8 5
20 7 -5
20 1 6
20 -8 8
20 0 0
20 3 0
20 -1 -6
20 -5 -5
20 0 -3
20 8 5
20 7 -5
20 1 6
20 -8 8
20 0 0
20 3 0
20 -1 -6
20 -5 -5
20 0 -3
20 8 5
20 7 -5
20 1 6
20 -8 8
20 0 0
20 3 0
20 -1 -6
20 -5 -5
20 0 -3
20 8 5
20 7 -5
20 1 6
20 -8 8
20 0 0
20 3 0
20 -1 -6
20 -5 -5
20 0 -3
20 8 5
20 7 -5
21 1 6
21 -8 8
21 0 0
21 3 0
21 -1 -6
21 -5 -5
21 0 -3
21 8 5
21 7 -5
21 1 6
21 -8 8
21 0 0
21 3 0
21 -1 -6
21 -5 -5
21 0 -3
21 8 5
21 7 -5
21 1 6
21 -8 8
21 0 0
21 3 0
21 -1 -6
21 -5 -5
21 0 -3
21 8 5
21 7 -5
21 1 6
21 -8 8
21 0 0
21 3 0
21 -1 -6
21 -5 -5
21 0 -3
21 8 5
21 7 -5
21 1 6
21 -8 8
21 0 0
21 3 0
21 -1 -6
21 -5 -5
21 0 -3
21 8 5
21 7 -5
21 1 6
21 -8 8
21 0 0
21 3 0
21 -1 -6
21 -5 -5
21 0 -3
21 8 5
21 7 -5
21 1 6
21 -8 8
21 0 0
21 3 0
21 -1 -6
21 -5 -5
21 0 -3
21 8 5
21 7 -5
21 1 6
21 -8 8
21 0 0
21 3 0
21 -1 -6
21 -5 -5
21 0 -3
21 8 5
21 7 -5
21 1 6
21 -8 8
21 0 0
21 3 0
21 -1 -6
21 -5 -5
21 0 -3
21 8 5
21 7 -5
21 1 6
21 -8 8
21 0 0
21 3 0
21 -1 -6
21 -5 -5
21 0 -3
21 8 5
21 7 -5
21 1 6
21 -8 8
21 0 0
21 3 0
21 -1 -6
21 -5 -5
21 0 -3
21 8 5
21 7 -5
21 1 6
21 -8 8
21 0 0
21 3 0
21 -1 -6
21 -5 -5
21 0 -3
21 8 5
21 7 -5
21 1 6
21 -8 8
21 0 0
21 3 0
21 -1 -6
21 -5 -5
21 0 -3
21 8 5
21 7 -5
21 1 6
21 -8 8
21 0 0
21 3 0
21 -1 -6
21 -5 -5
21 0 -3
21 8 5
21 7 -5
22 1 6
22 -8 8
22 0 0
22 3 0
22 -1 -6
22 -5 -5
22 0 -3
22 8 5
22 7 -5
22 1 6
22 -8 8
22 0 0
22 3 0
22 -1 -6
22 -5 -5
22 0 -3
22 8 5
22 7 -5
22 1 6
22 -8 8
22 0 0
22 3 0
22 -1 -6
22 -5 -5
22 0 -3
22 8 5
22 7 -5
22 1 6
22 -8 8
22 0 0
22 3 0
22 -1 -6
22 -5 -5
22 0 -3
22 8 5
22 7 -5
22 1 6
22 -8 8
22 0 0
22 3 0
22 -1 -6
22 -5 -5
22 0 -3
22 8 5
22 7 -5
22 1 6
22 -8 8
22 0 0
22 3 0
22 -1 -6
22 -5 -5
22 0 -3
22 8 5
22 7 -5
22 1 6
22 -8 8
22 0 0
22 3 0
22 -1 -6
22 -5 -5
22 0 -3
22 8 5
22 7 -5
22 1 6
22 -8 8
22 0 0
22 3 0
22 -1 -6
22 -5 -5
22 0 -3
22 8 5
22 7 -5
22 1 6
22 -8 8
22 0 0
22 3 0
22 -1 -6
22 -5 -5
22 0 -3
22 8 5
22 7 -5
22 1 6
22 -8 8
22 0 0
22 3 0
22 -1 -6
22 -5 -5
22 0 -3
22 8 5
22 7 -5
22 1 6
22 -8 8
22 0 0
22 3 0
22 -1 -6
22 -5 -5
22 0 -3
22 8 5
22 7 -5
22 1 6
22 -8 8
22 0 0
22 3 0
22 -1 -6
22 -5 -5
22 0 -3
22 8 5
22 7 -5
22 1 6
22 -8 8
22 0 0
22 3 0
22 -1 -6
22 -5 -5
22 0 -3
22 8 5
22 7 -5
22 1 6
22 -8 8
22 0 0
22 3 0
22 -1 -6
22 -5 -5
22 0 -3
22 8 5
22 7 -5
23 1 6
23 -8 8
23 0 0
23 3 0
23 -1 -6
23 -5 -5
23 0 -3
23 8 5
23 7 -5
23 1 6
23 -8 8
23 0 0
23 3 0
23 -1 -6
23 -5 -5
23 0 -3
23 8 5
23 7 -5
23 1 6
23 -8 8
23 0 0
23 3 0
23 -1 -6
23 -5 -5
23 0 -3
23 8 5
23 7 -5
23 1 6
23 -8 8
23 0 0
23 3 0
23 -1 -6
23 -5 -5
23 0 -3
23 8 5
23 7 -5
23 1 6
23 -8 8
23 0 0
23 3 0
23 -1 -6
23 -5 -5
23 0 -3
23 8 5
23 7 -5
23 1 6
23 -8 8
23 0 0
23 3 0
23 -1 -6
23 -5 -5
23 0 -3
23 8 5
23 7 -5
23 1 6
23 -8 8
23 0 0
23 3 0
23 -1 -6
23 -5 -5
23 0 -3
23 8 5
23 7 -5
23 1 6
23 -8 8
23 0 0
23 3 0
23 -1 -6
23 -5 -5
23 0 -3
23 8 5
23 7 -5
23 1 6
23 -8 8
23 0 0
23 3 0
23 -1 -6
23 -5 -5
23 0 -3
23 8 5
23 7 -5
23 1 6
23 -8 8
23 0 0
23 3 0
23 -1 -6
23 -5 -5
23 0 -3
23 8 5
23 7 -5
23 1 6
23 -8 8
23 0 0
23 3 0
23 -1 -6
23 -5 -5
23 0 -3
23 8 5
23 7 -5
23 1 6
23 -8 8
23 0 0
23 3 0
23 -1 -6
23 -5 -5
23 0 -3
23 8 5
23 7 -5
23 1 6
23 -8 8
23 0 0
23 3 0
23 -1 -6
23 -5 -5
23 0 -3
23 8 5
23 7 -5
23 1 6
23 -8 8
23 0 0
23 3 0
23 -1 -6
23 -5 -5
23 0 -3
23 8 5
23 7 -5
24 1 6
24 -8 8
24 0 0
24 3 0
24 -1 -6
24 -5 -5
24 0 -3
24 8 5
24 7 -5
24 1 6
24 -8 8
24 0 0
24 3 0
24 -1 -6
24 -5 -5
24 0 -3
24 8 5
24 7 -5
24 1 6
24 -8 8
24 0 0
24 3 0
24 -1 -6
24 -5 -5
24 0 -3
24 8 5
24 7 -5
24 1 6
24 -8 8
24 0 0
24 3 0
24 -1 -6
24 -5 -5
24 0 -3
24 8 5
24 7 -5
24 1 6
24 -8 8
24 0 0
24 3 0
24 -1 -6
24 -5 -5
24 0 -3
24 8 5
24 7 -5
24 1 6
24 -8 8
24 0 0
24 3 0
24 -1 -6
24 -5 -5
24 0 -3
24 8 5
24 7 -5
24 1 6
24 -8 8
24 0 0
24 3 0
24 -1 -6
24 -5 -5
24 0 -3
24 8 5
24 7 -5
24 1 6
24 -8 8
24 0 0
24 3 0
24 -1 -6
24 -5 -5
24 0 -3
24 8 5
24 7 -5
24 1 6
24 -8 8
24 0 0
24 3 0
24 -1 -6
24 -5 -5
24 0 -3
24 8 5
24 7 -5
24 1 6
24 -8 8
24 0 0
24 3 0
24 -1 -6
24 -5 -5
24 0 -3
24 8 5
24 7 -5
24 1 6
24 -8 8
24 0 0
24 3 0
24 -1 -6
24 -5 -5
24 0 -3
24 8 5
24 7 -5
24 1 6
24 -8 8
24 0 0
24 3 0
24 -1 -6
24 -5 -5
24 0 -3
24 8 5
24 7 -5
24 1 6
24 -8 8
24 0 0
24 3 0
24 -1 -6
24 -5 -5
24 0 -3
24 8 5
24 7 -5
24 1 6
24 -8 8
24 0 0
24 3 0
24 -1 -6
24 -5 -5
24 0 -3
24 8 5
24 7 -5
25 1 6
25 -8 8
25 0 0
25 3 0
25 -1 -6
25 -5 -5
25 0 -3
25 8 5
25 7 -5
25 1 6
25 -8 8
25 0 0
25 3 0
25 -1 -6
25 -5 -5
25 0 -3
25 8 5
25 7 -5
25 1 6
25 -8 8
25 0 0
25 3 0
25 -1 -6
25 -5 -5
25 0 -3
25 8 5
25 7 -5
25 1 6
25 -8 8
25 0 0
25 3 0
25 -1 -6
25 -5 -5
25 0 -3
25 8 5
25 7 -5
25 1 6
25 -8 8
25 0 0
25 3 0
25 -1 -6
25 -5 -5
25 0 -3
25 8 5
25 7 -5
25 1 6
25 -8 8
25 0 0
25 3 0
25 -1 -6
25 -5 -5
25 0 -3
25 8 5
25 7 -5
25 1 6
25 -8 8
25 0 0
25 3 0
25 -1 -6
25 -5 -5
25 0 -3
25 8 5
25 7 -5
25 1 6
25 -8 8
25 0 0
25 3 0
25 -1 -6
25 -5 -5
25 0 -3
25 8 5
25 7 -5
25 1 6
25 -8 8
25 0 0
25 3 0
25 -1 -6
25 -5 -5
25 0 -3
25 8 5
25 7 -5
25 1 6
25 -8 8
25 0 0
25 3 0
25 -1 -6
25 -5 -5
25 0 -3
25 8 5
25 7 -5
25 1 6
25 -8 8
25 0 0
25 3 0
25 -1 -6
25 -5 -5
25 0 -3
25 8 5
25 7 -5
25 1 6
25 -8 8
25 0 0
25 3 0
25 -1 -6
25 -5 -5
25 0 -3
25 8 5
25 7 -5
25 1 6
25 -8 8
25 0 0
25 3 0
25 -1 -6
25 -5 -5
25 0 -3
25 8 5
25 7 -5
25 1 6
25 -8 8
25 0 0
25 3 0
25 -1 -6
25 -5 -5
25 0 -3
25 8 5
25 7 -5
26 1 6
26 -8 8
26 0 0
26 3 0
26 -1 -6
26 -5 -5
26 0 -3
26 8 5
26 7 -5
26 1 6
26 -8 8
26 0 0
26 3 0
26 -1 -6
26 -5 -5
26 0 -3
26 8 5
26 7 -5
26 1 6
26 -8 8
26 0 0
26 3 0
26 -1 -6
26 -5 -5
26 0 -3
26 8 5
26 7 -5
26 1 6
26 -8 8
26 0 0
26 3 0
26 -1 -6
26 -5 -5
26 0 -3
26 8 5
26 7 -5
26 1 6
26 -8 8
26 0 0
26 3 0
26 -1 -6
26 -5 -5
26 0 -3
26 8 5
26 7 -5
26 1 6
26 -8 8
26 0 0
26 3 0
26 -1 -6
26 -5 -5
26 0 -3
26 8 5
26 7 -5
26 1 6
26 -8 8
26 0 0
26 3 0
26 -1 -6
26 -5 -5
26 0 -3
26 8 5
26 7 -5
26 1 6
26 -8 8
26 0 0
26 3 0
26 -1 -6
26 -5 -5
26 0 -3
26 8 5
26 7 -5
26 1 6
26 -8 8
26 0 0
26 3 0
26 -1 -6
26 -5 -5
26 0 -3
26 8 5
26 7 -5
26 1 6
26 -8 8
26 0 0
26 3 0
26 -1 -6
26 -5 -5
26 0 -3
26 8 5
26 7 -5
26 1 6
26 -8 8
26 0 0
26 3 0
26 -1 -6
26 -5 -5
26 0 -3
26 8 5
26 7 -5
26 1 6
26 -8 8
26 0 0
26 3 0
26 -1 -6
26 -5 -5
26 0 -3
26 8 5
26 7 -5
26 1 6
26 -8 8
26 0 0
26 3 0
26 -1 -6
26 -5 -5
26 0 -3
26 8 5
26 7 -5
26 1 6
26 -8 8
26 0 0
26 3 0
26 -1 -6
26 -5 -5
26 0 -3
26 8 5
26 7 -5
27 1 6
27 -8 8
27 0 0
27 3 0
27 -1 -6
27 -5 -5
27 0 -3
27 8 5
27 7 -5
27 1 6
27 -8 8
27 0 0
27 3 0
27 -1 -6
27 -5 -5
27 0 -3
27 8 5
27 7 -5
27 1 6
27 -8 8
27 0 0
27 3 0
27 -1 -6
27 -5 -5
27 0 -3
27 8 5
27 7 -5
27 1 6
27 -8 8
27 0 0
27 3 0
27 -1 -6
27 -5 -5
27 0 -3
27 8 5
27 7 -5
27 1 6
27 -8 8
27 0 0
27 3 0
27 -1 -6
27 -5 -5
27 0 -3
27 8 5
27 7 -5
27 1 6
27 -8 8
27 0 0
27 3 0
27 -1 -6
27 -5 -5
27 0 -3
27 8 5
27 7 -5
27 1 6
27 -8 8
27 0 0
27 3 0
27 -1 -6
27 -5 -5
27 0 -3
27 8 5
27 7 -5
27 1 6
27 -8 8
27 0 0
27 3 0
27 -1 -6
27 -5 -5
27 0 -3
27 8 5
27 7 -5
27 1 6
27 -8 8
27 0 0
27 3 0
27 -1 -6
27 -5 -5
27 0 -3
27 8 5
27 7 -5
27 1 6
27 -8 8
27 0 0
27 3 0
27 -1 -6
27 -5 -5
27 0 -3
27 8 5
27 7 -5
27 1 6
27 -8 8
27 0 0
27 3 0
27 -1 -6
27 -5 -5
27 0 -3
27 8 5
27 7 -5
27 1 6
27 -8 8
27 0 0
27 3 0
27 -1 -6
27 -5 -5
27 0 -3
27 8 5
27 7 -5
27 1 6
27 -8 8
27 0 0
27 3 0
27 -1 -6
27 -5 -5
27 0 -3
27 8 5
27 7 -5
27 1 6
27 -8 8
27 0 0
27 3 0
27 -1 -6
27 -5 -5
27 0 -3
27 8 5
27 7 -5
28 1 6
28 -8 8
28 0 0
28 3 0
28 -1 -6
28 -5 -5
28 0 -3
28 8 5
28 7 -5
28 1 6
28 -8 8
28 0 0
28 3 0
28 -1 -6
28 -5 -5
28 0 -3
28 8 5
28 7 -5
28 1 6
28 -8 8
28 0 0
28 3 0
28 -1 -6
28 -5 -5
28 0 -3
28 8 5
28 7 -5
28 1 6
28 -8 8
28 0 0
28 3 0
28 -1 -6
28 -5 -5
28 0 -3
28 8 5
28 7 -5
28 1 6
28 -8 8
28 0 0
28 3 0
28 -1 -6
28 -5 -5
28 0 -3
28 8 5
28 7 -5
28 1 6
28 -8 8
28 0 0
28 3 0
28 -1 -6
28 -5 -5
28 0 -3
28 8 5
28 7 -5
28 1 6
28 -8 8
28 0 0
28 3 0
28 -1 -6
28 -5 -5
28 0 -3
28 8 5
28 7 -5
28 1 6
28 -8 8
28 0 0
28 3 0
28 -1 -6
28 -5 -5
28 0 -3
28 8 5
28 7 -5
28 1 6
28 -8 8
28 0 0
28 3 0
28 -1 -6
28 -5 -5
28 0 -3
28 8 5
28 7 -5
28 1 6
28 -8 8
28 0 0
28 3 0
28 -1 -6
28 -5 -5
28 0 -3
28 8 5
28 7 -5
28 1 6
28 -8 8
28 0 0
28 3 0
28 -1 -6
28 -5 -5
28 0 -3
28 8 5
28 7 -5
28 1 6
28 -8 8
28 0 0
28 3 0
28 -1 -6
28 -5 -5
28 0 -3
28 8 5
28 7 -5
28 1 6
28 -8 8
28 0 0
28 3 0
28 -1 -6
28 -5 -5
28 0 -3
28 8 5
28 7 -5
28 1 6
28 -8 8
28 0 0
28 3 0
28 -1 -6
28 -5 -5
28 0 -3
28 8 5
28 7 -5
29 1 6
29 -8 8
29 0 0
29 3 0
29 -1 -6
29 -5 -5
29 0 -3
29 8 5
29 7 -5
29 1 6
29 -8 8
29 0 0
29 3 0
29 -1 -6
29 -5 -5
29 0 -3
29 8 5
29 7 -5
29 1 6
29 -8 8
29 0 0
29 3 0
29 -1 -6
29 -5 -5
29 0 -3
29 8 5
29 7 -5
29 1 6
29 -8 8
29 0 0
29 3 0
29 -1 -6
29 -5 -5
29 0 -3
29 8 5
29 7 -5
29 1 6
29 -8 8
29 0 0
29 3 0
29 -1 -6
29 -5 -5
29 0 -3
29 8 5
29 7 -5
29 1 6
29 -8 8
29 0 0
29 3 0
29 -1 -6
29 -5 -5
29 0 -3
29 8 5
29 7 -5
29 1 6
29 -8 8
29 0 0
29 3 0
29 -1 -6
29 -5 -5
29 0 -3
29 8 5
29 7 -5
29 1 6
29 -8 8
29 0 0
29 3 0
29 -1 -6
29 -5 -5
29 0 -3
29 8 5
29 7 -5
29 1 6
29 -8 8
29 0 0
29 3 0
29 -1 -6
29 -5 -5
29 0 -3
29 8 5
29 7 -5
29 1 6
29 -8 8
29 0 0
29 3 0
29 -1 -6
29 -5 -5
29 0 -3
29 8 5
29 7 -5
29 1 6
29 -8 8
29 0 0
29 3 0
29 -1 -6
29 -5 -5
29 0 -3
29 8 5
29 7 -5
29 1 6
29 -8 8
29 0 0
29 3 0
29 -1 -6
29 -5 -5
29 0 -3
29 8 5
29 7 -5
29 1 6
29 -8 8
29 0 0
29 3 0
29 -1 -6
29 -5 -5
29 0 -3
29 8 5
29 7 -5
29 1 6
29 -8 8
29 0 0
29 3 0
29 -1 -6
29 -5 -5
29 0 -3
29 8 5
29 7 -5
29 1 6
29 -8 8
29 0 0
29 3 0
29 -1 -6
29 -5 -5
29 0 -3
29 8 5
29 7 -5
30 1 6
30 -8 8
30 0 0
30 3 0
30 -1 -6
30 -5 -5
30 0 -3
30 8 5
30 7 -5
30 1 6
30 -8 8
30 0 0
30 3 0
30 -1 -6
30 -5 -5
30 0 -3
30 8 5
30 7 -5
30 1 6
30 -8 8
30 0 0
30 3 0
30 -1 -6
30 -5 -5
30 0 -3
30 8 5
30 7 -5
30 1 6
30 -8 8
30 0 0
30 3 0
30 -1 -6
30 -5 -5
30 0 -3
30 8 5
30 7 -5
30 1 6
30 -8 8
30 0 0
30 3 0
30 -1 -6
30 -5 -5
30 0 -3
30 8 5
30 7 -5
30 1 6
30 -8 8
30 0 0
30 3 0
30 -1 -6
30 -5 -5
30 0 -3
30 8 5
30 7 -5
30 1 6
30 -8 8
30 0 0
30 3 0
30 -1 -6
30 -5 -5
30 0 -3
30 8 5
30 7 -5
30 1 6
30 -8 8
30 0 0
30 3 0
30 -1 -6
30 -5 -5
30 0 -3
30 8 5
30 7 -5
30 1 6
30 -8 8
30 0 0
30 3 0
30 -1 -6
30 -5 -5
30 0 -3
30 8 5
30 7 -5
30 1 6
30 -8 8
30 0 0
30 3 0
30 -1 -6
30 -5 -5
30 0 -3
30 8 5
30 7 -5
30 1 6
30 -8 8
30 0 0
30 3 0
30 -1 -6
30 -5 -5
30 0 -3
30 8 5
30 7 -5
30 1 6
30 -8 8
30 0 0
30 3 0
30 -1 -6
30 -5 -5
30 0 -3
30 8 5
30 7 -5
30 1 6
30 -8 8
30 0 0
30 3 0
30 -1 -6
30 -5 -5
30 0 -3
30 8 5
30 7 -5
30 1 6
30 -8 8
30 0 0
30 3 0
30 -1 -6
30 -5 -5
30 0 -3
30 8 5
30 7 -5
30 1 6
30 -8 8
30 0 0
30 3 0
30 -1 -6
30 -5 -5
30 0 -3
30 8 5
30 7 -5
31 1 6
31 -8 8
31 0 0
31 3 0
31 -1 -6
31 -5 -5
31 0 -3
31 8 5
31 7 -5
31 1 6
31 -8 8
31 0 0
31 3 0
31 -1 -6
31 -5 -5
31 0 -3
31 8 5
31 7 -5
31 1 6
31 -8 8
31 0 0
31 3 0
31 -1 -6
31 -5 -5
31 0 -3
31 8 5
31 7 -5
31 1 6
31 -8 8
31 0 0
31 3 0
31 -1 -6
31 -5 -5
31 0 -3
31 8 5
31 7 -5
31 1 6
31 -8 8
31 0 0
31 3 0
31 -1 -6
31 -5 -5
31 0 -3
31 8 5
31 7 -5
31 1 6
31 -8 8
31 0 0
31 3 0
31 -1 -6
31 -5 -5
31 0 -3
31 8 5
31 7 -5
31 1 6
31 -8 8
31 0 0
31 3 0
31 -1 -6
31 -5 -5
31 0 -3
31 8 5
31 7 -5
31 1 6
31 -8 8
31 0 0
31 3 0
31 -1 -6
31 -5 -5
31 0 -3
31 8 5
31 7 -5
31 1 6
31 -8 8
31 0 0
31 3 0
31 -1 -6
31 -5 -5
31 0 -3
31 8 5
31 7 -5
31 1 6
31 -8 8
31 0 0
31 3 0
31 -1 -6
31 -5 -5
31 0 -3
31 8 5
31 7 -5
31 1 6
31 -8 8
31 0 0
31 3 0
31 -1 -6
31 -5 -5
31 0 -3
31 8 5
31 7 -5
31 1 6
31 -8 8
31 0 0
31 3 0
31 -1 -6
31 -5 -5
31 0 -3
31 8 5
31 7 -5
31 1 6
31 -8 8
31 0 0
31 3 0
31 -1 -6
31 -5 -5
31 0 -3
31 8 5
31 7 -5
31 1 6
31 -8 8
31 0 0
31 3 0
31 -1 -6
31 -5 -5
31 0 -3
31 8 5
31 7 -5
31 1 6
31 -8 8
31 0 0
31 3 0
31 -1 -6
31 -5 -5
31 0 -3
31 8 5
31 7 -5
32 1 6
32 -8 8
32 0 0
32 3 0
32 -1 -6
32 -5 -5
32 0 -3
32 8 5
32 7 -5
32 1 6
32 -8 8
32 0 0
32 3 0
32 -1 -6
32 -5 -5
32 0 -3
32 8 5
32 7 -5
32 1 6
32 -8 8
32 0 0
32 3 0
32 -1 -6
32 -5 -5
32 0 -3
32 8 5
32 7 -5
32 1 6
32 -8 8
32 0 0
32 3 0
32 -1 -6
32 -5 -5
32 0 -3
32 8 5
32 7 -5
32 1 6
32 -8 8
32 0 0
32 3 0
32 -1 -6
32 -5 -5
32 0 -3
32 8 5
32 7 -5
32 1 6
32 -8 8
32 0 0
32 3 0
32 -1 -6
32 -5 -5
32 0 -3
32 8 5
32 7 -5
32 1 6
32 -8 8
32 0 0
32 3 0
32 -1 -6
32 -5 -5
32 0 -3
32 8 5
32 7 -5
32 1 6
32 -8 8
32 0 0
32 3 0
32 -1 -6
32 -5 -5
32 0 -3
32 8 5
32 7 -5
32 1 6
32 -8 8
32 0 0
32 3 0
32 -1 -6
32 -5 -5
32 0 -3
32 8 5
32 7 -5
32 1 6
32 -8 8
32 0 0
32 3 0
32 -1 -6
32 -5 -5
32 0 -3
32 8 5
32 7 -5
32 1 6
32 -8 8
32 0 0
32 3 0
32 -1 -6
32 -5 -5
32 0 -3
32 8 5
32 7 -5
32 1 6
32 -8 8
32 0 0
32 3 0
32 -1 -6
32 -5 -5
32 0 -3
32 8 5
32 7 -5
32 1 6
32 -8 8
32 0 0
32 3 0
32 -1 -6
32 -5 -5
32 0 -3
32 8 5
32 7 -5
32 1 6
32 -8 8
32 0 0
32 3 0
32 -1 -6
32 -5 -5
32 0 -3
32 8 5
32 7 -5
32 1 6
32 -8 8
32 0 0
32 3 0
32 -1 -6
32 -5 -5
32 0 -3
32 8 5
32 7 -5
33 1 6
33 -8 8
33 0 0
33 3 0
33 -1 -6
33 -5 -5
33 0 -3
33 8 5
33 7 -5
33 1 6
33 -8 8
33 0 0
33 3 0
33 -1 -6
33 -5 -5
33 0 -3
33 8 5
33 7 -5
33 1 6
33 -8 8
33 0 0
33 3 0
33 -1 -6
33 -5 -5
33 0 -3
33 8 5
33 7 -5
33 1 6
33 -8 8
33 0 0
33 3 0
33 -1 -6
33 -5 -5
33 0 -3
33 8 5
33 7 -5
33 1 6
33 -8 8
33 0 0
33 3 0
33 -1 -6
33 -5 -5
33 0 -3
33 8 5
33 7 -5
33 1 6
33 -8 8
33 0 0
33 3 0
33 -1 -6
33 -5 -5
33 0 -3
33 8 5
33 7 -5
33 1 6
33 -8 8
33 0 0
33 3 0
33 -1 -6
33 -5 -5
33 0 -3
33 8 5
33 7 -5
33 1 6
33 -8 8
33 0 0
33 3 0
33 -1 -6
33 -5 -5
33 0 -3
33 8 5
33 7 -5
33 1 6
33 -8 8
33 0 0
33 3 0
33 -1 -6
33 -5 -5
33 0 -3
33 8 5
33 7 -5
33 1 6
33 -8 8
33 0 0
33 3 0
33 -1 -6
33 -5 -5
33 0 -3
33 8 5
33 7 -5
33 1 6
33 -8 8
33 0 0
33 3 0
33 -1 -6
33 -5 -5
33 0 -3
33 8 5
33 7 -5
33 1 6
33 -8 8
33 0 0
33 3 0
33 -1 -6
33 -5 -5
33 0 -3
33 8 5
33 7 -5
33 1 6
33 -8 8
33 0 0
33 3 0
33 -1 -6
33 -5 -5
33 0 -3
33 8 5
33 7 -5
33 1 6
33 -8 8
33 0 0
33 3 0
33 -1 -6
33 -5 -5
33 0 -3
33 8 5
33 7 -5
33 1 6
33 -8 8
33 0 0
33 3 0
33 -1 -6
33 -5 -5
33 0 -3
33 8 5
33 7 -5
34 1 6
34 -8 8
34 0 0
34 3 0
34 -1 -6
34 -5 -5
34 0 -3
34 8 5
34 7 -5
34 1 6
34 -8 8
34 0 0
34 3 0
34 -1 -6
34 -5 -5
34 0 -3
34 8 5
34 7 -5
34 1 6
34 -8 8
34 0 0
34 3 0
34 -1 -6
34 -5 -5
34 0 -3
34 8 5
34 7 -5
34 1 6
34 -8 8
34 0 0
34 3 0
34 -1 -6
34 -5 -5
34 0 -3
34 8 5
34 7 -5
34 1 6
34 -8 8
34 0 0
34 3 0
34 -1 -6
34 -5 -5
34 0 -3
34 8 5
34 7 -5
34 1 6
34 -8 8
34 0 0
34 3 0
34 -1 -6
34 -5 -5
34 0 -3
34 8 5
34 7 -5
34 1 6
34 -8 8
34 0 0
34 3 0
34 -1 -6
34 -5 -5
34 0 -3
34 8 5
34 7 -5
34 1 6
34 -8 8
34 0 0
34 3 0
34 -1 -6
34 -5 -5
34 0 -3
34 8 5
34 7 -5
34 1 6
34 -8 8
34 0 0
34 3 0
34 -1 -6
34 -5 -5
34 0 -3
34 8 5
34 7 -5
34 1 6
34 -8 8
34 0 0
34 3 0
34 -1 -6
34 -5 -5
34 0 -3
34 8 5
34 7 -5
34 1 6
34 -8 8
34 0 0
34 3 0
34 -1 -6
34 -5 -5
34 0 -3
34 8 5
34 7 -5
34 1 6
34 -8 8
34 0 0
34 3 0
34 -1 -6
34 -5 -5
34 0 -3
34 8 5
34 7 -5
34 1 6
34 -8 8
34 0 0
34 3 0
34 -1 -6
34 -5 -5
34 0 -3
34 8 5
34 7 -5
34 1 6
34 -8 8
34 0 0
34 3 0
34 -1 -6
34 -5 -5
34 0 -3
34 8 5
34 7 -5
34 1 6
34 -8 8
34 0 0
34 3 0
34 -1 -6
34 -5 -5
34 0 -3
34 8 5
34 7 -5
35 1 6
35 -8 8
35 0 0
35 3 0
35 -1 -6
35 -5 -5
35 0 -3
35 8 5
35 7 -5
35 1 6
35 -8 8
35 0 0
35 3 0
35 -1 -6
35 -5 -5
35 0 -3
35 8 5
35 7 -5
35 1 6
35 -8 8
35 0 0
35 3 0
35 -1 -6
35 -5 -5
35 0 -3
35 8 5
35 7 -5
35 1 6
35 -8 8
35 0 0
35 3 0
35 -1 -6
35 -5 -5
35 0 -3
35 8 5
35 7 -5
35 1 6
35 -8 8
35 0 0
35 3 0
35 -1 -6
35 -5 -5
35 0 -3
35 8 5
35 7 -5
35 1 6
35 -8 8
35 0 0
35 3 0
35 -1 -6
35 -5 -5
35 0 -3
35 8 5
35 7 -5
35 1 6
35 -8 8
35 0 0
35 3 0
35 -1 -6
35 -5 -5
35 0 -3
35 8 5
35 7 -5
35 1 6
35 -8 8
35 0 0
35 3 0
35 -1 -6
35 -5 -5
35 0 -3
35 8 5
35 7 -5
35 1 6
35 -8 8
35 0 0
35 3 0
35 -1 -6
35 -5 -5
35 0 -3
35 8 5
35 7 -5
35 1 6
35 -8 8
35 0 0
35 3 0
35 -1 -6
35 -5 -5
35 0 -3
35 8 5
35 7 -5
35 1 6
35 -8 8
35 0 0
35 3 0
35 -1 -6
35 -5 -5
35 0 -3
35 8 5
35 7 -5
35 1 6
35 -8 8
35 0 0
35 3 0
35 -1 -6
35 -5 -5
35 0 -3
35 8 5
35 7 -5
35 1 6
35 -8 8
35 0 0
35 3 0
35 -1 -6
35 -5 -5
35 0 -3
35 8 5
35 7 -5
35 1 6
35 -8 8
35 0 0
35 3 0
35 -1 -6
35 -5 -5
35 0 -3
35 8 5
35 7 -5
35 1 6
35 -8 8
35 0 0
35 3 0
35 -1 -6
35 -5 -5
35 0 -3
35 8 5
35 7 -5
36 1 6
36 -8 8
36 0 0
36 3 0
36 -1 -6
36 -5 -5
36 0 -3
36 8 5
36 7 -5
36 1 6
36 -8 8
36 0 0
36 3 0
36 -1 -6
36 -5 -5
36 0 -3
36 8 5
36 7 -5
36 1 6
36 -8 8
36 0 0
36 3 0
36 -1 -6
36 -5 -5
36 0 -3
36 8 5
36 7 -5
36 1 6
36 -8 8
36 0 0
36 3 0
36 -1 -6
36 -5 -5
36 0 -3
36 8 5
36 7 -5
36 1 6
36 -8 8
36 0 0
36 3 0
36 -1 -6
36 -5 -5
36 0 -3
36 8 5
36 7 -5
36 1 6
36 -8 8
36 0 0
36 3 0
36 -1 -6
36 -5 -5
36 0 -3
36 8 5
36 7 -5
36 1 6
36 -8 8
36 0 0
36 3 0
36 -1 -6
36 -5 -5
36 0 -3
36 8 5
36 7 -5
36 1 6
36 -8 8
36 0 0
36 3 0
36 -1 -6
36 -5 -5
36 0 -3
36 8 5
36 7 -5
36 1 6
36 -8 8
36 0 0
36 3 0
36 -1 -6
36 -5 -5
36 0 -3
36 8 5
36 7 -5
36 1 6
36 -8 8
36 0 0
36 3 0
36 -1 -6
36 -5 -5
36 0 -3
36 8 5
36 7 -5
36 1 6
36 -8 8
36 0 0
36 3 0
36 -1 -6
36 -5 -5
36 0 -3
36 8 5
36 7 -5
36 1 6
36 -8 8
36 0 0
36 3 0
36 -1 -6
36 -5 -5
36 0 -3
36 8 5
36 7 -5
36 1 6
36 -8 8
36 0 0
36 3 0
36 -1 -6
36 -5 -5
36 0 -3
36 8 5
36 7 -5
36 1 6
36 -8 8
36 0 0
36 3 0
36 -1 -6
36 -5 -5
36 0 -3
36 8 5
36 7 -5
36 1 6
36 -8 8
36 0 0
36 3 0
36 -1 -6
36 -5 -5
36 0 -3
36 8 5
36 7 -5
37 1 6
37 -8 8
37 0 0
37 3 0
37 -1 -6
37 -5 -5
37 0 -3
37 8 5
37 7 -5
37 1 6
37 -8 8
37 0 0
37 3 0
37 -1 -6
37 -5 -5
37 0 -3
37 8 5
37 7 -5
37 1 6
37 -8 8
37 0 0
37 3 0
37 -1 -6
37 -5 -5
37 0 -3
37 8 5
37 7 -5
37 1 6
37 -8 8
37 0 0
37 3 0
37 -1 -6
37 -5 -5
37 0 -3
37 8 5
37 7 -5
37 1 6
37 -8 8
37 0 0
37 3 0
37 -1 -6
37 -5 -5
37 0 -3
37 8 5
37 7 -5
37 1 6
37 -8 8
37 0 0
37 3 0
37 -1 -6
37 -5 -5
37 0 -3
37 8 5
37 7 -5
37 1 6
37 -8 8
37 0 0
37 3 0
37 -1 -6
37 -5 -5
37 0 -3
37 8 5
37 7 -5
37 1 6
37 -8 8
37 0 0
37 3 0
37 -1 -6
37 -5 -5
37 0 -3
37 8 5
37 7 -5
37 1 6
37 -8 8
37 0 0
37 3 0
37 -1 -6
37 -5 -5
37 0 -3
37 8 5
37 7 -5
37 1 6
37 -8 8
37 0 0
37 3 0
37 -1 -6
37 -5 -5
37 0 -3
37 8 5
37 7 -5
37 1 6
37 -8 8
37 0 0
37 3 0
37 -1 -6
37 -5 -5
37 0 -3
37 8 5
37 7 -5
37 1 6
37 -8 8
37 0 0
37 3 0
37 -1 -6
37 -5 -5
37 0 -3
37 8 5
37 7 -5
37 1 6
37 -8 8
37 0 0
37 3 0
37 -1 -6
37 -5 -5
37 0 -3
37 8 5
37 7 -5
37 1 6
37 -8 8
37 0 0
37 3 0
37 -1 -6
37 -5 -5
37 0 -3
37 8 5
37 7 -5
37 1 6
37 -8 8
37 0 0
37 3 0
37 -1 -6
37 -5 -5
37 0 -3
37 8 5
37 7 -5
38 1 6
38 -8 8
38 0 0
38 3 0
38 -1 -6
38 -5 -5
38 0 -3
38 8 5
38 7 -5
38 1 6
38 -8 8
38 0 0
38 3 0
38 -1 -6
38 -5 -5
38 0 -3
38 8 5
38 7 -5
38 1 6
38 -8 8
38 0 0
38 3 0
38 -1 -6
38 -5 -5
38 0 -3
38 8 5
38 7 -5
38 1 6
38 -8 8
38 0 0
38 3 0
38 -1 -6
38 -5 -5
38 0 -3
38 8 5
38 7 -5
38 1 6
38 -8 8
38 0 0
38 3 0
38 -1 -6
38 -5 -5
38 0 -3
38 8 5
38 7 -5
38 1 6
38 -8 8
38 0 0
38 3 0
38 -1 -6
38 -5 -5
38 0 -3
38 8 5
38 7 -5
38 1 6
38 -8 8
38 0 0
38 3 0
38 -1 -6
38 -5 -5
38 0 -3
38 8 5
38 7 -5
38 1 6
38 -8 8
38 0 0
38 3 0
38 -1 -6
38 -5 -5
38 0 -3
38 8 5
38 7 -5
38 1 6
38 -8 8
38 0 0
38 3 0
38 -1 -6
38 -5 -5
38 0 -3
38 8 5
38 7 -5
38 1 6
38 -8 8
38 0 0
38 3 0
38 -1 -6
38 -5 -5
38 0 -3
38 8 5
38 7 -5
38 1 6
38 -8 8
38 0 0
38 3 0
38 -1 -6
38 -5 -5
38 0 -3
38 8 5
38 7 -5
38 1 6
38 -8 8
38 0 0
38 3 0
38 -1 -6
38 -5 -5
38 0 -3
38 8 5
38 7 -5
38 1 6
38 -8 8
38 0 0
38 3 0
38 -1 -6
38 -5 -5
38 0 -3
38 8 5
38 7 -5
38 1 6
38 -8 8
38 0 0
38 3 0
38 -1 -6
38 -5 -5
38 0 -3
38 8 5
38 7 -5
38 1 6
38 -8 8
38 0 0
38 3 0
38 -1 -6
38 -5 -5
38 0 -3
38 8 5
38 7 -5
39 1 6
39 -8 8
39 0 0
39 3 0
39 -1 -6
39 -5 -5
39 0 -3
39 8 5
39 7 -5
39 1 6
39 -8 8
39 0 0
39 3 0
39 -1 -6
39 -5 -5
39 0 -3
39 8 5
39 7 -5
39 1 6
39 -8 8
39 0 0
39 3 0
39 -1 -6
39 -5 -5
39 0 -3
39 8 5
39 7 -5
39 1 6
39 -8 8
39 0 0
39 3 0
39 -1 -6
39 -5 -5
39 0 -3
39 8 5
39 7 -5
39 1 6
39 -8 8
39 0 0
39 3 0
39 -1 -6
39 -5 -5
39 0 -3
39 8 5
39 7 -5
39 1 6
39 -8 8
39 0 0
39 3 0
39 -1 -6
39 -5 -5
39 0 -3
39 8 5
39 7 -5
39 1 6
39 -8 8
39 0 0
39 3 0
39 -1 -6
39 -5 -5
39 0 -3
39 8 5
39 7 -5
39 1 6
39 -8 8
39 0 0
39 3 0
39 -1 -6
39 -5 -5
39 0 -3
39 8 5
39 7 -5
39 1 6
39 -8 8
39 0 0
39 3 0
39 -1 -6
39 -5 -5
39 0 -3
39 8 5
39 7 -5
39 1 6
39 -8 8
39 0 0
39 3 0
39 -1 -6
39 -5 -5
39 0 -3
39 8 5
39 7 -5
39 1 6
39 -8 8
39 0 0
39 3 0
39 -1 -6
39 -5 -5
39 0 -3
39 8 5
39 7 -5
39 1 6
39 -8 8
39 0 0
39 3 0
39 -1 -6
39 -5 -5
39 0 -3
39 8 5
39 7 -5
39 1 6
39 -8 8
39 0 0
39 3 0
39 -1 -6
39 -5 -5
39 0 -3
39 8 5
39 7 -5
39 1 6
39 -8 8
39 0 0
39 3 0
39 -1 -6
39 -5 -5
39 0 -3
39 8 5
39 7 -5
39 1 6
39 -8 8
39 0 0
39 3 0
39 -1 -6
39 -5 -5
39 0 -3
39 8 5
39 7 -5
40 1 6
40 -8 8
40 0 0
40 3 0
40 -1 -6
40 -5 -5
40 0 -3
40 8 5
40 7 -5
40 1 6
40 -8 8
40 0 0
40 3 0
40 -1 -6
40 -5 -5
40 0 -3
40 8 5
40 7 -5
40 1 6
40 -8 8
40 0 0
40 3 0
40 -1 -6
40 -5 -5
40 0 -3
40 8 5
40 7 -5
40 1 6
40 -8 8
40 0 0
40 3 0
40 -1 -6
40 -5 -5
40 0 -3
40 8 5
40 7 -5
40 1 6
40 -8 8
40 0 0
40 3 0
40 -1 -6
40 -5 -5
40 0 -3
40 8 5
40 7 -5
40 1 6
40 -8 8
40 0 0
40 3 0
40 -1 -6
40 -5 -5
40 0 -3
40 8 5
40 7 -5
40 1 6
40 -8 8
40 0 0
40 3 0
40 -1 -6
40 -5 -5
40 0 -3
40 8 5
40 7 -5
40 1 6
40 -8 8
40 0 0
40 3 0
40 -1 -6
40 -5 -5
40 0 -3
40 8 5
40 7 -5
40 1 6
40 -8 8
40 0 0
40 3 0
40 -1 -6
40 -5 -5
40 0 -3
40 8 5
40 7 -5
40 1 6
40 -8 8
40 0 0
40 3 0
40 -1 -6
40 -5 -5
40 0 -3
40 8 5
40 7 -5
40 1 6
40 -8 8
40 0 0
40 3 0
40 -1 -6
40 -5 -5
40 0 -3
40 8 5
40 7 -5
40 1 6
40 -8 8
40 0 0
40 3 0
40 -1 -6
40 -5 -5
40 0 -3
40 8 5
40 7 -5
40 1 6
40 -8 8
40 0 0
40 3 0
40 -1 -6
40 -5 -5
40 0 -3
40 8 5
40 7 -5
40 1 6
40 -8 8
40 0 0
40 3 0
40 -1 -6
40 -5 -5
40 0 -3
40 8 5
40 7 -5
40 1 6
40 -8 8
40 0 0
40 3 0
40 -1 -6
40 -5 -5
40 0 -3
40 8 5
40 7 -5
41 1 6
41 -8 8
41 0 0
41 3 0
41 -1 -6
41 -5 -5
41 0 -3
41 8 5
41 7 -5
41 1 6
41 -8 8
41 0 0
41 3 0
41 -1 -6
41 -5 -5
41 0 -3
41 8 5
41 7 -5
41 1 6
41 -8 8
41 0 0
41 3 0
41 -1 -6
41 -5 -5
41 0 -3
41 8 5
41 7 -5
41 1 6
41 -8 8
41 0 0
41 3 0
41 -1 -6
41 -5 -5
41 0 -3
41 8 5
41 7 -5
41 1 6
41 -8 8
41 0 0
41 3 0
41 -1 -6
41 -5 -5
41 0 -3
41 8 5
41 7 -5
41 1 6
41 -8 8
41 0 0
41 3 0
41 -1 -6
41 -5 -5
41 0 -3
41 8 5
41 7 -5
41 1 6
41 -8 8
41 0 0
41 3 0
41 -1 -6
41 -5 -5
41 0 -3
41 8 5
41 7 -5
41 1 6
41 -8 8
41 0 0
41 3 0
41 -1 -6
41 -5 -5
41 0 -3
41 8 5
41 7 -5
41 1 6
41 -8 8
41 0 0
41 3 0
41 -1 -6
41 -5 -5
41 0 -3
41 8 5
41 7 -5
41 1 6
41 -8 8
41 0 0
41 3 0
41 -1 -6
41 -5 -5
41 0 -3
41 8 5
41 7 -5
41 1 6
41 -8 8
41 0 0
41 3 0
41 -1 -6
41 -5 -5
41 0 -3
41 8 5
41 7 -5
41 1 6
41 -8 8
41 0 0
41 3 0
41 -1 -6
41 -5 -5
41 0 -3
41 8 5
41 7 -5
41 1 6
41 -8 8
41 0 0
41 3 0
41 -1 -6
41 -5 -5
41 0 -3
41 8 5
41 7 -5
41 1 6
41 -8 8
41 0 0
41 3 0
41 -1 -6
41 -5 -5
41 0 -3
41 8 5
41 7 -5
41 1 6
41 -8 8
41 0 0
41 3 0
41 -1 -6
41 -5 -5
41 0 -3
41 8 5
41 7 -5
42 1 6
42 -8 8
42 0 0
42 3 0
42 -1 -6
42 -5 -5
42 0 -3
42 8 5
42 7 -5
42 1 6
42 -8 8
42 0 0
42 3 0
42 -1 -6
42 -5 -5
42 0 -3
42 8 5
42 7 -5
42 1 6
42 -8 8
42 0 0
42 3 0
42 -1 -6
42 -5 -5
42 0 -3
42 8 5
42 7 -5
42 1 6
42 -8 8
42 0 0
42 3 0
42 -1 -6
42 -5 -5
42 0 -3
42 8 5
42 7 -5
42 1 6
42 -8 8
42 0 0
42 3 0
42 -1 -6
42 -5 -5
42 0 -3
42 8 5
42 7 -5
42 1 6
42 -8 8
42 0 0
42 3 0
42 -1 -6
42 -5 -5
42 0 -3
42 8 5
42 7 -5
42 1 6
42 -8 8
42 0 0
42 3 0
42 -1 -6
42 -5 -5
42 0 -3
42 8 5
42 7 -5
42 1 6
42 -8 8
42 0 0
42 3 0
42 -1 -6
42 -5 -5
42 0 -3
42 8 5
42 7 -5
42 1 6
42 -8 8
42 0 0
42 3 0
42 -1 -6
42 -5 -5
42 0 -3
42 8 5
42 7 -5
42 1 6
42 -8 8
42 0 0
42 3 0
42 -1 -6
42 -5 -5
42 0 -3
42 8 5
42 7 -5
42 1 6
42 -8 8
42 0 0
42 3 0
42 -1 -6
42 -5 -5
42 0 -3
42 8 5
42 7 -5
42 1 6
42 -8 8
42 0 0
42 3 0
42 -1 -6
42 -5 -5
42 0 -3
42 8 5
42 7 -5
42 1 6
42 -8 8
42 0 0
42 3 0
42 -1 -6
42 -5 -5
42 0 -3
42 8 5
42 7 -5
42 1 6
42 -8 8
42 0 0
42 3 0
42 -1 -6
42 -5 -5
42 0 -3
42 8 5
42 7 -5
42 1 6
42 -8 8
42 0 0
42 3 0
42 -1 -6
42 -5 -5
42 0 -3
42 8 5
42 7 -5
43 1 6
43 -8 8
43 0 0
43 3 0
43 -1 -6
43 -5 -5
43 0 -3
43 8 5
43 7 -5
43 1 6
43 -8 8
43 0 0
43 3 0
43 -1 -6
43 -5 -5
43 0 -3
43 8 5
43 7 -5
43 1 6
43 -8 8
43 0 0
43 3 0
43 -1 -6
43 -5 -5
43 0 -3
43 8 5
43 7 -5
43 1 6
43 -8 8
43 0 0
43 3 0
43 -1 -6
43 -5 -5
43 0 -3
43 8 5
43 7 -5
43 1 6
43 -8 8
43 0 0
43 3 0
43 -1 -6
43 -5 -5
43 0 -3
43 8 5
43 7 -5
43 1 6
43 -8 8
43 0 0
43 3 0
43 -1 -6
43 -5 -5
43 0 -3
43 8 5
43 7 -5
43 1 6
43 -8 8
43 0 0
43 3 0
43 -1 -6
43 -5 -5
43 0 -3
43 8 5
43 7 -5
43 1 6
43 -8 8
43 0 0
43 3 0
43 -1 -6
43 -5 -5
43 0 -3
43 8 5
43 7 -5
43 1 6
43 -8 8
43 0 0
43 3 0
43 -1 -6
43 -5 -5
43 0 -3
43 8 5
43 7 -5
43 1 6
43 -8 8
43 0 0
43 3 0
43 -1 -6
43 -5 -5
43 0 -3
43 8 5
43 7 -5
43 1 6
43 -8 8
43 0 0
43 3 0
43 -1 -6
43 -5 -5
43 0 -3
43 8 5
43 7 -5
43 1 6
43 -8 8
43 0 0
43 3 0
43 -1 -6
43 -5 -5
43 0 -3
43 8 5
43 7 -5
43 1 6
43 -8 8
43 0 0
43 3 0
43 -1 -6
43 -5 -5
43 0 -3
43 8 5
43 7 -5
43 1 6
43 -8 8
43 0 0
43 3 0
43 -1 -6
43 -5 -5
43 0 -3
43 8 5
43 7 -5
43 1 6
43 -8 8
43 0 0
43 3 0
43 -1 -6
43 -5 -5
43 0 -3
43 8 5
43 7 -5
44 1 6
44 -8 8
44 0 0
44 3 0
44 -1 -6
44 -5 -5
44 0 -3
44 8 5
44 7 -5
44 1 6
44 -8 8
44 0 0
44 3 0
44 -1 -6
44 -5 -5
44 0 -3
44 8 5
44 7 -5
44 1 6
44 -8 8
44 0 0
44 3 0
44 -1 -6
44 -5 -5
44 0 -3
44 8 5
44 7 -5
44 1 6
44 -8 8
44 0 0
44 3 0
44 -1 -6
44 -5 -5
44 0 -3
44 8 5
44 7 -5
44 1 6
44 -8 8
44 0 0
44 3 0
44 -1 -6
44 -5 -5
44 0 -3
44 8 5
44 7 -5
44 1 6
44 -8 8
44 0 0
44 3 0
44 -1 -6
44 -5 -5
44 0 -3
44 8 5
44 7 -5
44 1 6
44 -8 8
44 0 0
44 3 0
44 -1 -6
44 -5 -5
44 0 -3
44 8 5
44 7 -5
44 1 6
44 -8 8
44 0 0
44 3 0
44 -1 -6
44 -5 -5
44 0 -3
44 8 5
44 7 -5
44 1 6
44 -8 8
44 0 0
44 3 0
44 -1 -6
44 -5 -5
44 0 -3
44 8 5
44 7 -5
44 1 6
44 -8 8
44 0 0
44 3 0
44 -1 -6
44 -5 -5
44 0 -3
44 8 5
44 7 -5
44 1 6
44 -8 8
44 0 0
44 3 0
44 -1 -6
44 -5 -5
44 0 -3
44 8 5
44 7 -5
44 1 6
44 -8 8
44 0 0
44 3 0
44 -1 -6
44 -5 -5
44 0 -3
44 8 5
44 7 -5
44 1 6
44 -8 8
44 0 0
44 3 0
44 -1 -6
44 -5 -5
44 0 -3
44 8 5
44 7 -5
44 1 6
44 -8 8
44 0 0
44 3 0
44 -1 -6
44 -5 -5
44 0 -3
44 8 5
44 7 -5
44 1 6
44 -8 8
44 0 0
44 3 0
44 -1 -6
44 -5 -5
44 0 -3
44 8 5
44 7 -5
45 1 6
45 -8 8
45 0 0
45 3 0
45 -1 -6
45 -5 -5
45 0 -3
45 8 5
45 7 -5
45 1 6
45 -8 8
45 0 0
45 3 0
45 -1 -6
45 -5 -5
45 0 -3
45 8 5
45 7 -5
45 1 6
45 -8 8
45 0 0
45 3 0
45 -1 -6
45 -5 -5
45 0 -3
45 8 5
45 7 -5
45 1 6
45 -8 8
45 0 0
45 3 0
45 -1 -6
45 -5 -5
45 0 -3
45 8 5
45 7 -5
45 1 6
45 -8 8
45 0 0
45 3 0
45 -1 -6
45 -5 -5
45 0 -3
45 8 5
45 7 -5
45 1 6
45 -8 8
45 0 0
45 3 0
45 -1 -6
45 -5 -5
45 0 -3
45 8 5
45 7 -5
45 1 6
45 -8 8
45 0 0
45 3 0
45 -1 -6
45 -5 -5
45 0 -3
45 8 5
45 7 -5
45 1 6
45 -8 8
45 0 0
45 3 0
45 -1 -6
45 -5 -5
45 0 -3
45 8 5
45 7 -5
45 1 6
45 -8 8
45 0 0
45 3 0
45 -1 -6
45 -5 -5
45 0 -3
45 8 5
45 7 -5
45 1 6
45 -8 8
45 0 0
45 3 0
45 -1 -6
45 -5 -5
45 0 -3
45 8 5
45 7 -5
45 1 6
45 -8 8
45 0 0
45 3 0
45 -1 -6
45 -5 -5
45 0 -3
45 8 5
45 7 -5
45 1 6
45 -8 8
45 0 0
45 3 0
45 -1 -6
45 -5 -5
45 0 -3
45 8 5
45 7 -5
45 1 6
45 -8 8
45 0 0
45 3 0
45 -1 -6
45 -5 -5
45 0 -3
45 8 5
45 7 -5
45 1 6
45 -8 8
45 0 0
45 3 0
45 -1 -6
45 -5 -5
45 0 -3
45 8 5
45 7 -5
45 1 6
45 -8 8
45 0 0
45 3 0
45 -1 -6
45 -5 -5
45 0 -3
45 8 5
45 7 -5
46 1 6
46 -8 8
46 0 0
46 3 0
46 -1 -6
46 -5 -5
46 0 -3
46 8 5
46 7 -5
46 1 6
46 -8 8
46 0 0
46 3 0
46 -1 -6
46 -5 -5
46 0 -3
46 8 5
46 7 -5
46 1 6
46 -8 8
46 0 0
46 3 0
46 -1 -6
46 -5 -5
46 0 -3
46 8 5
46 7 -5
46 1 6
46 -8 8
46 0 0
46 3 0
46 -1 -6
46 -5 -5
46 0 -3
46 8 5
46 7 -5
46 1 6
46 -8 8
46 0 0
46 3 0
46 -1 -6
46 -5 -5
46 0 -3
46 8 5
46 7 -5
46 1 6
46 -8 8
46 0 0
46 3 0
46 -1 -6
46 -5 -5
46 0 -3
46 8 5
46 7 -5
46 1 6
46 -8 8
46 0 0
46 3 0
46 -1 -6
46 -5 -5
46 0 -3
46 8 5
46 7 -5
46 1 6
46 -8 8
46 0 0
46 3 0
46 -1 -6
46 -5 -5
46 0 -3
46 8 5
46 7 -5
46 1 6
46 -8 8
46 0 0
46 3 0
46 -1 -6
46 -5 -5
46 0 -3
46 8 5
46 7 -5
46 1 6
46 -8 8
46 0 0
46 3 0
46 -1 -6
46 -5 -5
46 0 -3
46 8 5
46 7 -5
46 1 6
46 -8 8
46 0 0
46 3 0
46 -1 -6
46 -5 -5
46 0 -3
46 8 5
46 7 -5
46 1 6
46 -8 8
46 0 0
46 3 0
46 -1 -6
46 -5 -5
46 0 -3
46 8 5
46 7 -5
46 1 6
46 -8 8
46 0 0
46 3 0
46 -1 -6
46 -5 -5
46 0 -3
46 8 5
46 7 -5
46 1 6
46 -8 8
46 0 0
46 3 0
46 -1 -6
46 -5 -5
46 0 -3
46 8 5
46 7 -5
46 1 6
46 -8 8
46 0 0
46 3 0
46 -1 -6
46 -5 -5
46 0 -3
46 8 5
46 7 -5
47 1 6
47 -8 8
47 0 0
47 3 0
47 -1 -6
47 -5 -5
47 0 -3
47 8 5
47 7 -5
47 1 6
47 -8 8
47 0 0
47 3 0
47 -1 -6
47 -5 -5
47 0 -3
47 8 5
47 7 -5
47 1 6
47 -8 8
47 0 0
47 3 0
47 -1 -6
47 -5 -5
47 0 -3
47 8 5
47 7 -5
47 1 6
47 -8 8
47 0 0
47 3 0
47 -1 -6
47 -5 -5
47 0 -3
47 8 5
47 7 -5
47 1 6
47 -8 8
47 0 0
47 3 0
47 -1 -6
47 -5 -5
47 0 -3
47 8 5
47 7 -5
47 1 6
47 -8 8
47 0 0
47 3 0
47 -1 -6
47 -5 -5
47 0 -3
47 8 5
47 7 -5
47 1 6
47 -8 8
47 0 0
47 3 0
47 -1 -6
47 -5 -5
47 0 -3
47 8 5
47 7 -5
47 1 6
47 -8 8
47 0 0
47 3 0
47 -1 -6
47 -5 -5
47 0 -3
47 8 5
47 7 -5
47 1 6
47 -8 8
47 0 0
47 3 0
47 -1 -6
47 -5 -5
47 0 -3
47 8 5
47 7 -5
47 1 6
47 -8 8
47 0 0
47 3 0
47 -1 -6
47 -5 -5
47 0 -3
47 8 5
47 7 -5
47 1 6
47 -8 8
47 0 0
47 3 0
47 -1 -6
47 -5 -5
47 0 -3
47 8 5
47 7 -5
47 1 6
47 -8 8
47 0 0
47 3 0
47 -1 -6
47 -5 -5
47 0 -3
47 8 5
47 7 -5
47 1 6
47 -8 8
47 0 0
47 3 0
47 -1 -6
47 -5 -5
47 0 -3
47 8 5
47 7 -5
47 1 6
47 -8 8
47 0 0
47 3 0
47 -1 -6
47 -5 -5
47 0 -3
47 8 5
47 7 -5
47 1 6
47 -8 8
47 0 0
47 3 0
47 -1 -6
47 -5 -5
47 0 -3
47 8 5
47 7 -5
48 1 6
48 -8 8
48 0 0
48 3 0
48 -1 -6
48 -5 -5
48 0 -3
48 8 5
48 7 -5
48 1 6
48 -8 8
48 0 0
48 3 0
48 -1 -6
48 -5 -5
48 0 -3
48 8 5
48 7 -5
48 1 6
48 -8 8
48 0 0
48 3 0
48 -1 -6
48 -5 -5
48 0 -3
48 8 5
48 7 -5
48 1 6
48 -8 8
48 0 0
48 3 0
48 -1 -6
48 -5 -5
48 0 -3
48 8 5
48 7 -5
48 1 6
48 -8 8
48 0 0
48 3 0
48 -1 -6
48 -5 -5
48 0 -3
48 8 5
48 7 -5
48 1 6
48 -8 8
48 0 0
48 3 0
48 -1 -6
48 -5 -5
48 0 -3
48 8 5
48 7 -5
48 1 6
48 -8 8
48 0 0
48 3 0
48 -1 -6
48 -5 -5
48 0 -3
48 8 5
48 7 -5
48 1 6
48 -8 8
48 0 0
48 3 0
48 -1 -6
48 -5 -5
48 0 -3
48 8 5
48 7 -5
48 1 6
48 -8 8
48 0 0
48 3 0
48 -1 -6
48 -5 -5
48 0 -3
48 8 5
48 7 -5
48 1 6
48 -8 8
48 0 0
48 3 0
48 -1 -6
48 -5 -5
48 0 -3
48 8 5
48 7 -5
48 1 6
48 -8 8
48 0 0
48 3 0
48 -1 -6
48 -5 -5
48 0 -3
48 8 5
48 7 -5
48 1 6
48 -8 8
48 0 0
48 3 0
48 -1 -6
48 -5 -5
48 0 -3
48 8 5
48 7 -5
48 1 6
48 -8 8
48 0 0
48 3 0
48 -1 -6
48 -5 -5
48 0 -3
48 8 5
48 7 -5
48 1 6
48 -8 8
48 0 0
48 3 0
48 -1 -6
48 -5 -5
48 0 -3
48 8 5
48 7 -5
48 1 6
48 -8 8
48 0 0
48 3 0
48 -1 -6
48 -5 -5
48 0 -3
48 8 5
48 7 -5
49 1 6
49 -8 8
49 0 0
49 3 0
49 -1 -6
49 -5 -5
49 0 -3
49 8 5
49 7 -5
49 1 6
49 -8 8
49 0 0
49 3 0
49 -1 -6
49 -5 -5
49 0 -3
49 8 5
49 7 -5
49 1 6
49 -8 8
49 0 0
49 3 0
49 -1 -6
49 -5 -5
49 0 -3
49 8 5
49 7 -5
49 1 6
49 -8 8
49 0 0
49 3 0
49 -1 -6
49 -5 -5
49 0 -3
49 8 5
49 7 -5
49 1 6
49 -8 8
49 0 0
49 3 0
49 -1 -6
49 -5 -5
49 0 -3
49 8 5
49 7 -5
49 1 6
49 -8 8
49 0 0
49 3 0
49 -1 -6
49 -5 -5
49 0 -3
49 8 5
49 7 -5
49 1 6
49 -8 8
49 0 0
49 3 0
49 -1 -6
49 -5 -5
49 0 -3
49 8 5
49 7 -5
49 1 6
49 -8 8
49 0 0
49 3 0
49 -1 -6
49 -5 -5
49 0 -3
49 8 5
49 7 -5
49 1 6
49 -8 8
49 0 0
49 3 0
49 -1 -6
49 -5 -5
49 0 -3
49 8 5
49 7 -5
49 1 6
49 -8 8
49 0 0
49 3 0
49 -1 -6
49 -5 -5
49 0 -3
49 8 5
49 7 -5
49 1 6
49 -8 8
49 0 0
49 3 0
49 -1 -6
49 -5 -5
49 0 -3
49 8 5
49 7 -5
49 1 6
49 -8 8
49 0 0
49 3 0
49 -1 -6
49 -5 -5
49 0 -3
49 8 5
49 7 -5
49 1 6
49 -8 8
49 0 0
49 3 0
49 -1 -6
49 -5 -5
49 0 -3
49 8 5
49 7 -5
49 1 6
49 -8 8
49 0 0
49 3 0
49 -1 -6
49 -5 -5
49 0 -3
49 8 5
49 7 -5
49 1 6
49 -8 8
49 0 0
49 3 0
49 -1 -6
49 -5 -5
49 0 -3
49 8 5
49 7 -5
50 1 6
50 -8 8
50 0 0
50 3 0
50 -1 -6
50 -5 -5
50 0 -3
50 8 5
50 7 -5
50 1 6
50 -8 8
50 0 0
50 3 0
50 -1 -6
50 -5 -5
50 0 -3
50 8 5
50 7 -5
50 1 6
50 -8 8
50 0 0
50 3 0
50 -1 -6
50 -5 -5
50 0 -3
50 8 5
50 7 -5
50 1 6
50 -8 8
50 0 0
50 3 0
50 -1 -6
50 -5 -5
50 0 -3
50 8 5
50 7 -5
50 1 6
50 -8 8
50 0 0
50 3 0
50 -1 -6
50 -5 -5
50 0 -3
50 8 5
50 7 -5
50 1 6
50 -8 8
50 0 0
50 3 0
50 -1 -6
50 -5 -5
50 0 -3
50 8 5
50 7 -5
50 1 6
50 -8 8
50 0 0
50 3 0
50 -1 -6
50 -5 -5
50 0 -3
50 8 5
50 7 -5
50 1 6
50 -8 8
50 0 0
50 3 0
50 -1 -6
50 -5 -5
50 0 -3
50 8 5
50 7 -5
50 1 6
50 -8 8
50 0 0
50 3 0
50 -1 -6
50 -5 -5
50 0 -3
50 8 5
50 7 -5
50 1 6
50 -8 8
50 0 0
50 3 0
50 -1 -6
50 -5 -5
50 0 -3
50 8 5
50 7 -5
50 1 6
50 -8 8
50 0 0
50 3 0
50 -1 -6
50 -5 -5
50 0 -3
50 8 5
50 7 -5
50 1 6
50 -8 8
50 0 0
50 3 0
50 -1 -6
50 -5 -5
50 0 -3
50 8 5
50 7 -5
50 1 6
50 -8 8
50 0 0
50 3 0
50 -1 -6
50 -5 -5
50 0 -3
50 8 5
50 7 -5
50 1 6
50 -8 8
50 0 0
50 3 0
50 -1 -6
50 -5 -5
50 0 -3
50 8 5
50 7 -5
50 1 6
50 -8 8
50 0 0
50 3 0
50 -1 -6
50 -5 -5
50 0 -3
50 8 5
50 7 -5
51 1 6
51 -8 8
51 0 0
51 3 0
51 -1 -6
51 -5 -5
51 0 -3
51 8 5
51 7 -5
51 1 6
51 -8 8
51 0 0
51 3 0
51 -1 -6
51 -5 -5
51 0 -3
51 8 5
51 7 -5
51 1 6
51 -8 8
51 0 0
51 3 0
51 -1 -6
51 -5 -5
51 0 -3
51 8 5
51 7 -5
51 1 6
51 -8 8
51 0 0
51 3 0
51 -1 -6
51 -5 -5
51 0 -3
51 8 5
51 7 -5
51 1 6
51 -8 8
51 0 0
51 3 0
51 -1 -6
51 -5 -5
51 0 -3
51 8 5
51 7 -5
51 1 6
51 -8 8
51 0 0
51 3 0
51 -1 -6
51 -5 -5
51 0 -3
51 8 5
51 7 -5
51 1 6
51 -8 8
51 0 0
51 3 0
51 -1 -6
51 -5 -5
51 0 -3
51 8 5
51 7 -5
51 1 6
51 -8 8
51 0 0
51 3 0
51 -1 -6
51 -5 -5
51 0 -3
51 8 5
51 7 -5
51 1 6
51 -8 8
51 0 0
51 3 0
51 -1 -6
51 -5 -5
51 0 -3
51 8 5
51 7 -5
51 1 6
51 -8 8
51 0 0
51 3 0
51 -1 -6
51 -5 -5
51 0 -3
51 8 5
51 7 -5
51 1 6
51 -8 8
51 0 0
51 3 0
51 -1 -6
51 -5 -5
51 0 -3
51 8 5
51 7 -5
51 1 6
51 -8 8
51 0 0
51 3 0
51 -1 -6
51 -5 -5
51 0 -3
51 8 5
51 7 -5
51 1 6
51 -8 8
51 0 0
51 3 0
51 -1 -6
51 -5 -5
51 0 -3
51 8 5
51 7 -5
51 1 6
51 -8 8
51 0 0
51 3 0
51 -1 -6
51 -5 -5
51 0 -3
51 8 5
51 7 -5
51 1 6
51 -8 8
51 0 0
51 3 0
51 -1 -6
51 -5 -5
51 0 -3
51 8 5
51 7 -5
52 1 6
52 -8 8
52 0 0
52 3 0
52 -1 -6
52 -5 -5
52 0 -3
52 8 5
52 7 -5
52 1 6
52 -8 8
52 0 0
52 3 0
52 -1 -6
52 -5 -5
52 0 -3
52 8 5
52 7 -5
52 1 6
52 -8 8
52 0 0
52 3 0
52 -1 -6
52 -5 -5
52 0 -3
52 8 5
52 7 -5
52 1 6
52 -8 8
52 0 0
52 3 0
52 -1 -6
52 -5 -5
52 0 -3
52 8 5
52 7 -5
52 1 6
52 -8 8
52 0 0
52 3 0
52 -1 -6
52 -5 -5
52 0 -3
52 8 5
52 7 -5
52 1 6
52 -8 8
52 0 0
52 3 0
52 -1 -6
52 -5 -5
52 0 -3
52 8 5
52 7 -5
52 1 6
52 -8 8
52 0 0
52 3 0
52 -1 -6
52 -5 -5
52 0 -3
52 8 5
52 7 -5
52 1 6
52 -8 8
52 0 0
52 3 0
52 -1 -6
52 -5 -5
52 0 -3
52 8 5
52 7 -5
52 1 6
52 -8 8
52 0 0
52 3 0
52 -1 -6
52 -5 -5
52 0 -3
52 8 5
52 7 -5
52 1 6
52 -8 8
52 0 0
52 3 0
52 -1 -6
52 -5 -5
52 0 -3
52 8 5
52 7 -5
52 1 6
52 -8 8
52 0 0
52 3 0
52 -1 -6
52 -5 -5
52 0 -3
52 8 5
52 7 -5
52 1 6
52 -8 8
52 0 0
52 3 0
52 -1 -6
52 -5 -5
52 0 -3
52 8 5
52 7 -5
52 1 6
52 -8 8
52 0 0
52 3 0
52 -1 -6
52 -5 -5
52 0 -3
52 8 5
52 7 -5
52 1 6
52 -8 8
52 0 0
52 3 0
52 -1 -6
52 -5 -5
52 0 -3
52 8 5
52 7 -5
52 1 6
52 -8 8
52 0 0
52 3 0
52 -1 -6
52 -5 -5
52 0 -3
52 8 5
52 7 -5
53 1 6
53 -8 8
53 0 0
53 3 0
53 -1 -6
53 -5 -5
53 0 -3
53 8 5
53 7 -5
53 1 6
53 -8 8
53 0 0
53 3 0
53 -1 -6
53 -5 -5
53 0 -3
53 8 5
53 7 -5
53 1 6
53 -8 8
53 0 0
53 3 0
53 -1 -6
53 -5 -5
53 0 -3
53 8 5
53 7 -5
53 1 6
53 -8 8
53 0 0
53 3 0
53 -1 -6
53 -5 -5
53 0 -3
53 8 5
53 7 -5
53 1 6
53 -8 8
53 0 0
53 3 0
53 -1 -6
53 -5 -5
53 0 -3
53 8 5
53 7 -5
53 1 6
53 -8 8
53 0 0
53 3 0
53 -1 -6
53 -5 -5
53 0 -3
53 8 5
53 7 -5
53 1 6
53 -8 8
53 0 0
53 3 0
53 -1 -6
53 -5 -5
53 0 -3
53 8 5
53 7 -5
53 1 6
53 -8 8
53 0 0
53 3 0
53 -1 -6
53 -5 -5
53 0 -3
53 8 5
53 7 -5
53 1 6
53 -8 8
53 0 0
53 3 0
53 -1 -6
53 -5 -5
53 0 -3
53 8 5
53 7 -5
53 1 6
53 -8 8
53 0 0
53 3 0
53 -1 -6
53 -5 -5
53 0 -3
53 8 5
53 7 -5
53 1 6
53 -8 8
53 0 0
53 3 0
53 -1 -6
53 -5 -5
53 0 -3
53 8 5
53 7 -5
53 1 6
53 -8 8
53 0 0
53 3 0
53 -1 -6
53 -5 -5
53 0 -3
53 8 5
53 7 -5
53 1 6
53 -8 8
53 0 0
53 3 0
53 -1 -6
53 -5 -5
53 0 -3
53 8 5
53 7 -5
53 1 6
53 -8 8
53 0 0
53 3 0
53 -1 -6
53 -5 -5
53 0 -3
53 8 5
53 7 -5
53 1 6
53 -8 8
53 0 0
53 3 0
53 -1 -6
53 -5 -5
53 0 -3
53 8 5
53 7 -5
54 1 6
54 -8 8
54 0 0
54 3 0
54 -1 -6
54 -5 -5
54 0 -3
54 8 5
54 7 -5
54 1 6
54 -8 8
54 0 0
54 3 0
54 -1 -6
54 -5 -5
54 0 -3
54 8 5
54 7 -5
54 1 6
54 -8 8
54 0 0
54 3 0
54 -1 -6
54 -5 -5
54 0 -3
54 8 5
54 7 -5
54 1 6
54 -8 8
54 0 0
54 3 0
54 -1 -6
54 -5 -5
54 0 -3
54 8 5
54 7 -5
54 1 6
54 -8 8
54 0 0
54 3 0
54 -1 -6
54 -5 -5
54 0 -3
54 8 5
54 7 -5
54 1 6
54 -8 8
54 0 0
54 3 0
54 -1 -6
54 -5 -5
54 0 -3
54 8 5
54 7 -5
54 1 6
54 -8 8
54 0 0
54 3 0
54 -1 -6
54 -5 -5
54 0 -3
54 8 5
54 7 -5
54 1 6
54 -8 8
54 0 0
54 3 0
54 -1 -6
54 -5 -5
54 0 -3
54 8 5
54 7 -5
54 1 6
54 -8 8
54 0 0
54 3 0
54 -1 -6
54 -5 -5
54 0 -3
54 8 5
54 7 -5
54 1 6
54 -8 8
54 0 0
54 3 0
54 -1 -6
54 -5 -5
54 0 -3
54 8 5
54 7 -5
54 1 6
54 -8 8
54 0 0
54 3 0
54 -1 -6
54 -5 -5
54 0 -3
54 8 5
54 7 -5
54 1 6
54 -8 8
54 0 0
54 3 0
54 -1 -6
54 -5 -5
54 0 -3
54 8 5
54 7 -5
54 1 6
54 -8 8
54 0 0
54 3 0
54 -1 -6
54 -5 -5
54 0 -3
54 8 5
54 7 -5
54 1 6
54 -8 8
54 0 0
54 3 0
54 -1 -6
54 -5 -5
54 0 -3
54 8 5
54 7 -5
54 1 6
54 -8 8
54 0 0
54 3 0
54 -1 -6
54 -5 -5
54 0 -3
54 8 5
54 7 -5
55 1 6
55 -8 8
55 0 0
55 3 0
55 -1 -6
55 -5 -5
55 0 -3
55 8 5
55 7 -5
55 1 6
55 -8 8
55 0 0
55 3 0
55 -1 -6
55 -5 -5
55 0 -3
55 8 5
55 7 -5
55 1 6
55 -8 8
55 0 0
55 3 0
55 -1 -6
55 -5 -5
55 0 -3
55 8 5
55 7 -5
55 1 6
55 -8 8
55 0 0
55 3 0
55 -1 -6
55 -5 -5
55 0 -3
55 8 5
55 7 -5
55 1 6
55 -8 8
55 0 0
55 3 0
55 -1 -6
55 -5 -5
55 0 -3
55 8 5
55 7 -5
55 1 6
55 -8 8
55 0 0
55 3 0
55 -1 -6
55 -5 -5
55 0 -3
55 8 5
55 7 -5
55 1 6
55 -8 8
55 0 0
55 3 0
55 -1 -6
55 -5 -5
55 0 -3
55 8 5
55 7 -5
55 1 6
55 -8 8
55 0 0
55 3 0
55 -1 -6
55 -5 -5
55 0 -3
55 8 5
55 7 -5
55 1 6
55 -8 8
55 0 0
55 3 0
55 -1 -6
55 -5 -5
55 0 -3
55 8 5
55 7 -5
55 1 6
55 -8 8
55 0 0
55 3 0
55 -1 -6
55 -5 -5
55 0 -3
55 8 5
55 7 -5
55 1 6
55 -8 8
55 0 0
55 3 0
55 -1 -6
55 -5 -5
55 0 -3
55 8 5
55 7 -5
55 1 6
55 -8 8
55 0 0
55 3 0
55 -1 -6
55 -5 -5
55 0 -3
55 8 5
55 7 -5
55 1 6
55 -8 8
55 0 0
55 3 0
55 -1 -6
55 -5 -5
55 0 -3
55 8 5
55 7 -5
55 1 6
55 -8 8
55 0 0
55 3 0
55 -1 -6
55 -5 -5
55 0 -3
55 8 5
55 7 -5
55 1 6
55 -8 8
55 0 0
55 3 0
55 -1 -6
55 -5 -5
55 0 -3
55 8 5
55 7 -5
56 1 6
56 -8 8
56 0 0
56 3 0
56 -1 -6
56 -5 -5
56 0 -3
56 8 5
56 7 -5
56 1 6
56 -8 8
56 0 0
56 3 0
56 -1 -6
56 -5 -5
56 0 -3
56 8 5
56 7 -5
56 1 6
56 -8 8
56 0 0
56 3 0
56 -1 -6
56 -5 -5
56 0 -3
56 8 5
56 7 -5
56 1 6
56 -8 8
56 0 0
56 3 0
56 -1 -6
56 -5 -5
56 0 -3
56 8 5
56 7 -5
56 1 6
56 -8 8
56 0 0
56 3 0
56 -1 -6
56 -5 -5
56 0 -3
56 8 5
56 7 -5
56 1 6
56 -8 8
56 0 0
56 3 0
56 -1 -6
56 -5 -5
56 0 -3
56 8 5
56 7 -5
56 1 6
56 -8 8
56 0 0
56 3 0
56 -1 -6
56 -5 -5
56 0 -3
56 8 5
56 7 -5
56 1 6
56 -8 8
56 0 0
56 3 0
56 -1 -6
56 -5 -5
56 0 -3
56 8 5
56 7 -5
56 1 6
56 -8 8
56 0 0
56 3 0
56 -1 -6
56 -5 -5
56 0 -3
56 8 5
56 7 -5
56 1 6
56 -8 8
56 0 0
56 3 0
56 -1 -6
56 -5 -5
56 0 -3
56 8 5
56 7 -5
56 1 6
56 -8 8
56 0 0
56 3 0
56 -1 -6
56 -5 -5
56 0 -3
56 8 5
56 7 -5
56 1 6
56 -8 8
56 0 0
56 3 0
56 -1 -6
56 -5 -5
56 0 -3
56 8 5
56 7 -5
56 1 6
56 -8 8
56 0 0
56 3 0
56 -1 -6
56 -5 -5
56 0 -3
56 8 5
56 7 -5
56 1 6
56 -8 8
56 0 0
56 3 0
56 -1 -6
56 -5 -5
56 0 -3
56 8 5
56 7 -5
56 1 6
56 -8 8
56 0 0
56 3 0
56 -1 -6
56 -5 -5
56 0 -3
56 8 5
56 7 -5
57 1 6
57 -8 8
57 0 0
57 3 0
57 -1 -6
57 -5 -5
57 0 -3
57 8 5
57 7 -5
57 1 6
57 -8 8
57 0 0
57 3 0
57 -1 -6
57 -5 -5
57 0 -3
57 8 5
57 7 -5
57 1 6
57 -8 8
57 0 0
57 3 0
57 -1 -6
57 -5 -5
57 0 -3
57 8 5
57 7 -5
57 1 6
57 -8 8
57 0 0
57 3 0
57 -1 -6
57 -5 -5
57 0 -3
57 8 5
57 7 -5
57 1 6
57 -8 8
57 0 0
57 3 0
57 -1 -6
57 -5 -5
57 0 -3
57 8 5
57 7 -5
57 1 6
57 -8 8
57 0 0
57 3 0
57 -1 -6
57 -5 -5
57 0 -3
57 8 5
57 7 -5
57 1 6
57 -8 8
57 0 0
57 3 0
57 -1 -6
57 -5 -5
57 0 -3
57 8 5
57 7 -5
57 1 6
57 -8 8
57 0 0
57 3 0
57 -1 -6
57 -5 -5
57 0 -3
57 8 5
57 7 -5
57 1 6
57 -8 8
57 0 0
57 3 0
57 -1 -6
57 -5 -5
57 0 -3
57 8 5
57 7 -5
57 1 6
57 -8 8
57 0 0
57 3 0
57 -1 -6
57 -5 -5
57 0 -3
57 8 5
57 7 -5
57 1 6
57 -8 8
57 0 0
57 3 0
57 -1 -6
57 -5 -5
57 0 -3
57 8 5
57 7 -5
57 1 6
57 -8 8
57 0 0
57 3 0
57 -1 -6
57 -5 -5
57 0 -3
57 8 5
57 7 -5
57 1 6
57 -8 8
57 0 0
57 3 0
57 -1 -6
57 -5 -5
57 0 -3
57 8 5
57 7 -5
57 1 6
57 -8 8
57 0 0
57 3 0
57 -1 -6
57 -5 -5
57 0 -3
57 8 5
57 7 -5
57 1 6
57 -8 8
57 0 0
57 3 0
57 -1 -6
57 -5 -5
57 0 -3
57 8 5
57 7 -5
58 1 6
58 -8 8
58 0 0
58 3 0
58 -1 -6
58 -5 -5
58 0 -3
58 8 5
58 7 -5
58 1 6
58 -8 8
58 0 0
58 3 0
58 -1 -6
58 -5 -5
58 0 -3
58 8 5
58 7 -5
58 1 6
58 -8 8
58 0 0
58 3 0
58 -1 -6
58 -5 -5
58 0 -3
58 8 5
58 7 -5
58 1 6
58 -8 8
58 0 0
58 3 0
58 -1 -6
58 -5 -5
58 0 -3
58 8 5
58 7 -5
58 1 6
58 -8 8
58 0 0
58 3 0
58 -1 -6
58 -5 -5
58 0 -3
58 8 5
58 7 -5
58 1 6
58 -8 8
58 0 0
58 3 0
58 -1 -6
58 -5 -5
58 0 -3
58 8 5
58 7 -5
58 1 6
58 -8 8
58 0 0
58 3 0
58 -1 -6
58 -5 -5
58 0 -3
58 8 5
58 7 -5
58 1 6
58 -8 8
58 0 0
58 3 0
58 -1 -6
58 -5 -5
58 0 -3
58 8 5
58 7 -5
58 1 6
58 -8 8
58 0 0
58 3 0
58 -1 -6
58 -5 -5
58 0 -3
58 8 5
58 7 -5
58 1 6
58 -8 8
58 0 0
58 3 0
58 -1 -6
58 -5 -5
58 0 -3
58 8 5
58 7 -5
58 1 6
58 -8 8
58 0 0
58 3 0
58 -1 -6
58 -5 -5
58 0 -3
58 8 5
58 7 -5
58 1 6
58 -8 8
58 0 0
58 3 0
58 -1 -6
58 -5 -5
58 0 -3
58 8 5
58 7 -5
58 1 6
58 -8 8
58 0 0
58 3 0
58 -1 -6
58 -5 -5
58 0 -3
58 8 5
58 7 -5
58 1 6
58 -8 8
58 0 0
58 3 0
58 -1 -6
58 -5 -5
58 0 -3
58 8 5
58 7 -5
58 1 6
58 -8 8
58 0 0
58 3 0
58 -1 -6
58 -5 -5
58 0 -3
58 8 5
58 7 -5
59 1 6
59 -8 8
59 0 0
59 3 0
59 -1 -6
59 -5 -5
59 0 -3
59 8 5
59 7 -5
59 1 6
59 -8 8
59 0 0
59 3 0
59 -1 -6
59 -5 -5
59 0 -3
59 8 5
59 7 -5
59 1 6
59 -8 8
59 0 0
59 3 0
59 -1 -6
59 -5 -5
59 0 -3
59 8 5
59 7 -5
59 1 6
59 -8 8
59 0 0
59 3 0
59 -1 -6
59 -5 -5
59 0 -3
59 8 5
59 7 -5
59 1 6
59 -8 8
59 0 0
59 3 0
59 -1 -6
59 -5 -5
59 0 -3
59 8 5
59 7 -5
59 1 6
59 -8 8
59 0 0
59 3 0
59 -1 -6
59 -5 -5
59 0 -3
59 8 5
59 7 -5
59 1 6
59 -8 8
59 0 0
59 3 0
59 -1 -6
59 -5 -5
59 0 -3
59 8 5
59 7 -5
59 1 6
59 -8 8
59 0 0
59 3 0
59 -1 -6
59 -5 -5
59 0 -3
59 8 5
59 7 -5
59 1 6
59 -8 8
59 0 0
59 3 0
59 -1 -6
59 -5 -5
59 0 -3
59 8 5
59 7 -5
59 1 6
59 -8 8
59 0 0
59 3 0
59 -1 -6
59 -5 -5
59 0 -3
59 8 5
59 7 -5
59 1 6
59 -8 8
59 0 0
59 3 0
59 -1 -6
59 -5 -5
59 0 -3
59 8 5
59 7 -5
59 1 6
59 -8 8
59 0 0
59 3 0
59 -1 -6
59 -5 -5
59 0 -3
59 8 5
59 7 -5
59 1 6
59 -8 8
59 0 0
59 3 0
59 -1 -6
59 -5 -5
59 0 -3
59 8 5
59 7 -5
59 1 6
59 -8 8
59 0 0
59 3 0
59 -1 -6
59 -5 -5
59 0 -3
59 8 5
59 7 -5
59 1 6
59 -8 8
59 0 0
59 3 0
59 -1 -6
59 -5 -5
59 0 -3
59 8 5
59 7 -5
60 1 6
60 -8 8
60 0 0
60 3 0
60 -1 -6
60 -5 -5
60 0 -3
60 8 5
60 7 -5
60 1 6
60 -8 8
60 0 0
60 3 0
60 -1 -6
60 -5 -5
60 0 -3
60 8 5
60 7 -5
60 1 6
60 -8 8
60 0 0
60 3 0
60 -1 -6
60 -5 -5
60 0 -3
60 8 5
60 7 -5
60 1 6
60 -8 8
60 0 0
60 3 0
60 -1 -6
60 -5 -5
60 0 -3
60 8 5
60 7 -5
60 1 6
60 -8 8
60 0 0
60 3 0
60 -1 -6
60 -5 -5
60 0 -3
60 8 5
60 7 -5
60 1 6
60 -8 8
60 0 0
60 3 0
60 -1 -6
60 -5 -5
60 0 -3
60 8 5
60 7 -5
60 1 6
60 -8 8
60 0 0
60 3 0
60 -1 -6
60 -5 -5
60 0 -3
60 8 5
60 7 -5
60 1 6
60 -8 8
60 0 0
60 3 0
60 -1 -6
60 -5 -5
60 0 -3
60 8 5
60 7 -5
60 1 6
60 -8 8
60 0 0
60 3 0
60 -1 -6
60 -5 -5
60 0 -3
60 8 5
60 7 -5
60 1 6
60 -8 8
60 0 0
60 3 0
60 -1 -6
60 -5 -5
60 0 -3
60 8 5
60 7 -5
60 1 6
60 -8 8
60 0 0
60 3 0
60 -1 -6
60 -5 -5
60 0 -3
60 8 5
60 7 -5
60 1 6
60 -8 8
60 0 0
60 3 0
60 -1 -6
60 -5 -5
60 0 -3
60 8 5
60 7 -5
60 1 6
60 -8 8
60 0 0
60 3 0
60 -1 -6
60 -5 -5
60 0 -3
60 8 5
60 7 -5
60 1 6
60 -8 8
60 0 0
60 3 0
60 -1 -6
60 -5 -5
60 0 -3
60 8 5
60 7 -5
60 1 6
60 -8 8
60 0 0
60 3 0
60 -1 -6
60 -5 -5
60 0 -3
60 8 5
60 7 -5
61 1 6
61 -8 8
61 0 0
61 3 0
61 -1 -6
61 -5 -5
61 0 -3
61 8 5
61 7 -5
61 1 6
61 -8 8
61 0 0
61 3 0
61 -1 -6
61 -5 -5
61 0 -3
61 8 5
61 7 -5
61 1 6
61 -8 8
61 0 0
61 3 0
61 -1 -6
61 -5 -5
61 0 -3
61 8 5
61 7 -5
61 1 6
61 -8 8
61 0 0
61 3 0
61 -1 -6
61 -5 -5
61 0 -3
61 8 5
61 7 -5
61 1 6
61 -8 8
61 0 0
61 3 0
61 -1 -6
61 -5 -5
61 0 -3
61 8 5
61 7 -5
61 1 6
61 -8 8
61 0 0
61 3 0
61 -1 -6
61 -5 -5
61 0 -3
61 8 5
61 7 -5
61 1 6
61 -8 8
61 0 0
61 3 0
61 -1 -6
61 -5 -5
61 0 -3
61 8 5
61 7 -5
61 1 6
61 -8 8
61 0 0
61 3 0
61 -1 -6
61 -5 -5
61 0 -3
61 8 5
61 7 -5
61 1 6
61 -8 8
61 0 0
61 3 0
61 -1 -6
61 -5 -5
61 0 -3
61 8 5
61 7 -5
61 1 6
61 -8 8
61 0 0
61 3 0
61 -1 -6
61 -5 -5
61 0 -3
61 8 5
61 7 -5
61 1 6
61 -8 8
61 0 0
61 3 0
61 -1 -6
61 -5 -5
61 0 -3
61 8 5
61 7 -5
61 1 6
61 -8 8
61 0 0
61 3 0
61 -1 -6
61 -5 -5
61 0 -3
61 8 5
61 7 -5
61 1 6
61 -8 8
61 0 0
61 3 0
61 -1 -6
61 -5 -5
61 0 -3
61 8 5
61 7 -5
61 1 6
61 -8 8
61 0 0
61 3 0
61 -1 -6
61 -5 -5
61 0 -3
61 8 5
61 7 -5
61 1 6
61 -8 8
61 0 0
61 3 0
61 -1 -6
61 -5 -5
61 0 -3
61 8 5
61 7 -5
62 1 6
62 -8 8
62 0 0
62 3 0
62 -1 -6
62 -5 -5
62 0 -3
62 8 5
62 7 -5
62 1 6
62 -8 8
62 0 0
62 3 0
62 -1 -6
62 -5 -5
62 0 -3
62 8 5
62 7 -5
62 1 6
62 -8 8
62 0 0
62 3 0
62 -1 -6
62 -5 -5
62 0 -3
62 8 5
62 7 -5
62 1 6
62 -8 8
62 0 0
62 3 0
62 -1 -6
62 -5 -5
62 0 -3
62 8 5
62 7 -5
62 1 6
62 -8 8
62 0 0
62 3 0
62 -1 -6
62 -5 -5
62 0 -3
62 8 5
62 7 -5
62 1 6
62 -8 8
62 0 0
62 3 0
62 -1 -6
62 -5 -5
62 0 -3
62 8 5
62 7 -5
62 1 6
62 -8 8
62 0 0
62 3 0
62 -1 -6
62 -5 -5
62 0 -3
62 8 5
62 7 -5
62 1 6
62 -8 8
62 0 0
62 3 0
62 -1 -6
62 -5 -5
62 0 -3
62 8 5
62 7 -5
62 1 6
62 -8 8
62 0 0
62 3 0
62 -1 -6
62 -5 -5
62 0 -3
62 8 5
62 7 -5
62 1 6
62 -8 8
62 0 0
62 3 0
62 -1 -6
62 -5 -5
62 0 -3
62 8 5
62 7 -5
62 1 6
62 -8 8
62 0 0
62 3 0
62 -1 -6
62 -5 -5
62 0 -3
62 8 5
62 7 -5
62 1 6
62 -8 8
62 0 0
62 3 0
62 -1 -6
62 -5 -5
62 0 -3
62 8 5
62 7 -5
62 1 6
62 -8 8
62 0 0
62 3 0
62 -1 -6
62 -5 -5
62 0 -3
62 8 5
62 7 -5
62 1 6
62 -8 8
62 0 0
62 3 0
62 -1 -6
62 -5 -5
62 0 -3
62 8 5
62 7 -5
62 1 6
62 -8 8
62 0 0
62 3 0
62 -1 -6
62 -5 -5
62 0 -3
62 8 5
62 7 -5
63 1 6
63 -8 8
63 0 0
63 3 0
63 -1 -6
63 -5 -5
63 0 -3
63 8 5
63 7 -5
63 1 6
63 -8 8
63 0 0
63 3 0
63 -1 -6
63 -5 -5
63 0 -3
63 8 5
63 7 -5
63 1 6
63 -8 8
63 0 0
63 3 0
63 -1 -6
63 -5 -5
63 0 -3
63 8 5
63 7 -5
63 1 6
63 -8 8
63 0 0
63 3 0
63 -1 -6
63 -5 -5
63 0 -3
63 8 5
63 7 -5
63 1 6
63 -8 8
63 0 0
63 3 0
63 -1 -6
63 -5 -5
63 0 -3
63 8 5
63 7 -5
63 1 6
63 -8 8
63 0 0
63 3 0
63 -1 -6
63 -5 -5
63 0 -3
63 8 5
63 7 -5
63 1 6
63 -8 8
63 0 0
63 3 0
63 -1 -6
63 -5 -5
63 0 -3
63 8 5
63 7 -5
63 1 6
63 -8 8
63 0 0
63 3 0
63 -1 -6
63 -5 -5
63 0 -3
63 8 5
63 7 -5
63 1 6
63 -8 8
63 0 0
63 3 0
63 -1 -6
63 -5 -5
63 0 -3
63 8 5
63 7 -5
63 1 6
63 -8 8
63 0 0
63 3 0
63 -1 -6
63 -5 -5
63 0 -3
63 8 5
63 7 -5
63 1 6
63 -8 8
63 0 0
63 3 0
63 -1 -6
63 -5 -5
63 0 -3
63 8 5
63 7 -5
63 1 6
63 -8 8
63 0 0
63 3 0
63 -1 -6
63 -5 -5
63 0 -3
63 8 5
63 7 -5
63 1 6
63 -8 8
63 0 0
63 3 0
63 -1 -6
63 -5 -5
63 0 -3
63 8 5
63 7 -5
63 1 6
63 -8 8
63 0 0
63 3 0
63 -1 -6
63 -5 -5
63 0 -3
63 8 5
63 7 -5
63 1 6
63 -8 8
63 0 0
63 3 0
63 -1 -6
63 -5 -5
63 0 -3
63 8 5
63 7 -5
64 1 6
64 -8 8
64 0 0
64 3 0
64 -1 -6
64 -5 -5
64 0 -3
64 8 5
64 7 -5
64 1 6
64 -8 8
64 0 0
64 3 0
64 -1 -6
64 -5 -5
64 0 -3
64 8 5
64 7 -5
64 1 6
64 -8 8
64 0 0
64 3 0
64 -1 -6
64 -5 -5
64 0 -3
64 8 5
64 7 -5
64 1 6
64 -8 8
64 0 0
64 3 0
64 -1 -6
64 -5 -5
64 0 -3
64 8 5
64 7 -5
64 1 6
64 -8 8
64 0 0
64 3 0
64 -1 -6
64 -5 -5
64 0 -3
64 8 5
64 7 -5
64 1 6
64 -8 8
64 0 0
64 3 0
64 -1 -6
64 -5 -5
64 0 -3
64 8 5
64 7 -5
64 1 6
64 -8 8
64 0 0
64 3 0
64 -1 -6
64 -5 -5
64 0 -3
64 8 5
64 7 -5
64 1 6
64 -8 8
64 0 0
64 3 0
64 -1 -6
64 -5 -5
64 0 -3
64 8 5
64 7 -5
64 1 6
64 -8 8
64 0 0
64 3 0
64 -1 -6
64 -5 -5
64 0 -3
64 8 5
64 7 -5
64 1 6
64 -8 8
64 0 0
64 3 0
64 -1 -6
64 -5 -5
64 0 -3
64 8 5
64 7 -5
64 1 6
64 -8 8
64 0 0
64 3 0
64 -1 -6
64 -5 -5
64 0 -3
64 8 5
64 7 -5
64 1 6
64 -8 8
64 0 0
64 3 0
64 -1 -6
64 -5 -5
64 0 -3
64 8 5
64 7 -5
64 1 6
64 -8 8
64 0 0
64 3 0
64 -1 -6
64 -5 -5
64 0 -3
64 8 5
64 7 -5
64 1 6
64 -8 8
64 0 0
64 3 0
64 -1 -6
64 -5 -5
64 0 -3
64 8 5
64 7 -5
64 1 6
64 -8 8
64 0 0
64 3 0
64 -1 -6
64 -5 -5
64 0 -3
64 8 5
64 7 -5
65 1 6
65 -8 8
65 0 0
65 3 0
65 -1 -6
65 -5 -5
65 0 -3
65 8 5
65 7 -5
65 1 6
65 -8 8
65 0 0
65 3 0
65 -1 -6
65 -5 -5
65 0 -3
65 8 5
65 7 -5
65 1 6
65 -8 8
65 0 0
65 3 0
65 -1 -6
65 -5 -5
65 0 -3
65 8 5
65 7 -5
65 1 6
65 -8 8
65 0 0
65 3 0
65 -1 -6
65 -5 -5
65 0 -3
65 8 5
65 7 -5
65 1 6
65 -8 8
65 0 0
65 3 0
65 -1 -6
65 -5 -5
65 0 -3
65 8 5
65 7 -5
65 1 6
65 -8 8
65 0 0
65 3 0
65 -1 -6
65 -5 -5
65 0 -3
65 8 5
65 7 -5
65 1 6
65 -8 8
65 0 0
65 3 0
65 -1 -6
65 -5 -5
65 0 -3
65 8 5
65 7 -5
65 1 6
65 -8 8
65 0 0
65 3 0
65 -1 -6
65 -5 -5
65 0 -3
65 8 5
65 7 -5
65 1 6
65 -8 8
65 0 0
65 3 0
65 -1 -6
65 -5 -5
65 0 -3
65 8 5
65 7 -5
65 1 6
65 -8 8
65 0 0
65 3 0
65 -1 -6
65 -5 -5
65 0 -3
65 8 5
65 7 -5
65 1 6
65 -8 8
65 0 0
65 3 0
65 -1 -6
65 -5 -5
65 0 -3
65 8 5
65 7 -5
65 1 6
65 -8 8
65 0 0
65 3 0
65 -1 -6
65 -5 -5
65 0 -3
65 8 5
65 7 -5
65 1 6
65 -8 8
65 0 0
65 3 0
65 -1 -6
65 -5 -5
65 0 -3
65 8 5
65 7 -5
65 1 6
65 -8 8
65 0 0
65 3 0
65 -1 -6
65 -5 -5
65 0 -3
65 8 5
65 7 -5
65 1 6
65 -8 8
65 0 0
65 3 0
65 -1 -6
65 -5 -5
65 0 -3
65 8 5
65 7 -5
66 1 6
66 -8 8
66 0 0
66 3 0
66 -1 -6
66 -5 -5
66 0 -3
66 8 5
66 7 -5
66 1 6
66 -8 8
66 0 0
66 3 0
66 -1 -6
66 -5 -5
66 0 -3
66 8 5
66 7 -5
66 1 6
66 -8 8
66 0 0
66 3 0
66 -1 -6
66 -5 -5
66 0 -3
66 8 5
66 7 -5
66 1 6
66 -8 8
66 0 0
66 3 0
66 -1 -6
66 -5 -5
66 0 -3
66 8 5
66 7 -5
66 1 6
66 -8 8
66 0 0
66 3 0
66 -1 -6
66 -5 -5
66 0 -3
66 8 5
66 7 -5
66 1 6
66 -8 8
66 0 0
66 3 0
66 -1 -6
66 -5 -5
66 0 -3
66 8 5
66 7 -5
66 1 6
66 -8 8
66 0 0
66 3 0
66 -1 -6
66 -5 -5
66 0 -3
66 8 5
66 7 -5
66 1 6
66 -8 8
66 0 0
66 3 0
66 -1 -6
66 -5 -5
66 0 -3
66 8 5
66 7 -5
66 1 6
66 -8 8
66 0 0
66 3 0
66 -1 -6
66 -5 -5
66 0 -3
66 8 5
66 7 -5
66 1 6
66 -8 8
66 0 0
66 3 0
66 -1 -6
66 -5 -5
66 0 -3
66 8 5
66 7 -5
66 1 6
66 -8 8
66 0 0
66 3 0
66 -1 -6
66 -5 -5
66 0 -3
66 8 5
66 7 -5
66 1 6
66 -8 8
66 0 0
66 3 0
66 -1 -6
66 -5 -5
66 0 -3
66 8 5
66 7 -5
66 1 6
66 -8 8
66 0 0
66 3 0
66 -1 -6
66 -5 -5
66 0 -3
66 8 5
66 7 -5
66 1 6
66 -8 8
66 0 0
66 3 0
66 -1 -6
66 -5 -5
66 0 -3
66 8 5
66 7 -5
66 1 6
66 -8 8
66 0 0
66 3 0
66 -1 -6
66 -5 -5
66 0 -3
66 8 5
66 7 -5
67 1 6
67 -8 8
67 0 0
67 3 0
67 -1 -6
67 -5 -5
67 0 -3
67 8 5
67 7 -5
67 1 6
67 -8 8
67 0 0
67 3 0
67 -1 -6
67 -5 -5
67 0 -3
67 8 5
67 7 -5
67 1 6
67 -8 8
67 0 0
67 3 0
67 -1 -6
67 -5 -5
67 0 -3
67 8 5
67 7 -5
67 1 6
67 -8 8
67 0 0
67 3 0
67 -1 -6
67 -5 -5
67 0 -3
67 8 5
67 7 -5
67 1 6
67 -8 8
67 0 0
67 3 0
67 -1 -6
67 -5 -5
67 0 -3
67 8 5
67 7 -5
67 1 6
67 -8 8
67 0 0
67 3 0
67 -1 -6
67 -5 -5
67 0 -3
67 8 5
67 7 -5
67 1 6
67 -8 8
67 0 0
67 3 0
67 -1 -6
67 -5 -5
67 0 -3
67 8 5
67 7 -5
67 1 6
67 -8 8
67 0 0
67 3 0
67 -1 -6
67 -5 -5
67 0 -3
67 8 5
67 7 -5
67 1 6
67 -8 8
67 0 0
67 3 0
67 -1 -6
67 -5 -5
67 0 -3
67 8 5
67 7 -5
67 1 6
67 -8 8
67 0 0
67 3 0
67 -1 -6
67 -5 -5
67 0 -3
67 8 5
67 7 -5
67 1 6
67 -8 8
67 0 0
67 3 0
67 -1 -6
67 -5 -5
67 0 -3
67 8 5
67 7 -5
67 1 6
67 -8 8
67 0 0
67 3 0
67 -1 -6
67 -5 -5
67 0 -3
67 8 5
67 7 -5
67 1 6
67 -8 8
67 0 0
67 3 0
67 -1 -6
67 -5 -5
67 0 -3
67 8 5
67 7 -5
67 1 6
67 -8 8
67 0 0
67 3 0
67 -1 -6
67 -5 -5
67 0 -3
67 8 5
67 7 -5
67 1 6
67 -8 8
67 0 0
67 3 0
67 -1 -6
67 -5 -5
67 0 -3
67 8 5
67 7 -5
68 1 6
68 -8 8
68 0 0
68 3 0
68 -1 -6
68 -5 -5
68 0 -3
68 8 5
68 7 -5
68 1 6
68 -8 8
68 0 0
68 3 0
68 -1 -6
68 -5 -5
68 0 -3
68 8 5
68 7 -5
68 1 6
68 -8 8
68 0 0
68 3 0
68 -1 -6
68 -5 -5
68 0 -3
68 8 5
68 7 -5
68 1 6
68 -8 8
68 0 0
68 3 0
68 -1 -6
68 -5 -5
68 0 -3
68 8 5
68 7 -5
68 1 6
68 -8 8
68 0 0
68 3 0
68 -1 -6
68 -5 -5
68 0 -3
68 8 5
68 7 -5
68 1 6
68 -8 8
68 0 0
68 3 0
68 -1 -6
68 -5 -5
68 0 -3
68 8 5
68 7 -5
68 1 6
68 -8 8
68 0 0
68 3 0
68 -1 -6
68 -5 -5
68 0 -3
68 8 5
68 7 -5
68 1 6
68 -8 8
68 0 0
68 3 0
68 -1 -6
68 -5 -5
68 0 -3
68 8 5
68 7 -5
68 1 6
68 -8 8
68 0 0
68 3 0
68 -1 -6
68 -5 -5
68 0 -3
68 8 5
68 7 -5
68 1 6
68 -8 8
68 0 0
68 3 0
68 -1 -6
68 -5 -5
68 0 -3
68 8 5
68 7 -5
68 1 6
68 -8 8
68 0 0
68 3 0
68 -1 -6
68 -5 -5
68 0 -3
68 8 5
68 7 -5
68 1 6
68 -8 8
68 0 0
68 3 0
68 -1 -6
68 -5 -5
68 0 -3
68 8 5
68 7 -5
68 1 6
68 -8 8
68 0 0
68 3 0
68 -1 -6
68 -5 -5
68 0 -3
68 8 5
68 7 -5
68 1 6
68 -8 8
68 0 0
68 3 0
68 -1 -6
68 -5 -5
68 0 -3
68 8 5
68 7 -5
68 1 6
68 -8 8
68 0 0
68 3 0
68 -1 -6
68 -5 -5
68 0 -3
68 8 5
68 7 -5
69 1 6
69 -8 8
69 0 0
69 3 0
69 -1 -6
69 -5 -5
69 0 -3
69 8 5
69 7 -5
69 1 6
69 -8 8
69 0 0
69 3 0
69 -1 -6
69 -5 -5
69 0 -3
69 8 5
69 7 -5
69 1 6
69 -8 8
69 0 0
69 3 0
69 -1 -6
69 -5 -5
69 0 -3
69 8 5
69 7 -5
69 1 6
69 -8 8
69 0 0
69 3 0
69 -1 -6
69 -5 -5
69 0 -3
69 8 5
69 7 -5
69 1 6
69 -8 8
69 0 0
69 3 0
69 -1 -6
69 -5 -5
69 0 -3
69 8 5
69 7 -5
69 1 6
69 -8 8
69 0 0
69 3 0
69 -1 -6
69 -5 -5
69 0 -3
69 8 5
69 7 -5
69 1 6
69 -8 8
69 0 0
69 3 0
69 -1 -6
69 -5 -5
69 0 -3
69 8 5
69 7 -5
69 1 6
69 -8 8
69 0 0
69 3 0
69 -1 -6
69 -5 -5
69 0 -3
69 8 5
69 7 -5
69 1 6
69 -8 8
69 0 0
69 3 0
69 -1 -6
69 -5 -5
69 0 -3
69 8 5
69 7 -5
69 1 6
69 -8 8
69 0 0
69 3 0
69 -1 -6
69 -5 -5
69 0 -3
69 8 5
69 7 -5
69 1 6
69 -8 8
69 0 0
69 3 0
69 -1 -6
69 -5 -5
69 0 -3
69 8 5
69 7 -5
69 1 6
69 -8 8
69 0 0
69 3 0
69 -1 -6
69 -5 -5
69 0 -3
69 8 5
69 7 -5
69 1 6
69 -8 8
69 0 0
69 3 0
69 -1 -6
69 -5 -5
69 0 -3
69 8 5
69 7 -5
69 1 6
69 -8 8
69 0 0
69 3 0
69 -1 -6
69 -5 -5
69 0 -3
69 8 5
69 7 -5
69 1 6
69 -8 8
69 0 0
69 3 0
69 -1 -6
69 -5 -5
69 0 -3
69 8 5
69 7 -5
70 1 6
70 -8 8
70 0 0
70 3 0
70 -1 -6
70 -5 -5
70 0 -3
70 8 5
70 7 -5
70 1 6
70 -8 8
70 0 0
70 3 0
70 -1 -6
70 -5 -5
70 0 -3
70 8 5
70 7 -5
70 1 6
70 -8 8
70 0 0
70 3 0
70 -1 -6
70 -5 -5
70 0 -3
70 8 5
70 7 -5
70 1 6
70 -8 8
70 0 0
70 3 0
70 -1 -6
70 -5 -5
70 0 -3
70 8 5
70 7 -5
70 1 6
70 -8 8
70 0 0
70 3 0
70 -1 -6
70 -5 -5
70 0 -3
70 8 5
70 7 -5
70 1 6
70 -8 8
70 0 0
70 3 0
70 -1 -6
70 -5 -5
70 0 -3
70 8 5
70 7 -5
70 1 6
70 -8 8
70 0 0
70 3 0
70 -1 -6
70 -5 -5
70 0 -3
70 8 5
70 7 -5
70 1 6
70 -8 8
70 0 0
70 3 0
70 -1 -6
70 -5 -5
70 0 -3
70 8 5
70 7 -5
70 1 6
70 -8 8
70 0 0
70 3 0
70 -1 -6
70 -5 -5
70 0 -3
70 8 5
70 7 -5
70 1 6
70 -8 8
70 0 0
70 3 0
70 -1 -6
70 -5 -5
70 0 -3
70 8 5
70 7 -5
70 1 6
70 -8 8
70 0 0
70 3 0
70 -1 -6
70 -5 -5
70 0 -3
70 8 5
70 7 -5
70 1 6
70 -8 8
70 0 0
70 3 0
70 -1 -6
70 -5 -5
70 0 -3
70 8 5
70 7 -5
70 1 6
70 -8 8
70 0 0
70 3 0
70 -1 -6
70 -5 -5
70 0 -3
70 8 5
70 7 -5
70 1 6
70 -8 8
70 0 0
70 3 0
70 -1 -6
70 -5 -5
70 0 -3
70 8 5
70 7 -5
70 1 6
70 -8 8
70 0 0
70 3 0
70 -1 -6
70 -5 -5
70 0 -3
70 8 5
70 7 -5
71 1 6
71 -8 8
71 0 0
71 3 0
71 -1 -6
71 -5 -5
71 0 -3
71 8 5
71 7 -5
71 1 6
71 -8 8
71 0 0
71 3 0
71 -1 -6
71 -5 -5
71 0 -3
71 8 5
71 7 -5
71 1 6
71 -8 8
71 0 0
71 3 0
71 -1 -6
71 -5 -5
71 0 -3
71 8 5
71 7 -5
71 1 6
71 -8 8
71 0 0
71 3 0
71 -1 -6
71 -5 -5
71 0 -3
71 8 5
71 7 -5
71 1 6
71 -8 8
71 0 0
71 3 0
71 -1 -6
71 -5 -5
71 0 -3
71 8 5
71 7 -5
71 1 6
71 -8 8
71 0 0
71 3 0
71 -1 -6
71 -5 -5
71 0 -3
71 8 5
71 7 -5
71 1 6
71 -8 8
71 0 0
71 3 0
71 -1 -6
71 -5 -5
71 0 -3
71 8 5
71 7 -5
71 1 6
71 -8 8
71 0 0
71 3 0
71 -1 -6
71 -5 -5
71 0 -3
71 8 5
71 7 -5
71 1 6
71 -8 8
71 0 0
71 3 0
71 -1 -6
71 -5 -5
71 0 -3
71 8 5
71 7 -5
71 1 6
71 -8 8
71 0 0
71 3 0
71 -1 -6
71 -5 -5
71 0 -3
71 8 5
71 7 -5
71 1 6
71 -8 8
71 0 0
71 3 0
71 -1 -6
71 -5 -5
71 0 -3
71 8 5
71 7 -5
71 1 6
71 -8 8
71 0 0
71 3 0
71 -1 -6
71 -5 -5
71 0 -3
71 8 5
71 7 -5
71 1 6
71 -8 8
71 0 0
71 3 0
71 -1 -6
71 -5 -5
71 0 -3
71 8 5
71 7 -5
71 1 6
71 -8 8
71 0 0
71 3 0
71 -1 -6
71 -5 -5
71 0 -3
71 8 5
71 7 -5
71 1 6
71 -8 8
71 0 0
71 3 0
71 -1 -6
71 -5 -5
71 0 -3
71 8 5
71 7 -5
72 1 6
72 -8 8
72 0 0
72 3 0
72 -1 -6
72 -5 -5
72 0 -3
72 8 5
72 7 -5
72 1 6
72 -8 8
72 0 0
72 3 0
72 -1 -6
72 -5 -5
72 0 -3
72 8 5
72 7 -5
72 1 6
72 -8 8
72 0 0
72 3 0
72 -1 -6
72 -5 -5
72 0 -3
72 8 5
72 7 -5
72 1 6
72 -8 8
72 0 0
72 3 0
72 -1 -6
72 -5 -5
72 0 -3
72 8 5
72 7 -5
72 1 6
72 -8 8
72 0 0
72 3 0
72 -1 -6
72 -5 -5
72 0 -3
72 8 5
72 7 -5
72 1 6
72 -8 8
72 0 0
72 3 0
72 -1 -6
72 -5 -5
72 0 -3
72 8 5
72 7 -5
72 1 6
72 -8 8
72 0 0
72 3 0
72 -1 -6
72 -5 -5
72 0 -3
72 8 5
72 7 -5
72 1 6
72 -8 8
72 0 0
72 3 0
72 -1 -6
72 -5 -5
72 0 -3
72 8 5
72 7 -5
72 1 6
72 -8 8
72 0 0
72 3 0
72 -1 -6
72 -5 -5
72 0 -3
72 8 5
72 7 -5
72 1 6
72 -8 8
72 0 0
72 3 0
72 -1 -6
72 -5 -5
72 0 -3
72 8 5
72 7 -5
72 1 6
72 -8 8
72 0 0
72 3 0
72 -1 -6
72 -5 -5
72 0 -3
72 8 5
72 7 -5
72 1 6
72 -8 8
72 0 0
72 3 0
72 -1 -6
72 -5 -5
72 0 -3
72 8 5
72 7 -5
72 1 6
72 -8 8
72 0 0
72 3 0
72 -1 -6
72 -5 -5
72 0 -3
72 8 5
72 7 -5
72 1 6
72 -8 8
72 0 0
72 3 0
72 -1 -6
72 -5 -5
72 0 -3
72 8 5
72 7 -5
72 1 6
72 -8 8
72 0 0
72 3 0
72 -1 -6
72 -5 -5
72 0 -3
72 8 5
72 7 -5
73 1 6
73 -8 8
73 0 0
73 3 0
73 -1 -6
73 -5 -5
73 0 -3
73 8 5
73 7 -5
73 1 6
73 -8 8
73 0 0
73 3 0
73 -1 -6
73 -5 -5
73 0 -3
73 8 5
73 7 -5
73 1 6
73 -8 8
73 0 0
73 3 0
73 -1 -6
73 -5 -5
73 0 -3
73 8 5
73 7 -5
73 1 6
73 -8 8
73 0 0
73 3 0
73 -1 -6
73 -5 -5
73 0 -3
73 8 5
73 7 -5
73 1 6
73 -8 8
73 0 0
73 3 0
73 -1 -6
73 -5 -5
73 0 -3
73 8 5
73 7 -5
73 1 6
73 -8 8
73 0 0
73 3 0
73 -1 -6
73 -5 -5
73 0 -3
73 8 5
73 7 -5
73 1 6
73 -8 8
73 0 0
73 3 0
73 -1 -6
73 -5 -5
73 0 -3
73 8 5
73 7 -5
73 1 6
73 -8 8
73 0 0
73 3 0
73 -1 -6
73 -5 -5
73 0 -3
73 8 5
73 7 -5
73 1 6
73 -8 8
73 0 0
73 3 0
73 -1 -6
73 -5 -5
73 0 -3
73 8 5
73 7 -5
73 1 6
73 -8 8
73 0 0
73 3 0
73 -1 -6
73 -5 -5
73 0 -3
73 8 5
73 7 -5
73 1 6
73 -8 8
73 0 0
73 3 0
73 -1 -6
73 -5 -5
73 0 -3
73 8 5
73 7 -5
73 1 6
73 -8 8
73 0 0
73 3 0
73 -1 -6
73 -5 -5
73 0 -3
73 8 5
73 7 -5
73 1 6
73 -8 8
73 0 0
73 3 0
73 -1 -6
73 -5 -5
73 0 -3
73 8 5
73 7 -5
73 1 6
73 -8 8
73 0 0
73 3 0
73 -1 -6
73 -5 -5
73 0 -3
73 8 5
73 7 -5
73 1 6
73 -8 8
73 0 0
73 3 0
73 -1 -6
73 -5 -5
73 0 -3
73 8 5
73 7 -5
74 1 6
74 -8 8
74 0 0
74 3 0
74 -1 -6
74 -5 -5
74 0 -3
74 8 5
74 7 -5
74 1 6
74 -8 8
74 0 0
74 3 0
74 -1 -6
74 -5 -5
74 0 -3
74 8 5
74 7 -5
74 1 6
74 -8 8
74 0 0
74 3 0
74 -1 -6
74 -5 -5
74 0 -3
74 8 5
74 7 -5
74 1 6
74 -8 8
74 0 0
74 3 0
74 -1 -6
74 -5 -5
74 0 -3
74 8 5
74 7 -5
74 1 6
74 -8 8
74 0 0
74 3 0
74 -1 -6
74 -5 -5
74 0 -3
74 8 5
74 7 -5
74 1 6
74 -8 8
74 0 0
74 3 0
74 -1 -6
74 -5 -5
74 0 -3
74 8 5
74 7 -5
74 1 6
74 -8 8
74 0 0
74 3 0
74 -1 -6
74 -5 -5
74 0 -3
74 8 5
74 7 -5
74 1 6
74 -8 8
74 0 0
74 3 0
74 -1 -6
74 -5 -5
74 0 -3
74 8 5
74 7 -5
74 1 6
74 -8 8
74 0 0
74 3 0
74 -1 -6
74 -5 -5
74 0 -3
74 8 5
74 7 -5
74 1 6
74 -8 8
74 0 0
74 3 0
74 -1 -6
74 -5 -5
74 0 -3
74 8 5
74 7 -5
74 1 6
74 -8 8
74 0 0
74 3 0
74 -1 -6
74 -5 -5
74 0 -3
74 8 5
74 7 -5
74 1 6
74 -8 8
74 0 0
74 3 0
74 -1 -6
74 -5 -5
74 0 -3
74 8 5
74 7 -5
74 1 6
74 -8 8
74 0 0
74 3 0
74 -1 -6
74 -5 -5
74 0 -3
74 8 5
74 7 -5
74 1 6
74 -8 8
74 0 0
74 3 0
74 -1 -6
74 -5 -5
74 0 -3
74 8 5
74 7 -5
74 1 6
74 -8 8
74 0 0
74 3 0
74 -1 -6
74 -5 -5
74 0 -3
74 8 5
74 7 -5
75 1 6
75 -8 8
75 0 0
75 3 0
75 -1 -6
75 -5 -5
75 0 -3
75 8 5
75 7 -5
75 1 6
75 -8 8
75 0 0
75 3 0
75 -1 -6
75 -5 -5
75 0 -3
75 8 5
75 7 -5
75 1 6
75 -8 8
75 0 0
75 3 0
75 -1 -6
75 -5 -5
75 0 -3
75 8 5
75 7 -5
75 1 6
75 -8 8
75 0 0
75 3 0
75 -1 -6
75 -5 -5
75 0 -3
75 8 5
75 7 -5
75 1 6
75 -8 8
75 0 0
75 3 0
75 -1 -6
75 -5 -5
75 0 -3
75 8 5
75 7 -5
75 1 6
75 -8 8
75 0 0
75 3 0
75 -1 -6
75 -5 -5
75 0 -3
75 8 5
75 7 -5
75 1 6
75 -8 8
75 0 0
75 3 0
75 -1 -6
75 -5 -5
75 0 -3
75 8 5
75 7 -5
75 1 6
75 -8 8
75 0 0
75 3 0
75 -1 -6
75 -5 -5
75 0 -3
75 8 5
75 7 -5
75 1 6
75 -8 8
75 0 0
75 3 0
75 -1 -6
75 -5 -5
75 0 -3
75 8 5
75 7 -5
75 1 6
75 -8 8
75 0 0
75 3 0
75 -1 -6
75 -5 -5
75 0 -3
75 8 5
75 7 -5
75 1 6
75 -8 8
75 0 0
75 3 0
75 -1 -6
75 -5 -5
75 0 -3
75 8 5
75 7 -5
75 1 6
75 -8 8
75 0 0
75 3 0
75 -1 -6
75 -5 -5
75 0 -3
75 8 5
75 7 -5
75 1 6
75 -8 8
75 0 0
75 3 0
75 -1 -6
75 -5 -5
75 0 -3
75 8 5
75 7 -5
75 1 6
75 -8 8
75 0 0
75 3 0
75 -1 -6
75 -5 -5
75 0 -3
75 8 5
75 7 -5
75 1 6
75 -8 8
75 0 0
75 3 0
75 -1 -6
75 -5 -5
75 0 -3
75 8 5
75 7 -5
-1 -1 -1
70
46
14
59
4
48
54
17
29
61
2
67
8
22
38
75
68
15
3
26
34
12
23
51
5
52
11
18
27
9
69
33
74
41
30
55
30
39
43
37
28
65
20
32
72
47
68
62
44
8
45
6
63
56
31
73
1
42
53
60
24
68
58
57
35
13
41
21
40
19
71
30
38
10
64
66
