238 186 155 125 125 375 299 323 375 292 239 227 195 125 135 165 173 162 139 143 154 125 156 194 226 210 176 125 161 168 160 125 125 192 222 248 278 325 375 336 268 214 219
375 226 173 146 130 125 272 375 364 334 312 306 269 208 125 195 210 190 125 125 182 187 179 156 125 183 194 188 199 205 205 201 212 243 266 289 320 375 357 327 281 245 256
125 168 164 155 125 203 289 353 371 368 368 417 368 312 271 281 282 263 244 252 262 260 217 125 125 204 229 235 242 248 254 262 278 302 311 322 338 356 352 334 283 230 184
143 158 158 185 214 271 328 377 398 399 375 625 474 401 366 375 375 337 336 375 354 375 304 256 250 278 282 282 285 291 300 313 335 375 354 351 354 359 362 375 285 208 125
163 161 125 213 275 339 375 429 445 454 470 534 500 452 418 406 394 373 387 405 403 398 369 345 342 375 340 326 325 332 343 356 375 384 379 373 368 364 363 375 274 192 162
185 198 213 267 335 434 625 520 500 503 517 542 539 490 449 436 423 375 435 456 455 445 428 412 399 375 375 358 357 370 382 393 403 407 403 394 381 366 349 320 245 125 168
212 232 262 308 365 438 520 526 533 540 553 577 625 521 453 467 486 502 523 530 514 499 486 475 465 448 428 375 375 408 423 432 438 439 433 418 397 371 347 312 260 206 201
230 257 294 339 378 433 491 531 565 571 579 588 584 515 375 492 553 625 625 625 573 552 542 538 538 525 514 477 461 465 470 475 478 479 472 449 417 375 355 322 278 237 218
234 272 316 375 375 425 481 540 625 600 604 612 609 578 538 574 608 631 625 619 602 595 592 597 625 600 625 556 528 520 518 519 521 526 528 489 447 407 375 341 293 244 205
228 282 322 358 379 411 466 523 578 601 625 648 662 650 625 657 673 666 625 625 621 633 635 632 627 625 617 594 575 567 563 561 562 575 625 531 475 432 398 375 309 240 125
272 305 332 356 372 375 449 509 562 601 625 693 741 735 733 756 760 736 708 688 625 680 683 669 625 655 625 627 610 611 607 600 592 587 581 535 489 447 410 374 328 282 244
309 334 346 362 379 400 445 502 560 616 675 759 875 817 817 875 875 809 783 792 875 777 746 734 730 743 710 680 625 659 654 638 619 600 577 540 499 458 420 384 348 316 298
333 375 355 366 383 402 429 495 561 626 701 794 842 839 843 860 861 842 824 823 835 806 790 792 818 875 791 757 737 746 713 678 646 617 586 548 507 466 428 393 363 337 324
323 330 332 364 384 397 375 488 562 627 707 875 858 854 855 861 866 875 849 839 834 821 814 824 875 837 821 818 820 875 774 715 671 635 602 560 516 472 432 398 375 344 327
303 289 280 375 392 426 461 519 571 613 625 875 862 863 862 864 867 869 858 848 839 829 820 813 805 776 837 875 848 840 792 738 689 651 625 574 523 474 430 393 363 337 318
283 241 125 301 384 454 524 555 590 630 682 795 852 875 867 867 870 875 864 854 845 835 822 802 756 625 875 867 856 844 816 754 695 654 625 588 527 471 422 380 346 322 304
284 268 254 320 390 480 625 588 605 635 678 770 875 863 863 867 871 872 868 860 851 842 831 815 793 772 841 862 864 863 875 766 683 646 623 625 527 462 408 359 317 302 294
292 293 302 336 375 451 527 566 606 626 625 732 807 838 856 866 875 874 875 865 858 851 843 835 827 828 855 875 875 868 875 753 625 625 597 560 495 441 389 330 262 275 287
302 311 325 348 375 421 466 541 625 637 665 726 784 825 855 865 871 872 871 867 863 859 855 853 853 857 875 874 871 860 826 745 654 620 581 524 453 418 377 311 125 249 288
317 325 338 356 375 392 375 505 588 631 670 723 776 823 875 868 871 870 869 867 866 865 866 867 875 870 874 875 875 875 822 746 625 621 583 503 375 401 391 411 318 309 312
330 335 347 362 378 396 437 517 589 627 660 718 772 815 848 861 875 869 868 867 868 870 875 872 874 875 875 875 875 865 839 792 706 655 625 531 453 419 375 625 427 358 335
333 338 351 367 380 375 460 538 625 626 625 716 777 815 840 854 862 864 868 865 870 872 872 872 874 875 875 875 875 872 875 875 750 669 610 543 485 447 430 469 408 362 339
324 333 351 374 401 433 491 550 602 625 674 743 806 829 843 852 855 858 875 854 875 875 867 870 873 874 875 875 874 871 864 841 748 661 601 545 495 455 427 412 375 342 326
304 320 345 378 418 465 520 568 609 647 703 776 875 851 852 857 849 838 826 801 781 822 849 867 872 874 875 875 875 872 867 875 739 625 587 540 493 450 412 377 338 306 298
275 299 331 376 429 490 557 592 619 652 715 783 836 848 857 875 845 819 789 742 625 781 839 875 873 874 875 875 874 875 857 828 706 630 581 533 485 438 393 347 295 246 256
242 269 305 367 431 508 625 625 624 625 723 804 836 849 852 852 835 804 770 753 875 836 849 865 871 873 874 875 871 866 857 875 625 609 572 526 475 424 376 322 250 125 206
216 231 254 354 420 487 558 595 625 666 748 875 856 858 851 846 837 791 732 625 784 838 856 866 871 873 874 874 870 860 829 773 625 608 571 522 465 407 363 315 257 199 201
189 185 125 375 408 462 523 573 616 664 728 807 853 875 847 842 875 790 742 728 798 875 869 870 873 875 875 875 874 875 824 762 678 627 580 524 457 375 353 316 265 214 182
173 194 217 317 375 428 499 557 603 645 692 770 875 875 818 799 791 752 716 745 804 875 873 872 875 874 875 868 875 875 829 771 696 642 596 535 464 375 358 330 272 208 125
184 199 230 299 375 375 487 551 593 620 625 704 757 766 750 743 738 710 625 732 798 875 875 870 871 869 854 845 852 875 844 796 692 649 625 557 487 419 375 375 283 222 180
184 188 204 273 344 404 521 567 596 616 632 663 683 682 672 686 706 726 746 758 780 810 830 862 871 875 825 805 812 837 875 875 625 636 625 579 508 437 375 327 261 216 190
172 163 125 243 322 375 625 599 606 616 625 633 629 605 568 621 673 740 875 773 752 754 771 875 875 808 764 737 752 786 875 775 675 645 630 625 528 447 375 295 218 191 178
162 165 180 250 327 410 564 596 611 616 618 615 595 540 375 555 625 685 731 707 699 683 625 729 747 717 686 625 671 680 625 673 653 637 623 601 530 448 361 259 125 150 159
150 155 178 250 324 375 625 609 625 619 615 612 594 583 625 598 620 644 655 625 653 655 646 669 667 625 637 624 625 637 625 637 625 625 625 625 542 454 361 256 125 125 145
136 125 125 248 342 421 537 589 625 620 609 625 585 574 586 592 613 615 619 622 632 637 635 632 625 625 613 609 614 616 616 625 625 611 609 596 557 465 371 278 193 156 145
125 152 190 273 375 430 511 585 615 625 576 561 546 542 551 572 625 582 584 611 614 625 625 598 625 625 581 583 604 595 598 625 594 585 603 593 625 478 379 290 213 159 141
138 166 210 277 352 413 493 625 625 533 507 498 494 495 504 519 537 504 522 625 586 625 552 508 505 510 501 537 625 560 557 625 541 532 625 546 512 442 375 288 208 125 136
125 162 207 272 344 375 423 458 375 375 422 429 435 440 450 461 500 375 375 468 480 489 451 375 375 409 375 437 475 463 443 375 414 375 457 453 434 404 375 278 207 157 140
125 149 185 259 375 347 366 408 434 625 375 361 375 380 395 375 625 439 382 390 375 399 389 375 369 375 348 359 375 372 375 350 364 375 375 373 366 365 315 242 183 156 140
133 125 125 203 262 272 285 375 326 370 304 265 269 309 375 334 365 375 325 335 375 342 330 337 351 375 281 276 281 275 265 284 316 375 318 296 291 375 276 192 125 142 140
142 136 141 167 198 194 125 125 125 226 207 125 125 212 246 220 125 125 206 249 272 263 253 293 322 270 125 181 198 181 125 204 241 257 226 203 125 235 221 125 148 148 146
151 137 135 125 167 181 125 171 189 202 172 154 151 167 178 175 148 136 125 182 201 185 125 258 375 256 125 125 150 125 139 164 187 187 125 164 125 220 249 236 195 156 155
170 125 135 125 163 236 226 244 257 219 125 166 159 125 125 155 155 145 125 154 165 150 125 238 375 254 175 144 151 147 143 125 154 179 182 203 219 270 317 375 241 125 167
0 -1 6
0 -4 0
0 4 -1
0 -2 -4
0 0 -2
0 -1 6
0 -4 0
0 4 -1
0 -2 -4
0 0 -2
1 -1 6
1 -4 0
1 4 -1
1 -2 -4
1 0 -2
1 -1 6
1 -4 0
1 4 -1
1 -2 -4
1 0 -2
2 -1 6
2 -4 0
2 4 -1
2 -2 -4
2 0 -2
3 -1 6
3 -4 0
3 4 -1
3 -2 -4
3 0 -2
4 -1 6
4 -4 0
4 4 -1
4 -2 -4
4 0 -2
5 -1 6
5 -4 0
5 4 -1
5 -2 -4
5 0 -2
5 -1 6
5 -4 0
5 4 -1
5 -2 -4
5 0 -2
6 -1 6
6 -4 0
6 4 -1
6 -2 -4
6 0 -2
6 -1 6
6 -4 0
6 4 -1
6 -2 -4
6 0 -2
7 -1 6
7 -4 0
7 4 -1
7 -2 -4
7 0 -2
8 -1 6
8 -4 0
8 4 -1
8 -2 -4
8 0 -2
8 -1 6
8 -4 0
8 4 -1
8 -2 -4
8 0 -2
9 -1 6
9 -4 0
9 4 -1
9 -2 -4
9 0 -2
9 -1 6
9 -4 0
9 4 -1
9 -2 -4
9 0 -2
10 -1 6
10 -4 0
10 4 -1
10 -2 -4
10 0 -2
10 -1 6
10 -4 0
10 4 -1
10 -2 -4
10 0 -2
10 -1 6
10 -4 0
10 4 -1
10 -2 -4
10 0 -2
11 -1 6
11 -4 0
11 4 -1
11 -2 -4
11 0 -2
11 -1 6
11 -4 0
11 4 -1
11 -2 -4
11 0 -2
12 -1 6
12 -4 0
12 4 -1
12 -2 -4
12 0 -2
13 -1 6
13 -4 0
13 4 -1
13 -2 -4
13 0 -2
14 -1 6
14 -4 0
14 4 -1
14 -2 -4
14 0 -2
15 -1 6
15 -4 0
15 4 -1
15 -2 -4
15 0 -2
15 -1 6
15 -4 0
15 4 -1
15 -2 -4
15 0 -2
16 -1 6
16 -4 0
16 4 -1
16 -2 -4
16 0 -2
16 -1 6
16 -4 0
16 4 -1
16 -2 -4
16 0 -2
16 -1 6
16 -4 0
16 4 -1
16 -2 -4
16 0 -2
17 -1 6
17 -4 0
17 4 -1
17 -2 -4
17 0 -2
18 -1 6
18 -4 0
18 4 -1
18 -2 -4
18 0 -2
19 -1 6
19 -4 0
19 4 -1
19 -2 -4
19 0 -2
19 -1 6
19 -4 0
19 4 -1
19 -2 -4
19 0 -2
20 -1 6
20 -4 0
20 4 -1
20 -2 -4
20 0 -2
20 -1 6
20 -4 0
20 4 -1
20 -2 -4
20 0 -2
21 -1 6
21 -4 0
21 4 -1
21 -2 -4
21 0 -2
22 -1 6
22 -4 0
22 4 -1
22 -2 -4
22 0 -2
23 -1 6
23 -4 0
23 4 -1
23 -2 -4
23 0 -2
24 -1 6
24 -4 0
24 4 -1
24 -2 -4
24 0 -2
24 -1 6
24 -4 0
24 4 -1
24 -2 -4
24 0 -2
25 -1 6
25 -4 0
25 4 -1
25 -2 -4
25 0 -2
25 -1 6
25 -4 0
25 4 -1
25 -2 -4
25 0 -2
25 -1 6
25 -4 0
25 4 -1
25 -2 -4
25 0 -2
26 -1 6
26 -4 0
26 4 -1
26 -2 -4
26 0 -2
26 -1 6
26 -4 0
26 4 -1
26 -2 -4
26 0 -2
27 -1 6
27 -4 0
27 4 -1
27 -2 -4
27 0 -2
28 -1 6
28 -4 0
28 4 -1
28 -2 -4
28 0 -2
29 -1 6
29 -4 0
29 4 -1
29 -2 -4
29 0 -2
29 -1 6
29 -4 0
29 4 -1
29 -2 -4
29 0 -2
30 -1 6
30 -4 0
30 4 -1
30 -2 -4
30 0 -2
31 -1 6
31 -4 0
31 4 -1
31 -2 -4
31 0 -2
32 -1 6
32 -4 0
32 4 -1
32 -2 -4
32 0 -2
33 -1 6
33 -4 0
33 4 -1
33 -2 -4
33 0 -2
34 -1 6
34 -4 0
34 4 -1
34 -2 -4
34 0 -2
34 -1 6
34 -4 0
34 4 -1
34 -2 -4
34 0 -2
35 -1 6
35 -4 0
35 4 -1
35 -2 -4
35 0 -2
35 -1 6
35 -4 0
35 4 -1
35 -2 -4
35 0 -2
36 -1 6
36 -4 0
36 4 -1
36 -2 -4
36 0 -2
37 -1 6
37 -4 0
37 4 -1
37 -2 -4
37 0 -2
37 -1 6
37 -4 0
37 4 -1
37 -2 -4
37 0 -2
38 -1 6
38 -4 0
38 4 -1
38 -2 -4
38 0 -2
39 -1 6
39 -4 0
39 4 -1
39 -2 -4
39 0 -2
39 -1 6
39 -4 0
39 4 -1
39 -2 -4
39 0 -2
39 -1 6
39 -4 0
39 4 -1
39 -2 -4
39 0 -2
40 -1 6
40 -4 0
40 4 -1
40 -2 -4
40 0 -2
41 -1 6
41 -4 0
41 4 -1
41 -2 -4
41 0 -2
42 -1 6
42 -4 0
42 4 -1
42 -2 -4
42 0 -2
43 -1 6
43 -4 0
43 4 -1
43 -2 -4
43 0 -2
44 -1 6
44 -4 0
44 4 -1
44 -2 -4
44 0 -2
45 -1 6
45 -4 0
45 4 -1
45 -2 -4
45 0 -2
46 -1 6
46 -4 0
46 4 -1
46 -2 -4
46 0 -2
47 -1 6
47 -4 0
47 4 -1
47 -2 -4
47 0 -2
47 -1 6
47 -4 0
47 4 -1
47 -2 -4
47 0 -2
48 -1 6
48 -4 0
48 4 -1
48 -2 -4
48 0 -2
48 -1 6
48 -4 0
48 4 -1
48 -2 -4
48 0 -2
49 -1 6
49 -4 0
49 4 -1
49 -2 -4
49 0 -2
50 -1 6
50 -4 0
50 4 -1
50 -2 -4
50 0 -2
51 -1 6
51 -4 0
51 4 -1
51 -2 -4
51 0 -2
51 -1 6
51 -4 0
51 4 -1
51 -2 -4
51 0 -2
52 -1 6
52 -4 0
52 4 -1
52 -2 -4
52 0 -2
52 -1 6
52 -4 0
52 4 -1
52 -2 -4
52 0 -2
53 -1 6
53 -4 0
53 4 -1
53 -2 -4
53 0 -2
54 -1 6
54 -4 0
54 4 -1
54 -2 -4
54 0 -2
54 -1 6
54 -4 0
54 4 -1
54 -2 -4
54 0 -2
54 -1 6
54 -4 0
54 4 -1
54 -2 -4
54 0 -2
55 -1 6
55 -4 0
55 4 -1
55 -2 -4
55 0 -2
55 -1 6
55 -4 0
55 4 -1
55 -2 -4
55 0 -2
55 -1 6
55 -4 0
55 4 -1
55 -2 -4
55 0 -2
56 -1 6
56 -4 0
56 4 -1
56 -2 -4
56 0 -2
56 -1 6
56 -4 0
56 4 -1
56 -2 -4
56 0 -2
57 -1 6
57 -4 0
57 4 -1
57 -2 -4
57 0 -2
58 -1 6
58 -4 0
58 4 -1
58 -2 -4
58 0 -2
59 -1 6
59 -4 0
59 4 -1
59 -2 -4
59 0 -2
59 -1 6
59 -4 0
59 4 -1
59 -2 -4
59 0 -2
60 -1 6
60 -4 0
60 4 -1
60 -2 -4
60 0 -2
61 -1 6
61 -4 0
61 4 -1
61 -2 -4
61 0 -2
61 -1 6
61 -4 0
61 4 -1
61 -2 -4
61 0 -2
62 -1 6
62 -4 0
62 4 -1
62 -2 -4
62 0 -2
63 -1 6
63 -4 0
63 4 -1
63 -2 -4
63 0 -2
64 -1 6
64 -4 0
64 4 -1
64 -2 -4
64 0 -2
65 -1 6
65 -4 0
65 4 -1
65 -2 -4
65 0 -2
66 -1 6
66 -4 0
66 4 -1
66 -2 -4
66 0 -2
67 -1 6
67 -4 0
67 4 -1
67 -2 -4
67 0 -2
67 -1 6
67 -4 0
67 4 -1
67 -2 -4
67 0 -2
67 -1 6
67 -4 0
67 4 -1
67 -2 -4
67 0 -2
-1 -1 -1
32
54
48
22
45
8
5
63
4
11
14
13
19
6
37
39
15
36
26
16
57
44
66
0
33
18
20
34
21
55
50
58
67
28
43
30
59
61
12
17
31
10
9
53
3
1
41
56
47
65
40
29
25
2
42
52
49
24
62
60
46
35
7
23
38
64
51
27
