20 0 235 484 571 1000 299 0 92 64 30 0 5 19 0 0 1 0 17 36 46 0 0 286 352 0 0 200 439 411 429 152 71 33 0 2 3 2 2 0 0 4 0
0 0 0 131 0 328 196 59 0 18 0 0 1 0 0 3 4 4 9 13 0 0 30 110 123 0 0 0 145 0 154 108 62 32 11 0 1 0 1 0 1 3 3
30 0 10 39 0 117 97 39 0 6 4 0 0 0 0 9 6 3 0 7 4 4 9 0 31 0 0 152 140 0 77 65 37 22 11 4 0 0 2 2 2 4 9
110 116 0 14 0 42 35 0 0 0 8 0 0 35 39 26 8 0 2 9 6 3 0 0 0 332 1000 468 263 134 90 39 0 7 6 3 0 0 3 4 0 0 0
295 353 0 16 14 17 0 0 0 0 27 40 72 102 95 47 0 6 0 22 7 0 0 0 82 329 573 456 311 182 109 0 3 0 2 2 2 4 7 10 30 0 157
561 1000 0 35 23 11 3 1 0 15 58 61 144 205 190 65 22 24 68 73 0 106 90 23 0 330 505 473 343 173 165 0 11 41 0 0 2 7 12 0 109 187 332
616 1000 335 100 31 0 0 0 120 0 127 0 237 384 394 0 0 0 176 203 0 334 231 0 245 487 645 588 415 0 377 344 0 152 141 81 0 11 34 112 217 307 424
480 492 240 0 0 20 0 213 481 1000 451 0 419 701 1000 568 392 0 434 561 606 1000 501 0 493 727 1000 818 729 682 1000 1000 550 424 332 183 0 3 0 198 341 400 440
371 249 134 0 0 80 181 370 591 779 677 604 738 1000 1000 881 1000 732 1000 1000 864 900 774 694 1000 927 1000 955 1000 1000 994 1000 774 661 578 318 0 0 133 338 548 513 456
299 0 48 21 0 118 274 493 733 846 872 1000 929 978 981 955 970 926 1000 988 951 963 1000 1000 994 979 1000 1000 1000 985 975 965 883 869 1000 509 172 0 194 474 1000 648 501
324 0 38 37 46 117 302 594 1000 1000 965 1000 1000 1000 992 987 1000 1000 1000 1000 987 1000 1000 999 997 994 1000 998 991 966 954 1000 925 930 1000 547 180 0 170 364 574 576 600
397 135 66 42 29 0 221 580 1000 997 987 1000 953 909 1000 1000 1000 1000 1000 999 996 999 1000 1000 1000 1000 1000 999 1000 933 873 843 885 925 1000 500 0 0 121 238 355 483 1000
127 78 50 35 27 18 0 505 1000 1000 984 972 902 683 0 750 1000 1000 1000 1000 1000 1000 1000 1000 963 969 984 996 1000 894 760 612 846 886 771 452 126 51 76 110 125 0 0
32 0 21 21 26 45 121 439 766 936 977 1000 1000 921 1000 1000 1000 1000 1000 1000 1000 1000 1000 1000 884 927 969 1000 1000 881 660 0 1000 1000 745 411 0 0 23 0 35 0 0
0 13 14 0 12 14 0 362 689 1000 986 1000 997 1000 999 1000 1000 1000 1000 1000 1000 986 1000 812 645 884 963 1000 992 968 1000 1000 1000 1000 798 448 121 37 17 0 14 10 0
30 38 23 10 6 0 0 319 628 899 967 982 988 994 997 999 1000 1000 1000 1000 986 942 854 604 0 1000 1000 997 1000 1000 1000 1000 999 995 1000 460 0 11 8 0 11 26 82
0 85 30 11 0 0 0 285 605 1000 1000 974 979 989 995 1000 1000 1000 1000 999 1000 943 868 749 633 901 970 989 997 1000 1000 1000 1000 979 1000 391 105 0 3 0 3 0 271
1000 271 0 4 3 0 64 214 507 774 888 935 965 987 995 1000 1000 1000 999 997 989 960 924 889 881 1000 990 993 997 999 1000 994 978 922 731 0 29 9 4 4 0 270 1000
268 0 3 0 9 20 42 0 435 699 843 911 958 1000 998 999 1000 1000 1000 1000 1000 983 977 1000 1000 999 996 997 1000 998 999 997 994 1000 1000 394 0 2 0 11 28 81 0
73 24 11 6 11 28 82 257 534 742 873 908 956 1000 998 999 1000 1000 1000 1000 999 996 1000 1000 1000 999 998 1000 1000 993 1000 999 1000 1000 644 577 268 0 3 11 19 25 0
0 10 9 0 0 0 0 413 702 861 1000 893 959 987 995 998 999 1000 1000 1000 1000 1000 1000 1000 1000 999 997 996 1000 974 1000 1000 811 593 0 1000 494 171 0 11 10 0 1
4 8 14 38 85 175 351 691 1000 1000 0 703 1000 994 996 1000 999 1000 1000 1000 1000 1000 1000 1000 1000 1000 996 986 973 904 844 778 650 561 1000 1000 536 190 53 21 9 4 3
4 3 0 52 125 265 537 1000 989 994 1000 920 978 992 996 998 998 999 1000 1000 1000 1000 1000 1000 995 995 1000 977 1000 824 692 616 449 0 1000 1000 458 0 0 11 0 4 4
3 0 14 46 99 224 532 873 960 988 997 1000 1000 1000 998 998 997 999 1000 1000 1000 1000 1000 1000 986 986 961 922 856 698 484 546 529 454 619 478 294 0 26 24 14 8 4
2 3 9 18 0 0 494 1000 990 1000 1000 995 995 997 998 997 993 1000 1000 1000 1000 1000 1000 943 962 1000 937 893 805 626 0 553 665 666 543 0 238 145 79 45 23 8 0
2 1 0 18 43 154 443 761 1000 1000 977 984 989 994 998 1000 977 994 998 999 997 1000 703 810 918 1000 892 907 843 1000 720 1000 910 1000 886 1000 513 262 98 52 25 0 2
2 0 4 9 0 129 363 600 782 870 923 973 983 991 1000 1000 922 1000 1000 1000 990 1000 0 677 899 1000 723 1000 660 797 879 1000 973 983 1000 830 551 292 0 38 25 10 4
1 2 7 13 15 0 279 493 658 773 870 1000 979 987 976 922 711 0 1000 988 962 898 697 1000 1000 697 0 0 0 648 1000 999 1000 957 902 768 569 356 160 74 27 9 0
0 0 7 21 45 100 261 435 582 693 784 875 944 1000 994 1000 1000 1000 996 988 971 933 888 956 936 787 566 477 527 794 1000 995 980 943 882 772 602 402 210 71 0 0 1
1 0 0 19 43 93 229 402 541 633 696 771 922 971 1000 1000 1000 999 997 996 1000 975 966 1000 1000 947 1000 816 836 1000 1000 1000 983 953 910 837 666 438 208 0 6 5 3
2 1 0 10 15 0 158 404 545 600 594 591 1000 962 991 1000 999 999 998 998 1000 1000 1000 1000 1000 1000 988 951 1000 1000 1000 1000 1000 976 966 1000 786 477 184 51 19 9 5
2 1 1 4 5 0 0 510 635 628 487 0 669 886 1000 997 998 1000 999 999 1000 1000 1000 1000 1000 1000 1000 1000 1000 1000 1000 999 996 985 979 984 1000 499 0 0 11 6 4
0 0 0 0 0 221 555 1000 856 788 726 629 788 913 976 991 996 999 1000 1000 1000 1000 1000 1000 1000 1000 1000 1000 1000 1000 1000 1000 1000 989 980 958 869 519 187 51 17 0 1
0 0 0 0 88 327 1000 979 1000 940 1000 1000 939 1000 1000 995 997 1000 1000 981 1000 994 997 999 1000 999 998 996 999 1000 1000 1000 998 990 993 1000 1000 521 177 0 5 2 1
0 0 3 10 25 0 729 915 950 973 1000 958 966 966 989 991 997 999 1000 925 925 978 994 1000 1000 999 996 987 1000 993 992 1000 1000 980 1000 1000 727 387 0 0 2 1 0
1 1 0 13 0 0 1000 1000 911 1000 845 866 1000 910 1000 983 1000 1000 1000 795 797 1000 1000 915 1000 1000 1000 956 1000 980 975 994 1000 930 1000 755 521 299 98 0 0 1 1
0 4 12 41 138 357 1000 1000 692 552 515 661 1000 674 785 942 1000 641 564 457 468 617 1000 660 723 1000 841 838 887 951 935 1000 838 739 665 497 302 189 94 35 13 0 0
3 3 4 0 155 291 431 434 303 0 0 264 316 0 525 1000 569 0 159 0 0 0 277 0 230 0 525 668 759 1000 815 730 611 521 424 265 0 60 52 31 17 7 0
10 0 0 0 191 221 0 0 86 0 0 79 0 0 313 443 277 95 71 0 10 40 108 77 198 290 591 550 482 617 596 494 354 310 244 137 38 0 22 21 15 10 8
27 41 69 236 387 402 0 36 40 0 24 52 0 321 284 182 0 31 30 0 0 42 38 0 195 371 1000 460 0 390 456 295 0 122 104 0 15 9 14 14 12 11 12
45 68 0 489 719 1000 0 104 36 0 44 104 276 1000 321 0 0 0 16 34 63 88 0 161 209 0 378 290 320 486 543 231 86 73 49 17 12 8 9 9 7 8 0
86 187 411 1000 1000 725 267 343 0 40 46 44 0 268 0 0 0 0 0 57 129 247 421 436 479 270 222 0 503 691 1000 0 39 35 0 7 6 0 4 4 0 13 33
80 181 457 1000 801 632 0 1000 302 115 54 25 0 72 0 0 0 0 21 66 148 349 1000 681 1000 378 240 360 1000 776 1000 0 35 28 9 6 5 3 3 2 0 12 31
0 2 5
0 -8 8
0 -1 0
0 4 2
0 2 -5
0 -7 -6
0 -1 -3
0 6 5
0 4 -8
0 2 5
0 -8 8
0 -1 0
0 4 2
0 2 -5
0 -7 -6
0 -1 -3
0 6 5
0 4 -8
0 2 5
0 -8 8
0 -1 0
0 4 2
0 2 -5
0 -7 -6
0 -1 -3
0 6 5
0 4 -8
0 2 5
0 -8 8
0 -1 0
0 4 2
0 2 -5
0 -7 -6
0 -1 -3
0 6 5
0 4 -8
0 2 5
0 -8 8
0 -1 0
0 4 2
0 2 -5
0 -7 -6
0 -1 -3
0 6 5
0 4 -8
0 2 5
0 -8 8
0 -1 0
0 4 2
0 2 -5
0 -7 -6
0 -1 -3
0 6 5
0 4 -8
0 2 5
0 -8 8
0 -1 0
0 4 2
0 2 -5
0 -7 -6
0 -1 -3
0 6 5
0 4 -8
0 2 5
0 -8 8
0 -1 0
0 4 2
0 2 -5
0 -7 -6
0 -1 -3
0 6 5
0 4 -8
0 2 5
0 -8 8
0 -1 0
0 4 2
0 2 -5
0 -7 -6
0 -1 -3
0 6 5
0 4 -8
0 2 5
0 -8 8
0 -1 0
0 4 2
0 2 -5
0 -7 -6
0 -1 -3
0 6 5
0 4 -8
0 2 5
0 -8 8
0 -1 0
0 4 2
0 2 -5
0 -7 -6
0 -1 -3
0 6 5
0 4 -8
0 2 5
0 -8 8
0 -1 0
0 4 2
0 2 -5
0 -7 -6
0 -1 -3
0 6 5
0 4 -8
0 2 5
0 -8 8
0 -1 0
0 4 2
0 2 -5
0 -7 -6
0 -1 -3
0 6 5
0 4 -8
0 2 5
0 -8 8
0 -1 0
0 4 2
0 2 -5
0 -7 -6
0 -1 -3
0 6 5
0 4 -8
0 2 5
0 -8 8
0 -1 0
0 4 2
0 2 -5
0 -7 -6
0 -1 -3
0 6 5
0 4 -8
1 2 5
1 -8 8
1 -1 0
1 4 2
1 2 -5
1 -7 -6
1 -1 -3
1 6 5
1 4 -8
1 2 5
1 -8 8
1 -1 0
1 4 2
1 2 -5
1 -7 -6
1 -1 -3
1 6 5
1 4 -8
1 2 5
1 -8 8
1 -1 0
1 4 2
1 2 -5
1 -7 -6
1 -1 -3
1 6 5
1 4 -8
1 2 5
1 -8 8
1 -1 0
1 4 2
1 2 -5
1 -7 -6
1 -1 -3
1 6 5
1 4 -8
1 2 5
1 -8 8
1 -1 0
1 4 2
1 2 -5
1 -7 -6
1 -1 -3
1 6 5
1 4 -8
1 2 5
1 -8 8
1 -1 0
1 4 2
1 2 -5
1 -7 -6
1 -1 -3
1 6 5
1 4 -8
1 2 5
1 -8 8
1 -1 0
1 4 2
1 2 -5
1 -7 -6
1 -1 -3
1 6 5
1 4 -8
1 2 5
1 -8 8
1 -1 0
1 4 2
1 2 -5
1 -7 -6
1 -1 -3
1 6 5
1 4 -8
1 2 5
1 -8 8
1 -1 0
1 4 2
1 2 -5
1 -7 -6
1 -1 -3
1 6 5
1 4 -8
1 2 5
1 -8 8
1 -1 0
1 4 2
1 2 -5
1 -7 -6
1 -1 -3
1 6 5
1 4 -8
1 2 5
1 -8 8
1 -1 0
1 4 2
1 2 -5
1 -7 -6
1 -1 -3
1 6 5
1 4 -8
1 2 5
1 -8 8
1 -1 0
1 4 2
1 2 -5
1 -7 -6
1 -1 -3
1 6 5
1 4 -8
1 2 5
1 -8 8
1 -1 0
1 4 2
1 2 -5
1 -7 -6
1 -1 -3
1 6 5
1 4 -8
1 2 5
1 -8 8
1 -1 0
1 4 2
1 2 -5
1 -7 -6
1 -1 -3
1 6 5
1 4 -8
1 2 5
1 -8 8
1 -1 0
1 4 2
1 2 -5
1 -7 -6
1 -1 -3
1 6 5
1 4 -8
2 2 5
2 -8 8
2 -1 0
2 4 2
2 2 -5
2 -7 -6
2 -1 -3
2 6 5
2 4 -8
2 2 5
2 -8 8
2 -1 0
2 4 2
2 2 -5
2 -7 -6
2 -1 -3
2 6 5
2 4 -8
2 2 5
2 -8 8
2 -1 0
2 4 2
2 2 -5
2 -7 -6
2 -1 -3
2 6 5
2 4 -8
2 2 5
2 -8 8
2 -1 0
2 4 2
2 2 -5
2 -7 -6
2 -1 -3
2 6 5
2 4 -8
2 2 5
2 -8 8
2 -1 0
2 4 2
2 2 -5
2 -7 -6
2 -1 -3
2 6 5
2 4 -8
2 2 5
2 -8 8
2 -1 0
2 4 2
2 2 -5
2 -7 -6
2 -1 -3
2 6 5
2 4 -8
2 2 5
2 -8 8
2 -1 0
2 4 2
2 2 -5
2 -7 -6
2 -1 -3
2 6 5
2 4 -8
2 2 5
2 -8 8
2 -1 0
2 4 2
2 2 -5
2 -7 -6
2 -1 -3
2 6 5
2 4 -8
2 2 5
2 -8 8
2 -1 0
2 4 2
2 2 -5
2 -7 -6
2 -1 -3
2 6 5
2 4 -8
2 2 5
2 -8 8
2 -1 0
2 4 2
2 2 -5
2 -7 -6
2 -1 -3
2 6 5
2 4 -8
2 2 5
2 -8 8
2 -1 0
2 4 2
2 2 -5
2 -7 -6
2 -1 -3
2 6 5
2 4 -8
2 2 5
2 -8 8
2 -1 0
2 4 2
2 2 -5
2 -7 -6
2 -1 -3
2 6 5
2 4 -8
2 2 5
2 -8 8
2 -1 0
2 4 2
2 2 -5
2 -7 -6
2 -1 -3
2 6 5
2 4 -8
2 2 5
2 -8 8
2 -1 0
2 4 2
2 2 -5
2 -7 -6
2 -1 -3
2 6 5
2 4 -8
2 2 5
2 -8 8
2 -1 0
2 4 2
2 2 -5
2 -7 -6
2 -1 -3
2 6 5
2 4 -8
3 2 5
3 -8 8
3 -1 0
3 4 2
3 2 -5
3 -7 -6
3 -1 -3
3 6 5
3 4 -8
3 2 5
3 -8 8
3 -1 0
3 4 2
3 2 -5
3 -7 -6
3 -1 -3
3 6 5
3 4 -8
3 2 5
3 -8 8
3 -1 0
3 4 2
3 2 -5
3 -7 -6
3 -1 -3
3 6 5
3 4 -8
3 2 5
3 -8 8
3 -1 0
3 4 2
3 2 -5
3 -7 -6
3 -1 -3
3 6 5
3 4 -8
3 2 5
3 -8 8
3 -1 0
3 4 2
3 2 -5
3 -7 -6
3 -1 -3
3 6 5
3 4 -8
3 2 5
3 -8 8
3 -1 0
3 4 2
3 2 -5
3 -7 -6
3 -1 -3
3 6 5
3 4 -8
3 2 5
3 -8 8
3 -1 0
3 4 2
3 2 -5
3 -7 -6
3 -1 -3
3 6 5
3 4 -8
3 2 5
3 -8 8
3 -1 0
3 4 2
3 2 -5
3 -7 -6
3 -1 -3
3 6 5
3 4 -8
3 2 5
3 -8 8
3 -1 0
3 4 2
3 2 -5
3 -7 -6
3 -1 -3
3 6 5
3 4 -8
3 2 5
3 -8 8
3 -1 0
3 4 2
3 2 -5
3 -7 -6
3 -1 -3
3 6 5
3 4 -8
3 2 5
3 -8 8
3 -1 0
3 4 2
3 2 -5
3 -7 -6
3 -1 -3
3 6 5
3 4 -8
3 2 5
3 -8 8
3 -1 0
3 4 2
3 2 -5
3 -7 -6
3 -1 -3
3 6 5
3 4 -8
3 2 5
3 -8 8
3 -1 0
3 4 2
3 2 -5
3 -7 -6
3 -1 -3
3 6 5
3 4 -8
3 2 5
3 -8 8
3 -1 0
3 4 2
3 2 -5
3 -7 -6
3 -1 -3
3 6 5
3 4 -8
3 2 5
3 -8 8
3 -1 0
3 4 2
3 2 -5
3 -7 -6
3 -1 -3
3 6 5
3 4 -8
4 2 5
4 -8 8
4 -1 0
4 4 2
4 2 -5
4 -7 -6
4 -1 -3
4 6 5
4 4 -8
4 2 5
4 -8 8
4 -1 0
4 4 2
4 2 -5
4 -7 -6
4 -1 -3
4 6 5
4 4 -8
4 2 5
4 -8 8
4 -1 0
4 4 2
4 2 -5
4 -7 -6
4 -1 -3
4 6 5
4 4 -8
4 2 5
4 -8 8
4 -1 0
4 4 2
4 2 -5
4 -7 -6
4 -1 -3
4 6 5
4 4 -8
4 2 5
4 -8 8
4 -1 0
4 4 2
4 2 -5
4 -7 -6
4 -1 -3
4 6 5
4 4 -8
4 2 5
4 -8 8
4 -1 0
4 4 2
4 2 -5
4 -7 -6
4 -1 -3
4 6 5
4 4 -8
4 2 5
4 -8 8
4 -1 0
4 4 2
4 2 -5
4 -7 -6
4 -1 -3
4 6 5
4 4 -8
4 2 5
4 -8 8
4 -1 0
4 4 2
4 2 -5
4 -7 -6
4 -1 -3
4 6 5
4 4 -8
4 2 5
4 -8 8
4 -1 0
4 4 2
4 2 -5
4 -7 -6
4 -1 -3
4 6 5
4 4 -8
4 2 5
4 -8 8
4 -1 0
4 4 2
4 2 -5
4 -7 -6
4 -1 -3
4 6 5
4 4 -8
4 2 5
4 -8 8
4 -1 0
4 4 2
4 2 -5
4 -7 -6
4 -1 -3
4 6 5
4 4 -8
4 2 5
4 -8 8
4 -1 0
4 4 2
4 2 -5
4 -7 -6
4 -1 -3
4 6 5
4 4 -8
4 2 5
4 -8 8
4 -1 0
4 4 2
4 2 -5
4 -7 -6
4 -1 -3
4 6 5
4 4 -8
4 2 5
4 -8 8
4 -1 0
4 4 2
4 2 -5
4 -7 -6
4 -1 -3
4 6 5
4 4 -8
4 2 5
4 -8 8
4 -1 0
4 4 2
4 2 -5
4 -7 -6
4 -1 -3
4 6 5
4 4 -8
5 2 5
5 -8 8
5 -1 0
5 4 2
5 2 -5
5 -7 -6
5 -1 -3
5 6 5
5 4 -8
5 2 5
5 -8 8
5 -1 0
5 4 2
5 2 -5
5 -7 -6
5 -1 -3
5 6 5
5 4 -8
5 2 5
5 -8 8
5 -1 0
5 4 2
5 2 -5
5 -7 -6
5 -1 -3
5 6 5
5 4 -8
5 2 5
5 -8 8
5 -1 0
5 4 2
5 2 -5
5 -7 -6
5 -1 -3
5 6 5
5 4 -8
5 2 5
5 -8 8
5 -1 0
5 4 2
5 2 -5
5 -7 -6
5 -1 -3
5 6 5
5 4 -8
5 2 5
5 -8 8
5 -1 0
5 4 2
5 2 -5
5 -7 -6
5 -1 -3
5 6 5
5 4 -8
5 2 5
5 -8 8
5 -1 0
5 4 2
5 2 -5
5 -7 -6
5 -1 -3
5 6 5
5 4 -8
5 2 5
5 -8 8
5 -1 0
5 4 2
5 2 -5
5 -7 -6
5 -1 -3
5 6 5
5 4 -8
5 2 5
5 -8 8
5 -1 0
5 4 2
5 2 -5
5 -7 -6
5 -1 -3
5 6 5
5 4 -8
5 2 5
5 -8 8
5 -1 0
5 4 2
5 2 -5
5 -7 -6
5 -1 -3
5 6 5
5 4 -8
5 2 5
5 -8 8
5 -1 0
5 4 2
5 2 -5
5 -7 -6
5 -1 -3
5 6 5
5 4 -8
5 2 5
5 -8 8
5 -1 0
5 4 2
5 2 -5
5 -7 -6
5 -1 -3
5 6 5
5 4 -8
5 2 5
5 -8 8
5 -1 0
5 4 2
5 2 -5
5 -7 -6
5 -1 -3
5 6 5
5 4 -8
5 2 5
5 -8 8
5 -1 0
5 4 2
5 2 -5
5 -7 -6
5 -1 -3
5 6 5
5 4 -8
5 2 5
5 -8 8
5 -1 0
5 4 2
5 2 -5
5 -7 -6
5 -1 -3
5 6 5
5 4 -8
6 2 5
6 -8 8
6 -1 0
6 4 2
6 2 -5
6 -7 -6
6 -1 -3
6 6 5
6 4 -8
6 2 5
6 -8 8
6 -1 0
6 4 2
6 2 -5
6 -7 -6
6 -1 -3
6 6 5
6 4 -8
6 2 5
6 -8 8
6 -1 0
6 4 2
6 2 -5
6 -7 -6
6 -1 -3
6 6 5
6 4 -8
6 2 5
6 -8 8
6 -1 0
6 4 2
6 2 -5
6 -7 -6
6 -1 -3
6 6 5
6 4 -8
6 2 5
6 -8 8
6 -1 0
6 4 2
6 2 -5
6 -7 -6
6 -1 -3
6 6 5
6 4 -8
6 2 5
6 -8 8
6 -1 0
6 4 2
6 2 -5
6 -7 -6
6 -1 -3
6 6 5
6 4 -8
6 2 5
6 -8 8
6 -1 0
6 4 2
6 2 -5
6 -7 -6
6 -1 -3
6 6 5
6 4 -8
6 2 5
6 -8 8
6 -1 0
6 4 2
6 2 -5
6 -7 -6
6 -1 -3
6 6 5
6 4 -8
6 2 5
6 -8 8
6 -1 0
6 4 2
6 2 -5
6 -7 -6
6 -1 -3
6 6 5
6 4 -8
6 2 5
6 -8 8
6 -1 0
6 4 2
6 2 -5
6 -7 -6
6 -1 -3
6 6 5
6 4 -8
6 2 5
6 -8 8
6 -1 0
6 4 2
6 2 -5
6 -7 -6
6 -1 -3
6 6 5
6 4 -8
6 2 5
6 -8 8
6 -1 0
6 4 2
6 2 -5
6 -7 -6
6 -1 -3
6 6 5
6 4 -8
6 2 5
6 -8 8
6 -1 0
6 4 2
6 2 -5
6 -7 -6
6 -1 -3
6 6 5
6 4 -8
6 2 5
6 -8 8
6 -1 0
6 4 2
6 2 -5
6 -7 -6
6 -1 -3
6 6 5
6 4 -8
6 2 5
6 -8 8
6 -1 0
6 4 2
6 2 -5
6 -7 -6
6 -1 -3
6 6 5
6 4 -8
7 2 5
7 -8 8
7 -1 0
7 4 2
7 2 -5
7 -7 -6
7 -1 -3
7 6 5
7 4 -8
7 2 5
7 -8 8
7 -1 0
7 4 2
7 2 -5
7 -7 -6
7 -1 -3
7 6 5
7 4 -8
7 2 5
7 -8 8
7 -1 0
7 4 2
7 2 -5
7 -7 -6
7 -1 -3
7 6 5
7 4 -8
7 2 5
7 -8 8
7 -1 0
7 4 2
7 2 -5
7 -7 -6
7 -1 -3
7 6 5
7 4 -8
7 2 5
7 -8 8
7 -1 0
7 4 2
7 2 -5
7 -7 -6
7 -1 -3
7 6 5
7 4 -8
7 2 5
7 -8 8
7 -1 0
7 4 2
7 2 -5
7 -7 -6
7 -1 -3
7 6 5
7 4 -8
7 2 5
7 -8 8
7 -1 0
7 4 2
7 2 -5
7 -7 -6
7 -1 -3
7 6 5
7 4 -8
7 2 5
7 -8 8
7 -1 0
7 4 2
7 2 -5
7 -7 -6
7 -1 -3
7 6 5
7 4 -8
7 2 5
7 -8 8
7 -1 0
7 4 2
7 2 -5
7 -7 -6
7 -1 -3
7 6 5
7 4 -8
7 2 5
7 -8 8
7 -1 0
7 4 2
7 2 -5
7 -7 -6
7 -1 -3
7 6 5
7 4 -8
7 2 5
7 -8 8
7 -1 0
7 4 2
7 2 -5
7 -7 -6
7 -1 -3
7 6 5
7 4 -8
7 2 5
7 -8 8
7 -1 0
7 4 2
7 2 -5
7 -7 -6
7 -1 -3
7 6 5
7 4 -8
7 2 5
7 -8 8
7 -1 0
7 4 2
7 2 -5
7 -7 -6
7 -1 -3
7 6 5
7 4 -8
7 2 5
7 -8 8
7 -1 0
7 4 2
7 2 -5
7 -7 -6
7 -1 -3
7 6 5
7 4 -8
7 2 5
7 -8 8
7 -1 0
7 4 2
7 2 -5
7 -7 -6
7 -1 -3
7 6 5
7 4 -8
8 2 5
8 -8 8
8 -1 0
8 4 2
8 2 -5
8 -7 -6
8 -1 -3
8 6 5
8 4 -8
8 2 5
8 -8 8
8 -1 0
8 4 2
8 2 -5
8 -7 -6
8 -1 -3
8 6 5
8 4 -8
8 2 5
8 -8 8
8 -1 0
8 4 2
8 2 -5
8 -7 -6
8 -1 -3
8 6 5
8 4 -8
8 2 5
8 -8 8
8 -1 0
8 4 2
8 2 -5
8 -7 -6
8 -1 -3
8 6 5
8 4 -8
8 2 5
8 -8 8
8 -1 0
8 4 2
8 2 -5
8 -7 -6
8 -1 -3
8 6 5
8 4 -8
8 2 5
8 -8 8
8 -1 0
8 4 2
8 2 -5
8 -7 -6
8 -1 -3
8 6 5
8 4 -8
8 2 5
8 -8 8
8 -1 0
8 4 2
8 2 -5
8 -7 -6
8 -1 -3
8 6 5
8 4 -8
8 2 5
8 -8 8
8 -1 0
8 4 2
8 2 -5
8 -7 -6
8 -1 -3
8 6 5
8 4 -8
8 2 5
8 -8 8
8 -1 0
8 4 2
8 2 -5
8 -7 -6
8 -1 -3
8 6 5
8 4 -8
8 2 5
8 -8 8
8 -1 0
8 4 2
8 2 -5
8 -7 -6
8 -1 -3
8 6 5
8 4 -8
8 2 5
8 -8 8
8 -1 0
8 4 2
8 2 -5
8 -7 -6
8 -1 -3
8 6 5
8 4 -8
8 2 5
8 -8 8
8 -1 0
8 4 2
8 2 -5
8 -7 -6
8 -1 -3
8 6 5
8 4 -8
8 2 5
8 -8 8
8 -1 0
8 4 2
8 2 -5
8 -7 -6
8 -1 -3
8 6 5
8 4 -8
8 2 5
8 -8 8
8 -1 0
8 4 2
8 2 -5
8 -7 -6
8 -1 -3
8 6 5
8 4 -8
8 2 5
8 -8 8
8 -1 0
8 4 2
8 2 -5
8 -7 -6
8 -1 -3
8 6 5
8 4 -8
9 2 5
9 -8 8
9 -1 0
9 4 2
9 2 -5
9 -7 -6
9 -1 -3
9 6 5
9 4 -8
9 2 5
9 -8 8
9 -1 0
9 4 2
9 2 -5
9 -7 -6
9 -1 -3
9 6 5
9 4 -8
9 2 5
9 -8 8
9 -1 0
9 4 2
9 2 -5
9 -7 -6
9 -1 -3
9 6 5
9 4 -8
9 2 5
9 -8 8
9 -1 0
9 4 2
9 2 -5
9 -7 -6
9 -1 -3
9 6 5
9 4 -8
9 2 5
9 -8 8
9 -1 0
9 4 2
9 2 -5
9 -7 -6
9 -1 -3
9 6 5
9 4 -8
9 2 5
9 -8 8
9 -1 0
9 4 2
9 2 -5
9 -7 -6
9 -1 -3
9 6 5
9 4 -8
9 2 5
9 -8 8
9 -1 0
9 4 2
9 2 -5
9 -7 -6
9 -1 -3
9 6 5
9 4 -8
9 2 5
9 -8 8
9 -1 0
9 4 2
9 2 -5
9 -7 -6
9 -1 -3
9 6 5
9 4 -8
9 2 5
9 -8 8
9 -1 0
9 4 2
9 2 -5
9 -7 -6
9 -1 -3
9 6 5
9 4 -8
9 2 5
9 -8 8
9 -1 0
9 4 2
9 2 -5
9 -7 -6
9 -1 -3
9 6 5
9 4 -8
9 2 5
9 -8 8
9 -1 0
9 4 2
9 2 -5
9 -7 -6
9 -1 -3
9 6 5
9 4 -8
9 2 5
9 -8 8
9 -1 0
9 4 2
9 2 -5
9 -7 -6
9 -1 -3
9 6 5
9 4 -8
9 2 5
9 -8 8
9 -1 0
9 4 2
9 2 -5
9 -7 -6
9 -1 -3
9 6 5
9 4 -8
9 2 5
9 -8 8
9 -1 0
9 4 2
9 2 -5
9 -7 -6
9 -1 -3
9 6 5
9 4 -8
9 2 5
9 -8 8
9 -1 0
9 4 2
9 2 -5
9 -7 -6
9 -1 -3
9 6 5
9 4 -8
10 2 5
10 -8 8
10 -1 0
10 4 2
10 2 -5
10 -7 -6
10 -1 -3
10 6 5
10 4 -8
10 2 5
10 -8 8
10 -1 0
10 4 2
10 2 -5
10 -7 -6
10 -1 -3
10 6 5
10 4 -8
10 2 5
10 -8 8
10 -1 0
10 4 2
10 2 -5
10 -7 -6
10 -1 -3
10 6 5
10 4 -8
10 2 5
10 -8 8
10 -1 0
10 4 2
10 2 -5
10 -7 -6
10 -1 -3
10 6 5
10 4 -8
10 2 5
10 -8 8
10 -1 0
10 4 2
10 2 -5
10 -7 -6
10 -1 -3
10 6 5
10 4 -8
10 2 5
10 -8 8
10 -1 0
10 4 2
10 2 -5
10 -7 -6
10 -1 -3
10 6 5
10 4 -8
10 2 5
10 -8 8
10 -1 0
10 4 2
10 2 -5
10 -7 -6
10 -1 -3
10 6 5
10 4 -8
10 2 5
10 -8 8
10 -1 0
10 4 2
10 2 -5
10 -7 -6
10 -1 -3
10 6 5
10 4 -8
10 2 5
10 -8 8
10 -1 0
10 4 2
10 2 -5
10 -7 -6
10 -1 -3
10 6 5
10 4 -8
10 2 5
10 -8 8
10 -1 0
10 4 2
10 2 -5
10 -7 -6
10 -1 -3
10 6 5
10 4 -8
10 2 5
10 -8 8
10 -1 0
10 4 2
10 2 -5
10 -7 -6
10 -1 -3
10 6 5
10 4 -8
10 2 5
10 -8 8
10 -1 0
10 4 2
10 2 -5
10 -7 -6
10 -1 -3
10 6 5
10 4 -8
10 2 5
10 -8 8
10 -1 0
10 4 2
10 2 -5
10 -7 -6
10 -1 -3
10 6 5
10 4 -8
10 2 5
10 -8 8
10 -1 0
10 4 2
10 2 -5
10 -7 -6
10 -1 -3
10 6 5
10 4 -8
10 2 5
10 -8 8
10 -1 0
10 4 2
10 2 -5
10 -7 -6
10 -1 -3
10 6 5
10 4 -8
11 2 5
11 -8 8
11 -1 0
11 4 2
11 2 -5
11 -7 -6
11 -1 -3
11 6 5
11 4 -8
11 2 5
11 -8 8
11 -1 0
11 4 2
11 2 -5
11 -7 -6
11 -1 -3
11 6 5
11 4 -8
11 2 5
11 -8 8
11 -1 0
11 4 2
11 2 -5
11 -7 -6
11 -1 -3
11 6 5
11 4 -8
11 2 5
11 -8 8
11 -1 0
11 4 2
11 2 -5
11 -7 -6
11 -1 -3
11 6 5
11 4 -8
11 2 5
11 -8 8
11 -1 0
11 4 2
11 2 -5
11 -7 -6
11 -1 -3
11 6 5
11 4 -8
11 2 5
11 -8 8
11 -1 0
11 4 2
11 2 -5
11 -7 -6
11 -1 -3
11 6 5
11 4 -8
11 2 5
11 -8 8
11 -1 0
11 4 2
11 2 -5
11 -7 -6
11 -1 -3
11 6 5
11 4 -8
11 2 5
11 -8 8
11 -1 0
11 4 2
11 2 -5
11 -7 -6
11 -1 -3
11 6 5
11 4 -8
11 2 5
11 -8 8
11 -1 0
11 4 2
11 2 -5
11 -7 -6
11 -1 -3
11 6 5
11 4 -8
11 2 5
11 -8 8
11 -1 0
11 4 2
11 2 -5
11 -7 -6
11 -1 -3
11 6 5
11 4 -8
11 2 5
11 -8 8
11 -1 0
11 4 2
11 2 -5
11 -7 -6
11 -1 -3
11 6 5
11 4 -8
11 2 5
11 -8 8
11 -1 0
11 4 2
11 2 -5
11 -7 -6
11 -1 -3
11 6 5
11 4 -8
11 2 5
11 -8 8
11 -1 0
11 4 2
11 2 -5
11 -7 -6
11 -1 -3
11 6 5
11 4 -8
11 2 5
11 -8 8
11 -1 0
11 4 2
11 2 -5
11 -7 -6
11 -1 -3
11 6 5
11 4 -8
11 2 5
11 -8 8
11 -1 0
11 4 2
11 2 -5
11 -7 -6
11 -1 -3
11 6 5
11 4 -8
12 2 5
12 -8 8
12 -1 0
12 4 2
12 2 -5
12 -7 -6
12 -1 -3
12 6 5
12 4 -8
12 2 5
12 -8 8
12 -1 0
12 4 2
12 2 -5
12 -7 -6
12 -1 -3
12 6 5
12 4 -8
12 2 5
12 -8 8
12 -1 0
12 4 2
12 2 -5
12 -7 -6
12 -1 -3
12 6 5
12 4 -8
12 2 5
12 -8 8
12 -1 0
12 4 2
12 2 -5
12 -7 -6
12 -1 -3
12 6 5
12 4 -8
12 2 5
12 -8 8
12 -1 0
12 4 2
12 2 -5
12 -7 -6
12 -1 -3
12 6 5
12 4 -8
12 2 5
12 -8 8
12 -1 0
12 4 2
12 2 -5
12 -7 -6
12 -1 -3
12 6 5
12 4 -8
12 2 5
12 -8 8
12 -1 0
12 4 2
12 2 -5
12 -7 -6
12 -1 -3
12 6 5
12 4 -8
12 2 5
12 -8 8
12 -1 0
12 4 2
12 2 -5
12 -7 -6
12 -1 -3
12 6 5
12 4 -8
12 2 5
12 -8 8
12 -1 0
12 4 2
12 2 -5
12 -7 -6
12 -1 -3
12 6 5
12 4 -8
12 2 5
12 -8 8
12 -1 0
12 4 2
12 2 -5
12 -7 -6
12 -1 -3
12 6 5
12 4 -8
12 2 5
12 -8 8
12 -1 0
12 4 2
12 2 -5
12 -7 -6
12 -1 -3
12 6 5
12 4 -8
12 2 5
12 -8 8
12 -1 0
12 4 2
12 2 -5
12 -7 -6
12 -1 -3
12 6 5
12 4 -8
12 2 5
12 -8 8
12 -1 0
12 4 2
12 2 -5
12 -7 -6
12 -1 -3
12 6 5
12 4 -8
12 2 5
12 -8 8
12 -1 0
12 4 2
12 2 -5
12 -7 -6
12 -1 -3
12 6 5
12 4 -8
12 2 5
12 -8 8
12 -1 0
12 4 2
12 2 -5
12 -7 -6
12 -1 -3
12 6 5
12 4 -8
13 2 5
13 -8 8
13 -1 0
13 4 2
13 2 -5
13 -7 -6
13 -1 -3
13 6 5
13 4 -8
13 2 5
13 -8 8
13 -1 0
13 4 2
13 2 -5
13 -7 -6
13 -1 -3
13 6 5
13 4 -8
13 2 5
13 -8 8
13 -1 0
13 4 2
13 2 -5
13 -7 -6
13 -1 -3
13 6 5
13 4 -8
13 2 5
13 -8 8
13 -1 0
13 4 2
13 2 -5
13 -7 -6
13 -1 -3
13 6 5
13 4 -8
13 2 5
13 -8 8
13 -1 0
13 4 2
13 2 -5
13 -7 -6
13 -1 -3
13 6 5
13 4 -8
13 2 5
13 -8 8
13 -1 0
13 4 2
13 2 -5
13 -7 -6
13 -1 -3
13 6 5
13 4 -8
13 2 5
13 -8 8
13 -1 0
13 4 2
13 2 -5
13 -7 -6
13 -1 -3
13 6 5
13 4 -8
13 2 5
13 -8 8
13 -1 0
13 4 2
13 2 -5
13 -7 -6
13 -1 -3
13 6 5
13 4 -8
13 2 5
13 -8 8
13 -1 0
13 4 2
13 2 -5
13 -7 -6
13 -1 -3
13 6 5
13 4 -8
13 2 5
13 -8 8
13 -1 0
13 4 2
13 2 -5
13 -7 -6
13 -1 -3
13 6 5
13 4 -8
13 2 5
13 -8 8
13 -1 0
13 4 2
13 2 -5
13 -7 -6
13 -1 -3
13 6 5
13 4 -8
13 2 5
13 -8 8
13 -1 0
13 4 2
13 2 -5
13 -7 -6
13 -1 -3
13 6 5
13 4 -8
13 2 5
13 -8 8
13 -1 0
13 4 2
13 2 -5
13 -7 -6
13 -1 -3
13 6 5
13 4 -8
13 2 5
13 -8 8
13 -1 0
13 4 2
13 2 -5
13 -7 -6
13 -1 -3
13 6 5
13 4 -8
13 2 5
13 -8 8
13 -1 0
13 4 2
13 2 -5
13 -7 -6
13 -1 -3
13 6 5
13 4 -8
14 2 5
14 -8 8
14 -1 0
14 4 2
14 2 -5
14 -7 -6
14 -1 -3
14 6 5
14 4 -8
14 2 5
14 -8 8
14 -1 0
14 4 2
14 2 -5
14 -7 -6
14 -1 -3
14 6 5
14 4 -8
14 2 5
14 -8 8
14 -1 0
14 4 2
14 2 -5
14 -7 -6
14 -1 -3
14 6 5
14 4 -8
14 2 5
14 -8 8
14 -1 0
14 4 2
14 2 -5
14 -7 -6
14 -1 -3
14 6 5
14 4 -8
14 2 5
14 -8 8
14 -1 0
14 4 2
14 2 -5
14 -7 -6
14 -1 -3
14 6 5
14 4 -8
14 2 5
14 -8 8
14 -1 0
14 4 2
14 2 -5
14 -7 -6
14 -1 -3
14 6 5
14 4 -8
14 2 5
14 -8 8
14 -1 0
14 4 2
14 2 -5
14 -7 -6
14 -1 -3
14 6 5
14 4 -8
14 2 5
14 -8 8
14 -1 0
14 4 2
14 2 -5
14 -7 -6
14 -1 -3
14 6 5
14 4 -8
14 2 5
14 -8 8
14 -1 0
14 4 2
14 2 -5
14 -7 -6
14 -1 -3
14 6 5
14 4 -8
14 2 5
14 -8 8
14 -1 0
14 4 2
14 2 -5
14 -7 -6
14 -1 -3
14 6 5
14 4 -8
14 2 5
14 -8 8
14 -1 0
14 4 2
14 2 -5
14 -7 -6
14 -1 -3
14 6 5
14 4 -8
14 2 5
14 -8 8
14 -1 0
14 4 2
14 2 -5
14 -7 -6
14 -1 -3
14 6 5
14 4 -8
14 2 5
14 -8 8
14 -1 0
14 4 2
14 2 -5
14 -7 -6
14 -1 -3
14 6 5
14 4 -8
14 2 5
14 -8 8
14 -1 0
14 4 2
14 2 -5
14 -7 -6
14 -1 -3
14 6 5
14 4 -8
14 2 5
14 -8 8
14 -1 0
14 4 2
14 2 -5
14 -7 -6
14 -1 -3
14 6 5
14 4 -8
15 2 5
15 -8 8
15 -1 0
15 4 2
15 2 -5
15 -7 -6
15 -1 -3
15 6 5
15 4 -8
15 2 5
15 -8 8
15 -1 0
15 4 2
15 2 -5
15 -7 -6
15 -1 -3
15 6 5
15 4 -8
15 2 5
15 -8 8
15 -1 0
15 4 2
15 2 -5
15 -7 -6
15 -1 -3
15 6 5
15 4 -8
15 2 5
15 -8 8
15 -1 0
15 4 2
15 2 -5
15 -7 -6
15 -1 -3
15 6 5
15 4 -8
15 2 5
15 -8 8
15 -1 0
15 4 2
15 2 -5
15 -7 -6
15 -1 -3
15 6 5
15 4 -8
15 2 5
15 -8 8
15 -1 0
15 4 2
15 2 -5
15 -7 -6
15 -1 -3
15 6 5
15 4 -8
15 2 5
15 -8 8
15 -1 0
15 4 2
15 2 -5
15 -7 -6
15 -1 -3
15 6 5
15 4 -8
15 2 5
15 -8 8
15 -1 0
15 4 2
15 2 -5
15 -7 -6
15 -1 -3
15 6 5
15 4 -8
15 2 5
15 -8 8
15 -1 0
15 4 2
15 2 -5
15 -7 -6
15 -1 -3
15 6 5
15 4 -8
15 2 5
15 -8 8
15 -1 0
15 4 2
15 2 -5
15 -7 -6
15 -1 -3
15 6 5
15 4 -8
15 2 5
15 -8 8
15 -1 0
15 4 2
15 2 -5
15 -7 -6
15 -1 -3
15 6 5
15 4 -8
15 2 5
15 -8 8
15 -1 0
15 4 2
15 2 -5
15 -7 -6
15 -1 -3
15 6 5
15 4 -8
15 2 5
15 -8 8
15 -1 0
15 4 2
15 2 -5
15 -7 -6
15 -1 -3
15 6 5
15 4 -8
15 2 5
15 -8 8
15 -1 0
15 4 2
15 2 -5
15 -7 -6
15 -1 -3
15 6 5
15 4 -8
15 2 5
15 -8 8
15 -1 0
15 4 2
15 2 -5
15 -7 -6
15 -1 -3
15 6 5
15 4 -8
16 2 5
16 -8 8
16 -1 0
16 4 2
16 2 -5
16 -7 -6
16 -1 -3
16 6 5
16 4 -8
16 2 5
16 -8 8
16 -1 0
16 4 2
16 2 -5
16 -7 -6
16 -1 -3
16 6 5
16 4 -8
16 2 5
16 -8 8
16 -1 0
16 4 2
16 2 -5
16 -7 -6
16 -1 -3
16 6 5
16 4 -8
16 2 5
16 -8 8
16 -1 0
16 4 2
16 2 -5
16 -7 -6
16 -1 -3
16 6 5
16 4 -8
16 2 5
16 -8 8
16 -1 0
16 4 2
16 2 -5
16 -7 -6
16 -1 -3
16 6 5
16 4 -8
16 2 5
16 -8 8
16 -1 0
16 4 2
16 2 -5
16 -7 -6
16 -1 -3
16 6 5
16 4 -8
16 2 5
16 -8 8
16 -1 0
16 4 2
16 2 -5
16 -7 -6
16 -1 -3
16 6 5
16 4 -8
16 2 5
16 -8 8
16 -1 0
16 4 2
16 2 -5
16 -7 -6
16 -1 -3
16 6 5
16 4 -8
16 2 5
16 -8 8
16 -1 0
16 4 2
16 2 -5
16 -7 -6
16 -1 -3
16 6 5
16 4 -8
16 2 5
16 -8 8
16 -1 0
16 4 2
16 2 -5
16 -7 -6
16 -1 -3
16 6 5
16 4 -8
16 2 5
16 -8 8
16 -1 0
16 4 2
16 2 -5
16 -7 -6
16 -1 -3
16 6 5
16 4 -8
16 2 5
16 -8 8
16 -1 0
16 4 2
16 2 -5
16 -7 -6
16 -1 -3
16 6 5
16 4 -8
16 2 5
16 -8 8
16 -1 0
16 4 2
16 2 -5
16 -7 -6
16 -1 -3
16 6 5
16 4 -8
16 2 5
16 -8 8
16 -1 0
16 4 2
16 2 -5
16 -7 -6
16 -1 -3
16 6 5
16 4 -8
16 2 5
16 -8 8
16 -1 0
16 4 2
16 2 -5
16 -7 -6
16 -1 -3
16 6 5
16 4 -8
17 2 5
17 -8 8
17 -1 0
17 4 2
17 2 -5
17 -7 -6
17 -1 -3
17 6 5
17 4 -8
17 2 5
17 -8 8
17 -1 0
17 4 2
17 2 -5
17 -7 -6
17 -1 -3
17 6 5
17 4 -8
17 2 5
17 -8 8
17 -1 0
17 4 2
17 2 -5
17 -7 -6
17 -1 -3
17 6 5
17 4 -8
17 2 5
17 -8 8
17 -1 0
17 4 2
17 2 -5
17 -7 -6
17 -1 -3
17 6 5
17 4 -8
17 2 5
17 -8 8
17 -1 0
17 4 2
17 2 -5
17 -7 -6
17 -1 -3
17 6 5
17 4 -8
17 2 5
17 -8 8
17 -1 0
17 4 2
17 2 -5
17 -7 -6
17 -1 -3
17 6 5
17 4 -8
17 2 5
17 -8 8
17 -1 0
17 4 2
17 2 -5
17 -7 -6
17 -1 -3
17 6 5
17 4 -8
17 2 5
17 -8 8
17 -1 0
17 4 2
17 2 -5
17 -7 -6
17 -1 -3
17 6 5
17 4 -8
17 2 5
17 -8 8
17 -1 0
17 4 2
17 2 -5
17 -7 -6
17 -1 -3
17 6 5
17 4 -8
17 2 5
17 -8 8
17 -1 0
17 4 2
17 2 -5
17 -7 -6
17 -1 -3
17 6 5
17 4 -8
17 2 5
17 -8 8
17 -1 0
17 4 2
17 2 -5
17 -7 -6
17 -1 -3
17 6 5
17 4 -8
17 2 5
17 -8 8
17 -1 0
17 4 2
17 2 -5
17 -7 -6
17 -1 -3
17 6 5
17 4 -8
17 2 5
17 -8 8
17 -1 0
17 4 2
17 2 -5
17 -7 -6
17 -1 -3
17 6 5
17 4 -8
17 2 5
17 -8 8
17 -1 0
17 4 2
17 2 -5
17 -7 -6
17 -1 -3
17 6 5
17 4 -8
17 2 5
17 -8 8
17 -1 0
17 4 2
17 2 -5
17 -7 -6
17 -1 -3
17 6 5
17 4 -8
18 2 5
18 -8 8
18 -1 0
18 4 2
18 2 -5
18 -7 -6
18 -1 -3
18 6 5
18 4 -8
18 2 5
18 -8 8
18 -1 0
18 4 2
18 2 -5
18 -7 -6
18 -1 -3
18 6 5
18 4 -8
18 2 5
18 -8 8
18 -1 0
18 4 2
18 2 -5
18 -7 -6
18 -1 -3
18 6 5
18 4 -8
18 2 5
18 -8 8
18 -1 0
18 4 2
18 2 -5
18 -7 -6
18 -1 -3
18 6 5
18 4 -8
18 2 5
18 -8 8
18 -1 0
18 4 2
18 2 -5
18 -7 -6
18 -1 -3
18 6 5
18 4 -8
18 2 5
18 -8 8
18 -1 0
18 4 2
18 2 -5
18 -7 -6
18 -1 -3
18 6 5
18 4 -8
18 2 5
18 -8 8
18 -1 0
18 4 2
18 2 -5
18 -7 -6
18 -1 -3
18 6 5
18 4 -8
18 2 5
18 -8 8
18 -1 0
18 4 2
18 2 -5
18 -7 -6
18 -1 -3
18 6 5
18 4 -8
18 2 5
18 -8 8
18 -1 0
18 4 2
18 2 -5
18 -7 -6
18 -1 -3
18 6 5
18 4 -8
18 2 5
18 -8 8
18 -1 0
18 4 2
18 2 -5
18 -7 -6
18 -1 -3
18 6 5
18 4 -8
18 2 5
18 -8 8
18 -1 0
18 4 2
18 2 -5
18 -7 -6
18 -1 -3
18 6 5
18 4 -8
18 2 5
18 -8 8
18 -1 0
18 4 2
18 2 -5
18 -7 -6
18 -1 -3
18 6 5
18 4 -8
18 2 5
18 -8 8
18 -1 0
18 4 2
18 2 -5
18 -7 -6
18 -1 -3
18 6 5
18 4 -8
18 2 5
18 -8 8
18 -1 0
18 4 2
18 2 -5
18 -7 -6
18 -1 -3
18 6 5
18 4 -8
18 2 5
18 -8 8
18 -1 0
18 4 2
18 2 -5
18 -7 -6
18 -1 -3
18 6 5
18 4 -8
19 2 5
19 -8 8
19 -1 0
19 4 2
19 2 -5
19 -7 -6
19 -1 -3
19 6 5
19 4 -8
19 2 5
19 -8 8
19 -1 0
19 4 2
19 2 -5
19 -7 -6
19 -1 -3
19 6 5
19 4 -8
19 2 5
19 -8 8
19 -1 0
19 4 2
19 2 -5
19 -7 -6
19 -1 -3
19 6 5
19 4 -8
19 2 5
19 -8 8
19 -1 0
19 4 2
19 2 -5
19 -7 -6
19 -1 -3
19 6 5
19 4 -8
19 2 5
19 -8 8
19 -1 0
19 4 2
19 2 -5
19 -7 -6
19 -1 -3
19 6 5
19 4 -8
19 2 5
19 -8 8
19 -1 0
19 4 2
19 2 -5
19 -7 -6
19 -1 -3
19 6 5
19 4 -8
19 2 5
19 -8 8
19 -1 0
19 4 2
19 2 -5
19 -7 -6
19 -1 -3
19 6 5
19 4 -8
19 2 5
19 -8 8
19 -1 0
19 4 2
19 2 -5
19 -7 -6
19 -1 -3
19 6 5
19 4 -8
19 2 5
19 -8 8
19 -1 0
19 4 2
19 2 -5
19 -7 -6
19 -1 -3
19 6 5
19 4 -8
19 2 5
19 -8 8
19 -1 0
19 4 2
19 2 -5
19 -7 -6
19 -1 -3
19 6 5
19 4 -8
19 2 5
19 -8 8
19 -1 0
19 4 2
19 2 -5
19 -7 -6
19 -1 -3
19 6 5
19 4 -8
19 2 5
19 -8 8
19 -1 0
19 4 2
19 2 -5
19 -7 -6
19 -1 -3
19 6 5
19 4 -8
19 2 5
19 -8 8
19 -1 0
19 4 2
19 2 -5
19 -7 -6
19 -1 -3
19 6 5
19 4 -8
19 2 5
19 -8 8
19 -1 0
19 4 2
19 2 -5
19 -7 -6
19 -1 -3
19 6 5
19 4 -8
19 2 5
19 -8 8
19 -1 0
19 4 2
19 2 -5
19 -7 -6
19 -1 -3
19 6 5
19 4 -8
20 2 5
20 -8 8
20 -1 0
20 4 2
20 2 -5
20 -7 -6
20 -1 -3
20 6 5
20 4 -8
20 2 5
20 -8 8
20 -1 0
20 4 2
20 2 -5
20 -7 -6
20 -1 -3
20 6 5
20 4 -8
20 2 5
20 -8 8
20 -1 0
20 4 2
20 2 -5
20 -7 -6
20 -1 -3
20 6 5
20 4 -8
20 2 5
20 -8 8
20 -1 0
20 4 2
20 2 -5
20 -7 -6
20 -1 -3
20 6 5
20 4 -8
20 2 5
20 -8 8
20 -1 0
20 4 2
20 2 -5
20 -7 -6
20 -1 -3
20 6 5
20 4 -8
20 2 5
20 -8 8
20 -1 0
20 4 2
20 2 -5
20 -7 -6
20 -1 -3
20 6 5
20 4 -8
20 2 5
20 -8 8
20 -1 0
20 4 2
20 2 -5
20 -7 -6
20 -1 -3
20 6 5
20 4 -8
20 2 5
20 -8 8
20 -1 0
20 4 2
20 2 -5
20 -7 -6
20 -1 -3
20 6 5
20 4 -8
20 2 5
20 -8 8
20 -1 0
20 4 2
20 2 -5
20 -7 -6
20 -1 -3
20 6 5
20 4 -8
20 2 5
20 -8 8
20 -1 0
20 4 2
20 2 -5
20 -7 -6
20 -1 -3
20 6 5
20 4 -8
20 2 5
20 -8 8
20 -1 0
20 4 2
20 2 -5
20 -7 -6
20 -1 -3
20 6 5
20 4 -8
20 2 5
20 -8 8
20 -1 0
20 4 2
20 2 -5
20 -7 -6
20 -1 -3
20 6 5
20 4 -8
20 2 5
20 -8 8
20 -1 0
20 4 2
20 2 -5
20 -7 -6
20 -1 -3
20 6 5
20 4 -8
20 2 5
20 -8 8
20 -1 0
20 4 2
20 2 -5
20 -7 -6
20 -1 -3
20 6 5
20 4 -8
20 2 5
20 -8 8
20 -1 0
20 4 2
20 2 -5
20 -7 -6
20 -1 -3
20 6 5
20 4 -8
21 2 5
21 -8 8
21 -1 0
21 4 2
21 2 -5
21 -7 -6
21 -1 -3
21 6 5
21 4 -8
21 2 5
21 -8 8
21 -1 0
21 4 2
21 2 -5
21 -7 -6
21 -1 -3
21 6 5
21 4 -8
21 2 5
21 -8 8
21 -1 0
21 4 2
21 2 -5
21 -7 -6
21 -1 -3
21 6 5
21 4 -8
21 2 5
21 -8 8
21 -1 0
21 4 2
21 2 -5
21 -7 -6
21 -1 -3
21 6 5
21 4 -8
21 2 5
21 -8 8
21 -1 0
21 4 2
21 2 -5
21 -7 -6
21 -1 -3
21 6 5
21 4 -8
21 2 5
21 -8 8
21 -1 0
21 4 2
21 2 -5
21 -7 -6
21 -1 -3
21 6 5
21 4 -8
21 2 5
21 -8 8
21 -1 0
21 4 2
21 2 -5
21 -7 -6
21 -1 -3
21 6 5
21 4 -8
21 2 5
21 -8 8
21 -1 0
21 4 2
21 2 -5
21 -7 -6
21 -1 -3
21 6 5
21 4 -8
21 2 5
21 -8 8
21 -1 0
21 4 2
21 2 -5
21 -7 -6
21 -1 -3
21 6 5
21 4 -8
21 2 5
21 -8 8
21 -1 0
21 4 2
21 2 -5
21 -7 -6
21 -1 -3
21 6 5
21 4 -8
21 2 5
21 -8 8
21 -1 0
21 4 2
21 2 -5
21 -7 -6
21 -1 -3
21 6 5
21 4 -8
21 2 5
21 -8 8
21 -1 0
21 4 2
21 2 -5
21 -7 -6
21 -1 -3
21 6 5
21 4 -8
21 2 5
21 -8 8
21 -1 0
21 4 2
21 2 -5
21 -7 -6
21 -1 -3
21 6 5
21 4 -8
21 2 5
21 -8 8
21 -1 0
21 4 2
21 2 -5
21 -7 -6
21 -1 -3
21 6 5
21 4 -8
21 2 5
21 -8 8
21 -1 0
21 4 2
21 2 -5
21 -7 -6
21 -1 -3
21 6 5
21 4 -8
22 2 5
22 -8 8
22 -1 0
22 4 2
22 2 -5
22 -7 -6
22 -1 -3
22 6 5
22 4 -8
22 2 5
22 -8 8
22 -1 0
22 4 2
22 2 -5
22 -7 -6
22 -1 -3
22 6 5
22 4 -8
22 2 5
22 -8 8
22 -1 0
22 4 2
22 2 -5
22 -7 -6
22 -1 -3
22 6 5
22 4 -8
22 2 5
22 -8 8
22 -1 0
22 4 2
22 2 -5
22 -7 -6
22 -1 -3
22 6 5
22 4 -8
22 2 5
22 -8 8
22 -1 0
22 4 2
22 2 -5
22 -7 -6
22 -1 -3
22 6 5
22 4 -8
22 2 5
22 -8 8
22 -1 0
22 4 2
22 2 -5
22 -7 -6
22 -1 -3
22 6 5
22 4 -8
22 2 5
22 -8 8
22 -1 0
22 4 2
22 2 -5
22 -7 -6
22 -1 -3
22 6 5
22 4 -8
22 2 5
22 -8 8
22 -1 0
22 4 2
22 2 -5
22 -7 -6
22 -1 -3
22 6 5
22 4 -8
22 2 5
22 -8 8
22 -1 0
22 4 2
22 2 -5
22 -7 -6
22 -1 -3
22 6 5
22 4 -8
22 2 5
22 -8 8
22 -1 0
22 4 2
22 2 -5
22 -7 -6
22 -1 -3
22 6 5
22 4 -8
22 2 5
22 -8 8
22 -1 0
22 4 2
22 2 -5
22 -7 -6
22 -1 -3
22 6 5
22 4 -8
22 2 5
22 -8 8
22 -1 0
22 4 2
22 2 -5
22 -7 -6
22 -1 -3
22 6 5
22 4 -8
22 2 5
22 -8 8
22 -1 0
22 4 2
22 2 -5
22 -7 -6
22 -1 -3
22 6 5
22 4 -8
22 2 5
22 -8 8
22 -1 0
22 4 2
22 2 -5
22 -7 -6
22 -1 -3
22 6 5
22 4 -8
22 2 5
22 -8 8
22 -1 0
22 4 2
22 2 -5
22 -7 -6
22 -1 -3
22 6 5
22 4 -8
23 2 5
23 -8 8
23 -1 0
23 4 2
23 2 -5
23 -7 -6
23 -1 -3
23 6 5
23 4 -8
23 2 5
23 -8 8
23 -1 0
23 4 2
23 2 -5
23 -7 -6
23 -1 -3
23 6 5
23 4 -8
23 2 5
23 -8 8
23 -1 0
23 4 2
23 2 -5
23 -7 -6
23 -1 -3
23 6 5
23 4 -8
23 2 5
23 -8 8
23 -1 0
23 4 2
23 2 -5
23 -7 -6
23 -1 -3
23 6 5
23 4 -8
23 2 5
23 -8 8
23 -1 0
23 4 2
23 2 -5
23 -7 -6
23 -1 -3
23 6 5
23 4 -8
23 2 5
23 -8 8
23 -1 0
23 4 2
23 2 -5
23 -7 -6
23 -1 -3
23 6 5
23 4 -8
23 2 5
23 -8 8
23 -1 0
23 4 2
23 2 -5
23 -7 -6
23 -1 -3
23 6 5
23 4 -8
23 2 5
23 -8 8
23 -1 0
23 4 2
23 2 -5
23 -7 -6
23 -1 -3
23 6 5
23 4 -8
23 2 5
23 -8 8
23 -1 0
23 4 2
23 2 -5
23 -7 -6
23 -1 -3
23 6 5
23 4 -8
23 2 5
23 -8 8
23 -1 0
23 4 2
23 2 -5
23 -7 -6
23 -1 -3
23 6 5
23 4 -8
23 2 5
23 -8 8
23 -1 0
23 4 2
23 2 -5
23 -7 -6
23 -1 -3
23 6 5
23 4 -8
23 2 5
23 -8 8
23 -1 0
23 4 2
23 2 -5
23 -7 -6
23 -1 -3
23 6 5
23 4 -8
23 2 5
23 -8 8
23 -1 0
23 4 2
23 2 -5
23 -7 -6
23 -1 -3
23 6 5
23 4 -8
23 2 5
23 -8 8
23 -1 0
23 4 2
23 2 -5
23 -7 -6
23 -1 -3
23 6 5
23 4 -8
23 2 5
23 -8 8
23 -1 0
23 4 2
23 2 -5
23 -7 -6
23 -1 -3
23 6 5
23 4 -8
24 2 5
24 -8 8
24 -1 0
24 4 2
24 2 -5
24 -7 -6
24 -1 -3
24 6 5
24 4 -8
24 2 5
24 -8 8
24 -1 0
24 4 2
24 2 -5
24 -7 -6
24 -1 -3
24 6 5
24 4 -8
24 2 5
24 -8 8
24 -1 0
24 4 2
24 2 -5
24 -7 -6
24 -1 -3
24 6 5
24 4 -8
24 2 5
24 -8 8
24 -1 0
24 4 2
24 2 -5
24 -7 -6
24 -1 -3
24 6 5
24 4 -8
24 2 5
24 -8 8
24 -1 0
24 4 2
24 2 -5
24 -7 -6
24 -1 -3
24 6 5
24 4 -8
24 2 5
24 -8 8
24 -1 0
24 4 2
24 2 -5
24 -7 -6
24 -1 -3
24 6 5
24 4 -8
24 2 5
24 -8 8
24 -1 0
24 4 2
24 2 -5
24 -7 -6
24 -1 -3
24 6 5
24 4 -8
24 2 5
24 -8 8
24 -1 0
24 4 2
24 2 -5
24 -7 -6
24 -1 -3
24 6 5
24 4 -8
24 2 5
24 -8 8
24 -1 0
24 4 2
24 2 -5
24 -7 -6
24 -1 -3
24 6 5
24 4 -8
24 2 5
24 -8 8
24 -1 0
24 4 2
24 2 -5
24 -7 -6
24 -1 -3
24 6 5
24 4 -8
24 2 5
24 -8 8
24 -1 0
24 4 2
24 2 -5
24 -7 -6
24 -1 -3
24 6 5
24 4 -8
24 2 5
24 -8 8
24 -1 0
24 4 2
24 2 -5
24 -7 -6
24 -1 -3
24 6 5
24 4 -8
24 2 5
24 -8 8
24 -1 0
24 4 2
24 2 -5
24 -7 -6
24 -1 -3
24 6 5
24 4 -8
24 2 5
24 -8 8
24 -1 0
24 4 2
24 2 -5
24 -7 -6
24 -1 -3
24 6 5
24 4 -8
24 2 5
24 -8 8
24 -1 0
24 4 2
24 2 -5
24 -7 -6
24 -1 -3
24 6 5
24 4 -8
25 2 5
25 -8 8
25 -1 0
25 4 2
25 2 -5
25 -7 -6
25 -1 -3
25 6 5
25 4 -8
25 2 5
25 -8 8
25 -1 0
25 4 2
25 2 -5
25 -7 -6
25 -1 -3
25 6 5
25 4 -8
25 2 5
25 -8 8
25 -1 0
25 4 2
25 2 -5
25 -7 -6
25 -1 -3
25 6 5
25 4 -8
25 2 5
25 -8 8
25 -1 0
25 4 2
25 2 -5
25 -7 -6
25 -1 -3
25 6 5
25 4 -8
25 2 5
25 -8 8
25 -1 0
25 4 2
25 2 -5
25 -7 -6
25 -1 -3
25 6 5
25 4 -8
25 2 5
25 -8 8
25 -1 0
25 4 2
25 2 -5
25 -7 -6
25 -1 -3
25 6 5
25 4 -8
25 2 5
25 -8 8
25 -1 0
25 4 2
25 2 -5
25 -7 -6
25 -1 -3
25 6 5
25 4 -8
25 2 5
25 -8 8
25 -1 0
25 4 2
25 2 -5
25 -7 -6
25 -1 -3
25 6 5
25 4 -8
25 2 5
25 -8 8
25 -1 0
25 4 2
25 2 -5
25 -7 -6
25 -1 -3
25 6 5
25 4 -8
25 2 5
25 -8 8
25 -1 0
25 4 2
25 2 -5
25 -7 -6
25 -1 -3
25 6 5
25 4 -8
25 2 5
25 -8 8
25 -1 0
25 4 2
25 2 -5
25 -7 -6
25 -1 -3
25 6 5
25 4 -8
25 2 5
25 -8 8
25 -1 0
25 4 2
25 2 -5
25 -7 -6
25 -1 -3
25 6 5
25 4 -8
25 2 5
25 -8 8
25 -1 0
25 4 2
25 2 -5
25 -7 -6
25 -1 -3
25 6 5
25 4 -8
25 2 5
25 -8 8
25 -1 0
25 4 2
25 2 -5
25 -7 -6
25 -1 -3
25 6 5
25 4 -8
25 2 5
25 -8 8
25 -1 0
25 4 2
25 2 -5
25 -7 -6
25 -1 -3
25 6 5
25 4 -8
26 2 5
26 -8 8
26 -1 0
26 4 2
26 2 -5
26 -7 -6
26 -1 -3
26 6 5
26 4 -8
26 2 5
26 -8 8
26 -1 0
26 4 2
26 2 -5
26 -7 -6
26 -1 -3
26 6 5
26 4 -8
26 2 5
26 -8 8
26 -1 0
26 4 2
26 2 -5
26 -7 -6
26 -1 -3
26 6 5
26 4 -8
26 2 5
26 -8 8
26 -1 0
26 4 2
26 2 -5
26 -7 -6
26 -1 -3
26 6 5
26 4 -8
26 2 5
26 -8 8
26 -1 0
26 4 2
26 2 -5
26 -7 -6
26 -1 -3
26 6 5
26 4 -8
26 2 5
26 -8 8
26 -1 0
26 4 2
26 2 -5
26 -7 -6
26 -1 -3
26 6 5
26 4 -8
26 2 5
26 -8 8
26 -1 0
26 4 2
26 2 -5
26 -7 -6
26 -1 -3
26 6 5
26 4 -8
26 2 5
26 -8 8
26 -1 0
26 4 2
26 2 -5
26 -7 -6
26 -1 -3
26 6 5
26 4 -8
26 2 5
26 -8 8
26 -1 0
26 4 2
26 2 -5
26 -7 -6
26 -1 -3
26 6 5
26 4 -8
26 2 5
26 -8 8
26 -1 0
26 4 2
26 2 -5
26 -7 -6
26 -1 -3
26 6 5
26 4 -8
26 2 5
26 -8 8
26 -1 0
26 4 2
26 2 -5
26 -7 -6
26 -1 -3
26 6 5
26 4 -8
26 2 5
26 -8 8
26 -1 0
26 4 2
26 2 -5
26 -7 -6
26 -1 -3
26 6 5
26 4 -8
26 2 5
26 -8 8
26 -1 0
26 4 2
26 2 -5
26 -7 -6
26 -1 -3
26 6 5
26 4 -8
26 2 5
26 -8 8
26 -1 0
26 4 2
26 2 -5
26 -7 -6
26 -1 -3
26 6 5
26 4 -8
26 2 5
26 -8 8
26 -1 0
26 4 2
26 2 -5
26 -7 -6
26 -1 -3
26 6 5
26 4 -8
27 2 5
27 -8 8
27 -1 0
27 4 2
27 2 -5
27 -7 -6
27 -1 -3
27 6 5
27 4 -8
27 2 5
27 -8 8
27 -1 0
27 4 2
27 2 -5
27 -7 -6
27 -1 -3
27 6 5
27 4 -8
27 2 5
27 -8 8
27 -1 0
27 4 2
27 2 -5
27 -7 -6
27 -1 -3
27 6 5
27 4 -8
27 2 5
27 -8 8
27 -1 0
27 4 2
27 2 -5
27 -7 -6
27 -1 -3
27 6 5
27 4 -8
27 2 5
27 -8 8
27 -1 0
27 4 2
27 2 -5
27 -7 -6
27 -1 -3
27 6 5
27 4 -8
27 2 5
27 -8 8
27 -1 0
27 4 2
27 2 -5
27 -7 -6
27 -1 -3
27 6 5
27 4 -8
27 2 5
27 -8 8
27 -1 0
27 4 2
27 2 -5
27 -7 -6
27 -1 -3
27 6 5
27 4 -8
27 2 5
27 -8 8
27 -1 0
27 4 2
27 2 -5
27 -7 -6
27 -1 -3
27 6 5
27 4 -8
27 2 5
27 -8 8
27 -1 0
27 4 2
27 2 -5
27 -7 -6
27 -1 -3
27 6 5
27 4 -8
27 2 5
27 -8 8
27 -1 0
27 4 2
27 2 -5
27 -7 -6
27 -1 -3
27 6 5
27 4 -8
27 2 5
27 -8 8
27 -1 0
27 4 2
27 2 -5
27 -7 -6
27 -1 -3
27 6 5
27 4 -8
27 2 5
27 -8 8
27 -1 0
27 4 2
27 2 -5
27 -7 -6
27 -1 -3
27 6 5
27 4 -8
27 2 5
27 -8 8
27 -1 0
27 4 2
27 2 -5
27 -7 -6
27 -1 -3
27 6 5
27 4 -8
27 2 5
27 -8 8
27 -1 0
27 4 2
27 2 -5
27 -7 -6
27 -1 -3
27 6 5
27 4 -8
27 2 5
27 -8 8
27 -1 0
27 4 2
27 2 -5
27 -7 -6
27 -1 -3
27 6 5
27 4 -8
28 2 5
28 -8 8
28 -1 0
28 4 2
28 2 -5
28 -7 -6
28 -1 -3
28 6 5
28 4 -8
28 2 5
28 -8 8
28 -1 0
28 4 2
28 2 -5
28 -7 -6
28 -1 -3
28 6 5
28 4 -8
28 2 5
28 -8 8
28 -1 0
28 4 2
28 2 -5
28 -7 -6
28 -1 -3
28 6 5
28 4 -8
28 2 5
28 -8 8
28 -1 0
28 4 2
28 2 -5
28 -7 -6
28 -1 -3
28 6 5
28 4 -8
28 2 5
28 -8 8
28 -1 0
28 4 2
28 2 -5
28 -7 -6
28 -1 -3
28 6 5
28 4 -8
28 2 5
28 -8 8
28 -1 0
28 4 2
28 2 -5
28 -7 -6
28 -1 -3
28 6 5
28 4 -8
28 2 5
28 -8 8
28 -1 0
28 4 2
28 2 -5
28 -7 -6
28 -1 -3
28 6 5
28 4 -8
28 2 5
28 -8 8
28 -1 0
28 4 2
28 2 -5
28 -7 -6
28 -1 -3
28 6 5
28 4 -8
28 2 5
28 -8 8
28 -1 0
28 4 2
28 2 -5
28 -7 -6
28 -1 -3
28 6 5
28 4 -8
28 2 5
28 -8 8
28 -1 0
28 4 2
28 2 -5
28 -7 -6
28 -1 -3
28 6 5
28 4 -8
28 2 5
28 -8 8
28 -1 0
28 4 2
28 2 -5
28 -7 -6
28 -1 -3
28 6 5
28 4 -8
28 2 5
28 -8 8
28 -1 0
28 4 2
28 2 -5
28 -7 -6
28 -1 -3
28 6 5
28 4 -8
28 2 5
28 -8 8
28 -1 0
28 4 2
28 2 -5
28 -7 -6
28 -1 -3
28 6 5
28 4 -8
28 2 5
28 -8 8
28 -1 0
28 4 2
28 2 -5
28 -7 -6
28 -1 -3
28 6 5
28 4 -8
28 2 5
28 -8 8
28 -1 0
28 4 2
28 2 -5
28 -7 -6
28 -1 -3
28 6 5
28 4 -8
29 2 5
29 -8 8
29 -1 0
29 4 2
29 2 -5
29 -7 -6
29 -1 -3
29 6 5
29 4 -8
29 2 5
29 -8 8
29 -1 0
29 4 2
29 2 -5
29 -7 -6
29 -1 -3
29 6 5
29 4 -8
29 2 5
29 -8 8
29 -1 0
29 4 2
29 2 -5
29 -7 -6
29 -1 -3
29 6 5
29 4 -8
29 2 5
29 -8 8
29 -1 0
29 4 2
29 2 -5
29 -7 -6
29 -1 -3
29 6 5
29 4 -8
29 2 5
29 -8 8
29 -1 0
29 4 2
29 2 -5
29 -7 -6
29 -1 -3
29 6 5
29 4 -8
29 2 5
29 -8 8
29 -1 0
29 4 2
29 2 -5
29 -7 -6
29 -1 -3
29 6 5
29 4 -8
29 2 5
29 -8 8
29 -1 0
29 4 2
29 2 -5
29 -7 -6
29 -1 -3
29 6 5
29 4 -8
29 2 5
29 -8 8
29 -1 0
29 4 2
29 2 -5
29 -7 -6
29 -1 -3
29 6 5
29 4 -8
29 2 5
29 -8 8
29 -1 0
29 4 2
29 2 -5
29 -7 -6
29 -1 -3
29 6 5
29 4 -8
29 2 5
29 -8 8
29 -1 0
29 4 2
29 2 -5
29 -7 -6
29 -1 -3
29 6 5
29 4 -8
29 2 5
29 -8 8
29 -1 0
29 4 2
29 2 -5
29 -7 -6
29 -1 -3
29 6 5
29 4 -8
29 2 5
29 -8 8
29 -1 0
29 4 2
29 2 -5
29 -7 -6
29 -1 -3
29 6 5
29 4 -8
29 2 5
29 -8 8
29 -1 0
29 4 2
29 2 -5
29 -7 -6
29 -1 -3
29 6 5
29 4 -8
29 2 5
29 -8 8
29 -1 0
29 4 2
29 2 -5
29 -7 -6
29 -1 -3
29 6 5
29 4 -8
29 2 5
29 -8 8
29 -1 0
29 4 2
29 2 -5
29 -7 -6
29 -1 -3
29 6 5
29 4 -8
30 2 5
30 -8 8
30 -1 0
30 4 2
30 2 -5
30 -7 -6
30 -1 -3
30 6 5
30 4 -8
30 2 5
30 -8 8
30 -1 0
30 4 2
30 2 -5
30 -7 -6
30 -1 -3
30 6 5
30 4 -8
30 2 5
30 -8 8
30 -1 0
30 4 2
30 2 -5
30 -7 -6
30 -1 -3
30 6 5
30 4 -8
30 2 5
30 -8 8
30 -1 0
30 4 2
30 2 -5
30 -7 -6
30 -1 -3
30 6 5
30 4 -8
30 2 5
30 -8 8
30 -1 0
30 4 2
30 2 -5
30 -7 -6
30 -1 -3
30 6 5
30 4 -8
30 2 5
30 -8 8
30 -1 0
30 4 2
30 2 -5
30 -7 -6
30 -1 -3
30 6 5
30 4 -8
30 2 5
30 -8 8
30 -1 0
30 4 2
30 2 -5
30 -7 -6
30 -1 -3
30 6 5
30 4 -8
30 2 5
30 -8 8
30 -1 0
30 4 2
30 2 -5
30 -7 -6
30 -1 -3
30 6 5
30 4 -8
30 2 5
30 -8 8
30 -1 0
30 4 2
30 2 -5
30 -7 -6
30 -1 -3
30 6 5
30 4 -8
30 2 5
30 -8 8
30 -1 0
30 4 2
30 2 -5
30 -7 -6
30 -1 -3
30 6 5
30 4 -8
30 2 5
30 -8 8
30 -1 0
30 4 2
30 2 -5
30 -7 -6
30 -1 -3
30 6 5
30 4 -8
30 2 5
30 -8 8
30 -1 0
30 4 2
30 2 -5
30 -7 -6
30 -1 -3
30 6 5
30 4 -8
30 2 5
30 -8 8
30 -1 0
30 4 2
30 2 -5
30 -7 -6
30 -1 -3
30 6 5
30 4 -8
30 2 5
30 -8 8
30 -1 0
30 4 2
30 2 -5
30 -7 -6
30 -1 -3
30 6 5
30 4 -8
30 2 5
30 -8 8
30 -1 0
30 4 2
30 2 -5
30 -7 -6
30 -1 -3
30 6 5
30 4 -8
31 2 5
31 -8 8
31 -1 0
31 4 2
31 2 -5
31 -7 -6
31 -1 -3
31 6 5
31 4 -8
31 2 5
31 -8 8
31 -1 0
31 4 2
31 2 -5
31 -7 -6
31 -1 -3
31 6 5
31 4 -8
31 2 5
31 -8 8
31 -1 0
31 4 2
31 2 -5
31 -7 -6
31 -1 -3
31 6 5
31 4 -8
31 2 5
31 -8 8
31 -1 0
31 4 2
31 2 -5
31 -7 -6
31 -1 -3
31 6 5
31 4 -8
31 2 5
31 -8 8
31 -1 0
31 4 2
31 2 -5
31 -7 -6
31 -1 -3
31 6 5
31 4 -8
31 2 5
31 -8 8
31 -1 0
31 4 2
31 2 -5
31 -7 -6
31 -1 -3
31 6 5
31 4 -8
31 2 5
31 -8 8
31 -1 0
31 4 2
31 2 -5
31 -7 -6
31 -1 -3
31 6 5
31 4 -8
31 2 5
31 -8 8
31 -1 0
31 4 2
31 2 -5
31 -7 -6
31 -1 -3
31 6 5
31 4 -8
31 2 5
31 -8 8
31 -1 0
31 4 2
31 2 -5
31 -7 -6
31 -1 -3
31 6 5
31 4 -8
31 2 5
31 -8 8
31 -1 0
31 4 2
31 2 -5
31 -7 -6
31 -1 -3
31 6 5
31 4 -8
31 2 5
31 -8 8
31 -1 0
31 4 2
31 2 -5
31 -7 -6
31 -1 -3
31 6 5
31 4 -8
31 2 5
31 -8 8
31 -1 0
31 4 2
31 2 -5
31 -7 -6
31 -1 -3
31 6 5
31 4 -8
31 2 5
31 -8 8
31 -1 0
31 4 2
31 2 -5
31 -7 -6
31 -1 -3
31 6 5
31 4 -8
31 2 5
31 -8 8
31 -1 0
31 4 2
31 2 -5
31 -7 -6
31 -1 -3
31 6 5
31 4 -8
31 2 5
31 -8 8
31 -1 0
31 4 2
31 2 -5
31 -7 -6
31 -1 -3
31 6 5
31 4 -8
32 2 5
32 -8 8
32 -1 0
32 4 2
32 2 -5
32 -7 -6
32 -1 -3
32 6 5
32 4 -8
32 2 5
32 -8 8
32 -1 0
32 4 2
32 2 -5
32 -7 -6
32 -1 -3
32 6 5
32 4 -8
32 2 5
32 -8 8
32 -1 0
32 4 2
32 2 -5
32 -7 -6
32 -1 -3
32 6 5
32 4 -8
32 2 5
32 -8 8
32 -1 0
32 4 2
32 2 -5
32 -7 -6
32 -1 -3
32 6 5
32 4 -8
32 2 5
32 -8 8
32 -1 0
32 4 2
32 2 -5
32 -7 -6
32 -1 -3
32 6 5
32 4 -8
32 2 5
32 -8 8
32 -1 0
32 4 2
32 2 -5
32 -7 -6
32 -1 -3
32 6 5
32 4 -8
32 2 5
32 -8 8
32 -1 0
32 4 2
32 2 -5
32 -7 -6
32 -1 -3
32 6 5
32 4 -8
32 2 5
32 -8 8
32 -1 0
32 4 2
32 2 -5
32 -7 -6
32 -1 -3
32 6 5
32 4 -8
32 2 5
32 -8 8
32 -1 0
32 4 2
32 2 -5
32 -7 -6
32 -1 -3
32 6 5
32 4 -8
32 2 5
32 -8 8
32 -1 0
32 4 2
32 2 -5
32 -7 -6
32 -1 -3
32 6 5
32 4 -8
32 2 5
32 -8 8
32 -1 0
32 4 2
32 2 -5
32 -7 -6
32 -1 -3
32 6 5
32 4 -8
32 2 5
32 -8 8
32 -1 0
32 4 2
32 2 -5
32 -7 -6
32 -1 -3
32 6 5
32 4 -8
32 2 5
32 -8 8
32 -1 0
32 4 2
32 2 -5
32 -7 -6
32 -1 -3
32 6 5
32 4 -8
32 2 5
32 -8 8
32 -1 0
32 4 2
32 2 -5
32 -7 -6
32 -1 -3
32 6 5
32 4 -8
32 2 5
32 -8 8
32 -1 0
32 4 2
32 2 -5
32 -7 -6
32 -1 -3
32 6 5
32 4 -8
33 2 5
33 -8 8
33 -1 0
33 4 2
33 2 -5
33 -7 -6
33 -1 -3
33 6 5
33 4 -8
33 2 5
33 -8 8
33 -1 0
33 4 2
33 2 -5
33 -7 -6
33 -1 -3
33 6 5
33 4 -8
33 2 5
33 -8 8
33 -1 0
33 4 2
33 2 -5
33 -7 -6
33 -1 -3
33 6 5
33 4 -8
33 2 5
33 -8 8
33 -1 0
33 4 2
33 2 -5
33 -7 -6
33 -1 -3
33 6 5
33 4 -8
33 2 5
33 -8 8
33 -1 0
33 4 2
33 2 -5
33 -7 -6
33 -1 -3
33 6 5
33 4 -8
33 2 5
33 -8 8
33 -1 0
33 4 2
33 2 -5
33 -7 -6
33 -1 -3
33 6 5
33 4 -8
33 2 5
33 -8 8
33 -1 0
33 4 2
33 2 -5
33 -7 -6
33 -1 -3
33 6 5
33 4 -8
33 2 5
33 -8 8
33 -1 0
33 4 2
33 2 -5
33 -7 -6
33 -1 -3
33 6 5
33 4 -8
33 2 5
33 -8 8
33 -1 0
33 4 2
33 2 -5
33 -7 -6
33 -1 -3
33 6 5
33 4 -8
33 2 5
33 -8 8
33 -1 0
33 4 2
33 2 -5
33 -7 -6
33 -1 -3
33 6 5
33 4 -8
33 2 5
33 -8 8
33 -1 0
33 4 2
33 2 -5
33 -7 -6
33 -1 -3
33 6 5
33 4 -8
33 2 5
33 -8 8
33 -1 0
33 4 2
33 2 -5
33 -7 -6
33 -1 -3
33 6 5
33 4 -8
33 2 5
33 -8 8
33 -1 0
33 4 2
33 2 -5
33 -7 -6
33 -1 -3
33 6 5
33 4 -8
33 2 5
33 -8 8
33 -1 0
33 4 2
33 2 -5
33 -7 -6
33 -1 -3
33 6 5
33 4 -8
33 2 5
33 -8 8
33 -1 0
33 4 2
33 2 -5
33 -7 -6
33 -1 -3
33 6 5
33 4 -8
34 2 5
34 -8 8
34 -1 0
34 4 2
34 2 -5
34 -7 -6
34 -1 -3
34 6 5
34 4 -8
34 2 5
34 -8 8
34 -1 0
34 4 2
34 2 -5
34 -7 -6
34 -1 -3
34 6 5
34 4 -8
34 2 5
34 -8 8
34 -1 0
34 4 2
34 2 -5
34 -7 -6
34 -1 -3
34 6 5
34 4 -8
34 2 5
34 -8 8
34 -1 0
34 4 2
34 2 -5
34 -7 -6
34 -1 -3
34 6 5
34 4 -8
34 2 5
34 -8 8
34 -1 0
34 4 2
34 2 -5
34 -7 -6
34 -1 -3
34 6 5
34 4 -8
34 2 5
34 -8 8
34 -1 0
34 4 2
34 2 -5
34 -7 -6
34 -1 -3
34 6 5
34 4 -8
34 2 5
34 -8 8
34 -1 0
34 4 2
34 2 -5
34 -7 -6
34 -1 -3
34 6 5
34 4 -8
34 2 5
34 -8 8
34 -1 0
34 4 2
34 2 -5
34 -7 -6
34 -1 -3
34 6 5
34 4 -8
34 2 5
34 -8 8
34 -1 0
34 4 2
34 2 -5
34 -7 -6
34 -1 -3
34 6 5
34 4 -8
34 2 5
34 -8 8
34 -1 0
34 4 2
34 2 -5
34 -7 -6
34 -1 -3
34 6 5
34 4 -8
34 2 5
34 -8 8
34 -1 0
34 4 2
34 2 -5
34 -7 -6
34 -1 -3
34 6 5
34 4 -8
34 2 5
34 -8 8
34 -1 0
34 4 2
34 2 -5
34 -7 -6
34 -1 -3
34 6 5
34 4 -8
34 2 5
34 -8 8
34 -1 0
34 4 2
34 2 -5
34 -7 -6
34 -1 -3
34 6 5
34 4 -8
34 2 5
34 -8 8
34 -1 0
34 4 2
34 2 -5
34 -7 -6
34 -1 -3
34 6 5
34 4 -8
34 2 5
34 -8 8
34 -1 0
34 4 2
34 2 -5
34 -7 -6
34 -1 -3
34 6 5
34 4 -8
35 2 5
35 -8 8
35 -1 0
35 4 2
35 2 -5
35 -7 -6
35 -1 -3
35 6 5
35 4 -8
35 2 5
35 -8 8
35 -1 0
35 4 2
35 2 -5
35 -7 -6
35 -1 -3
35 6 5
35 4 -8
35 2 5
35 -8 8
35 -1 0
35 4 2
35 2 -5
35 -7 -6
35 -1 -3
35 6 5
35 4 -8
35 2 5
35 -8 8
35 -1 0
35 4 2
35 2 -5
35 -7 -6
35 -1 -3
35 6 5
35 4 -8
35 2 5
35 -8 8
35 -1 0
35 4 2
35 2 -5
35 -7 -6
35 -1 -3
35 6 5
35 4 -8
35 2 5
35 -8 8
35 -1 0
35 4 2
35 2 -5
35 -7 -6
35 -1 -3
35 6 5
35 4 -8
35 2 5
35 -8 8
35 -1 0
35 4 2
35 2 -5
35 -7 -6
35 -1 -3
35 6 5
35 4 -8
35 2 5
35 -8 8
35 -1 0
35 4 2
35 2 -5
35 -7 -6
35 -1 -3
35 6 5
35 4 -8
35 2 5
35 -8 8
35 -1 0
35 4 2
35 2 -5
35 -7 -6
35 -1 -3
35 6 5
35 4 -8
35 2 5
35 -8 8
35 -1 0
35 4 2
35 2 -5
35 -7 -6
35 -1 -3
35 6 5
35 4 -8
35 2 5
35 -8 8
35 -1 0
35 4 2
35 2 -5
35 -7 -6
35 -1 -3
35 6 5
35 4 -8
35 2 5
35 -8 8
35 -1 0
35 4 2
35 2 -5
35 -7 -6
35 -1 -3
35 6 5
35 4 -8
35 2 5
35 -8 8
35 -1 0
35 4 2
35 2 -5
35 -7 -6
35 -1 -3
35 6 5
35 4 -8
35 2 5
35 -8 8
35 -1 0
35 4 2
35 2 -5
35 -7 -6
35 -1 -3
35 6 5
35 4 -8
35 2 5
35 -8 8
35 -1 0
35 4 2
35 2 -5
35 -7 -6
35 -1 -3
35 6 5
35 4 -8
36 2 5
36 -8 8
36 -1 0
36 4 2
36 2 -5
36 -7 -6
36 -1 -3
36 6 5
36 4 -8
36 2 5
36 -8 8
36 -1 0
36 4 2
36 2 -5
36 -7 -6
36 -1 -3
36 6 5
36 4 -8
36 2 5
36 -8 8
36 -1 0
36 4 2
36 2 -5
36 -7 -6
36 -1 -3
36 6 5
36 4 -8
36 2 5
36 -8 8
36 -1 0
36 4 2
36 2 -5
36 -7 -6
36 -1 -3
36 6 5
36 4 -8
36 2 5
36 -8 8
36 -1 0
36 4 2
36 2 -5
36 -7 -6
36 -1 -3
36 6 5
36 4 -8
36 2 5
36 -8 8
36 -1 0
36 4 2
36 2 -5
36 -7 -6
36 -1 -3
36 6 5
36 4 -8
36 2 5
36 -8 8
36 -1 0
36 4 2
36 2 -5
36 -7 -6
36 -1 -3
36 6 5
36 4 -8
36 2 5
36 -8 8
36 -1 0
36 4 2
36 2 -5
36 -7 -6
36 -1 -3
36 6 5
36 4 -8
36 2 5
36 -8 8
36 -1 0
36 4 2
36 2 -5
36 -7 -6
36 -1 -3
36 6 5
36 4 -8
36 2 5
36 -8 8
36 -1 0
36 4 2
36 2 -5
36 -7 -6
36 -1 -3
36 6 5
36 4 -8
36 2 5
36 -8 8
36 -1 0
36 4 2
36 2 -5
36 -7 -6
36 -1 -3
36 6 5
36 4 -8
36 2 5
36 -8 8
36 -1 0
36 4 2
36 2 -5
36 -7 -6
36 -1 -3
36 6 5
36 4 -8
36 2 5
36 -8 8
36 -1 0
36 4 2
36 2 -5
36 -7 -6
36 -1 -3
36 6 5
36 4 -8
36 2 5
36 -8 8
36 -1 0
36 4 2
36 2 -5
36 -7 -6
36 -1 -3
36 6 5
36 4 -8
36 2 5
36 -8 8
36 -1 0
36 4 2
36 2 -5
36 -7 -6
36 -1 -3
36 6 5
36 4 -8
37 2 5
37 -8 8
37 -1 0
37 4 2
37 2 -5
37 -7 -6
37 -1 -3
37 6 5
37 4 -8
37 2 5
37 -8 8
37 -1 0
37 4 2
37 2 -5
37 -7 -6
37 -1 -3
37 6 5
37 4 -8
37 2 5
37 -8 8
37 -1 0
37 4 2
37 2 -5
37 -7 -6
37 -1 -3
37 6 5
37 4 -8
37 2 5
37 -8 8
37 -1 0
37 4 2
37 2 -5
37 -7 -6
37 -1 -3
37 6 5
37 4 -8
37 2 5
37 -8 8
37 -1 0
37 4 2
37 2 -5
37 -7 -6
37 -1 -3
37 6 5
37 4 -8
37 2 5
37 -8 8
37 -1 0
37 4 2
37 2 -5
37 -7 -6
37 -1 -3
37 6 5
37 4 -8
37 2 5
37 -8 8
37 -1 0
37 4 2
37 2 -5
37 -7 -6
37 -1 -3
37 6 5
37 4 -8
37 2 5
37 -8 8
37 -1 0
37 4 2
37 2 -5
37 -7 -6
37 -1 -3
37 6 5
37 4 -8
37 2 5
37 -8 8
37 -1 0
37 4 2
37 2 -5
37 -7 -6
37 -1 -3
37 6 5
37 4 -8
37 2 5
37 -8 8
37 -1 0
37 4 2
37 2 -5
37 -7 -6
37 -1 -3
37 6 5
37 4 -8
37 2 5
37 -8 8
37 -1 0
37 4 2
37 2 -5
37 -7 -6
37 -1 -3
37 6 5
37 4 -8
37 2 5
37 -8 8
37 -1 0
37 4 2
37 2 -5
37 -7 -6
37 -1 -3
37 6 5
37 4 -8
37 2 5
37 -8 8
37 -1 0
37 4 2
37 2 -5
37 -7 -6
37 -1 -3
37 6 5
37 4 -8
37 2 5
37 -8 8
37 -1 0
37 4 2
37 2 -5
37 -7 -6
37 -1 -3
37 6 5
37 4 -8
37 2 5
37 -8 8
37 -1 0
37 4 2
37 2 -5
37 -7 -6
37 -1 -3
37 6 5
37 4 -8
38 2 5
38 -8 8
38 -1 0
38 4 2
38 2 -5
38 -7 -6
38 -1 -3
38 6 5
38 4 -8
38 2 5
38 -8 8
38 -1 0
38 4 2
38 2 -5
38 -7 -6
38 -1 -3
38 6 5
38 4 -8
38 2 5
38 -8 8
38 -1 0
38 4 2
38 2 -5
38 -7 -6
38 -1 -3
38 6 5
38 4 -8
38 2 5
38 -8 8
38 -1 0
38 4 2
38 2 -5
38 -7 -6
38 -1 -3
38 6 5
38 4 -8
38 2 5
38 -8 8
38 -1 0
38 4 2
38 2 -5
38 -7 -6
38 -1 -3
38 6 5
38 4 -8
38 2 5
38 -8 8
38 -1 0
38 4 2
38 2 -5
38 -7 -6
38 -1 -3
38 6 5
38 4 -8
38 2 5
38 -8 8
38 -1 0
38 4 2
38 2 -5
38 -7 -6
38 -1 -3
38 6 5
38 4 -8
38 2 5
38 -8 8
38 -1 0
38 4 2
38 2 -5
38 -7 -6
38 -1 -3
38 6 5
38 4 -8
38 2 5
38 -8 8
38 -1 0
38 4 2
38 2 -5
38 -7 -6
38 -1 -3
38 6 5
38 4 -8
38 2 5
38 -8 8
38 -1 0
38 4 2
38 2 -5
38 -7 -6
38 -1 -3
38 6 5
38 4 -8
38 2 5
38 -8 8
38 -1 0
38 4 2
38 2 -5
38 -7 -6
38 -1 -3
38 6 5
38 4 -8
38 2 5
38 -8 8
38 -1 0
38 4 2
38 2 -5
38 -7 -6
38 -1 -3
38 6 5
38 4 -8
38 2 5
38 -8 8
38 -1 0
38 4 2
38 2 -5
38 -7 -6
38 -1 -3
38 6 5
38 4 -8
38 2 5
38 -8 8
38 -1 0
38 4 2
38 2 -5
38 -7 -6
38 -1 -3
38 6 5
38 4 -8
38 2 5
38 -8 8
38 -1 0
38 4 2
38 2 -5
38 -7 -6
38 -1 -3
38 6 5
38 4 -8
39 2 5
39 -8 8
39 -1 0
39 4 2
39 2 -5
39 -7 -6
39 -1 -3
39 6 5
39 4 -8
39 2 5
39 -8 8
39 -1 0
39 4 2
39 2 -5
39 -7 -6
39 -1 -3
39 6 5
39 4 -8
39 2 5
39 -8 8
39 -1 0
39 4 2
39 2 -5
39 -7 -6
39 -1 -3
39 6 5
39 4 -8
39 2 5
39 -8 8
39 -1 0
39 4 2
39 2 -5
39 -7 -6
39 -1 -3
39 6 5
39 4 -8
39 2 5
39 -8 8
39 -1 0
39 4 2
39 2 -5
39 -7 -6
39 -1 -3
39 6 5
39 4 -8
39 2 5
39 -8 8
39 -1 0
39 4 2
39 2 -5
39 -7 -6
39 -1 -3
39 6 5
39 4 -8
39 2 5
39 -8 8
39 -1 0
39 4 2
39 2 -5
39 -7 -6
39 -1 -3
39 6 5
39 4 -8
39 2 5
39 -8 8
39 -1 0
39 4 2
39 2 -5
39 -7 -6
39 -1 -3
39 6 5
39 4 -8
39 2 5
39 -8 8
39 -1 0
39 4 2
39 2 -5
39 -7 -6
39 -1 -3
39 6 5
39 4 -8
39 2 5
39 -8 8
39 -1 0
39 4 2
39 2 -5
39 -7 -6
39 -1 -3
39 6 5
39 4 -8
39 2 5
39 -8 8
39 -1 0
39 4 2
39 2 -5
39 -7 -6
39 -1 -3
39 6 5
39 4 -8
39 2 5
39 -8 8
39 -1 0
39 4 2
39 2 -5
39 -7 -6
39 -1 -3
39 6 5
39 4 -8
39 2 5
39 -8 8
39 -1 0
39 4 2
39 2 -5
39 -7 -6
39 -1 -3
39 6 5
39 4 -8
39 2 5
39 -8 8
39 -1 0
39 4 2
39 2 -5
39 -7 -6
39 -1 -3
39 6 5
39 4 -8
39 2 5
39 -8 8
39 -1 0
39 4 2
39 2 -5
39 -7 -6
39 -1 -3
39 6 5
39 4 -8
40 2 5
40 -8 8
40 -1 0
40 4 2
40 2 -5
40 -7 -6
40 -1 -3
40 6 5
40 4 -8
40 2 5
40 -8 8
40 -1 0
40 4 2
40 2 -5
40 -7 -6
40 -1 -3
40 6 5
40 4 -8
40 2 5
40 -8 8
40 -1 0
40 4 2
40 2 -5
40 -7 -6
40 -1 -3
40 6 5
40 4 -8
40 2 5
40 -8 8
40 -1 0
40 4 2
40 2 -5
40 -7 -6
40 -1 -3
40 6 5
40 4 -8
40 2 5
40 -8 8
40 -1 0
40 4 2
40 2 -5
40 -7 -6
40 -1 -3
40 6 5
40 4 -8
40 2 5
40 -8 8
40 -1 0
40 4 2
40 2 -5
40 -7 -6
40 -1 -3
40 6 5
40 4 -8
40 2 5
40 -8 8
40 -1 0
40 4 2
40 2 -5
40 -7 -6
40 -1 -3
40 6 5
40 4 -8
40 2 5
40 -8 8
40 -1 0
40 4 2
40 2 -5
40 -7 -6
40 -1 -3
40 6 5
40 4 -8
40 2 5
40 -8 8
40 -1 0
40 4 2
40 2 -5
40 -7 -6
40 -1 -3
40 6 5
40 4 -8
40 2 5
40 -8 8
40 -1 0
40 4 2
40 2 -5
40 -7 -6
40 -1 -3
40 6 5
40 4 -8
40 2 5
40 -8 8
40 -1 0
40 4 2
40 2 -5
40 -7 -6
40 -1 -3
40 6 5
40 4 -8
40 2 5
40 -8 8
40 -1 0
40 4 2
40 2 -5
40 -7 -6
40 -1 -3
40 6 5
40 4 -8
40 2 5
40 -8 8
40 -1 0
40 4 2
40 2 -5
40 -7 -6
40 -1 -3
40 6 5
40 4 -8
40 2 5
40 -8 8
40 -1 0
40 4 2
40 2 -5
40 -7 -6
40 -1 -3
40 6 5
40 4 -8
40 2 5
40 -8 8
40 -1 0
40 4 2
40 2 -5
40 -7 -6
40 -1 -3
40 6 5
40 4 -8
41 2 5
41 -8 8
41 -1 0
41 4 2
41 2 -5
41 -7 -6
41 -1 -3
41 6 5
41 4 -8
41 2 5
41 -8 8
41 -1 0
41 4 2
41 2 -5
41 -7 -6
41 -1 -3
41 6 5
41 4 -8
41 2 5
41 -8 8
41 -1 0
41 4 2
41 2 -5
41 -7 -6
41 -1 -3
41 6 5
41 4 -8
41 2 5
41 -8 8
41 -1 0
41 4 2
41 2 -5
41 -7 -6
41 -1 -3
41 6 5
41 4 -8
41 2 5
41 -8 8
41 -1 0
41 4 2
41 2 -5
41 -7 -6
41 -1 -3
41 6 5
41 4 -8
41 2 5
41 -8 8
41 -1 0
41 4 2
41 2 -5
41 -7 -6
41 -1 -3
41 6 5
41 4 -8
41 2 5
41 -8 8
41 -1 0
41 4 2
41 2 -5
41 -7 -6
41 -1 -3
41 6 5
41 4 -8
41 2 5
41 -8 8
41 -1 0
41 4 2
41 2 -5
41 -7 -6
41 -1 -3
41 6 5
41 4 -8
41 2 5
41 -8 8
41 -1 0
41 4 2
41 2 -5
41 -7 -6
41 -1 -3
41 6 5
41 4 -8
41 2 5
41 -8 8
41 -1 0
41 4 2
41 2 -5
41 -7 -6
41 -1 -3
41 6 5
41 4 -8
41 2 5
41 -8 8
41 -1 0
41 4 2
41 2 -5
41 -7 -6
41 -1 -3
41 6 5
41 4 -8
41 2 5
41 -8 8
41 -1 0
41 4 2
41 2 -5
41 -7 -6
41 -1 -3
41 6 5
41 4 -8
41 2 5
41 -8 8
41 -1 0
41 4 2
41 2 -5
41 -7 -6
41 -1 -3
41 6 5
41 4 -8
41 2 5
41 -8 8
41 -1 0
41 4 2
41 2 -5
41 -7 -6
41 -1 -3
41 6 5
41 4 -8
41 2 5
41 -8 8
41 -1 0
41 4 2
41 2 -5
41 -7 -6
41 -1 -3
41 6 5
41 4 -8
42 2 5
42 -8 8
42 -1 0
42 4 2
42 2 -5
42 -7 -6
42 -1 -3
42 6 5
42 4 -8
42 2 5
42 -8 8
42 -1 0
42 4 2
42 2 -5
42 -7 -6
42 -1 -3
42 6 5
42 4 -8
42 2 5
42 -8 8
42 -1 0
42 4 2
42 2 -5
42 -7 -6
42 -1 -3
42 6 5
42 4 -8
42 2 5
42 -8 8
42 -1 0
42 4 2
42 2 -5
42 -7 -6
42 -1 -3
42 6 5
42 4 -8
42 2 5
42 -8 8
42 -1 0
42 4 2
42 2 -5
42 -7 -6
42 -1 -3
42 6 5
42 4 -8
42 2 5
42 -8 8
42 -1 0
42 4 2
42 2 -5
42 -7 -6
42 -1 -3
42 6 5
42 4 -8
43 2 5
43 -8 8
43 -1 0
43 4 2
43 2 -5
43 -7 -6
43 -1 -3
43 6 5
43 4 -8
43 2 5
43 -8 8
43 -1 0
43 4 2
43 2 -5
43 -7 -6
43 -1 -3
43 6 5
43 4 -8
43 2 5
43 -8 8
43 -1 0
43 4 2
43 2 -5
43 -7 -6
43 -1 -3
43 6 5
43 4 -8
43 2 5
43 -8 8
43 -1 0
43 4 2
43 2 -5
43 -7 -6
43 -1 -3
43 6 5
43 4 -8
43 2 5
43 -8 8
43 -1 0
43 4 2
43 2 -5
43 -7 -6
43 -1 -3
43 6 5
43 4 -8
43 2 5
43 -8 8
43 -1 0
43 4 2
43 2 -5
43 -7 -6
43 -1 -3
43 6 5
43 4 -8
43 2 5
43 -8 8
43 -1 0
43 4 2
43 2 -5
43 -7 -6
43 -1 -3
43 6 5
43 4 -8
43 2 5
43 -8 8
43 -1 0
43 4 2
43 2 -5
43 -7 -6
43 -1 -3
43 6 5
43 4 -8
43 2 5
43 -8 8
43 -1 0
43 4 2
43 2 -5
43 -7 -6
43 -1 -3
43 6 5
43 4 -8
43 2 5
43 -8 8
43 -1 0
43 4 2
43 2 -5
43 -7 -6
43 -1 -3
43 6 5
43 4 -8
43 2 5
43 -8 8
43 -1 0
43 4 2
43 2 -5
43 -7 -6
43 -1 -3
43 6 5
43 4 -8
43 2 5
43 -8 8
43 -1 0
43 4 2
43 2 -5
43 -7 -6
43 -1 -3
43 6 5
43 4 -8
43 2 5
43 -8 8
43 -1 0
43 4 2
43 2 -5
43 -7 -6
43 -1 -3
43 6 5
43 4 -8
43 2 5
43 -8 8
43 -1 0
43 4 2
43 2 -5
43 -7 -6
43 -1 -3
43 6 5
43 4 -8
43 2 5
43 -8 8
43 -1 0
43 4 2
43 2 -5
43 -7 -6
43 -1 -3
43 6 5
43 4 -8
44 2 5
44 -8 8
44 -1 0
44 4 2
44 2 -5
44 -7 -6
44 -1 -3
44 6 5
44 4 -8
44 2 5
44 -8 8
44 -1 0
44 4 2
44 2 -5
44 -7 -6
44 -1 -3
44 6 5
44 4 -8
44 2 5
44 -8 8
44 -1 0
44 4 2
44 2 -5
44 -7 -6
44 -1 -3
44 6 5
44 4 -8
44 2 5
44 -8 8
44 -1 0
44 4 2
44 2 -5
44 -7 -6
44 -1 -3
44 6 5
44 4 -8
44 2 5
44 -8 8
44 -1 0
44 4 2
44 2 -5
44 -7 -6
44 -1 -3
44 6 5
44 4 -8
44 2 5
44 -8 8
44 -1 0
44 4 2
44 2 -5
44 -7 -6
44 -1 -3
44 6 5
44 4 -8
44 2 5
44 -8 8
44 -1 0
44 4 2
44 2 -5
44 -7 -6
44 -1 -3
44 6 5
44 4 -8
44 2 5
44 -8 8
44 -1 0
44 4 2
44 2 -5
44 -7 -6
44 -1 -3
44 6 5
44 4 -8
44 2 5
44 -8 8
44 -1 0
44 4 2
44 2 -5
44 -7 -6
44 -1 -3
44 6 5
44 4 -8
44 2 5
44 -8 8
44 -1 0
44 4 2
44 2 -5
44 -7 -6
44 -1 -3
44 6 5
44 4 -8
44 2 5
44 -8 8
44 -1 0
44 4 2
44 2 -5
44 -7 -6
44 -1 -3
44 6 5
44 4 -8
44 2 5
44 -8 8
44 -1 0
44 4 2
44 2 -5
44 -7 -6
44 -1 -3
44 6 5
44 4 -8
44 2 5
44 -8 8
44 -1 0
44 4 2
44 2 -5
44 -7 -6
44 -1 -3
44 6 5
44 4 -8
44 2 5
44 -8 8
44 -1 0
44 4 2
44 2 -5
44 -7 -6
44 -1 -3
44 6 5
44 4 -8
44 2 5
44 -8 8
44 -1 0
44 4 2
44 2 -5
44 -7 -6
44 -1 -3
44 6 5
44 4 -8
45 2 5
45 -8 8
45 -1 0
45 4 2
45 2 -5
45 -7 -6
45 -1 -3
45 6 5
45 4 -8
45 2 5
45 -8 8
45 -1 0
45 4 2
45 2 -5
45 -7 -6
45 -1 -3
45 6 5
45 4 -8
45 2 5
45 -8 8
45 -1 0
45 4 2
45 2 -5
45 -7 -6
45 -1 -3
45 6 5
45 4 -8
45 2 5
45 -8 8
45 -1 0
45 4 2
45 2 -5
45 -7 -6
45 -1 -3
45 6 5
45 4 -8
45 2 5
45 -8 8
45 -1 0
45 4 2
45 2 -5
45 -7 -6
45 -1 -3
45 6 5
45 4 -8
45 2 5
45 -8 8
45 -1 0
45 4 2
45 2 -5
45 -7 -6
45 -1 -3
45 6 5
45 4 -8
45 2 5
45 -8 8
45 -1 0
45 4 2
45 2 -5
45 -7 -6
45 -1 -3
45 6 5
45 4 -8
45 2 5
45 -8 8
45 -1 0
45 4 2
45 2 -5
45 -7 -6
45 -1 -3
45 6 5
45 4 -8
45 2 5
45 -8 8
45 -1 0
45 4 2
45 2 -5
45 -7 -6
45 -1 -3
45 6 5
45 4 -8
45 2 5
45 -8 8
45 -1 0
45 4 2
45 2 -5
45 -7 -6
45 -1 -3
45 6 5
45 4 -8
45 2 5
45 -8 8
45 -1 0
45 4 2
45 2 -5
45 -7 -6
45 -1 -3
45 6 5
45 4 -8
45 2 5
45 -8 8
45 -1 0
45 4 2
45 2 -5
45 -7 -6
45 -1 -3
45 6 5
45 4 -8
45 2 5
45 -8 8
45 -1 0
45 4 2
45 2 -5
45 -7 -6
45 -1 -3
45 6 5
45 4 -8
45 2 5
45 -8 8
45 -1 0
45 4 2
45 2 -5
45 -7 -6
45 -1 -3
45 6 5
45 4 -8
45 2 5
45 -8 8
45 -1 0
45 4 2
45 2 -5
45 -7 -6
45 -1 -3
45 6 5
45 4 -8
46 2 5
46 -8 8
46 -1 0
46 4 2
46 2 -5
46 -7 -6
46 -1 -3
46 6 5
46 4 -8
46 2 5
46 -8 8
46 -1 0
46 4 2
46 2 -5
46 -7 -6
46 -1 -3
46 6 5
46 4 -8
46 2 5
46 -8 8
46 -1 0
46 4 2
46 2 -5
46 -7 -6
46 -1 -3
46 6 5
46 4 -8
46 2 5
46 -8 8
46 -1 0
46 4 2
46 2 -5
46 -7 -6
46 -1 -3
46 6 5
46 4 -8
46 2 5
46 -8 8
46 -1 0
46 4 2
46 2 -5
46 -7 -6
46 -1 -3
46 6 5
46 4 -8
46 2 5
46 -8 8
46 -1 0
46 4 2
46 2 -5
46 -7 -6
46 -1 -3
46 6 5
46 4 -8
46 2 5
46 -8 8
46 -1 0
46 4 2
46 2 -5
46 -7 -6
46 -1 -3
46 6 5
46 4 -8
46 2 5
46 -8 8
46 -1 0
46 4 2
46 2 -5
46 -7 -6
46 -1 -3
46 6 5
46 4 -8
46 2 5
46 -8 8
46 -1 0
46 4 2
46 2 -5
46 -7 -6
46 -1 -3
46 6 5
46 4 -8
46 2 5
46 -8 8
46 -1 0
46 4 2
46 2 -5
46 -7 -6
46 -1 -3
46 6 5
46 4 -8
46 2 5
46 -8 8
46 -1 0
46 4 2
46 2 -5
46 -7 -6
46 -1 -3
46 6 5
46 4 -8
46 2 5
46 -8 8
46 -1 0
46 4 2
46 2 -5
46 -7 -6
46 -1 -3
46 6 5
46 4 -8
46 2 5
46 -8 8
46 -1 0
46 4 2
46 2 -5
46 -7 -6
46 -1 -3
46 6 5
46 4 -8
46 2 5
46 -8 8
46 -1 0
46 4 2
46 2 -5
46 -7 -6
46 -1 -3
46 6 5
46 4 -8
46 2 5
46 -8 8
46 -1 0
46 4 2
46 2 -5
46 -7 -6
46 -1 -3
46 6 5
46 4 -8
47 2 5
47 -8 8
47 -1 0
47 4 2
47 2 -5
47 -7 -6
47 -1 -3
47 6 5
47 4 -8
47 2 5
47 -8 8
47 -1 0
47 4 2
47 2 -5
47 -7 -6
47 -1 -3
47 6 5
47 4 -8
47 2 5
47 -8 8
47 -1 0
47 4 2
47 2 -5
47 -7 -6
47 -1 -3
47 6 5
47 4 -8
47 2 5
47 -8 8
47 -1 0
47 4 2
47 2 -5
47 -7 -6
47 -1 -3
47 6 5
47 4 -8
47 2 5
47 -8 8
47 -1 0
47 4 2
47 2 -5
47 -7 -6
47 -1 -3
47 6 5
47 4 -8
47 2 5
47 -8 8
47 -1 0
47 4 2
47 2 -5
47 -7 -6
47 -1 -3
47 6 5
47 4 -8
47 2 5
47 -8 8
47 -1 0
47 4 2
47 2 -5
47 -7 -6
47 -1 -3
47 6 5
47 4 -8
47 2 5
47 -8 8
47 -1 0
47 4 2
47 2 -5
47 -7 -6
47 -1 -3
47 6 5
47 4 -8
47 2 5
47 -8 8
47 -1 0
47 4 2
47 2 -5
47 -7 -6
47 -1 -3
47 6 5
47 4 -8
47 2 5
47 -8 8
47 -1 0
47 4 2
47 2 -5
47 -7 -6
47 -1 -3
47 6 5
47 4 -8
47 2 5
47 -8 8
47 -1 0
47 4 2
47 2 -5
47 -7 -6
47 -1 -3
47 6 5
47 4 -8
47 2 5
47 -8 8
47 -1 0
47 4 2
47 2 -5
47 -7 -6
47 -1 -3
47 6 5
47 4 -8
47 2 5
47 -8 8
47 -1 0
47 4 2
47 2 -5
47 -7 -6
47 -1 -3
47 6 5
47 4 -8
47 2 5
47 -8 8
47 -1 0
47 4 2
47 2 -5
47 -7 -6
47 -1 -3
47 6 5
47 4 -8
47 2 5
47 -8 8
47 -1 0
47 4 2
47 2 -5
47 -7 -6
47 -1 -3
47 6 5
47 4 -8
48 2 5
48 -8 8
48 -1 0
48 4 2
48 2 -5
48 -7 -6
48 -1 -3
48 6 5
48 4 -8
48 2 5
48 -8 8
48 -1 0
48 4 2
48 2 -5
48 -7 -6
48 -1 -3
48 6 5
48 4 -8
48 2 5
48 -8 8
48 -1 0
48 4 2
48 2 -5
48 -7 -6
48 -1 -3
48 6 5
48 4 -8
48 2 5
48 -8 8
48 -1 0
48 4 2
48 2 -5
48 -7 -6
48 -1 -3
48 6 5
48 4 -8
48 2 5
48 -8 8
48 -1 0
48 4 2
48 2 -5
48 -7 -6
48 -1 -3
48 6 5
48 4 -8
48 2 5
48 -8 8
48 -1 0
48 4 2
48 2 -5
48 -7 -6
48 -1 -3
48 6 5
48 4 -8
48 2 5
48 -8 8
48 -1 0
48 4 2
48 2 -5
48 -7 -6
48 -1 -3
48 6 5
48 4 -8
48 2 5
48 -8 8
48 -1 0
48 4 2
48 2 -5
48 -7 -6
48 -1 -3
48 6 5
48 4 -8
48 2 5
48 -8 8
48 -1 0
48 4 2
48 2 -5
48 -7 -6
48 -1 -3
48 6 5
48 4 -8
48 2 5
48 -8 8
48 -1 0
48 4 2
48 2 -5
48 -7 -6
48 -1 -3
48 6 5
48 4 -8
48 2 5
48 -8 8
48 -1 0
48 4 2
48 2 -5
48 -7 -6
48 -1 -3
48 6 5
48 4 -8
48 2 5
48 -8 8
48 -1 0
48 4 2
48 2 -5
48 -7 -6
48 -1 -3
48 6 5
48 4 -8
48 2 5
48 -8 8
48 -1 0
48 4 2
48 2 -5
48 -7 -6
48 -1 -3
48 6 5
48 4 -8
48 2 5
48 -8 8
48 -1 0
48 4 2
48 2 -5
48 -7 -6
48 -1 -3
48 6 5
48 4 -8
48 2 5
48 -8 8
48 -1 0
48 4 2
48 2 -5
48 -7 -6
48 -1 -3
48 6 5
48 4 -8
49 2 5
49 -8 8
49 -1 0
49 4 2
49 2 -5
49 -7 -6
49 -1 -3
49 6 5
49 4 -8
49 2 5
49 -8 8
49 -1 0
49 4 2
49 2 -5
49 -7 -6
49 -1 -3
49 6 5
49 4 -8
49 2 5
49 -8 8
49 -1 0
49 4 2
49 2 -5
49 -7 -6
49 -1 -3
49 6 5
49 4 -8
49 2 5
49 -8 8
49 -1 0
49 4 2
49 2 -5
49 -7 -6
49 -1 -3
49 6 5
49 4 -8
49 2 5
49 -8 8
49 -1 0
49 4 2
49 2 -5
49 -7 -6
49 -1 -3
49 6 5
49 4 -8
49 2 5
49 -8 8
49 -1 0
49 4 2
49 2 -5
49 -7 -6
49 -1 -3
49 6 5
49 4 -8
49 2 5
49 -8 8
49 -1 0
49 4 2
49 2 -5
49 -7 -6
49 -1 -3
49 6 5
49 4 -8
49 2 5
49 -8 8
49 -1 0
49 4 2
49 2 -5
49 -7 -6
49 -1 -3
49 6 5
49 4 -8
49 2 5
49 -8 8
49 -1 0
49 4 2
49 2 -5
49 -7 -6
49 -1 -3
49 6 5
49 4 -8
49 2 5
49 -8 8
49 -1 0
49 4 2
49 2 -5
49 -7 -6
49 -1 -3
49 6 5
49 4 -8
49 2 5
49 -8 8
49 -1 0
49 4 2
49 2 -5
49 -7 -6
49 -1 -3
49 6 5
49 4 -8
49 2 5
49 -8 8
49 -1 0
49 4 2
49 2 -5
49 -7 -6
49 -1 -3
49 6 5
49 4 -8
49 2 5
49 -8 8
49 -1 0
49 4 2
49 2 -5
49 -7 -6
49 -1 -3
49 6 5
49 4 -8
49 2 5
49 -8 8
49 -1 0
49 4 2
49 2 -5
49 -7 -6
49 -1 -3
49 6 5
49 4 -8
49 2 5
49 -8 8
49 -1 0
49 4 2
49 2 -5
49 -7 -6
49 -1 -3
49 6 5
49 4 -8
50 2 5
50 -8 8
50 -1 0
50 4 2
50 2 -5
50 -7 -6
50 -1 -3
50 6 5
50 4 -8
50 2 5
50 -8 8
50 -1 0
50 4 2
50 2 -5
50 -7 -6
50 -1 -3
50 6 5
50 4 -8
50 2 5
50 -8 8
50 -1 0
50 4 2
50 2 -5
50 -7 -6
50 -1 -3
50 6 5
50 4 -8
50 2 5
50 -8 8
50 -1 0
50 4 2
50 2 -5
50 -7 -6
50 -1 -3
50 6 5
50 4 -8
50 2 5
50 -8 8
50 -1 0
50 4 2
50 2 -5
50 -7 -6
50 -1 -3
50 6 5
50 4 -8
50 2 5
50 -8 8
50 -1 0
50 4 2
50 2 -5
50 -7 -6
50 -1 -3
50 6 5
50 4 -8
50 2 5
50 -8 8
50 -1 0
50 4 2
50 2 -5
50 -7 -6
50 -1 -3
50 6 5
50 4 -8
50 2 5
50 -8 8
50 -1 0
50 4 2
50 2 -5
50 -7 -6
50 -1 -3
50 6 5
50 4 -8
50 2 5
50 -8 8
50 -1 0
50 4 2
50 2 -5
50 -7 -6
50 -1 -3
50 6 5
50 4 -8
50 2 5
50 -8 8
50 -1 0
50 4 2
50 2 -5
50 -7 -6
50 -1 -3
50 6 5
50 4 -8
50 2 5
50 -8 8
50 -1 0
50 4 2
50 2 -5
50 -7 -6
50 -1 -3
50 6 5
50 4 -8
50 2 5
50 -8 8
50 -1 0
50 4 2
50 2 -5
50 -7 -6
50 -1 -3
50 6 5
50 4 -8
50 2 5
50 -8 8
50 -1 0
50 4 2
50 2 -5
50 -7 -6
50 -1 -3
50 6 5
50 4 -8
50 2 5
50 -8 8
50 -1 0
50 4 2
50 2 -5
50 -7 -6
50 -1 -3
50 6 5
50 4 -8
50 2 5
50 -8 8
50 -1 0
50 4 2
50 2 -5
50 -7 -6
50 -1 -3
50 6 5
50 4 -8
51 2 5
51 -8 8
51 -1 0
51 4 2
51 2 -5
51 -7 -6
51 -1 -3
51 6 5
51 4 -8
51 2 5
51 -8 8
51 -1 0
51 4 2
51 2 -5
51 -7 -6
51 -1 -3
51 6 5
51 4 -8
51 2 5
51 -8 8
51 -1 0
51 4 2
51 2 -5
51 -7 -6
51 -1 -3
51 6 5
51 4 -8
51 2 5
51 -8 8
51 -1 0
51 4 2
51 2 -5
51 -7 -6
51 -1 -3
51 6 5
51 4 -8
51 2 5
51 -8 8
51 -1 0
51 4 2
51 2 -5
51 -7 -6
51 -1 -3
51 6 5
51 4 -8
51 2 5
51 -8 8
51 -1 0
51 4 2
51 2 -5
51 -7 -6
51 -1 -3
51 6 5
51 4 -8
51 2 5
51 -8 8
51 -1 0
51 4 2
51 2 -5
51 -7 -6
51 -1 -3
51 6 5
51 4 -8
51 2 5
51 -8 8
51 -1 0
51 4 2
51 2 -5
51 -7 -6
51 -1 -3
51 6 5
51 4 -8
51 2 5
51 -8 8
51 -1 0
51 4 2
51 2 -5
51 -7 -6
51 -1 -3
51 6 5
51 4 -8
51 2 5
51 -8 8
51 -1 0
51 4 2
51 2 -5
51 -7 -6
51 -1 -3
51 6 5
51 4 -8
51 2 5
51 -8 8
51 -1 0
51 4 2
51 2 -5
51 -7 -6
51 -1 -3
51 6 5
51 4 -8
51 2 5
51 -8 8
51 -1 0
51 4 2
51 2 -5
51 -7 -6
51 -1 -3
51 6 5
51 4 -8
51 2 5
51 -8 8
51 -1 0
51 4 2
51 2 -5
51 -7 -6
51 -1 -3
51 6 5
51 4 -8
51 2 5
51 -8 8
51 -1 0
51 4 2
51 2 -5
51 -7 -6
51 -1 -3
51 6 5
51 4 -8
51 2 5
51 -8 8
51 -1 0
51 4 2
51 2 -5
51 -7 -6
51 -1 -3
51 6 5
51 4 -8
52 2 5
52 -8 8
52 -1 0
52 4 2
52 2 -5
52 -7 -6
52 -1 -3
52 6 5
52 4 -8
52 2 5
52 -8 8
52 -1 0
52 4 2
52 2 -5
52 -7 -6
52 -1 -3
52 6 5
52 4 -8
52 2 5
52 -8 8
52 -1 0
52 4 2
52 2 -5
52 -7 -6
52 -1 -3
52 6 5
52 4 -8
52 2 5
52 -8 8
52 -1 0
52 4 2
52 2 -5
52 -7 -6
52 -1 -3
52 6 5
52 4 -8
52 2 5
52 -8 8
52 -1 0
52 4 2
52 2 -5
52 -7 -6
52 -1 -3
52 6 5
52 4 -8
52 2 5
52 -8 8
52 -1 0
52 4 2
52 2 -5
52 -7 -6
52 -1 -3
52 6 5
52 4 -8
52 2 5
52 -8 8
52 -1 0
52 4 2
52 2 -5
52 -7 -6
52 -1 -3
52 6 5
52 4 -8
52 2 5
52 -8 8
52 -1 0
52 4 2
52 2 -5
52 -7 -6
52 -1 -3
52 6 5
52 4 -8
52 2 5
52 -8 8
52 -1 0
52 4 2
52 2 -5
52 -7 -6
52 -1 -3
52 6 5
52 4 -8
52 2 5
52 -8 8
52 -1 0
52 4 2
52 2 -5
52 -7 -6
52 -1 -3
52 6 5
52 4 -8
52 2 5
52 -8 8
52 -1 0
52 4 2
52 2 -5
52 -7 -6
52 -1 -3
52 6 5
52 4 -8
52 2 5
52 -8 8
52 -1 0
52 4 2
52 2 -5
52 -7 -6
52 -1 -3
52 6 5
52 4 -8
52 2 5
52 -8 8
52 -1 0
52 4 2
52 2 -5
52 -7 -6
52 -1 -3
52 6 5
52 4 -8
52 2 5
52 -8 8
52 -1 0
52 4 2
52 2 -5
52 -7 -6
52 -1 -3
52 6 5
52 4 -8
52 2 5
52 -8 8
52 -1 0
52 4 2
52 2 -5
52 -7 -6
52 -1 -3
52 6 5
52 4 -8
53 2 5
53 -8 8
53 -1 0
53 4 2
53 2 -5
53 -7 -6
53 -1 -3
53 6 5
53 4 -8
53 2 5
53 -8 8
53 -1 0
53 4 2
53 2 -5
53 -7 -6
53 -1 -3
53 6 5
53 4 -8
53 2 5
53 -8 8
53 -1 0
53 4 2
53 2 -5
53 -7 -6
53 -1 -3
53 6 5
53 4 -8
53 2 5
53 -8 8
53 -1 0
53 4 2
53 2 -5
53 -7 -6
53 -1 -3
53 6 5
53 4 -8
53 2 5
53 -8 8
53 -1 0
53 4 2
53 2 -5
53 -7 -6
53 -1 -3
53 6 5
53 4 -8
53 2 5
53 -8 8
53 -1 0
53 4 2
53 2 -5
53 -7 -6
53 -1 -3
53 6 5
53 4 -8
53 2 5
53 -8 8
53 -1 0
53 4 2
53 2 -5
53 -7 -6
53 -1 -3
53 6 5
53 4 -8
53 2 5
53 -8 8
53 -1 0
53 4 2
53 2 -5
53 -7 -6
53 -1 -3
53 6 5
53 4 -8
53 2 5
53 -8 8
53 -1 0
53 4 2
53 2 -5
53 -7 -6
53 -1 -3
53 6 5
53 4 -8
53 2 5
53 -8 8
53 -1 0
53 4 2
53 2 -5
53 -7 -6
53 -1 -3
53 6 5
53 4 -8
53 2 5
53 -8 8
53 -1 0
53 4 2
53 2 -5
53 -7 -6
53 -1 -3
53 6 5
53 4 -8
53 2 5
53 -8 8
53 -1 0
53 4 2
53 2 -5
53 -7 -6
53 -1 -3
53 6 5
53 4 -8
53 2 5
53 -8 8
53 -1 0
53 4 2
53 2 -5
53 -7 -6
53 -1 -3
53 6 5
53 4 -8
53 2 5
53 -8 8
53 -1 0
53 4 2
53 2 -5
53 -7 -6
53 -1 -3
53 6 5
53 4 -8
53 2 5
53 -8 8
53 -1 0
53 4 2
53 2 -5
53 -7 -6
53 -1 -3
53 6 5
53 4 -8
54 2 5
54 -8 8
54 -1 0
54 4 2
54 2 -5
54 -7 -6
54 -1 -3
54 6 5
54 4 -8
54 2 5
54 -8 8
54 -1 0
54 4 2
54 2 -5
54 -7 -6
54 -1 -3
54 6 5
54 4 -8
54 2 5
54 -8 8
54 -1 0
54 4 2
54 2 -5
54 -7 -6
54 -1 -3
54 6 5
54 4 -8
54 2 5
54 -8 8
54 -1 0
54 4 2
54 2 -5
54 -7 -6
54 -1 -3
54 6 5
54 4 -8
54 2 5
54 -8 8
54 -1 0
54 4 2
54 2 -5
54 -7 -6
54 -1 -3
54 6 5
54 4 -8
54 2 5
54 -8 8
54 -1 0
54 4 2
54 2 -5
54 -7 -6
54 -1 -3
54 6 5
54 4 -8
54 2 5
54 -8 8
54 -1 0
54 4 2
54 2 -5
54 -7 -6
54 -1 -3
54 6 5
54 4 -8
54 2 5
54 -8 8
54 -1 0
54 4 2
54 2 -5
54 -7 -6
54 -1 -3
54 6 5
54 4 -8
54 2 5
54 -8 8
54 -1 0
54 4 2
54 2 -5
54 -7 -6
54 -1 -3
54 6 5
54 4 -8
54 2 5
54 -8 8
54 -1 0
54 4 2
54 2 -5
54 -7 -6
54 -1 -3
54 6 5
54 4 -8
54 2 5
54 -8 8
54 -1 0
54 4 2
54 2 -5
54 -7 -6
54 -1 -3
54 6 5
54 4 -8
54 2 5
54 -8 8
54 -1 0
54 4 2
54 2 -5
54 -7 -6
54 -1 -3
54 6 5
54 4 -8
54 2 5
54 -8 8
54 -1 0
54 4 2
54 2 -5
54 -7 -6
54 -1 -3
54 6 5
54 4 -8
54 2 5
54 -8 8
54 -1 0
54 4 2
54 2 -5
54 -7 -6
54 -1 -3
54 6 5
54 4 -8
54 2 5
54 -8 8
54 -1 0
54 4 2
54 2 -5
54 -7 -6
54 -1 -3
54 6 5
54 4 -8
55 2 5
55 -8 8
55 -1 0
55 4 2
55 2 -5
55 -7 -6
55 -1 -3
55 6 5
55 4 -8
55 2 5
55 -8 8
55 -1 0
55 4 2
55 2 -5
55 -7 -6
55 -1 -3
55 6 5
55 4 -8
55 2 5
55 -8 8
55 -1 0
55 4 2
55 2 -5
55 -7 -6
55 -1 -3
55 6 5
55 4 -8
55 2 5
55 -8 8
55 -1 0
55 4 2
55 2 -5
55 -7 -6
55 -1 -3
55 6 5
55 4 -8
55 2 5
55 -8 8
55 -1 0
55 4 2
55 2 -5
55 -7 -6
55 -1 -3
55 6 5
55 4 -8
55 2 5
55 -8 8
55 -1 0
55 4 2
55 2 -5
55 -7 -6
55 -1 -3
55 6 5
55 4 -8
55 2 5
55 -8 8
55 -1 0
55 4 2
55 2 -5
55 -7 -6
55 -1 -3
55 6 5
55 4 -8
55 2 5
55 -8 8
55 -1 0
55 4 2
55 2 -5
55 -7 -6
55 -1 -3
55 6 5
55 4 -8
55 2 5
55 -8 8
55 -1 0
55 4 2
55 2 -5
55 -7 -6
55 -1 -3
55 6 5
55 4 -8
55 2 5
55 -8 8
55 -1 0
55 4 2
55 2 -5
55 -7 -6
55 -1 -3
55 6 5
55 4 -8
55 2 5
55 -8 8
55 -1 0
55 4 2
55 2 -5
55 -7 -6
55 -1 -3
55 6 5
55 4 -8
55 2 5
55 -8 8
55 -1 0
55 4 2
55 2 -5
55 -7 -6
55 -1 -3
55 6 5
55 4 -8
55 2 5
55 -8 8
55 -1 0
55 4 2
55 2 -5
55 -7 -6
55 -1 -3
55 6 5
55 4 -8
55 2 5
55 -8 8
55 -1 0
55 4 2
55 2 -5
55 -7 -6
55 -1 -3
55 6 5
55 4 -8
55 2 5
55 -8 8
55 -1 0
55 4 2
55 2 -5
55 -7 -6
55 -1 -3
55 6 5
55 4 -8
56 2 5
56 -8 8
56 -1 0
56 4 2
56 2 -5
56 -7 -6
56 -1 -3
56 6 5
56 4 -8
56 2 5
56 -8 8
56 -1 0
56 4 2
56 2 -5
56 -7 -6
56 -1 -3
56 6 5
56 4 -8
56 2 5
56 -8 8
56 -1 0
56 4 2
56 2 -5
56 -7 -6
56 -1 -3
56 6 5
56 4 -8
56 2 5
56 -8 8
56 -1 0
56 4 2
56 2 -5
56 -7 -6
56 -1 -3
56 6 5
56 4 -8
56 2 5
56 -8 8
56 -1 0
56 4 2
56 2 -5
56 -7 -6
56 -1 -3
56 6 5
56 4 -8
56 2 5
56 -8 8
56 -1 0
56 4 2
56 2 -5
56 -7 -6
56 -1 -3
56 6 5
56 4 -8
56 2 5
56 -8 8
56 -1 0
56 4 2
56 2 -5
56 -7 -6
56 -1 -3
56 6 5
56 4 -8
56 2 5
56 -8 8
56 -1 0
56 4 2
56 2 -5
56 -7 -6
56 -1 -3
56 6 5
56 4 -8
56 2 5
56 -8 8
56 -1 0
56 4 2
56 2 -5
56 -7 -6
56 -1 -3
56 6 5
56 4 -8
56 2 5
56 -8 8
56 -1 0
56 4 2
56 2 -5
56 -7 -6
56 -1 -3
56 6 5
56 4 -8
56 2 5
56 -8 8
56 -1 0
56 4 2
56 2 -5
56 -7 -6
56 -1 -3
56 6 5
56 4 -8
56 2 5
56 -8 8
56 -1 0
56 4 2
56 2 -5
56 -7 -6
56 -1 -3
56 6 5
56 4 -8
56 2 5
56 -8 8
56 -1 0
56 4 2
56 2 -5
56 -7 -6
56 -1 -3
56 6 5
56 4 -8
56 2 5
56 -8 8
56 -1 0
56 4 2
56 2 -5
56 -7 -6
56 -1 -3
56 6 5
56 4 -8
56 2 5
56 -8 8
56 -1 0
56 4 2
56 2 -5
56 -7 -6
56 -1 -3
56 6 5
56 4 -8
57 2 5
57 -8 8
57 -1 0
57 4 2
57 2 -5
57 -7 -6
57 -1 -3
57 6 5
57 4 -8
57 2 5
57 -8 8
57 -1 0
57 4 2
57 2 -5
57 -7 -6
57 -1 -3
57 6 5
57 4 -8
57 2 5
57 -8 8
57 -1 0
57 4 2
57 2 -5
57 -7 -6
57 -1 -3
57 6 5
57 4 -8
57 2 5
57 -8 8
57 -1 0
57 4 2
57 2 -5
57 -7 -6
57 -1 -3
57 6 5
57 4 -8
57 2 5
57 -8 8
57 -1 0
57 4 2
57 2 -5
57 -7 -6
57 -1 -3
57 6 5
57 4 -8
57 2 5
57 -8 8
57 -1 0
57 4 2
57 2 -5
57 -7 -6
57 -1 -3
57 6 5
57 4 -8
57 2 5
57 -8 8
57 -1 0
57 4 2
57 2 -5
57 -7 -6
57 -1 -3
57 6 5
57 4 -8
57 2 5
57 -8 8
57 -1 0
57 4 2
57 2 -5
57 -7 -6
57 -1 -3
57 6 5
57 4 -8
57 2 5
57 -8 8
57 -1 0
57 4 2
57 2 -5
57 -7 -6
57 -1 -3
57 6 5
57 4 -8
57 2 5
57 -8 8
57 -1 0
57 4 2
57 2 -5
57 -7 -6
57 -1 -3
57 6 5
57 4 -8
57 2 5
57 -8 8
57 -1 0
57 4 2
57 2 -5
57 -7 -6
57 -1 -3
57 6 5
57 4 -8
57 2 5
57 -8 8
57 -1 0
57 4 2
57 2 -5
57 -7 -6
57 -1 -3
57 6 5
57 4 -8
57 2 5
57 -8 8
57 -1 0
57 4 2
57 2 -5
57 -7 -6
57 -1 -3
57 6 5
57 4 -8
57 2 5
57 -8 8
57 -1 0
57 4 2
57 2 -5
57 -7 -6
57 -1 -3
57 6 5
57 4 -8
57 2 5
57 -8 8
57 -1 0
57 4 2
57 2 -5
57 -7 -6
57 -1 -3
57 6 5
57 4 -8
58 2 5
58 -8 8
58 -1 0
58 4 2
58 2 -5
58 -7 -6
58 -1 -3
58 6 5
58 4 -8
58 2 5
58 -8 8
58 -1 0
58 4 2
58 2 -5
58 -7 -6
58 -1 -3
58 6 5
58 4 -8
58 2 5
58 -8 8
58 -1 0
58 4 2
58 2 -5
58 -7 -6
58 -1 -3
58 6 5
58 4 -8
58 2 5
58 -8 8
58 -1 0
58 4 2
58 2 -5
58 -7 -6
58 -1 -3
58 6 5
58 4 -8
58 2 5
58 -8 8
58 -1 0
58 4 2
58 2 -5
58 -7 -6
58 -1 -3
58 6 5
58 4 -8
58 2 5
58 -8 8
58 -1 0
58 4 2
58 2 -5
58 -7 -6
58 -1 -3
58 6 5
58 4 -8
58 2 5
58 -8 8
58 -1 0
58 4 2
58 2 -5
58 -7 -6
58 -1 -3
58 6 5
58 4 -8
58 2 5
58 -8 8
58 -1 0
58 4 2
58 2 -5
58 -7 -6
58 -1 -3
58 6 5
58 4 -8
58 2 5
58 -8 8
58 -1 0
58 4 2
58 2 -5
58 -7 -6
58 -1 -3
58 6 5
58 4 -8
58 2 5
58 -8 8
58 -1 0
58 4 2
58 2 -5
58 -7 -6
58 -1 -3
58 6 5
58 4 -8
58 2 5
58 -8 8
58 -1 0
58 4 2
58 2 -5
58 -7 -6
58 -1 -3
58 6 5
58 4 -8
58 2 5
58 -8 8
58 -1 0
58 4 2
58 2 -5
58 -7 -6
58 -1 -3
58 6 5
58 4 -8
58 2 5
58 -8 8
58 -1 0
58 4 2
58 2 -5
58 -7 -6
58 -1 -3
58 6 5
58 4 -8
58 2 5
58 -8 8
58 -1 0
58 4 2
58 2 -5
58 -7 -6
58 -1 -3
58 6 5
58 4 -8
58 2 5
58 -8 8
58 -1 0
58 4 2
58 2 -5
58 -7 -6
58 -1 -3
58 6 5
58 4 -8
59 2 5
59 -8 8
59 -1 0
59 4 2
59 2 -5
59 -7 -6
59 -1 -3
59 6 5
59 4 -8
59 2 5
59 -8 8
59 -1 0
59 4 2
59 2 -5
59 -7 -6
59 -1 -3
59 6 5
59 4 -8
59 2 5
59 -8 8
59 -1 0
59 4 2
59 2 -5
59 -7 -6
59 -1 -3
59 6 5
59 4 -8
59 2 5
59 -8 8
59 -1 0
59 4 2
59 2 -5
59 -7 -6
59 -1 -3
59 6 5
59 4 -8
59 2 5
59 -8 8
59 -1 0
59 4 2
59 2 -5
59 -7 -6
59 -1 -3
59 6 5
59 4 -8
59 2 5
59 -8 8
59 -1 0
59 4 2
59 2 -5
59 -7 -6
59 -1 -3
59 6 5
59 4 -8
59 2 5
59 -8 8
59 -1 0
59 4 2
59 2 -5
59 -7 -6
59 -1 -3
59 6 5
59 4 -8
59 2 5
59 -8 8
59 -1 0
59 4 2
59 2 -5
59 -7 -6
59 -1 -3
59 6 5
59 4 -8
59 2 5
59 -8 8
59 -1 0
59 4 2
59 2 -5
59 -7 -6
59 -1 -3
59 6 5
59 4 -8
59 2 5
59 -8 8
59 -1 0
59 4 2
59 2 -5
59 -7 -6
59 -1 -3
59 6 5
59 4 -8
59 2 5
59 -8 8
59 -1 0
59 4 2
59 2 -5
59 -7 -6
59 -1 -3
59 6 5
59 4 -8
59 2 5
59 -8 8
59 -1 0
59 4 2
59 2 -5
59 -7 -6
59 -1 -3
59 6 5
59 4 -8
59 2 5
59 -8 8
59 -1 0
59 4 2
59 2 -5
59 -7 -6
59 -1 -3
59 6 5
59 4 -8
59 2 5
59 -8 8
59 -1 0
59 4 2
59 2 -5
59 -7 -6
59 -1 -3
59 6 5
59 4 -8
59 2 5
59 -8 8
59 -1 0
59 4 2
59 2 -5
59 -7 -6
59 -1 -3
59 6 5
59 4 -8
60 2 5
60 -8 8
60 -1 0
60 4 2
60 2 -5
60 -7 -6
60 -1 -3
60 6 5
60 4 -8
60 2 5
60 -8 8
60 -1 0
60 4 2
60 2 -5
60 -7 -6
60 -1 -3
60 6 5
60 4 -8
60 2 5
60 -8 8
60 -1 0
60 4 2
60 2 -5
60 -7 -6
60 -1 -3
60 6 5
60 4 -8
60 2 5
60 -8 8
60 -1 0
60 4 2
60 2 -5
60 -7 -6
60 -1 -3
60 6 5
60 4 -8
60 2 5
60 -8 8
60 -1 0
60 4 2
60 2 -5
60 -7 -6
60 -1 -3
60 6 5
60 4 -8
60 2 5
60 -8 8
60 -1 0
60 4 2
60 2 -5
60 -7 -6
60 -1 -3
60 6 5
60 4 -8
60 2 5
60 -8 8
60 -1 0
60 4 2
60 2 -5
60 -7 -6
60 -1 -3
60 6 5
60 4 -8
60 2 5
60 -8 8
60 -1 0
60 4 2
60 2 -5
60 -7 -6
60 -1 -3
60 6 5
60 4 -8
60 2 5
60 -8 8
60 -1 0
60 4 2
60 2 -5
60 -7 -6
60 -1 -3
60 6 5
60 4 -8
60 2 5
60 -8 8
60 -1 0
60 4 2
60 2 -5
60 -7 -6
60 -1 -3
60 6 5
60 4 -8
60 2 5
60 -8 8
60 -1 0
60 4 2
60 2 -5
60 -7 -6
60 -1 -3
60 6 5
60 4 -8
60 2 5
60 -8 8
60 -1 0
60 4 2
60 2 -5
60 -7 -6
60 -1 -3
60 6 5
60 4 -8
60 2 5
60 -8 8
60 -1 0
60 4 2
60 2 -5
60 -7 -6
60 -1 -3
60 6 5
60 4 -8
60 2 5
60 -8 8
60 -1 0
60 4 2
60 2 -5
60 -7 -6
60 -1 -3
60 6 5
60 4 -8
60 2 5
60 -8 8
60 -1 0
60 4 2
60 2 -5
60 -7 -6
60 -1 -3
60 6 5
60 4 -8
61 2 5
61 -8 8
61 -1 0
61 4 2
61 2 -5
61 -7 -6
61 -1 -3
61 6 5
61 4 -8
61 2 5
61 -8 8
61 -1 0
61 4 2
61 2 -5
61 -7 -6
61 -1 -3
61 6 5
61 4 -8
61 2 5
61 -8 8
61 -1 0
61 4 2
61 2 -5
61 -7 -6
61 -1 -3
61 6 5
61 4 -8
61 2 5
61 -8 8
61 -1 0
61 4 2
61 2 -5
61 -7 -6
61 -1 -3
61 6 5
61 4 -8
61 2 5
61 -8 8
61 -1 0
61 4 2
61 2 -5
61 -7 -6
61 -1 -3
61 6 5
61 4 -8
61 2 5
61 -8 8
61 -1 0
61 4 2
61 2 -5
61 -7 -6
61 -1 -3
61 6 5
61 4 -8
61 2 5
61 -8 8
61 -1 0
61 4 2
61 2 -5
61 -7 -6
61 -1 -3
61 6 5
61 4 -8
61 2 5
61 -8 8
61 -1 0
61 4 2
61 2 -5
61 -7 -6
61 -1 -3
61 6 5
61 4 -8
61 2 5
61 -8 8
61 -1 0
61 4 2
61 2 -5
61 -7 -6
61 -1 -3
61 6 5
61 4 -8
61 2 5
61 -8 8
61 -1 0
61 4 2
61 2 -5
61 -7 -6
61 -1 -3
61 6 5
61 4 -8
61 2 5
61 -8 8
61 -1 0
61 4 2
61 2 -5
61 -7 -6
61 -1 -3
61 6 5
61 4 -8
61 2 5
61 -8 8
61 -1 0
61 4 2
61 2 -5
61 -7 -6
61 -1 -3
61 6 5
61 4 -8
61 2 5
61 -8 8
61 -1 0
61 4 2
61 2 -5
61 -7 -6
61 -1 -3
61 6 5
61 4 -8
61 2 5
61 -8 8
61 -1 0
61 4 2
61 2 -5
61 -7 -6
61 -1 -3
61 6 5
61 4 -8
61 2 5
61 -8 8
61 -1 0
61 4 2
61 2 -5
61 -7 -6
61 -1 -3
61 6 5
61 4 -8
62 2 5
62 -8 8
62 -1 0
62 4 2
62 2 -5
62 -7 -6
62 -1 -3
62 6 5
62 4 -8
62 2 5
62 -8 8
62 -1 0
62 4 2
62 2 -5
62 -7 -6
62 -1 -3
62 6 5
62 4 -8
62 2 5
62 -8 8
62 -1 0
62 4 2
62 2 -5
62 -7 -6
62 -1 -3
62 6 5
62 4 -8
62 2 5
62 -8 8
62 -1 0
62 4 2
62 2 -5
62 -7 -6
62 -1 -3
62 6 5
62 4 -8
62 2 5
62 -8 8
62 -1 0
62 4 2
62 2 -5
62 -7 -6
62 -1 -3
62 6 5
62 4 -8
62 2 5
62 -8 8
62 -1 0
62 4 2
62 2 -5
62 -7 -6
62 -1 -3
62 6 5
62 4 -8
62 2 5
62 -8 8
62 -1 0
62 4 2
62 2 -5
62 -7 -6
62 -1 -3
62 6 5
62 4 -8
62 2 5
62 -8 8
62 -1 0
62 4 2
62 2 -5
62 -7 -6
62 -1 -3
62 6 5
62 4 -8
62 2 5
62 -8 8
62 -1 0
62 4 2
62 2 -5
62 -7 -6
62 -1 -3
62 6 5
62 4 -8
62 2 5
62 -8 8
62 -1 0
62 4 2
62 2 -5
62 -7 -6
62 -1 -3
62 6 5
62 4 -8
62 2 5
62 -8 8
62 -1 0
62 4 2
62 2 -5
62 -7 -6
62 -1 -3
62 6 5
62 4 -8
62 2 5
62 -8 8
62 -1 0
62 4 2
62 2 -5
62 -7 -6
62 -1 -3
62 6 5
62 4 -8
62 2 5
62 -8 8
62 -1 0
62 4 2
62 2 -5
62 -7 -6
62 -1 -3
62 6 5
62 4 -8
62 2 5
62 -8 8
62 -1 0
62 4 2
62 2 -5
62 -7 -6
62 -1 -3
62 6 5
62 4 -8
62 2 5
62 -8 8
62 -1 0
62 4 2
62 2 -5
62 -7 -6
62 -1 -3
62 6 5
62 4 -8
63 2 5
63 -8 8
63 -1 0
63 4 2
63 2 -5
63 -7 -6
63 -1 -3
63 6 5
63 4 -8
63 2 5
63 -8 8
63 -1 0
63 4 2
63 2 -5
63 -7 -6
63 -1 -3
63 6 5
63 4 -8
63 2 5
63 -8 8
63 -1 0
63 4 2
63 2 -5
63 -7 -6
63 -1 -3
63 6 5
63 4 -8
63 2 5
63 -8 8
63 -1 0
63 4 2
63 2 -5
63 -7 -6
63 -1 -3
63 6 5
63 4 -8
63 2 5
63 -8 8
63 -1 0
63 4 2
63 2 -5
63 -7 -6
63 -1 -3
63 6 5
63 4 -8
63 2 5
63 -8 8
63 -1 0
63 4 2
63 2 -5
63 -7 -6
63 -1 -3
63 6 5
63 4 -8
63 2 5
63 -8 8
63 -1 0
63 4 2
63 2 -5
63 -7 -6
63 -1 -3
63 6 5
63 4 -8
63 2 5
63 -8 8
63 -1 0
63 4 2
63 2 -5
63 -7 -6
63 -1 -3
63 6 5
63 4 -8
63 2 5
63 -8 8
63 -1 0
63 4 2
63 2 -5
63 -7 -6
63 -1 -3
63 6 5
63 4 -8
63 2 5
63 -8 8
63 -1 0
63 4 2
63 2 -5
63 -7 -6
63 -1 -3
63 6 5
63 4 -8
63 2 5
63 -8 8
63 -1 0
63 4 2
63 2 -5
63 -7 -6
63 -1 -3
63 6 5
63 4 -8
63 2 5
63 -8 8
63 -1 0
63 4 2
63 2 -5
63 -7 -6
63 -1 -3
63 6 5
63 4 -8
63 2 5
63 -8 8
63 -1 0
63 4 2
63 2 -5
63 -7 -6
63 -1 -3
63 6 5
63 4 -8
63 2 5
63 -8 8
63 -1 0
63 4 2
63 2 -5
63 -7 -6
63 -1 -3
63 6 5
63 4 -8
63 2 5
63 -8 8
63 -1 0
63 4 2
63 2 -5
63 -7 -6
63 -1 -3
63 6 5
63 4 -8
64 2 5
64 -8 8
64 -1 0
64 4 2
64 2 -5
64 -7 -6
64 -1 -3
64 6 5
64 4 -8
64 2 5
64 -8 8
64 -1 0
64 4 2
64 2 -5
64 -7 -6
64 -1 -3
64 6 5
64 4 -8
64 2 5
64 -8 8
64 -1 0
64 4 2
64 2 -5
64 -7 -6
64 -1 -3
64 6 5
64 4 -8
64 2 5
64 -8 8
64 -1 0
64 4 2
64 2 -5
64 -7 -6
64 -1 -3
64 6 5
64 4 -8
64 2 5
64 -8 8
64 -1 0
64 4 2
64 2 -5
64 -7 -6
64 -1 -3
64 6 5
64 4 -8
64 2 5
64 -8 8
64 -1 0
64 4 2
64 2 -5
64 -7 -6
64 -1 -3
64 6 5
64 4 -8
64 2 5
64 -8 8
64 -1 0
64 4 2
64 2 -5
64 -7 -6
64 -1 -3
64 6 5
64 4 -8
64 2 5
64 -8 8
64 -1 0
64 4 2
64 2 -5
64 -7 -6
64 -1 -3
64 6 5
64 4 -8
64 2 5
64 -8 8
64 -1 0
64 4 2
64 2 -5
64 -7 -6
64 -1 -3
64 6 5
64 4 -8
64 2 5
64 -8 8
64 -1 0
64 4 2
64 2 -5
64 -7 -6
64 -1 -3
64 6 5
64 4 -8
64 2 5
64 -8 8
64 -1 0
64 4 2
64 2 -5
64 -7 -6
64 -1 -3
64 6 5
64 4 -8
64 2 5
64 -8 8
64 -1 0
64 4 2
64 2 -5
64 -7 -6
64 -1 -3
64 6 5
64 4 -8
64 2 5
64 -8 8
64 -1 0
64 4 2
64 2 -5
64 -7 -6
64 -1 -3
64 6 5
64 4 -8
64 2 5
64 -8 8
64 -1 0
64 4 2
64 2 -5
64 -7 -6
64 -1 -3
64 6 5
64 4 -8
64 2 5
64 -8 8
64 -1 0
64 4 2
64 2 -5
64 -7 -6
64 -1 -3
64 6 5
64 4 -8
64 2 5
64 -8 8
64 -1 0
64 4 2
64 2 -5
64 -7 -6
64 -1 -3
64 6 5
64 4 -8
65 2 5
65 -8 8
65 -1 0
65 4 2
65 2 -5
65 -7 -6
65 -1 -3
65 6 5
65 4 -8
65 2 5
65 -8 8
65 -1 0
65 4 2
65 2 -5
65 -7 -6
65 -1 -3
65 6 5
65 4 -8
65 2 5
65 -8 8
65 -1 0
65 4 2
65 2 -5
65 -7 -6
65 -1 -3
65 6 5
65 4 -8
65 2 5
65 -8 8
65 -1 0
65 4 2
65 2 -5
65 -7 -6
65 -1 -3
65 6 5
65 4 -8
65 2 5
65 -8 8
65 -1 0
65 4 2
65 2 -5
65 -7 -6
65 -1 -3
65 6 5
65 4 -8
65 2 5
65 -8 8
65 -1 0
65 4 2
65 2 -5
65 -7 -6
65 -1 -3
65 6 5
65 4 -8
65 2 5
65 -8 8
65 -1 0
65 4 2
65 2 -5
65 -7 -6
65 -1 -3
65 6 5
65 4 -8
65 2 5
65 -8 8
65 -1 0
65 4 2
65 2 -5
65 -7 -6
65 -1 -3
65 6 5
65 4 -8
65 2 5
65 -8 8
65 -1 0
65 4 2
65 2 -5
65 -7 -6
65 -1 -3
65 6 5
65 4 -8
65 2 5
65 -8 8
65 -1 0
65 4 2
65 2 -5
65 -7 -6
65 -1 -3
65 6 5
65 4 -8
65 2 5
65 -8 8
65 -1 0
65 4 2
65 2 -5
65 -7 -6
65 -1 -3
65 6 5
65 4 -8
65 2 5
65 -8 8
65 -1 0
65 4 2
65 2 -5
65 -7 -6
65 -1 -3
65 6 5
65 4 -8
65 2 5
65 -8 8
65 -1 0
65 4 2
65 2 -5
65 -7 -6
65 -1 -3
65 6 5
65 4 -8
65 2 5
65 -8 8
65 -1 0
65 4 2
65 2 -5
65 -7 -6
65 -1 -3
65 6 5
65 4 -8
65 2 5
65 -8 8
65 -1 0
65 4 2
65 2 -5
65 -7 -6
65 -1 -3
65 6 5
65 4 -8
65 2 5
65 -8 8
65 -1 0
65 4 2
65 2 -5
65 -7 -6
65 -1 -3
65 6 5
65 4 -8
66 2 5
66 -8 8
66 -1 0
66 4 2
66 2 -5
66 -7 -6
66 -1 -3
66 6 5
66 4 -8
66 2 5
66 -8 8
66 -1 0
66 4 2
66 2 -5
66 -7 -6
66 -1 -3
66 6 5
66 4 -8
66 2 5
66 -8 8
66 -1 0
66 4 2
66 2 -5
66 -7 -6
66 -1 -3
66 6 5
66 4 -8
66 2 5
66 -8 8
66 -1 0
66 4 2
66 2 -5
66 -7 -6
66 -1 -3
66 6 5
66 4 -8
66 2 5
66 -8 8
66 -1 0
66 4 2
66 2 -5
66 -7 -6
66 -1 -3
66 6 5
66 4 -8
66 2 5
66 -8 8
66 -1 0
66 4 2
66 2 -5
66 -7 -6
66 -1 -3
66 6 5
66 4 -8
66 2 5
66 -8 8
66 -1 0
66 4 2
66 2 -5
66 -7 -6
66 -1 -3
66 6 5
66 4 -8
66 2 5
66 -8 8
66 -1 0
66 4 2
66 2 -5
66 -7 -6
66 -1 -3
66 6 5
66 4 -8
66 2 5
66 -8 8
66 -1 0
66 4 2
66 2 -5
66 -7 -6
66 -1 -3
66 6 5
66 4 -8
66 2 5
66 -8 8
66 -1 0
66 4 2
66 2 -5
66 -7 -6
66 -1 -3
66 6 5
66 4 -8
66 2 5
66 -8 8
66 -1 0
66 4 2
66 2 -5
66 -7 -6
66 -1 -3
66 6 5
66 4 -8
66 2 5
66 -8 8
66 -1 0
66 4 2
66 2 -5
66 -7 -6
66 -1 -3
66 6 5
66 4 -8
66 2 5
66 -8 8
66 -1 0
66 4 2
66 2 -5
66 -7 -6
66 -1 -3
66 6 5
66 4 -8
66 2 5
66 -8 8
66 -1 0
66 4 2
66 2 -5
66 -7 -6
66 -1 -3
66 6 5
66 4 -8
66 2 5
66 -8 8
66 -1 0
66 4 2
66 2 -5
66 -7 -6
66 -1 -3
66 6 5
66 4 -8
66 2 5
66 -8 8
66 -1 0
66 4 2
66 2 -5
66 -7 -6
66 -1 -3
66 6 5
66 4 -8
67 2 5
67 -8 8
67 -1 0
67 4 2
67 2 -5
67 -7 -6
67 -1 -3
67 6 5
67 4 -8
67 2 5
67 -8 8
67 -1 0
67 4 2
67 2 -5
67 -7 -6
67 -1 -3
67 6 5
67 4 -8
67 2 5
67 -8 8
67 -1 0
67 4 2
67 2 -5
67 -7 -6
67 -1 -3
67 6 5
67 4 -8
67 2 5
67 -8 8
67 -1 0
67 4 2
67 2 -5
67 -7 -6
67 -1 -3
67 6 5
67 4 -8
67 2 5
67 -8 8
67 -1 0
67 4 2
67 2 -5
67 -7 -6
67 -1 -3
67 6 5
67 4 -8
67 2 5
67 -8 8
67 -1 0
67 4 2
67 2 -5
67 -7 -6
67 -1 -3
67 6 5
67 4 -8
67 2 5
67 -8 8
67 -1 0
67 4 2
67 2 -5
67 -7 -6
67 -1 -3
67 6 5
67 4 -8
67 2 5
67 -8 8
67 -1 0
67 4 2
67 2 -5
67 -7 -6
67 -1 -3
67 6 5
67 4 -8
67 2 5
67 -8 8
67 -1 0
67 4 2
67 2 -5
67 -7 -6
67 -1 -3
67 6 5
67 4 -8
67 2 5
67 -8 8
67 -1 0
67 4 2
67 2 -5
67 -7 -6
67 -1 -3
67 6 5
67 4 -8
67 2 5
67 -8 8
67 -1 0
67 4 2
67 2 -5
67 -7 -6
67 -1 -3
67 6 5
67 4 -8
67 2 5
67 -8 8
67 -1 0
67 4 2
67 2 -5
67 -7 -6
67 -1 -3
67 6 5
67 4 -8
67 2 5
67 -8 8
67 -1 0
67 4 2
67 2 -5
67 -7 -6
67 -1 -3
67 6 5
67 4 -8
67 2 5
67 -8 8
67 -1 0
67 4 2
67 2 -5
67 -7 -6
67 -1 -3
67 6 5
67 4 -8
67 2 5
67 -8 8
67 -1 0
67 4 2
67 2 -5
67 -7 -6
67 -1 -3
67 6 5
67 4 -8
67 2 5
67 -8 8
67 -1 0
67 4 2
67 2 -5
67 -7 -6
67 -1 -3
67 6 5
67 4 -8
68 2 5
68 -8 8
68 -1 0
68 4 2
68 2 -5
68 -7 -6
68 -1 -3
68 6 5
68 4 -8
68 2 5
68 -8 8
68 -1 0
68 4 2
68 2 -5
68 -7 -6
68 -1 -3
68 6 5
68 4 -8
68 2 5
68 -8 8
68 -1 0
68 4 2
68 2 -5
68 -7 -6
68 -1 -3
68 6 5
68 4 -8
68 2 5
68 -8 8
68 -1 0
68 4 2
68 2 -5
68 -7 -6
68 -1 -3
68 6 5
68 4 -8
68 2 5
68 -8 8
68 -1 0
68 4 2
68 2 -5
68 -7 -6
68 -1 -3
68 6 5
68 4 -8
68 2 5
68 -8 8
68 -1 0
68 4 2
68 2 -5
68 -7 -6
68 -1 -3
68 6 5
68 4 -8
68 2 5
68 -8 8
68 -1 0
68 4 2
68 2 -5
68 -7 -6
68 -1 -3
68 6 5
68 4 -8
68 2 5
68 -8 8
68 -1 0
68 4 2
68 2 -5
68 -7 -6
68 -1 -3
68 6 5
68 4 -8
68 2 5
68 -8 8
68 -1 0
68 4 2
68 2 -5
68 -7 -6
68 -1 -3
68 6 5
68 4 -8
68 2 5
68 -8 8
68 -1 0
68 4 2
68 2 -5
68 -7 -6
68 -1 -3
68 6 5
68 4 -8
68 2 5
68 -8 8
68 -1 0
68 4 2
68 2 -5
68 -7 -6
68 -1 -3
68 6 5
68 4 -8
68 2 5
68 -8 8
68 -1 0
68 4 2
68 2 -5
68 -7 -6
68 -1 -3
68 6 5
68 4 -8
68 2 5
68 -8 8
68 -1 0
68 4 2
68 2 -5
68 -7 -6
68 -1 -3
68 6 5
68 4 -8
68 2 5
68 -8 8
68 -1 0
68 4 2
68 2 -5
68 -7 -6
68 -1 -3
68 6 5
68 4 -8
68 2 5
68 -8 8
68 -1 0
68 4 2
68 2 -5
68 -7 -6
68 -1 -3
68 6 5
68 4 -8
68 2 5
68 -8 8
68 -1 0
68 4 2
68 2 -5
68 -7 -6
68 -1 -3
68 6 5
68 4 -8
69 2 5
69 -8 8
69 -1 0
69 4 2
69 2 -5
69 -7 -6
69 -1 -3
69 6 5
69 4 -8
69 2 5
69 -8 8
69 -1 0
69 4 2
69 2 -5
69 -7 -6
69 -1 -3
69 6 5
69 4 -8
69 2 5
69 -8 8
69 -1 0
69 4 2
69 2 -5
69 -7 -6
69 -1 -3
69 6 5
69 4 -8
69 2 5
69 -8 8
69 -1 0
69 4 2
69 2 -5
69 -7 -6
69 -1 -3
69 6 5
69 4 -8
69 2 5
69 -8 8
69 -1 0
69 4 2
69 2 -5
69 -7 -6
69 -1 -3
69 6 5
69 4 -8
69 2 5
69 -8 8
69 -1 0
69 4 2
69 2 -5
69 -7 -6
69 -1 -3
69 6 5
69 4 -8
69 2 5
69 -8 8
69 -1 0
69 4 2
69 2 -5
69 -7 -6
69 -1 -3
69 6 5
69 4 -8
69 2 5
69 -8 8
69 -1 0
69 4 2
69 2 -5
69 -7 -6
69 -1 -3
69 6 5
69 4 -8
69 2 5
69 -8 8
69 -1 0
69 4 2
69 2 -5
69 -7 -6
69 -1 -3
69 6 5
69 4 -8
69 2 5
69 -8 8
69 -1 0
69 4 2
69 2 -5
69 -7 -6
69 -1 -3
69 6 5
69 4 -8
69 2 5
69 -8 8
69 -1 0
69 4 2
69 2 -5
69 -7 -6
69 -1 -3
69 6 5
69 4 -8
69 2 5
69 -8 8
69 -1 0
69 4 2
69 2 -5
69 -7 -6
69 -1 -3
69 6 5
69 4 -8
69 2 5
69 -8 8
69 -1 0
69 4 2
69 2 -5
69 -7 -6
69 -1 -3
69 6 5
69 4 -8
69 2 5
69 -8 8
69 -1 0
69 4 2
69 2 -5
69 -7 -6
69 -1 -3
69 6 5
69 4 -8
69 2 5
69 -8 8
69 -1 0
69 4 2
69 2 -5
69 -7 -6
69 -1 -3
69 6 5
69 4 -8
69 2 5
69 -8 8
69 -1 0
69 4 2
69 2 -5
69 -7 -6
69 -1 -3
69 6 5
69 4 -8
70 2 5
70 -8 8
70 -1 0
70 4 2
70 2 -5
70 -7 -6
70 -1 -3
70 6 5
70 4 -8
70 2 5
70 -8 8
70 -1 0
70 4 2
70 2 -5
70 -7 -6
70 -1 -3
70 6 5
70 4 -8
70 2 5
70 -8 8
70 -1 0
70 4 2
70 2 -5
70 -7 -6
70 -1 -3
70 6 5
70 4 -8
70 2 5
70 -8 8
70 -1 0
70 4 2
70 2 -5
70 -7 -6
70 -1 -3
70 6 5
70 4 -8
70 2 5
70 -8 8
70 -1 0
70 4 2
70 2 -5
70 -7 -6
70 -1 -3
70 6 5
70 4 -8
70 2 5
70 -8 8
70 -1 0
70 4 2
70 2 -5
70 -7 -6
70 -1 -3
70 6 5
70 4 -8
70 2 5
70 -8 8
70 -1 0
70 4 2
70 2 -5
70 -7 -6
70 -1 -3
70 6 5
70 4 -8
70 2 5
70 -8 8
70 -1 0
70 4 2
70 2 -5
70 -7 -6
70 -1 -3
70 6 5
70 4 -8
70 2 5
70 -8 8
70 -1 0
70 4 2
70 2 -5
70 -7 -6
70 -1 -3
70 6 5
70 4 -8
70 2 5
70 -8 8
70 -1 0
70 4 2
70 2 -5
70 -7 -6
70 -1 -3
70 6 5
70 4 -8
70 2 5
70 -8 8
70 -1 0
70 4 2
70 2 -5
70 -7 -6
70 -1 -3
70 6 5
70 4 -8
70 2 5
70 -8 8
70 -1 0
70 4 2
70 2 -5
70 -7 -6
70 -1 -3
70 6 5
70 4 -8
70 2 5
70 -8 8
70 -1 0
70 4 2
70 2 -5
70 -7 -6
70 -1 -3
70 6 5
70 4 -8
70 2 5
70 -8 8
70 -1 0
70 4 2
70 2 -5
70 -7 -6
70 -1 -3
70 6 5
70 4 -8
70 2 5
70 -8 8
70 -1 0
70 4 2
70 2 -5
70 -7 -6
70 -1 -3
70 6 5
70 4 -8
70 2 5
70 -8 8
70 -1 0
70 4 2
70 2 -5
70 -7 -6
70 -1 -3
70 6 5
70 4 -8
71 2 5
71 -8 8
71 -1 0
71 4 2
71 2 -5
71 -7 -6
71 -1 -3
71 6 5
71 4 -8
71 2 5
71 -8 8
71 -1 0
71 4 2
71 2 -5
71 -7 -6
71 -1 -3
71 6 5
71 4 -8
71 2 5
71 -8 8
71 -1 0
71 4 2
71 2 -5
71 -7 -6
71 -1 -3
71 6 5
71 4 -8
71 2 5
71 -8 8
71 -1 0
71 4 2
71 2 -5
71 -7 -6
71 -1 -3
71 6 5
71 4 -8
71 2 5
71 -8 8
71 -1 0
71 4 2
71 2 -5
71 -7 -6
71 -1 -3
71 6 5
71 4 -8
71 2 5
71 -8 8
71 -1 0
71 4 2
71 2 -5
71 -7 -6
71 -1 -3
71 6 5
71 4 -8
71 2 5
71 -8 8
71 -1 0
71 4 2
71 2 -5
71 -7 -6
71 -1 -3
71 6 5
71 4 -8
71 2 5
71 -8 8
71 -1 0
71 4 2
71 2 -5
71 -7 -6
71 -1 -3
71 6 5
71 4 -8
71 2 5
71 -8 8
71 -1 0
71 4 2
71 2 -5
71 -7 -6
71 -1 -3
71 6 5
71 4 -8
71 2 5
71 -8 8
71 -1 0
71 4 2
71 2 -5
71 -7 -6
71 -1 -3
71 6 5
71 4 -8
71 2 5
71 -8 8
71 -1 0
71 4 2
71 2 -5
71 -7 -6
71 -1 -3
71 6 5
71 4 -8
71 2 5
71 -8 8
71 -1 0
71 4 2
71 2 -5
71 -7 -6
71 -1 -3
71 6 5
71 4 -8
71 2 5
71 -8 8
71 -1 0
71 4 2
71 2 -5
71 -7 -6
71 -1 -3
71 6 5
71 4 -8
71 2 5
71 -8 8
71 -1 0
71 4 2
71 2 -5
71 -7 -6
71 -1 -3
71 6 5
71 4 -8
71 2 5
71 -8 8
71 -1 0
71 4 2
71 2 -5
71 -7 -6
71 -1 -3
71 6 5
71 4 -8
71 2 5
71 -8 8
71 -1 0
71 4 2
71 2 -5
71 -7 -6
71 -1 -3
71 6 5
71 4 -8
72 2 5
72 -8 8
72 -1 0
72 4 2
72 2 -5
72 -7 -6
72 -1 -3
72 6 5
72 4 -8
72 2 5
72 -8 8
72 -1 0
72 4 2
72 2 -5
72 -7 -6
72 -1 -3
72 6 5
72 4 -8
72 2 5
72 -8 8
72 -1 0
72 4 2
72 2 -5
72 -7 -6
72 -1 -3
72 6 5
72 4 -8
72 2 5
72 -8 8
72 -1 0
72 4 2
72 2 -5
72 -7 -6
72 -1 -3
72 6 5
72 4 -8
72 2 5
72 -8 8
72 -1 0
72 4 2
72 2 -5
72 -7 -6
72 -1 -3
72 6 5
72 4 -8
72 2 5
72 -8 8
72 -1 0
72 4 2
72 2 -5
72 -7 -6
72 -1 -3
72 6 5
72 4 -8
72 2 5
72 -8 8
72 -1 0
72 4 2
72 2 -5
72 -7 -6
72 -1 -3
72 6 5
72 4 -8
72 2 5
72 -8 8
72 -1 0
72 4 2
72 2 -5
72 -7 -6
72 -1 -3
72 6 5
72 4 -8
72 2 5
72 -8 8
72 -1 0
72 4 2
72 2 -5
72 -7 -6
72 -1 -3
72 6 5
72 4 -8
72 2 5
72 -8 8
72 -1 0
72 4 2
72 2 -5
72 -7 -6
72 -1 -3
72 6 5
72 4 -8
72 2 5
72 -8 8
72 -1 0
72 4 2
72 2 -5
72 -7 -6
72 -1 -3
72 6 5
72 4 -8
72 2 5
72 -8 8
72 -1 0
72 4 2
72 2 -5
72 -7 -6
72 -1 -3
72 6 5
72 4 -8
72 2 5
72 -8 8
72 -1 0
72 4 2
72 2 -5
72 -7 -6
72 -1 -3
72 6 5
72 4 -8
72 2 5
72 -8 8
72 -1 0
72 4 2
72 2 -5
72 -7 -6
72 -1 -3
72 6 5
72 4 -8
72 2 5
72 -8 8
72 -1 0
72 4 2
72 2 -5
72 -7 -6
72 -1 -3
72 6 5
72 4 -8
72 2 5
72 -8 8
72 -1 0
72 4 2
72 2 -5
72 -7 -6
72 -1 -3
72 6 5
72 4 -8
73 2 5
73 -8 8
73 -1 0
73 4 2
73 2 -5
73 -7 -6
73 -1 -3
73 6 5
73 4 -8
73 2 5
73 -8 8
73 -1 0
73 4 2
73 2 -5
73 -7 -6
73 -1 -3
73 6 5
73 4 -8
73 2 5
73 -8 8
73 -1 0
73 4 2
73 2 -5
73 -7 -6
73 -1 -3
73 6 5
73 4 -8
73 2 5
73 -8 8
73 -1 0
73 4 2
73 2 -5
73 -7 -6
73 -1 -3
73 6 5
73 4 -8
73 2 5
73 -8 8
73 -1 0
73 4 2
73 2 -5
73 -7 -6
73 -1 -3
73 6 5
73 4 -8
73 2 5
73 -8 8
73 -1 0
73 4 2
73 2 -5
73 -7 -6
73 -1 -3
73 6 5
73 4 -8
73 2 5
73 -8 8
73 -1 0
73 4 2
73 2 -5
73 -7 -6
73 -1 -3
73 6 5
73 4 -8
73 2 5
73 -8 8
73 -1 0
73 4 2
73 2 -5
73 -7 -6
73 -1 -3
73 6 5
73 4 -8
73 2 5
73 -8 8
73 -1 0
73 4 2
73 2 -5
73 -7 -6
73 -1 -3
73 6 5
73 4 -8
73 2 5
73 -8 8
73 -1 0
73 4 2
73 2 -5
73 -7 -6
73 -1 -3
73 6 5
73 4 -8
73 2 5
73 -8 8
73 -1 0
73 4 2
73 2 -5
73 -7 -6
73 -1 -3
73 6 5
73 4 -8
73 2 5
73 -8 8
73 -1 0
73 4 2
73 2 -5
73 -7 -6
73 -1 -3
73 6 5
73 4 -8
73 2 5
73 -8 8
73 -1 0
73 4 2
73 2 -5
73 -7 -6
73 -1 -3
73 6 5
73 4 -8
73 2 5
73 -8 8
73 -1 0
73 4 2
73 2 -5
73 -7 -6
73 -1 -3
73 6 5
73 4 -8
73 2 5
73 -8 8
73 -1 0
73 4 2
73 2 -5
73 -7 -6
73 -1 -3
73 6 5
73 4 -8
73 2 5
73 -8 8
73 -1 0
73 4 2
73 2 -5
73 -7 -6
73 -1 -3
73 6 5
73 4 -8
-1 -1 -1
69
27
31
29
39
45
30
70
63
34
4
14
71
38
11
41
37
36
8
26
1
51
73
59
41
53
28
7
68
48
72
47
47
22
17
34
15
37
56
32
3
10
25
62
21
55
29
23
46
16
52
9
18
66
6
35
12
65
19
43
6
61
67
0
58
42
13
57
40
2
72
24
60
33
